-0.02613687
0.5482842
0.2016443
0.6045628
0.4607101
-0.002350328
-0.004732328
0.2140303
-0.6805426
-0.5114039
;
-0.04695501,0.3524936,-0.07338501,0.3966669,-0.0383058,-0.07676174,0.3275303,0.7301407,-0.09877175,0.3306352
0.0464941,0.00672301,-0.1826593,0.5311132,-0.04095981,-0.1664479,0.01025903,-0.07512345,-0.02252151,0.1135564
-0.06211113,-0.09419796,0.4029392,0.1489639,-0.2791871,0.02883223,-0.3565657,-0.9343894,0.4944437,0.08363268
0.2438857,0.001562851,0.03052749,-0.04696376,-0.1663792,0.01258641,-0.2300456,-2.823691E-06,-0.4568591,0.2299601
-0.08163067,0.008823344,-0.3182963,-0.2523029,0.4793744,-0.2049279,-0.2675226,-0.4236276,-0.3374968,0.04456168
0.4183527,0.4481623,-0.4134301,0.2183803,-0.06683248,1.134211,0.06074029,-0.3736849,1.051428E-05,0.03265053
-0.001710276,0.02920355,-0.4188245,0.5069868,-0.06629325,0.05872019,0.01205215,-0.2657098,-0.09773284,0.3006434
-0.2566147,-0.1771978,-0.4311669,-0.9509139,0.07454805,-0.05311531,0.3583281,0.2307191,-0.6302221,0.5044909
-2.090863E-05,0.2230049,0.0001637034,-0.4327414,-0.01158497,-0.05352446,-0.2161741,-0.1496813,-0.4313027,0.4817653
0.0283298,-0.008815541,-0.4996799,-0.1511721,0.3512596,0.6843755,-0.1220319,0.04222388,-0.07812429,-0.1973009
;
-0.003934801,0.2141888,-0.3459016,1.08443,0.2409005,0.05422741,-0.5348461,0.0005792513,0.1280901,0.1617272
0.8045372,0.0132778,-0.1969797,-0.07189959,1.080948,0.4746407,-0.2526242,0.4347574,0.06464286,0.007680766
;
0.02229504
-0.4060521
0.4510833
0.1055086
0.09395809
0.1808905
-0.1746982
0.08132751
-0.4154937
0.01253788
;
0.1328282,0.10362,0.1492393,0.001823303,0.3743284,-0.053154,-0.05130702,-0.3232684,-0.4491262,0.04976977
-0.05453795,1.359609,-0.03242344,0.06713168,0.1111999,0.1135702,-0.2535746,0.3502128,0.008898987,-0.01121121
-0.161656,0.2689204,-0.01483254,0.02402249,-0.08065537,0.126303,-0.0949914,-0.02409106,-0.2229696,-0.0609702
-0.001793501,-0.06241995,0.007176382,-0.1258434,0.3149036,0.249197,0.04333897,0.08911543,0.06203697,0.04262853
1.189721,-0.3113481,-0.05189455,-1.098381,0.02587861,0.01201661,-0.1140153,-0.1404977,-0.2518904,0.05931671
-0.1265455,-0.02998397,-0.2387257,0.1314238,0.09948281,0.400402,-7.575973E-05,-0.01408693,-0.02774186,0.7733305
-0.3251233,-0.02417257,0.0005793577,0.695744,0.06704729,-0.07269603,-0.1814067,0.4801211,0.03233328,-0.3353374
0.07221053,0.3119242,0.149931,0.06606103,-0.05404836,-0.4887546,0.7016516,0.2334896,0.02220851,-0.4111554
-0.1350785,-0.03816101,0.08686322,0.686166,-0.0007813607,-0.3858018,0.3768724,0.4148598,-0.05190699,-0.26009
0.08797306,-0.3064828,0.5647641,-0.6565723,2.497543E-06,0.07764857,-0.003363626,-0.3669252,-0.07124358,-0.004993028
;
-0.594583,-0.4057723,-0.5353435,0.003141885,0.4458275,-0.04700012,0.05808419,0.05458581,-0.4106386,0.0089714
0.03674465,-0.02788609,-0.3522553,0.03994333,-0.005514992,-0.06368977,0.3108461,-0.4144062,-0.8622745,0.07461445
0.209402,-0.1450497,0.2758819,-0.1671513,0.008239298,-0.09509207,0.4057536,0.2673957,0.01089626,0.1338092
;
