0.2408318
-0.5230849
0.3604232
0.1712874
-0.0005248439
0.02278414
-0.00678544
0.2848094
-0.7309061
-0.6487693
;
-0.8261192,-0.7108085,0.3459703,0.00153939,-0.4740019,-0.03661149,0.1757025,0.004438106,0.1035921,0.4330195
-0.7434881,0.3415335,0.1161246,-0.001409754,0.006016559,0.1869773,-0.01169293,0.09991631,-0.2012329,-0.3043579
0.4164208,0.2776259,0.1484746,-0.2792271,0.1860037,-0.254316,2.401125E-07,-0.09981633,0.006538451,0.1495645
0.9950578,0.5414082,0.641991,-0.3500547,0.1931207,-0.2869512,-0.009728492,-0.04412621,0.328025,0.07552739
-0.04420961,-0.1537587,-0.8657816,-0.1412836,-0.1680444,-0.2041397,0.0003801691,0.3617682,0.0155248,0.01536769
-0.003914223,-0.02661538,0.3734057,0.01468203,-0.001268822,0.04472338,-0.01567702,-0.09403902,0.8465391,-0.1015082
0.7313401,0.003642285,0.01537997,2.416561,-0.3028327,0.0008904165,-0.5245151,-0.4807684,0.0532002,-0.3504215
-0.004277277,-0.4519219,0.1347525,0.2795048,-0.2423368,0.3684189,0.1099159,-0.3395123,-0.423965,0.03780136
-0.05931348,0.8241913,0.07923259,0.2074404,-0.3027557,0.02222437,1.891655,0.01229566,-0.2908482,-1.469756
1.418338,-0.0454997,0.03143171,0.08999255,0.8105426,0.09359556,0.2544204,0.1454957,-0.05783552,-0.1530709
;
-0.001256823,-0.4177427,0.2598419,0.1089664,-0.4510239,-0.2174204,0.3209771,-0.5672596,0.2092607,0.005125575
-8.929079E-08,-0.3532448,0.0988453,-0.1961341,-0.3962341,0.2241537,-0.02142134,0.6664926,-0.2390338,-0.03852707
;
-0.003514569
-0.02989239
0.04670446
0.1243171
-0.06326789
0.006218668
-0.4209166
0.572327
0.08596011
0.0466285
;
-0.3803303,0.1738456,0.4668131,-0.02643733,-0.04012886,-0.0232809,0.4273554,0.01425821,-0.309767,-0.001646745
-0.4191259,-0.4701131,0.006674587,-0.08370894,0.2092325,0.1056496,-0.2044743,0.2033682,-0.7325145,-0.1303636
0.1759393,-0.1183562,-0.08382785,-0.03875401,0.1644369,0.4509754,-0.4875376,0.02726966,-0.01242671,0.4125199
-0.1910393,-0.0005284884,-0.4270331,0.06456777,0.1441421,0.0009670643,-0.4000356,0.0021103,0.09785801,0.8923417
0.2144798,0.4416043,-0.4641117,-0.3527286,-0.09315009,0.1978126,-0.2461264,-0.3058536,-0.1876673,0.1295594
0.07366571,-0.1296101,0.001228872,-0.01338643,-0.1753018,-0.12574,-0.002317243,-0.04918238,-0.02662712,-0.3254325
0.005458003,-0.2968647,-0.01114142,0.3662961,-0.9193686,-0.2678168,0.00175328,-0.1435879,0.5700669,-0.7862642
0.3465357,0.05425256,0.3639704,-0.1246674,-0.3051041,-0.3789345,0.1321077,-0.3651571,-0.004359716,-0.2463105
-0.1331409,-0.4437546,-0.0763157,-0.01285191,-0.4455732,0.08201367,0.2869814,-0.129849,-0.1354493,0.07791811
-0.359596,0.4496707,-0.0245364,0.07472202,-0.1480719,-0.03555707,0.05424649,-0.7128416,0.2367684,0.3026842
;
0.4043555,0.1971852,0.4981691,0.1688786,-0.03572367,0.2132121,0.09359884,-0.4470619,-0.1065202,0.05353462
0.3398544,-0.2339246,-0.06330799,0.2210361,-0.1279261,0.5445617,0.01146991,-0.1718188,0.09328884,0.06522732
-0.3730467,0.4267914,-0.3192364,0.1323339,0.06504876,0.01394289,0.06380741,-0.3431019,-0.08813936,-0.4659635
;
0.0118231
0.2336504
-0.4817075
0.7976729
-0.02347657
-0.0008731703
-0.03591878
-0.07528169
-0.4496654
-0.01422782
0.03672525
0.4991346
-0.1904169
-0.2176399
-0.07812721
-0.3394695
-0.1502846
-0.3995197
-0.2408939
-0.1811876
-0.2386829
0.001777526
0.1575771
-0.04710301
0.2633009
0.080355
0.1239301
0.3858861
0.02345708
0.3016571
;
-0.4449407,0.2889392,0.3929511,-0.422119,0.1377443,0.0119631,-0.013194,-0.4087123,-0.3721404,-0.3795575,0.3518209,-0.2640115,-0.2623382,0.2027991,0.2769978,-0.3563976,0.0002629936,-0.2422827,0.8412463,0.4764766,0.3403878,-0.8895651,-0.01538805,-0.01765472,0.2902696,0.2487009,-0.09020821,-0.9809737,-0.4039336,-0.1939778
-0.2370428,-0.2790789,0.3067042,0.09818113,-0.2194034,0.07898813,-0.0347249,0.4818294,0.4076298,-0.01855121,0.008829892,0.1040419,-0.03540206,-0.3679773,0.002893839,0.1740967,-0.06713063,-0.05877453,0.7478377,0.4951364,-0.4119914,0.01492464,0.3154539,-0.1414229,-0.002958613,-0.01703892,0.4183125,0.07418233,0.2874462,0.3972714
0.01913232,-0.4545543,-0.0009694821,0.35732,-0.02086488,-0.3157911,0.2842749,-0.05838886,0.1037803,0.05756799,0.2514689,0.05962594,0.9499146,0.3177617,-0.4936994,0.7149745,-0.2501018,0.4999876,0.2559345,0.1139734,-0.00309551,0.3671266,-0.004887329,-0.3214884,0.09422258,-0.5803114,-0.1785148,-0.1174863,0.4979866,-0.1062619
-0.4589089,0.1324852,0.2982014,0.3326232,0.4075804,0.1971678,-0.197942,0.2421668,-0.09256291,-0.1809947,0.4369562,0.2954396,0.2854853,0.01049709,0.4648294,-0.3115317,0.3424785,-0.4082397,0.03575514,0.2385732,-0.03323632,-0.1350929,-0.04027766,-0.2197554,0.08279537,-0.4773549,0.08348233,0.02660316,-0.03198455,-0.2993485
-0.02675918,-0.0004006028,0.139086,-0.01294431,-0.3562133,0.5516608,0.2795862,0.2489792,0.3534478,-0.08077689,0.178176,-0.003324232,-0.1148034,-0.08638719,-0.1508221,-0.0001260675,0.0292521,-0.02528112,-0.1707983,0.003927258,-0.8506,-0.03969492,0.391493,0.03651822,0.210879,0.04180934,0.04487962,-0.3506416,0.195624,0.223567
0.1947957,-0.6789103,0.1960512,-0.0003717854,0.07369946,0.02371485,-0.2110339,1.303977E-05,0.4603291,0.2739103,0.05447588,-0.4823362,-0.09265257,0.01708362,-0.4771228,0.01501607,1.024517,-0.08113562,0.02880484,0.02102167,0.7417851,0.1339238,0.1527279,-0.2923505,-0.39244,0.5589331,0.06199824,-0.4187895,-0.4378281,-0.04174443
-0.2739099,0.002414375,-0.03032368,-0.2844668,-0.01275219,-0.4508624,-0.433323,0.3721582,0.4461977,-0.1523112,0.3159254,0.3787899,-0.1707866,0.08989634,0.1774435,0.05460292,-0.119552,-0.116143,0.03216315,0.4443198,0.4761142,-0.5936574,0.2258117,0.001173673,0.1116613,-0.3426487,-0.08470359,-0.1713351,-0.4823745,-0.473388
-0.2374491,-0.007054838,0.002202571,0.01244932,-0.1148089,0.002908885,-0.7097242,0.4892913,0.3124732,-0.4143107,-0.342347,0.09209864,0.4464004,0.03167695,-0.1435688,-1.388582,0.2415134,0.0007209256,-0.3321469,0.3752127,0.2382444,0.2098749,0.1283792,-0.02646081,-0.1024219,-0.08955508,-0.01742217,-0.02920013,0.4820943,0.2959514
0.01003895,-0.03792018,-0.06801295,0.1329141,0.0004684947,0.08434503,-0.1777536,-0.1545624,-0.4609867,-0.2915709,-0.01922846,-1.005158,-0.04906435,0.1283496,-0.04066736,-0.06458014,0.3767021,0.1571242,0.1059049,0.6490446,0.0002056956,-0.2848408,0.1440986,0.02697103,0.0002071748,0.3925218,-0.2240341,0.0006976335,-0.2335004,0.4230243
0.3452034,-0.1870098,0.2207367,0.6367775,-0.3365955,-0.09915096,-0.1887809,0.2328727,0.2590251,0.04579873,0.002417883,0.3469065,-0.3395689,0.09541699,0.04636651,-1.695741,0.04968647,0.006412015,-0.004559183,0.0003868249,0.226848,-0.0416447,-0.2520119,0.01140571,0.3177948,-0.03211515,-0.1971301,-0.1982254,0.1257325,0.2544753
-0.4388351,-0.2194302,-0.01387152,-0.02353325,0.05638486,0.3082185,-0.3484257,0.4915243,0.09588701,0.1273536,-0.3796973,-0.05399595,-0.009564131,-0.5651546,0.4231488,0.006011474,-0.002339592,-0.02632278,-0.4190167,-0.006099928,-0.1925813,0.2808143,0.02572254,-0.1651976,-0.44705,-0.008759382,0.02379694,-0.05095941,0.3020223,0.2999726
-0.6188263,-0.2125385,-0.01395186,-0.1755184,0.5209898,0.09734911,-0.1562976,0.002054219,-0.0231245,-0.09359168,-0.003455008,-0.2246338,0.04334718,0.002898925,-0.8349949,-0.1214064,0.07552999,0.2830672,-0.08706576,-0.02540654,0.4624478,0.4267246,0.03795361,0.4216217,0.444129,0.003771652,0.01982266,-0.4100947,-0.01635502,-0.1535957
-0.266115,0.4646697,-0.1469157,-0.4563334,0.1337759,0.1783208,0.001664692,0.001165998,-0.2302243,-0.2818615,0.131909,0.1822893,2.061278,7.839785E-05,-0.2390211,-0.02564005,-0.4202061,-0.1288499,-0.02969571,-0.4804924,-0.2366708,0.2731402,0.1476381,-0.004599988,-0.006683309,-0.01743563,-0.00352932,1.726373,-0.7488858,0.1985464
-0.5554805,-0.01453143,0.2370335,-0.4921465,-0.4532011,-0.2075834,0.07473874,0.0315083,-0.1370084,-1.345774,0.003392975,0.08391595,-0.2749659,-0.1954379,0.2139441,-0.3421919,0.4310147,-0.1362917,-0.624359,-0.2853218,0.4402684,-0.07793304,0.07972997,-0.275425,-0.1317428,0.2740158,0.03472509,0.4961069,-0.1206888,0.3643343
-0.2087629,0.4918096,-0.4695389,-0.05381985,-0.2760767,0.109331,0.3300263,-0.1343578,0.3956869,0.2959912,-0.06107217,-0.4134871,0.2722514,-0.1129801,0.2104252,-0.4012867,0.09028092,-0.3435565,0.2335377,0.3393642,0.2769953,0.3492786,0.3549697,-0.00905777,-0.1247245,0.3565569,0.0102594,-0.3949047,0.1283845,0.3556249
-0.258057,-0.04722623,-0.1446208,-0.4394225,0.445763,-0.7071438,0.01455897,0.4263224,-1.401001,-0.01890199,-0.263783,-0.1405441,0.3772144,1.35723E-05,-0.1194841,0.1082922,0.05270155,-0.008055753,0.07456686,0.527372,-0.01779372,-0.09426898,0.02276845,0.1749362,0.2252044,-0.0005004834,0.2738203,0.08211488,0.982273,0.01667305
0.1909811,-0.05038297,0.4428733,0.2395964,0.01743451,0.08637142,-0.04144834,0.1198123,-0.2033779,0.002484869,-0.3080465,-0.002784085,-0.000164699,0.2298087,0.6064733,-0.0166786,0.2289968,-0.025947,0.2520067,-0.002007658,-0.3144048,0.03159503,-0.1015947,0.414902,-0.1886579,0.07508057,0.07832966,0.7256506,-0.3071805,0.05205005
-0.182117,0.01980054,0.8703319,-0.007132058,-0.2118259,-0.176618,-0.0005295954,0.7007639,-0.3679117,0.1356035,-0.145113,-0.2480506,-0.07530095,-0.4916774,0.005538865,0.2419752,-0.1300289,-0.05925154,-0.05512077,-0.3712248,-0.004200303,-0.3394152,0.06894988,-0.4247775,-0.1593275,0.4962945,-0.3293173,-0.02690091,0.1435542,0.2538417
0.218379,0.006928358,-0.0980664,0.4593219,0.302812,-0.08280096,1.059902,-0.1538421,-0.2131466,0.0158692,0.2298518,0.1030294,-0.007728173,-0.1044034,-0.583995,0.9040793,0.06750964,-0.02192195,-0.005804638,-0.01912701,0.08864703,-0.0004346865,-0.02728811,-0.003247482,-0.02651867,-0.153484,0.3262852,0.001475172,0.01216751,0.0003255144
0.2672324,-0.02162336,0.1106905,0.3963694,0.2077339,-0.3885591,-0.4100642,-0.0187152,-0.0855397,0.414427,-0.41076,-0.09336919,-0.1889121,0.363133,0.002069275,0.1988207,-0.3179561,1.6946,-1.34193,6.251311E-05,-0.3922912,0.3450551,-0.3363367,-0.01018639,1.011803,0.2169506,0.3532165,-0.490119,-0.7192596,-0.2351733
0.1787853,-0.3344936,0.3540026,0.0001004933,0.0006074709,-1.005263,1.330252,0.004157699,0.2755259,0.1001043,-0.03418541,-0.1322419,0.1868784,-0.04329516,0.922728,-0.3009638,-0.208751,-0.4194036,0.04187588,0.1927343,0.3063103,0.02744895,-0.4519486,-0.07162172,-0.07011645,0.2564245,-0.04752281,1.189958,0.6371843,-1.296232
0.1461823,-0.00753392,-0.0443134,0.306477,0.06259321,-0.4280411,-0.1949413,-0.4265809,0.00476085,0.1523332,0.2381776,0.294917,-0.006915051,0.2883039,-0.689673,0.3185042,-0.4151272,0.1676216,-0.3723722,0.04867512,-0.007248692,0.01176253,0.1532341,0.06514914,2.079643E-05,0.006608775,0.01510564,-0.0194327,0.4274166,-0.1815774
-0.01578862,-0.4132289,-0.07145661,0.0004979069,0.194718,-0.001821642,-0.9047881,0.2838103,-0.4605819,0.02477652,0.104523,0.5173405,0.4681328,0.03638667,-0.05403832,0.3251956,0.01868862,0.4221636,0.2803642,0.2070653,-0.3122442,0.004374461,0.08166707,-0.1591982,-0.05683127,-0.4190215,0.3139235,0.0779774,0.05403463,0.00898538
-0.4776087,-0.3338352,-0.006503642,0.2002826,0.2140711,-0.3965902,0.0038047,-0.3836409,-0.2449843,-0.2959479,0.1841206,1.052394,-0.0001966282,-0.2423252,-0.1682871,-0.3773457,0.1134451,-0.1740035,-0.06629449,-0.1246523,0.470072,-0.02658344,0.4766767,-0.05396461,-0.5663323,0.4864323,-0.3041964,-0.4963312,-0.1089082,-0.04708308
-0.2047706,-0.1103048,0.3790487,-0.8230156,0.4237355,0.4343989,-0.08714825,0.007177256,-0.3052323,-0.08658582,0.0006326885,0.02314872,-0.170036,-0.02074191,0.1111143,0.478742,-0.2316517,0.08481828,0.3472602,0.09065765,-0.4658853,0.2163614,0.04274029,-0.5245336,0.211305,2.323901,-0.06970046,0.01732793,0.001968582,-0.1947286
-0.1104259,0.1216051,0.2002258,-0.001805803,0.02813701,0.3872578,0.157889,0.1077483,-0.2432209,0.06350172,0.004207631,-0.03046843,0.05732304,0.01539326,0.6179371,0.08367103,0.2107166,-0.07251423,-0.01359263,-0.3370829,-0.4415121,-0.05540963,-0.3411696,0.1194893,-0.06493051,0.111364,-0.4263377,-0.1675829,0.0001966414,-0.0007249254
0.40666,-0.08060035,0.008015965,-0.4025384,0.008534125,-0.107422,0.6893527,-0.09671049,-0.3979552,-0.1642043,0.02637243,0.2852437,-0.5207844,0.3879187,-0.6933439,0.111373,0.1051969,-0.4778328,0.32991,0.3661348,0.1140185,0.01121829,0.1073339,0.07825122,-0.2848347,-0.3344669,-0.4534292,-0.005780227,-0.3818976,0.1620569
-1.10833,-0.1864168,-0.4211926,0.02393537,0.1722331,-0.2940315,-0.1026001,-0.7020028,-0.1987192,0.004254106,-0.742897,-0.4212143,-0.1840703,-0.01024336,-0.4295854,-0.08336681,-0.0008478113,-0.1832408,-0.7211285,-0.1714411,-0.1998414,-2.133756,-0.09957236,0.04560035,-0.0004573223,-0.04532034,0.5862449,0.1105339,-0.2966603,-0.4797394
1.062101,-0.4230284,0.2153571,0.2824084,0.135541,0.2845644,-0.9627289,0.667433,0.4723538,-0.01791638,0.1382661,-0.2747163,-0.0002805377,-0.4014962,-0.6008668,0.5489556,0.01251441,0.2424737,-0.6430333,0.2273419,0.1460535,0.2077498,-0.003812379,-0.007249412,0.265693,0.105193,0.3643926,0.0727851,-0.01858065,-0.003184825
-0.1852681,0.8212845,-0.1969098,0.06467015,-0.007428267,-0.3882851,0.04349167,-0.06827515,-0.003044388,0.4865129,-0.003181551,-0.2810525,0.2824972,0.04772308,-0.01235725,0.0250956,0.01639428,0.115143,0.1472204,0.01730479,-0.7096416,-0.06773493,-0.02936071,0.03761451,-0.398514,0.00720437,0.004766456,0.3066801,0.48807,0.1991394
;
0.2156568,-0.05042233,0.2041727,-0.5509215,0.02085411,-0.0009129571,-0.3906105,0.006169396,0.8256174,0.2280462,-0.02423646,-0.2554693,0.1659636,0.2687557,0.423974,-0.3866687,0.2435105,-0.001229857,-0.0007401178,-0.0487017,0.2270822,-0.06201548,-0.2297736,0.3621432,-0.3905323,0.007588618,-0.04418711,0.02330806,-0.09131294,0.05011531
-0.05375177,0.02487074,0.7346256,-0.2010391,-0.09274453,-0.02104199,-0.02907506,-0.147376,0.1153182,-0.000899141,-0.1566009,0.01592704,-5.54809E-05,-0.0007710324,-0.1905481,0.2201661,-0.0005078728,0.01738125,-0.3808658,0.2141597,-0.02849526,0.06086738,0.6179953,0.4323432,-0.01331461,0.01715344,0.4493145,-0.01851863,0.2096305,-5.755649E-05
0.239885,-0.2794729,0.2949256,-0.2300596,-0.003555718,-0.0690487,-0.09360796,0.001482123,-0.7966207,-0.527727,-0.6565992,0.1273113,-0.7306373,0.2136515,-0.01768225,-0.3761528,-0.02584543,-0.08066458,-0.236334,-0.02622384,-0.004826773,-0.4728568,-0.2576072,-0.128071,-0.3793341,0.2124682,0.09511572,-0.02728291,-0.5533441,-0.3670299
;
-0.0174655
0.1606192
0.4866836
-0.009905198
-3.709047E-07
-0.260734
-0.07196724
0.4743814
-0.2996117
0.1589853
0.320846
-0.01246835
0.4216062
0.001474444
-0.3785288
-0.001649439
-0.1094411
0.009631574
0.3126344
-0.03806299
-0.1938352
-0.07704109
0.02549423
0.4184315
-0.3410043
-1.334538
-0.3467073
-0.1666521
0.2562071
0.3154029
;
-0.3904871,-0.8500276,-0.3384516,-0.1559969,0.750161,1.145003E-05,-0.4366834,-0.09438819,0.2479092,-0.4272063,-0.1939203,0.1999628,-0.05676183,-0.302245,-0.2005221,-0.1556282,0.01153619,-0.02506705,0.09995311,-0.06230798,-0.1049645,0.3359306,0.08800184,-0.05343432,0.04383881,-0.07687825,-0.2933556,-0.008504434,0.0104937,-0.3553352
-0.351682,0.02400976,-0.4445031,0.0658583,0.07260591,0.008479699,0.1001946,-0.02193194,0.4692017,-0.3220336,0.0401081,-0.006338524,-0.4711769,-0.0001557543,-0.2670633,0.03579367,-0.03935546,0.4766353,0.4977114,0.3185933,-0.5833465,0.3526269,0.0262745,0.02369076,0.03177265,-0.2975853,0.1267369,0.158282,-0.1075639,0.2731663
0.0005784414,0.8685354,-0.0957759,0.3117658,0.04447955,0.009676151,1.608946,-0.1242489,0.2833596,-0.02910647,-0.4950993,-0.1490291,0.008151092,0.4526349,-0.7218145,-0.7589257,-0.4223228,-0.06683242,-0.01671098,0.07551866,0.1546525,0.274134,0.1239024,-0.2353149,0.2909416,-0.3842328,-0.395485,-0.1404928,-0.3101599,-0.03461891
-0.1159095,0.01666003,-0.2623541,-0.08228254,0.3448913,-0.1987597,-0.09981948,3.211253,-0.1094613,0.01360923,0.11603,0.01892632,0.01187819,0.2440057,-0.02937157,0.02119973,0.1741075,0.2723517,0.3970928,-0.4184247,-0.05633633,0.01035374,0.0009836283,0.01764081,0.2939874,0.04950969,0.448776,-0.2093199,0.02393947,-0.3078547
0.01450016,0.07767347,0.2422533,-0.0006241326,0.9371188,0.000978201,-0.2981235,-0.1364062,-0.09527299,0.1591024,-0.1998642,0.1264883,0.4363875,0.2966949,-0.03857874,-0.0004667054,-0.3168623,0.2073182,-0.5785977,-0.06559619,-0.06313577,-0.1280275,0.005851858,0.03711751,0.3220656,-0.1616704,0.1355876,-0.1278773,-0.1107437,0.4519757
-0.1183707,-0.1113834,-0.4780332,-0.08993826,-0.2059173,-0.1723645,0.4878092,0.4781196,0.2572035,-0.3874371,0.3742293,1.448887,-0.003099376,-0.4740938,0.3225472,0.1374884,-0.2840508,0.01648717,-0.3585492,0.001999402,-0.2848113,-0.156271,-0.01307591,-0.03133219,-0.07009631,-0.5054522,-0.07419366,-0.008723744,-0.1250632,-0.06251036
-0.05557062,0.07663859,-0.06623627,-0.4919358,0.0004049226,-0.01106593,0.0003829372,-0.08687693,-0.1784469,-0.01275108,0.05417055,0.07394173,-0.07486278,0.1593844,0.2372057,-0.1153369,-0.2592247,0.1959949,0.007910217,-0.3735448,-0.1544859,0.1166014,0.2742716,-0.09960014,-0.4423584,0.02258557,-0.0158382,-0.007968467,0.1104467,0.03207633
-0.09607607,0.09733269,-0.1544581,-0.1872961,0.2731897,-0.7500499,0.6586577,-0.1171364,-0.3054687,0.1673079,0.1274174,-0.1173101,-0.1264686,-0.001820283,-0.2536035,0.4746464,-0.4570601,0.4380681,-0.4986835,0.04844727,-0.0256996,-0.2231558,0.07043141,0.0009141715,0.03558476,0.4336725,0.0001105097,-0.2270249,-0.3284937,-0.3770997
0.5127305,-0.4594163,-0.06310728,0.6007465,-0.008273603,0.1313705,0.3021186,-0.5344459,0.2310141,0.0007986818,0.2080205,-0.03302997,-0.02720597,0.07533387,0.2908652,-0.2433701,0.4586513,-0.3719935,-0.02029267,0.06704406,-0.1899465,-0.06107287,0.454648,-0.3272848,-0.1754545,-0.01988539,0.04777272,0.7343735,0.07994515,0.2460749
-0.01714383,0.01147097,0.6187912,0.03834934,-0.1727998,0.3081697,-0.04309862,-0.7550608,-1.654062E-05,0.1783812,-0.516244,-0.2036984,-0.04712212,-0.2250818,-0.2779195,0.09837238,-0.4685477,0.2916039,0.2679353,-0.3826039,-0.2366039,-0.04045709,0.002094314,0.08989054,0.02807418,0.1028987,-0.0463509,-0.2146423,0.2906011,-0.5175787
-0.02171041,0.04014105,0.4004788,0.2454964,0.4690315,-0.00202666,0.1389652,0.4761707,0.195288,-0.2088565,0.8137283,0.5356443,-0.2185513,-0.07994775,-0.497677,-0.6866413,0.03920388,-0.2458127,0.1388975,-0.01304977,0.1301294,0.02986736,0.01032289,0.406402,0.2634857,0.4441044,-0.4367254,-0.1934872,0.2358742,-0.2442011
-0.03923817,-0.0005814686,0.01599084,-0.05939931,0.06288683,0.09383193,-0.02303451,0.1965172,0.09307986,0.02949653,0.2684079,-0.03706568,-0.03416023,-0.3371248,0.01248742,-0.04732418,0.0004222767,0.06412721,-0.1989305,-0.5739967,0.06860518,-0.8181045,0.3578702,-0.05751138,-0.3621917,0.005150646,-0.4079419,0.327389,0.005457576,-0.000483093
1.798343,0.3485563,-0.4182305,-0.07293028,-0.2268791,-0.003478328,-0.05360384,-0.1040474,0.05597268,-0.02175952,-0.06157564,-0.08956426,0.4131528,0.1390457,-0.004012727,-0.3763954,-0.3558049,0.02140778,0.2638749,0.001473012,0.0965604,0.06789604,-0.0257582,0.1220334,-0.2619161,-0.3140808,0.1856962,-0.09476453,0.14721,0.2493687
-0.0361523,-0.2238409,-0.049145,-0.1504956,-0.3171788,0.00441373,-0.1696563,0.4606478,-0.06982154,-0.9269645,-0.1898967,0.1342803,-0.4770157,0.4120824,-0.0001852843,-0.02485329,-0.1468063,-0.1538382,0.08676444,-0.3408739,-0.02213818,-0.4960989,-0.003444982,0.7496429,0.005581689,-0.1736335,0.1751005,0.2348105,0.05459148,0.2376089
-1.348276,-2.257536,-0.1090172,-0.04425731,-0.1108567,0.1154163,-0.2647657,0.02782957,0.1601689,0.2266033,0.2781802,0.3189059,-0.06185145,0.08423599,-0.485682,0.02437788,-0.1921246,0.1336145,-0.09075322,0.2828228,-1.210995E-05,0.3630286,0.1609586,-0.1313814,0.01307272,0.3550025,-0.4729038,-0.470803,-0.38888,0.02342123
-0.02264192,0.4090766,0.2454648,0.04785255,-0.3331504,0.0004824556,0.2433921,0.09454829,-0.1073528,-0.04977166,-0.3125839,0.3483813,0.1516429,-0.1865981,0.09999031,0.4297746,0.4731883,-0.03338591,0.02519077,-0.1865662,-0.2502352,-0.1927055,-0.34234,-0.2565421,-0.1726813,-0.5221803,0.02453971,-0.3848451,-0.2349101,-0.0778169
0.3564811,0.2642687,-0.02729074,-0.2822822,0.0008967302,0.0379926,-0.2051442,-0.2604134,-0.1151722,1.071583,-0.2044207,-0.1954212,0.236304,-0.4761882,0.02751468,-0.05648501,-0.05212623,-0.08637351,-0.2663478,-0.00902583,-0.04178675,-0.3842292,-0.1401456,-0.2802523,0.0003090551,-0.7307824,-0.8388469,0.5465192,-0.5297805,0.04191166
0.0370062,0.1343751,0.3028859,-0.05002825,-0.07437688,-0.255119,-0.4922788,-0.1956992,-0.4206161,-0.2159885,-0.08297724,-0.0166767,0.5251744,-0.119183,-0.03802496,-0.3402729,-0.00253851,0.006380599,0.01057429,-0.02556468,-0.1843799,0.2737608,-0.1850046,-0.268175,-0.3365009,-0.1635064,0.3683056,-0.01613647,0.2411712,-0.4146284
0.2685034,0.3865042,0.1674287,-0.2503638,-0.002972838,0.02996485,0.404228,-0.06197673,-0.219111,-0.03815955,-0.1720331,-0.1077421,0.3097438,0.297752,0.06761616,-0.2331742,-0.009071653,0.06652778,0.4879568,0.02341428,0.002503069,-0.4304878,-0.1932072,-0.08393428,0.04145042,-0.1808639,0.002567538,0.4302977,0.05456319,0.05323603
-0.06952664,0.4719763,-0.2511222,-0.4822191,-0.1045015,0.0638599,-3.451292E-05,0.2653866,0.1105017,-0.07180942,-0.09056911,-0.1760065,0.4094933,0.1254263,-0.06751685,-0.07519121,-0.1176124,0.1015135,0.4824106,-0.06758159,0.2857324,-0.3898931,-0.2304643,0.1478944,0.1221028,-1.957005E-06,-0.3789013,-0.07015914,-0.1852614,0.4822146
-1.712418,0.07624318,-0.3393142,-0.02138824,0.1721797,0.07151078,0.5408731,-0.003263922,-0.08950964,-0.1229958,0.4045522,0.1050274,-0.3752755,-0.03138979,0.1426036,0.01548381,0.129558,-0.02598168,0.001761495,-0.01272433,-0.004971104,-0.1496109,-1.027779,0.264212,0.0139471,0.352243,-0.3921133,-0.002421439,-0.004383876,0.4660093
0.1099383,-0.1578888,0.3156151,0.4180107,-0.3672816,-0.1036634,0.1361176,0.01368504,-0.08243072,0.01407784,-0.1518988,-0.007490924,-0.01329411,-0.2374296,0.2709248,0.4874729,0.05515908,1.369364,0.7088248,0.0795004,-0.4304296,-5.013149E-05,-0.4113725,0.006157062,-0.00602106,0.3476706,-0.1677548,0.3491316,0.007265806,0.09851197
0.1932611,0.09775984,-0.3926324,-0.1021142,-0.5498244,-0.1846096,-0.3054771,0.4023995,-0.6486132,-0.4858992,-0.1957469,0.5737188,-0.04336184,-0.3790689,0.4772282,-0.203617,0.3365231,0.008174891,0.3217973,0.9004031,0.01000122,-0.4214758,9.255726E-05,0.1077671,-0.02499043,0.2846868,0.1289657,-0.05929321,-0.3400439,0.01831095
-0.2355862,0.4960891,0.05046934,0.8236365,0.213189,0.04707947,0.7220901,0.03109458,-0.02855807,-0.01452294,-0.07797044,-0.273998,-0.002586251,-0.492887,0.05062745,-0.4575198,0.3529581,0.04099737,0.01184661,0.4148169,-0.08164807,0.02133468,0.07923645,-0.1048404,0.01651543,0.06924266,-0.004167287,0.009849847,-0.4201066,-0.3475875
-0.02777291,-0.2614641,0.3760408,-0.2275677,-0.1518324,0.4255309,-0.5882593,-0.2052642,0.03523813,1.003651E-05,0.01527656,-0.01700214,0.05449922,0.3789465,0.3044422,0.03573817,-0.4366094,0.03336279,-1.148829,0.1527518,-0.009635967,0.06141406,0.3435252,0.0851866,0.2747026,0.05579871,0.18,0.1167474,-0.08913638,-0.1567089
-0.001190756,-0.09564561,-0.2095096,-0.04691718,0.142368,-0.3574774,0.2649,-0.003081767,0.562941,-0.4782749,-0.0002582906,0.8534728,0.01560331,0.4849434,0.3675088,0.3298154,0.4070465,0.08577114,2.071908,0.3025154,-0.4280123,0.3114198,0.1896797,-0.1769564,0.02790918,-0.1935447,0.02523827,-0.04601715,-0.1333859,0.4820801
-0.2019214,0.5032704,0.1890555,0.0526434,-0.1039933,-0.01338156,-0.0007227256,-0.2597098,-0.02871727,0.01572567,-0.1983592,-0.1698407,0.581373,0.01354387,0.001874183,-0.8664987,0.003005906,0.007631759,0.05991643,-0.4917035,-0.02448467,-0.363362,0.1276486,0.01968456,-0.9449772,-0.1408871,0.007804928,-0.1242359,-0.004814728,0.2442175
-0.4683452,0.4482483,-0.0203419,0.06852868,-0.2885877,0.006208871,0.0588613,0.05424947,0.004493302,-0.2829584,0.4539681,0.3025205,0.2432179,-0.01650732,-0.001502197,0.4412133,0.01820939,-0.09872801,0.4469732,0.1707285,-0.0009459541,0.5569539,0.2058236,0.157716,-0.05580532,0.2586837,-0.3533826,0.2773028,0.3581086,-0.03890068
-0.1923615,-0.0007981221,0.0585888,-0.4057548,-0.540181,0.05971017,0.02247797,0.4104737,-0.02345896,0.0613313,-0.006472618,-0.002961262,-0.1970067,0.4384531,-0.2629431,-0.3724539,0.005857603,0.3835441,-0.4878128,0.03619907,0.01589672,-0.3976643,-0.1428799,-0.2815207,-0.2558846,-0.02016779,-0.385543,0.0008397698,0.4383071,0.4160469
0.1713945,0.2668005,-0.001701508,0.05342381,-0.03648749,-0.1938543,-0.07749258,-0.002574345,-0.1459243,0.2743448,-0.2721274,-0.4050454,-0.3201253,-0.221034,-0.005210742,0.05240077,-0.6807467,0.4418313,0.129303,-0.01806596,0.2372718,0.3705137,0.00115174,-0.1620809,-0.01120821,0.06514136,0.1370476,0.1359008,0.168317,-0.005687302
;
-0.218734,0.4258062,0.3300136,0.2352815,0.8555201,0.04270004,-0.3677151,0.3993453,0.3823886,0.08418743,-0.4969033,0.09369601,0.2467972,0.02002702,-0.07536989,-0.07037814,-0.33755,-0.03157676,-0.05920642,-0.0358956,0.0003967725,-0.398618,-0.4677454,-0.1774994,-0.3844447,-0.1885963,-0.2415788,0.2578497,-0.2578208,-0.4068994
0.2120382,0.0946424,-0.008949211,-0.2477748,-0.1392996,0.07688218,0.1247473,-0.07340509,0.1405891,-0.3824872,0.0930721,0.6976526,0.07721158,0.4899297,-0.07457165,-0.002025804,0.4664547,-0.2081997,-0.404689,0.2757093,0.009297609,-0.01411392,-0.01394306,0.338365,-0.3901185,-0.02899871,0.1689352,-0.2978414,-0.1892741,-0.1941262
0.2333828,0.4687046,0.1733278,0.252773,-0.4792088,-0.2392183,-0.3846477,-0.1312016,0.0361663,-0.20044,-0.240369,0.1146296,-0.1823401,0.006983485,-0.5991528,-0.3509881,-0.100617,0.2280431,-0.1625821,0.09658521,-0.1366346,0.1144981,0.6082529,0.1375941,-0.2510096,0.120209,0.1838302,0.165684,0.3178957,-0.5136693
;
