0.1244492
0.1927925
-0.1919567
-0.01363176
-0.3042367
-0.1642299
-0.4026687
0.203367
0.2044181
0.1621574
;
0.3191797,0.05357844,0.1351905,-0.1614888,0.09537667,-0.08855242,0.02401537,0.3861439,0.1233884,0.1763102
0.2227815,-0.1092617,-0.1654591,0.0487638,-0.05643088,-0.2433726,0.2838488,0.01548356,0.1742596,0.1340387
-0.1752002,0.1369198,0.1096708,-0.09621018,0.1208636,0.03131884,0.01638681,-0.3793674,-0.2325231,0.3740414
0.03755981,-0.4057416,-0.3045162,0.1658592,-0.06815356,0.3133925,0.3888537,-0.3124447,-0.1001667,-0.06359118
-0.3873808,-0.2186291,-0.07061523,0.382905,-0.3220088,0.4520725,0.3753997,-0.38801,0.07491869,0.1591567
-0.4562237,0.4311889,-0.511214,0.1752899,-0.2416052,-0.1225751,0.06510025,-0.3192892,0.01757747,-0.4574986
-0.2221389,0.3077157,0.01281446,-0.1233005,-0.4877441,0.3565522,-0.8029463,-0.3224174,-0.3361539,-0.3035918
-0.02036172,0.4971254,-0.02113003,-0.05965418,0.09722775,0.0693149,0.203534,0.1256113,-0.4569314,0.726371
0.2779002,-0.05965859,-0.09240483,0.4691019,0.08379537,-0.1606752,0.4094207,-0.2037839,-0.2365898,0.02310365
-0.2854507,-0.5607327,0.1712266,0.1800766,0.0673731,-0.2172428,0.05714732,0.3325843,-0.4189638,-0.4817914
;
-0.2729869,0.07874447,0.04360968,0.4664968,-0.1296243,0.3547367,-0.1828139,-0.2326255,-0.3131866,0.1964073
0.2008648,0.006950557,-0.2714759,0.07707113,0.09683365,0.209383,0.2987705,0.1282146,0.4859217,0.4667546
;
0.4634813
0.02341169
0.216792
0.09681517
0.02368635
-0.348403
-0.4666915
-0.02537447
0.4755861
0.7463788
;
0.05522066,0.1299278,0.002796948,0.1989847,-0.01602357,0.3590053,-0.156112,0.1395621,-0.1808501,0.4438311
-0.4846185,0.002696574,-0.2671961,0.4519928,0.30964,-0.1168776,0.08249754,-0.2398407,-0.01722151,0.1681055
-0.1010943,-0.06091732,-0.3051929,0.2840265,-0.04061526,-0.2510985,0.05287105,-0.2661287,0.03611726,-0.1973906
-0.1536128,0.3969893,0.1486961,-0.05904752,-0.3913215,-0.1717824,0.4635519,0.02038127,-0.4347752,0.2084642
-0.1921492,0.173331,-0.2383174,0.1155292,0.1523628,-0.3076019,-0.3036159,0.3986342,-0.302786,-0.491635
0.05637354,0.2616119,-0.4978012,0.235229,0.4114943,0.4235351,-0.08358747,-0.4178457,0.252404,0.3862693
-0.2507505,0.05083281,-0.08299011,0.4279892,-0.1423836,-0.241734,-0.1448579,-0.4898567,-0.2352459,0.3145704
-0.1297613,0.4130714,0.1031448,0.3416743,0.3959849,-0.06802434,0.2925217,-0.09260815,-0.2574248,-0.05152541
-0.2484668,-0.201,0.07902592,0.2388069,0.0233863,0.1150362,0.1029033,-0.4164752,0.2888694,0.2287026
0.1063328,0.3609018,0.04407591,0.2304762,-0.4793704,-0.005570829,0.04017252,-0.1167814,-0.3958852,0.4090073
;
0.1280541,0.01072854,0.191668,-0.1037115,0.3454946,-0.0299651,-0.4208173,0.02552253,-0.4096816,0.3091823
0.268942,-0.1284291,0.2484598,-0.3789349,-0.3740852,-0.1184012,0.2269299,0.2230676,-0.07299787,0.3494642
;
-0.2219035
0.05034584
-0.0837141
-0.4855996
0.4723047
-0.1286373
0.4560946
0.2959985
0.3446774
0.1592886
;
-0.2459465,-0.4394888,0.196599,0.01602,-0.08905393,0.1640591,0.4450126,0.4043015,0.2707806,-0.1139221
0.03602463,0.4812562,0.3936437,0.1873714,-0.1298125,0.005655706,-0.1485552,0.1000296,-0.469111,0.1982338
-0.1268085,0.2352943,-0.2173048,0.2304848,-0.4555269,-0.2156785,0.4712518,-0.1004366,-0.04844195,-0.03079051
-0.4027208,-0.07452542,-0.3218135,-0.4655355,-0.4749284,0.3971393,-0.4728361,-0.2505388,0.1095302,-0.3886925
0.193956,-0.4527218,-0.2281139,-0.09516498,-0.2430812,0.2667713,0.2571765,0.2888871,-0.03855437,-0.21841
-0.3512034,0.3307128,-0.3886691,-0.4992964,-0.4297307,-0.4635764,-0.1186314,-0.09694582,0.4270762,-0.2071646
-0.3555597,-0.05615133,-0.135735,0.2510411,-0.3241454,0.1612638,-0.4899031,0.07735091,0.1079332,0.1356184
-0.04997379,0.4408263,-0.1358796,0.09965509,-0.1009666,-0.413113,0.4025259,0.05782801,0.3821243,0.4720976
-0.3236195,-0.01499552,0.6370751,-0.08243078,-0.4769,-0.1435944,0.3246174,-0.3629781,0.365695,0.05184823
0.4018698,-0.2948055,-0.2878146,0.192103,-0.3268806,0.1444895,0.1421853,-0.3913194,-0.1467624,-0.3054359
;
-0.3313011,0.1934365,-0.09568673,0.15433,-0.3161094,0.1769919,-0.362506,0.446926,0.22066,0.09950608
-0.211963,-0.001646459,-0.465212,-0.0008146167,-0.4168934,0.2845838,-0.1213891,-0.2035198,0.4895332,0.09554356
;
-0.06685525
-0.0913366
-0.01701409
-0.4828154
0.4073412
0.4749957
0.2614757
0.0006516359
-0.02946211
0.1860741
;
0.267011,0.03142731,0.5599104,-0.4308295,-0.6032152,-0.4065162,-0.1678812,-0.5935012,1.108196,0.294293
-0.3344444,0.1003941,-0.3428623,0.1933412,0.382853,0.09140097,-0.07970325,-0.1569299,0.107202,0.2756321
0.4202909,-0.1335003,-0.3707023,0.04754258,-0.2225084,-0.1371041,0.01952525,-0.1903022,0.1364953,-0.1838474
-0.09249815,0.7731483,0.06121876,-0.07958025,0.037107,-0.6893712,0.0831134,0.1010754,-0.2264458,-0.3357099
0.7496207,-0.7744991,-1.028623,-0.09942526,0.03538687,0.1870205,-0.1502033,-0.2065963,-0.5921079,0.473924
-0.1993956,0.3954397,-0.2545548,0.2003081,0.05766078,-0.1085641,0.1250951,-0.1117461,-0.1178772,0.1144682
-0.562507,0.3815094,-0.1256276,0.1659919,-0.4729121,0.2428011,-0.01301475,-0.4734391,0.03901678,-0.09550291
0.006195155,-0.350983,0.06620771,-0.09126847,0.7588807,-0.02265399,0.1173097,-0.4175123,0.4181378,-0.2985271
-0.106154,0.06314581,0.01455958,-0.1885458,-0.4576515,0.213979,-0.4427929,-0.3292271,0.3974998,0.004523294
-0.1415634,0.2660451,-0.5537846,-0.04694922,0.08713529,-0.140246,-0.0005794981,-0.2938426,-0.4762374,0.394599
;
-0.3115789,0.04880843,0.01346273,-0.02779943,0.2870547,0.203561,-0.05389204,0.346593,-0.06811151,0.278658
-0.0145325,0.03605537,-0.006803552,0.03955865,-0.2284586,0.02387947,0.4146193,0.1205733,0.0165295,0.3058984
;
0.125939
0.3760954
-1.253438
-0.2610365
-0.324746
-0.184889
0.393171
0.01914743
0.1949757
0.04297939
;
0.2257241,-0.07055062,0.3388997,0.06286222,0.1278779,1.629766,-0.3363276,0.04019594,0.1279693,-0.253516
-0.4939975,-0.2703694,-0.2064674,-0.5752162,-0.1271652,-0.1158107,-0.02323407,0.02744759,0.4814372,-0.08531278
-0.01067505,0.04506145,0.1107581,-0.4777677,-0.2343504,0.123218,-0.0001347239,0.07607438,-0.1360767,0.004578012
0.04276059,-0.2653242,-0.0001106858,0.1439751,-0.4989517,-0.04753107,-0.07062428,0.03494915,0.5059544,0.0594092
0.06190301,-0.03632063,0.8247784,0.1542905,0.1637966,0.01680393,-0.04386378,0.6001858,-0.0954828,-0.08116296
-0.6214817,0.2320508,-0.4788074,0.00860482,-0.2387162,0.1857009,-0.4513309,0.03461949,0.2119191,0.01092762
-0.2410001,0.02133373,0.1097189,0.2242893,-0.3973751,-0.007622475,-0.1847284,-0.03489625,0.2222702,0.1626611
0.4210554,-0.01194725,0.4779204,0.07220619,-0.6564161,-0.3758399,-0.2391358,0.03342528,0.4993297,0.006113897
-0.3617558,0.1899589,0.1196465,-0.2976815,-0.0120729,-0.3212644,0.2864133,-0.4711518,0.3620952,0.3114163
-0.3866097,0.002252347,0.2863166,0.8498388,0.2211375,0.1462612,0.1389174,0.504494,-0.3203308,0.8568892
;
-0.05457328,0.4298565,0.1234665,0.01774285,-0.3157463,0.2464455,0.1080595,0.3142883,-0.3061515,-0.4270077
-0.000141134,-0.05037624,0.1425119,-0.4969256,-1.329613,0.3579879,0.3227191,-0.005420268,-0.1973274,0.3220339
;
-0.1314523
0.4063674
-0.4499872
-0.2049913
0.1303718
-0.3863611
0.06890601
-0.04362899
-0.01414484
0.3144037
;
0.456077,-0.347155,0.2387973,0.008834183,0.4837112,0.2509331,-0.1637514,-0.4160643,0.3130765,0.1290157
0.1012511,-0.07908779,-0.3669535,0.3625871,-0.04562038,0.3979177,0.2190908,-0.1030121,-0.2625548,-0.4641974
0.3434324,-0.4210981,0.2182318,0.1270358,0.2097267,-0.428499,0.2207622,0.2064129,-0.3113163,0.3845419
-0.1846097,0.186493,0.07486361,0.142988,0.2609658,-0.2145014,0.3513004,-0.4023502,0.4474088,0.3676983
-0.05886537,-0.3189206,-0.395199,0.4391161,0.0003884435,-0.2130713,-0.3969427,0.3468854,-0.3904685,-0.4421014
0.1022508,0.2525636,0.311677,-0.007638395,0.02293733,-0.3079,0.1331276,-0.3387549,-0.3066946,0.00706929
0.4722465,-0.1195098,0.1152052,-0.3472825,-0.4955108,0.4315569,0.4916254,0.4569426,0.4310998,-0.2960039
-0.4270051,0.06264335,0.2622401,-0.1664848,-0.106052,-0.1870798,0.1744084,-0.4821742,0.03475744,-0.0854463
-0.1754549,0.2687271,-0.2958734,-0.06039447,0.2942293,0.2284125,0.2463742,0.2048482,-0.2392685,0.4934454
-0.4596817,0.06037706,0.117202,-0.0491789,-0.4264224,-0.1354802,0.005328,-0.417686,-0.242182,-0.09661537
;
0.4186138,0.01559907,0.4288195,0.290511,0.08170444,0.172342,0.3085687,-0.4029275,-0.3699639,-0.4414948
0.3935667,0.2345894,-0.04554826,-0.402963,0.3070002,-0.01486236,-0.2685691,0.2934654,-0.07218999,0.4658247
;
-0.2440435
0.02529483
-0.1040935
0.1996161
-0.1744781
0.1715873
0.2910048
0.2376439
-0.4281412
0.04928406
;
-0.1342542,-0.05872634,-0.1939141,0.3600992,-0.1025828,0.8037828,0.1319311,-1.070866,0.411978,-0.7686856
0.4528747,0.04739838,0.3198091,-0.0006105732,0.02892842,0.07997708,0.4763786,0.3381343,0.6084578,0.3118166
0.001144003,-0.2333829,-5.475161E-05,-0.4516243,0.2436405,0.1618484,-0.4153891,-0.08116912,0.1646995,0.03897578
-0.001407122,-0.4369994,0.2965757,-0.02776499,-0.1165769,0.6092345,0.3281515,0.3315287,-0.1665075,-0.4993953
-0.07095709,-0.4109031,0.0249119,0.3085638,-0.4742283,-0.4922302,0.4205898,0.1230742,-0.06991308,0.2126046
1.242674,0.1505026,0.4657464,0.03883868,-0.3489076,-0.0001364817,-0.01764985,0.2271983,0.02042248,0.09608353
-0.06789638,0.08805738,0.06338346,-0.03520587,0.7093222,0.4821318,0.4932799,-0.4237552,-0.463028,-0.07229847
0.228867,0.2647965,-0.3390843,0.2255416,0.1352809,-0.4024899,0.03859948,0.1495494,-0.08359252,0.03117772
-0.06380133,-0.4691843,0.05554189,-0.2718172,0.3124695,0.1346904,0.1990058,-0.1360809,0.4600822,-0.07483886
-0.0002207973,-0.4669536,0.1857775,0.486828,0.3119453,0.2553942,-0.4338965,-0.06559888,0.1617241,0.9472048
;
-0.4884663,-0.05225575,-0.00248563,-0.01749171,-0.4373314,-0.4738336,-0.2128572,0.008096443,-0.5063364,-0.01607299
-0.1356218,0.05471808,-0.09176546,0.2112919,-0.4244496,-0.4059312,0.3359901,0.02931839,0.436113,-0.06444162
;
-0.07822839
-0.1059645
-0.09626789
-0.1278974
0.6096404
0.3338437
0.1754233
0.1749845
-0.07933027
0.5115132
;
0.005324081,0.2466502,-0.2413893,0.2314142,-0.2138338,0.007998577,0.3546767,0.03492469,-0.09032062,0.01718885
-0.1712043,-0.004175902,0.3518378,-0.1711707,0.601661,-0.3207666,-0.221141,0.1291264,0.05980941,-0.3913065
0.2124301,0.06127602,-0.01048917,0.4723016,-0.1006949,0.6944035,0.005394084,-0.1669336,0.2575593,-0.3320936
-0.5748113,0.9982322,-0.02362437,0.132253,-0.03967224,-0.1871615,0.4108813,0.06794579,-0.03654138,-0.01357109
0.03911058,-0.1135831,-0.1385874,-0.1105004,0.06661677,0.004560432,-0.4343539,0.5970237,1.038834,0.03734666
0.1265349,-0.05152795,-0.273598,0.275828,0.1042593,0.4005682,0.4106085,-0.2859374,0.280134,-0.2819043
-0.8271346,-0.2094002,0.354577,-0.6276389,0.3622962,0.01624161,-0.3459841,0.03180201,0.4247134,0.0007983504
-0.4458646,-0.25003,0.02545282,-0.05051567,0.09243068,0.1269454,-0.1363689,0.1099682,0.006463357,-0.1703076
0.1488795,0.001460827,0.2376938,0.02125913,0.020017,-0.04227141,0.08680993,-0.08992587,-0.3506804,-0.1707945
-0.139525,0.01761762,-0.003055071,0.1225565,0.1045083,-0.3401034,0.3195744,-1.117514,0.4404483,-0.2117707
;
0.1371409,-0.2224699,0.2769495,0.03762912,-0.2559814,-0.00854024,-0.219533,-0.2623519,-0.09938532,0.4356382
-0.2909068,1.016757,0.258253,0.2205603,-0.1256281,0.1808722,0.4285107,-0.1355938,-0.4691952,0.3023493
-0.05290468,-0.2010676,0.05905249,-0.5693312,-0.03462061,-0.5428128,-0.5869949,-0.2706926,0.0210138,-0.01462968
;
-0.2099623
1.145459
0.6147025
0.007597586
-0.03217238
-0.3637678
0.03179139
-0.03227848
0.1510184
0.7396589
0.3574857
-0.9074697
0.1479552
0.2356279
0.0322395
-0.2739557
-0.6029359
0.4672154
0.06459742
-0.4548793
0.07711612
0.3850741
0.2580782
-0.4145298
0.3343259
-0.3065282
-0.2670759
0.128738
0.07419187
-0.2696195
;
0.01484456,0.4516987,-0.1633134,0.09561351,0.09314552,-0.002090613,0.1359029,0.2690469,0.2055933,-0.3055494,-0.3211918,0.3944788,0.04372197,-0.6554123,-0.1432384,-0.1199161,-0.1292613,-0.05283469,0.004940103,-0.1927478,0.0183626,-0.2479866,0.1742888,0.1573075,-0.07290465,0.007925212,-0.4505148,-0.3831133,0.3422775,0.1700117
-0.1460803,-0.04955886,0.1562801,0.4982439,-0.1303668,0.08355702,0.2235869,0.2056638,-0.3885205,0.02937946,-0.4134999,-0.2039586,-0.2326134,-0.04256868,0.4883109,0.2771719,0.5724872,0.3685744,-0.02235528,0.3843045,-0.2832539,1.033576,0.02278417,-0.26244,-0.155738,-0.4415078,0.373719,0.1790978,-0.1261743,0.4450293
-2.530551,0.1292404,0.2614495,-0.2120686,-0.6070296,-0.4511888,-0.4124081,0.04904369,0.04919142,-0.1702529,-0.1162071,-0.0543472,0.2050061,-0.007114797,-0.1243764,-0.3012626,-0.1045609,0.2056517,0.4414197,0.007604649,-0.2138483,0.004775864,-0.1918173,0.127468,-0.2704082,-0.1559227,-0.2760446,0.4056385,0.0115372,0.2646664
0.1945413,0.5167149,0.0967893,-0.4867976,0.3769089,-0.0167783,-0.3394686,0.16282,-0.24927,0.1607774,-0.8399565,0.4221921,-0.1230808,-0.01949255,-0.01936317,0.02824097,-0.3329953,-0.004842086,-0.2436593,0.1584203,0.2325678,0.5976255,0.3096142,0.3279126,-0.4214659,0.191701,0.9324755,0.4921361,0.1255395,-0.2562733
0.4482201,-0.006040315,-0.06970496,0.1088132,0.1355172,-0.3492311,-0.5477754,0.7880535,-0.5708433,0.4952891,-0.06958308,-0.01095717,-0.4539438,0.02103728,0.03267953,0.479392,-0.1686795,-0.1704359,0.4886899,0.2821003,-0.5013446,0.1866324,-0.2099583,0.04948229,-0.2464564,0.0924333,-0.2033406,-0.945942,-0.5024751,0.4598043
-0.1549755,0.2914984,0.008377216,0.1087045,0.01032137,-0.122866,-0.06444019,0.2341445,-0.1661825,0.3482509,-0.01847314,0.3911083,0.1286347,0.07153329,-0.2994702,0.2385374,-0.2475618,0.351787,-0.0003985763,-0.4645384,0.3855503,0.3827054,0.2430198,0.1409832,-0.205192,0.00410809,0.0132625,0.4535967,-0.32969,0.2633281
0.004210293,0.2275192,-0.5635148,-0.2961625,0.1901786,0.007270804,0.322221,-0.0004645219,-0.06296896,0.3041953,-0.02319187,0.2375012,-0.4661143,0.1899891,0.02813938,-0.3445656,0.1880326,-0.445096,-0.09152704,-0.02612144,-0.1368098,-0.01300225,-0.4632195,-0.07005967,0.4738686,0.1824641,0.1212455,0.03320907,-0.7324337,0.812664
-0.08261673,0.3870766,-0.1292452,0.5671697,-0.2930444,0.1002001,-0.3534452,-0.0101216,0.2343051,0.5614462,-0.3810239,-0.4777896,0.480657,-0.2251482,-0.1834651,0.1203933,-0.4366607,-0.01361453,-0.1735432,0.1108626,0.2814691,0.2800046,-0.315514,0.0699615,0.05774553,-0.06556314,0.8337938,0.00543777,-0.02164871,-0.05734643
-0.01877234,-0.0009358048,0.2669719,0.3710856,-0.04519429,-0.09350544,-0.02216655,0.07159583,0.8267844,-0.3284739,-0.265525,-0.393494,-0.04176933,-0.3148173,-0.009578124,-0.222854,0.1271359,-0.2654728,0.08651914,-0.6727132,-0.005693473,0.2008984,0.2878855,0.5185081,-0.1565853,0.0941667,0.776494,-0.163063,0.4901884,0.02723166
-0.29392,-0.03361567,-0.1021337,-0.4395179,0.4027743,-0.4171139,0.1103865,-0.4017509,0.4501472,0.09662074,0.3156376,0.2194732,0.4394701,-0.286624,-0.2284842,-0.1785882,-0.2110918,-0.3281412,0.1583361,-0.04350644,-1.02116,-0.1532135,0.3206162,-0.2330399,0.7666293,-0.1663795,0.2210908,-0.4204339,-0.2644368,0.002253782
-0.1958163,0.2431939,0.00972369,0.2518169,-0.7803077,0.03279716,0.3285008,-0.4540195,-0.05942827,0.0269101,-0.4383798,0.009652738,-0.0363452,1.771965,0.7722651,-0.4040699,0.03523988,0.3908242,-0.09975924,0.08842704,0.0008723853,-0.1415686,-0.1907514,0.1678028,-0.3511151,-0.01954442,-0.06254645,-0.3366122,0.1115851,0.216575
0.03357691,0.04170929,-0.04987355,0.465052,0.3302749,-0.0156804,0.709461,-0.003455948,-0.04343516,0.01249117,0.1052151,0.2291425,-0.2650895,0.01352716,0.0650792,-0.1268201,-0.5307323,0.2359842,0.3682984,-0.01135807,0.07864221,0.1194848,0.4194471,0.4403847,-0.001850026,-0.00103995,-0.227758,0.2018418,-0.0001609267,0.4618773
-0.3465728,-0.03477598,0.02972489,-0.7858425,-0.2510022,0.757695,0.396121,-0.07552063,0.4128644,-0.345554,0.6363523,0.1386927,-0.1204867,-0.00412182,0.1309864,-0.3704237,0.01909737,-0.2718115,-0.4521711,-0.06713957,0.003612891,-0.418102,-0.04408967,-0.4655862,0.1760475,0.2116195,-0.1368727,-0.5299001,0.121532,0.4207882
0.08688289,-0.1360092,-0.1129726,-0.309726,0.02984935,0.02358819,0.7254569,-0.09515606,-0.3053964,0.2850484,0.2681736,-0.004368157,0.130817,0.4006573,0.2338927,-0.1497669,-0.1942686,-0.4573703,-0.111366,-0.3171203,0.234878,0.03222264,-0.2820647,0.2103194,-0.10363,-0.03170103,-0.1384862,-0.0203372,0.3223608,-0.02252978
0.03074986,-0.7283925,-0.01472503,-0.393703,-0.1373733,0.2092345,-0.05068427,0.3357185,-0.405229,-0.03414532,-0.1938589,-0.5611629,0.2965211,-0.2009246,0.03080627,0.1918307,-0.2469513,0.3755523,-0.6422946,-0.308043,-0.2367432,-0.07815821,-0.03545514,0.3434142,-0.1489001,-0.6705912,0.4084834,0.2127372,0.6364207,0.2068513
-0.142562,0.0379236,-0.3415375,0.05371577,0.6320314,-0.2597481,0.009654252,-0.008941802,-0.04334837,0.4639031,0.06908125,0.1656705,0.4397898,-0.4380251,-0.3179492,-0.223279,0.02439541,0.02685544,-0.3110869,-0.4394977,-0.008070213,0.344281,-0.03565539,-0.4689127,0.1651489,-0.5580247,-0.1588027,-0.01310235,0.3754949,-0.007345361
-0.09447546,0.2813111,0.2764607,-0.1182519,-1.345972,0.00971912,0.5392329,0.2457858,-0.3660802,-0.2557214,-0.1884599,0.2336014,0.09431534,-0.1538915,-0.1512138,-0.09675305,-0.4871982,-0.03574612,-0.09897994,0.4234914,0.2968682,0.0174505,-0.1993346,0.3250684,-0.0464876,0.4426647,-0.02189858,0.3537818,0.3163709,0.005615919
0.3437924,0.4509209,-0.2419261,-0.02622253,-0.1285398,1.05925,-0.4615347,-0.1123477,0.01677421,-0.4159173,0.1040398,-0.1416021,0.2614912,0.00378497,0.3510848,-0.1009162,0.4106208,-0.3720301,0.3074257,0.348094,0.003027695,0.2631946,0.009656223,-0.4167346,0.3565352,-0.03957504,-0.0362913,-0.1550497,0.1403651,-0.4961627
0.00579684,-0.4259943,0.07046072,-0.01835534,0.2037688,-0.916302,0.2545358,0.376464,0.3550388,0.006662309,-0.001906082,-0.158838,1.05145,0.1406494,-0.6505814,0.000305903,0.717831,0.398504,0.2144883,-0.3574183,0.2484244,-0.3473446,-0.218631,-0.03130529,0.09978727,-0.05815757,0.4242911,0.004019195,-0.01031577,-0.4688727
0.03286749,0.3038545,0.05912811,0.1677466,0.00119107,0.2213721,0.04888031,-0.049658,-0.5252982,-0.0954656,-0.01090025,-0.01497144,0.09221941,0.1251968,0.1580372,-0.3781085,-0.2768986,0.3102868,-0.2205994,0.4843167,-0.05588165,0.008861244,-0.2134613,-0.03826857,0.3406289,-0.8167943,-0.04253498,0.3191715,0.02553683,-0.09591848
0.2976717,0.3105969,-0.3778886,-0.02075809,-0.0007860517,-0.3827782,-0.1579171,-0.02424706,0.07249277,-0.034177,-0.1434557,0.2149432,-0.4241849,-0.06146461,-0.03159915,0.2879899,0.1727067,-0.2174158,0.5262133,0.01393481,0.02926911,0.3924831,-0.3642522,0.2438109,-0.07769555,0.2609724,0.1205706,0.07399439,0.1174449,-0.2109945
0.8747335,0.05522836,-0.8038586,0.7052087,0.05891973,0.07743372,0.4958756,-0.05505854,0.2909951,-0.1451728,-0.4714953,0.02712624,-0.0096016,-0.2433424,0.3085046,-0.6226838,0.1192578,0.33416,-0.1024198,-0.4357463,-0.2228138,0.1648968,-0.1009374,0.03172395,-0.3783789,-0.4893796,0.4764197,0.3343023,-0.02264374,0.5567529
0.4220953,-0.03458459,-0.06203129,-0.4364972,-0.3513556,0.2152439,-0.1115996,0.00226832,-0.3814806,-0.1203876,0.1658932,0.009731829,0.3840425,-0.05680031,-0.1572196,0.3611566,-0.0770934,-0.05011215,-0.4466326,-0.01298877,-0.06405554,-0.4551121,0.4950006,0.05814639,0.09642297,0.1417707,0.0292024,-0.1455704,0.7071451,-0.2622178
0.1037469,-0.04741584,-0.428051,0.2372769,0.1754169,0.6067398,0.3761089,0.1244265,0.3437045,-0.1813274,0.2282556,0.1294399,1.339031,-0.2299653,-0.06081539,0.36801,-0.4014666,-0.08058829,-0.4923937,0.142626,-0.006750359,-0.2106881,0.07185262,0.4165357,0.1043967,-0.1583888,-0.2861665,-0.1488271,-0.4541415,0.2728683
-0.144193,-0.05136263,-0.1906544,-0.04341227,0.7640563,-0.217153,-0.0002001273,-0.1865134,-0.4413579,-0.2200526,-0.31126,0.4746577,0.0165531,0.478618,0.05913669,0.419681,-0.3368092,-0.2338069,0.5603071,0.463398,0.2983845,-0.09458983,0.01936841,0.2651895,0.3010421,0.2643824,-0.0124386,-0.2955502,0.02828218,-0.1707741
-0.0160556,-0.03124512,0.0299946,-0.03637643,0.4090997,0.04513937,-0.7390136,-0.4662684,-0.2795844,-0.2251939,0.03914592,-0.2396896,-0.3566214,0.412574,0.8334479,-0.4017744,0.7463862,0.0117988,-0.01167642,0.0366818,0.2297751,-0.2591739,0.1952114,0.05706276,0.120238,0.1987069,0.0007304454,-0.02005846,-0.07202381,-0.1098179
0.7992613,0.3256595,-0.01187513,-0.1959719,0.1576071,0.1608099,-0.2017089,-0.3034004,0.1166802,0.05593246,-0.06658167,0.01440543,0.1154442,0.136124,0.04017242,-0.1479695,-0.07027446,0.129517,-0.1746791,0.05260045,0.02145112,0.3700339,0.6095531,0.03282878,0.4116434,-0.3632505,-0.1878912,0.7041584,-0.2566005,-0.8776802
0.7266923,-0.02314097,0.08609182,-0.5466756,0.4819837,0.08726855,0.4215841,-0.2667576,0.3890324,0.4286538,0.4315332,-0.1384233,0.2442074,0.1207083,0.05349354,-0.1281907,-0.2905039,0.03252126,-0.004784937,-0.03760989,-0.1001119,-0.4331218,0.4777079,-0.4240931,0.06095476,0.5711218,0.0774508,0.3323276,0.2138964,0.02671535
-0.503038,-0.00222379,0.1302329,0.5049376,-0.3245363,0.2293824,0.6867936,0.03887266,-0.2584884,0.4224644,0.6462895,0.02961766,-0.4059496,1.327043,-0.07433117,-0.3242294,0.1223554,0.4304359,-0.03981102,-0.08936211,0.009675721,-0.07179512,0.3606276,-0.2003449,-0.5188553,-0.4103775,0.02539266,-0.2237196,-0.009196103,0.2809271
0.0900993,-0.5051005,-0.4791129,0.2863145,0.03437292,-0.5692405,-0.2175432,-0.0009961724,0.2716453,0.729918,0.123623,-0.05050953,-0.5077732,-0.06250028,0.1022708,-0.2525333,-0.01136428,-0.1156153,0.1608352,0.0002426221,0.270436,-0.4553331,0.2163213,0.2221811,1.36146,0.02114826,0.1528012,-0.0263142,-0.007166389,-0.1245747
;
-0.2620517,0.2511398,0.3161464,-0.1059374,-0.3219405,0.3689277,-0.02939671,-0.001374543,-0.02598393,-0.05998321,-0.1071234,-0.356956,0.3293477,0.3403266,0.009108666,0.148151,-0.333847,-0.5709831,-0.5922913,-0.01449395,-0.3753103,-0.7905853,-0.3698778,0.100793,0.1912863,0.01872319,-0.09202481,-0.02919537,-0.04263835,0.09239887
-0.0717449,0.02136586,-0.4364549,-0.3406882,0.3062435,-0.4052293,0.3816824,-0.1067169,-0.01851338,-0.309046,-0.1076428,0.4118807,-0.4363343,0.1005072,0.02028597,0.06009191,-0.7630386,0.3008554,0.09503657,0.3285313,-0.6205162,-0.3551656,0.241784,0.0008789686,0.3907006,0.0713734,-0.1711728,0.004426957,0.3001878,-0.02270631
-0.01257638,-0.2749754,0.3964206,-0.05302653,-0.174843,0.8114135,0.1586617,-0.2696421,0.08925062,0.4209361,0.2452761,0.1172006,0.5292221,0.0781341,-0.1600802,-0.1898991,0.3900133,-0.3466307,0.05258502,-0.0823188,-0.5586482,0.3875487,0.06587023,0.2449244,0.1919412,0.6427221,0.019401,0.03410743,0.2742876,-0.5179296
;
-0.3114985
-0.2913584
0.1119402
0.4069575
0.2865065
-0.2695069
0.2060207
-0.2737571
-0.2994174
-0.3884324
-0.05744511
-0.1456822
0.2345236
0.1419817
0.1837187
-0.1061037
0.04266864
-0.2008346
-0.01139385
-0.3787528
-0.1747811
0.1140011
-0.1656552
0.1310377
0.2946421
-0.4222643
0.1105905
-0.3852081
-0.1018538
-0.2094108
;
0.2465967,0.4466906,0.1357725,-0.3227365,-0.4592537,0.09083277,-0.1799427,-0.3488156,0.1656271,0.1850855,-0.1876369,0.3743384,0.2707516,-0.4291878,-0.4249318,-0.4660546,0.01441377,0.2332612,0.279175,-0.354102,-0.3584133,0.3033788,-0.4185539,-0.1328306,-0.3276541,0.2304396,-0.01206011,-0.3741428,-0.5364851,-0.4530818
-0.1681218,0.3026613,-0.345786,0.2146597,-0.4982909,0.02224559,-0.2277123,-0.1556903,-0.3287349,-0.07297128,0.4499333,-0.3397851,0.4677676,-0.1524088,0.3901361,0.1140612,-0.381442,-0.3524213,-0.1227555,0.01357776,-0.3466787,-0.3425024,0.2063926,-0.108365,0.04184359,0.0446077,0.1587967,0.3834771,-0.1424544,0.1339852
-0.326431,0.4089438,0.1296756,-0.226186,0.06824356,-0.3606948,0.4101262,-0.4179611,0.001008451,0.3769886,-0.3843245,-0.02989739,0.3481408,-0.4219348,0.1017063,0.2113122,0.2701175,-0.4466903,-0.3238288,-0.2555009,-0.1032214,0.4632986,-0.1834671,0.4286073,0.3357253,-0.4275635,0.1210381,-0.3369542,0.2718545,0.4721565
-0.4425206,-0.4289529,-0.4858866,0.03764433,0.01288217,0.100982,-0.06972092,-0.2841552,0.4692928,0.3675088,-0.1426242,0.245519,0.3268166,-0.07593995,0.4321313,-0.1926463,0.384153,0.4120049,-0.2890376,0.4385576,-0.4040442,0.2922642,0.2843795,0.3909185,0.009030759,-0.1382659,0.1890329,-0.4299228,0.0743682,-0.4644146
0.2869816,0.3696908,0.1248963,-0.1286322,-0.171966,0.4139122,-0.3446163,-0.3632803,-0.1192474,-0.4412622,0.2696755,0.3811334,-0.4390442,0.4784353,-0.2442817,0.4348434,0.1499387,-0.4730562,0.07213134,0.0526368,0.1200909,0.106066,-0.1453487,-0.03810531,-0.1877888,0.2200293,0.4965625,-0.2747296,-0.2543781,0.3127466
-0.190014,0.2849751,-0.337395,-0.4346782,0.1574079,-0.3823547,-0.2877493,-0.2366429,0.2256157,-0.288964,0.06807107,0.1403868,0.403034,-0.4392933,-0.4962186,-0.09300619,-0.0178569,-0.4244541,-0.4152125,-0.1891317,0.4102184,0.03189653,-0.05012852,0.2222445,0.3459597,-0.09476858,0.2090303,0.1283235,0.3179986,0.4282454
0.08428842,-0.4982592,0.290529,-0.3678312,-0.2998121,0.4355026,-0.1206302,0.480309,0.1800374,0.1115238,-0.4486303,0.07696134,-0.004341424,0.3164724,-0.302487,0.3593436,0.275504,-0.09394389,-0.2444764,-0.2027079,-0.3935876,0.4207385,-0.2151781,0.3710136,-0.2780792,0.3949767,0.3142557,-0.4443555,0.2484203,-0.04559421
-0.00983423,0.007576287,0.4253824,-0.183937,-0.048919,-0.05532581,0.3051571,0.02523263,-0.08868843,0.4603449,0.2260954,0.4713504,-0.1418663,0.2346032,0.2741766,0.1211719,0.2643583,0.1164265,-0.05017906,-0.0528776,0.4630735,-0.1346299,0.07956129,-0.06995827,0.4877199,0.263436,-0.2013168,0.1172804,-0.4278448,-0.3545713
-0.2556221,0.3928341,0.0550105,-0.4638215,-0.4965886,0.05158287,0.1853405,0.483798,-0.2094019,0.1806294,-0.2121863,-0.1595376,0.2976681,0.08086652,-0.1861562,-0.0001011265,-0.2589676,-0.4784135,-0.007582366,0.3550427,-0.4273397,0.02215618,-0.4289874,-0.4468703,-0.3709326,-0.3303852,0.07883006,-0.4223233,0.2141322,-0.3056461
-0.3760512,-0.4972324,-0.04036313,0.3094596,-0.2981064,0.04585749,-0.148274,0.4566665,0.2750686,-0.4443723,0.3421439,-0.09573323,-0.38425,0.498897,0.02628225,0.03652149,-0.255583,0.2889781,0.4816688,-0.274615,-0.4478577,0.01193053,-0.07819623,-0.2910757,-0.2638339,0.4830556,-0.2446923,0.1066162,0.02932411,0.186133
-0.05187315,-0.3214784,-0.1641505,-0.401353,0.3204963,0.01519901,0.1702048,0.1736051,-0.149913,0.3220307,0.1831567,-0.08714193,0.2615644,0.4186211,0.04192191,-0.1077979,-0.1642658,0.02941952,-0.112035,0.4434378,-0.3204968,0.2969816,-0.2784584,0.1278498,0.2799668,-0.4817469,0.4517175,0.009347498,0.4389055,-0.1276267
-0.03853816,0.1094819,0.233237,0.4999855,0.06739837,-0.3638307,-0.3199848,0.07234699,0.305951,-0.008982718,0.2635506,-0.3778044,-0.4410455,-0.06226689,0.4449937,-0.006251991,0.3430552,0.1517007,-0.1392459,0.4312692,-0.491066,-0.1861352,-0.4859287,-0.1168947,-0.1599219,-0.009871066,-0.1395996,0.4144167,-0.1530665,0.06852108
-0.1749722,-0.02770978,0.3316003,-0.1622844,-0.0291298,0.1963011,0.107383,0.3511266,0.3936836,0.3999031,0.04675144,0.4443336,-0.4162885,-0.4236045,0.2122654,-0.2370717,0.2249014,0.09007818,-0.0652588,-0.4501779,-0.2513117,-0.4897089,0.0108798,-0.03283554,-0.3004471,-0.3076804,-0.02048796,-0.3069237,-0.1290249,-0.242205
0.4966422,0.2917681,0.2072559,0.4202226,0.3590254,0.0427461,-0.2255169,-0.6450834,0.4452068,0.3910421,-0.2880943,0.08648556,0.4388199,0.4718877,-0.3646301,-0.2918849,0.02214199,0.0659911,0.2955739,0.1350024,-0.06600505,0.3832049,0.3475879,0.06117135,0.2753384,-0.1922687,0.1179373,0.18803,0.3081626,0.1149153
0.4946296,-0.3677701,-0.3665673,-0.266924,0.2679642,0.1684972,0.009525597,-0.1508275,-0.4041969,-0.4174557,0.1347099,-0.2745429,0.04806322,0.3213998,0.3501025,-0.4338295,0.03351992,0.1760213,0.1873962,0.3976417,0.1730444,0.4819659,-0.333197,0.1624278,0.04739338,0.2083298,0.4127203,-0.3250455,0.146618,0.1640963
-0.385196,0.005791366,0.3634795,0.2111615,0.2509706,0.4666508,-0.01876372,-0.4700423,-0.24812,0.1802546,0.4280075,-0.2493991,-0.2755141,0.009214025,-0.03922504,-0.3879682,0.1376141,-0.4776173,0.3019564,0.4350618,-0.4244013,0.0008205771,-0.2934204,0.08107728,-0.05517691,0.1321497,-0.4664102,-0.161524,0.03303839,0.1370767
0.3600513,-0.2807714,-0.2297203,-0.4426951,-0.1502936,0.3229036,-0.3901573,-0.2400431,-0.04450589,0.144029,-0.03490788,0.07796496,-0.4227358,0.1873618,-0.3821175,0.003683507,-0.3687272,0.2147058,0.007258236,0.09831363,0.4675472,-0.1648545,-0.1598218,-0.3890028,-0.1987809,0.4057854,0.4527102,0.003581345,0.0665186,-0.1588184
-0.1431375,-0.2079174,-0.4919693,-0.4206675,0.2700131,0.225829,-0.09632176,0.4701316,0.4093823,0.4712043,0.1149098,-0.4901558,-0.1214932,-0.3319041,0.2514695,0.02269608,-0.1605138,-0.2179168,0.01937586,-0.2870345,-0.07483715,-0.1492115,0.3229318,0.2361431,0.06080872,-0.2797616,0.282642,0.1171142,0.08989471,0.07850307
-0.1968579,-0.396423,0.3731909,0.4210371,-0.4370496,0.3849065,0.4907634,-0.436587,-0.2621802,-0.3937659,-0.2501442,-0.3213639,-0.04572672,-0.345013,0.08479565,-0.4131858,0.4196885,-0.3107105,-0.3104172,0.1603064,0.2276735,-0.485543,-0.06909829,0.4147642,-0.2592189,-0.2538112,-0.1535179,-0.00811547,-0.2195633,0.3680283
-0.3502948,-0.09561402,-0.3818473,-0.2058372,-0.03898424,0.4352896,-0.009165943,0.1672728,-0.05188578,-0.02951235,-0.2351411,-0.1796066,0.4396136,0.1297552,0.04505438,-0.173428,-0.3178766,0.2564189,0.1818244,0.4238064,0.362114,-0.1831539,-0.265419,-0.184384,-0.4886192,-0.1322048,-0.3137553,0.3276834,-0.1366911,0.4502907
0.3257179,-0.1714311,-0.4337336,0.09210128,-0.04696065,0.1204563,0.1953348,-0.1912195,-0.3774613,0.4697524,0.1078135,-0.05226094,0.3267801,0.1153335,0.2039252,0.3090287,0.06868523,-0.2210627,-0.3910897,-0.1720373,-0.1972004,0.1389708,0.441702,-0.06296581,0.1915289,0.1447776,-0.2913716,-0.2726538,0.4051813,-0.1070011
0.2920183,0.1427525,0.01065415,0.03968793,-0.181254,-0.4390686,0.2641704,-0.1065878,-0.1709811,-0.09059733,0.1671852,-0.3242321,0.3353752,0.005500149,-0.422267,0.3202975,-0.01050236,-0.4033774,0.4411598,-0.4133618,0.3316528,-0.2002671,0.476136,0.06994981,-0.3460399,-0.2062741,-0.4010845,-0.4237456,0.03004152,0.4247082
0.3297861,0.3349192,-0.4364122,-0.4973668,0.4398096,0.2274211,-0.4405785,-0.236597,0.3843839,-0.1826407,-0.4308392,0.08918029,-0.4111469,0.1938736,0.4748904,0.2315889,-0.05256301,0.3327805,-0.5670047,-0.3422207,0.1642505,-0.0290888,0.3098027,0.2725641,0.209809,-0.4873497,0.422666,-0.4327011,-0.3715076,0.4117696
0.09655279,0.2200781,-0.3778032,-0.04097337,0.427472,0.1962911,-0.3389801,-0.4142596,0.1656471,-0.1081697,0.408717,-0.2405713,-0.3419141,0.2845438,0.3469354,-0.184177,0.06625515,-0.2668462,0.3010617,-0.2567773,-0.1543141,0.3650922,-0.1284001,-0.1698901,0.1505033,-0.02015108,-0.1605189,-0.3760772,-0.2360037,-0.4197205
0.06149656,0.06491393,0.07772881,-0.3332561,0.2719567,-0.4694371,0.4677769,0.4881276,-0.01612085,0.4311111,0.30682,-0.1934844,0.08617538,-0.1047794,0.3208507,0.3194176,-0.1694371,-0.1528797,-0.4410723,0.03067309,-0.3913486,-0.4396137,-0.358445,-0.3039922,-0.269663,-0.4731641,0.04890686,-0.08453411,0.01499003,-0.1245711
0.0237655,0.4973737,-0.06418675,-0.2422256,0.06675023,-0.3352964,-0.2976812,0.397007,0.421334,0.3893657,0.2830099,0.4416236,-0.3142885,-0.1588487,0.416537,-0.1330121,-0.2874585,0.3645716,-0.4865702,-0.1208264,0.4762403,0.006215751,0.3411431,-0.1657253,0.206061,-0.4901917,0.07309729,0.2843453,0.1752477,-0.1711224
-0.4400407,0.1602442,0.3457539,-0.402993,-0.1025773,-0.1833108,0.1007184,-0.261649,0.468495,-0.1194944,0.1334041,0.08059841,-0.356737,0.6496777,0.06572306,0.1790904,0.413511,0.2176047,-0.310374,-0.1565593,-0.2076083,-0.2193787,-0.1924407,0.4314812,-0.6202036,-0.4416745,-0.0840047,-0.1943912,-0.03215057,0.3835961
-0.01715761,0.07841986,0.3453103,0.483881,0.2994831,-0.07403296,-0.1572432,0.2761649,0.3780172,-0.4517256,-0.2115451,-0.3751084,-0.1518266,0.02350694,0.2854799,-0.1125976,0.4784629,-0.1190785,0.02894312,-0.3514282,0.09386271,0.1224876,0.161434,0.06817919,-0.2662911,-0.4599675,-0.4472188,0.08731228,0.4765593,-0.5904387
-0.4155077,-0.3543336,0.3702923,-0.04694217,0.4847186,0.4183844,-0.3138278,0.007962525,-0.3459083,-0.3727549,-0.3994524,0.4218282,0.1266835,0.4151751,-0.05118209,0.2206256,-0.4633542,-0.1015653,-0.1690847,0.2768151,0.3333818,0.4909551,-0.2177905,-0.1401365,0.4975796,-0.2631086,-0.2531264,-0.2251201,-0.2534267,0.4409939
-0.3608681,-0.4599264,-0.4258627,0.1953294,0.4706275,0.1760977,-0.2567497,0.1258663,-0.06588942,-0.06319684,0.2328247,0.3039953,-0.330708,-0.1250388,0.3563585,0.3031069,0.1824008,0.2901442,0.3442661,-0.2858856,-0.4219573,-0.3850896,0.1883579,0.4212269,0.4223529,0.3752679,0.2797852,0.390638,-0.09117478,0.2247274
;
-0.1564167,0.390977,-0.108327,0.02232748,-0.2270762,0.4138379,-0.308945,0.4852347,0.2454634,0.2200118,0.3832994,-0.01329738,-0.2922362,0.4574809,-0.4570323,0.4785693,-0.4645452,0.2402719,0.4951257,0.1026012,-0.1611912,-0.1869279,0.1850505,0.2114084,0.1103794,0.4058841,-0.1979228,0.1050184,-0.1809824,-0.05118304
0.2113439,-0.270908,-0.2929255,0.4530736,-0.4975218,0.3953624,-0.1965885,-0.0001074195,-0.2362822,-0.4034513,0.45629,0.3984288,0.4732141,0.286442,-0.006395741,-0.1254414,-0.4125397,0.4744782,0.1840056,0.2508986,-0.3507351,-0.03842443,0.1997808,-0.3867128,0.4272436,-0.6339147,-0.09812516,-0.1099642,0.05542439,0.1263213
-0.2156348,-0.1619546,-0.01233798,-0.175526,0.006469429,-0.277223,-0.2915431,-0.07653445,-0.298045,0.1828008,-0.2382374,-0.3955586,0.348199,-0.4485875,-0.3805354,-0.3807697,-0.172123,-0.3460028,-0.02506644,-0.128794,0.02029794,0.1357661,-0.4438047,-0.289399,0.1566819,0.3276303,0.4579538,-0.009357728,0.1953753,-0.197823
;
-0.2360479
-0.06361745
0.6319675
0.1815461
-0.3951333
0.3909707
-0.04044259
-0.3279605
-0.3429803
-0.478034
-0.1280571
0.076632
-0.2024139
-0.08266503
0.0513344
0.1552437
0.1679836
0.4640559
-1.310714
-0.4951503
-0.4287829
-0.1016619
0.4873317
-0.5239295
-0.02085954
-0.02948042
0.11951
0.2043254
0.06519838
-0.01742093
;
0.0786323,-0.2106852,0.2450815,-0.08895665,-0.1363283,0.1056299,0.6380487,-0.339107,0.03919083,0.02015819,-0.02727165,0.01263016,0.01664049,0.2875217,0.5868399,-0.4005292,0.2338577,0.2418305,0.03487829,0.4263597,-0.1479618,-0.05371898,0.3408262,-0.1067976,-0.408722,0.6180183,0.2187199,-0.1943105,-0.001599133,-0.3832058
0.462951,-0.04116529,0.6619027,0.1055313,0.3353509,-0.2473029,-0.01038922,0.003179723,0.007091104,-0.07667921,-0.0329065,-0.2505277,-0.2784058,-0.4487257,0.7376797,-0.1662166,0.4402829,-0.08326174,0.1052353,0.4084992,0.2455136,-0.0003743803,-0.3508534,-0.3119811,0.05009514,-0.0496853,-0.2114425,0.4950035,0.01862365,0.6342946
0.09328131,0.4863534,-0.08228832,0.2189787,-0.3640679,0.329749,0.7722739,-0.2567177,-0.4925501,0.4511091,-0.05211252,0.01156392,0.1176723,-0.02309805,-0.01657301,0.1390886,-0.1359357,-0.008883995,0.08126313,0.03981333,-0.1960796,0.1967633,-0.6122217,0.002025994,-0.1204073,0.1604862,-0.0746929,-0.438738,-0.08195112,0.3676131
0.1062701,-0.4818825,0.7798097,-0.04485613,0.9402999,-0.4044759,-0.8367978,-0.003330146,-0.2206106,0.005685635,-0.07517357,-0.02558571,-0.6014823,-0.1862882,-0.0146199,-0.4822004,0.01119022,-0.0741362,0.4808627,-0.1189248,0.4295896,0.1667088,0.03460928,-0.07917052,0.1760108,-1.155984,0.1414256,0.1000018,0.01507885,-0.3151399
0.3875202,-0.4297639,-0.1235379,0.07222062,-0.2577981,-0.1211041,0.07850801,-0.3268667,-0.254897,0.0177009,0.4551507,-0.0411145,-0.02924722,0.4716626,0.005999072,0.04194395,0.261983,-0.06379312,-0.1813982,-0.316896,-0.03943036,0.6517749,-0.09798055,0.3585595,0.07795782,0.07645397,-0.1940167,0.1179305,0.2711402,-0.01272227
-0.214296,0.3257891,-0.3677289,0.3074263,0.2952393,0.6917157,0.08043259,-0.0355663,0.001959727,0.02276331,0.2922156,-0.02287966,0.02703639,0.3441168,0.1021941,-0.2979919,0.8371191,0.04612257,0.1438817,-0.2568585,0.4486774,0.3084422,0.1054821,0.5840139,-0.1928235,-0.1777342,0.339848,-0.2578461,0.4715331,-0.2626613
0.05527935,0.09256119,0.00956223,-0.2106791,0.288689,-0.25685,-0.1577417,0.3881,-0.09560901,0.0378398,0.3619814,-0.03785791,-0.3692989,-0.3164073,-0.2607559,0.7675861,-0.1263641,0.2821847,0.04584295,-0.03620387,0.1694635,-0.005840916,-0.3811368,-0.4199601,-0.6447323,0.4874636,0.02892882,0.2482972,0.08058608,-0.008688064
-0.3058056,0.4364436,-0.05736083,0.03254229,0.4550398,0.2565593,-0.05406672,0.08376437,-0.1038713,0.2472643,0.3482759,0.4955567,0.1837904,0.3205628,0.8547337,-0.3154862,-0.2603422,0.06713566,-0.04733831,-0.1596848,0.277068,0.1107684,-0.9405882,0.2038501,-0.3969984,-0.005706904,-0.005889952,-0.9210849,-0.2210345,0.1192455
0.4676614,-0.1405335,-0.1674746,0.4358,-0.113178,0.493554,-0.00413014,-0.4950117,0.1534837,-0.3999748,0.02169794,-1.232988,-0.3843138,0.4882883,-0.1216791,-0.3843791,-0.1632912,0.08085207,-0.1808114,0.2253651,0.312095,0.2132364,-0.3481157,-0.3674877,0.4225299,-0.1477195,-0.02105994,0.4344229,-0.1184437,0.3446078
0.008791133,0.3815895,0.3010207,0.6458988,-0.2096223,0.5969131,0.3946925,-0.2012228,-0.1874239,-0.2845253,0.57486,0.673795,-0.4987473,0.5346034,0.7484443,-1.033173,0.3152933,-0.02265952,0.1796938,-0.05220585,-0.09796351,-0.2224406,0.2211766,-0.08965267,-0.4707381,0.2709079,-0.4299111,0.2823873,0.4677116,0.2949071
0.4161073,-0.5466399,-0.3929105,-0.06950101,0.3139538,-0.2382721,0.4977174,-0.1873028,0.008053757,0.1726793,-0.4992552,0.2868221,-0.2242873,0.2479549,0.2571533,-0.005119509,0.2323934,-0.4916794,0.3724819,-0.4193552,0.9351379,0.5306802,0.8866956,0.4390274,-0.2245105,0.4143607,-0.5062163,-0.2553871,0.01431231,0.03349334
-0.4192604,-0.4482614,-0.2573209,-0.2892135,0.02640443,0.07813393,0.003869189,-0.05642107,0.1788871,0.7878245,-0.1129519,0.04606595,0.002683329,-0.1770746,-0.00502076,-0.2259635,-0.14095,-0.3476387,-0.1170173,0.04827132,0.3610957,0.04658335,0.07003802,-0.07679739,-0.2203092,0.7974816,-0.01959864,0.08467728,0.2023899,-0.1692603
0.3592087,0.4871756,-0.06434351,-0.1362513,0.2254936,-0.2020031,-0.002127454,0.01964883,0.2141983,0.0645172,-0.2901808,0.1726068,0.03463581,0.2014295,0.02506679,0.1111264,-0.4475565,0.3601586,-0.5631215,0.282876,0.2060954,0.01404229,0.1938988,0.04672597,-0.01477753,0.03482449,0.03491582,-0.001432155,0.1835316,0.6021672
-0.0838982,-0.267886,-0.2784369,-0.2354269,0.1759624,0.08579088,-0.1592442,0.3764812,0.875935,0.2980388,0.1384213,-0.01266327,0.216316,-0.003482328,-0.3726019,0.4333556,0.1627013,0.321189,-0.2821687,0.0742142,-0.03623847,0.07191581,0.01399511,-0.1171939,0.4541103,0.2811717,0.1498486,0.3681983,-0.47461,0.8523227
-0.01255114,0.530434,-0.01955879,-0.9661828,0.149757,-0.02001911,-0.02339619,0.3053557,-0.2389181,-0.4296042,-0.3097655,-0.249028,-0.03866142,0.04588166,-0.3556411,0.1316321,0.05827659,-0.4612854,-0.4178455,-0.4494939,-0.3455378,0.2209556,-0.2814578,-0.1078333,-0.1772588,0.1369007,-0.3702917,-0.3593001,0.1445373,-0.01615534
0.002795829,0.4828466,0.1620226,-0.3136883,-0.2978903,0.1179546,0.3256546,-0.0495987,-0.5238838,-0.1914518,0.4832961,0.1490308,-0.5544016,-0.3557264,0.2878067,-0.2895749,0.1029027,0.4533695,-0.2710619,0.3733021,0.1738988,-0.2687738,0.1714221,-0.235004,1.93055,0.268021,-0.0009499333,0.1973923,-0.2884737,0.1843346
0.2393322,0.3188583,0.04704052,-0.01324826,0.02472717,-0.4469963,-0.3475962,-0.4300222,-0.4237807,0.03739588,0.3810812,0.03551907,-0.3244774,-0.1357693,0.2674103,-0.01117712,-0.1369707,0.05511269,-0.3936732,-0.4849268,0.004257904,-0.2414774,0.1510426,0.0770181,-0.009168684,0.1884425,-0.4106601,0.007892957,-0.1415496,-0.1182662
0.4203277,0.02420646,0.3003825,0.2801648,-0.3847376,-0.4468558,0.07280129,-0.4325734,-0.2231612,-0.1370979,0.4339358,0.6397077,-0.08816192,-0.06677897,-0.1751251,-0.1993322,0.5341626,0.1369874,-0.3791165,-0.2741064,0.05142854,0.2081998,-0.2899325,-0.3540276,0.4181504,1.247952,-0.1490921,0.1529496,-0.6096498,0.05422705
-0.3341826,0.3580852,0.1770777,0.4952744,-0.1429173,-0.5938749,0.9166327,-0.9431764,0.3045108,0.1004582,-0.4228047,0.3118069,0.1649572,0.1816778,0.5944012,0.1708972,-0.3292857,-0.246148,0.2990197,-0.4965781,0.02109593,-0.4896576,0.2504648,0.1434695,0.2696526,-0.2724387,-0.1244462,-0.01977113,0.4191038,0.2933513
-0.9037825,-0.4273896,0.3058468,0.2957475,0.2275871,0.2542125,-0.6426027,-0.1330373,-0.03769476,0.1496566,-0.03809065,-0.2576451,0.07637549,-0.353351,-0.3598014,0.6629953,0.2478833,0.4446553,-0.2290941,0.5097075,0.08444282,0.1515433,-0.06913109,-0.07912332,-0.002426652,-0.5920624,-0.2148274,0.2958851,0.5495571,0.195687
0.356703,0.05080674,-0.2635901,-0.1750931,0.08967319,0.03069812,-0.4873908,-0.7245222,0.4171221,-0.4437147,-0.2361608,-0.1189022,-0.2515397,-0.3052526,-0.4976069,0.06602256,-0.005122277,0.150055,-0.1936957,-0.000405074,0.5330189,-0.1867231,-0.2617532,0.1736719,-0.3831193,0.01335973,0.01252546,0.2667971,-0.01975232,0.3863519
-0.02383299,-0.03938188,0.2843905,0.02974397,-0.03798145,-0.0847525,-0.1643896,-0.1528684,-0.277375,0.2746024,-0.04620799,-0.07077281,-0.1532407,-0.3543576,0.836861,-0.1739662,0.01775303,-0.360922,-0.1525339,0.2103127,-0.08143586,-0.4811502,-0.6768407,-0.2367801,-0.08275624,-0.2163674,-0.2603621,0.4717008,0.02175814,0.01159192
-0.006695635,-0.4764333,0.01360545,-7.250695E-05,-0.1653334,0.04752672,0.1780961,0.1468387,-0.1275415,0.6619611,-0.2244586,-0.1568507,0.339304,0.02091461,-0.1974747,0.4241898,0.03833108,0.1665081,-0.05525666,0.480122,0.2059741,0.6260585,0.168539,-0.1861215,-0.2010421,-0.3844534,-0.08419927,0.02406669,0.307642,-0.2655939
0.003288656,-0.1379649,-0.004563706,-0.01320568,0.2192132,-0.2227767,-0.4140527,0.2616726,-0.3387144,0.2116968,0.3580374,-0.02179336,0.06217125,0.01585692,0.04197859,0.1338412,0.2508968,0.4254225,-0.3319027,0.05238932,-0.3218586,0.2178458,-0.117593,0.7471712,0.1554348,0.4514005,-0.4011418,0.1689035,-0.3833914,-0.3086995
0.09137163,-0.04670662,0.007508703,-0.02736663,0.1115835,-1.166854,0.1088658,0.3597895,-0.2741295,0.4465837,-0.2709514,0.4932705,-0.4539144,0.07956556,0.1529624,-0.03118025,-0.2702623,-0.09801073,0.2594342,-0.3026031,-0.8678403,-0.1026298,-0.4601334,-0.1133117,-0.1672756,0.09848231,-0.090159,0.1957158,0.001880944,-0.3025395
-0.1246384,-0.003947495,-0.2517604,-0.04658112,-0.1011945,-1.578107,-0.02381486,-0.07821914,-0.3944135,1.041864,0.1665086,-0.3745061,0.3478523,-0.2521838,0.09096509,1.3322,-0.4254408,0.4280089,0.2047348,-0.01252852,-0.02046622,-0.4720491,0.2984793,0.1987204,0.3381207,-0.2718604,-0.223114,1.124132,-0.3304996,-0.1525522
-0.4835918,0.03966058,-0.4476159,-0.1991739,-0.2434343,0.3885427,-0.2219235,-0.4203552,-0.5414167,0.2194349,0.05428666,0.2009103,0.3471292,-0.3957958,0.5001904,-0.1893157,0.02221519,-0.2228191,-0.003188312,-0.02927492,-0.1253348,-0.213581,-0.120777,-0.1378508,-0.100862,0.3882101,0.3634631,-0.02276964,0.1450045,0.001077383
0.1410006,-0.5353855,0.8069836,0.01667915,-0.1004645,0.02758105,-0.5760461,0.4115739,-0.521818,0.009231865,0.09024125,0.08796442,-0.08160037,-0.05481273,-0.01387178,-0.1909701,-0.3778878,-0.08607727,-0.3312016,0.8047214,-0.1710914,-0.370212,0.4089379,-0.1871862,-0.1264515,0.2717056,0.1280356,0.3314379,-1.020733,-0.1105223
0.01543766,0.2696216,-0.2727897,0.2326252,0.07990909,-0.4737967,-0.03696889,0.1227183,-0.4312001,0.1901133,-0.2280355,0.466608,-0.4345746,0.379443,-0.1885123,-0.44715,0.3888757,-0.04544711,-0.1571198,0.3119373,0.4323804,0.02241937,-0.07675654,-0.144747,0.01077503,-0.04799995,-0.1429432,-0.3629115,0.5359603,0.04981452
-0.45684,-0.04487194,0.3720111,0.3912034,0.07575209,0.4594257,0.3691579,0.5968796,0.02468253,-0.1975339,0.2460302,0.1905889,0.6126431,-0.09106886,-0.1516456,-0.02369678,-0.3347285,0.15601,0.0283336,-0.001699778,-0.2630585,-0.6420628,-0.1070825,0.1353361,-0.309664,0.5700017,-0.2771587,0.1462796,-0.6767496,0.02465234
;
0.4570955,0.05222844,0.1545832,-0.2073513,-0.2728001,-0.2307654,0.0577603,0.2574638,0.006864488,-0.2643252,0.03304595,0.4288399,0.2873998,0.4890613,-0.322517,0.1280007,0.3879721,-0.2106292,-0.07711432,0.1719829,0.01360621,-0.2277315,0.02229577,-0.04924875,-0.02256606,0.3598125,0.3816915,-0.451441,0.07199091,-0.08348402
-0.4685819,-0.09527919,0.270126,-0.03408712,-0.3486378,0.1900008,0.2873863,0.07899361,-0.4374966,-0.9894628,0.1953615,0.07582003,-0.2749423,0.4468749,-0.002670467,-0.1807749,0.1455375,0.2078354,0.2333625,0.3191158,-0.4034951,0.6430668,-0.2353657,-0.07682658,-0.1860746,0.2053031,0.04613736,0.1008417,-0.3469012,0.006606042
-0.1978073,-0.04176217,0.1354951,0.2991224,-0.09161165,0.3343925,-0.2023398,0.4386663,0.1731379,-0.3098351,-0.1028801,0.1930611,-0.1266548,0.006956616,-0.4605098,-0.4957133,-0.05660409,-0.0078823,0.003482366,-0.09933294,0.5257519,0.2950298,0.02901529,-0.8289365,0.04377109,-0.1772178,0.5623978,-0.04655305,0.01499749,0.6936195
;
-0.0697889
-0.01212577
0.3243294
-0.02198971
0.1238586
-0.2292973
0.000117899
0.3974096
0.4768828
0.1155404
-0.3002925
-0.2538418
2.914544
0.4832746
-0.3805043
0.1036341
-0.1879541
0.1691664
0.09132554
-0.2376403
0.4206434
0.05025699
-0.4810643
-0.6318461
-0.3560147
-0.1930744
0.4809703
0.3155381
0.1379276
-0.07110747
;
0.03769678,-0.6270226,-0.419032,0.06626111,0.03815501,-0.377488,-0.2049145,0.1163077,0.5607301,0.7023742,0.4547713,-0.5856039,-0.4418052,0.08131624,0.3171585,-0.3389215,-0.2254918,0.474236,0.1230854,0.05787485,-0.2652915,0.03364052,0.4424971,0.8359793,0.4296451,0.3194387,0.04460074,-0.2675987,0.5929864,-0.1118191
-0.2573848,0.006289676,-0.09177404,-0.7616693,-0.1355326,-0.3654635,-0.4651501,0.03367813,0.08475465,1.569562,0.3961391,0.03726143,0.009118602,0.03475638,0.09162062,0.2025834,-0.8102397,0.27223,0.3110121,-0.001132529,0.03210849,-0.1864422,-0.5090579,0.08126536,0.203851,-0.5081812,-0.1533894,0.5233355,-0.706094,0.0970742
0.2901231,0.3646305,-0.3300075,-0.631595,0.005002201,0.009200841,0.2339569,0.2631549,-0.08747488,-0.07622153,0.473948,-0.1292272,0.1095534,-0.4257981,0.4109893,-0.3337622,-0.2586147,0.05404776,-0.3493302,0.05334118,0.3628224,-0.2604711,0.03166015,0.156402,0.7229366,-0.4215484,-0.1574187,-0.03328189,-0.1562683,0.2318168
-0.01368223,0.03619033,0.08695652,0.3572788,0.2633013,0.4374961,-0.0518094,-0.1098419,0.4549758,0.06352401,0.07490729,0.02178087,-0.07232667,0.2830884,0.04391354,-0.3370959,-0.3766356,0.005838215,-0.4425905,-0.212313,-0.07746774,0.2718355,0.08767963,0.1862999,-0.5932937,-0.03544873,0.4368924,0.3856503,-0.4015692,-0.02677733
-0.08178259,-0.1527054,-0.3571144,-0.08275951,-0.05341232,0.5025201,-0.03477785,-0.1957629,0.3176025,0.005343603,0.005278192,-0.6056287,0.2244996,-0.4958981,0.4578201,0.04202494,0.2242365,-0.3965074,-0.41247,0.003068645,0.304722,0.1565016,-0.05517605,0.04997151,-0.1352395,0.3720701,0.2727979,-0.5417885,0.4519848,-0.4358019
0.3427951,-0.2515539,0.1817589,0.1532341,-0.4686247,-0.6533104,0.3912202,0.2966309,-0.0009208647,0.01326075,0.1898891,-0.01971907,-0.3369581,-0.2641091,0.4328616,-0.05429071,-0.2034033,-0.1942518,0.03544133,-0.3341666,-0.5895585,-0.2387653,0.4218459,0.2249001,-0.2743331,0.13185,-0.130383,0.296232,0.2782933,-0.06530601
-0.1920557,-0.01857881,-0.001430939,-0.3103704,-0.8855782,-0.03112355,-0.4373619,0.3459198,-0.02654423,-0.1282143,-0.3628485,-0.4517008,-0.1162827,-0.1974192,0.3494043,0.7128059,-0.0208471,0.1999463,0.6612537,0.272742,0.7530555,1.921651,-0.4246464,0.1936452,0.316883,0.0115551,0.01957637,0.1781425,-0.1495614,0.004728895
-0.6185817,-0.1501255,0.3020456,-0.06797739,-0.3933344,-0.0006514662,-0.08521143,0.3912465,-0.1877399,0.4018002,0.7714853,0.2838676,0.2098729,-0.09217066,-0.2822689,-0.3468844,-0.4039979,-0.06674337,-0.02661282,-0.09483128,0.03655869,-0.6694942,-0.265201,0.03232904,0.289965,0.2742712,-0.8278515,-0.05226916,-0.04898208,-0.6288052
-0.2540561,0.0004874323,0.4009656,-0.0169661,-0.1543147,-0.2004437,0.09644312,-0.4143645,-0.08034939,0.4671022,0.07048321,-0.4090917,0.03498836,0.2869809,-0.003084958,0.1910827,-0.2730792,-0.3369242,-0.03793588,0.009540975,0.1407562,-0.08196194,0.3147102,-0.1044095,-0.02403992,-0.2262548,0.01756404,0.02289454,-0.4570415,-0.3298161
-0.388272,-0.5256967,-0.06257723,-0.02983951,0.4515676,-2.043986,-0.4867543,0.1425552,-0.46647,-0.6532871,0.2554761,-0.4455135,0.1848986,0.6094055,-0.1647485,0.4018121,0.2720795,-0.5683537,0.4797676,0.3702712,-0.4753631,-0.1691628,0.06007832,-0.4228086,0.2454456,-0.351981,-0.1751729,-0.7859808,-0.4122206,0.1092001
0.2066953,-0.09404951,-0.01391488,-0.1081389,-0.184285,0.1054991,0.08014498,0.7102101,0.3260202,-0.1576806,-0.03339034,-0.5961701,-0.14342,-0.6863393,-0.4337682,0.393558,-0.1022385,-0.3421235,-0.005990708,0.04872999,-0.08285042,0.0627492,0.03296255,-0.4163904,0.4634826,-0.1805849,-0.3835469,0.03782042,-0.2958419,-0.08869221
-0.4391896,-0.4919006,0.001052312,0.2717623,0.07734025,0.08858389,-0.07142133,-0.0864169,0.1116695,0.2383213,-0.1700239,-0.2634809,-0.1445386,-0.038973,-0.3896111,-0.4315889,0.1654875,0.1507986,-0.431677,0.04057735,0.1310626,-0.004642629,-0.7885157,0.3840628,-0.4095089,0.03320973,0.1522151,0.1050401,-0.6858178,0.1651152
-0.005870081,0.1810231,0.1670611,0.2815467,0.01547651,-0.8000696,-0.002722323,-0.2971553,1.270107,0.09681958,-0.3081365,0.02049013,0.1550998,0.4682176,0.06416816,0.02981788,0.3039395,0.4119497,0.00238198,-0.3273976,0.3535873,-0.2121421,-0.2275721,0.0412101,-0.0087945,0.3786567,0.08975486,0.03131988,-0.4372935,0.3560978
-0.1816952,0.1613769,-0.2294589,0.6349917,0.2214579,0.03282183,-0.02971737,0.4221395,0.2104498,0.1517335,0.002950391,-0.05934066,0.08447534,-0.09206575,0.1182517,-0.4523767,-0.3473078,0.1927286,0.3575844,-0.07854149,0.4117333,0.121527,0.08315665,0.100759,0.02277433,0.03803702,-0.1080575,0.4144562,0.5350164,0.1835067
-0.2970119,-0.2698569,0.01573616,0.4460555,0.1246332,-0.4072749,-0.05426258,0.0009047837,0.003814021,0.1083397,-0.08218884,-0.1487852,0.07502717,0.4890046,0.4961528,0.4633242,0.3735293,-0.4623393,0.009830485,-0.4837224,-0.3935967,0.4326913,-0.03607317,-0.2957692,-0.0333355,-0.955399,0.2823497,-0.3716646,-1.19754,0.1730431
0.04062706,-0.4493414,-0.1851823,0.7927855,-0.2785748,0.006235699,-0.01462369,0.2430919,-0.3159489,-0.0232974,-0.05563706,0.02783138,0.235197,-0.37726,-0.06328255,0.6510502,0.1412425,-0.2236903,0.1391331,0.4589648,0.04087608,0.07284299,0.2767634,-0.181355,0.08777913,-0.2229166,-0.361419,0.002296489,-0.07229263,0.1046633
-0.7582658,-0.06590325,0.1531249,0.2024399,-0.2003345,-0.1125055,0.330826,0.06962731,-0.3434316,-0.4999747,0.02703801,-0.1648133,0.03670345,-0.005581525,0.003409803,-0.02034777,-0.483844,-0.04936025,-0.1542354,0.1232165,-0.3911549,-0.2072566,-0.4939377,0.2589163,-0.06537651,-0.7237996,-0.5322507,-0.1853895,-0.4337021,-0.4173319
-0.1288396,-0.07197421,-0.186708,-0.6338909,0.2900754,0.3885666,-0.6806229,0.1986976,0.0488413,0.4054783,-0.1729517,0.1639685,-0.03828215,0.4070684,0.1412613,-0.06303786,0.05588284,-0.14759,0.1025354,0.3428514,-0.2696112,0.382004,-0.04524969,-0.01065284,0.1727363,0.1656034,0.3559383,0.05317425,-0.05039269,-0.653303
-0.0393706,0.05268704,0.1202451,0.08984791,0.4901781,0.08464321,0.4112145,-0.4748624,-0.4625759,1.235758,-0.2641061,-0.1208649,-0.06072778,-0.06113452,0.03206533,-0.05821032,0.2110449,-0.01932223,-0.1025396,0.1325899,-1.249365,0.1329968,0.1713596,-0.4546559,0.1301044,0.2100273,0.156047,-0.1617202,0.3375076,0.0297191
0.007638744,-0.001420647,0.1004588,-0.04801556,0.4257954,0.01639313,0.3389369,-0.07376584,0.3364867,0.7595288,-0.03002562,0.4306266,0.256329,0.7217197,-0.0104666,-0.0001538472,0.01207596,-0.4536341,-0.9126945,0.09722529,-0.02538817,-0.4327489,-0.09650713,-0.3000995,-0.423673,-0.3242074,-0.08777648,0.09836584,0.1203227,-0.3061196
-0.0815938,-0.3510148,0.01947393,0.1031906,0.23629,0.2338077,0.2593678,0.4059657,-0.02967125,0.6697354,0.1097116,0.4637092,-0.4164173,-0.01614409,0.4483626,0.1634997,0.01323298,0.1779149,0.2687601,-0.4744149,-0.134522,-0.5384051,0.5149412,-0.4559624,-0.1179246,-0.2255031,-0.3361143,-0.4841329,0.1103691,-0.0477154
0.01188662,-0.314954,-0.4765144,0.148498,-0.5306927,0.2120572,0.5828112,0.230174,-0.0014879,0.1305641,0.156369,-0.06584901,-0.159209,-0.2176568,0.2013567,0.161095,0.07146102,0.3592372,-0.2708288,-0.4946302,0.01273088,0.4121161,0.5301003,0.3464708,0.6535088,0.3338504,-0.1987756,-0.2217883,0.463539,-0.0404399
0.2120178,-0.02297006,-0.2825882,-0.33352,-0.141562,0.2743709,-0.3881326,-0.2056685,-0.005785927,0.4754664,-0.3911297,-0.3142429,-0.09099215,0.07509011,-0.02948567,0.4836557,0.006268561,0.4130095,0.1787859,-0.4049077,-0.5752208,0.03136397,-0.1168852,-0.871317,0.2404619,0.04087812,0.3388396,-0.4442123,0.2136228,0.4518572
0.004306355,-0.2433901,-0.1066025,0.4405122,0.2454331,-0.0932292,-0.2860718,0.07370013,0.1560403,0.1824976,0.2245896,-0.06803428,0.01705949,0.08506507,-0.2541124,-0.02627968,1.724418,-0.006379068,0.01809853,-0.4036416,-0.2506435,0.7520548,0.2879108,-0.2382358,-0.2396557,0.09087539,-0.3559941,0.08186692,0.06036072,0.1034638
-0.1951909,-0.3936281,-0.006153947,-0.05498594,-0.09511595,-0.2805139,0.005464556,0.3653071,-0.08250433,-0.2494397,0.2950395,0.4191221,0.01374399,-0.05971523,0.275689,0.002786833,-0.0323351,0.07841831,0.123545,-0.009505694,0.2300368,-0.2539142,-0.0747959,0.3181993,-0.4136213,-0.4201467,-0.1892793,-0.09742327,-0.1190361,-0.4040279
-0.03099719,-0.07341274,0.041297,0.3023561,0.3122085,0.1388879,0.3344634,0.3908554,-0.08743876,-0.04189928,-0.5598132,0.05708333,0.633153,-0.2695351,-0.1509083,-0.1505567,-0.003007673,-0.3261294,0.4576263,-0.2560288,0.2077695,-0.1071841,0.9123337,0.01939676,0.3970457,-0.1111514,0.6551325,0.01655213,-0.5007392,0.01274868
0.04020363,1.102851,-0.3774654,-0.1662282,-0.1581933,0.144832,-0.1494395,0.0782997,0.2635466,-0.468199,0.07009392,0.1418162,0.3853773,-0.2954543,-0.008842512,0.3088614,0.1364932,0.1308458,0.07004342,0.2397632,0.009340238,0.1088471,-0.007975392,0.02269572,-0.4783624,0.5113646,-0.1391546,-0.06250173,0.1538607,-0.4835367
-0.3619539,0.04912608,-0.153819,0.05048438,0.05534784,0.05543437,0.3086668,0.1129748,-0.4734412,-0.08819288,0.2257794,0.1158232,-0.04232262,0.05770868,0.3590333,0.1428839,-0.1094531,-0.02100352,0.247529,-0.07296362,0.333145,-0.03946353,-0.3433084,-0.1674162,0.4147407,-0.05453509,0.4119265,-0.008891679,0.09384209,0.5745265
0.1974627,-0.02112049,-0.4265492,0.4576938,-0.3550804,-0.06911403,-0.1056296,0.1702311,0.4620124,-0.02278675,-0.215883,0.2711127,-0.02511209,-0.313473,0.1050772,0.04669099,-0.0811886,0.2057546,0.3716232,-0.09855622,-0.0487133,-0.4547218,-0.4426067,0.06083924,0.2507801,0.2470604,0.338231,-0.1499818,0.1502622,-0.205716
-0.3212992,-0.3243243,-0.7823018,0.1382271,0.06062075,0.4373927,0.07278506,0.072299,-0.1802846,0.01810473,0.04353761,-0.3769661,0.06720013,-0.06736392,0.2730715,0.4072142,-1.035583,0.004165046,-0.1427914,-0.2619197,-0.9581113,-0.2731123,-0.3404744,-0.2932298,-0.2430242,0.101924,0.009810047,0.2205786,0.3221998,0.1663974
;
6.428528E-05,0.280092,-0.06422047,-0.2233401,0.3336197,0.2329482,0.1549124,-0.4080385,0.1115397,-0.4164984,0.739461,0.04079049,0.3898127,0.318772,-0.526834,-0.04131126,0.05811617,0.1469836,-0.06581852,-0.4595462,0.9322717,0.4579774,-0.0952369,-0.1275843,-0.0127097,0.1109633,0.2027142,-0.1835636,0.1198582,0.007781193
0.2647059,-0.2463441,0.2697397,0.2222054,0.4684467,0.07287651,0.0823627,-0.1903014,-0.1870014,-0.3690157,0.4339784,0.4305059,0.4794602,-0.1642615,0.01996404,-0.2848271,-0.03244644,-0.2313345,-0.2050263,-0.557672,0.1578055,0.002192647,0.1489993,-0.5542069,0.1895653,-0.4174304,-0.4369394,-0.001040404,-0.3787041,-0.232373
-0.462284,0.1672262,-0.2883151,-0.1268628,-0.8763286,-0.4439439,0.2595544,0.4172291,0.1633995,-0.1232918,-0.1100974,-0.0523258,-0.04996601,-0.201199,0.01954533,0.001726449,-0.03210324,1.197495,0.1944833,0.5574257,-0.1157632,0.009418507,0.01484855,0.2288395,0.004827833,0.2332162,0.6404505,-0.1088768,-0.2549734,0.1487454
;
-0.1540479
-0.3090857
-0.1190712
-0.2409088
0.02544992
-0.2462741
0.4992169
-0.2041483
0.3084792
0.003945227
-0.03990239
0.8756855
0.3214635
0.0231728
-0.07920033
0.01130608
0.2190362
0.3430816
0.254486
-0.4045265
0.11168
0.3953562
-0.4529063
-0.006548272
0.2010522
0.8758672
0.1956242
0.1402703
0.2237819
0.4383755
;
0.03870551,-0.7738144,0.3058455,-0.4970994,-0.09304919,-0.4397303,-0.5941353,-1.082738,-0.2505,0.5749517,-0.3664436,-0.05150433,-0.06827991,-0.1073964,0.04358786,0.1321272,-0.9738536,0.6166064,0.2689486,-0.1738127,0.23253,0.3848809,-0.7117949,0.1886989,0.09453863,-0.02545955,0.1421494,0.05718822,-0.2601941,-0.02881247
0.3682318,-0.4289814,-0.321413,0.04328269,-0.5754985,0.1005316,-0.05270561,-0.06129467,0.01927942,0.05498558,0.04618829,0.7766665,0.1021211,0.3001491,0.1019145,-0.5427718,0.4163876,-0.4510103,0.009356439,0.4784535,0.02294463,-0.05148703,-0.5808389,0.0336954,-0.2129468,-0.1453297,-0.1623492,0.1463375,-0.2488316,0.05510475
-0.672143,-0.1002833,-0.2736743,0.09163648,-0.3551035,-0.485374,-0.3538455,0.04668873,-0.4220059,-0.4486932,0.0009616704,0.03975505,0.003234327,-0.2359133,0.4020327,0.07213178,-0.09645526,0.3719795,-0.1569615,-0.07524509,-1.060665,0.002163987,-0.2939975,-1.134032,0.1135662,-0.006621871,-0.4334538,-0.4662778,0.07458176,-0.764897
0.1512882,0.4155167,0.01277582,-0.005523338,-0.2174711,0.0695209,-0.07157907,0.1694147,0.08201151,-0.3321329,-0.4045417,0.3747154,-0.2464801,0.2725655,-0.2530143,0.009696305,-0.4227463,-0.2439243,0.3815351,-0.2103267,0.3962672,-0.4219394,0.1412622,-0.073899,0.2229842,-0.06946892,0.3829659,-0.2007343,-0.09258217,-0.05068856
0.5874572,0.6692281,-0.0440903,0.3932101,0.3368472,-0.128509,-0.02447276,-0.001417924,-0.4210924,-0.5999728,-0.4592866,0.2448497,0.1125511,-0.005272031,-0.06434399,0.1882235,0.3567849,-0.4734744,-0.4722416,-0.2816083,-0.199942,0.001601018,-0.00044354,-0.08896594,-0.06546033,0.7288173,-0.006278783,-0.09388691,0.2473209,0.369633
-0.2816324,0.1215535,-0.07612044,0.3929847,0.1263067,0.2833301,0.4024516,0.1292918,0.4389024,-0.4740342,0.7199725,-0.4000603,-0.007647672,-0.1450913,-0.1989995,-0.1587393,-0.02475549,0.3526744,-0.7170142,0.418389,-0.04642562,-0.08109759,0.08114434,-0.03134205,-0.3451278,-0.05587223,0.288958,-0.3575392,0.4104857,0.2271191
-0.3168738,-0.1306372,-0.4518096,0.1988411,0.1965634,-0.02124393,-0.3683422,-0.5697454,0.140434,-0.3271747,-0.1135815,0.4012229,-0.004611254,-0.2114798,0.02932344,-0.1082934,0.03383959,-0.05600649,0.4079486,0.09530924,0.4100496,-0.7643191,-0.002633035,0.9461749,0.4011696,0.3009615,0.02899703,-0.08258408,0.04460301,0.439942
0.04605978,-0.04966408,0.4534889,0.6846797,-0.0873628,-0.4370856,0.02759453,-0.2769043,-0.5800146,-0.2000443,-0.4993115,0.1066084,-0.006837308,0.07387397,0.3203022,0.3750306,0.1079367,0.3153863,-0.3026546,-0.3293935,-0.4380988,-0.5072568,-0.225559,0.02009726,0.1700467,-0.1618061,-0.4246415,0.519116,-0.00851886,-0.5188663
0.006893753,-0.2854204,-0.05652255,-0.03282665,0.4950442,-0.2298405,0.199833,0.1534252,-0.01946646,0.1938218,0.2007724,0.0215575,0.5254699,-1.956518E-05,0.01487423,0.1688429,0.7731476,0.1981013,0.3369682,-0.06115109,0.5326127,-0.281851,-0.431172,0.1837172,0.1530049,-0.5338424,0.2643158,-0.3161216,-0.4625397,-0.1452548
0.343946,0.135512,0.2280049,0.03550458,0.2091361,-0.4987689,-0.008221862,0.3652687,0.389431,0.4526575,0.04129714,-0.01328808,-0.2552173,0.1625217,0.2150634,0.1197571,0.3616655,-0.1849163,0.5097297,-0.1957892,-0.2515489,-0.3533757,-0.3094022,0.4036586,-0.4229444,0.1326877,0.8218059,-1.267738,-0.5721839,0.04451897
0.4702814,-0.02443304,-0.02677466,-0.2889074,0.4639827,-0.1305092,0.04406983,-0.3929194,-0.6499825,0.005722533,-0.1867094,0.001701366,-0.2776228,-0.1689644,-0.1084914,-0.353118,0.394118,0.04121697,0.2312587,-0.002932532,-0.3392668,0.2800443,0.106997,-0.8358057,-0.004984796,0.6233565,-0.2290663,0.2328592,0.02626563,-0.5191191
0.4513285,0.5273943,0.0002798961,0.3610177,0.05786278,-0.2579027,-0.3282557,-0.2065352,-0.03805393,0.2947875,0.392329,-0.08524984,0.1562306,-1.078097,0.6295689,-0.1213188,0.1618272,-0.5442169,0.04689816,0.2380391,-0.0887247,0.2151123,0.09338377,0.07420005,0.05325622,-0.06289512,-0.471864,-0.2418151,0.1404101,0.00356031
-0.01868037,-0.01729643,0.4971412,0.4073246,-0.5041054,-0.3342164,-0.1751212,-0.2036657,0.4629779,0.4118426,0.4913948,0.364023,1.004332,-0.470974,0.373742,1.086338,1.072792,0.02576775,-0.02302283,0.1666081,0.1895127,-0.06802326,0.4473608,-0.1950306,-0.04998834,-0.062105,-0.2415362,0.5336136,-0.3800904,0.1720213
-0.4811566,0.3006716,-0.9326766,0.4963417,-0.9396533,-0.1807617,0.04473614,-0.002960503,0.1082137,-0.2223769,-0.1721649,0.3892138,0.1867075,-0.4602465,-0.0005271081,0.462037,0.1737338,-0.1009252,-0.4635414,-0.4533625,0.1358676,0.6601062,-0.4151603,-0.03385073,0.4657552,-0.1790152,0.3870285,-0.2022251,-0.08592527,0.4682177
0.2385509,0.218668,0.6129969,0.04367839,-0.3884009,0.4768523,-0.7141708,-0.008259161,0.07219752,-0.4095824,0.05930656,0.223888,-0.4841915,-0.2875139,-0.02425477,0.7021734,-0.2606523,0.2433809,-0.323577,0.001254525,0.1867499,0.1616621,0.1453601,-0.06377354,-0.4988871,0.2749351,0.2000987,0.3607209,-0.4752766,-0.5382879
0.01327442,-0.7051936,0.310123,-0.3624807,-0.002076237,-0.7703666,-0.2513353,-0.5162393,0.03440542,0.3931602,-0.5761914,0.01554341,-0.2495711,-0.0936627,0.006134182,0.6615846,-0.03342042,-0.07484171,-0.445096,-0.1828583,0.3169725,-0.6000439,0.1351317,-0.3503067,0.02802025,0.5520471,0.4419636,0.2310263,-0.113853,0.3299335
-0.1195436,-0.4028172,0.0722962,-0.05820679,0.1188762,-0.6144151,-0.3551674,0.07704965,0.3419672,-0.3686438,-0.01079388,-0.1892907,0.4169264,-0.03610615,-0.4621055,-0.005987122,-0.385425,-0.5532262,-0.008653343,-0.003100781,0.1089404,-0.3006167,0.1992292,-0.4245724,-0.0001528981,0.7255493,-0.001463592,-0.08001822,0.1339071,0.2890164
0.1793871,-0.2301395,-0.07361504,0.4997473,0.03083293,-0.3201055,0.06571165,0.02859608,-0.04249618,-0.370433,0.0008917737,0.4260395,0.00159845,-0.3828874,-0.4289219,0.1326568,0.4366226,0.7901698,-0.04693762,0.4879811,0.04235199,-0.2178819,-0.4851536,0.01881009,0.007432131,0.4215151,0.07502168,-0.1051596,0.6967786,-0.3964133
0.2333224,-0.2211706,0.02945453,-0.1878689,-0.2163299,0.4079989,0.3625508,0.2631842,0.1422431,-0.392164,-0.1337343,-0.02284199,0.1217775,-0.307935,-0.08907229,0.4673505,-0.1309098,0.1259097,-0.09356527,-0.5972124,-0.1177073,0.06128067,0.001881192,0.003673778,-0.3658221,0.1821781,0.01053712,-0.621828,-0.1644251,-0.2508895
0.4801896,0.344411,-0.3589883,-0.4805191,-0.06300159,-0.421152,0.1071836,0.02335512,-0.1453171,-0.2992244,0.43652,0.06012851,0.1185258,0.2605367,0.4142444,0.07816036,0.04579511,-0.05793383,-0.1228252,0.04891628,-0.2239296,0.1544719,0.3321903,-0.0007625222,0.09507662,-0.1302496,-0.1787389,0.000195094,0.006122281,-0.6633604
-0.09918433,-0.05567977,0.1196259,0.2369903,-0.4618909,0.2855878,0.2195298,-0.5752559,-0.2293091,0.365678,-0.1284541,0.3577861,0.03779608,-0.004412669,-0.1576083,0.0005439486,0.03713087,0.5180873,0.5012457,-0.1567594,0.1029349,0.4195697,-0.05527109,0.2288824,0.09281124,0.04435868,-0.005510747,-0.2177915,0.3247452,-0.02313741
0.1060658,-0.4983979,-0.420175,-0.2788226,0.3057736,-0.1266063,0.4425231,0.2622526,-0.4569936,0.3806846,0.2794733,0.0008180284,-0.00984011,0.7453612,0.1553608,0.4345894,0.8005479,0.04911827,-0.3704112,-0.3791735,0.1803378,0.5383725,-0.02360834,-0.4519951,0.008041164,0.2215913,0.0479973,-0.6466988,-0.04229928,-0.05749991
-0.2854655,0.0708892,0.03040638,0.09938885,-0.07559985,0.3467726,0.1996404,-0.08190686,0.4034991,0.2237456,-0.06603706,-0.2037249,0.0853127,0.3088415,0.1597526,-0.4120204,0.4597315,0.4514704,-0.1718031,0.3012509,-0.2004525,-0.4472136,0.1451772,-0.3336259,0.2163279,0.2922417,0.360147,0.2400523,0.00720357,-0.356142
0.3574709,0.02064301,0.2419446,-0.2902194,0.2882238,-0.07192732,0.32232,-0.001778543,0.0612269,-0.3277506,0.0581127,-0.1552444,0.2773309,0.422938,-0.4699427,0.1026513,-0.1714576,0.458905,-0.08820916,-0.2549947,-0.3982402,0.1377158,0.1163958,0.08325017,-0.3110516,0.6037236,-0.1197364,0.1333162,-0.1073771,0.393283
0.03898623,-0.08311361,-0.2559922,0.2023997,0.180102,-0.3937289,-0.03195773,0.4649878,0.03819209,-0.08611045,-0.2932736,-0.001200057,0.05039811,0.3438632,0.01090993,-0.3840679,0.07449013,-0.4297861,-0.3960539,0.2588513,0.2294861,-0.326245,0.4605711,0.4679964,-0.249913,-0.3064767,-0.4399026,0.04695898,0.2739675,0.4902456
-0.07477172,-0.1006479,0.3796083,0.0454511,-0.0431357,0.3615752,-0.01087324,-0.1229106,-0.4949083,0.1556874,-0.1465124,0.909413,0.3934475,-0.8043945,-0.04392164,0.03195312,-0.1566487,-0.005257622,-0.2745055,0.622009,0.2101142,-0.4862786,0.02469967,0.01064743,-0.4996227,0.07685272,0.01464399,0.437327,-0.0008578017,0.07794827
-0.2843972,-0.1541626,0.3294466,0.02969425,-0.3765092,0.01702297,-0.02401277,-0.8907643,0.03553612,-0.3996814,-0.1220098,0.0940215,-0.4289346,-0.2231208,-0.003796141,-0.4115132,0.08033127,0.3498964,0.01026624,-0.01938075,-0.1907802,0.009256736,-0.3179114,0.2559609,-0.05390318,0.06884569,0.0977475,0.6068147,0.2244841,-0.3403036
0.03071266,-0.01801974,0.004005291,-0.407933,-0.2399164,0.001374974,0.1352684,0.2322399,-0.3368089,-0.3455521,-0.2572434,0.03138888,0.3130924,-0.1759093,0.4742681,-0.005956046,0.4762025,0.1440828,0.3716186,0.2295727,0.06813706,-0.1547151,0.5866064,-0.01131314,0.1225033,0.04376537,0.01843793,-0.2819816,-0.9656839,0.06889278
-0.1311199,-0.2151328,0.06329288,-0.02916476,0.01585568,0.2412201,-0.04260473,-0.4512066,-0.4337906,0.02918118,-0.37501,-0.2302454,0.3297923,-0.0340188,-0.1776645,-0.04743111,-0.3770549,0.3142023,0.06300408,-0.2023502,-0.2791884,0.431541,-0.07925753,-2.473576E-05,0.1809575,-0.01609164,0.8454724,-0.1306663,-0.3773246,-0.02890264
-0.3073548,0.2661701,0.4603462,0.2008811,0.09894294,0.146628,-0.4330138,1.098379,-0.2618718,-0.1917369,-0.01734274,0.8104328,0.02913792,0.4519149,0.08230033,0.7617337,0.3962949,-0.004071176,0.5615101,0.4893353,0.02010878,0.3583456,0.07602854,-0.05354438,-0.9107358,0.08379566,0.06240676,-0.1436404,-0.7712202,-0.2563353
;
-0.4993552,0.07224356,-0.1248711,-0.06694287,0.002888334,0.2989319,-0.2636806,-0.3479818,0.1400075,-0.2222422,0.349937,0.05672687,-0.03154504,0.08473911,0.05903476,0.00136809,0.3730072,-0.3137122,-0.07308887,-0.5729131,0.1206402,-0.4214231,-0.000926422,-0.2197051,0.377964,0.007566434,0.3391281,0.385439,0.119738,-0.06770462
0.3979248,0.05761033,-0.03153545,-0.1586313,0.2057805,-0.0002772453,-0.3414583,0.2164821,0.0415842,0.2562481,-0.1834826,-0.3988957,-0.01523475,-0.06190878,0.4791192,0.005287826,0.1594754,-0.03250529,0.3527082,0.3506685,0.1402724,-0.00180059,-0.09220523,-0.06382821,0.2942109,0.2604125,-0.06112391,-0.4583629,1.140738,-0.09949106
0.2585207,-0.3491811,0.3580589,-0.1962207,-0.09771843,0.2681482,0.182107,-0.07854851,0.152944,0.1666517,0.1076514,-0.263748,1.583026,0.1645827,-0.2220759,0.4990443,-0.1304005,0.04770698,-0.2526903,-0.02517798,-0.2349449,-0.2422874,0.2207259,0.268557,-0.5095328,-0.4189309,0.01320141,-0.1233516,-0.3679909,-0.02108723
;
