-0.374081
-0.3223584
-0.2379008
-0.3304368
0.001537845
-0.01933585
-0.2304394
0.315438
0.4184655
0.7914864
;
-0.8338048,-0.3877386,0.2823379,-0.06676623,-0.2935627,-0.04597812,0.3757776,-0.008234228,-0.3593072,0.2092185
-0.1328359,0.3415335,0.07441675,-0.04730857,-0.1855579,0.7485117,-0.01218649,0.1167983,0.01427866,-0.1425062
0.001565091,0.09872265,0.1443238,-0.1267409,0.1883752,0.639544,-8.542374E-08,0.4931829,-0.3953934,0.3923104
-0.7042783,0.1727727,2.20674E-05,-0.0894137,0.6713188,-0.09570231,-0.002199271,-0.1871234,-0.2484144,0.01807642
-0.01638199,0.07472305,-0.1804214,0.08479589,-0.1897647,0.06395952,0.0003264666,0.0373252,0.1421547,0.3095608
0.002119369,0.02930999,0.3734057,0.2360208,-0.8842326,0.04733162,0.6607695,-0.09403902,-0.3948121,-0.0768674
-0.3705512,0.004667475,0.01537997,-0.2093013,0.4279782,0.01709862,0.2287611,0.3617313,0.0593149,0.0731016
-0.3776389,-0.2280284,-0.2605877,-0.2939895,0.0003425617,0.3684189,0.1099159,-0.03220118,0.001391285,-0.07077134
0.03059334,-0.6645225,-0.01225884,0.05714321,0.3027557,0.7664073,1.809235,-0.03335672,-0.1503004,-0.4084513
0.4686252,-0.01962336,0.07117663,-0.3501696,-0.8105426,0.05264207,-0.2238752,-0.3070415,-0.4369828,-0.1731004
;
-0.02808228,-0.4807526,-0.14125,-0.06287736,-0.4656586,-0.1500559,0.6167836,-0.003077997,-0.1996623,-0.0295559
-5.339963E-07,-0.01831931,0.1324257,-0.1961341,-0.02621496,0.252514,0.5280389,0.07077839,-0.123887,0.3081862
;
-0.004746642
-0.176685
0.04670446
0.1243171
-0.06326789
-0.006218668
-0.4126
-0.04198097
-0.0008223203
0.03210789
;
-0.4692377,0.08223253,0.3885678,-0.03137179,-0.09285594,0.01622628,-0.03467419,0.01425821,-0.2914684,-0.04341349
0.128494,0.3253176,-0.08276538,0.08370894,-0.2092325,-0.07567465,0.3703802,-0.3879403,-0.5366443,0.430636
0.01592761,0.1794742,0.06070278,-0.00350902,-0.2789139,-0.4088094,-0.06689451,0.01430577,-0.1542117,-0.6216388
-0.1910393,0.006869629,-2.090015,0.4062926,0.2050025,0.002574512,0.4000356,0.003499982,0.01964701,0.497517
-0.1599863,0.01170439,-0.3533919,-0.002653786,-0.0843484,0.07737724,-0.2461264,0.1939199,0.2737648,0.3124992
-0.3101789,0.01623649,0.02434247,0.8514054,-0.01170965,-0.1175019,-0.08240348,0.08261921,-0.1408347,0.5417959
0.05002683,0.4881138,-0.006810068,0.0004439826,-2.005884,-0.2678168,-0.0008009033,-0.2384468,0.4884694,-0.2917856
-0.455233,0.1095824,-1.175826,-0.1246674,-0.2921389,-0.2030134,0.2292842,0.01137159,-0.00473649,1.529647
-0.1608132,-0.5916907,-0.3672673,-0.01285191,-0.2456389,-0.4122833,-0.2869814,-0.1262393,-0.2238849,0.1387839
0.357399,0.3593626,0.06063456,0.04651874,-0.1487066,0.1393173,0.3108114,-0.2328933,-0.2367684,0.30595
;
0.01262912,0.51043,0.004039694,-0.1688786,0.4075942,0.2654352,0.5893151,-0.3970869,0.0163813,0.02657574
0.00321137,0.1396472,0.2624522,-0.007625639,-0.09616047,-0.06530601,0.01146991,-0.01941574,-0.09328884,0.03084077
-0.2047353,0.1604432,-0.3192364,0.04117101,-0.02329723,0.4712152,0.06380741,0.3431019,0.4555427,0.2133852
;
0.02720615
-0.1177071
-0.02981049
0.4297769
-0.02347657
-0.003565119
-0.03591878
-0.1106755
-0.5724159
-0.01422782
0.2229295
0.4587986
-0.026741
-0.2130021
-0.1239609
0.2629834
-0.280122
-0.3995197
-0.2408939
0.08718544
-0.2386829
0.001777526
0.1575771
-0.1580777
-0.35788
0.04083592
0.4001453
-0.4569339
-0.002281899
-0.2407788
;
0.4202623,0.4814413,0.2856308,-0.01546552,0.03558508,0.101351,-0.0225334,-0.3653567,0.0006683469,-0.9013571,-0.2293609,0.3292807,-0.2623382,-0.006330441,0.4680929,-0.3563976,-0.001477846,-0.2422827,0.06222949,0.3694431,0.2189482,0.007431522,-0.04201039,-0.01765472,-0.09299362,0.01098484,0.09020821,1.177391,0.2808353,-0.2638723
-0.2370428,0.2790789,-0.1106595,-0.07838837,-0.2913941,-0.180478,-0.02837824,-0.05369956,0.4230751,-0.02172571,0.008829892,0.2132346,0.1997949,-0.2992235,0.01622911,0.05448026,-0.106396,0.1344887,0.0163975,-0.4951364,0.4119914,0.04067924,-0.3154539,-0.9325896,0.4607038,0.09039786,0.05505456,0.06195268,0.1259959,0.3541828
-0.3107476,0.4545543,-0.0009694821,0.4827991,-0.05497221,0.5667036,0.2842749,0.0175196,0.2188766,-0.4056479,-0.2283395,0.06029893,0.9499146,-0.4499192,-0.4936994,0.4149365,0.2501018,0.0235708,-0.2555608,0.4767164,-0.00309551,-0.6409025,0.03180756,0.0443309,0.4088213,0.5803114,-0.2041997,-0.0670107,0.1902808,-0.05476719
0.0209348,0.1508816,0.2982014,-0.3040902,-0.01286035,0.1971678,-0.1421988,0.08035415,-0.09256291,0.06012988,-0.4308523,0.00248814,0.3364613,0.01330131,0.1661707,-0.3219572,-0.09985077,0.3711303,-0.1071757,0.7456857,0.464306,-0.1350929,0.492282,-0.067662,-0.1270451,0.4773549,0.1638935,0.7237754,-0.04565749,-0.2075103
-0.2541572,0.2630191,0.01035458,-0.4826575,-0.5599941,0.3809451,0.4462992,0.4638612,-2.864292,0.2112149,-0.250877,0.00663694,0.2496894,-0.1988024,0.06597134,-0.0007403551,0.0292521,-0.112878,-0.1039316,0.003511535,-0.4411708,-0.03969492,0.01147202,0.3771071,-0.3893322,0.3312343,0.01059783,-0.265599,0.2659154,0.01667332
0.01626386,0.4076386,0.003690018,-0.001909761,0.2146827,0.2469314,-0.1808431,-0.0003113597,0.4603291,0.06116134,-0.513218,-0.2019072,0.09265257,0.008308261,0.3840218,-0.1023696,0.7092069,-0.207388,-0.1209398,0.9601014,0.03771217,0.1836511,-0.4313676,-0.2923505,-0.39244,-0.5589331,0.06199824,0.03056413,0.5499135,-0.03647069
0.1303069,0.1995838,-0.001227699,-0.09826928,0.5884576,-0.2261371,0.1634911,0.3268098,-0.2363813,0.1848744,1.872817,-0.4448387,0.2466951,0.0452091,0.467141,-0.05460292,-0.123697,0.3437963,-0.09225159,0.02033739,0.0004943538,-0.4668614,0.317463,0.00942415,0.1116613,-0.4643929,-0.1555341,-0.2451641,-0.5234506,-0.473388
0.1701151,-0.01259765,-0.002202571,0.01244932,0.06585451,-0.09942486,-0.4632624,-0.1657405,0.3885498,0.4143107,-0.5238093,0.4871238,0.1471533,-0.03167695,0.2131806,0.8434486,0.06676048,0.1125694,0.7585974,0.3952645,0.1614768,0.184648,0.006065619,-0.04752652,-3.767948E-05,0.001736136,-0.02514012,-0.06143254,0.4820943,0.05742437
0.1406197,0.03792018,0.06637126,0.432556,0.001311115,0.03101045,-0.3976709,-0.3472226,-0.1495097,0.06174033,-0.189589,-0.3495952,0.3505725,-0.2485902,0.001518002,2.484898,-0.1257004,-0.360577,0.07129861,0.6490446,0.4593375,0.2535651,-0.335294,-0.06978918,0.001150801,0.2972413,0.8583376,0.002885579,-0.2335004,-0.2760117
-0.3048972,0.1870098,0.1448822,0.6367775,-0.3021491,-0.09915096,-0.599163,0.2328727,0.5471081,-0.04579873,-1.026301,-0.3475509,0.3395689,0.06850223,0.0565117,-1.582118,0.07285196,0.03248113,-0.004559183,-0.2536258,0.2312381,0.02581537,-0.03605731,0.2126292,-0.04285691,0.03211515,-0.2952988,-0.159438,0.1574794,-0.07629136
-0.2422329,0.08815774,-0.01387152,0.02353325,-0.2170533,0.3082185,-0.3484257,-0.4915243,0.0201549,0.06878832,-0.4770458,-0.1126908,0.006691045,0.07423762,0.427708,0.006011474,0.02274639,0.2965306,0.4190167,-0.0049998,0.6464211,0.2252893,0.1609398,-0.008403945,0.02305282,-0.02402988,-0.02379694,0.1743329,0.1584848,-0.2999726
0.3408783,0.08892389,0.3515806,0.1755184,-0.2363152,-0.1263333,-0.6114386,0.001313907,-0.03801183,-0.06265364,0.4570087,-0.2562512,-0.2238246,0.004180656,0.4685062,0.02690773,-0.4835089,-0.7738345,-0.005076945,-0.238757,-0.4624478,-0.3536144,-0.1524979,0.1240038,0.2776105,0.05114599,-0.3431591,-0.06641236,-0.05807787,-0.0330116
-0.3714616,0.6484066,-0.3123353,-0.2943411,-0.1337759,-0.2342287,0.001664692,0.0006583994,0.3429984,-0.2493954,0.0006169406,0.1163217,0.9726744,-8.090503E-05,-0.6404749,0.4863353,-0.08398575,-0.1288499,0.02595606,-0.4804924,-0.6945643,0.2731402,0.02876002,-0.004599988,0.02215601,-0.01743563,-0.002153547,0.6772966,0.4688537,0.1901093
-0.5554805,0.06364319,0.1502019,-0.08344454,-0.03169196,-0.2075834,-0.07477311,-0.0006625523,0.1370084,-1.345774,0.4444457,-0.02941358,-0.3317791,-0.9411677,0.1556558,-0.421128,-0.2187091,0.3144736,0.3608049,-0.01174818,0.003012982,0.009345949,0.9326845,-0.0851621,-0.1317428,0.2740158,0.03472509,0.4381059,-0.419172,0.4198854
-0.06625276,-0.1685966,-0.3810587,0.06843822,0.06510307,0.109331,0.003232657,0.08464211,-0.4104275,0.211805,0.06107217,-0.5996427,-0.2934805,0.03718251,0.2104252,0.05792671,-0.1815651,0.003586716,-0.5222129,-0.4685545,-0.1591865,0.3155119,-0.1486642,-0.01634923,0.4145568,0.05281174,0.0102594,-0.1247273,-0.4692039,-0.4341664
-0.2058211,0.7459331,-0.2126346,0.01350546,-0.1258747,-0.7071438,-0.02002661,-0.3636407,0.418201,-0.04810962,-0.263783,-0.05688447,0.00193633,0.0001523336,-0.2135383,-0.1431611,0.03939741,-0.008055753,0.413344,0.3945927,0.8021832,-0.3567475,0.008108611,-0.2676114,-0.295822,0.02225665,0.2160531,-0.4963874,-0.7902234,0.1878168
0.1909811,-0.05038297,0.4058003,0.2395964,-0.01743451,-0.09303151,-0.03699537,-0.2048026,-0.08181839,-0.002484869,-0.1452023,0.001894045,-0.000164699,-0.1849753,0.3809192,0.3115801,0.003837562,0.025947,0.2520067,0.1143838,0.02263194,-0.09184271,-0.08427023,-0.3006298,-0.1886579,0.02037238,-0.2660831,-0.412826,-0.3481683,-0.4578254
0.0620808,0.01980054,0.3429759,-0.2516896,-0.5504537,0.5620931,0.01759454,-0.3294137,-0.2742153,0.4644334,-0.399718,-0.1265424,-0.2134319,-0.01336888,-0.05625409,0.2419752,-0.02576884,0.05925154,0.0399974,-0.476316,0.004200303,0.03850288,-0.06894988,-0.5751558,0.2513472,0.1010405,1.740752,0.04227489,0.1435542,0.2637768
-0.1776088,0.006928358,-0.0980664,0.06604683,0.302812,0.08280096,0.8563093,-0.2167965,0.2763491,-0.0158692,0.4359441,0.1256088,-0.005635436,0.01383073,-0.583995,0.9040793,-0.2614704,-0.08202241,-0.01655813,-0.007201703,0.1807917,-0.0004346865,0.06587525,-0.008922368,-0.9772236,-0.09614345,-0.3262852,-0.1274888,-0.4759736,0.0003255144
0.4331311,-0.02162336,-0.2945032,-0.03778533,0.3448274,0.2362554,-0.328722,0.321155,0.7413482,0.414427,-0.04850362,-0.05811236,0.06222178,0.05619698,-0.002197453,-0.29921,0.4522552,-0.4393225,-1.137345,6.251311E-05,-0.2316539,-0.103626,0.3066458,0.01098225,-0.4439981,-0.1302397,0.3162586,-0.02064654,0.7192596,-0.2351733
0.2275444,-0.02236884,0.01138433,0.02139916,0.02133342,-1.005263,-1.330252,0.01169209,0.7391728,0.1281949,0.009031259,-0.0644265,0.1142181,0.04109221,-0.5167009,0.01901725,0.208751,-0.7435861,0.1704593,0.1867896,-0.8682953,0.02476332,0.4519486,-0.09600431,1.029297,0.2564245,-0.04752281,0.6289518,0.5190596,-0.7073882
-0.0214756,0.1472702,-0.08613893,-0.306477,0.04948285,-0.197888,-0.07657796,0.02393872,0.00476085,-0.07728333,-0.2381776,0.5812114,-0.01277651,0.2254619,0.689673,0.00158418,0.1601026,0.2701157,0.4715333,0.006288697,0.002593268,0.01176253,-0.03380385,-0.06514914,0.007226928,-0.007570317,0.03626446,0.227045,0.4274166,0.4835283
0.01578862,0.3232392,0.07145661,-0.0004130954,0.194718,0.001821642,-0.4706062,-0.2838103,0.2180644,-0.5029026,0.04469675,0.3515742,-0.9760392,0.4463059,-0.05403832,0.182861,-0.3503674,-0.1098876,0.2803642,0.2070653,-0.3122442,0.04933423,0.08166707,0.3878487,-0.08064313,0.3381549,-0.5796922,0.4910107,0.1334765,0.4422306
-0.04078406,-0.2461458,0.3070042,-0.08888514,-0.006669899,-0.3965902,-0.0026418,0.00848863,0.1651442,-0.009664224,0.0006751309,-0.3573707,-0.0005095098,0.1811586,0.5336107,-0.3423003,0.1134451,0.09570219,-0.4949007,0.04129606,0.01085911,-0.01911579,0.2644906,-0.03669126,-0.7285665,-0.1131867,-0.2037329,-0.4963312,0.0410984,0.3295553
-0.3163674,0.2335629,0.3895308,-0.4296225,2.986947E-05,0.5608376,0.4923184,-0.3511165,0.0005429347,0.08799662,0.01187119,0.01952378,0.3568556,-0.06017495,-0.1111143,0.478742,0.04990311,0.04774299,-0.1933035,0.001862268,0.0973018,-0.1592405,0.3424942,0.1305791,-1.19129,-2.323901,0.2299167,0.01732793,0.0183055,0.1947286
-0.1285111,-0.4122907,-0.3909523,0.001805803,-9.997864E-05,-0.3872578,0.437345,0.09048229,-0.2432209,-0.06350172,0.01017088,-0.4867281,0.05732304,0.09803206,-0.7394379,-0.03542284,-0.400368,-0.3255246,-0.005547508,0.3370829,-0.780951,0.1838142,0.3411696,0.0797804,0.08637315,0.06006148,-0.08625704,0.1438942,-0.0001929755,-0.1827608
-0.2174052,-0.2310205,0.02208528,0.4025384,0.0073038,0.267049,0.6893527,-0.1527453,-0.01928595,0.04480504,-0.2056558,0.3693454,0.2850966,0.4884044,0.6933439,-0.1451685,0.1051969,-0.4778328,-0.1689457,0.07433552,0.09961897,-0.02540326,0.1203558,0.3951743,-0.1092089,0.3344669,-0.03528219,0.2381915,-0.1038307,-0.1231139
-0.5582958,0.3228757,0.2821913,0.02393537,0.1722331,0.06691925,-0.1533261,-0.3348912,0.4504434,-0.003602673,0.3935096,-0.2761834,-0.2460203,0.3754007,-0.4295854,-0.6699275,-0.003589332,-0.6006287,-0.2808516,-0.003491104,0.002542764,-0.6131194,-0.1728649,-0.05091876,-0.03103249,0.06398484,-0.5862449,-0.07696348,0.1005979,-0.4797394
0.1567346,-0.3437945,0.001100195,0.1489159,0.2525693,0.3306671,0.9627289,0.5126122,0.3778317,0.3086661,0.3875648,0.6469455,-0.0005189977,-0.3088955,-0.2533797,-0.3854498,-0.04390096,0.2445407,-0.466268,0.469918,0.1056729,0.2077498,0.273895,0.003331313,-0.1171268,0.1446748,0.3643926,0.0727851,-0.01858065,0.002061505
0.6363408,0.4440869,-0.005060869,-0.2577351,0.01225313,0.3501691,-0.04349167,-0.07179671,-0.4291131,0.2760783,0.001528645,0.2810525,-7.000561E-05,0.2336535,-0.2764875,0.0250956,0.01230956,0.0576184,0.004763857,0.02635622,0.764993,-0.2111782,-0.2190343,-0.4178557,0.2544512,0.00720437,-0.07179397,0.002713253,-0.03378274,0.09854025
;
-0.2156568,0.03957432,0.438028,-0.5509215,0.02628902,0.003309502,-0.3906105,0.003122151,-0.506052,0.5529125,-0.03121483,0.02830283,-0.4885608,-0.09445232,0.1587596,-0.2102594,-0.06079569,0.01895517,-0.01882031,-0.01259908,0.03117939,-0.0388018,0.112946,3.847872E-06,-0.0543979,-0.0121102,0.03169505,0.3377662,0.3873333,0.05011531
-0.0180747,-0.02487074,0.423686,0.2010391,0.09274453,0.02919215,0.09585982,-0.147376,0.01249832,-0.000899141,-0.1197558,0.01592704,-8.496626E-05,0.01923249,0.02349258,0.05499395,-0.02198835,0.2175428,0.3457478,-0.1249544,-0.02849526,-0.09634592,-0.5522494,0.0001397553,-0.07828389,-0.01715344,-0.0430395,-0.01424798,0.2096305,0.3108778
-0.02735228,0.2794729,0.3392095,0.3966876,0.002836883,-0.0690487,-0.1377212,0.07226882,0.0001959604,-0.4536112,0.07752663,-0.001387739,0.4640504,0.3807471,0.01768225,0.09266965,-0.2118257,0.118779,-0.1061308,-0.3317151,0.00276524,0.009498946,0.4419116,-0.1308845,0.3295058,0.3316714,0.1277911,-0.3951831,0.1607726,0.3905046
;
0.04842799
0.4680878
-0.3721766
-0.01413099
-0.002868593
-0.02065729
-0.2674642
0.00754675
-0.2677246
0.3435822
-0.273622
-0.01355184
-0.1882508
0.00113048
-0.3785288
-0.09448861
0.7602775
0.07898372
-0.3197659
-0.307707
-0.1339517
0.04900346
-0.4064194
-0.004209427
-0.455982
0.8093295
0.1959449
-0.02274976
0.2694364
-0.07792662
;
-0.03656475,0.4233452,0.03487047,-0.08725431,0.499102,-0.322335,0.01809477,-0.02783032,-0.0861496,-0.09838611,-0.07881484,0.2989099,0.3238934,-0.04450682,-0.7375502,0.0006630839,0.3046824,0.2830527,0.006156044,0.0115466,-0.04144852,-0.3541662,-0.02507504,-0.2115537,0.09544817,0.1358719,-0.01299233,-0.4538138,-0.04575468,0.1545984
-0.3076403,0.002369106,0.2718284,0.3533888,0.07376546,0.3985996,-0.1824793,0.03021348,0.2244609,0.4814816,0.1486248,-0.4405959,1.089092,0.0171765,0.1146579,-0.4180779,-0.004443347,-0.05716115,-0.361347,0.3185933,0.09542277,0.001327271,0.04383519,0.1615401,0.2628419,0.1812925,-0.1591173,-0.3604127,0.3464596,0.1004151
-0.02502478,0.4072547,0.0957759,-0.2434876,0.04591471,0.0003359583,0.4460863,-0.1534024,-0.1110237,0.4185574,-0.0002909109,-0.3066636,0.05606142,-0.4374344,-0.6032568,0.5832924,-0.4223228,-0.02828956,-0.08832837,0.1044349,0.2415246,0.3850549,-0.04748732,0.422889,0.1682552,0.05107621,0.3449312,-0.1821289,0.402663,0.2148508
0.1675665,0.03831023,-0.08620517,-0.4609655,0.2155132,-0.002371725,1.858669,4.43565,-0.9291559,-0.04388313,0.1671,0.2946208,-0.004782698,0.1161005,0.009243694,0.3227689,-0.08903687,-0.01031275,0.06985114,-0.1343344,-0.1289918,0.1091215,-0.1535711,0.1882102,0.161729,-0.2474734,-0.218501,0.1375861,0.06322866,0.143537
0.332462,0.3332312,-0.5074255,0.04420882,-1.128315,-0.4985259,0.2350878,0.1330154,-0.417956,0.2472972,0.05247777,-0.05281769,-0.3590153,-0.2739686,-0.2225448,0.1867433,-0.04182453,0.08184797,-0.2138791,0.2752955,-0.3894736,-0.483066,-0.03370261,0.03711751,0.02142936,0.0318335,0.3049135,0.1797863,-0.4307748,-0.02256799
-0.3012934,0.03548127,0.1002589,0.1476842,1.042277,-0.16163,-0.1729848,-0.001768346,0.4937406,-0.07446486,0.4561375,0.5498648,-0.5725676,0.0004392937,-0.5195283,0.1339088,0.3337929,-0.1904554,-0.4011243,0.298141,-0.1214322,-0.03595032,-0.02354589,-0.02790972,0.2610207,-0.05369817,-0.07419366,-0.01605992,0.0825364,-0.01467291
0.08669525,0.1407371,-0.7248018,-0.1290157,-0.3322145,-0.1660498,0.2312749,-0.2591949,-0.3673851,-0.04138244,-0.2695862,-0.04198119,-0.645546,-0.2152312,9.45896E-07,-0.2970015,0.06211122,0.01122835,-0.4699683,-0.4683883,-0.0309401,-0.5559521,-0.1647912,0.09763776,-0.2380482,-1.099475,-0.07356149,-0.001008423,-0.03535745,0.1040274
-0.3167447,0.5012178,0.3498447,0.4376192,-0.9398347,-0.3744874,0.4336488,-0.005499222,0.4939155,0.1458503,-0.5836738,0.1173101,0.08116037,0.03845849,0.1447104,0.3350208,0.00140178,-0.4380681,0.5442026,0.0169973,-0.2237963,0.2076641,-0.2208674,0.01508431,-0.04297476,0.09671572,0.01265888,-0.159256,0.0007271217,-0.2283634
0.9094392,0.003288046,0.427512,0.2852863,0.1712385,-0.05296898,0.3172997,-0.2922891,0.6662754,-0.001827093,0.2479793,-0.05072385,-0.1284648,0.1067321,-0.2060387,0.002680414,0.3690861,-0.05565767,0.01287968,-0.07138478,0.1821026,-1.396263,0.1206496,0.05078755,0.2046292,-0.11586,-0.0161564,0.2511668,-0.01367891,0.2460749
-0.06861899,-0.427104,0.3545084,-0.04649836,0.1347049,0.46683,0.1559842,-0.4539924,0.0108689,-0.2153472,-0.4091171,0.4033402,-0.450503,0.4558475,0.0001379661,0.3642374,0.6213807,-0.450546,0.1957911,-0.06375615,0.4606792,-0.2494925,0.002094314,-0.2054515,-0.03438641,0.0691177,0.2313748,0.2570099,0.1720534,0.1511799
0.3742253,-0.006371668,-0.4879737,-0.1236124,-6.021576E-05,0.0003673807,-0.1360491,-0.4615686,-0.05477611,-0.0450349,-0.3641607,-0.1361417,-0.5718319,0.2888781,-0.2182884,-0.5049503,0.3564259,-0.2458127,-0.07582451,-0.02604199,-0.3305186,-0.0247025,0.2793353,0.406402,-0.06466705,0.1139603,-0.06957427,-0.4563788,0.2293804,-0.285203
0.06336945,0.001494127,0.1259547,-0.2619908,-0.08696733,0.1706987,-0.05592281,0.3973277,0.3118266,0.02949653,0.115428,-0.02847725,-0.1706356,0.3593123,0.01231238,0.1678767,-0.03194441,-0.008232011,-0.0008400655,-0.3651152,-0.06860518,-0.4347728,-0.3581764,-0.002501477,0.494235,-0.005150646,-0.4079419,8.078561E-08,0.4825354,-0.0008202208
0.1127618,-0.01266335,-0.353338,-0.2119336,0.2527799,0.3796383,-0.4519519,0.03892911,0.07453877,-0.0726923,-0.005743284,-0.4478149,0.03629595,-0.09958225,0.2060692,-0.2665877,0.09650002,0.02140778,0.3319106,0.01921438,-0.003217281,0.6585827,-0.05965284,0.007022982,0.2294288,-0.007984232,0.0856931,0.02461042,0.3376793,0.07768232
0.2200382,-1.058831,-0.1447666,-0.135697,-0.717687,0.00354337,-0.1696563,-0.8867046,-0.3191985,0.0005121511,0.2823178,0.02693652,0.01595944,0.3342787,9.297424E-05,-0.4312927,0.3046186,-0.05090417,0.1462837,0.08478314,0.1997847,-0.8960713,-0.002591443,-0.166076,0.1918225,-0.1135709,-0.3205018,-0.335587,0.5944079,0.0232176
0.6879185,0.5113565,-2.345676,-0.04425731,-0.3646138,0.04574448,-0.1635955,-0.04425612,-0.233584,-0.3341503,0.1107434,0.1808329,-0.04613034,0.0863271,0.4258424,0.2823921,-0.4326661,-1.019169,0.04669036,-0.4079119,-7.327365E-06,0.08569235,-0.1842495,-0.04824863,-0.2044484,-0.2538121,0.1083036,-0.08354615,0.305005,0.02057129
-0.03230221,-0.1018024,-0.4999628,0.000102752,-0.04223686,0.00461269,-0.0005192602,0.01634036,0.004187602,-0.08742136,-0.04152064,-0.4219584,1.863861,0.3463278,0.002780147,-0.2232316,0.03567632,0.01671618,0.1176036,0.3544274,-0.3769204,-0.4762238,-0.0759713,0.03968725,-0.2885133,0.06938487,0.01367313,0.03551334,-0.2349101,0.3373124
0.6036525,-0.07653904,-0.01415983,-0.05223839,0.056794,0.4209919,-0.1992766,0.2652603,0.1032645,-0.2568219,-0.2417074,0.1290772,-0.0002844383,-0.3078976,0.05030318,-0.3706154,0.7085006,-0.1386187,0.528331,-0.2460481,-0.08611156,-0.1380239,0.01716461,-0.3691524,0.0003090551,0.7307824,-0.3770366,-0.5465192,-0.2318198,0.03975856
0.1455066,-0.1045294,0.2283343,-0.3089097,0.2396014,0.422989,-0.06162076,-0.4814714,-0.2059505,-0.2237263,0.08297724,-0.281081,-0.3564784,-0.02699997,0.1400192,0.3166313,-0.4455606,-0.1249756,0.003547835,0.02556468,0.4108541,0.0242663,-0.0009301354,0.05483888,-0.08155584,0.4718736,0.1650398,-0.549495,-0.2659589,0.2218823
-0.09793693,0.005346512,-0.2408404,0.3164048,0.2813343,0.4798216,0.1081534,-0.009423712,0.2226241,0.1976561,0.3825552,0.09318212,-0.09023487,-0.02351791,-0.1062121,0.1366687,-0.01246094,-0.33474,0.4879568,-0.01533124,0.4397471,-0.2676744,-0.07408509,0.09852093,-0.005154689,0.2060295,-0.2606723,-0.3487276,-0.498961,0.3915997
-0.04658831,-0.01396804,-0.09693121,0.004723738,-0.3318657,1.12898,-1.989927E-05,-0.08018094,0.1105017,0.05268009,0.0416044,-0.123474,0.3863698,0.06323449,-1.850168,0.2161722,-0.3074326,-0.2444049,0.05519541,-0.3610377,0.04352349,-0.07461604,0.5579706,-0.02622599,-0.1221028,0.0005994647,0.1038035,-0.001476062,-0.4554231,-0.1364025
-0.8386052,-0.01365592,-0.3258137,-0.02602619,-0.01455802,0.1642877,-0.2904857,-0.1251117,-0.03738731,-0.4420758,-0.1159153,-0.4884918,0.05486156,-0.02450585,-0.2719664,0.03787065,0.002898203,0.1578295,-0.3881075,-0.03226119,0.0845819,-0.4033841,0.3772599,0.01849094,0.1254797,0.1297214,0.0002867983,-0.005797449,0.02347626,-0.004004369
0.3757466,-0.1495009,0.3102878,-0.6015682,-0.002116703,-0.002162246,0.04138201,-0.08350743,-0.5082115,0.5072097,0.3144153,-0.1437364,-0.07407197,0.2035443,0.2812126,0.0009215107,-0.02185616,-0.7382811,0.3781621,-0.1127765,0.4304296,-0.02041089,-0.2471255,-0.3149241,0.04125488,0.06252886,-0.01592231,0.06906694,-0.008454594,0.05171335
0.00275816,-0.09775984,0.01010409,0.3428519,0.06795555,0.6891875,0.2851622,0.5612361,0.3442464,0.4424092,0.5224249,-0.08282598,0.8386385,-0.3977536,-0.4972932,0.2116069,0.01521273,0.01930209,0.2422334,0.01788706,0.07473218,-0.1542107,-0.0399474,0.1904886,0.3444555,-0.06442339,0.01677391,-0.09486505,-0.3539584,0.09732008
-0.008635067,-0.435347,0.1383722,0.1584079,0.1071618,-0.2803624,-0.7220901,0.1667262,-0.001463018,0.01452294,-0.03474647,0.0378569,-0.002586251,-0.462404,-0.05641896,0.09519048,0.1314885,-0.056896,0.04347104,-0.09097625,0.08164807,0.03258652,-0.06518304,-0.2196228,-0.2462221,0.1077873,0.01134627,-0.3710051,-0.05259988,0.05297325
-0.2333535,-0.09695983,-0.4777638,-0.04630396,-0.2518862,0.4255309,-0.2942394,-0.2323971,-0.06849235,-0.04894763,0.01299542,0.247793,0.06059127,0.3984157,0.1751578,0.4791562,-0.1500445,0.01731932,-0.2415595,0.1398373,-0.05130626,0.05066286,-0.1298335,-0.1109535,0.1172847,-0.1937293,-0.26438,0.0735564,-0.02190365,0.1133984
0.08097726,0.001485201,-0.2313132,0.2918492,0.08494633,0.3033326,-0.296881,-0.003081767,0.3701215,-0.08480781,-0.09830825,-0.1074423,-0.01560331,-16.87089,-0.08759969,-0.3298154,-0.3225111,-0.01210986,-0.7209383,-0.3025154,0.1521037,-0.2228702,0.2248346,-0.1912134,-0.1981521,-0.01466719,-0.01722645,-0.3644449,0.2247584,0.1701444
5.488878,0.1075297,-0.0001230003,-0.006878212,-0.1640899,-0.1268923,0.1529156,-0.139605,-0.09041625,-0.2441246,0.04597704,-0.2021157,0.3006525,-0.01549449,-0.5204479,0.4924613,0.0332603,-0.1395959,0.02517973,-0.01260598,-0.01931248,0.3367175,0.0908452,0.05583224,0.0007601916,0.0428974,0.007477541,-0.1242359,0.2761829,0.2149336
-0.483569,0.001603363,0.5495818,0.06852868,-0.1781309,-0.3141724,0.2864362,-0.09655625,0.0195628,0.09610483,0.6076095,-0.3598239,0.1723629,-0.1203035,0.02221826,-0.007261405,0.0714609,0.3333887,0.5024494,0.1227985,-0.001544532,0.3859435,-0.14947,-0.1274856,0.2917005,0.01972978,0.002737667,0.08026779,0.2781,-0.01014417
-0.2141928,-0.4000223,0.000983175,0.08425349,0.01157915,-0.09498352,0.02247797,0.3528546,0.01659163,-0.08826895,-0.07780717,0.1055016,-0.4280254,-0.026624,-0.2126485,0.8025485,-0.07811505,0.1390593,-0.3825325,-1.688851,-0.1263749,-0.1045986,0.4226651,0.02268237,0.7242813,0.08933225,-0.1235344,0.1365923,-0.2975546,0.4931937
-0.2822597,0.2668005,0.3892351,-0.001876939,-0.2987577,-0.3838456,-0.04228246,-0.01095229,-0.05638776,0.09292717,1.26965,-0.1883903,-0.06703056,-0.5339734,0.4553596,0.3563972,-0.3483714,0.3294961,0.2851011,0.01366001,-0.1678877,0.3705137,-0.03935204,-0.2216578,0.2328494,0.4365195,0.3333304,0.7735783,-0.04017988,-0.3261611
;
0.3990871,0.2534023,-0.002646134,0.003334327,0.4438735,0.0690977,0.06695204,-0.2892931,0.5823723,-0.4499831,-0.0001665367,0.03901872,0.3799116,0.002516634,-0.2808501,-0.1113524,-0.3495441,0.03157676,-0.1725824,0.1043202,0.2105398,-0.06565514,-0.4677454,0.007265775,-0.1080766,-0.7913081,-0.04148245,0.0968267,0.2998005,-0.02955464
-0.153292,-0.4150081,0.001910646,-0.02626917,0.317126,0.6633176,0.07692701,0.02185323,0.1163481,0.2583492,0.2475604,0.5229954,-0.4975934,-0.3954515,-0.1432445,0.3349606,-0.06809238,-0.0187749,-0.4062597,-0.1830092,0.1228886,-0.1051758,-0.002725655,0.1784548,-0.2943051,-0.04735869,0.05582794,0.1429777,-0.1231642,-0.05929853
0.1844562,0.07681987,0.1846079,-0.3498876,0.1904377,-0.1676992,-0.008162864,0.009157402,-0.488783,-0.3205849,0.1085427,-0.1861001,-0.4063842,-0.139435,-0.5506608,0.00624041,0.05824561,-0.1617097,-0.270622,-0.006874255,0.08460628,0.7327322,-0.1028103,0.1375941,-0.2510096,-0.04086849,0.011779,0.2708433,-0.2223931,-0.3517389
;
