-0.3670362
0.4146743
-0.2379008
-0.1712874
-0.0002914395
-0.01577439
-0.3375701
0.1906627
-0.252896
0.6487693
;
-0.4985564,0.04358715,0.3459703,0.002816626,-0.2557169,-0.05862785,0.1211134,-0.008234228,0.5231522,0.1942817
-0.7434881,0.3415335,0.07887174,-0.1199889,0.03046263,0.1869773,-0.01218649,-0.09991631,0.2353679,-0.2155333
0.001565091,0.09872265,-0.2112047,0.06171197,-0.2418013,0.3052704,-1.430617E-07,0.4931829,-0.6477107,0.3923104
-0.7042783,0.1808942,2.20674E-05,-0.0894137,0.44848,-0.143788,-0.009728492,0.07082075,0.2484144,0.1694917
-0.031134,0.006419169,-0.8657816,-0.1412836,-0.1897647,-0.02420706,-0.4089787,0.0373252,-0.05474042,-0.3095608
0.002119369,0.02930999,-0.3734057,0.2360208,0.4874002,0.04472338,-0.2296692,-0.09403902,-0.8465391,-0.1803413
0.4378914,-0.002433407,0.01537997,0.6743263,-0.4242363,0.009748125,0.3470312,-0.2740546,0.0532002,-0.3504215
0.2495854,-0.2280284,-0.1846819,-0.1691114,-0.2423368,0.3684189,0.1099159,0.03916143,0.000781504,-0.07077134
-0.03059334,-0.6645225,-0.07332368,-0.4499727,0.3027557,0.006364683,1.809235,0.03335672,-0.1503004,-0.4084513
-0.001418261,0.04935331,0.02206766,0.5707662,0.8105426,0.09359556,0.2549148,0.09029716,-0.05783552,0.3760836
;
-0.01546428,-0.06341902,0.2777597,-0.104578,0.2461841,-0.2184076,-0.3209771,0.1877192,-0.3165617,-0.0427919
-5.339963E-07,0.01831931,-0.02072879,-0.1961341,-0.04713945,0.252514,0.01367706,0.04551858,0.5847397,-0.1941409
;
-0.004746642
-0.2597456
0.04670446
0.1243171
-0.06326789
-0.006218668
-0.4126
0.4475129
0.4836533
0.03210789
;
-0.1646618,0.1738456,-0.3885678,-0.03137179,-0.02284242,0.01622628,-0.1138068,0.01425821,-0.2914684,-0.04341349
0.128494,0.3253176,0.003812023,0.08370894,-0.2092325,-0.07567465,0.3703802,-0.2324679,0.5366443,0.1303636
0.1036622,0.1794742,0.06070278,-0.00350902,-0.1102467,-0.4088094,-0.06689451,0.02726966,-0.08054477,-0.6216388
-0.1910393,-0.006869629,-2.090015,0.07623211,0.2050025,0.002574512,0.4000356,0.005924013,0.01964701,0.497517
0.1296802,0.01170439,-0.3670906,0.1328506,-0.0843484,0.1981845,-0.2461264,-0.1939199,0.2737648,0.06576675
-0.3101789,-0.08452553,0.02434247,0.1977375,-0.01170965,-0.1175019,-0.08240348,-0.08261921,-0.1384706,0.5417959
0.05002683,0.7286648,-0.006810068,0.0004439826,-2.005884,-0.2678168,-0.0008009033,0.2384468,0.4884694,-0.2932928
0.3588129,0.1095824,-1.175826,-0.1246674,-0.2921389,0.2030134,0.2292842,0.01137159,0.005609657,-1.66
-0.1608132,-0.5916907,-0.3672673,-0.01285191,-0.2456389,-0.08201367,-0.2869814,0.1262393,-0.1354493,0.07791811
0.357399,0.3593626,-0.06063456,-0.07472202,-0.1487066,0.03555707,0.3108114,-0.3925982,-0.2367684,-0.30595
;
0.01262912,0.1971852,-0.004039694,-0.1688786,0.4075942,0.2654352,0.04906732,-0.3970869,-0.0163813,0.02657574
0.00321137,0.1396472,0.2624522,-0.007625639,-0.09616047,-0.06530601,0.01146991,-0.01941574,-0.09328884,0.040998
-0.319064,0.07012147,-0.3192364,0.04117101,0.02329723,0.4712152,-0.06380741,-0.3431019,0.4555427,0.2133852
;
0.04437519
-0.2491124
-0.4817075
0.506605
-0.02347657
-0.003565119
-0.03591878
-0.1106755
-0.5724159
-0.01422782
0.2229295
0.4587986
-0.026741
0.3931158
-0.1239609
0.2629834
-0.280122
-0.3995197
-0.2408939
0.1119559
-0.2386829
0.001777526
0.1575771
0.1580777
-0.35788
0.04083592
0.4001453
-0.4569339
0.2285156
0.3016571
;
0.4202623,0.2582067,0.2856308,-0.01546552,0.03558508,0.101351,-0.0225334,-0.4087123,0.0006683469,0.2516586,0.2293609,0.3292807,-0.2623382,-0.009616259,0.4680929,-0.3563976,-0.001477846,-0.2422827,-0.06222949,0.5557307,0.2189482,0.007431522,0.04201039,-0.01765472,0.2416832,0.1557177,-0.09020821,2.344973,0.2808353,-0.2638723
-0.2370428,0.4946544,0.1106595,0.03949171,0.2913941,-0.180478,-0.02057878,-0.05369956,0.4230751,-0.02172571,0.008829892,0.03101426,0.1997949,-0.3679773,0.006708024,0.05448026,-0.2669528,0.1513971,-0.317727,-0.4951364,0.4119914,0.04067924,0.3154539,-0.9325896,0.4607038,-0.03244096,-0.4588406,-0.06195268,0.04470251,0.4688022
-0.3107476,0.4545543,-0.0009694821,0.4827991,0.09253639,-0.5667036,0.2842749,0.0175196,0.1037803,0.05756799,-0.2283395,0.06029893,0.9499146,-0.4499192,-0.4936994,0.4149365,-0.2501018,-0.01296388,-0.2555608,0.4767164,-0.00309551,-0.6409025,0.03180756,0.0443309,0.4088213,0.5803114,-0.2041997,-0.0670107,-0.1902808,-0.1034256
-0.3768662,0.04497162,0.2982014,-0.3040902,-0.2764752,0.1971678,-0.1421988,0.08035415,-0.09256291,-0.06012988,-0.4308523,-0.1353673,0.3364613,0.01330131,0.1661707,-0.3219572,-0.06307163,-0.4082397,-0.06194669,0.7456857,0.3449706,-0.1350929,0.492282,-0.05044132,-0.4732871,0.4773549,0.1638935,0.2834973,0.3484221,-0.2075103
0.2045999,0.2630191,0.004210129,-0.8318824,-0.5599941,0.3809451,0.4462992,-0.4638612,-2.864292,0.2112149,-0.250877,0.00663694,0.2496894,-0.1988024,0.1284029,-0.0007403551,-0.0292521,-0.112878,-0.1039316,0.003511535,-0.4411708,-0.03969492,-0.3329482,0.3771071,-0.3893322,0.1587553,0.01059783,-0.265599,0.4956303,0.01667332
0.2586936,0.4076386,0.003690018,-0.001909761,0.2146827,0.2469314,-0.315536,-0.0003113597,0.4603291,0.06116134,-0.3225546,-0.309343,0.09265257,0.008308261,-0.4985478,-0.01976033,0.7092069,-0.207388,-0.1209398,-0.01319617,0.03771217,-0.1836511,-0.4313676,-0.2923505,-0.39244,-0.5589331,-0.06199824,0.03056413,-0.1246993,-0.03647069
0.1303069,0.1995838,-0.2236955,-0.1431096,0.04212442,-0.4508624,-0.433323,0.3268098,-0.2363813,0.1341192,1.872817,-0.4448387,0.2466951,0.0452091,0.467141,-0.05460292,-0.123697,0.3437963,-0.09225159,0.2932836,0.0004943538,-0.4668614,-0.2258117,0.00942415,0.1116613,-0.7810243,0.3230107,-0.2451641,-0.2686245,-0.5061679
0.2374491,-0.01259765,-0.002202571,0.01244932,0.1148089,-0.09942486,-0.4632624,-0.1657405,0.4207931,0.4143107,-0.342347,0.4871238,0.1471533,0.03167695,0.2131806,0.8434486,0.06676048,0.02213008,0.3321469,0.2901814,-0.1614768,0.184648,0.006065619,-0.04752652,-3.767948E-05,0.001736136,-0.02514012,-0.06143254,0.4820943,0.05742437
0.1406197,-0.03792018,0.06637126,0.432556,0.0003362936,0.03101045,-0.3976709,0.3472226,-0.1495097,0.06174033,-0.01922846,-0.3495952,0.03669022,-0.2485902,-0.001641202,2.484898,-0.1257004,-0.4021512,0.07129861,0.6490446,0.4593375,0.2535651,-0.335294,-0.06978918,4.974374E-05,0.2972413,1.519251,0.002885579,-0.2335004,-0.2760117
-0.8925287,0.1870098,0.1448822,0.6367775,-0.3021491,-0.09915096,-0.1887809,0.2328727,0.5471081,-0.04579873,0.02362746,-0.3475509,0.3395689,-0.2998922,0.08128581,-1.695741,0.07285196,0.03248113,-0.004559183,0.2536258,0.2312381,0.02581537,-0.01163552,0.01140571,-0.04285691,0.03211515,-0.4481829,0.2431332,0.1574794,-0.07629136
-0.2422329,0.0293474,-0.01387152,0.02353325,0.4593841,0.3082185,-0.3484257,-0.4915243,0.1376833,0.06878832,-0.4770458,-0.1126908,0.009564131,-0.3002651,0.427708,0.006011474,0.003742334,-0.2965306,0.4190167,-0.0049998,0.6464211,0.2252893,-0.1609398,-0.008403945,0.02305282,-0.02402988,0.02379694,0.1743329,0.1584848,-0.2999726
0.6188263,0.08892389,0.3515806,0.1755184,-0.4181425,-0.1263333,-1.241628,0.001313907,-0.03801183,-0.06265364,0.2459431,-0.2562512,-0.2238246,0.09019154,0.4685062,0.02690773,-0.5435776,-0.7738345,-0.005076945,-0.238757,0.4624478,-0.5812919,-0.1524979,0.1933231,0.2776105,0.05114599,-0.3431591,0.4430977,-0.05807787,-0.0330116
-0.3714616,0.6484066,-0.3123353,0.2943411,-0.1337759,0.2932075,0.001664692,0.0006583994,0.5592258,-0.4086419,-0.4042734,0.1163217,0.9726744,-0.0001037923,0.6404749,0.3362333,-0.08398575,-0.1288499,-0.02969571,-0.4804924,0.6945643,0.2731402,0.02777433,0.4628352,0.02215601,-0.01743563,-0.002153547,0.6772966,0.4688537,0.1901093
-0.5554805,0.06364319,0.1502019,-0.08344454,-0.03169196,-0.2075834,-0.07473874,-0.0006625523,0.1370084,-1.345774,0.6379973,0.1017323,-0.3317791,-0.9411677,-0.4228293,-0.620264,-0.2187091,-0.3249363,0.3608049,-0.002503043,0.003012982,-0.4133193,0.9326845,-0.1428553,-0.1317428,0.2740158,0.03472509,-0.4381059,0.06801438,0.4198854
-0.06625276,-0.1685966,-0.3466235,0.116085,0.06510307,-0.4924092,-0.004124872,0.08464211,-0.4104275,0.2083098,0.06107217,-0.5996427,-0.2934805,-0.4645818,0.2104252,-0.2512695,-0.1815651,0.003586716,-0.1284252,-0.4685545,-0.1591865,-0.3155119,-0.2011192,-0.01634923,0.4145568,0.05281174,0.0102594,-0.1247273,-0.4692039,-0.4341664
-0.2058211,0.4311532,-0.3995593,0.01350546,-0.1258747,-0.2425061,-0.01455897,-0.3636407,0.418201,-0.04810962,-0.263783,-0.05688447,0.00193633,7.104047E-05,0.2135383,-0.1431611,0.03939741,-0.008055753,0.413344,-0.3945927,-0.8021832,-0.3567475,0.01446263,-0.05473752,-0.295822,0.02225665,0.3122928,-0.4963874,-0.7902234,0.1878168
0.1909811,-0.05038297,0.2538196,0.2395964,-0.01743451,-0.0455547,-0.04144834,0.415969,-0.02206171,-0.002484869,-0.2407419,0.001894045,-0.000164699,0.2172006,0.6064733,0.1988332,0.04115504,0.025947,0.2520067,-0.4348817,0.03796269,-0.09184271,-0.1233328,-0.3006298,-0.1886579,0.02037238,-0.4705647,0.412826,-0.3481683,-0.6591058
0.0620808,0.01085611,0.3429759,-0.2516896,-0.5504537,0.5620931,-0.01759454,-0.3540256,0.08151275,0.1851532,-0.1086602,-0.1266341,-0.2134319,-0.01336888,-0.05625409,0.2419752,-0.02576884,0.05925154,0.0399974,-0.476316,0.004200303,0.03850288,-0.06894988,-0.5751558,-0.426379,0.1591285,0.04405576,0.02690091,0.1435542,0.09966092
-0.3430254,0.006928358,-0.0980664,-0.06604683,0.302812,0.08280096,0.8563093,-0.2167965,0.2763491,-0.0158692,0.4359441,0.1888127,-0.005635436,0.01383073,-0.583995,0.9040793,-0.4364918,-0.08202241,-0.01655813,-0.01151804,0.1807917,-0.0004346865,0.0123885,0.008922368,0.09167074,-0.09614345,-0.3262852,-0.1274888,-0.2432755,-0.0003255144
0.4045341,-0.02162336,-0.1106905,0.1304318,0.3448274,0.2362554,-0.328722,0.321155,1.303368,0.414427,-0.09405264,-0.05811236,-0.04648334,-0.3214756,-0.002197453,0.29921,0.4522552,-0.4393225,-1.137345,6.251311E-05,-0.2316539,-0.103626,0.3066458,0.01098225,-0.7505581,-0.1302397,-0.2304557,0.0007739951,-0.7192596,-0.2351733
-0.2275444,-0.02236884,0.01138433,0.02139916,-0.02133342,1.005263,-0.09721249,-0.01169209,0.7391728,-0.3872539,0.00132913,-0.0644265,0.1142181,0.04109221,-0.4579506,0.02213325,-0.208751,-0.7435861,-0.1704593,0.1867896,-0.8682953,0.02476332,0.4519486,-0.07162172,1.029297,0.2564245,-0.04752281,0.6289518,0.5190596,-0.7073882
-0.02198958,0.1472702,-0.04667228,-0.306477,0.04948285,-0.197888,-0.07657796,-0.02393872,0.002070137,0.07728333,-0.2381776,0.4051848,-0.01397288,0.2254619,0.689673,0.00158418,0.1601026,0.2701157,0.2202947,0.006288697,0.004069522,-0.305737,-0.03380385,-0.06514914,0.007226928,0.007570317,0.03626446,0.227045,0.4274166,-0.2878869
0.01578862,0.3232392,0.07145661,-0.0004130954,0.194718,0.001821642,-0.4075345,-0.2838103,0.2180644,-0.5029026,0.0740518,0.3515742,-0.9760392,-0.4440225,-0.05403832,0.182861,0.01868862,-0.1957725,0.2803642,0.2070653,-0.3122442,0.04933423,0.08166707,0.3878487,-0.08064313,0.3381549,-0.5796922,0.4910107,0.1334765,-0.04154965
-0.04078406,-0.03873701,-0.1810856,-0.08888514,-0.1259775,-0.3965902,-0.005947304,0.00848863,0.1651442,-0.009664224,0.0006751309,-0.3573707,-0.0005095098,0.1811586,0.5336107,-0.3423003,0.1134451,0.09570219,-0.4949007,0.04129606,0.01085911,0.03659362,0.2644906,-0.03669126,-0.3616379,-0.1131867,-0.198612,-0.4963312,0.0410984,0.3295553
-0.3163674,0.03613645,0.3895308,-0.4296225,-2.986947E-05,0.5608376,0.08714825,-0.02010924,0.0005429347,-0.330503,0.01088735,-0.01952378,-0.1277288,-0.06017495,-0.1111143,0.478742,0.04990311,0.04774299,-0.1933035,0.001862268,0.0973018,0.1592405,0.0472893,0.1305791,-1.19129,-2.323901,0.06970046,0.01732793,0.0183055,0.1947286
-0.1285111,0.008832633,0.3909523,0.001805803,-9.997864E-05,-0.3872578,0.437345,0.0358046,-0.2432209,-0.06350172,0.01017088,-0.4867281,0.05732304,0.120503,-0.7394379,-0.03542284,-0.400368,-0.3028326,-0.005547508,0.3370829,0.4565743,-0.1753694,0.3411696,0.0797804,0.08637315,0.06006148,-0.08625704,-0.1438942,-0.0001929755,-0.333728
-0.1558293,-0.2310205,-0.04187473,0.4025384,0.0073038,0.267049,0.6893527,-0.1527453,-0.03621172,0.04480504,0.01500871,0.3693454,0.2850966,-0.2936382,0.6933439,-0.2281695,0.1051969,-0.4778328,-0.1689457,-0.3926604,0.09961897,-0.01787704,0.1929079,0.3951743,-0.1092089,0.3344669,-0.03528219,-0.2381915,-0.1038307,-0.1231139
0.5582958,0.6242542,0.2821913,0.02393537,0.1722331,0.06691925,-0.1026001,-0.3348912,0.1197312,-0.003602673,-0.7595698,-0.2761834,-0.1840703,-0.01008946,-0.4295854,-0.6699275,-0.0006769,-0.6006287,-0.4161591,-0.003491104,0.002542764,-0.6946329,-0.2570195,-0.05091876,-0.06203787,0.06398484,0.5862449,-0.07696348,0.1005979,-0.4797394
0.2406195,-0.2743324,0.4799745,0.07458198,-0.2525693,0.01280493,0.9627289,-0.2621613,0.6082076,-0.08912808,0.3875648,-0.4636465,-0.0005189977,0.2778146,0.3266497,-0.3854498,-0.0680296,0.2445407,-0.466268,0.469918,0.1460535,0.2077498,0.273895,0.003331313,0.3570739,0.2005709,0.3643926,0.0727851,-0.01858065,0.003184825
0.6363408,-0.4440869,-0.005644456,0.06467015,0.01225313,0.3501691,0.04349167,0.1226749,-0.2280186,-0.3921522,0.001528645,0.2810525,-7.000561E-05,0.3532077,-0.2764875,0.0250956,0.01230956,0.0576184,-0.0436278,0.008942252,0.764993,-0.07459476,-0.2307333,-0.4178557,0.2544512,0.00720437,-0.07179397,-0.002713253,-0.03378274,0.09854025
;
-0.2156568,-0.03957432,0.1383558,-0.5509215,0.05045834,0.003309502,-0.3906105,0.003122151,-0.506052,0.5529125,-0.03121483,0.02830283,-0.4885608,0.4536178,0.1587596,-0.1248109,-0.06079569,0.001229857,-0.0007401178,-0.01259908,0.4881915,-0.0388018,-0.112946,-0.4550828,-0.0543979,0.01221643,-0.03169505,-0.106447,0.4697827,0.05011531
-0.4282171,-0.02487074,0.423686,-0.328828,0.09274453,-0.278985,0.02907506,-0.147376,0.01249832,-0.000899141,-0.1197558,0.01592704,0.1248441,0.01923249,0.02349258,-0.2201661,-0.02198835,0.2175428,0.3457478,-0.1249544,-0.02849526,-0.09634592,-0.5522494,0.0001397553,-0.07828389,-0.01715344,-0.03116578,-0.02124439,0.2096305,-0.04561853
-0.239885,0.2794729,0.3392095,0.3966876,0.002836883,-0.0690487,-0.1377212,0.07226882,-0.0001959604,-0.838151,0.07752663,-0.001387739,-0.7306373,0.3807471,0.01768225,-0.4591058,-0.02584543,0.118779,-0.1061308,-0.4454166,-0.00276524,-0.009498946,0.4419116,-0.1308845,0.3295058,0.3316714,0.1277911,-0.3951831,0.1126181,0.4070036
;
0.04842799
0.3268112
0.2175134
-0.009023191
0.353357
0.1708471
-0.2674642
-1.993701
0.4757699
0.107292
0.1393616
-0.008188381
-0.06663077
-0.0004141458
0.3785288
0.4342487
-0.1094411
-0.0660091
0.4240568
-0.04148562
-0.01234863
-0.1496205
0.1808437
0.0003030973
-0.1792772
0.3105661
0.1959449
-0.1666521
0.3148814
0.1752043
;
-0.6969643,0.5032925,0.09146437,0.1238796,-0.03288037,-0.03300685,-0.007365093,0.1203836,0.0861496,0.06922604,-0.2358893,0.1999628,-0.2505391,-0.04450682,0.4444358,0.3535392,0.004181174,-0.02319575,-0.0242011,0.08209997,-0.002941018,0.2866012,0.1002716,-0.2115537,0.1893637,-0.02441116,0.2933556,0.05208725,-0.005978405,0.2601919
0.1415167,-0.002369106,0.1664556,0.3924475,0.01684457,-0.04633576,0.3031343,-0.02982637,-0.1434266,-0.9258307,0.02858811,0.2410124,0.4010313,0.01771729,-0.3327471,0.3226386,-0.04369197,-0.05716115,-0.4320784,-0.3185933,-0.3274063,0.001671096,0.04383519,0.1882806,0.2628419,0.7112492,-0.08194494,0.4526238,-0.1713843,0.09373675
0.2466798,0.3490351,-0.0957759,0.1276969,0.06582648,0.001251838,0.9190528,-0.1242489,-0.07842071,0.06117326,-0.0004819437,-0.2370638,0.8286929,-0.1919313,-0.3482472,-0.5453308,-0.1361374,0.06683242,0.4192789,0.06159023,-0.3711174,0.3850549,-0.0867182,-0.1772078,0.2909416,-0.3493171,0.6996361,-0.263928,0.5495372,0.2148508
0.1813942,0.2462865,-0.3957117,0.3041728,-0.2780288,0.001165402,1.858669,2.579547,-0.4295071,-0.04388313,0.2855034,0.2280444,-0.01517767,0.1161005,0.02565616,-0.2100397,0.05599401,0.02330125,0.4345793,-0.2885993,-0.05633633,0.001087722,0.426654,0.3393003,-0.3296788,-0.2474734,0.2532301,-0.4801587,0.02866036,-0.03899252
-0.008548993,0.5611091,-0.3375926,0.2989497,-0.7632891,0.001511344,-0.05077193,0.4508303,0.3365926,0.6441281,-0.3549696,0.07242538,-0.1449767,0.443586,-0.1173182,-0.0004667054,0.3168623,0.2966541,0.8986536,0.1102301,0.05185694,-0.3288384,0.3067868,0.03711751,-0.3124601,0.02623438,-0.1685326,-0.03753442,0.2776952,-0.008463914
0.1167554,0.03548127,-0.1002589,0.02968107,0.09805512,-0.2303025,0.6105468,0.03523917,-0.5446931,0.1302044,0.4561375,2.352913,-0.5725676,0.3534843,0.4310108,-0.1374884,0.3025901,-0.1101967,-0.1702094,-0.001818105,-0.4015849,-0.4819463,0.01307591,-0.3317858,-0.2610207,-0.07896418,-0.408324,0.0292599,0.08855477,-0.004513893
-0.06088649,-0.08905283,0.2356365,-0.04991633,0.2717919,-0.07303208,0.0006315845,-0.01067902,0.3760684,0.02248768,9.350666E-05,0.1458483,-0.09997779,-0.2033101,0.0001008407,0.1153369,-0.2904474,0.3353338,0.3301587,-0.09077355,-0.006716779,-0.1166014,-0.09265263,0.2985195,-0.1476258,-0.3290977,-0.2217819,0.02058002,-0.01912552,0.4935747
0.1177961,-0.7270678,0.5190622,0.3944397,-0.2971941,-0.6122177,0.8081558,0.005499222,0.4939155,0.1018991,0.1666169,-0.1173101,-0.06575745,-0.01035374,0.1447104,0.3350208,-0.00140178,-0.4380681,-0.4986835,0.07826435,0.05437798,-0.02361212,-0.3979841,0.0005268928,-0.06198546,0.09671572,0.01729061,-0.159256,-0.09109632,-0.2590519
-0.3143048,-0.5542086,-0.05988694,0.2852863,-0.1712385,1.089428,-0.07248324,-0.5527816,0.6662754,0.001608188,-0.483211,0.09372165,-0.01440941,-0.05463213,0.2060387,0.8179463,0.3690861,0.07413439,-0.01189214,0.2474123,-0.1821026,0.252902,0.1330271,0.05078755,0.4641875,0.11586,0.02083,0.4914435,-0.0001277906,0.326346
-0.02289444,-0.728296,0.3907952,0.1139601,0.04113482,-0.009889164,-0.2590209,-0.4380387,0.3759713,0.2910933,-0.501013,0.3186549,0.0237825,-0.2050007,0.2092227,0.3642374,0.5708439,-0.8052942,-0.3618076,-0.06375615,-0.516127,-0.3124741,-0.2874329,0.08989054,-0.3508888,-0.3711569,-0.4253746,0.4334883,0.4997605,-0.01240193
-0.3783489,0.001335431,-0.3131771,0.1236124,0.003527813,0.003251649,0.007761856,-0.00438461,1.027001,0.004230559,0.4012581,0.4780997,-0.1372058,-0.2221279,0.5893698,0.4456071,0.01693778,0.2873552,0.07582451,-0.01304977,-0.2047509,0.03195416,0.008654597,0.1846168,0.04956476,0.2619188,0.3633254,-0.1583541,0.09576339,0.4242306
-0.1053493,-0.02903157,-0.4367752,0.05939931,0.0596686,0.4714468,0.003632009,-0.1965172,0.09307986,0.02949653,-0.1687994,0.02847725,0.1706356,-0.121747,0.0005909694,0.2036752,0.06066332,-0.01203388,0.02732731,0.3651152,0.06860518,-0.5100792,0.1839706,-0.08493243,0.494235,-0.00641699,0.2465479,2.361943E-07,0.9879523,-0.0006367752
-0.3273844,-0.01339157,-0.4182305,-3.530377,0.2527799,-0.3059263,0.01586952,0.08102307,-0.08143741,-0.08275348,0.005743284,-0.4478149,0.1772474,0.09443428,0.157157,0.1532514,0.004772637,0.02140778,-0.2836459,0.001473012,-0.0965604,0.09088996,-0.05965284,0.335564,0.2294288,-0.004978903,-0.1488641,0.5336136,0.2309178,-0.2493687
0.2019831,0.2849659,-0.03855008,-0.08127023,-0.4587922,-0.003254913,0.3387831,0.4606478,-0.3191985,0.465875,-0.3677289,0.08167899,0.01595944,0.4120824,-9.297424E-05,-0.1929029,-0.198374,-0.09551048,0.08676444,0.08883196,0.1800725,-1.11024,-0.001812749,-0.4096709,0.4775858,0.5933334,-0.3582352,0.05695548,0.1352493,0.1132781
0.500083,-0.5113565,2.345676,-0.04425731,0.06294388,-0.0036121,-0.1635955,0.02782957,0.233584,0.1663387,-0.05716816,-0.1548599,-0.03167859,0.08423599,0.6892768,0.4434446,-0.1700076,-0.6282562,0.04669036,0.1738213,-7.327365E-06,-0.08569235,-0.1996592,0.2489001,0.437646,0.3667257,-0.5567061,-0.06768515,-0.05507249,0.01637357
-0.01825655,0.2449466,-0.4999628,8.944719E-05,-0.5815573,0.001351318,0.05878643,-0.1370636,-0.2441258,-0.08742136,-0.3893666,-0.3718218,-0.3522331,-0.4315869,0.1432284,-0.00416345,0.03567632,-0.4572157,-0.1789641,0.1865662,-0.3121763,-0.1927055,0.08378039,-0.04722577,-0.5255375,-0.6207519,0.01367313,0.1063372,-0.2349101,0.06636158
0.6036525,0.1401997,0.01256832,-0.07329749,0.1035579,0.4209919,0.2621045,0.02495913,-0.1032645,-0.0685702,-0.07482153,0.1954212,0.0002844383,-0.1313832,0.2520262,-0.03997439,-0.06216004,-0.01929502,0.1011974,-0.005925844,-0.2851728,-0.5938997,0.005052579,-0.7310073,0.000147636,0.7307824,-0.4548895,-0.5465192,0.332193,0.04191166
0.1539141,-0.09951073,0.2832063,-0.210962,-0.2605233,-0.191638,0.07772273,0.1440111,-0.2059505,-0.2237263,-0.08297724,-0.1965305,1.026087,0.001701105,-0.3317593,-0.3456104,0.3588628,0.02183763,0.006695479,-0.02556468,-0.001193798,0.03626328,-0.4728612,-0.5109671,0.1099442,0.1142785,0.2244544,-0.03435943,0.1389883,-0.01210666
-0.2071638,0.4018099,0.3545395,0.4701279,0.009409328,0.4798216,-0.1081534,0.07223803,-0.325915,-0.03815955,-0.9628412,0.1077421,-0.3097438,0.297752,-0.4502177,0.1993794,-0.01438874,0.33474,0.4015436,0.02681135,-0.07771318,-0.5873032,-0.04062025,-0.08393428,-0.04145042,0.1501674,0.0009587227,0.1695651,0.3505967,-0.2100062
0.3097428,-0.5111065,-0.2976133,-0.004503016,-0.6669653,0.1251961,-1.593035E-05,-0.4688017,0.1105017,-0.1172227,-0.003687069,-0.2849547,0.3863698,0.07508744,-0.6134703,-0.1868573,0.4421085,0.2732538,-0.4013081,0.03072123,-0.04352349,-0.2148685,0.2756173,-0.008214137,-0.114786,0.0001623076,-0.2629131,-0.009536564,0.1852614,0.2689828
-0.7883393,-0.1128364,0.3258137,-0.02602619,-0.05030562,-0.07151078,0.2633767,-0.1251117,0.4113466,0.4169873,-0.2083004,0.5636861,-0.05486156,-0.02450585,0.02470993,0.02009273,-0.129558,-0.2507641,0.001130477,-0.3702385,-0.2205536,-0.5483822,0.4753938,0.01363169,0.07492769,-0.2156313,-0.0002867983,-0.002421439,0.01252657,0.1530467
-0.3757466,0.004606247,-0.07279295,0.4285166,-0.003457806,-0.07541518,0.01076485,0.08350743,-0.8575072,0.4688101,-0.04358369,-0.0002459517,-0.03147786,-0.2035443,0.2362767,0.1506854,0.03757966,0.3391991,-0.3781621,0.1127765,-0.4304296,-0.01249025,-0.4113725,0.005739514,-0.1754327,-7.423224E-05,-1.039273E-05,-0.04987627,-0.007265806,-0.05000502
-0.002592308,0.09775984,0.3334566,0.1021142,0.4038105,1.113642,-0.2468802,0.4023995,-0.3442464,-0.5078383,0.09812345,-0.05020972,2.297376,-0.3977536,-0.2788133,-0.04531103,-0.1584279,-0.02568995,0.4679251,-0.07322228,-0.05117092,0.4066171,-0.01188812,-0.4821095,-0.3444555,-0.1987336,-0.4584359,-0.05727603,0.6765443,0.04701876
-0.1979577,0.2194732,0.4870508,0.4348151,0.05821392,-0.365849,-0.7220901,-0.03109458,-0.02896489,-0.01452294,-0.01367741,-0.3861275,-0.003539235,0.5145696,0.05062745,0.079776,0.3047501,-0.056896,-0.3470267,-0.06089346,-0.2496656,0.01232928,0.06518304,-0.2019078,0.2368082,0.04115165,-0.003651938,0.03777985,-0.4201066,0.3475875
-0.01828319,-0.1744261,-0.4777638,-0.1060011,0.1683931,0.4255309,0.2942394,-0.2323971,-0.4479038,7.718369E-05,0.01299542,0.247793,0.06059127,0.6041213,0.06285352,0.3136812,0.1985849,0.01759714,0.8345432,0.3736705,-0.03937818,-0.473027,0.3897755,0.1109535,-0.2869434,-0.1087905,0.323595,-0.02241089,0.1144125,-0.1133984
0.3693465,-0.09564561,-0.3650253,-0.4325834,0.1470537,0.1811472,-0.02371452,-0.003081767,0.4900237,0.4392629,-0.1145028,-0.1042098,-0.1929695,-0.4130843,0.08759969,0.3298154,0.3225111,-0.001697593,0.005379431,0.3029844,0.3248627,-0.02680583,0.2937883,-0.3553583,0.3480072,-0.151493,0.01722645,-0.6156509,0.3153669,0.003115823
5.488878,0.1075297,0.002246665,-0.1054087,0.004716327,0.005353002,-0.06672456,0.1908717,0.128518,0.2262782,0.002407531,-0.2021157,0.003493284,-0.0426628,0.002766092,-0.4924613,0.319319,0.1470044,0.371793,0.01385695,-0.03229721,-0.09210359,0.06542951,-0.004599485,0.0002998845,0.008045069,0.006721445,-0.1242359,-0.01704923,0.1597102
-0.483569,0.001603363,0.4548546,0.06806687,-0.1781309,0.4237944,0.1747862,0.2626137,-8.074356E-05,-0.09610483,0.4539681,0.02853853,-0.09372407,-0.2399296,-0.1791977,0.008792068,0.05326146,-0.05742568,-0.1799976,0.1007635,-0.001261891,0.3859435,-0.337575,-0.1274856,-0.01319438,0.1796375,0.3556992,-0.4259484,0.3581086,-0.01544589
-0.2141928,-0.2873688,0.08185418,-0.1435482,0.08815712,-0.09498352,0.02247797,0.2787964,-0.04562692,0.1723571,-0.476095,-0.003777314,-0.3500873,-0.026624,-0.1694673,0.4501382,0.1006904,-0.02428661,-0.6176221,0.5472751,-0.09566964,-0.1567322,-0.1428799,-0.2815207,0.2091797,0.01095365,-0.002907164,0.1964497,-0.4018143,-0.2959282
-0.2320334,0.2668005,-0.3532113,0.2812577,0.2987577,-0.3710915,-0.1329601,-0.002574345,0.1459243,0.1505062,0.4053755,-0.2306533,-0.1871111,0.270733,-0.005210742,0.6984429,-0.4421837,0.03636473,0.8620218,-0.01806596,-0.1678877,-0.3705137,-0.1888043,0.1620809,0.01120821,0.6789048,0.1036184,-0.1963972,0.1519254,-0.2115718
;
-0.004316582,0.07955855,-0.2056399,0.009652132,0.2960817,0.05410009,-0.1914728,-1.108855,0.5823723,0.3143527,0.0001376207,0.03235089,-0.4666743,0.02104772,-0.07536989,0.1401407,0.1763245,0.4944104,-0.04822385,-0.3985971,-0.003356418,0.03711309,0.5155851,-0.485194,0.1912919,-0.1885963,-0.04148245,0.07318135,0.4422165,0.05062149
0.4551964,-0.0946424,-0.001910646,-0.007446345,-0.4419693,0.03578717,0.07692701,0.005521165,0.04816651,0.01513201,0.2470678,0.5229954,0.0023368,-0.03245574,0.1432445,-0.004765195,0.3044751,0.2804621,-0.04829553,0.3459266,0.01143628,0.007071555,-0.01394306,0.2425442,-0.2943051,0.02899871,-0.4075284,-0.03203422,0.2276499,0.107795
0.001179516,-0.2439994,0.0860987,-0.05523092,-0.1546103,-0.1998978,0.01015179,0.4715761,0.03453463,-0.007211274,-0.1813727,-0.1146296,-0.01930944,0.06527349,1.064244,0.06466419,0.1434687,-0.04379428,-0.270622,0.005193031,-0.2485473,-0.1211612,-0.08748587,0.1375941,-0.3565687,-0.2185673,-0.4736011,0.4934188,-0.3013526,0.1259122
;
