-0.2219035
0.05034584
-0.0837141
-0.4855996
0.4723047
-0.1286373
0.4560946
0.2959985
0.3446774
0.1592886
;
-0.2459465,-0.4394888,0.196599,0.01602,-0.08905393,0.1640591,0.4450126,0.4043015,0.2707806,-0.1139221
0.03602463,0.4812562,0.3936437,0.1873714,-0.1298125,0.005655706,-0.1485552,0.1000296,-0.469111,0.1982338
-0.1268085,0.2352943,-0.2173048,0.2304848,-0.4555269,-0.2156785,0.4712518,-0.1004366,-0.04844195,-0.03079051
-0.4027208,-0.07452542,-0.3218135,-0.4655355,-0.4749284,0.3971393,-0.4728361,-0.2505388,0.1095302,-0.3886925
0.193956,-0.4527218,-0.2281139,-0.09516498,-0.2430812,0.2667713,0.2571765,0.2888871,-0.03855437,-0.21841
-0.3512034,0.3307128,-0.3886691,-0.4992964,-0.4297307,-0.4635764,-0.1186314,-0.09694582,0.4270762,-0.2071646
-0.3555597,-0.05615133,-0.135735,0.2510411,-0.3241454,0.1612638,-0.4899031,0.07735091,0.1079332,0.1356184
-0.04997379,0.4408263,-0.1358796,0.09965509,-0.1009666,-0.413113,0.4025259,0.05782801,0.3821243,0.4720976
-0.3236195,-0.01499552,0.6370751,-0.08243078,-0.4769,-0.1435944,0.3246174,-0.3629781,0.365695,0.05184823
0.4018698,-0.2948055,-0.2878146,0.192103,-0.3268806,0.1444895,0.1421853,-0.3913194,-0.1467624,-0.3054359
;
-0.3313011,0.1934365,-0.09568673,0.15433,-0.3161094,0.1769919,-0.362506,0.446926,0.22066,0.09950608
-0.211963,-0.001646459,-0.465212,-0.0008146167,-0.4168934,0.2845838,-0.1213891,-0.2035198,0.4895332,0.09554356
;
0.2700307
-0.4413929
0.007111628
0.1216744
-0.07608601
0.1894627
-0.2932525
0.01853637
0.2353185
0.4745336
;
-0.1220845,-0.1492654,-0.04929378,-0.3258976,-0.01318425,0.03923617,0.01099104,0.3124183,-0.001239556,-0.01932146
0.9179773,-0.695959,0.05654639,-1.4254,-0.1647599,0.3369068,0.2854472,0.12654,-0.7886072,-0.09291732
-0.1178358,-0.1811299,0.3245871,0.1934732,-0.3526064,-0.01402241,-0.1578901,-1.948716,-0.2220615,0.008377112
0.3940895,-0.04490111,0.00140935,0.3126765,0.1000945,0.04067088,0.001873292,-0.1554448,0.1510087,0.1556777
-0.1426747,-0.2235572,-0.1305051,0.07462171,0.1053839,-0.2224465,0.1016349,0.2481575,0.07207142,-0.4967765
-0.3093333,0.30393,0.2553772,0.4767369,0.4980842,-0.001115262,0.002657574,-0.005061924,0.4464213,-0.2645503
-0.214439,-0.112123,-0.4639807,0.01246457,-0.1931807,0.1237025,0.005914564,0.4719371,-0.4351321,-0.62642
-0.005702195,-0.1786268,0.6154119,-0.331192,-0.4355436,-0.2694521,0.09735137,0.007607738,0.003899872,0.208154
0.2167896,-0.3622918,0.2606579,0.1159146,-0.06101817,0.322264,0.1616827,0.1290686,0.09369285,-0.6094192
0.1365723,0.1135245,0.3790955,0.296504,0.3153824,-0.3343968,1.137347,0.3738596,0.04438788,0.6278752
;
-0.1776148,-0.01698275,-0.2082663,-0.2041962,0.2187155,-0.4121898,0.0713693,0.008552166,0.4094402,0.02172353
-0.09846033,-0.2118789,0.0456486,0.04085726,0.01657095,-0.6446793,0.3136644,-0.2340717,0.689455,-0.3324658
;
-0.2855482
0.4311025
-0.3462624
0.213956
0.1403813
0.1830905
0.6103099
-0.2699187
-0.4910478
0.3695644
;
0.1102615,-0.003692091,0.2934242,0.08545727,0.216302,-1.398119,0.5108159,-0.008234228,0.3593072,0.1383474
-0.3263131,-0.112897,-0.08960754,0.01242281,0.2947258,0.003640907,0.01016853,0.3396521,0.1522492,0.00288837
0.01513594,0.09872265,-0.4918062,-0.064528,0.1595635,-0.7753156,-3.116034E-07,0.4931829,-0.6895808,-0.1901609
0.3935213,-0.3444389,2.20674E-05,-0.1889242,-0.2011,0.07686454,-0.006046148,-0.1871234,0.02850519,-0.04219012
-0.01638199,0.03236111,-0.2983966,-0.08479589,-0.9347787,-0.06577045,0.0003264666,-0.1514632,-0.1390395,0.006859765
0.01562456,0.04117664,-0.06772071,-0.1624206,-0.6294519,-0.03333608,-0.4097363,0.02971584,0.3761157,-0.1584079
0.4316113,-0.002861463,-0.004337342,0.1302985,-3.144275E-05,-0.1514203,0.6494494,-0.4028367,0.0593149,0.4297632
0.1710147,0.1101278,0.8599823,0.003002489,0.0003425617,0.04862398,-0.2808188,0.03916143,-0.01144844,0.01308361
0.006602585,0.01192314,0.0291472,-0.02934033,0.291818,0.5454068,-0.8187017,-0.321173,-0.02505493,-0.4084513
0.4634327,0.01517214,0.0375687,-0.1414517,-0.8105426,0.03697502,0.1897319,-0.09884363,0.2783525,0.2401434
;
-0.5981754,-0.03498664,0.1080309,0.001991739,0.1346515,-0.0389411,-0.1378838,0.002635065,-0.2018371,0.01745529
5.339963E-07,0.03326205,-0.4176068,0.1964751,-0.1096904,-0.006981427,0.2243235,-0.1164289,0.1030482,0.4201953
;
-0.003555664
0.3351265
-0.2150361
0.02160148
0.3508729
0.3215331
-0.4030061
-0.06330627
0.002882723
-0.0747854
;
0.3332713,0.4250985,0.06715731,-0.423803,0.09285594,-0.03443104,-0.4598441,0.01119362,-0.07070135,0.2304637
0.01583079,-0.2139387,-0.004692455,0.005703607,-0.02475345,0.2093238,-0.3017721,-1.182714,0.305779,-0.04085812
0.3614043,0.1794742,-0.4818816,-0.04631107,0.2789139,-0.03288958,0.6961324,-0.2931849,-0.3011426,0.1126972
-0.5065176,0.1471281,0.542235,0.790261,-0.0004477504,0.02631061,0.1823252,-0.02567057,0.06612605,0.1877746
-0.003621946,0.3123428,-0.4337246,-0.005449533,-0.2495382,-0.5932887,-0.0130318,0.1058821,-0.2442777,-0.1321649
0.3101789,-0.1896997,0.2131291,-0.4907173,0.4377024,0.2554447,-0.305647,-0.162075,0.5041552,0.4097646
-0.04792112,-0.05578677,-0.09122795,-0.2116806,-0.6570521,0.1398715,0.2187755,0.6237378,0.6314698,0.3277111
-1.835479,-0.1453869,-0.2882843,0.1959674,0.05527886,-0.1666345,-0.2224829,0.0007673466,0.02775616,-0.7072427
0.09254674,0.2823944,0.002190393,-0.01111634,0.01660365,-0.001586939,-0.2076916,-0.1262393,-0.119175,-0.00338817
0.09263434,-0.07393318,-0.004066597,0.1324551,-0.2702457,0.01555122,-0.359859,0.1750138,0.890753,0.009797481
;
0.5766302,-0.1242693,-0.4813408,-0.1180876,0.1280447,0.1099134,-0.5893151,-0.167973,0.00443301,-0.1389718
-0.2236492,-0.006603137,0.4032486,0.117535,0.2297105,-0.4355668,-0.01074471,-0.04108888,0.09328884,-0.4990453
-0.4451998,0.1967189,0.08695556,-0.4915564,0.0001386017,0.4773903,-0.3648808,-0.2015978,-0.3413125,-0.1762655
;
0.04221992
0.1345868
-0.04370397
-0.01834077
0.00308496
-0.003565119
0.2825762
-0.06710809
0.0827794
-0.1059019
-0.1608197
-0.3228893
-0.7151386
0.4793591
0.1861918
0.2582172
-0.4858596
0.1693627
-0.04260439
-0.07640763
-0.2924876
0.05203497
0.2300102
-0.3623075
-0.2726057
0.3372146
-0.005702005
0.009726263
0.6575642
-0.9779321
;
-0.3200102,-0.02629316,-0.4872417,-0.6331102,0.04094556,-0.1797453,-0.01135583,0.5773643,0.05086082,0.3048087,0.1470926,-0.4337075,0.01887408,-0.01752183,-0.1225612,-0.2633427,-0.008629501,0.262692,0.6619501,0.05257306,0.1260382,0.007431522,-0.3080955,0.00676044,1.460483,-0.06129584,-0.4197185,-0.497052,-0.1060638,-0.4840684
0.1226708,0.2020034,-0.2624286,0.2266442,-0.3758196,-0.4017034,-0.2056041,0.3872905,-0.2554343,0.424435,-0.1048152,-0.1200483,0.09728437,1.115171,-0.02322751,0.1479521,0.5471557,0.1344887,-0.0163975,0.1715921,-0.0336135,-0.02580022,0.3404557,-0.08525556,0.4607038,0.4310505,0.05839683,0.07289165,-0.1186368,-0.1699743
-0.5459832,-0.1682068,0.5617103,0.05879682,-0.2991042,-0.7573289,0.3142369,0.4995793,-0.4715297,-0.2585281,0.5300869,-0.4100169,-0.4949192,0.6121384,-0.730122,-0.04046022,-0.3884356,0.3608108,0.009404425,-0.7341537,-0.01238996,0.4476227,0.02523258,-0.4741237,-0.08492652,-0.4428928,-0.3539495,0.4006435,0.1253054,-0.002370861
0.04067473,-0.006232639,0.005390964,-0.007074336,-0.01510719,0.1076606,-0.05495242,-0.2007168,0.2009475,-0.0005270824,0.4362919,-0.329222,-0.197868,-0.03235656,-0.0001224643,0.415199,0.02083679,0.1208021,0.2261791,0.001483329,-0.3313999,0.01288035,0.1291379,-0.03976327,-0.9984608,-0.1330766,-0.08936449,0.4786125,-0.3259748,0.817247
-0.5030048,-0.1594835,0.01809038,-0.211018,0.3485743,-0.3865622,-0.2250407,0.4220067,0.5730054,-0.4946307,0.1914546,0.03578608,0.172238,-0.4605595,-0.05845866,-0.3049682,-0.1074683,0.08910362,0.09113972,0.08962607,-0.4415016,-0.9046456,0.1923036,0.2887795,0.1972663,0.4270002,-0.01062481,-0.04097332,0.4301877,-0.03168501
-0.09010922,-0.2142972,0.2626863,0.1593545,-0.2835677,-0.09817477,0.462257,0.2988844,0.1562976,0.05157596,-0.6362342,-0.3366599,-0.06300463,0.02263635,-0.4950156,0.02584711,-0.430105,0.2320603,0.005745947,-0.7785711,0.02258441,0.5240715,-0.4517729,0.03456368,0.003572604,-0.1789665,-0.008446908,-0.1789619,-0.03957433,0.02353802
-0.002240136,-0.2249146,0.3460263,0.2791578,-0.3688622,2.134179,-0.270852,-0.06950719,-0.2277789,0.09849268,-0.3612982,-0.2548524,0.678615,0.04235539,0.1498703,0.2659528,2.949285E-05,0.3652419,0.02569866,0.1539469,0.02274664,-0.3251908,-0.1117703,-0.8782787,0.4631935,0.00997817,0.04975205,-0.3225647,-0.03497248,0.4534491
-0.2979811,-0.2996005,0.1226651,0.1055914,0.07188035,-0.03002348,-0.3708787,-0.4328485,0.008079685,0.1244381,0.4408251,-0.2117733,0.1203764,0.003498813,-0.1468665,0.3289447,-0.8325189,-0.2473065,-0.1724903,-0.0001630416,-0.0117902,-0.07267326,0.08214171,-0.02584375,-0.2876819,-0.1288567,-0.06017891,-0.04801936,0.1639777,-0.02649547
-0.07607432,-0.007046759,0.02678366,0.0001430884,0.003016141,-0.2631182,-0.02193483,0.4471754,-0.6488238,0.1476283,0.2146448,0.45933,-0.4340554,-0.9792108,0.08470931,-0.399307,0.006731648,0.4725715,0.0003067108,-0.1121174,-0.8707029,0.002934196,-0.003592275,0.1249949,0.5242313,0.02935857,0.3887111,0.005735445,-0.4522811,0.05791078
0.04880929,0.5498555,-0.2391902,-0.4759726,0.7249316,0.04752727,0.4011084,-0.09743196,0.2050639,0.3890826,0.1078807,0.1535618,-0.08502296,-0.3826718,-0.03754855,-0.3622328,0.06702513,-0.05113272,-0.05438939,0.3208847,0.1704682,-0.450467,0.2278627,0.2126292,0.04285691,0.4012277,-0.004667244,0.5572588,0.2183472,0.2377511
-0.02041,0.6307883,-0.1971106,-0.2145769,0.1262306,-0.2939425,0.009075419,0.3645872,-0.3079399,0.004802274,-0.2694535,0.2240611,0.01675063,0.07738875,-0.2891604,0.4272631,0.2770072,0.03927883,0.007892406,0.1535917,0.2245214,-0.5252553,0.4458498,-0.3327737,0.110179,0.02402988,-0.0751445,0.04673415,-0.002641671,-0.001237871
-0.09173018,0.03719628,-0.1469674,0.1674998,-0.3715685,0.002448607,-0.05599622,-0.3855002,-0.349916,0.09312417,-0.3220472,0.000606198,0.008991539,-0.01063796,-0.09390491,-0.04230082,-0.1905056,0.0774653,-0.9956775,-0.2526263,-0.1958029,-0.4771903,0.00307175,-0.2080376,-0.412667,0.4726919,-0.1757896,0.4048858,-0.4805942,0.03065725
0.03284708,-0.00532037,0.108368,-0.04667018,0.2222761,-0.2276009,-0.006468863,0.2012053,0.1667722,-0.3599921,0.0004610636,-0.0127469,-0.08724959,4.932271E-05,-0.1867961,0.02136189,-0.2244872,-0.1172645,0.0189454,-0.4111184,-0.04481691,-0.07193656,0.168582,0.3431481,-0.001158735,-0.001995196,0.5522236,0.3815596,0.4456018,-0.3287145
0.1446075,0.1447081,-0.3793238,0.4850571,0.1102222,0.5382599,0.01459521,0.01917452,0.2692925,-0.3077449,0.01389894,0.04333645,-0.007738564,-0.03908358,0.04092606,0.02566533,-0.1927257,0.2572289,-0.0006178021,0.02972712,-0.008792222,-0.1457422,-0.1460859,0.3914653,-0.1249847,-0.1159715,0.1730559,0.4825277,-0.02273029,0.04815501
0.05980106,0.1556743,0.7840192,-0.154215,0.06510307,-0.005915495,0.07821222,0.1554127,0.3724754,-0.2018204,-0.1161201,0.4741935,0.4374348,0.1680144,0.2104252,-0.2717952,0.3572247,-0.01232118,0.06320594,-0.3159547,0.002008869,-0.4037597,0.08342548,0.009212447,-0.1611418,0.3566734,-0.02475151,0.04403723,-0.1306197,-0.2160279
-0.06995161,1.377078E-05,0.02455642,-0.1561159,0.1180742,-0.3990269,-0.3715299,-0.09747361,-0.04014686,-0.3010424,-0.001798464,0.0900627,-0.04731717,-0.0001849392,-0.03126949,0.004055339,-0.03589511,-0.05671281,-0.2987741,-0.005548894,0.007252038,0.005698905,-0.07268637,0.09257585,-1.776668,1.614617,-8.150329E-07,-0.01035297,0.4779954,0.08735504
-0.2009185,0.6046927,0.06574982,0.8043244,0.06056422,-0.07703114,0.2593056,-0.02701041,-0.1061305,0.00422515,-0.01844318,-0.8016186,-0.03688878,-0.2787328,0.1703953,0.6836329,-0.36262,0.2024946,-0.07939869,0.06982166,0.0006719765,0.5345952,-0.4577401,-0.07694927,0.2729083,-0.4475248,-0.3663173,0.429655,0.514071,0.03614
-0.05085651,-8.778053E-07,-0.08638227,0.4610251,-0.6138322,0.1131439,0.008550739,-0.2426998,0.1269972,-0.1344514,-0.03608421,0.3786057,-0.003846767,-0.04369849,0.4062011,-0.377067,-0.3236361,-0.1497599,0.3286997,-0.09730435,-0.472618,0.0009257256,-0.08093646,-0.2189892,-0.3615268,-4.558852,0.3163869,-1.652466E-05,-0.04330813,0.2524133
0.2961808,0.4098419,0.0276636,0.03869563,0.3859874,0.06983978,-0.8563093,-0.006555717,0.7496534,0.5752914,-0.05905176,0.1596053,0.1649572,0.003634506,0.5083392,0.3213508,-0.3314474,0.00881678,-0.03626741,0.7514517,-0.3352407,-0.4503301,-0.3727732,-0.09502771,0.3726083,0.5871001,0.02677885,0.3534046,-0.2469429,-0.1727662
0.1188653,-0.8787662,0.2881831,-0.08435322,-2.068766,-0.1189328,-0.05120987,0.2146169,0.02598318,0.09379655,-0.3772115,-0.4683797,-0.004535686,-0.4175633,0.01979446,-0.3377792,-0.158047,-0.1246788,0.4165598,0.0002777656,0.3069268,0.1977324,-0.06414054,-0.3230351,0.3836368,-0.153646,0.3526365,-0.002942758,-0.1406105,-0.2351733
-0.1792668,-0.1556734,0.01770454,-0.1239623,-0.05430928,0.8269485,0.001747347,-0.1309928,-0.4143722,-0.1333162,0.05992479,-0.04331005,0.5918303,-0.177986,-0.7574119,0.161702,-0.1344104,-0.2245236,0.1431022,0.00496848,0.4151311,-0.4054493,-0.543952,0.1821748,-0.03981113,0.1074174,-0.004490684,-0.4166859,0.1298438,-0.2372125
0.02881351,0.1630413,0.08350021,-0.3686796,0.0313006,-0.1174637,-0.9572509,0.01475284,-0.002405802,0.3350945,-0.1258659,0.4315228,-0.125964,-0.000312514,0.07896417,0.2737216,-0.4162198,-0.07899822,0.3051699,-0.8167731,0.07528561,-0.005246005,-0.03408557,-0.1036311,0.01007198,0.1002113,-0.07012115,0.1391441,0.04946069,0.568069
-0.06330082,0.09552163,0.2077219,-0.01705117,-0.497495,-0.2598423,-0.4445546,-0.02449445,0.07687306,0.0980285,5.881596E-05,0.1835962,-1.349484,0.01960443,-0.162562,0.1835534,0.4202248,0.3939691,0.3233026,-0.1528117,-0.005263507,-0.354693,0.3099492,0.2321571,0.01446874,0.4569317,0.05854239,-0.3669316,-0.4173514,-0.03702635
-0.1912552,-0.1380118,0.2664074,0.003889143,0.07987217,-0.08802851,-0.2096321,0.008934583,-0.3614841,-0.2395864,0.02487518,-0.4048406,-0.1886149,-0.1041022,-0.1037306,-0.5724833,0.1209229,-0.0001098432,-0.2440439,-0.1500655,-0.04822022,-0.2359992,-0.2572567,-0.4617251,-0.09511032,-0.4913187,0.0008794044,-0.2746671,0.08400509,0.3295553
-0.3109367,-0.01709749,0.4746174,0.3003789,-2.087829E-05,0.488332,0.3802115,-0.0004159156,0.0005813241,0.411381,-0.2548786,-0.05854791,-0.08543921,-0.0007037618,0.1530631,0.172705,-0.09315488,0.1076548,0.3543006,0.1130353,0.1974254,-0.06668782,0.4714655,-0.4371063,0.1294839,-0.3711592,-0.02291577,-0.3920969,-0.008529455,-0.1471466
-0.4637685,-0.007910356,0.1268939,0.236229,0.01033964,-0.2693686,-0.2177534,-0.08552628,-0.01505738,-0.3858705,-0.3260671,-0.2634691,-0.01159152,-0.4110709,0.001157701,-0.2981368,3.452617,-0.3705501,0.4112484,0.4724144,-0.1756582,0.04618581,0.6433862,-0.4284326,0.08637315,0.318826,-0.1406767,0.00302216,-0.003857306,-0.6970525
-0.4292775,0.3054031,0.1150362,-0.9704618,0.1340293,-0.06723398,0.3056124,0.0004178404,-0.2698339,-0.6786739,-0.09099168,-0.02991867,0.1942132,-0.009760166,-0.3446271,0.06614572,0.5590201,-0.3067842,0.2933189,-0.4346398,-0.1361759,0.4787699,0.1001139,0.4654344,-0.08029789,0.1777494,-0.2374243,0.2381915,0.2256567,-0.009209238
0.2614856,0.3661617,2.401842,-0.3490027,-0.2344824,0.01696715,-0.2582556,0.3482651,0.4819574,0.0263975,0.04834177,-0.147175,0.4931355,0.4709461,-0.03750306,0.0009371011,0.5598277,-0.02058887,0.2999049,0.01035178,0.001495063,-0.370212,0.4357187,1.138381,0.1302838,0.04380089,0.8406063,-0.08807016,-0.2725321,-0.003362973
-0.2701228,0.006139099,-0.2023786,0.2023473,-0.5387374,-0.2755888,-0.1226419,-0.220146,0.000886121,0.005968721,0.3868393,0.7006545,-0.44609,0.3675165,-0.04117334,-0.3854498,-0.3439789,-0.3058832,0.1589236,-0.002796406,0.01509674,0.11502,-0.006836398,0.03146935,-0.3644155,0.000565231,-0.01687953,-0.05132981,0.09725701,-0.004109784
0.9085341,-0.001009524,-0.001021423,-0.4540033,-0.01200526,-0.03510318,0.6746609,0.138624,-0.02561638,-0.09747762,0.01787271,-0.5012474,0.3467519,0.06541723,0.01466614,-0.01259201,-0.02114326,0.02638322,-0.009250778,-0.008094929,0.4606864,0.1592754,-0.2361966,0.05818826,-0.003690515,-0.00975647,-0.1237659,-0.3511539,0.5963563,-0.3339171
;
-0.5920615,0.03957432,-0.4089967,0.3609335,-0.05998174,0.02346667,-1.458607,-0.003122151,-0.4627186,0.174601,-0.1015057,-0.01662356,0.00744225,-0.6406475,0.09128529,-0.0176515,-0.03174561,-0.2454935,-0.01410419,0.05189568,0.121643,0.370684,0.4739347,-0.0001227927,0.144811,-0.05497027,-0.0960508,0.5551497,0.1659509,-0.025467
0.04291029,-0.2514514,0.4954054,0.1709253,-0.007252938,0.4962184,0.04668302,0.065561,0.5277822,-0.09869476,0.01923828,0.03508431,-7.439239E-05,0.2960275,0.03134352,0.2949729,-0.008783006,0.1860587,-0.02226382,0.3930072,-0.2270303,-0.0002727684,-0.4920098,0.3237909,-0.1800095,-0.001495915,-0.4845823,-0.2396424,-0.1182566,-0.4381342
0.02387155,0.05916518,-0.6876925,-0.01473254,-0.04532892,-0.04024684,0.1210159,-0.1842116,-0.4046685,-0.5314019,-0.1049862,-0.001397299,-0.4361997,0.809791,0.1803121,-0.1537334,0.0001265732,0.05368561,0.06043093,-0.1601324,0.2409636,-0.00748632,-0.1439598,-0.02236675,0.05838219,-0.009943941,1.055369,-0.5599427,0.04523331,0.340161
;
-0.1730922
0.07509394
0.2702878
-0.01613921
0.0007242527
-0.5466768
0.2140168
0.4673157
0.4284167
0.02297466
-0.2639315
-0.4803241
3.875527
-0.006362365
0.2029732
-0.04683903
0.3550536
-0.6165664
-0.2271777
0.3342278
0.3865328
0.1609679
-0.1632091
0.00216112
-0.4325589
0.5371907
0.3791065
0.4144156
0.6794013
0.3113114
;
0.07663182,-0.3675481,-0.3083868,-0.2656156,-0.4492944,0.4158473,0.9465703,-0.357344,-0.3725448,0.4615877,0.4056451,-0.2926943,-0.4526008,0.3410643,-0.1456777,-0.001495975,0.09319251,0.06544278,-0.4614022,-0.2169359,0.2114817,-0.2322252,0.157885,0.4415739,-0.09544817,-0.02339763,0.1686681,-0.02778286,0.06864989,-0.005711615
0.01525411,-0.363483,-0.1581415,0.169733,-0.0992433,0.2205101,-0.01287522,0.03845703,-0.2145302,-0.01030582,0.2779635,0.4326932,0.8395282,-0.01051062,0.6846747,-0.3981767,-0.4118308,0.2915363,0.3922486,0.02405576,-0.5052398,-0.4285177,-0.04160005,-0.2647147,0.3648134,0.3303273,-0.04201151,-0.1318655,-0.3992222,-0.1153714
0.07957138,0.01304097,-0.2148654,0.1680033,-0.04536833,0.02065279,0.07123302,0.2269745,0.3750716,-0.1101284,8.347118E-05,-0.02700294,0.2570995,0.3554038,0.2662359,-0.5464945,-0.05972759,-0.002447733,-0.3187685,-0.2238219,0.2477501,-0.0001777388,0.04914998,-0.0980894,-0.05716608,0.05223637,0.4170665,-0.1752187,-0.007206057,0.527538
-0.3991651,0.0364296,0.1852898,-0.2206297,0.0116021,0.002371725,0.6952442,2.579547,0.4690113,-0.3321329,-0.01585733,0.218829,0.2858118,0.4741787,0.005021044,-0.0122842,0.07882997,-0.02396226,0.4885499,0.3403325,0.1792378,-0.9042045,-0.01745677,0.3617139,0.1313103,0.2671775,0.09193128,-0.02120596,0.02530558,-0.3914105
-0.1313991,0.2406226,0.2320983,-0.4158145,0.02106338,0.09617549,-0.3082891,-0.001172156,-0.05522676,-0.3002808,-0.3635284,-0.1166127,0.02449263,-0.009264374,0.3308201,-0.06018167,1.230894,0.1949142,-0.4722416,-0.2499422,-0.4787065,-0.125935,0.002975421,-0.05956873,-0.2552008,-0.9596972,0.05240373,-0.7413915,-0.1306317,-0.02052257
0.4189997,0.03548127,-0.4458025,-0.1037975,-2.346198,0.1478109,0.2400965,0.2776772,0.2189122,-0.272076,-0.5588817,0.002125234,-0.2126542,-0.001539586,-0.1786068,-0.2170137,0.01349181,0.427158,0.1052639,0.20279,-0.2413231,-0.004990041,-0.0351739,-0.03134205,0.255304,-0.3999858,-0.4925402,-0.2444091,-0.08855477,-0.009209219
0.2260637,0.3380383,0.7248018,-0.1768247,-0.2114809,-0.08416814,-0.3638527,0.02446383,-0.1247812,-0.5310665,-0.006124897,1.304755,-0.4365222,0.4587308,0.03606889,-0.3175176,-0.4576623,0.4289205,0.4217623,0.09077355,0.07497983,0.3668551,0.01363255,0.02026576,-1.305706,0.5570498,0.001395285,-0.03132839,-0.07463986,0.1792443
0.09683369,-0.1022896,-1.076532,0.3560607,-0.6241401,-1.395143,0.004024484,-0.02647478,-0.004682942,-0.1018991,-0.2356531,0.3587434,-0.1018695,0.4795997,-0.1545727,0.02910477,0.2616861,-0.3734714,0.04195341,-0.03602197,-0.2739365,0.2445446,-0.1707092,0.01508431,-0.08034609,0.1605469,-0.01667517,0.159256,-0.0105175,0.4157631
0.04576295,0.5872383,0.373369,-0.1696243,-0.2399971,-0.3902946,-0.4500424,0.10298,0.3457654,-0.003379414,0.1434966,0.2280011,-0.3900538,-0.1460577,0.03050066,0.2060463,0.234899,-0.1707405,0.4000912,0.1517775,0.1719577,-0.2082066,-0.251764,-0.281605,0.01315635,0.3769534,0.01654547,0.00876574,-0.07169253,-0.3171962
-0.0803021,-0.374525,0.3631872,0.1010821,0.3760554,-1.029567,0.002131524,-0.4539924,0.5104328,0.3671555,-0.4261874,-0.0005670917,0.766928,-0.09900898,-0.03529394,-0.08816653,-0.3186974,-0.774677,-0.4178985,-0.4406956,1.384755,-1.502333,0.3893569,-0.1632839,-0.1679153,-0.2947953,0.3099187,-0.2728938,-0.285381,-0.3892293
-0.3938655,0.1601761,0.4697676,-0.06108668,0.002784398,-0.00202666,-0.1549332,-0.03765029,0.003555874,-0.2144246,0.7368461,0.03615832,-0.1486907,-0.7033674,0.1879152,0.4916928,0.002649831,0.02995021,-0.1248666,0.02987902,-0.2047509,0.07144241,0.410599,-0.3053211,-0.2706857,-0.07845838,-0.2825761,-0.4311281,-0.3593791,0.02090394
0.03866929,0.02242576,-0.279195,0.07724473,0.1139516,-0.2813705,0.454286,0.3673345,-0.01418287,0.02060006,-0.124841,-0.2886519,0.8121889,-0.3341311,0.3837723,0.4292169,-0.1685074,0.4642386,-0.001089519,0.3651152,-0.07391442,0.1106487,-0.09338377,-0.006751075,0.09820617,0.0607807,0.3167505,-2.731148E-07,-0.5557522,0.0007225805
-0.3847479,0.007434145,0.05496336,-0.4962614,0.2527799,0.001528074,0.2120538,0.463865,-0.5835924,0.1584699,-0.01883162,-0.2907729,0.08489269,-0.3698102,-0.1466429,0.0251376,0.3176416,-0.4539204,-0.03239458,-0.2640082,-0.07351748,0.2271738,0.06756783,-0.007022982,0.2907335,0.4608674,0.0315228,-0.5336136,0.3994473,-0.07162572
0.1976146,-0.6377907,-0.04030797,0.1425439,-0.2226907,-0.2614481,0.30209,0.2333737,-0.01921149,-0.3349475,0.1898967,0.393612,0.1078997,-0.2318671,0.000225454,0.3708327,0.00487242,-0.06039548,0.2923186,0.2399517,0.4154205,0.4743582,-0.01475749,-0.01739966,0.2245006,0.06985672,-0.172265,0.0682326,-0.1449356,0.02150715
0.0176592,0.1209105,-0.7134281,0.02464095,0.3231901,-0.4031041,0.1744467,0.00257208,0.3206238,-0.005730556,0.001297923,0.00519088,0.02416676,-0.4389849,0.2314788,-0.04999441,-0.01086291,0.3586732,0.1603249,-3.521651E-06,-0.3766193,0.07648346,0.4746295,-0.1151566,-0.5936943,0.1304816,0.03236356,-0.07216042,-0.04140502,-0.02063003
0.001482658,-0.2734325,-0.3077052,0.06201071,-0.5425537,-0.01585072,-0.3497386,-0.1796247,0.3730819,-0.02263563,-0.1558179,-1.0994,-0.7348123,0.009643272,0.3238791,-0.007624124,-0.006235229,0.4847506,0.01070054,0.1842308,0.03114094,0.4925915,0.005368343,0.05109808,0.005644262,-1.673177,0.004057603,-0.8050799,0.3693712,-0.09688934
-0.225452,0.1422564,-0.4019967,0.02289982,0.113717,-0.4636326,0.3467783,-0.4297248,1.234381,0.1432824,-0.0002623407,0.02382886,-0.0006047993,-0.1775626,0.3848053,-0.0604014,-0.3693681,-0.3044538,0.3329822,0.3076147,-0.04210116,0.0003927984,-0.06591523,-0.3793755,0.00021409,1.587481,-0.2504016,-0.2493951,0.001854877,0.3237317
-0.06189865,-0.3532549,-0.5995821,0.04667991,0.3145998,0.03818329,-0.1466059,0.3129009,-0.001217685,0.1573598,0.273702,-0.4520147,-0.1484072,-0.4687381,-0.01726917,0.1461587,-0.07973339,0.03576273,0.007119341,-0.3115239,-0.008792934,-0.0242663,-0.004877691,0.0001020348,-0.08148508,-0.1192097,0.3683056,0.09010707,0.7412476,-0.08350509
0.4811124,0.5940027,-0.1664632,0.1546519,0.09428441,-0.08900565,0.1221941,-0.009423712,-0.09590571,-0.1074349,0.05953431,-1.040198,-0.04334793,-0.3027108,0.1515231,-0.08623728,-0.06269521,-0.7584761,-0.09338844,0.05762812,0.2750144,0.2903535,-0.04796976,0.163587,-0.02246964,-0.4992175,-0.0300823,-0.1096547,-0.04367679,0.4425336
-0.04674136,0.005015295,0.2646049,0.008451405,0.04032694,-0.3246982,-0.0006451015,0.04980512,-0.09843563,-0.07986404,0.1608667,-0.06341586,0.3863698,0.0007012906,0.000401632,-0.4117308,-0.4647486,-0.05341839,-0.307193,-0.2798208,0.1973766,0.09725619,0.4476659,-0.02409236,0.1221028,-0.02329509,-0.2934754,-0.991031,0.005908474,0.6633604
-0.008597014,-0.3247932,-0.298236,-0.2361104,-0.04712957,0.04796916,0.1441115,-0.1206036,0.1417612,0.8906063,0.1159153,-0.06439286,0.05486156,-0.02060697,0.4242961,0.06434952,-0.0430261,-0.6807225,0.4202616,0.5363861,0.2732185,0.7588619,-0.4785459,0.1136478,0.1378147,-0.1297214,-0.0007180508,-0.08578855,0.005380036,0.08023517
-0.2454632,0.5267884,0.002945218,0.3401146,0.0009755298,-0.04354174,0.02401696,-0.05274218,0.08367699,0.3076289,0.1751528,0.001007598,-0.2188729,-0.3228891,-0.1319179,-0.3380351,-0.2034017,-0.001367398,-0.3648181,0.1127765,0.4087243,0.7766023,-0.5331157,-0.1502931,0.4349461,-0.1506893,0.04376017,-0.6523937,-0.02344535,0.1468263
-0.2061171,-0.006197328,0.02874953,0.1671914,0.08839559,0.07452781,0.07985194,-0.548509,-0.01360866,-0.165132,0.4217268,-0.1092695,-0.3881003,-0.6149421,-9.156982E-05,0.02161356,0.1584279,-0.002452989,0.06664568,0.4308364,0.7366708,0.6259727,-0.0195821,-0.09064069,0.3729161,0.002156844,0.01300223,0.0001511246,0.008259462,-0.1319008
-0.01606852,-0.3168408,-0.08043173,-0.4348151,-0.1211956,0.09211252,0.4847231,-0.04326278,0.05298108,0.01245143,0.008725123,-0.09705733,0.003601155,0.3637375,0.09620912,0.2217551,0.6338357,-0.07083172,-0.0141871,0.03989819,0.08164807,-0.01366937,0.1055785,-0.1461182,0.1202031,-0.1133888,0.3791218,0.1230757,-0.01821548,0.3475875
-0.2721566,0.4600339,0.9072689,-0.1136352,0.3926827,0.4255309,0.2632577,0.2279089,0.1105221,0.0003024429,0.1637532,-0.8077646,-0.2576394,-0.04164701,0.2287247,0.04296729,-0.2886124,-0.3891203,0.04329784,-0.08843082,-0.02870477,0.2632058,-0.007324425,-0.4011231,0.0003061334,0.5662706,-0.7225188,-0.06062699,-0.06467895,-0.1750917
0.2890198,0.08570868,-0.1453126,0.1434449,-0.001853609,0.01221362,0.3106529,-0.03741475,0.1758805,-0.0395304,0.08214837,1.328416,-0.3214032,0.02628404,-0.1888331,0.4904763,-0.0005363783,-0.003408962,0.02308452,-0.0006904672,0.2658637,-0.04847721,-0.4995593,0.4689164,0.006133235,0.01466719,-0.01722645,-1.425338,0.2247584,0.1059793
-0.7005675,-0.3626939,1.392763,0.00251565,-0.1255306,-0.003557662,-0.2025304,0.2421466,0.1805799,-0.2315992,-0.2521334,0.3313827,-0.003680293,-0.02649744,0.001569435,0.6301449,0.5544177,-0.1775323,0.1209118,-0.05337209,0.2421982,0.3566196,0.2711356,0.2022544,0.09487578,0.2834066,0.002421935,0.2819469,-0.1525546,0.2725147
-0.06972188,-0.0714675,0.5495818,-0.2771577,0.03449719,-0.1282273,0.5314753,-0.6555007,0.2248374,-0.1434344,0.06794997,0.2631675,0.3601028,0.2123594,-0.04116096,0.2174066,0.02598763,0.04840879,-0.4693961,0.1108876,0.05279011,-0.1993519,0.1817267,-0.009564211,-0.3547726,-0.01952657,0.003787473,-0.05034608,0.295848,1.320676
0.1123236,-0.4417609,-0.1094395,0.3736591,-0.888564,-0.3283374,0.04260473,-0.04367004,0.01659163,0.292102,0.4201056,0.02066424,0.4601312,-0.008290892,-0.984418,-0.08538999,-0.139634,0.125646,0.772741,-0.1191859,-0.01587445,0.139965,-0.03161384,-0.06008488,0.4729452,0.1480513,-0.3386304,0.001909856,-0.5981979,-0.2959282
0.02311248,-0.3888144,1.394178,-0.2934002,-0.1207779,-0.282426,0.2369129,0.2711228,-0.0003380391,-0.3174421,-0.798129,0.03444728,-0.1660424,-0.1586604,0.4621603,-0.1237108,0.05602819,-0.7236378,0.9844848,-0.5907618,0.05287057,-0.06495927,-0.104293,0.1461029,0.3314135,0.01775887,0.06333154,-0.0005727225,-0.0174425,0.05088129
;
-0.01369774,0.009971621,-0.2209337,-0.1304005,0.08258313,-0.2488864,-0.2870796,-0.7960335,-0.4553596,-0.03504576,-0.03674829,-0.03242415,-0.0209344,0.4993259,0.02154712,-0.4696649,0.2580066,-0.1407212,-0.2859405,0.02213076,-0.1162661,0.3086296,-0.04458393,0.2197051,-0.05957951,0.3285908,0.1958409,0.05683956,0.1172176,-0.05062149
-0.813557,0.3072214,0.4705851,-0.0482345,-0.1579856,0.006153591,-0.2930483,-0.1160597,0.1163481,-0.07672048,0.1322284,-0.0302121,-0.3968052,-0.1206868,0.2780755,0.004111679,0.2701696,-0.2755544,-0.1096595,-0.1253938,0.2090279,-0.001286024,0.6148469,-0.8711724,-0.1465411,0.04073588,0.05233696,0.3035115,0.1886006,-0.0828102
-0.02303606,-0.1009703,0.2033283,0.2282707,0.2079875,0.03892065,-0.1655469,0.1434672,-0.2436435,0.6465573,0.287504,-0.06506961,-0.07541791,-1.575599,-2.355479,-0.07390348,-0.01103223,-0.3387088,0.06991619,0.09956747,-0.01346795,0.7459043,0.0302221,-1.145793,0.3829908,-3.436048,-0.01838334,0.5282693,0.2000224,-0.4549317
;
