0.4772229
0.08931886
-0.09089668
-0.1909391
-0.1217535
4.842716E-05
-0.5141709
0.2144651
-0.2622652
0.01136089
;
-0.2995857,0.02282494,-0.3563955,0.03293321,0.4665685,-0.4208755,0.3520428,-0.4613388,0.09927036,0.009763965
-0.3349667,0.4566988,0.5682397,-0.2420482,-0.2547822,0.1007672,-0.1943324,-0.3729408,-0.388574,-0.04386357
0.4787031,0.2925853,0.7508408,-0.2334748,-0.03401521,-0.3752632,0.4902433,-0.07378699,0.3120952,0.3374965
0.3119506,0.005257074,0.3280757,-0.06914002,-0.1085246,-0.001501143,0.1223918,-0.06511887,-4.859498E-05,0.04416903
0.07679096,0.1623916,-0.1826821,-0.01327522,0.4363539,0.1443059,0.1212838,-0.3628978,-0.1495048,-0.001854241
-0.002021504,-0.04824618,-0.0008112905,0.2390352,-0.1339708,-0.04700154,0.06826304,-0.2423504,-0.3074459,-0.2077137
0.2766522,-0.3124281,-0.007967003,-0.2148815,0.4929634,-0.1522872,-0.561174,0.2956472,-0.06849295,-0.6312752
-0.3301208,0.004311151,0.4683343,-0.411384,0.07798398,0.003042321,-0.1848203,0.006624069,-2.226376,-0.0872419
-0.4476652,0.1440241,-0.0003891751,-0.0162892,0.04776782,0.4100487,-1.142464,-0.1419946,0.2152407,-0.2684385
0.1321576,0.4682388,0.1220638,-0.2871822,-0.4371682,0.3419138,0.07059259,0.1588342,-0.1466765,-0.02792477
;
0.003722334,0.06778139,-0.1116379,-0.05706614,0.2004759,0.2994988,-0.01113259,0.4769394,0.3378388,-0.001893222
-0.1707258,-0.0220168,0.0806822,0.3614756,-0.4484662,0.2716796,0.01995537,0.2339154,1.506284,1.50466E-05
;
0.3514043
0.4563385
0.8522258
-0.1809535
-0.1082217
0.08097336
0.01056535
-0.4332952
0.4074486
0.05901153
;
-0.09757961,0.2011342,-0.007985764,-0.005397744,-0.2214348,0.0001700252,0.3722242,0.2645604,-0.5572016,-0.06183389
0.2587422,0.5617275,-0.3106294,-0.4009448,-0.00673359,0.3627106,-0.03594146,0.1202676,0.08196358,-0.01657733
-0.09459942,0.08615167,0.1923405,0.2022067,-0.4997468,0.2288296,0.1308865,-0.1631604,-0.1752295,-0.3695611
0.2831064,-0.1103067,0.1589862,0.08464348,0.001827143,0.3748602,-0.09596962,0.4670319,0.00238676,0.003694747
0.1309866,-0.8847269,0.1110495,2.493796,0.04648884,-0.09000527,0.2461919,-0.2345222,0.07001871,-0.3426942
-0.1351346,0.42212,-0.2525966,-0.2571459,-0.2870494,0.004408993,-2.843889E-05,0.01316456,0.3577487,-0.005437644
0.0002931507,-0.1676444,0.006193408,-0.0001281303,0.1133284,-0.2668497,-0.5055565,-0.1991412,0.2617469,-0.01486787
0.1403411,-0.0253179,-0.2079399,-0.001866148,-0.3428161,0.1131523,0.2290531,0.005427017,-0.2587997,0.05399087
0.04818302,-0.1085094,-0.2810513,-0.06829658,0.3040578,-0.01435322,0.01602497,-0.1149702,-0.003051937,-0.25624
-0.02370945,-0.328914,0.2984239,0.4686815,-0.002377422,0.1988702,0.4424138,-0.02732784,-0.06206238,-0.2633264
;
0.2789987,-0.001007898,0.1165784,0.02471417,0.1598679,0.1694245,0.2488841,-0.002747998,0.165689,-0.1507134
0.2549534,-0.01705048,-0.4791646,0.1010079,-0.1306584,0.4358847,0.01849101,-0.414338,0.4754639,-0.05451371
0.3956975,0.005807921,-0.04017916,-0.0001732142,0.2567164,-0.3197355,-0.3242496,0.06701424,0.1753161,-0.222021
;
