-0.3859662
0.17747
-0.009724096
0.7274184
-0.01473458
0.01524531
-0.29264
-0.1561992
0.4724691
0.4818614
;
-0.5233796,0.04465863,0.4373001,0.4295456,0.008628251,-0.05747402,0.9244437,0.4825323,0.05522979,-0.4112802
-0.1935143,-0.005214966,0.1971534,0.4197257,-0.2547822,-0.1844101,-0.129363,0.3514442,-0.2951915,-0.05825737
0.2097806,-0.2925853,0.3883545,-0.003041685,-0.04630762,-0.2758993,0.3991163,-0.0313259,0.09446834,0.2969853
0.2405642,0.05590277,0.553692,-0.1304031,-0.1946569,0.02250077,-0.1223918,-0.09540325,-4.859498E-05,-0.03233418
-0.1951229,0.04018401,0.07417875,0.4472133,-0.3159016,-0.1305772,0.06414251,0.3392823,-0.02655018,-0.101301
-0.0009313217,-0.3556786,-0.3142338,0.3857849,-0.3149426,-0.2559611,-0.09215731,-0.2657326,-0.1861214,0.2065009
0.01714867,-0.07380718,0.2818248,-0.2851971,-0.1258305,0.3885771,0.2542548,-0.00572732,0.06334215,-0.6008991
-0.3200245,-0.002357197,-0.5361151,0.3848374,-0.07798398,0.005179255,0.4507402,-0.01970363,0.008507669,-0.1376649
-0.1202354,0.2187727,0.0008101591,0.0162892,0.06338099,-0.02160268,0.4908007,-0.3967047,-0.4775907,-0.002906452
0.3007858,0.01226634,0.01566538,0.2871822,0.1663713,-0.1576751,-0.1608953,-0.0765027,-0.01561707,-0.02541459
;
-0.02475172,-0.03465116,-0.2773753,0.0005795673,-0.05387479,0.05043625,-0.01113259,0.02944726,-0.4961349,0.2848858
0.07193733,-0.06699778,-0.01208952,-0.464164,-0.2026825,0.2716796,-0.008343739,0.05287808,0.013776,0.2154369
;
-0.01606106
-0.780682
0.1780252
-0.1099646
0.1788504
-0.02614028
0.400414
0.1456719
0.7536458
0.2808177
;
-0.09757961,0.008452466,-0.1492393,0.3537486,-0.2306684,-0.0001397961,0.353043,-0.5168079,0.3981004,0.437588
0.1228614,-0.4963819,0.06451014,-0.4376004,0.05463737,0.3321283,-1.334117,-0.01213344,0.08998626,-0.02876569
0.04247551,0.1372591,0.3098258,-0.0909735,-0.2912492,0.3199443,0.1336084,0.1373869,0.5656382,-0.6524592
-0.3687487,0.08969248,-0.4502027,-0.2368529,-0.000912448,-0.1440244,-0.8099494,0.9047073,0.2607071,-0.3761297
0.2789392,-0.2726026,0.07210237,1.241633,-0.01927629,0.2785314,-0.3362933,0.1706332,0.03388558,-0.3426942
-0.03149474,0.005541697,-0.0003935345,-0.2306271,-0.001809204,0.4148923,-2.856468E-05,0.01029532,-0.09037759,-0.3852272
9.582734E-05,0.01552281,-0.000380658,-0.2151321,-0.3674138,-0.4220332,-0.3222064,-0.338938,-0.2708664,-0.001787112
-0.3972465,-0.0253179,0.09214228,0.004895805,-0.4223076,-0.2340707,0.4790778,-0.005427017,0.1165668,-0.05399087
-0.03883522,-0.2663046,0.2120301,-0.002633893,-0.00134885,-0.2207842,-0.01602497,-0.07031845,0.1730987,0.1521122
0.82843,0.128085,0.1359624,0.4049855,-1.733238E-05,0.1030424,0.001937,0.2055806,-0.06206238,-0.2633264
;
-0.3121164,-0.0005444774,0.05281037,0.0138058,0.03502815,-0.3326112,-0.3310996,-0.000198692,-0.2147412,-0.2803417
0.1210965,0.5968326,-0.4791646,0.01936591,0.007568341,-0.07062896,0.05650573,0.4607299,0.2064983,0.3085469
-0.0334915,-0.04227728,0.2822921,-0.1111159,0.2927989,-0.08593156,-0.4142623,0.1238596,0.2778758,0.1056356
;
