-0.4236188
-0.09081608
0.18169
0.07174375
0.04502376
0.284804
-0.0009623359
0.05608481
0.3806566
-0.2147086
;
0.0338057,0.2335934,0.0308858,2.800222E-05,-5.563172E-07,0.1172581,-0.09807514,0.02085861,0.01903169,0.4990228
-0.120139,0.4197146,-0.0263622,-0.0414969,0.01805659,0.03372358,0.0650726,0.3672295,0.497414,0.08544892
0.07303908,-0.08250386,-0.03119534,-0.02596625,0.1599701,0.1405698,0.06650418,0.01073254,0.173531,0.2381334
-0.1917018,0.0009555604,0.4087046,0.00332804,-0.2636639,0.3227314,0.2159964,0.01228444,-0.02977578,0.4639354
0.0267308,0.7465222,-0.1333719,0.1519942,-0.1507161,0.4047147,-0.04218372,-0.003641056,-0.4140313,0.03423948
-0.2520083,-0.09940715,-0.1507312,0.2277972,-0.02913501,0.3857667,0.00761758,-0.005989395,0.139112,0.8187347
0.3914915,-0.1853283,0.319407,0.4160517,-0.34706,0.4560871,-0.4257295,-0.3128437,-0.1513512,-0.4057989
0.2917248,-0.7108404,-9.85119E-05,0.4378416,-0.4931962,-0.09431106,-0.3551297,-0.7892744,-0.08704372,0.0141688
-0.09894806,-0.1789916,0.09686595,-0.5053361,0.1575258,0.1531378,-0.6183407,-0.2052934,0.1180751,-0.6331905
0.1087371,0.3449407,0.05887437,-0.03563114,-0.087668,-0.2110722,-0.2798268,0.0946904,0.2540911,-0.4958079
;
-0.05665192,0.008730034,-0.2739196,-0.06439441,-0.7155379,6.612898E-05,0.01175838,0.01225942,0.6688443,-0.07190085
-0.01776683,-0.2639412,0.1360054,0.1040476,0.03114819,0.1811055,-0.2069442,-0.07368553,0.0009110175,0.06277276
0.05897635,-0.1417459,0.7171966,0.4861911,0.3145751,-0.3838894,0.09943419,-0.01538935,-0.009722642,0.34209
;
