0.03288156
1.434369
0.1550719
-0.07919844
0.01540753
-0.4071704
0.2219898
0.00574261
0.04854941
-0.4283154
;
-1.410563,0.2779944,-0.3168162,-0.1189683,-0.0487085,-0.001654175,0.4412053,-1.495597,0.1150739,-0.3781005
-0.1972818,0.2419166,0.1115478,-0.4890803,0.01668816,0.4077384,0.3292601,-0.0003826165,0.1512845,0.5973537
-0.001395384,0.1687611,-0.3665471,0.0899974,0.4677101,-0.1440346,0.3271422,-0.0009157444,0.03553385,-0.6181582
0.001159814,-0.1519127,-0.3332224,0.3868432,-1.60806E-06,-0.06428177,0.4402597,-0.3417269,0.3810196,0.3980228
-0.02704367,-0.05896383,0.003421408,0.02547431,0.2828591,-0.004662958,0.4740328,0.1471114,0.1941758,0.01855832
0.0205163,-0.07772646,-0.02054354,-0.4636415,0.1457726,0.3357118,-0.009545889,0.004065918,0.001083465,0.1207898
0.6067094,-0.4588173,-0.2066167,0.01888096,0.02447412,-0.1918339,-0.3174686,0.1774211,0.08823906,-0.03795844
0.1054808,0.01201802,-0.3042674,-0.1186014,-0.02515159,-0.2631507,-1.150996,0.03986962,0.05225284,0.4823067
-0.0468481,0.0005973164,0.3192723,0.0471621,-0.09634739,0.3546751,0.1387259,-0.02202861,0.2461583,-0.05881393
-0.3790749,0.3926809,0.05985969,-0.0173314,0.3016554,0.3463287,-0.5192,0.09482387,0.1701562,0.3556097
;
-0.3037913,-0.01811886,0.1151042,0.003748123,0.11362,-0.44911,-0.3159759,-0.2068449,-0.05245126,0.2447879
1.640737,-0.008799323,-0.1669094,-0.3559682,0.1373767,-0.4888266,0.3794249,0.005347657,-0.2379834,-0.01138496
;
-0.4236188
0.09081608
0.1631645
0.06774154
-0.1118401
0.1843282
-0.2262526
-0.07133359
0.1770627
0.05331105
;
0.0007646555,-0.3210014,0.0308858,0.0002678421,-5.300509E-05,0.1172581,-0.4714909,0.01973052,-0.01903169,0.1422369
0.09750608,0.4087348,-0.0263622,-0.01165277,0.004593234,0.07947563,0.2132618,0.3672295,-0.00107187,0.4108273
0.01013191,-0.08250386,0.005398158,0.3085312,0.1599701,-0.05314456,-0.1486913,-0.06471565,-0.07280436,-0.2381334
-0.1917018,0.0002116854,-0.255345,0.002908823,0.09668513,-0.4111896,0.4239194,-0.03548497,0.3353747,-0.4550873
0.2179238,0.008946067,0.003264085,0.08242683,-0.1507161,-0.1932697,0.2322938,0.00584292,-0.009739361,-0.5092753
-0.2963536,-0.3494899,-0.1507312,-0.5920989,-0.01619726,0.4270529,0.004346923,0.005989395,-0.09955043,-0.7394944
0.3914915,-0.1409687,-0.2314931,-0.4160517,-0.3216541,-0.04926057,1.963901,-1.086955,0.1513512,-0.4057989
-0.2814363,0.1051375,-0.1485444,-0.2303475,-0.8282844,0.09431106,-0.3440094,-0.4079807,-0.08704372,-0.4995725
-1.010475,-0.1789916,0.05618172,-0.8117692,0.1575258,0.04933828,-0.8343056,-0.1823654,0.125223,-0.6331905
-0.0222477,0.3449407,-0.1809736,-0.02190715,-0.087668,-0.2110722,0.2146921,0.164242,0.2827684,-0.4958079
;
-0.05665192,0.1101272,0.2739196,0.3718646,-0.5394126,0.008231883,0.01395996,-0.009346556,0.6688443,0.1663869
-0.08741066,0.1555334,-0.1360054,0.1040476,0.294557,-0.1811055,-0.2069442,-0.09513918,0.000261127,0.0521467
-0.05897635,-0.1417459,0.3133549,0.4861911,-0.2879793,0.2602799,0.09943419,-0.01538935,-0.7158275,-0.847775
;
