-0.2219035
0.05034584
-0.0837141
-0.4855996
0.4723047
-0.1286373
0.4560946
0.2959985
0.3446774
0.1592886
;
-0.2459465,-0.4394888,0.196599,0.01602,-0.08905393,0.1640591,0.4450126,0.4043015,0.2707806,-0.1139221
0.03602463,0.4812562,0.3936437,0.1873714,-0.1298125,0.005655706,-0.1485552,0.1000296,-0.469111,0.1982338
-0.1268085,0.2352943,-0.2173048,0.2304848,-0.4555269,-0.2156785,0.4712518,-0.1004366,-0.04844195,-0.03079051
-0.4027208,-0.07452542,-0.3218135,-0.4655355,-0.4749284,0.3971393,-0.4728361,-0.2505388,0.1095302,-0.3886925
0.193956,-0.4527218,-0.2281139,-0.09516498,-0.2430812,0.2667713,0.2571765,0.2888871,-0.03855437,-0.21841
-0.3512034,0.3307128,-0.3886691,-0.4992964,-0.4297307,-0.4635764,-0.1186314,-0.09694582,0.4270762,-0.2071646
-0.3555597,-0.05615133,-0.135735,0.2510411,-0.3241454,0.1612638,-0.4899031,0.07735091,0.1079332,0.1356184
-0.04997379,0.4408263,-0.1358796,0.09965509,-0.1009666,-0.413113,0.4025259,0.05782801,0.3821243,0.4720976
-0.3236195,-0.01499552,0.6370751,-0.08243078,-0.4769,-0.1435944,0.3246174,-0.3629781,0.365695,0.05184823
0.4018698,-0.2948055,-0.2878146,0.192103,-0.3268806,0.1444895,0.1421853,-0.3913194,-0.1467624,-0.3054359
;
-0.3313011,0.1934365,-0.09568673,0.15433,-0.3161094,0.1769919,-0.362506,0.446926,0.22066,0.09950608
-0.211963,-0.001646459,-0.465212,-0.0008146167,-0.4168934,0.2845838,-0.1213891,-0.2035198,0.4895332,0.09554356
;
0.01065515
0.4413929
-0.02443513
0.3310285
0.5132973
0.1228105
0.06155704
0.05445671
-0.4102393
-0.01589834
;
-0.07100738,0.0007376386,0.04929378,-0.4308295,-0.851752,-0.1842147,-0.3282378,0.9040396,-0.002973112,-0.1975072
-0.3739635,0.302974,0.2829093,-0.4719659,-0.03444153,-0.01438634,0.2936767,0.04000208,-0.07826418,0.1279492
-0.3212409,-0.2778025,0.1028184,0.2837824,0.2256838,0.05920647,-0.2265696,0.610961,0.4389458,0.0523042
0.470453,0.09430844,-0.09363616,-0.637771,-0.05695126,-0.04124522,0.1195677,-0.0331916,0.1093989,-0.9505586
-0.1426747,0.01162756,-0.4845847,0.3639629,-0.05512514,0.1223971,0.4199259,0.4641129,0.7181749,-0.2849398
-0.4280635,-0.07056165,-0.3038355,0.4500486,-0.0006022236,0.002828651,0.07867908,-0.007915275,0.01934105,0.3778755
-2.114654,-0.1946965,-0.0131768,0.2367031,-0.4915265,-0.3993385,-0.239043,0.7950737,-0.5166169,0.2250553
-0.1837119,-0.1223066,0.0162075,-0.4993824,4.754299,-0.01814491,0.02822837,-0.4066586,-0.1374654,0.2977846
-0.2549917,-0.2951103,0.591924,-0.09874698,-0.04883486,-0.2580696,0.06165826,-0.4784648,0.4117461,-0.2035548
-0.1925123,0.2693796,0.5537846,0.3652613,-0.1732155,-0.4592871,-2.889118E-05,-0.3303998,0.3737366,-0.009406635
;
-0.1776148,0.001981727,0.01656178,0.1885105,0.4914839,0.2638456,0.2951313,0.4296795,0.3670231,0.1674816
0.1719123,-0.06014754,0.02588214,-0.4851722,0.02072333,0.01368397,0.303694,0.03610283,-0.4477242,0.1576794
;
0.2085712
-0.06518179
2.117712
-0.09557108
-0.2686913
0.1830905
-0.3218545
-0.2245686
-0.3667814
0.3730187
;
-0.00883101,0.1191905,-0.09133167,-0.1028417,-0.1173887,2.926202,-0.05474525,-0.02197735,-0.002401726,-0.2526846
0.1558765,-0.008070091,-0.5627044,0.3515723,1.062885,0.01153808,0.4207476,0.07145614,-0.1168985,-0.06171038
-0.2833929,0.05309974,0.03152603,0.1415929,-0.04441527,-0.4658305,-5.442979E-06,0.008903086,0.2987595,-0.3428763
-0.005024965,1.061651,1.722957E-05,0.1707622,-0.1305958,-0.002445167,-0.0008258455,0.3040667,-0.09596268,-0.01128836
0.1012293,-0.1055933,-0.1523457,0.2545083,0.4137255,0.03242264,-0.0003264666,-0.3975739,-0.9112189,-0.03520965
0.8726642,0.00823999,0.01918608,0.0009057857,0.3755983,-0.03333608,-0.5543517,0.3823781,-0.03998191,0.3206046
0.09085451,-0.4782097,-0.05739224,-0.4893284,-0.03895205,-0.2905071,0.02792715,-0.1152825,-0.2493708,0.04013954
-0.1455908,-0.138303,0.2419673,-0.04138941,-0.4841305,-0.2659557,0.1446277,-0.3818778,0.001391285,-0.03893393
0.4396009,-0.01192314,0.01732867,-0.3757088,-0.07693261,-0.07223576,0.08729929,-0.001429885,-0.2462068,0.4076842
-0.2706716,0.4849478,-0.3663214,-0.001324349,0.3762736,-0.02477289,0.299382,-0.4064509,0.3509176,-0.9232883
;
-0.3534514,-0.579239,-0.4728296,-0.004137102,-0.4346391,-0.2464455,0.3380569,0.02383924,0.8778471,0.1789826
-6.046931E-07,0.07372689,0.01093258,0.1468218,-0.08694881,-0.1647661,0.0001898408,-0.008123503,-0.1768925,-0.4510199
;
0.1887709
-0.1192584
0.09626789
-0.00136963
0.09997743
-0.3641224
0.1754233
0.3777572
0.00176665
-0.2815037
;
-0.2125502,-0.211327,0.2351562,0.2534025,0.0346498,-0.01450836,-0.02537795,-0.04381631,-0.5733192,0.1402164
0.2088465,0.01037104,0.1178313,-0.01585418,0.2599936,0.4616259,0.09553384,-0.4178686,-0.2814732,0.3353933
-0.0882039,-0.2398995,-0.4832276,-0.0006102754,-0.1962574,-0.05728656,0.05568667,-0.2740053,-0.03684205,0.4956427
0.1910393,0.1074165,0.01736337,-0.4261366,-0.0006972251,0.02793079,0.6004129,-0.1473285,-0.04340458,-0.1451212
-0.007168105,0.5089635,-0.08530721,0.03306299,0.0276973,-0.3445143,0.3458179,0.167394,1.770914,0.2638798
0.09066349,1.878585E-05,0.1506824,0.8148079,-0.02707922,-0.1610352,-0.5671888,0.1536626,0.001056304,-0.5363242
0.1947628,0.1206653,-0.0002764178,-0.01277438,-0.4093211,0.02347354,0.07468265,0.4264443,0.3424068,-0.2401744
-1.038103,0.1952785,0.09625365,0.006338127,0.01745778,0.2944875,-0.2722355,0.07027146,0.1382884,-0.1464649
0.1607184,0.151858,0.02043399,0.01111634,0.3539164,-0.02974363,0.1508953,0.1262393,-0.1823413,0.1499017
-0.2503943,0.3607262,-0.2095961,0.3402311,0.3908242,0.02188364,-0.4285032,-0.1750138,-0.4524822,0.06488328
;
-0.3237803,-0.5097576,0.5030687,0.04917739,0.2082667,0.007234334,-0.2749402,0.3247552,-0.03888886,0.861226
-0.330212,-0.005600679,-0.258253,-0.1754764,-0.4164984,0.1949508,-0.3854938,-0.1312456,-0.4547585,0.04203515
-0.7255968,0.7075308,-0.02063669,0.08113515,0.3141781,0.3251978,0.5055919,-0.1078347,-0.03815073,-0.004435607
;
-0.02374351
-0.002713375
0.2032183
-0.007597586
0.5086021
-0.1782659
0.03179139
-0.1360776
-0.00428785
0.06820637
0.1554038
-0.0699749
0.0003941284
0.05840129
0.2557501
0.2739557
0.06762391
0.2807089
-0.481503
-0.4752389
0.5065
0.05087469
-2.257397
0.1519041
-0.3070755
-0.05165421
-0.6230229
0.3292105
-0.0007420873
-0.3963775
;
-0.0317853,0.5753177,-0.6637585,0.0001215135,0.1664296,0.117926,0.03208488,0.1392538,-0.5147084,0.4975009,0.4306654,0.04583436,0.03315391,-0.4920535,0.2370193,0.03857768,0.01677706,0.09394592,-0.06392391,0.4538587,-0.02910254,-0.007165521,0.002037534,-0.03946224,-0.7105702,-0.04964575,-0.2629002,1.674519,-0.02161359,-0.3602027
-0.114099,-0.01723255,0.04212719,-0.4758051,0.1679891,0.2904549,0.3618053,-0.4251803,0.01977839,-0.3503051,-0.557847,-1.998859,0.4385472,-0.04281646,0.2072924,0.3124439,-0.01758878,-1.484871,-0.008272566,0.002655969,-0.1068189,-0.08500478,-0.1294619,0.4484185,0.375219,0.5119926,0.09568332,0.0135207,-0.01578852,0.03440587
-0.1790259,0.4154042,-0.2614495,-0.3493321,-0.4081292,-0.02876186,0.04245241,0.07143544,0.410931,-0.1355093,-0.3740065,-0.1158076,-0.142306,-0.08706439,0.695337,0.2453854,-0.1427022,-0.4161594,0.09339066,-0.086215,0.3583716,-0.001845554,0.05075888,-0.127468,0.1605388,-0.09071141,0.1761326,-0.01458424,0.4590611,0.2100128
-0.3272179,-0.01163649,0.003798306,0.1677473,-0.0984676,0.001913627,0.03490459,-0.780378,-0.440428,-0.2609253,0.1062194,-0.6620965,0.1906628,0.4807344,-0.3329551,0.9109139,0.6153864,-0.208801,0.366322,-0.2023181,0.002278992,0.3234731,0.1554818,-0.1900651,-0.6021463,0.0815879,-0.01309397,0.0006700557,-0.09968251,-0.03322081
0.3136646,0.006040315,-0.009366282,0.1198687,-0.3956589,0.5585122,-0.09231825,0.0009922229,-0.5708433,-0.05530589,-3.86952E-05,-0.09519538,-0.2904414,0.611528,0.001703715,0.1189037,0.00241052,0.3005596,-2.351743,-0.3616192,-0.08284539,-0.02808824,-0.3440013,0.2632005,-0.01058524,0.3827428,-0.06404783,-0.05509847,0.03434194,-0.23988
0.05109344,0.03927427,0.0008626788,-0.1173992,-0.09239131,0.1611527,-0.05847058,-0.2350844,-0.2308802,0.001066124,-0.03429104,0.1767183,-0.1125841,-0.03961423,0.2986766,0.2466611,-0.3643516,0.3692104,0.01445837,0.1921574,-0.1053103,-0.01818504,-0.2160504,0.1262583,0.006989983,0.426555,-0.4547235,0.6114003,0.4267231,0.02132759
0.156895,-0.2505827,0.2255049,-0.1408987,0.03027016,-0.2538801,-0.3974842,-0.0002321393,0.2659917,0.1928744,0.03287156,0.6321838,0.2697717,-0.230522,0.06125149,-0.4311213,-0.08468474,0.3152844,0.3430726,-0.3018626,-0.3394789,-0.4471943,4.673683,0.5741041,0.1729526,-0.002036562,0.05239274,-0.03534463,-0.05304056,-0.812664
0.2577497,-0.1829396,-0.2092342,-0.1401755,-0.0954321,0.07833287,-0.008270538,-0.2790523,-0.0004694386,-0.3370479,0.2027079,-0.1331419,0.04955238,-0.2909982,-0.2646631,0.0853073,-0.7265737,-0.383446,0.05211544,0.3207483,-0.2112018,-0.2793157,-0.2303001,-0.74418,-0.02487557,-2.801897,0.05298182,0.5409932,-0.074799,-0.1324179
-0.1332244,-0.4033683,-0.3840656,-0.2505188,-0.01258868,0.03833563,0.07671887,0.482751,0.4828924,-0.07662807,-0.4834895,0.1816598,-0.0248819,0.01067441,0.02027601,0.222854,-0.00919425,-0.0001683111,-0.03784679,-0.2831951,0.08368205,-0.0685396,0.1671575,-0.2406815,-0.05182642,0.07815653,0.04528481,0.1344942,0.04998523,0.01057876
-0.1256866,-0.08241554,-0.2450709,-0.1149486,-0.0259766,0.0589167,0.3125889,0.01014334,-0.4299601,-0.4645013,0.2501049,0.006535833,-0.2328212,0.4085565,-0.3766507,-0.2995692,-0.406078,-0.3169427,-0.02901727,0.06164778,0.3858536,-0.1117247,0.01510582,-0.3378109,0.9549116,-0.1083769,0.1634509,-0.5501444,0.2914813,0.001715014
-0.140681,0.3705096,0.8053637,0.01206257,0.05883906,0.225202,1.158615,0.2752916,0.4216999,-0.03162777,-0.08894857,-1.664469,-0.3162984,0.3971012,0.2706668,0.2634321,0.1802498,0.06247956,-0.2722254,0.08842704,0.04636399,0.01727125,-0.1406081,-0.06994581,0.3603922,-0.3050954,-0.1800606,-0.05544362,-0.06407118,0.2431784
-0.01471605,0.1908278,0.4510628,-0.2159677,-0.2974169,-0.2451656,-0.02754855,0.07218929,0.2823733,-0.06721824,0.3594596,0.3776149,-0.2675324,-0.003472171,-0.2625409,-0.2366795,-1.455074,0.457144,0.5534565,0.1348322,-0.1220978,-1.490342E-05,1.438444,-0.1614939,-0.3278017,0.02498216,0.2577856,-0.2788452,-0.3067867,-0.198736
-0.4917649,-0.01732935,0.01948185,0.3908966,0.08412295,0.1211653,-0.5976444,0.06766373,0.5611643,-0.06599706,0.151459,0.6776179,-0.2578483,0.05693602,-0.03020316,0.4850045,0.0589126,0.2099891,0.01394079,0.1358517,0.04824499,-0.2810893,0.0369978,0.1825964,0.151043,0.05165947,0.2713226,0.8460688,0.186637,0.06848305
-0.1728307,0.4997822,-0.472446,0.01575746,-0.0236665,0.03235851,-0.04356509,0.05085798,0.7794802,-0.4423567,0.3007052,0.09179952,-1.988886,-0.3643181,0.1849096,-0.4677048,-0.1568823,0.4291788,-0.1975122,0.1045498,0.4193696,-0.0001799135,-0.03162017,0.0007385421,-0.03976795,-0.008075563,-0.01770151,0.05904829,-0.4115864,0.1128083
-0.849651,0.9557024,-0.1358454,-0.2696776,-0.0626992,0.2092345,-0.05068427,-0.9187512,-0.448365,-0.3476223,0.1603579,0.2597011,-0.1189438,-0.3906404,-0.002942516,0.1554214,0.179853,-0.3890241,-0.4102315,0.02078468,-0.006421715,-0.06519979,0.05244102,-0.7840487,0.08564828,0.3895463,-0.009188622,-0.07293592,-1.394916,-0.06947857
0.4874452,-0.04697034,0.3159441,-0.009215322,-0.02403886,0.1241306,-0.0062978,0.7030434,0.3963891,-0.05499103,0.430961,0.4243284,0.7170498,0.09293056,0.5111619,0.3348117,-0.6420159,0.0012801,0.0001165099,-0.2847342,0.1427364,-1.123026,0.1312392,-0.4835395,0.3466066,-0.001138085,-0.01246399,-0.2803028,-0.3672169,0.01123985
-0.1148519,0.4319089,0.1247821,0.2900284,0.2504466,-0.01195027,-0.286593,-0.0167408,-0.355062,-0.1696512,0.240092,-0.08113343,0.2962137,0.7264631,0.877178,0.489835,0.008719401,0.02847828,-0.2560056,0.2343652,0.6477051,0.2614346,-0.04015161,-0.3351635,0.0152859,-0.5451755,0.3413745,0.1926522,-0.08862772,-0.6212444
-0.3578248,0.0008773089,-0.1847356,-0.1014459,-0.2472902,0.01312059,0.2754125,-0.4752178,-0.1091209,0.2294761,0.01515014,-0.149255,-0.05314988,0.00378497,0.2662659,-0.309332,0.3228066,-1.110894,-0.1238209,-0.04824489,-0.005288768,0.3986792,0.01856321,-0.2546029,0.3565352,0.07251877,-0.004939599,-0.1135899,0.1384725,0.1896067
0.1257376,0.3805778,-0.3756648,0.3099129,-0.01799637,0.3795055,-0.06227034,0.4318807,0.006764987,0.1910221,-0.150468,0.02593674,-0.1758698,-0.9221388,0.4650421,-0.08414286,-0.205316,0.4419821,0.1568514,-0.4218094,0.3558792,0.068262,-0.1159441,0.5379528,0.3726656,0.08696266,-0.5029134,0.0280719,0.3469679,0.3916395
0.2037564,0.09659559,-0.4882596,0.04883442,0.002275122,0.01338547,0.02145821,-0.1521421,0.07894832,0.03081042,0.2392986,0.3210602,0.05786601,-0.4675415,0.2296755,-0.05557066,-0.0795038,-0.1030219,-0.3713076,0.4763123,0.4803185,0.2239026,-0.2840592,-0.3493555,0.3081321,0.5190223,-0.001914103,-0.004205466,0.01503671,-0.07414875
-0.3743492,0.390286,0.09424405,0.3233558,0.3929968,-0.02022099,0.0804501,1.007652,0.07249277,-0.009894408,-0.1587315,0.418775,0.02963646,-0.2291521,0.02339144,0.4579074,0.01685586,-0.1465543,1.361838,0.08320242,-0.2765046,0.03306974,-0.1138845,-1.275861,0.0006514811,-0.1662923,-0.01403267,-0.01178078,0.05119996,0.2716935
0.2986379,-0.4667044,-0.03090808,0.2749914,0.02549201,0.01504156,0.2836552,-0.02103623,0.1098356,-0.1162843,1.257453,-0.4838061,0.009241668,0.0451377,-0.09322295,-0.336136,0.1535241,0.08914346,0.0833474,0.3108831,-0.2228138,0.0163083,0.1009374,0.2168346,0.04483087,0.03108204,0.02317376,-0.09604794,-0.3528038,0.1791787
-0.02164567,0.004904654,-0.03736428,-0.2442772,-0.1557536,-1.462273,0.01479758,0.0007871584,0.17856,0.3834256,0.1840473,-0.02746651,-0.1166825,0.03763061,-0.2228319,0.3766961,0.3322244,-0.146774,-0.1096816,-0.003879216,0.06405554,-0.3592325,-0.4521879,-0.001590285,0.004140457,0.3217492,0.09756857,-0.1519739,-0.04628741,-0.2655193
0.05730333,-0.06042998,7.21192E-05,-0.1283285,0.1754169,-1.465033,0.3309911,0.1296535,0.1863865,0.7431256,0.3094553,0.3747065,3.463894,0.01436463,-0.0762649,0.9616453,-0.1119728,0.4464933,0.152869,0.01314074,-0.9609017,0.3281802,-0.003216072,0.01446676,0.119056,0.3523206,0.1485783,-0.6687905,-0.06097176,-0.03188868
-1.293939,0.01194581,0.6272145,-0.4587687,0.2060795,-0.525645,0.001644825,-0.01179773,-0.4231788,-0.09619258,-0.2215701,0.8098955,0.0982365,-0.06009028,0.0875787,0.0268933,-0.3181899,0.4199384,0.3680167,0.02024765,-0.001444636,0.0004553276,-0.4162521,0.3236898,-0.02875943,0.01510353,0.3615271,-0.5491962,0.09114343,0.04778987
-0.2422977,-0.02140148,0.3749368,-0.1772006,0.3342595,0.2287917,-0.005928189,0.7497398,0.123117,-0.2406729,-0.0440721,0.2531043,-0.3987995,-0.007274874,0.6837584,-0.02832433,-0.2845943,0.01946314,-0.6261178,-0.4332086,-0.1179553,-0.5231321,0.001656342,0.03214651,-0.3853618,0.02121914,0.8340752,-0.3036386,0.2508,-0.02864297
-0.04667218,-0.3322031,0.003773631,-0.04972246,0.07601562,0.1906845,-0.08303159,0.389853,0.2851148,-0.1554702,0.1008798,-0.3165706,-0.01020826,0.05826819,0.3668693,0.289767,-0.01776179,0.2387531,-0.1553325,0.03104764,0.1888712,-0.2316007,0.03738505,-0.03133951,0.926981,0.001523596,0.4144213,-0.7041584,0.3410338,-0.0001714253
0.8449748,-0.4742185,0.01412855,0.1585444,0.4542465,-0.2250188,0.3021659,0.3203758,-0.04215997,0.4626825,-0.3986768,1.258047E-06,-0.1312815,-0.104094,-0.2345669,0.317988,-0.03027194,0.4514441,-0.4480007,-0.3667671,0.1616571,-0.380934,-0.4684029,-0.1112609,0.3815032,-0.2322044,0.0774508,0.3585221,0.536324,0.006079957
-1.249187E-05,-0.001018112,0.02508615,-0.3459191,0.1269777,0.0006356763,-0.2466571,-0.1370912,0.7776067,-0.3319235,0.4897719,-0.3940998,0.1129507,-1.246551,-0.002323863,0.3849353,-0.4654738,0.2554579,-0.01073427,0.09173024,-0.45418,0.7814698,0.4431337,-0.6465462,-0.3793525,0.8183309,0.1333213,-0.07990617,-0.004885343,-0.2567407
-0.2864074,-0.2531581,-0.007928931,-0.7480777,-0.09897876,0.3684091,0.4393528,-0.4759037,0.8914515,0.007149824,-0.3234735,0.3797696,0.0109963,-0.2223554,-0.002521114,0.1258674,0.1797489,-0.1814267,-0.3064206,0.0007432301,-0.1025087,0.02098292,-0.3807051,0.5237026,0.2990029,-0.0102165,0.06103042,1.043053,-0.193612,0.1337924
;
-0.2520814,-0.4750447,0.3752931,0.4104627,0.0001811286,0.4504813,-0.03962125,-0.1618988,0.002133084,0.2396802,0.050071,-3.304221,-0.4993938,0.4453003,0.4730102,0.1597202,-0.1790787,0.08955044,-0.5147353,-0.4873565,-0.02878338,-0.07101959,-0.6498457,0.1309584,0.02719596,-0.351244,0.1026142,0.1560832,-0.001882851,0.0263004
0.1225211,-0.3579433,-0.4462653,-0.4686328,-0.2781522,-0.3748744,-0.336056,-0.4408627,-0.08811883,0.01751596,0.04335412,0.1037358,-0.02406804,0.3704367,0.2489791,0.05770427,0.6179687,-0.470892,0.06271917,-0.431944,-0.08479862,0.01487745,0.02282117,-0.3173252,0.1748785,0.3782705,0.3021077,-0.1119408,0.03766608,-0.294133
-0.2638346,0.4668475,0.006838595,-0.07882938,0.3465419,-0.05712353,-0.3604033,0.4277387,-0.09158888,0.3210459,0.2704937,-0.4231242,0.01748717,0.4330266,-0.1524327,0.01912762,0.1230875,0.07516895,-0.1297372,0.06463534,-0.2506264,-0.4494644,-0.01162829,-0.2057232,-0.2908117,0.1324341,-0.03955238,0.3319936,0.2259924,-0.3116232
;
0.01440302
0.2285819
0.6319675
-0.02837409
0.1023152
0.05972461
0.06822046
0.09772998
-0.3429803
-0.4900446
0.02578597
0.7975688
0.4407619
0.003782749
0.08561886
0.008205305
0.3887223
-0.3372381
0.1340601
-0.126409
0.5893315
-0.07944983
-0.498314
0.01169022
-0.02085954
-0.3372146
0.2558063
-0.1205259
0.06519838
-0.7346058
;
-0.05337183,-0.02629316,0.402375,0.02480269,-0.02062954,-0.5051389,-0.4272228,-0.339107,0.05439635,-0.4758005,-0.09634769,0.4337075,-0.2261094,0.1435509,-0.298799,0.05256912,0.2338577,-0.3478338,-0.3797541,0.7425021,-0.1048366,-0.02934493,0.2105989,0.1954137,0.2901745,-0.3160338,1.051054,-0.3755029,0.3330859,0.6291512
0.0415103,0.03114155,0.4095287,0.1106689,-0.05995348,-0.2364071,-0.1502574,0.2037152,-0.2585962,-0.2301772,0.07708824,0.7820821,-0.3537177,0.2026271,0.1609894,0.1479521,-0.1776295,0.3009276,0.1747247,0.03614675,-0.04943369,-0.01515298,-0.2687387,0.08611525,0.4607038,0.05222701,0.1231389,-0.3187686,-0.02243885,0.402836
0.02441979,-0.1682068,-0.3224845,0.1571151,-0.02481547,0.05495244,-0.07808417,0.2089708,0.450121,0.04888179,0.346001,0.9052851,0.6037799,-0.2413277,-0.3651584,0.2986069,-0.3993596,-0.03849338,-0.2074137,0.3084892,0.7016205,0.415095,0.02816657,-0.09824193,-0.07612817,-0.007138591,0.4761964,-0.4006435,0.002760893,0.01481631
-1.135803,-0.1068289,0.1339662,0.2489155,-0.03542048,0.3647956,-0.08817218,-0.3252782,0.2780823,0.001298471,-0.01278893,0.08082043,-0.1537912,0.02818879,-0.6052574,-0.3219572,0.2237726,-0.181981,0.1959829,0.005134851,-0.8646041,0.06942831,0.009976495,-0.3777531,-0.4131604,0.1975785,0.4526241,0.2644826,-0.1879424,0.1279711
-0.5750828,-0.4619662,-0.06659963,-0.03402551,0.2151927,-0.3865622,0.7781798,0.2434261,-1.190564,-0.3533682,1.306101,-0.04826218,-0.0905635,0.2736402,-0.281231,0.06854802,0.1074683,0.07033729,-0.7795636,-0.03078321,0.1458179,0.001661253,-0.4166592,-0.1794382,0.1414522,-0.202189,0.01073745,0.1632701,-0.04403605,-0.01817089
-0.1030199,-0.1025992,0.1316369,0.1630599,0.09404078,0.08400319,-0.4084498,-0.007655203,0.3777668,-0.05157596,-0.2922156,-0.1529607,-0.4360958,0.3441168,0.172452,-0.02816945,0.01882902,0.07370198,0.3245178,0.002017975,0.01231273,-0.08142436,-0.03703684,-0.07446909,0.1103747,0.08926016,-0.03417064,-0.2942127,0.2063269,-0.4285834
-0.016491,-0.221447,-0.7680662,-0.1036159,0.06670576,0.05415672,-0.1712207,0.04405978,0.07881813,-0.04191443,0.3612982,0.1047982,-0.4487696,0.0501071,-0.173274,0.09971815,0.3218561,0.2960061,0.2349003,-0.2806323,0.01968844,-0.009706265,-0.1099556,-0.2957774,-0.472826,0.02705742,-0.4328461,-0.00564152,0.1156839,0.1688424
-0.1041556,-0.3819599,-0.2611181,0.1464971,0.365021,0.05246412,0.2678988,0.4043854,-0.1112668,-0.1648063,-0.08796793,0.3286339,-0.4836764,-0.1624928,-0.6083006,0.2944169,-0.5181022,0.03937254,-0.1432964,-0.1104071,-0.01176873,-0.1493557,0.3163062,-1.049997,-0.002844553,-0.002070721,0.3568107,-0.04801936,0.1998943,-0.367499
0.3257513,0.3107791,0.04257721,-0.005771425,0.1403458,-0.08213469,0.1874795,-0.4056125,-0.08416516,0.290866,0.3047213,1.472877,-0.2624501,-0.1609029,0.3080003,0.3592634,0.7053489,-0.2695003,0.2178351,0.06845659,0.3921849,0.003442466,-0.1004877,0.2769731,0.06424348,-0.1157248,0.3474662,0.002892425,-0.1516688,0.2362454
-0.05283423,-0.2816004,0.272833,-0.5061209,-0.2384781,-0.7703307,-0.2633616,0.3240253,-0.4714563,0.384802,0.08429831,0.258224,0.02488822,-0.2697877,0.0993076,0.3512724,0.3119719,0.1718895,0.02878056,0.1857034,0.00421875,-0.3419719,0.5505603,-0.3517323,0.04285691,-0.03616029,0.0272594,-0.5572588,0.7274213,0.05391116
0.1167354,0.1738117,-0.1198784,-0.07614702,0.1262306,-0.9337381,-0.02459918,0.4449089,0.006972332,-0.04544268,-0.4339683,-0.3995754,-0.1230464,0.06871778,-0.3910599,0.2747057,0.01132078,0.4188659,-0.387192,0.0049998,0.3505076,-0.5252553,1.644793,-0.004978077,0.07171243,0.2268324,-0.1902505,0.342154,-0.3889991,0.0180028
0.4991669,0.09402339,0.3489687,-0.3794427,0.02640443,-0.01013823,0.6554705,0.05906528,0.2714587,0.06746914,-0.1129519,-0.4933238,-0.008991539,-0.144698,0.509114,0.2323032,-0.05179995,-0.2260763,-0.9956775,-0.03572196,-0.1958029,0.0008259704,0.001993067,0.110622,-0.6606802,0.4566988,-0.3488978,0.1320985,0.1667634,-0.03065725
0.1660828,0.3073072,0.06137544,-0.3278157,0.247172,0.09739672,0.005053561,-0.2140417,-0.0260914,-0.09423083,0.0008838628,-0.2804577,-0.07778985,0.006948014,0.1148236,-0.2388218,0.3101329,0.1186334,-0.2850509,-0.01051766,0.3996257,-0.7859139,-0.3052622,0.1255772,-0.00119801,-0.219026,0.05277442,0.3452343,-0.0112875,-9.038088E-05
-0.1446075,-0.03696471,-0.003716961,-0.2176957,0.1514635,-0.269599,0.04881448,0.9173204,0.5259877,0.003770368,0.06872618,-0.458624,-0.007738564,0.6377092,0.1832812,0.0006536253,-0.3342277,0.321189,-0.2746226,-0.04622787,-0.3309646,-0.2553151,-0.1506247,0.3914653,-0.4014682,-0.3626455,-0.2883431,0.3420618,-0.02761528,-0.2984096
-0.06581027,0.03134814,-0.7840192,0.06843822,0.3479526,-0.01477578,-0.4590771,0.0227533,-0.4211534,0.2305046,-0.04170042,0.05985647,0.08461732,0.09834615,0.1205902,0.1030155,0.3015816,-0.2811362,0.1782412,0.281603,0.003337444,-0.9472364,-0.06285123,0.09451722,0.663636,0.08344605,0.09679905,-0.03852872,-0.07771779,-0.3823365
0.1020229,0.02497944,0.01888692,-0.4767269,0.1180742,-0.3234205,0.01550792,-0.01376685,-0.02487606,-0.1439976,-0.02897432,0.2113941,0.03995902,-0.3139127,0.3358845,-0.05841747,-0.4379423,-0.01018447,-0.201134,0.05595491,-0.2612611,-0.1986028,0.4537877,-0.1643537,1.046363,-0.4903487,-0.0005310761,-0.01597189,0.02576009,0.1281247
-0.1633999,-0.4214854,0.009220078,0.008542777,0.02566309,0.4159229,-0.09349686,-0.07468194,0.2095868,-0.005538948,0.2317134,0.01108691,-0.003428188,0.8061046,-0.1945688,0.4246827,0.2069827,0.08494173,-0.1125822,0.1786756,0.0004714409,-0.2548841,-0.3067337,-0.040958,0.0006966172,-0.01286232,0.3534883,0.429655,-0.2349138,-0.01366729
0.2166093,9.187698E-05,-0.05476362,0.339801,-0.7319573,-0.05884129,0.02642159,0.6662852,0.0205442,0.03619748,-0.2420911,-0.310552,-0.001238115,0.09631676,0.2454975,0.01267903,-0.5341626,0.05033457,-0.461314,0.05252313,0.007220907,-0.3943144,-0.06077005,0.9827158,0.1383347,-2.47065,-0.3920336,-0.0003138129,-0.2234237,0.1250703
0.1255254,-0.4098419,-0.1137783,-0.3868002,0.3220836,-0.3517288,0.8563093,-0.4629456,0.01774202,0.5752914,-0.3826215,0.3508978,0.1649572,-0.06876101,-0.03441929,0.425499,-0.3314474,-0.01775443,0.005189237,0.4232898,-0.3188798,0.005892919,-0.001758106,0.1877571,0.2696526,-0.03807268,0.1212695,0.2289166,-0.265328,0.2933513
0.06399471,-0.4517919,0.2536236,0.4352628,-0.4294883,-0.3256463,-0.1026874,-0.1703199,0.3115259,0.03776329,0.1633626,0.1503003,-0.4576159,0.3981397,-0.005845318,-0.04256386,0.01622888,0.1456357,0.4165598,0.0002777656,-1.604882,0.4130873,-0.3283149,-0.5468176,0.02928575,1.195822,0.430636,-0.06025261,0.1720659,-0.2968
0.3481004,0.1212245,0.1127475,-0.1239623,-0.2493353,0.4784622,-0.1332401,0.4069345,-0.3010627,-0.0316678,-0.4068933,-0.03709418,0.63561,0.3151293,0.3617569,0.01233765,0.3242655,0.3465872,0.01900367,-0.02517468,0.4117349,0.2748259,-0.3467421,0.1418805,0.03981113,-0.4675518,0.002766103,-0.6323406,-0.0546546,0.05220262
-0.02447758,-0.6642296,0.1451968,-0.4089684,0.4092343,0.2926584,-0.4825248,0.01285033,-0.08939189,-0.4406783,0.06433719,-0.03532463,-0.184039,-0.2168935,0.3187082,-0.004507115,0.1003534,0.2799942,-0.3922329,-0.729299,-0.2182474,0.08369213,-0.5750119,0.1186882,0.02293888,-0.1002113,-0.07012115,0.06833889,-0.1827956,-0.4202596
-0.02464026,-0.3329461,-0.0004128814,0.7179188,-0.1995952,0.03061566,-0.05942781,0.103142,-0.0981371,0.0400438,-0.003484572,0.3113941,-0.3854204,-0.02091461,-0.393023,-0.1856791,0.943673,-0.2273799,-0.2169127,0.1168986,-0.005263507,-0.4090741,-0.3099492,0.02648237,-0.02435094,-0.4569317,0.124254,0.1637845,0.000230536,0.03702635
0.06611329,0.08680547,0.3139821,-0.2669727,-0.3441402,-0.09556188,-0.0307014,-0.01609204,0.07294101,-0.04337559,-0.4368398,0.2810876,0.1047559,-0.04638829,0.2610632,-0.05139142,-0.3766483,-0.014943,-0.3997624,-0.04759718,-0.1331884,-0.1163223,0.1079205,0.08601862,0.1062635,0.8518717,-0.4950806,-0.1649219,0.04693989,0.3295553
-0.499994,0.2197455,0.02402252,0.2169819,0.1354374,0.2110258,0.6981078,0.0003409981,-0.2674723,0.3896337,-0.2826522,1.0543,0.08543921,-0.3797592,-0.09268929,-0.1038373,-0.07652663,0.1076548,0.2605298,0.01832462,-0.6289929,0.1592405,0.4908254,0.1133117,0.4892598,0.6639253,-0.13105,0.3809848,-0.005758936,-0.03251457
-0.4118278,-0.00537428,0.1794987,-0.1195632,0.03604556,-0.3642158,0.02674289,-0.1390718,-0.6202552,-0.4602326,0.3260671,-0.03014868,0.3743468,0.482193,-0.1394428,-0.2491804,1.815026,0.3014147,0.01294494,-0.02164072,0.01381058,0.1892241,-0.006302709,-0.4556071,0.1803173,0.4154651,-0.3620285,0.004652228,0.1652952,-0.5149953
-0.54014,0.04930232,0.06494743,-0.6606323,-0.1360298,0.2719628,0.3861617,0.2422622,0.1586957,-0.306529,-0.4203875,0.4084399,-0.1868811,-0.1056746,0.680846,0.03599758,0.05887238,-0.1658385,-0.3740006,-0.2202121,-0.07890838,0.1969635,-0.1534466,-0.1291947,0.08029789,0.270138,-0.2244593,0.10301,-0.00249928,-0.01130491
0.1706107,-0.1328146,0.8269845,-0.2408147,-0.3567364,-0.2289012,-0.06885427,-0.03432757,1.042425,0.2704567,0.30594,-0.7756745,-0.1660492,0.05481273,-0.1815708,-0.004360795,-1.733605,0.005259526,0.1641376,0.06261463,-0.1524687,-0.370212,0.3509609,-0.6257144,-0.2793097,-0.09015477,-0.372149,-0.1850372,0.7609097,0.003362973
0.004952301,-1.257705,-0.2980917,0.2918028,0.03463897,0.1409757,-0.000283454,-0.2217312,-0.4932774,-0.03854021,0.1632442,-0.07826048,-0.1243509,-0.2649842,-0.1274348,0.3854498,-0.1417293,0.4045947,-0.1167368,0.006986456,-0.01688945,0.1852704,-0.005888466,0.4750392,0.2704369,-0.04765128,0.2281438,0.03193904,-0.05475968,-0.0386639
-0.3789611,0.3082455,0.008285103,0.6089417,0.2393598,0.02730452,-0.3089257,0.7983286,0.001667161,0.07511548,-0.2609847,-0.5012474,0.6473086,-0.001895167,0.03587252,-0.008274853,0.1677863,0.005698894,0.03246874,-0.004332642,-0.5669414,-0.1783649,0.07658663,0.4139371,-0.06314319,0.01240726,0.0003137827,-0.3783926,0.5963563,0.3676529
;
-0.526023,-0.3279756,0.08153825,-0.1010717,0.3791232,-0.3718376,-0.8314661,0.003122151,-0.01894075,0.2835894,0.2293417,0.3363642,0.2367947,-1.269921,-0.04165131,-0.0176515,0.2471337,0.2957119,-0.1180656,0.05189568,-0.3245989,-0.1815104,0.02358419,0.07551973,-0.5995811,0.0766973,-0.4235972,-0.35309,-0.06746615,-0.1142279
-0.08568263,0.5880529,0.1347101,0.1709253,-0.132051,0.4445692,0.00536937,0.01487939,-0.1211555,-0.1376611,0.1731762,0.0364586,-0.04541722,-0.418542,0.02497894,-0.2642351,-0.2106803,-0.4071522,-0.5020138,-0.3930072,-0.4952404,-0.07110213,-0.026796,-0.103388,-0.3974823,-0.2053031,-0.01058657,-0.1624315,0.1182566,-0.273343
-0.05917001,0.3108968,-0.1354951,-0.1261011,-0.281837,0.02828916,0.0595789,0.1843958,-0.1731379,0.04898363,-0.1049862,0.3216084,0.2488248,-0.4459647,-0.00896735,0.3949081,0.02683573,-0.05368561,-0.0450222,0.1723176,0.7926322,-0.00748632,-0.02901529,-0.327025,-0.03184491,0.01179731,0.5912208,-0.2846543,-0.4906518,0.2240516
;
-0.09234708
-0.005822682
-0.1148749
-0.039619
-0.003749104
0.8587382
-0.3983642
-0.09732476
-0.364517
0.07701749
-0.01329777
-0.3737373
-0.2512367
-0.2304673
-0.2375673
-0.02592768
-0.1830625
0.3430816
-0.2006242
-0.3192981
0.2985827
-0.2185885
0.4426172
-0.002956478
-0.1890966
0.009579563
-0.4898526
0.005908489
0.6794013
-0.3678164
;
-0.02279419,-0.3675481,0.2396017,0.004418792,-0.07783879,-0.3823029,0.9465703,-1.527108,0.3828406,-0.1253475,0.01757033,-0.159134,-0.1903737,0.2260801,-0.06780852,-0.3870939,-0.0483212,0.1193478,0.2709756,0.3198948,0.004929964,-0.3152236,-0.5875347,-0.02309179,0.09453863,-0.1432555,0.451731,0.2064819,0.07083863,-0.2305595
-0.4951739,0.05579903,-0.1395818,-0.05990769,-0.4763986,-0.3147345,0.1337333,-0.03845703,-0.3175346,0.1751296,-0.02402048,-0.1182254,0.3802376,0.1725731,0.01294217,-0.4900788,-0.1164682,0.3191352,0.009356439,0.1725111,-0.1442351,-0.05753331,0.1124629,0.4295969,-0.03920007,-0.2711645,-0.04530273,-0.1497097,0.04085356,0.2763016
0.04873165,0.2061477,-0.01359568,0.06615765,-0.1151479,-0.03524572,0.04967164,-0.4512709,-0.3480051,-0.1572282,0.0003413463,-0.8851876,-0.01859321,-0.1062497,0.2662359,-0.1728227,-0.029999,0.004437126,-0.1184253,-0.07427283,-1.060665,0.004243155,0.1161316,0.4777688,-0.3145329,-0.04501207,0.765152,-0.168447,-0.01794183,-0.01557928
-0.2240828,-0.1891085,-0.0354113,-0.008733091,0.1379666,0.001869714,0.4500551,0.5631845,0.4136382,-0.3321329,-0.01797532,0.0545412,0.2609811,-0.4858989,0.03129522,0.0122842,0.4731679,-0.3200996,0.1983716,0.05056311,-0.5120351,-0.4811343,-0.04010724,0.1324872,-0.1258369,-1.202482,0.02539495,0.05546159,0.05346495,-0.07055856
0.5874572,0.2571169,0.8105338,0.05713555,-0.3368472,-0.193736,-0.003119183,-0.00106088,-0.9447305,-0.5893776,0.4348948,0.3506365,-0.04055333,0.4136752,-0.2752723,-0.2611694,-0.620243,-0.1165923,-0.4722416,-0.1859895,0.07001974,0.08392861,-0.4775704,0.6188956,-0.009978408,-0.1861674,-0.4416685,0.1473348,0.1129035,0.03279629
0.05492327,-0.3255441,-0.002836163,0.111372,-0.8548226,0.1437284,-0.4523469,0.4361614,0.4502787,0.09901069,0.4114827,0.3814,0.02932435,-0.05929637,-0.9462324,-0.2661394,-0.008504332,-0.3655239,0.2022822,-0.2012888,0.3296229,-0.2755791,-0.0351739,-0.03134205,0.2434238,0.1059242,0.4925402,0.09903906,-1.34601,-0.09268099
-0.1886467,0.6268277,-0.1926837,-0.02353727,-0.02121186,-0.08416814,-0.70668,-0.0439604,-0.4477193,-0.1887526,0.08889516,1.304755,-0.008276857,-0.5255293,-0.03066685,-0.324892,0.2613593,0.01850319,0.4079486,-0.09077355,0.09823352,0.3873962,0.000729794,-0.006825864,-0.8315861,-0.07032179,0.1684328,0.1074307,0.02601391,0.6378472
0.1363321,0.09357193,1.096632,-0.3560607,-0.03834696,-0.04944256,0.1353039,0.001809094,0.7277241,-0.1219129,-0.4993115,0.3587434,-0.4944489,0.2751603,0.384402,0.4420245,0.09216469,-0.3153863,0.1481598,-0.4209361,-0.4551595,-0.03439835,-0.05618218,-0.01199519,-0.3153957,-0.3349987,-0.1285251,0.34305,-0.176051,0.08806016
0.3753409,0.5872383,0.2691116,0.4328753,-0.1604677,-0.157771,0.4012996,0.1491405,0.005466918,-0.3734914,-0.02581727,-0.1583006,0.3900538,-0.006097763,0.01775644,0.1361215,-1.022032,-0.280027,-0.2837586,0.1323939,-0.5326127,-0.2106385,-0.130045,0.4282229,0.3043109,-0.3694227,-0.06613288,0.01416133,0.09291263,-0.05716184
0.3331455,0.116323,0.5630515,-0.05279571,-0.3740739,-0.5080052,0.008221862,0.3652687,0.4026577,-0.8379599,-0.01525303,-0.01328808,-0.07161852,-0.09608519,0.08663872,-0.02095562,-0.1165077,0.2500268,0.1350342,0.0742957,0.7669728,-0.1526456,-0.09060173,-0.1632839,0.4925355,-0.417135,0.8218059,0.3108176,-0.02904616,0.04475328
0.4134013,-0.06061417,-0.08360419,0.2839258,0.271956,-0.3721019,-0.0290759,0.04050842,-0.01087091,0.0005253782,0.2323205,-0.03700893,-0.1486907,-0.4120921,0.1220402,-1.613067,-0.172389,-0.04121697,0.2312587,0.2008506,0.4661546,0.4278887,-0.08871473,0.4160609,0.3661857,0.3703905,-0.2290663,-0.1430495,-0.3428367,-0.03855535
-0.03866929,-0.03379494,-0.4595451,-0.1116078,0.05786278,-0.3117514,0.2581141,-0.4828864,-0.5798136,0.3012343,-0.4738247,0.005111825,0.1562306,2.191545,1.073038,-0.001453629,-0.05662149,0.2360324,-0.001356855,0.3651152,0.4493164,-0.1221897,0.09338377,-0.006751075,-0.1175498,0.01475628,-0.3208897,0.113545,0.2573623,0.005089073
0.1336473,0.08325545,-1.355679,0.0069223,0.19219,-0.4432679,-0.2120538,-0.3151144,-0.7619595,0.2168193,0.009410163,0.3235326,0.1478041,-0.384528,-0.08495849,0.8381625,0.5991971,-0.001294398,-0.0218719,0.459221,0.07443064,0.2033749,0.03780173,-0.2665446,-0.2531039,0.2931861,0.9770201,-0.5336136,1.453192,-0.3469088
-1.313244,-0.1840039,-3.255581,-0.06953605,-0.4120972,0.4348001,-0.6339864,0.007921994,-0.2309746,0.3785846,-0.05393916,0.9682139,-0.15369,0.3195678,-0.0001145274,0.3942522,-0.00487242,-0.01593387,0.3346484,-0.1375707,0.4915788,-1.026833,0.002376296,-0.262629,0.4547114,-0.2443946,0.4891207,0.453315,-0.1153943,0.112435
-0.01042696,0.05204994,-0.5130324,-0.5935375,0.1113807,0.6814837,0.5217884,-0.0129406,0.4575681,0.06743199,0.002565559,-0.3854481,0.4841915,-0.4986166,0.2151078,1.480156,-0.3026278,-0.1396727,0.3938234,3.521651E-06,-0.04172581,-0.1009743,0.001899019,0.02664233,-0.7474608,-1.349733,0.007163253,-0.6841555,-0.008259594,-0.1071575
0.00124884,0.7051936,-0.1391456,0.1483727,0.05623287,-0.01585072,-0.04273366,0.3569395,-0.646246,0.04285989,-0.4043236,0.489725,-0.453799,0.003316166,-0.3238791,0.01139671,-0.03342042,-0.165016,-0.01832231,-0.5078365,-0.01638453,0.04374519,0.05657588,-0.04294511,0.04788073,-0.7911721,0.01941747,-0.4703053,0.1256325,-0.03658298
0.1498711,-0.6407934,0.01009221,0.02730777,-0.009782612,0.6748013,-0.0244146,-0.2576631,0.327772,-0.1090798,0.0003119391,0.03056996,0.001706909,0.2216337,0.4778489,-0.005568432,-0.2464938,0.04665458,-0.3813436,0.3201103,-0.4675511,-0.0003927984,0.1404095,0.3859411,0.00021409,-2.237803,-0.5488971,-0.3389263,0.1637407,-0.002711358
0.182595,-0.01522879,0.09007118,-0.5359284,-0.322751,0.106999,0.3288199,-0.1081772,0.01937189,-0.05790395,-0.03417748,0.233185,-0.1484072,-0.007315096,-0.5168167,0.09865445,-0.06072396,0.07334262,-0.2313005,-0.2074044,-0.05034095,0.06249937,0.09773123,0.001389205,0.1348753,0.3170778,-0.1064009,-0.164606,0.4261513,0.443599
-0.0550465,0.05071126,-0.02945453,-0.06258203,-0.08258749,0.05241793,-0.1205882,-0.1527132,0.2345484,0.1134506,0.241335,0.5867323,-0.135002,0.3872832,-0.08574521,-0.1205863,-0.2135882,-0.2404313,0.4517347,-0.3561903,0.1139169,0.1623496,0.04796976,-0.4630057,-0.2156723,0.4716073,-0.3704416,-0.4797747,0.2249313,0.4306687
-0.05391217,-0.09361898,-0.2508371,-0.04275742,-0.1428439,0.2858248,0.001446796,0.04980512,-0.1082692,-0.06273192,-1.303011,0.0135907,0.3863698,-0.1598644,0.0240594,-0.05694517,-0.3831147,-0.1481857,-0.4985456,0.2798208,0.03358179,-0.2891399,1.304767,-0.3955195,0.007941305,-0.4503896,0.08958355,-0.4578198,-0.01629595,-0.8280823
-0.01363376,0.1304726,-0.07582074,-0.4273545,0.4244725,0.3603903,-0.6582745,-0.5397277,-0.2293091,-0.4668429,0.1159153,0.1081376,-0.03779608,0.1780112,0.03807472,0.1563506,0.0430261,-0.2620319,0.2623531,0.1596975,-0.2820885,1.27865,0.08782589,-0.1268746,-0.1747438,0.07732596,0.005510747,0.1056281,0.01760543,-0.0325788
-0.1838969,-0.5267884,0.09364384,-0.1037104,-0.2599093,-0.1266063,0.06587686,0.3776489,-0.2920851,0.6262676,-0.3571513,0.001007598,0.4956503,2.018227,-0.1638781,-0.3380351,-0.4579904,0.06755983,0.7128013,-0.01603292,0.4087243,0.4144144,0.1834387,-0.007963262,0.03469798,-0.002815367,-0.02787359,-0.3341113,-0.2389854,0.2308737
-0.4824146,-0.0708892,0.3455338,-0.03315308,-0.1307375,-0.3467726,0.1679729,0.3009354,0.008237898,0.2207159,0.007601232,0.4132529,0.1192657,-0.4978236,0.02288999,-0.03691528,0.1584279,-0.47321,-0.3209605,0.1621671,-0.2635286,-0.3509928,-0.4754604,-0.2464769,-0.659928,-0.01284671,0.015315,-0.1568649,-0.1538802,-0.1616672
0.237687,-0.2709503,-0.1443296,-0.2374041,-0.008139499,0.05381738,0.09855735,0.2378997,0.05211967,0.6742583,0.03716644,0.06562668,0.01797521,-0.3198015,-1.284483,0.1793577,0.1750069,-0.0007954728,-0.377749,0.02302279,-0.2792985,0.06509457,0.1716442,-0.002438072,0.0006287324,0.04408342,-0.2137176,-0.09141383,0.6381504,0.3622584
-0.5044882,0.2948547,-0.2559922,-0.4391018,-0.08187431,-0.390286,0.2494542,0.4649878,0.06487674,0.1960239,-0.03486489,0.8077646,-0.3770645,-0.003646562,0.06854872,0.266706,0.1170849,-0.4375579,0.2573833,-0.7301341,0.2294861,-0.009288371,0.03524055,-0.2393811,0.01379472,0.3371331,-0.6214609,0.4160192,-0.1858494,0.4902456
-0.4263378,0.03888015,-0.5683774,0.5725645,-0.001853609,-0.3674539,0.02806133,-0.03472471,0.1012107,0.1284507,-0.03280061,0.909413,-0.3052959,4.131266,0.7129034,-0.001235524,0.3826244,-0.01021902,-0.4123704,-0.05023628,0.02894828,-0.4737546,-0.0004176921,-0.4689164,0.006647062,0.07912236,-0.4684489,0.5020778,0.1296234,0.1059793
-0.1867637,0.3968028,-0.1359187,0.01885734,-0.1255306,-0.02143321,-0.3047781,0.3987433,-0.05781039,-0.3996814,0.2134861,0.2764443,0.09935042,-0.2291806,0.4510149,0.4853966,-0.01754798,0.1916188,0.06198126,-0.001430504,0.4540587,0.0001079889,0.2711356,0.4866138,0.001090606,-0.207195,-0.1020071,0.6068147,0.1352745,0.1727626
0.4851879,-0.04366785,0.4538538,-0.5253873,0.2393773,0.2993248,-0.2735983,-0.2659826,-0.3368089,0.0008666603,-0.3651223,0.1685294,-0.3601028,0.0131472,0.7871222,-0.005956046,0.02598763,0.04840879,-0.4693961,0.7880732,0.04526896,0.4270009,0.5866064,-0.0163689,0.2260108,-0.01000669,0.578793,-0.002161351,-1.860627,-0.5364538
-0.386773,0.001244557,-0.4840343,-0.1612395,0.02582933,-0.0384207,-0.04260473,-0.01850031,0.01035876,-0.2432791,-0.3038408,-0.1927703,0.3088852,0.4990133,-0.314,0.08538999,0.139634,0.4061005,0.06300408,-0.402045,0.5608739,0.596379,0.03161384,0.0001252002,0.2110464,-0.32839,-0.2058573,0.001796932,-0.4375771,0.1751206
0.1423518,0.365374,-0.3715889,0.0512692,0.01641545,-0.4488276,-0.04908898,-0.283169,0.1169686,-0.2387155,0.2212958,-0.2965264,-0.323585,-0.002156015,0.05506418,-0.300716,-0.01066689,-0.06257147,-0.7302382,0.4894464,-0.134357,-0.3583456,0.1585528,1.279021,-1.411723,0.01775887,0.2826455,-0.1436404,0.3411051,0.4920132
;
-1.533213,-0.01589437,-0.05573358,0.04206973,0.001818815,0.3862392,-0.4977072,0.1507275,0.0002335723,-0.02375311,0.06300204,0.03242415,0.02228655,0.3732462,-0.01901268,-0.0001835665,0.1908303,-0.07318284,0.06331366,0.1148009,-0.003725262,0.4343224,-0.04458393,-0.2197051,-0.4759781,-0.008405753,-0.01086408,0.0757413,-0.01272935,-0.06783125
-0.6413991,-0.02340307,-0.003255031,-0.1239291,-0.3915055,0.00932517,0.1447146,0.1591778,-0.156455,0.2886759,-0.2265212,0.1668047,-0.000985701,-0.06190878,0.1445004,0.3680564,-0.1760244,0.2755544,-0.1219258,0.1476577,-0.1112789,-0.001480039,-0.07803092,-0.1648105,-0.5784569,0.02718502,0.03106633,-0.4583629,-0.2712729,-0.3482558
0.04436094,-0.4574932,0.006345005,-0.3559354,0.2079875,0.1267056,-0.001869664,0.275185,-0.4329079,-0.5617501,-0.1884531,0.1212935,-0.04100277,0.7794133,-0.4779937,-0.7949663,-0.03761351,-0.03625564,0.3325378,0.02694164,-0.114109,-0.3417741,-0.1555544,-0.1507851,-0.2563136,-2.215304,-0.01320141,0.1821602,0.1639038,0.2595816
;
