-0.2219035
0.05034584
-0.0837141
-0.4855996
0.4723047
-0.1286373
0.4560946
0.2959985
0.3446774
0.1592886
;
-0.2459465,-0.4394888,0.196599,0.01602,-0.08905393,0.1640591,0.4450126,0.4043015,0.2707806,-0.1139221
0.03602463,0.4812562,0.3936437,0.1873714,-0.1298125,0.005655706,-0.1485552,0.1000296,-0.469111,0.1982338
-0.1268085,0.2352943,-0.2173048,0.2304848,-0.4555269,-0.2156785,0.4712518,-0.1004366,-0.04844195,-0.03079051
-0.4027208,-0.07452542,-0.3218135,-0.4655355,-0.4749284,0.3971393,-0.4728361,-0.2505388,0.1095302,-0.3886925
0.193956,-0.4527218,-0.2281139,-0.09516498,-0.2430812,0.2667713,0.2571765,0.2888871,-0.03855437,-0.21841
-0.3512034,0.3307128,-0.3886691,-0.4992964,-0.4297307,-0.4635764,-0.1186314,-0.09694582,0.4270762,-0.2071646
-0.3555597,-0.05615133,-0.135735,0.2510411,-0.3241454,0.1612638,-0.4899031,0.07735091,0.1079332,0.1356184
-0.04997379,0.4408263,-0.1358796,0.09965509,-0.1009666,-0.413113,0.4025259,0.05782801,0.3821243,0.4720976
-0.3236195,-0.01499552,0.6370751,-0.08243078,-0.4769,-0.1435944,0.3246174,-0.3629781,0.365695,0.05184823
0.4018698,-0.2948055,-0.2878146,0.192103,-0.3268806,0.1444895,0.1421853,-0.3913194,-0.1467624,-0.3054359
;
-0.3313011,0.1934365,-0.09568673,0.15433,-0.3161094,0.1769919,-0.362506,0.446926,0.22066,0.09950608
-0.211963,-0.001646459,-0.465212,-0.0008146167,-0.4168934,0.2845838,-0.1213891,-0.2035198,0.4895332,0.09554356
;
-0.1712899
0.4311025
-0.3462624
0.1712874
0.01781771
0.1831359
0.9027697
0.02409118
-0.06818701
0.6487693
;
0.2161852,-0.3877386,0.2934242,0.08545727,-0.216302,-0.9600045,0.5108159,-0.008234228,0.3593072,0.1383474
-0.1081981,-0.4172821,-0.08960754,-0.07082731,0.2002688,0.003640907,-0.01016853,0.3396521,-0.07597342,0.00288837
0.01513594,0.1715213,-0.4163877,-0.03690534,0.1627097,0.2375741,-3.116034E-07,0.4931829,-0.01287335,0.1901609
0.6387387,-0.3444389,2.20674E-05,-0.1627975,-0.01169221,0.07686454,-0.009728492,-0.1871234,0.2484144,-0.06559614
-0.01638199,0.0412663,-0.2983966,-0.08479589,-0.9347787,-0.06577045,0.0003264666,0.0373252,-0.1390395,0.004601124
0.007282333,0.04117664,-0.06772071,0.1624206,-0.6294519,0.03333608,-0.4097363,0.04481322,0.3761157,-0.07065329
0.4541786,-0.002861463,-0.004337342,0.4392134,-0.4242363,-0.0732552,0.692605,0.3617313,0.0593149,0.4297632
0.1144428,0.1634683,0.8599823,0.003002489,0.0003425617,0.04780748,-0.07408534,0.03916143,-0.001391285,0.01308361
0.006602585,-0.09258741,-0.0207173,0.02934033,0.291818,0.5454068,-0.8187017,-0.01960379,-0.02505493,-0.4084513
0.0296787,-0.4731206,0.07117663,-0.009496813,-0.8105426,0.05264207,0.1897319,-0.4766829,-0.02048212,0.1731004
;
-0.5981754,0.1251736,0.1080309,0.001991739,0.2461841,0.1984083,-0.1378838,0.002635065,-0.2018371,0.01745529
-5.339963E-07,0.03326205,0.4176068,0.1837925,-0.1096904,-0.006981427,0.2243235,0.1164289,0.1960259,0.1723032
;
-0.003493831
0.3351265
0.2150361
-0.02785662
0.06851218
0.3215331
-0.434837
0.06330627
0.005454213
-0.3311075
;
0.3332713,-0.44067,0.05412457,-0.423803,-0.09285594,-0.03443104,-0.2736545,0.1137156,0.07062409,0.2046747
0.01583079,-0.217213,-0.2840276,0.03487808,-0.03094751,-0.5306014,-0.05168074,-1.183163,0.305779,0.03863775
-0.3614043,0.1794742,-0.4818816,-0.04631107,0.2789139,-0.01967257,0.40412,-0.2931849,-0.4612508,-0.4011201
-0.1910393,0.008830537,-0.542235,-0.790261,-0.0006614682,0.05395125,0.1887488,-0.03951071,0.009631863,0.1877746
-0.177825,0.3123428,-0.4372582,-0.002324081,-0.02650994,-0.01110584,0.01120492,0.1058821,0.1268753,-0.1486269
0.3101789,-0.1896997,0.1365308,0.4907173,0.8116452,0.2343177,-0.305647,-0.2694843,0.3010177,0.5417959
-0.06694416,0.05578677,0.06747323,-0.01734624,-1.144138,0.1398715,0.004918164,-0.6237378,0.6314698,0.3277111
-2.254574,0.07615443,-0.4881184,-0.08197552,0.1178827,-0.1666345,-0.2224829,-0.01599999,0.02775616,-0.9591468
0.07518165,-0.3750197,0.002190393,-0.01111634,0.01660365,-0.001586939,-0.1294525,-0.1262393,-0.06216449,-0.00338817
0.3498321,-0.07393318,-0.1379679,0.1704314,-0.2702457,-0.01555122,-0.2903102,0.2067669,0.4664669,-0.009797481
;
-0.5766302,-0.006179823,0.4965142,-0.1688786,-0.3768629,0.4016348,-0.5893151,-0.1512085,-0.2126043,-0.06617055
-0.3688342,0.009865862,0.4032486,0.117535,0.2297105,0.4355668,-0.009391801,-0.04108888,0.09328884,-0.4990453
0.4451998,-0.1291125,0.08695556,-0.0598216,0.0001413716,-0.01458945,-0.3648808,-0.1286125,0.3413125,-1.976741
;
0.06222028
-0.01390988
-0.04370397
-0.08252567
-0.01121563
-0.00520712
-0.1052579
-0.06710809
-0.3378347
-0.01422782
-0.2500098
-0.05399782
-0.4407619
-0.1937681
0.1861918
-0.009551139
0.026747
0.1743673
0.03900681
-0.3967879
0.2924876
0.2603494
0.3962187
0.2685614
-0.04181638
0.3372146
-0.1393412
-0.22014
-0.08425142
-0.9779321
;
0.3399448,-0.3398714,-0.7225626,0.3387317,-0.02673033,-0.1797453,0.01135583,0.2547515,0.3090847,-0.3048087,0.2315407,-0.4337075,0.2854539,0.03005684,-0.5801913,0.7065794,-0.3902856,-0.2662802,0.2513297,-0.3594966,-0.08211972,-0.007431522,-2.027095,-0.007124832,-0.3920851,0.002040548,0.06904203,-0.4015795,-0.266938,-0.4153177
0.09490368,-0.2993371,-0.772119,0.2266442,-0.3758196,0.1556762,-0.2056041,-0.02862734,-0.1389379,0.0858007,0.02810464,-0.2399443,-0.3116292,-0.4011652,0.1478132,0.1479521,0.286759,0.1344887,0.0163975,0.0827527,-0.1084909,-0.02655886,0.3131865,0.3097918,0.4607038,-0.1939967,0.05839683,0.06195268,0.02243885,0.01959876
-0.4351882,-0.301649,0.1327293,-0.4289771,-0.05497221,0.5667036,-0.391434,-0.1411141,-0.4715297,-0.1922671,-0.5300869,0.4100169,-5.935682E-05,0.1980895,-0.730122,-0.4719889,0.05467974,0.004130966,0.4198742,0.165631,-0.00239197,0.855123,0.03096634,-0.4741237,0.1618907,-0.4428928,0.1176806,-0.4006435,-0.0181486,-0.001787186
0.04067473,-0.324308,0.3589048,-0.07569123,-0.01704052,0.43071,0.1178458,-0.2007168,0.06829208,-0.001298471,1.116492,-0.3061507,0.3246552,0.01059171,-0.4126189,0.6634609,0.02083679,0.1208021,0.09891349,0.4002014,0.464306,-0.1350929,0.3327099,-0.2863847,-0.1005224,-0.1330766,0.4526241,0.1224887,0.05432159,-0.4577053
0.1283575,-0.6039878,0.01594803,-0.4343331,0.1332469,-0.1555861,0.2963418,0.2434261,-3.841672,0.3533682,0.3880552,0.00933978,0.1152864,-0.1457263,-0.05308907,0.05491218,-0.06944229,0.08910362,0.0246649,-0.4974855,0.4415016,-0.03393656,-0.1536129,0.2887795,-0.1972663,0.1893688,0.00560474,-0.04097332,0.7970869,-0.01667332
-0.09010922,-0.2142972,-0.1316369,0.1428353,-0.0006442292,-0.1724447,-0.02091282,0.2988844,0.4949658,0.04391685,-0.3391815,-0.2257664,-0.09265257,0.02263635,0.4950156,-0.02584711,-0.0654553,-0.1045661,-0.04992098,-0.5340475,0.05338794,-0.4163158,0.1585188,-0.2936541,0.4992244,0.1189149,-0.1379095,0.1504479,-0.2651118,-0.04029882
-0.2024639,-0.701447,-0.02708058,-0.02276833,0.3274291,-0.2261371,0.4643935,-0.1296973,0.4441617,-0.2220359,0.7075945,-0.1430156,0.4204813,0.1561811,0.0216226,-0.1280286,0.1337167,-0.264338,0.01956013,-0.03216442,0.02274664,-0.0433286,-0.1291455,-0.8782787,0.7734495,0.02705742,-0.003041208,0.3487076,0.2272367,0.2879857
-0.1510159,-0.004285126,-0.1226651,0.01519236,0.4482928,-0.1693573,-0.484066,-0.3513528,0.008079685,0.1244381,-0.4408251,0.1575627,0.1471533,-0.006573683,-0.9654445,0.8557615,-0.2351149,-0.07531506,0.3414959,-0.009491876,0.0117902,0.07267326,0.4742666,0.024663,-0.002844553,-0.0007918049,-0.1178849,-0.04801936,0.1998943,-0.01378615
0.4551712,0.06679162,0.4351646,0.0004582717,-0.003476259,-0.2193075,-0.02193483,0.4406705,0.2343426,-0.1312886,-0.1926221,1.99427,0.2624501,-0.2485902,0.02700253,-0.399307,0.4598856,0.4725715,-0.04061138,-0.1121174,0.2834697,-0.00221153,0.02951425,0.1571386,0.5242313,-0.03768943,0.4685526,0.005735445,0.4181101,0.09175178
-0.04168628,-0.006363243,0.2391902,-0.01834269,-0.2440234,-0.2899964,-0.1103759,0.09743196,-0.2610108,0.02848142,0.1736542,0.1149264,-0.3704035,0.7366456,-0.07659151,0.04466087,0.1127588,-0.1520963,0.4026417,0.3208847,-0.4955954,0.107906,-0.4815627,0.2126292,0.04285691,0.2783881,-0.001234124,-0.5572588,-0.1574794,0.232842
0.02041,-0.660198,0.1900935,-0.2349361,-0.1262306,-0.4260917,0.009075419,0.2645001,0.3479046,-0.1347852,-0.489136,0.7385328,-0.198745,0.088492,-0.1013252,-0.00718006,-0.4637592,-0.03927883,0.4190167,0.006735606,0.3864675,-0.335982,0.4458498,0.006916591,-0.117753,-0.3103377,0.0751445,-0.09904385,-0.09940299,-0.0007666612
0.5816637,0.08892389,-0.385801,-0.1674998,0.3273584,-0.002591049,-0.6554705,0.01284634,0.2714587,-0.06746914,0.3006538,0.1145866,0.008991539,-0.01487465,0.412308,0.0343096,0.296268,0.151599,0.9956775,0.3103994,-0.1958029,-0.3266466,-1.063809,0.1491295,0.3261765,0.4392682,-0.1757896,-0.1936513,-0.324591,-0.03065725
0.1660828,-0.01899775,-0.04577941,0.04667018,-0.247172,0.05962199,-0.005053561,-0.3682756,0.03965496,-0.2284651,-0.0004610636,0.2259644,-0.1622483,0.3401176,0.6404749,-0.01734793,-0.0561977,-0.02256722,0.313794,0.3731549,-0.452547,-0.1228291,0.168582,-0.005562484,-0.001987902,-0.0006748938,0.5522236,-0.5320159,0.4825,-0.2016873
-0.4667352,-0.1447081,0.1502019,-0.07091028,-0.07949664,0.04014896,-0.05038732,-0.3427309,-0.07611206,-0.3210007,0.009652915,0.04333645,0.07296735,0.6212748,-0.4857695,0.02566533,-0.2513942,-0.3792384,0.3521343,-0.05096626,-0.02051824,-0.1359435,0.4094893,0.4902876,-0.1249847,-0.130057,0.005448928,0.2581848,-0.2420532,0.04815501
-0.1211668,0.03134814,0.7840192,-0.06843822,0.06510307,0.4586024,0.03901115,0.1813215,-0.522927,-0.211805,-0.1878891,0.3298736,0.08461732,0.1680144,0.2104252,0.1030155,-0.7179756,-0.4248013,0.5712552,0.4685545,0.002008869,0.4063405,0.01733098,0.008866092,-0.1611418,-0.3882393,-0.04985255,-0.02754974,-0.1306197,0.1377514
-0.06995161,-0.1031179,0.01888692,-0.2829841,0.1477111,0.4112119,0.007987537,-0.06422419,-0.07247094,0.2579451,-0.02897432,-0.1312159,0.1025093,6.284891E-05,-0.1577542,-0.4354182,-0.02097622,0.03738725,-0.1909396,0.007124669,0.3881034,0.005013049,0.1322874,0.1150625,0.2301582,0.5340983,1.079988E-06,-0.01035297,0.08400638,0.4210776
-0.1633999,-0.3961996,-0.7170489,0.2395964,0.02331717,0.07703114,-0.273476,-0.3269005,0.1061305,0.001017889,-0.04847572,0.003536645,0.0002706184,-0.9942369,-0.1703953,0.6208129,0.1018494,0.2598139,-0.07939869,0.2352584,0.0001628471,0.05743641,-0.3067337,0.3029754,0.2115052,-0.4967149,0.1468698,0.429655,0.514071,0.4192772
0.07941019,7.676549E-07,-0.08638227,0.1648244,-0.5123728,0.08366474,0.008550739,-0.3830334,-0.0205442,-0.1344514,-0.3221508,-0.3914261,-0.002453524,0.0765501,-0.1905661,0.1870952,0.05207139,0.2059878,-0.1702688,0.4787444,0.001838487,0.001271069,0.1052245,-0.4750675,-0.491698,4.558852,0.4391454,-0.0004308061,-0.04330813,-0.3261054
0.05744856,0.4098419,-0.1160936,0.4713609,0.302812,-0.1387665,0.8563093,0.1163982,0.3577535,0.5752914,-0.1050785,0.4352367,-0.1649572,0.005157009,-1.007846,0.2207018,0.08541751,0.4056542,-0.01879905,-0.8645055,0.1959115,-0.0004346865,0.3727732,-0.1593959,-0.06576794,0.3326083,0.01394978,0.3534046,-0.2469429,-0.0028568
-0.004322831,0.1472477,0.9348118,-0.236786,-1.495016,-0.2633359,-0.03524872,-0.3356348,-0.4329394,-0.02723216,0.0273375,-1.044659,0.1887334,0.02143611,-0.01382859,-0.8201442,0.6585748,0.1246788,0.09570588,0.0002777656,0.1921166,0.4835315,-0.02187628,0.2489621,0.3836368,0.1023931,-0.3526365,0.06668384,-0.09946924,-0.3305397
0.3481004,0.09971768,0.0179338,-0.1420935,0.03773702,0.8430075,0.7469057,-0.009660188,-0.4143722,-0.1720096,0.1515089,-0.0644265,-0.07740621,-0.2012797,-0.2974364,-0.003553331,-0.09636304,-0.3465872,0.02903107,-0.02469123,0.6975086,-0.7604374,0.3467421,-0.01627935,-0.03981113,0.06852376,0.004490684,-0.08586049,-0.03170604,0.4390845
-0.02881351,0.164618,0.1451968,-0.3686796,0.05037939,-0.1174637,-0.9572509,0.01413649,-0.0007987418,0.1312884,-0.004506077,0.8159876,-0.006855618,0.004808724,-0.04579783,-0.00158418,0.4162198,-0.1621962,0.1895471,-0.01516689,0.2182474,0.01176253,0.03408557,0.1893658,-0.01007198,0.1002113,0.07012115,1.105432,-0.07226998,0.4020554
-0.06816337,-0.1739067,0.06437561,0.01705117,-0.2317378,-0.01503271,-0.3089126,-0.103142,-0.008989632,0.08945996,-0.003484572,-0.003319085,2.971983,0.02785843,0.0004447448,-0.2338877,0.06084668,0.03376408,0.3414604,0.1268612,-0.004460094,0.2628942,0.2513285,-0.08659918,0.02353485,0.08408885,-0.2883897,0.0004536073,-0.0009946616,-0.1854052
0.3812315,-0.3832418,0.253589,-0.6284696,-0.1613243,-0.02394754,-0.2115224,0.02283127,-0.1272014,-0.01958812,-0.009908023,-0.4589446,0.00199755,0.4816946,0.4947711,-0.02328561,-0.2320492,-1.125477E-05,-0.2440439,-0.04129606,-0.217925,-0.02840131,0.03228952,-0.02053851,-0.4142747,0.4913187,-0.05163326,-0.2137759,0.07775087,0.3295553
0.1486203,0.01556841,0.3895308,0.195786,2.713384E-05,0.410044,0.2619697,-0.000633847,0.0005813241,0.4005062,0.008480525,-0.2132332,0.08543921,-0.0001725917,0.02541239,-0.1338129,-0.09315488,0.1076548,0.2605298,0.2101627,-0.2263548,0.1592405,-0.466836,-0.07047899,0.4531605,0.9024826,-0.2351945,0.02346477,-0.2628497,-0.1267133
-0.2016312,0.007910356,0.1794987,0.05564004,0.002296237,0.3811654,-0.1884189,-0.09048229,-0.3438246,-0.3858705,0.08070153,-0.2634691,-0.05732304,-0.4123321,-0.001157701,0.03777689,0.4580095,0.4130765,0.007670976,-0.234376,-0.3209029,0.02632222,-0.1229835,-0.4626799,0.08637315,0.318826,0.3620285,0.00302216,-0.002195851,0.1135206
-0.4292775,0.05173498,0.0626276,-0.9704618,-0.2300346,-0.3064649,-0.5253553,0.001120101,-0.2698339,-0.4049851,-0.4186126,0.6148723,0.2118139,0.04473081,0.2785757,-0.06614572,0.2398085,0.2111048,0.2933189,0.4052482,-0.05405251,0.4787699,0.1534466,-0.3767942,-0.08029789,-0.1091217,-0.1153279,0.4143877,-0.2516334,-0.006642001
0.2614856,0.3228757,-1.10289,-0.4332749,-0.2754855,0.07915823,-0.2582556,0.2106507,-0.4504434,-0.01457886,0.04834177,-0.1028725,-0.31697,-0.4709461,-0.03750306,0.00190873,-0.5598277,-0.3985223,-0.1621576,0.01182894,0.003770649,-0.370212,-0.4357187,-0.2248584,-0.1302838,0.108332,-0.5862449,-0.08807016,-0.2306934,-0.003362973
-0.01953965,0.003808401,-0.1550784,0.4486753,0.1899967,0.1164009,-0.1138219,0.1389931,0.5615489,-0.01748586,0.3868393,0.4592232,-0.03236169,0.0790915,0.01165006,-0.3854498,-0.246868,0.08486774,-0.1167368,-0.4703648,-0.4662368,-0.6512182,0.006836398,0.03146935,-0.2021465,0.003344118,0.3643926,-0.6019416,0.09725701,0.004109784
-0.2888174,-0.0007892626,-0.008285103,-0.2247587,-0.01362592,0.019134,-0.2808127,0.01309195,-0.4291131,0.06340946,-0.01939543,-0.2539254,-0.0007799268,0.1973216,-0.04711408,0.01259201,0.02114326,0.423187,-0.009250778,-0.1649427,0.4606864,-0.1783649,0.2361966,-0.9619467,-0.02354737,-0.009233185,0.467101,-0.01150085,0.5963563,-0.2258743
;
-0.5920615,0.03957432,-0.1168784,0.3173356,-0.1000683,-0.01545814,-2.288482,-0.003122151,0.4627186,0.2135446,-0.01199129,-0.01653057,-0.3525965,0.3220414,0.2537815,0.3119687,-0.03174561,-0.1085214,-0.01410419,0.05189568,0.02914581,0.04903081,-0.4739347,0.0001149058,0.09427482,-0.05301628,-0.04450875,-0.4747834,0.2048487,-0.2712896
-0.06655142,0.04798862,-0.4916744,0.0716239,0.06074915,0.1996897,-0.2770228,0.4076098,1.022127,0.4211811,0.03185946,0.0446602,-7.439239E-05,0.9272707,0.03154924,0.2642351,-0.3105109,-0.01722879,-0.2634627,0.3930072,-0.1292942,0.1336222,-0.1152807,-0.0001397553,-0.440058,-0.00447287,-0.40681,-0.2524507,-0.1182566,0.3156231
-0.008231731,0.5858872,0.47864,0.01473254,0.4091024,0.0524237,-0.1735138,-0.1842116,-0.1448865,0.2949039,-0.05871553,-0.001387739,-0.2488248,-0.2506233,-0.0077914,0.1348288,0.007452212,0.07189345,0.4718616,0.4498446,0.2409636,0.369822,-0.2257493,-0.02236675,-0.1916642,-0.01065867,-0.412401,0.453216,0.3063701,0.04219973
;
0.1730922
0.1562103
0.07207204
-0.03273672
5.612068E-06
-0.9667698
0.3146317
-0.5147642
0.0224201
0.05297994
0.2372869
0.07426995
3.875527
-0.006362365
0.8689921
-0.07601627
-0.4585606
0.3787487
0.3197659
0.3342278
-0.2917708
-0.1268632
0.2152557
-0.00216112
-0.4325589
-0.01321083
0.3872561
0.0668276
0.3506279
-0.5464424
;
-0.07663182,-0.3675481,-0.0905247,-0.0008943523,-0.3819139,0.4983913,0.01561981,-0.357344,0.1752363,0.09838611,0.2251854,0.005477726,0.0001941901,0.1273466,0.4621814,0.0006630839,0.01118744,-0.0787512,0.06811601,-0.08209997,0.1287107,-0.2322252,-0.2044378,-0.2115537,0.009812221,-0.03619325,0.2755693,0.2238362,-0.04575468,-0.3878214
-0.2929733,0.1263357,-0.2718284,0.3233047,0.1422007,0.3758484,-0.01619991,0.227195,-0.1481149,0.4814816,-0.166477,-0.3081259,1.089092,0.01434512,0.1441355,-0.2765995,-0.03935546,-0.0413717,0.1221415,-1.138911,0.0001358194,-0.4285177,0.3434134,-0.09046262,-0.2306614,0.3696567,-0.04201151,0.1841248,-0.4074212,0.06419586
0.1823684,-0.9964628,0.2148654,-0.495948,-0.156814,0.0003359583,0.444012,-0.2269745,0.3750716,0.01630935,-0.0001528934,0.1135265,-0.1246883,-0.4468735,-0.6032568,0.354758,-0.2162211,0.002447733,-0.3187685,-0.1576208,0.2477501,-0.3016961,-0.4218339,0.1485797,0.06504624,-0.1484284,-0.4949594,-0.2246459,-0.02122393,0.4744302
0.3449446,0.02487023,0.350183,-0.395146,-0.09483906,0.002371725,0.6952442,2.579547,-0.4690113,-0.04388313,-0.006953493,0.218829,0.01167195,0.1161005,-0.1295633,-0.0122842,0.08168711,-0.01253609,-0.2458788,0.4597391,0.5431387,0.9042045,0.3016187,0.1882102,0.2868183,0.2474734,0.218501,-0.1394529,0.02530558,-0.143537
0.1741529,-0.2818357,-0.2542783,0.0003705523,-0.4948398,0.004065798,-0.3082891,0.001172156,-0.05522676,-0.4847651,-0.3635284,-0.1108355,0.02806778,0.2739686,-0.3308201,-0.0006303011,0.03228742,-0.01606843,-0.4722416,0.1102301,-0.6729676,-0.008496698,-0.001394605,0.05956873,-0.1856868,0.03860568,0.181535,0.3940692,0.1806456,0.4919575
0.1982399,0.03548127,-0.06897274,0.1022061,2.910348,0.1478109,-0.4852985,-0.1398147,0.2648056,0.272076,-0.3999088,-0.009715679,-0.4446257,0.0006139262,-0.4310108,-0.158089,-0.01349181,0.1646151,0.1688031,0.1192407,-0.2413231,0.09139307,-0.0351739,0.03134205,0.2610207,-0.08292247,0.07978219,0.04532983,-0.08855477,-0.01467291
0.08669525,0.1564701,0.7248018,-0.169835,-0.02121186,-0.07303208,0.1343555,-0.02026761,-0.3760684,-0.03447157,-0.006124897,1.304755,-0.7198483,-0.2154613,0.0114115,-0.4650412,-0.2325296,0.005289048,0.2615232,0.09077355,-0.1324812,-0.3307992,0.01927047,0.4630104,0.0886336,-1.099475,-0.2865887,-0.01103369,-0.6641306,0.1215687
0.06727642,-0.4260727,0.5190622,-0.3560607,-0.6241401,-0.7824159,0.2684851,-0.02647478,-0.2846196,0.1018991,-0.2276691,-0.3587434,-0.07752377,0.1297496,-0.1447104,0.002143443,0.001805772,-0.1493712,-0.04195341,-0.07826435,0.2739365,0.2445446,0.2208674,0.01508431,-0.08034609,0.09671572,-0.006522702,-0.159256,0.003260587,-0.2283634
-0.07704856,-0.8936974,0.4119962,-0.1847897,0.2399971,-0.7658475,0.4500424,-0.2922891,0.08878773,-0.02016003,0.1434966,-0.05296463,0.1374019,-0.1067321,0.2048062,-0.4055834,-0.234899,-0.1128771,0.1509521,0.1517775,-0.1821026,0.01828844,-0.1544818,0.02554423,-0.4967557,0.08973262,0.02887027,0.337666,-0.01367891,-0.02979655
-0.09596445,-0.3665384,0.1494981,-0.1010821,0.3760554,0.4817954,0.09934326,-0.4539924,0.1788727,0.3887133,-0.501013,-0.03961009,0.02219657,-0.1305115,0.3432552,0.3642374,0.6087015,-0.0194628,-0.1314491,0.3155463,0.397048,-0.2254023,-0.02412222,-0.1981544,0.1759686,-0.2817138,0.2581141,-0.1110987,-0.285381,-0.477994
-0.003513985,0.07678948,-0.3358836,-0.05922467,0.002433089,0.00202666,0.5050533,0.4615686,0.3822397,-0.1423592,1.445337,0.0671709,-0.5718319,0.2888781,0.5893698,-0.4916928,0.00933351,0.04492788,-0.1012716,-0.02673635,0.2047509,0.1224712,0.5994462,0.09257004,-0.1463187,-0.1605605,-0.06957427,-0.03537138,-0.3326075,0.4887033
0.0216182,0.002539352,-0.3709094,0.1852403,0.1468936,-0.2813705,-0.8334389,0.4828864,0.6257123,0.02060006,0.1651846,0.02847725,0.11717,0.005494695,0.03921598,-0.04553133,-0.1685074,-0.02174288,-0.0008339829,0.3651152,-0.07391442,-0.005747616,-0.1725168,0.1779214,0.09631044,0.005150646,0.06328005,-1.773787E-07,0.02962381,0.0008202208
-0.09911066,-0.01339157,0.4185289,-0.4962614,-0.2527799,0.001528074,-0.2120538,0.6790158,-1.343005,0.4104003,-0.007933273,-0.2907729,0.003842652,-0.3698102,-0.5360654,-0.3062679,0.3176416,-0.4539204,0.1237671,0.01921438,-0.1894644,0.04668098,0.04205983,0.007022982,0.01132371,-0.004978903,0.0315228,0.5336136,-0.3994473,0.09431611
-0.375723,-0.6377907,0.001511506,-0.135697,-0.4587922,-0.02865558,-0.3246654,-0.7637769,0.01019725,-0.1615556,0.1898967,-0.2213604,0.1307968,0.4120824,9.297424E-05,-0.02502225,0.1173258,-0.2258422,0.1905851,0.5866537,0.53159,0.8960713,-0.002164365,-0.7683859,0.1331801,-0.1135709,-0.2908174,0.0682326,-0.3841226,0.0577529
-0.2448016,0.3599557,-0.7134281,0.02464095,0.2323665,-0.4286235,0.1613426,0.02131751,0.3206238,-0.0138363,-0.2822051,0.00519088,0.03009316,-0.06513865,0.3013622,-0.007868176,0.4326661,0.6936195,0.2459836,-0.001696169,-0.0001895679,0.08569235,-0.009088425,-0.09557364,0.2044484,0.07769167,-0.3395296,0.1349477,-0.04140502,0.01205736
0.1437168,0.2734325,0.3509948,-0.000102752,-0.5425537,0.008518962,0.06318889,0.1796247,0.01238548,-0.03471753,-0.04152064,-0.664797,0.9421089,-0.002788067,-0.009757691,0.00416345,-0.03936582,0.01671618,-0.405046,-0.1091105,-0.2028228,0.4925915,0.3218499,0.05109808,-0.599153,-1.673177,-6.532929E-06,0.3282206,0.7116984,-0.2081843
0.3147683,0.055221,0.01133012,-0.02289982,0.3803225,1.670424,-0.07310671,-0.4297248,-0.6496966,0.1091335,-0.0002623407,0.009765613,-0.0003799266,-0.1726152,0.4707743,-0.2814495,-0.3693681,0.3044538,-0.3329822,0.3076147,0.06616945,-0.1380239,0.01716461,0.1498456,0.0003090551,0.3337874,-0.2504016,0.5350395,-0.2318198,-0.3004854
-0.1539141,-0.08135206,0.2283343,0.04957481,0.3145998,0.05476734,-0.02371579,-0.4814714,0.1317885,-0.001852221,0.111009,-0.4520147,-0.4551058,-0.4982818,0.6655151,-0.3166313,0.07973339,0.02183763,0.002012789,0.1107576,-0.008792934,-0.0242663,0.003096844,0.0007717719,0.08148508,0.4851933,0.3683056,0.09805408,0.7412476,-0.009164457
0.2269958,0.02916775,-0.1664632,-0.4014957,0.009409328,0.2854732,-1.102003,0.009423712,-0.2593893,0.0403525,0.05722559,0.6000905,-0.3097438,-0.2318969,-0.07026403,0.1233056,0.01438874,-0.33474,-0.31817,0.01533124,0.5147572,0.3769476,-0.04205772,0.05588382,-0.0299396,0.1384188,0.03263583,0.1096547,-0.02240076,0.03953992
-0.08715591,-0.0020927,0.2629601,0.005498325,0.001259767,0.4390769,-4.312599E-05,0.04980512,0.1105017,-0.08783334,-0.1238276,-0.1528746,0.3863698,0.3880829,-0.3203044,-0.009804578,-0.4237772,0.02217394,-0.1991546,-0.2798208,0.04352349,0.1981823,0.9709386,-0.0253709,-0.1221028,-0.02026458,-0.0628441,0.004942508,0.001612667,0.4245108
0.3546964,0.04187916,-0.3258137,-0.4065142,-0.04712957,0.3200057,-0.1441115,0.1251117,0.08950964,1.152565,0.1159153,0.002952906,0.05486156,-0.02450585,0.1731762,0.06434952,-0.129558,0.1171464,-0.05485791,0.2282341,0.2732185,0.1756285,0.4101448,-0.08406311,0.1378147,-0.1297214,0.00016011,-0.03616412,0.009406769,-0.08023517
0.05250932,-0.1495009,-0.01689572,-0.6748831,-0.002398742,-0.04354174,0.02204448,-0.2402164,-0.5082115,0.06216556,0.04039266,0.1437364,-0.03937115,-0.5425724,0.1434138,0.04407734,0.08717912,-0.01975559,-0.3781621,0.1127765,0.5199541,-0.02041089,0.5331157,0.00454797,-0.02398081,-0.1536906,-0.008652988,-0.3863498,0.008454594,-0.05982021
-0.001773575,-0.01157299,0.0645538,-0.1671914,-0.1108809,0.3046538,-0.07849527,0.4849325,0.4036798,-0.74618,0.003195236,-0.01112954,-0.3881003,0.3977536,-0.2159626,0.1936249,0.1584279,0.01930209,0.06664568,-0.4984738,0.07561209,-0.1204982,-0.1600637,-0.09064069,0.3729161,0.2337293,0.002146312,-0.2929815,-0.008259462,0.07074625
-0.1098865,0.3216249,0.09441473,0.4348151,0.1211956,0.2715557,-0.4718522,-0.1404623,-0.05298108,0.02371644,-0.4022241,0.09705733,0.005432543,0.237295,-0.09015173,-0.09519048,0.03397137,0.07083172,-0.4306389,-0.01703051,0.08164807,-0.0427658,-0.08371942,0.2019078,0.1683375,0.1133888,-0.01256927,-0.08035291,-0.01821548,0.3475875
-0.2721566,-0.06553634,-0.4777638,0.1136352,0.1759354,0.4255309,0.502017,-0.08140779,-0.1105221,0.03819865,0.01299542,0.247793,0.2209665,-0.2081987,0.2448055,-0.2503254,-0.221081,-0.3891203,0.02429304,-0.1474412,-0.4454468,0.2071437,-0.001693947,0.1450465,0.1172847,-0.1309425,0.7225188,-0.0735564,0.1917801,0.1750917
-0.06433864,0.07504841,-0.8689857,-0.1434449,-0.002107478,-0.007740819,0.05650026,-0.03741475,0.1082317,0.005246184,-0.09830825,-0.03518718,0.4761463,-7.33302,-0.1003406,0.893141,0.2138733,-0.005692749,0.001705763,0.06227654,0.2658637,0.02680583,-0.4995593,-0.01999468,0.1981521,0.01466719,-0.01722645,-2.204859,0.2247584,0.1059793
-0.34043,-0.1075297,-1.047431,-0.003736175,-0.4250436,-0.005353002,-0.1939979,-0.1107071,0.05353993,-0.2315992,-0.04288214,-0.2194599,0.01193059,-0.0426628,-0.001569435,0.4853966,0.02446075,0.1775323,0.02449137,0.01024283,-0.02448467,-0.5343889,-0.05262238,0.2022544,0.1425335,0.09827366,0.003846453,0.12573,-0.02982226,-0.5229665
-0.07364538,-0.07415157,0.5495818,0.03104535,-0.4428786,0.2296622,0.09102684,-0.1348213,0.1472612,-0.09610483,0.4172002,-0.1809141,0.3601028,-0.02734929,-0.02262198,0.3850023,0.04123472,0.07102708,0.5084296,0.3245226,-0.04697937,0.3859435,-0.1852905,-0.1274856,0.2022692,-0.07722265,0.001098402,-0.2907286,-0.06375021,0.3811789
0.05882019,-0.4000223,0.1094395,0.3113288,0.1403506,-0.09498352,0.02247797,-0.2378443,0.01659163,-0.001241866,-0.442643,-0.002797417,-0.8437469,-0.009808849,-0.7160038,0.2562184,0.139634,-0.2248953,0.1494495,-0.4636748,0.1343173,0.1567322,0.4353124,-0.06008488,-0.438628,0.1347508,0.3386304,0.4805232,-0.5981979,-0.2959282
-0.01787527,0.05907847,0.07940767,0.03478668,0.1627314,-0.4864016,0.2705698,0.004052476,-0.009814459,-0.01335496,-0.798129,0.04232585,-0.1660424,-0.3267093,-0.2415855,0.3277872,-0.4844028,0.8157974,0.3798097,-0.5907618,0.2858279,-0.1301525,-0.2346651,0.1461029,0.09891394,0.02559816,0.02726599,-0.3910152,-0.02448466,-0.3437263
;
-0.003900788,-0.327396,0.2209337,0.2764225,-0.1940622,-0.0690977,-0.2870796,-0.7939848,0.02179562,0.2175602,-0.05421356,0.0223653,-0.1240088,0.4993259,-0.363739,0.7014722,-0.452004,0.03157676,-0.1725824,0.01109088,-0.01997576,0.3086296,0.1678293,0.692766,0.1099306,-0.4223071,0.324596,0.02712182,0.1603905,-0.05062149
-0.813557,-0.006586534,-0.4705851,0.02631641,-0.4870751,0.02771976,0.5018419,-0.02185323,0.1163481,0.09348519,-0.1637436,-0.3630557,0.2096884,-0.09402961,-0.3049989,-0.004765195,-0.06809238,-0.3515729,0.06958395,0.1253938,0.2090279,-0.001286024,0.01879615,0.4863617,-0.2787916,-0.04073588,-0.1644024,-0.06827407,0.06711838,-0.05001226
0.1220163,0.146934,-0.132929,0.1802168,0.1546103,0.1319299,0.2066119,0.04782727,0.02703434,0.3851985,0.1085427,-0.06506961,-0.2040969,-1.726917,1.321012,0.06876043,-0.007823249,-0.4924624,0.1960535,0.02894497,0.00113384,0.1638155,0.02762404,-1.678591,0.146269,-0.171657,0.01838334,0.8170676,-0.2477881,-0.2465817
;
