-0.07436723
0.5482842
0.2016443
-0.6045628
-0.4607101
0.002350328
-0.004732328
0.1377003
-0.2528715
-0.3615084
;
-0.04695501,0.887837,-0.07338501,0.5685927,0.4072105,0.1808012,0.3275303,1.096742,-0.3807679,0.5135998
0.003617164,0.0001409257,-0.1826593,0.4582145,-0.04095981,0.1755367,0.093456,-0.05778477,-0.07381313,-0.04904932
-0.06211113,-0.1273057,0.2779956,0.381822,-0.1874179,0.02872145,-0.5746693,-0.9343894,0.4531423,0.08363268
-0.2438857,0.001562851,-0.03052749,-0.04696376,-0.002789069,0.01584879,-0.0426051,-2.823691E-06,-0.6491351,0.2299601
-0.08163067,0.001897654,0.3172837,0.2523029,0.4793744,-0.2049279,-0.1458941,-0.7939986,-0.199461,-0.2941667
0.1663044,0.822404,-0.2525827,-0.2183803,-0.04108891,1.236775,0.06074029,0.06090817,1.051428E-05,0.03265053
0.2126812,0.01517772,-0.4188245,0.2541145,-0.06629325,0.05872019,-0.01205215,-0.2657098,0.6364549,0.09408596
-0.2566147,-0.151298,-0.05109185,-0.3244381,0.03005736,-0.01538295,-0.4072275,-0.5669217,-0.1467882,0.4823201
2.090863E-05,0.05327507,0.0001637034,-0.3813277,0.005150198,-0.1158442,0.0005227625,0.01756588,0.04209203,0.1719158
-0.0283298,-0.008815541,-0.3658773,0.4260267,0.5692803,0.6843755,-0.1220319,0.0638765,0.07812429,-0.1973009
;
0.004718348,0.4661729,-0.3459016,1.08443,-0.2576566,-0.05422741,-0.4749213,-0.3256634,-0.4543301,0.05412135
-1.563286,0.0132778,0.1109415,0.1393749,0.2242586,-0.5185877,0.1084097,0.001064656,0.00465277,-0.007680766
;
-0.04112513
-0.1066352
0.4510833
0.1055086
-0.1262106
-0.1808905
-0.2291222
0.08132751
0.0006666026
0.02504016
;
-0.3275931,-0.10362,0.1492393,-0.01674896,-0.05761939,0.053154,0.01891208,-0.3232684,0.693015,0.2318206
0.05453795,-0.3909304,-0.03242344,-0.06713168,0.1111999,0.1135702,0.161743,-0.002506592,0.008898987,-0.01251788
-0.3756551,0.2689204,-0.009374586,0.2432919,0.1164545,0.01705195,-0.09044105,-0.02409106,-0.2229696,-0.0609702
0.3336871,0.06241995,0.007176382,0.1953174,0.3149036,0.249197,0.0615775,0.08911543,0.06203697,-0.01362281
1.651793,-0.2271535,-0.05189455,-1.098381,0.4503806,0.01201661,-0.2254839,-0.05575967,-0.2518904,0.01809295
-0.1265455,-0.05728837,-0.2387257,-0.06877093,0.007232482,-0.04848633,0.04255766,-0.006582844,-0.1148633,1.368724
-0.3251233,0.08155721,-0.0005793577,2.192799,-0.3013162,0.08416849,0.3284044,-0.862366,-0.03450947,0.1079244
0.07158325,0.3119242,0.005492151,0.06606103,0.4030961,-0.3634295,-0.2641095,-0.2334896,0.02220851,-1.235256
-0.1350785,-0.03444903,-0.08686322,0.686166,0.001514893,-0.1294777,-0.3768724,0.8168468,-0.05190699,-0.26009
0.1870769,-0.5307448,0.3454011,-0.006821811,-2.497543E-06,0.1724091,-0.003363626,-0.3669252,-0.07124358,-0.004993028
;
0.2999005,0.05255268,-0.5668645,0.003141885,-0.4458275,0.4216288,0.06268723,0.05458581,-0.4106386,0.0089714
0.03674465,-0.02788609,-0.3522553,-0.03994333,-0.005514992,-0.06368977,0.1666922,-0.3988955,-0.7212662,0.07461445
0.2720853,0.148327,0.2758819,0.0989458,0.1485157,-0.2835376,-0.6422331,-0.04183201,0.01459222,0.001865022
;
