-0.03278859
-0.5482842
0.2016443
-1.119154
0.4607101
0.3264011
0.2495171
0.2639849
-0.04876477
-0.4536601
;
0.9061208,-0.490896,-0.07338501,0.8098556,-0.2362604,-0.06463665,-0.05372141,-0.745944,-0.1555954,0.3271936
0.003617164,-0.5450809,0.02515645,0.321643,-0.03349949,-0.1044804,0.04196773,0.08721747,-0.1388736,0.04904932
0.04380881,0.01312645,0.2779956,-0.3083949,-0.1839645,0.002221608,0.0195381,-0.1208199,-0.02003011,0.08363268
-0.3969959,-0.001562851,0.2610584,0.04737133,0.0006434841,0.01584879,-0.01918212,-2.823691E-06,0.4568591,-0.08956814
0.1092174,0.001897654,-0.2368183,-0.3870301,0.8355025,-0.03802058,-0.2731943,0.00537788,0.143575,-0.3632929
0.1663044,0.7603861,0.1308502,-0.4035838,-0.002083245,0.2183199,0.06074029,-0.04035643,0.4764359,0.04632729
0.2937264,0.3195049,-0.3808499,0.2541145,-0.02742353,-0.3297837,-0.01205215,0.04192301,0.6364549,0.3724239
0.1956574,-0.1771978,0.05602843,-1.243609,0.0178859,-0.5215108,0.009171907,0.3589504,0.1557295,-0.2234729
2.090863E-05,-0.1250069,-0.0002190589,-0.02609688,-0.005150198,-0.0511498,0.3460623,0.0128397,-0.05001003,0.375793
-0.001036138,-0.008815541,-0.07665975,0.4260267,0.4147273,-0.1283523,0.05562375,-0.401922,-0.07812429,0.1973009
;
-0.3993338,-0.1609282,-0.3015041,0.0221352,0.5149366,0.3828152,-0.6340275,-0.3256634,-0.2457461,-0.3208357
1.206174,-0.3028419,-0.05129482,0.07434094,0.137937,-0.1474013,0.5082765,0.001064656,-0.002356256,0.0001828079
;
0.01216896
0.4707709
0.5288876
-0.4436586
0.04478151
0.3325108
-0.3286184
0.1269402
-0.001807616
-0.06667715
;
0.06934287,-0.2761382,-0.2566032,0.03061344,-0.09564351,-0.06284889,-0.3707466,-0.3232684,-0.1693076,0.09086465
-0.2124116,0.8883096,-0.08974089,0.03072802,-0.1923049,-0.1135702,0.2805747,0.2704483,-0.0004201863,-0.01121121
0.04989201,0.2689204,-0.002980333,0.1611582,0.08065537,0.01705195,0.3500087,-0.002317727,-0.1063706,-0.04033536
0.3397565,-0.1172927,0.1840728,-0.04837105,-0.002787532,-0.05199236,0.0819995,0.5229308,0.04524972,-0.136354
1.189721,0.3079946,0.1022069,-0.06740567,-0.06322617,0.003757308,-0.1685554,-0.2729745,-0.00293203,-0.01809295
-0.4573851,0.1080899,0.4831101,-0.2393602,0.229175,-0.2029825,-0.03140241,0.006582844,-0.1148633,0.3669903
0.04614013,0.04939085,-0.3002623,-0.003191054,-0.3891028,-0.07013007,0.6945627,-0.3561856,-0.2589631,0.1235447
0.2620302,0.3119242,0.002817518,-0.4349782,-0.4030961,-0.2264907,0.1036219,-0.1219732,0.04656108,-0.3901754
-0.005873369,0.7860899,0.0362347,-0.03498007,-0.3749399,-0.1177151,0.1031098,0.8168468,0.0636017,-0.26009
0.04952508,0.4148208,0.1790132,0.505466,3.480976E-06,-0.0006465524,-0.005633,0.4302616,0.3356185,0.004993028
;
-0.06128889,-0.05255268,1.45415,0.003141885,-0.2469654,0.09250265,-0.009205589,0.02425408,-0.1747401,0.1187292
-0.1466848,-0.06301595,0.3522553,-0.01413599,-0.009625513,0.06598169,-0.01508051,-0.2700851,-0.1900442,-0.07461445
0.1861388,0.1082425,0.001442647,0.0989458,-0.2050897,-0.4552236,0.0703997,0.1019385,0.01036184,0.1496439
;
