0.4087485
0.04352072
-0.4797853
-0.3781289
-0.0155955
5.331529E-05
-0.3656501
0.1692102
-0.1420615
-0.01651248
;
0.02212073,-0.05748855,0.08382735,-0.03293321,-0.4665685,0.2605141,-0.1857443,0.2653018,-0.2647209,-0.09948856
0.4826581,-0.2703899,-0.4752845,0.4237215,-0.1908543,-0.1007672,-0.1256388,0.3517862,0.03125395,-0.4922986
-0.2407805,0.03649022,0.8103881,0.1140582,-0.03401521,0.1618649,0.4572656,-0.03087649,0.525327,0.4223911
0.7124164,-0.06909272,0.2978294,0.06914002,-0.1949437,0.328207,-0.6684169,-0.09540325,4.859498E-05,0.2316508
0.08784705,-0.1753417,0.04449345,-0.01327522,0.03447573,-0.2398854,-0.1212838,-0.3278242,-0.3092357,-0.342278
0.002021504,0.1999588,0.002625167,-0.2425934,-0.1339708,0.1291655,0.2447543,-0.2423504,0.01566794,0.2077137
-0.1751947,-0.3124281,-0.2818248,0.1266214,-0.2510325,-0.3776177,0.561174,-0.2393001,0.07947594,0.0004759436
-0.3301208,0.07411858,0.1090418,-0.3182409,0.1165596,0.009599575,-0.6707016,0.2660539,-0.7078949,-0.1781339
-0.03348884,0.4073451,-0.167983,-0.03608097,0.1477785,0.8897035,-0.3709626,-0.07141937,-0.4635915,0.04849547
-0.1321576,0.04351198,0.191395,-0.2871822,-0.4178598,0.06281882,0.08540834,0.03994159,0.161614,-0.3008893
;
-0.07100573,0.06778139,0.03359765,-0.2689381,-0.02162952,0.2203836,-0.005921853,0.4991688,0.3283113,-0.001893222
1.456939E-08,-0.5248642,0.06052452,0.3453079,-0.0417669,0.2443993,-0.01958235,0.04079677,0.2991753,0.0001058158
;
-0.2855582
0.3027531
-0.158955
-0.09882513
0.1193635
0.3856292
0.2126876
-0.227206
0.03245486
0.03250743
;
-0.4666282,-0.2796898,0.004452463,0.4905744,-0.2214348,-0.0004838538,0.03695017,0.2745692,-0.09080248,0.5571365
0.4197215,0.1988909,-0.171981,-0.09309334,-0.0855057,0.00072043,-0.4474177,0.09032699,0.08998626,-0.0135843
-0.05973174,0.2442772,-0.3312198,-0.3549579,0.4997468,0.370928,0.1308865,-0.3838674,0.395083,0.1640761
0.0971331,-0.1103067,0.09238969,0.0371291,0.001827143,0.2191784,-0.0483084,0.4670319,-0.01520597,0.003694747
-0.141118,0.3499265,-0.02284646,0.6178824,0.1571301,-0.1836613,0.3538532,-0.2345222,-0.01274026,-0.4204396
0.03614479,-0.2322794,-0.002500745,-0.03006361,0.3981926,-0.0322009,-4.644016E-05,0.02522995,0.2221397,-0.03062015
-0.005441542,0.1056706,-0.2863477,-0.0001706016,-0.3221201,-0.1980255,-0.2554312,-0.009643018,-0.0538394,-0.08887345
0.4630009,0.03053099,0.0003305728,0.001575946,0.28716,0.3466585,0.02069268,0.1801427,0.4560116,-0.2645998
-0.116482,0.1085094,-0.2810513,-0.03033731,0.5475292,0.0001606217,-0.2275229,-0.07408603,-1.514175,0.4497098
0.08848721,0.328914,0.2984239,0.007490901,0.03955867,0.2569105,0.4424138,0.1414522,-0.1929338,-0.2633264
;
-0.3440993,-0.4785041,0.05627592,0.057659,0.2211934,0.1694245,-0.3382831,-0.002516203,0.165689,-0.1507134
-0.06520778,-0.01705048,0.1409372,0.2128534,0.1870333,0.02004241,0.1415544,0.348718,0.4754639,0.04113178
0.02085899,-0.06423117,-0.04130295,-0.002330682,-0.3040199,0.9033563,0.2536283,0.2079403,0.04460799,-0.01438816
;
0.02152954
-0.00562809
-0.3217564
-0.2124511
0.2482036
-0.01898712
-0.2394709
0.3647845
0.0152092
0.1656436
-0.4444906
0.3311276
0.04973597
0.2947442
0.08755974
-0.3433903
-0.3401825
0.01789408
0.01641339
0.01749156
-0.6497183
-0.01663984
0.04768462
-0.003605185
0.3386459
0.2254061
0.0251015
-0.7005872
-0.04079738
-0.4880817
;
0.4434023,0.006362298,0.4934134,-0.407766,0.6742592,-1.356798,-0.4699254,0.1139911,0.08665636,0.08921669,0.477057,-0.07796235,-0.09642465,0.4909306,-0.473103,0.09616187,-0.04228572,-0.3548116,-0.06982201,0.09930059,-0.004893298,-0.8572593,0.3958576,-0.04256481,-1.028657,-0.3834301,0.1939518,-0.4961346,-0.2581189,-0.002376466
0.460574,0.0973323,-0.09779876,-0.2034557,0.7870781,-0.6079648,-0.0667918,-0.001268003,-0.04614855,-0.2276032,0.5540295,0.006573454,0.1841065,0.8015664,0.005830904,0.4272362,0.07110757,-0.2675761,-0.01604173,-0.1872278,0.4193429,-0.5411863,-2.631865,-0.3526859,0.588963,-0.7303524,0.1495991,-0.07049567,-0.3782987,0.05064481
-0.1029186,-0.04992506,0.462335,-0.318807,0.2321447,0.9036955,-0.5254831,-0.5663932,-0.281597,0.05910975,-0.07422163,-0.6298905,0.2240249,0.7156314,0.6410808,0.006414899,-0.6880431,0.2098232,-0.3051129,-0.03988343,0.03813049,-0.009503586,0.1792937,-0.003328023,-0.6108121,-0.1965618,-0.125845,0.6317312,-0.002403415,0.08757514
0.08300691,0.1608037,-0.03363595,-0.03727812,-0.3357469,0.03946024,0.1774663,0.9613503,-0.5428898,0.9607052,0.1032735,-0.4485284,0.5269319,-0.001360603,0.3019685,0.01406875,0.005536702,0.2435251,0.6011914,-0.01042409,-0.7230421,0.02728724,-0.3605931,0.4340985,0.312304,0.07408135,-0.378323,-0.1896866,-0.4358925,-0.4787884
0.6914129,-0.08934408,-0.4859228,-0.2931217,0.09665267,-0.1355703,-0.2962259,-0.1254333,-0.2142211,-0.1146149,-0.485954,0.1643632,0.1507734,0.0004515453,-0.2373341,0.2550386,0.001156959,-0.02129161,0.311296,1.194227,0.1389449,0.5300936,-0.4453766,0.04428964,-0.5343325,-0.07627171,0.08255746,-0.003222954,-0.06375157,-0.001631439
-0.4593334,0.2309482,0.01201433,-0.01667895,0.1013484,-0.1395572,0.08265344,-0.07404181,0.07910805,-0.05851509,0.0916627,-0.4167791,0.0574041,0.3155822,0.08468204,-0.3725317,-0.385123,0.1587009,0.4117063,-0.1733316,0.4422706,-0.07594627,-0.7524904,-0.2832617,0.06847525,-0.02443885,-0.1613398,-0.1983518,0.2042457,0.2670575
-0.2217052,0.004067687,-0.0005679743,0.4361713,0.02077252,0.1799402,-0.4848907,-1.621405,0.3123109,0.1247249,-0.4248552,0.04882432,-0.09794731,0.01836338,-0.02879006,0.01141359,0.0013002,-0.5211995,-0.148656,0.3782479,-0.4339093,-0.5050249,-0.01476181,0.6368344,-0.1559339,-1.452178,0.8618464,0.1072922,0.1451518,0.004773074
-0.01408216,-0.005467231,0.5106946,-0.1215991,-0.2498673,-0.3465115,0.04166296,0.009548268,-0.1325532,-0.04651326,-0.6819726,-0.5765399,-0.04476731,-0.4742587,0.1033973,0.1874235,-0.3310338,0.2794503,-0.04246949,-0.6615888,0.3056164,-0.3566597,-0.1954958,0.2201296,0.006511839,-0.7730536,-0.2796721,-0.4452317,0.1958408,0.001089919
0.004490416,0.5461509,-0.2509423,-0.04735869,0.1421705,0.8344515,-0.4346486,-0.04316234,-0.07718861,-0.00893944,-0.4098473,0.05905215,0.5095015,-9.386367E-05,0.1034915,-0.1304359,0.01404594,0.2643534,-0.09594235,-0.1035816,0.01833797,0.4205368,0.3095632,0.01285897,-0.133967,0.335856,0.2005225,-0.4073808,0.0361206,0.4819403
0.04591554,0.1398933,-0.4870864,0.4920751,-0.001997521,-0.1213502,-0.4863312,-0.08874722,0.4533724,-0.2649822,0.2365007,-0.3059995,-0.1118247,-0.7659055,-0.4960179,-0.3260382,-0.09773005,0.1792355,-0.06978756,0.08606033,-0.3928587,-0.2490526,0.1519387,0.2728951,0.05335643,0.6037837,0.1707564,0.007300334,0.0008018212,0.1713898
0.006932458,-0.0002506295,-0.1065277,-0.4778137,-0.4996461,0.3954591,0.004575578,0.241622,0.2648748,0.688616,0.2898011,-0.06733768,-0.1107171,-0.4358438,0.1166708,0.1062537,-0.4170792,0.1572178,-0.2119978,-0.5043832,-0.2036844,-0.2241121,0.2899457,0.00142422,-0.2866836,-0.08041495,-0.002610496,0.06189919,-0.1828555,-0.3914884
-0.1568777,-0.3701404,-0.0191271,0.4327596,-0.4493971,0.1967809,-0.003425347,0.003403191,0.02184337,0.05361122,0.547374,-0.03168135,0.2815062,0.08598395,-0.4789394,-0.001991058,0.4389418,0.04980922,-0.3199176,0.352031,0.5557796,0.02264002,-0.06555286,0.8344941,0.1370973,-0.6184251,0.1909079,-0.1112853,-0.09692714,-0.00546521
0.5314254,0.327622,0.4237049,-0.3255732,-0.04860609,0.002293332,0.09928343,-0.05222836,-0.006486663,-0.8939292,-0.146676,0.1957112,-0.2792501,-0.2998955,-0.07090454,0.4949043,0.1599308,0.178982,-0.1855311,-0.4743537,-0.381757,0.2585191,0.3774966,-0.03506264,0.1398478,0.001414439,-0.2470648,0.3328574,-0.1063591,-0.4297107
0.01272462,0.0928096,-0.1353927,0.119791,-0.4900247,-0.05661071,7.425373E-06,-0.3232492,-0.3876988,0.06561465,0.05129016,-0.6868353,0.2300116,0.08638674,0.4773766,0.02879901,-0.3675484,-0.01446914,0.01399922,0.1098987,1.236985,-0.7899716,-0.2526214,0.003724854,0.1864837,-0.04885299,0.4442993,0.3342119,0.005152962,0.182418
0.1158363,1.849621,-0.2680479,-0.2186314,-0.1641791,0.07433452,0.02012344,-0.2517031,0.001788254,0.177957,-0.8505812,-0.4157139,-0.1928391,0.02618778,-0.01522545,0.4295012,0.05741337,-0.01366421,-0.2023858,0.1247268,-0.06344986,0.1215336,0.02988085,-0.0380736,-0.04349711,-0.1733372,-0.4024176,-0.2429391,-0.4686007,-0.001450867
-0.0002594942,-0.2930652,-0.1374992,-0.03505509,-0.06367916,-0.0008962659,0.1153378,0.2728525,-0.08176997,0.03107449,0.2931424,-0.2705708,0.4893993,-0.3727667,-0.03508955,-0.1743616,0.0396233,-0.0135925,0.1170699,0.0644979,0.2513937,0.1350306,0.41018,-0.1107543,0.01724713,0.0465372,0.5495571,0.0857288,-0.00928098,0.03936011
0.004917597,-0.4341311,-0.035511,0.06954157,0.08474205,-0.4556786,0.0660835,0.1392242,-0.6807354,-0.4373417,0.2792007,-0.1577541,-0.4171195,-0.137161,0.3299962,0.1334588,-0.2302112,-0.1142865,-0.00252764,0.200725,-0.08711217,-0.00606044,-0.1834056,0.3996162,0.2049019,0.0281641,-0.005211174,0.4652469,0.05981535,-0.07656819
0.02540072,-0.7634389,0.1559518,0.01742437,-0.4945168,-0.05378991,-0.008987283,-0.1585084,0.1482342,0.2036976,-0.08021621,-0.3292574,0.100326,0.702498,0.1323844,0.04631186,-0.1296673,0.0797845,-0.1180978,-0.6414702,0.1234122,-0.04880495,-0.2088537,-0.0006503802,-0.03876105,-1.707667,-0.325661,0.1882719,-0.07358962,-0.1230937
-0.4969899,0.180429,0.01922532,-0.364641,0.1588135,-0.04113317,-0.1500918,-0.0001689497,-0.2058973,0.8113313,0.08322663,0.009970613,-0.9251111,-0.08666838,0.2428724,0.2743911,0.06304651,-0.1340438,0.4462018,0.3101045,-0.001248748,0.4603479,-0.6352386,0.1739754,-0.00592715,0.1767314,-0.07174975,0.4589641,-0.7738467,-0.04618056
0.3323829,0.07221442,0.006523398,-0.0009580869,-0.02213473,-0.2737818,0.005309809,0.02150625,-0.1325925,-0.3003584,-0.280246,-0.3864177,-0.5840287,0.6982515,0.2647859,-0.0583948,-0.1137173,0.1326897,0.2447309,-0.01339924,-0.001917135,0.5834113,-5.22806E-06,0.2349655,0.216531,0.07125974,-0.02152544,0.3046373,-0.0040988,-0.3987626
-0.280775,0.1835015,-0.1937023,0.2011089,-0.5951828,-0.3280575,0.3583797,0.03527784,0.08747599,-0.3723851,-0.3858536,-0.1029602,0.05013532,-0.294848,-0.01992508,-0.08987528,-0.157497,0.03073762,0.3551685,-0.0782634,-0.381925,0.1011788,0.5707805,-0.492254,-0.4433244,-0.202672,0.01265259,-0.4937749,0.0063724,-0.1865962
-0.4447885,-0.2912887,0.1724495,0.06601614,-0.5887597,0.1195017,0.2365826,-5.216416E-05,-0.1981059,-0.3878721,-0.01058716,-0.395939,-0.2963722,0.168917,0.3335303,-0.002323133,0.2445155,-0.2963324,-0.008937413,-0.2448227,0.4591744,-0.06749274,0.1424395,-0.4751103,-0.1279421,0.5470977,-0.4061545,0.1030747,-0.4720706,-0.2154448
-0.5533624,-0.08535761,0.06427544,0.2973022,-0.357986,0.03784039,-0.4429418,-0.06751522,0.5978681,0.06636785,0.3497716,0.1866984,0.4772288,0.4828775,0.351644,-0.2280161,0.2924507,0.4439846,-0.0613054,-0.2111709,0.007612973,0.5590072,-0.0001232193,0.1959891,0.2046743,0.07807344,-0.01906308,-0.3462291,-0.2079555,-0.1056965
0.003414112,-0.003182597,0.06968487,-0.2068745,0.1037826,-0.2278324,0.03299659,0.1671166,0.3906746,-0.365876,-0.330386,-0.006518797,0.1725002,-0.02945467,-0.1251717,-0.02311772,-0.1640704,0.09809291,-0.2257347,0.1757768,-0.3285871,-0.2790462,0.09918671,-0.4645412,0.1303541,0.04357022,-0.6391963,0.0004088312,0.09764822,0.002752734
0.003428363,-0.04755511,0.0490652,0.3485717,-0.001081638,-0.3975608,-0.4829179,-0.08784887,-0.04222013,-3.456414,0.4614578,-0.250448,-0.1083321,0.002015059,-0.1365755,0.03486096,-0.04821884,-0.04034618,0.1293577,0.13595,-0.1253297,0.8222182,-0.01509315,-0.1547094,0.001721142,-0.07481891,0.1586334,-0.06972646,0.06615538,-0.02407891
-0.006972624,0.2373037,-0.1285982,0.06507587,-0.06281521,-0.0003801351,0.4947656,-0.178903,-0.3328198,0.3751031,0.06393635,0.6058091,0.1963036,0.2893211,-0.002908284,0.0125229,0.3536078,0.1360919,-0.06454775,-0.02883881,-0.4521532,0.1657922,0.05451319,0.4977542,-0.2033017,0.5894921,0.1704686,0.3841911,-0.2683443,-0.1894401
-0.157489,0.1301685,-0.2342775,-0.0002521391,0.0003826215,0.4555852,-0.6914829,0.006433703,-0.2613508,-0.4229772,-0.03440836,-0.03179039,-0.1344528,0.00022009,0.0408389,9.12918E-05,-0.7055262,0.2723802,-0.2788514,-0.4535961,-0.4157011,0.09923427,0.2794243,0.06645329,-0.1726728,-0.2488151,-0.2912909,-0.03949672,0.08396441,-0.01884146
-0.08464393,0.2692593,0.07141147,2.060264,0.1535025,-0.003564994,-0.1302139,-0.2623245,0.0289359,-0.3284642,0.2448699,0.3069836,0.08502646,0.7080048,-0.4382999,-0.1349435,-0.1093567,0.06693199,0.03673166,0.2976063,0.1258971,-0.1518554,-0.09507333,0.4924287,0.4649028,-0.03790533,0.08038787,0.3053792,0.001783507,0.0571581
2.603521E-05,-0.4899824,0.1772575,0.3820233,-0.06881136,-0.1540985,0.05072137,0.1230526,-0.2644441,-0.007916275,-0.2780596,-0.3743342,0.9331372,0.4940574,-0.7970531,1.18943,-0.3412489,0.0851759,-0.04294152,0.03167456,0.2213881,-0.7291591,-0.1394443,0.03702227,0.000725956,-0.2940447,0.4943962,-0.00731102,0.2586675,0.7649508
0.4767052,-0.1786039,0.4352614,-0.7899592,0.1033414,-0.05480665,-0.4101683,-0.008752593,4.642502E-05,0.1011692,-0.3850154,-0.3610438,-1.022825,0.04283208,-0.2270123,-0.1259915,-0.2461172,-0.08629924,0.1353659,-0.2482561,0.7676887,-0.02287868,0.1707384,0.3868155,0.4870768,-0.2632759,-0.397568,-0.2407675,-0.437875,-0.4519562
;
-0.4063102,-0.3612151,-0.09088796,0.3641863,0.007895422,-0.4798295,0.3312824,-0.3720992,-0.1688666,-0.02017361,0.4039073,0.2472606,0.2931359,-0.003841122,0.4575827,-0.114149,-0.4686797,0.2735445,-0.009373367,0.01692774,0.4099375,0.43522,0.01882156,-0.3203845,-0.02244855,0.01302726,0.2194942,0.2522041,-0.003198371,0.02207885
-0.4392819,0.01619898,-0.07538635,-0.005946667,0.01937845,1.016136,-0.2798439,0.06222096,-0.03059572,-0.2575705,-0.3024832,-0.5686272,0.04465073,0.4986508,0.05553456,-0.1875136,0.507564,-0.1138986,-0.02978212,0.5081145,0.04097183,-0.2310804,0.4975053,-0.2296599,0.1863745,-0.2796264,-0.1264659,-0.670595,-0.03116469,0.3495682
0.4643471,0.3136071,0.1536458,0.05170659,0.09682816,-0.4186171,0.7434955,-0.4757856,-0.1062027,-0.6862748,0.298473,-0.1965249,0.2531623,-2.081941E-05,-0.3364055,-0.4016533,0.001991361,0.02895928,-0.002071379,-0.2650713,0.6369743,-0.06053994,-0.01776738,0.08099508,-0.2108767,8.809978E-05,-0.3258624,0.02923949,0.03981388,0.5176905
;
