-0.4087485
0.1534335
0.3845822
0.4158506
-0.0155955
2.996514E-05
-0.2045476
0.1601136
0.2652853
-0.030313
;
-0.05317226,0.03566551,0.08382735,-0.01034505,0.3991525,0.2605141,-0.1857443,0.3000597,-0.3544481,-0.09948856
0.4826581,0.2239582,-0.1877472,0.6676989,-0.1745953,-0.1007672,0.1256388,0.4436301,0.4236207,-0.01576773
-0.03299008,0.03649022,0.188372,0.1618465,-0.03401521,0.2338623,-0.05137954,-0.03087649,-0.538209,-0.7708227
-0.7124164,-0.09216082,0.165071,-0.08101541,-0.4887079,0.6146618,-0.6684169,0.09540325,-4.859498E-05,0.2316508
0.256337,0.009268582,0.04449345,-0.1997647,-0.03447573,-0.1247291,-0.1212838,-0.5203034,-0.3092357,-0.3364712
-0.002021504,-0.1999588,-0.002625167,-0.2335236,0.1339708,0.4421697,0.005186472,-0.000999269,-0.004547123,0.3799401
-0.5823157,0.2101924,0.04842621,0.005319324,0.06826109,0.2935246,0.3668281,0.2393001,-0.1029328,0.3582327
-0.1880394,0.07411858,0.1090418,0.07830542,0.5857316,0.07158965,-0.6707016,0.2660539,-0.3731008,0.4417785
-0.03348884,0.005740481,-0.167983,0.006154464,0.007523207,-0.3018074,0.1387677,0.08527774,-0.2727108,0.1122487
-0.1321576,0.006211217,0.191395,0.4279232,0.03213271,0.01706492,0.08540834,0.1377597,-0.2931348,-0.0185752
;
0.07100573,-0.1458187,-0.03359765,-0.08144435,-0.02162952,-0.1756199,-0.03990215,-0.03141059,-0.1829025,-0.001893222
-1.456939E-08,-0.5248642,-0.06052452,-0.3453079,-0.0417669,-0.41145,-0.01958235,0.04079677,0.3585751,0.3490644
;
-0.05314574
0.3027531
0.1060072
-0.09882513
0.02009371
0.3856292
-0.1142711
-0.415524
0.01880795
0.03250743
;
-0.4666282,-0.2796898,0.004452463,0.7594241,-0.3140772,-0.006784976,-0.1623636,0.6112335,0.09080248,-0.3888745
0.3506136,-0.0626253,0.171981,0.09309334,-0.0855057,0.00072043,0.1490403,0.09032699,-0.4807252,0.005143039
-0.05973174,0.2442772,-0.3312198,0.4704896,0.4997468,0.1479115,-0.4600354,-0.01931004,-0.007001072,0.1110181
-0.2152695,-0.1225469,-0.06394622,0.0371291,-0.001827143,0.1337748,-0.0483084,-0.07045724,0.03255111,0.003694747
0.03867377,0.008535995,-0.03828065,0.6178824,-0.09706853,-0.0866383,-0.2944535,0.01393228,-0.01274026,0.2546753
0.8714802,-0.5337225,0.003594957,-0.03006361,-0.3415422,-0.1184179,-4.644016E-05,0.0127438,-0.2221397,0.004299547
-0.008649259,0.1056706,-0.2863477,-0.0001706016,0.3903494,-0.09432606,-0.2554312,-0.01682813,-0.03603045,-0.3558357
0.4630009,0.05686392,-0.0003305728,0.001575946,-0.28716,-0.2058244,0.02069268,0.04065454,-0.6444988,-0.2645998
0.116482,0.2360662,0.2253257,-0.03033731,0.2607127,0.0001606217,-0.008582202,-0.07408603,-2.774374,0.4202197
0.02048136,0.328914,0.4269089,0.04731802,-0.03955867,0.1429427,-0.3787315,-0.1248576,-0.1929338,-0.4591187
;
-1.191356,-0.4014531,0.003038411,-0.3773104,-0.2789987,0.1097744,-0.3382831,-0.002516203,-0.1932241,-0.4465141
0.06520778,-0.01705048,-0.4578891,-0.1546852,0.254001,-0.0639126,0.1285251,-0.4686796,0.02492612,0.0217537
0.02085899,0.006923308,-0.4828519,0.003163746,0.1559219,-0.9033563,-0.07731992,-0.2079403,0.04460799,-0.01438816
;
0.002995297
0.00562809
-0.4684721
-0.2124511
0.2482036
0.01164157
-0.4117224
0.3647845
0.0152092
-0.1656436
-0.4444906
0.3311276
0.04973597
0.2425253
-0.08755974
-0.0006124639
-0.4559001
0.01789408
0.01641339
0.0252309
-0.412046
-0.0148315
-0.04768462
0.003605185
-0.274583
-0.1358476
0.01614325
-0.7005872
-0.04079738
-0.2251823
;
-0.4808112,0.006362298,0.4934134,-0.407766,0.5600194,-0.8532118,-0.4699254,0.4532923,0.08665636,0.08921669,-0.1903849,0.07847654,-0.09642465,0.7130809,-0.473103,0.09616187,0.04228572,0.2035497,-0.139972,0.08717629,-0.1067357,-0.8572593,-0.4887075,-0.04626791,-0.01012134,0.4919976,0.1939518,-0.4961346,-0.2581189,0.002760254
0.2776885,0.0973323,-0.188968,-0.2982249,-0.7870781,0.2752998,-0.0667918,-0.0003964569,0.1142626,0.09213126,0.5540295,0.03461727,-0.1841065,0.7819954,0.005830904,0.4272362,-0.07110757,-0.2675761,-0.01604173,0.3750874,0.398175,-0.7339604,-1.84998,-0.3526859,0.588963,-0.4156353,0.1495991,-0.07049567,-0.3782987,0.05064481
-0.1029186,0.4421143,0.462335,-0.4872305,0.2321447,0.9036955,-0.2693669,0.3900375,-0.281597,0.04056619,0.07422163,-0.4340808,-0.06323868,0.7156314,0.5488535,0.006414899,0.4705456,0.2098232,0.2846465,-0.403571,0.06808468,0.009503586,0.1792937,-0.003328023,0.6108121,-0.1723924,0.125845,-0.6317312,0.01267668,0.103895
-0.08759175,0.2361724,-0.03363595,-0.01981992,0.3882673,0.03946024,0.1608305,0.9613503,-0.2455925,0.5945463,-0.3825829,0.4533986,0.5269319,-0.001105162,0.1590118,-0.2647343,0.00518769,0.2435251,0.6962629,-0.01042409,0.7230421,0.02728724,0.3605931,-0.2547355,0.4420732,0.1143855,-0.378323,-0.8509644,0.4358925,0.4787884
-0.6914129,-0.02090269,0.2599758,-0.2931217,0.1882582,-0.3969685,-0.2962259,0.006986973,0.1813353,-0.1146149,0.04596156,0.1643632,-0.1507734,0.0004515453,-0.2373341,0.2550386,0.001156959,-0.02129161,0.4132906,1.194227,0.009475209,0.5300936,0.6364889,0.04428964,-0.3146313,-0.07627171,0.08255746,-0.001869729,0.06375157,0.8849605
0.526413,0.4614289,0.01201433,-0.003980358,0.1013484,0.1395572,0.04617089,-0.07404181,0.07910805,-0.05851509,-0.0916627,0.3206948,0.04648244,0.3268445,0.01125615,0.474426,-0.02912677,-0.1587009,0.4117063,-0.1733316,0.3569561,0.1114773,-0.2313543,-0.2645285,0.05725588,-0.2507359,-0.1613398,0.01000458,0.118116,0.4920948
0.4098862,-0.004067687,0.002533863,-0.4355302,0.02077252,-0.01421487,-0.4521538,-1.621405,0.09399016,0.3287421,-0.04005253,0.03342821,-0.1192918,-0.01836338,-0.02879006,0.01141359,0.001169925,0.4844428,-0.148656,-0.3782479,-0.3637927,-0.4823998,-0.01476181,-0.223679,0.1559339,1.452178,0.5126468,0.1072922,0.006849738,0.007684931
-0.01408216,-0.009096092,0.642345,-0.1215991,-0.2498673,-0.3465115,0.0123914,-0.009548268,0.3664528,-0.05976601,-0.3814389,0.5765399,-0.04476731,-0.275007,-0.1042333,0.1874235,0.3303105,0.2794503,-0.04246949,-0.09907427,-0.3056164,-0.3566597,0.07159147,0.2975405,-0.001730567,0.7730536,-0.2796721,-0.4452317,0.1958408,0.002805438
0.004490416,0.3522294,-0.2509423,-0.04735869,0.08561748,0.4980198,0.003039723,-0.05528612,-0.07718861,0.0005290597,-0.4098473,-0.3055764,-0.5095015,-0.0008287902,0.1034915,0.442475,-0.009755744,0.2643534,0.008619726,-0.1035816,0.01833797,-0.1465901,0.3095632,0.02337575,-0.133967,0.335856,0.2005225,-0.1626154,0.0361206,0.596101
0.2035608,0.1398933,-0.4870864,0.4920751,-0.02407111,-0.1468345,0.4863312,-0.08874722,-0.4533724,-0.4721378,0.0701863,-0.7334532,-0.4927709,-0.7575558,-0.7783852,-0.3260382,0.05129097,0.1792355,-0.5262347,0.08606033,-0.3928587,0.3246667,0.1519387,0.4801003,0.05483592,-0.2850821,-0.3101807,0.004045338,-0.0008018212,-0.1713898
0.006932458,-0.001267434,0.009898421,-0.4778137,-0.1475135,0.3954591,0.002769162,0.26451,0.2648748,0.688616,-0.4205048,-0.3735022,-0.1107171,-0.4358438,0.3883996,-0.143232,-0.4170792,0.1572178,-0.5291408,0.5043832,0.1895232,0.5839074,-0.2899457,0.00142422,-0.3035621,0.04704805,-0.002610496,0.08277667,-0.1828555,-0.3914884
0.09287047,-0.3496362,-0.0191271,0.4327596,-0.4493971,0.1771663,-0.003283467,0.001884967,-0.006895732,0.05361122,0.2971822,-0.04549529,0.2815062,0.08598395,0.1945383,0.01733726,0.5825148,0.1016447,0.1250217,0.0164921,0.5557796,0.02264002,0.03450722,0.4345846,0.1370973,-0.6184251,0.3547804,-0.1225478,-0.05930663,0.00546521
0.5314254,0.3193601,0.5720129,-0.3499916,-0.1723028,0.002293332,0.09928343,0.1807061,-0.1805335,-0.8939292,-0.004125217,-0.3892646,0.2531055,-0.2998955,0.04702669,0.3775935,0.1599308,-0.07573728,-0.1855311,-0.2840624,-0.381757,0.3363277,-0.3774966,-0.04210991,0.08884376,0.3824761,-0.2470648,0.05118102,0.1233684,-0.2695206
0.3511418,0.0928096,-0.4399273,0.1113935,-0.4625792,0.4899414,7.425373E-06,0.2108688,-0.02018574,-0.06561465,0.06672906,-0.6868353,0.2300116,0.08638674,-0.5747582,0.02725279,0.4352211,-0.01446914,-0.1820506,0.09739013,-0.7143357,-3.57799,0.2526214,0.01346081,0.5234522,-0.04885299,0.4046193,0.3342119,0.00390398,0.182418
0.1158363,1.849621,-0.2680479,-0.2186314,-0.2294422,-0.07433452,0.4604512,0.004698604,-0.001788254,0.177957,-0.8505812,-0.2489953,-0.1928391,-0.02618778,-0.09060186,0.4295012,-0.05741337,-0.01366421,-0.2023858,-0.2283806,0.2509974,0.2328739,-0.05550476,-0.1606831,-0.02918263,-0.1733372,-0.3788804,-0.2939726,0.4686007,-0.001450867
0.03192014,-0.2930652,0.0008548964,-0.4859605,0.06367916,-0.0008962659,0.1153378,0.609404,-0.04582132,0.02082823,0.3075044,0.3483344,0.3023379,0.3425467,0.06550673,-0.1276665,0.5059463,-0.009897801,0.1170699,0.2331285,0.2378893,0.1171904,0.2971511,-0.2062428,0.01724713,-0.0465372,0.3475137,0.0857288,-0.004796597,0.03936011
0.4022321,-0.4111084,-0.03060521,0.07625297,-0.08474205,-0.4556786,0.04052871,0.1392242,-0.6807354,-0.4373417,0.2792007,-0.05520341,-0.3639206,-0.09504431,-0.3299962,-0.001332621,-0.2302112,0.1142865,0.00252764,0.006252011,-0.04809926,-0.3407188,-0.1834056,0.3996162,0.2049019,0.2078649,-0.005211174,-0.1976223,0.05981535,0.07656819
0.0876185,-0.7634389,0.1006047,0.001051276,0.4755714,0.05378991,-0.008987283,-0.1585084,0.1398588,0.5563686,-0.4361928,0.3289295,0.0771212,0.702498,0.1323844,0.04631186,-0.1296673,-0.1998366,-0.1928716,-0.1967,-0.1234122,-0.04880495,-0.2088537,-0.0006503802,-0.06145471,1.707667,-0.4410355,0.1882719,0.07358962,0.4624671
-0.4203193,0.180429,0.01922532,0.2167318,-0.1007415,0.3398033,0.1350543,-0.001033267,-0.2463761,0.9346809,0.282389,0.04418059,-0.9702268,-0.07368293,-0.4090283,0.1621895,0.06304651,-0.2011244,-0.04000378,0.7173773,0.166928,0.4603479,-0.09946671,0.1122019,-0.00592715,0.2707621,-0.06323073,-0.4589641,-0.7738467,-0.04618056
0.3323829,0.07221442,0.006523398,-0.0009580869,0.0138669,-0.2737818,0.005309809,0.02150625,-0.1325925,-0.3003584,0.3813511,-0.3864177,-0.1141829,0.3896261,0.2419344,-0.0583948,0.009517115,-0.09043317,-0.2447309,-0.01339924,0.001917135,-0.8346767,-0.0002391127,0.2349655,-0.2106068,0.07125974,-0.4092065,0.3504787,-0.01017152,-0.3987626
0.003943667,0.3929455,-0.007108246,0.2011089,-1.060231,-0.2149063,-0.0936133,0.1067489,0.111009,-0.2653394,-0.4550309,-0.5262927,0.05013532,-0.4170303,-0.01992508,-0.03265742,-0.157497,0.03073762,-0.5014045,-0.03455327,-0.05760582,0.177516,-0.9253946,0.003935354,-0.4433244,-0.2852981,0.0123747,0.4937749,0.003713774,0.1865962
-0.3510986,-0.4085084,0.1724495,0.06601614,-0.5887597,0.1195017,-0.4744748,0.3124777,0.293142,0.3878721,-0.009363491,0.395939,0.1218668,-0.4850291,0.3335303,-0.002323133,1.407093,-0.2963324,-0.008937413,-0.5142462,0.3062931,-0.1217677,0.009068191,-0.4751103,0.1279421,0.2670058,-0.2297435,-0.01600299,-0.03695815,-0.2154448
-0.2489623,-0.3273159,-0.1647081,0.01712954,-0.1142972,0.04641145,0.07728606,-0.06751522,0.4444993,0.1458081,-0.01272624,-0.01524126,0.4772288,-0.4828775,0.351644,-0.2280161,0.2924507,-0.4100386,-0.0613054,0.2111709,0.007612973,0.9227553,-0.0002986712,0.2075876,0.3325617,0.004839951,-0.01906308,-0.3462291,-0.109516,-0.1056965
0.003414112,-0.003182597,0.3037086,-0.2403695,0.1037826,-0.3574269,0.0623979,0.1671166,0.6253003,-0.4327575,-0.330386,-0.1373382,0.1725002,0.02945467,-0.1251717,-0.02311772,0.1640704,-0.3173654,-0.158368,0.2878909,0.3285871,-0.2790462,0.09918671,-0.07958213,0.07064094,0.02742516,0.6391963,3.393769E-05,-0.09764822,-0.2616476
0.009571027,0.07038633,0.0490652,-0.4281499,-0.0008715043,-0.3975608,-0.4829179,-0.1600459,-0.04222013,-4.676888,0.7177549,0.07787063,0.08550118,0.002015059,0.1365755,0.03486096,-0.149846,0.02088554,0.0004070401,0.1492619,-0.1253297,0.2007281,-0.01509315,0.09101854,-0.09258559,-0.3466768,0.1396459,-0.06972646,0.06615538,-0.02407891
-0.02439444,0.5560169,-0.1285982,-0.06507587,-0.06281521,-0.0003801351,0.06019834,-0.08613867,-0.0154174,0.3751031,0.06393635,0.3401977,0.2763379,0.2925322,0.2084796,0.0125229,-0.3536078,0.1576102,-0.04008754,-0.05252878,-0.4521532,-0.002503901,-0.05451319,0.4977542,-0.3992086,0.5894921,0.1823661,-0.3841911,-0.5817572,-0.1894401
0.9365039,0.1301685,-0.3195891,-0.0002521391,0.0003826215,0.4555852,-0.680008,-0.03350911,-0.3694823,0.1222566,-0.03440836,-0.007574371,0.1036931,0.00022009,-0.01856044,9.12918E-05,-0.7055262,-0.02301599,-0.3753346,0.03611594,0.4157011,0.1417576,0.2794243,-0.2593543,-0.1709707,0.06034571,-0.3658974,-0.3325771,0.09133399,-0.02958421
-0.1917744,0.2692593,0.07141147,-2.060264,0.5178644,-0.001510426,-0.1302139,-0.2623245,0.0289359,-0.2089831,0.2770007,0.3095775,-0.2526121,0.7080048,-1.068584E-06,-0.1349435,-0.03915938,-0.1201002,0.03673166,0.2976063,0.1258971,-0.1518554,0.09507333,-0.366504,0.4649028,-0.04746081,1.302873,0.1950267,0.001783507,-0.05622833
-0.4247733,-0.1362895,0.1772575,-0.5806764,-0.1311224,-0.2790823,0.4123365,0.1230526,0.2308397,-0.007916275,0.5709238,0.3743342,0.9782895,0.3365865,-0.7970531,1.18943,-0.3552773,0.03070718,-0.06072976,0.01856708,0.2213881,-0.7291591,-0.2212853,0.4777136,0.000725956,-0.1456176,0.02482215,-0.6561637,0.3176543,0.7649508
0.4767052,-0.1772272,0.4352614,-0.3703099,0.1033414,-0.03163026,-0.027387,-0.008752593,3.073942E-05,0.1011692,0.3850154,-0.3610438,-1.022825,0.04283208,-0.4217327,-0.1259915,-0.2461172,-0.03815952,0.4620642,0.004300416,0.7676887,-0.1214518,-0.2112957,0.5186593,-0.9623119,-0.4079403,-0.397568,0.04043391,-0.7095847,0.0143084
;
0.007537995,-0.5378848,-0.09088796,-0.3641863,0.007895422,-0.4668794,0.01495095,-0.222411,-0.1248503,-0.02017361,-0.03662342,0.1153507,0.2931359,-0.004661152,-1.066739,-0.02596008,-0.06547986,0.04952736,-0.009373367,-0.01692774,0.3278147,-0.01265885,-0.006925766,0.2380042,-0.02780086,0.0108931,0.2194942,0.01967007,-0.007785756,0.02207885
-0.4392819,0.01619898,0.05503541,0.003089614,0.01735149,1.016136,0.007694822,0.06222096,-0.2370815,-0.2575705,0.2003185,-0.5686272,-0.2993386,0.4986508,0.1290452,-0.1875136,0.507564,-0.1685159,0.02978212,-0.3540954,0.08163708,0.2310804,0.4975053,0.2743696,-0.1863745,-0.2796264,0.1264659,-0.670595,0.02374619,0.3604069
0.4643471,0.3136071,-0.2297431,0.02218553,0.09682816,-0.4186171,0.9039533,0.004547376,0.1062027,0.4402781,0.0382177,-0.1965249,0.2531623,1.895831E-05,-0.3364055,-0.4453274,0.001991361,0.02895928,-0.002071379,0.2650713,-0.9398435,-0.06053994,-0.05594391,-0.08099508,0.08808345,0.0001691604,0.06546474,0.06043211,-2.228143,0.6058635
;
