-0.2219035
0.05034584
-0.0837141
-0.4855996
0.4723047
-0.1286373
0.4560946
0.2959985
0.3446774
0.1592886
;
-0.2459465,-0.4394888,0.196599,0.01602,-0.08905393,0.1640591,0.4450126,0.4043015,0.2707806,-0.1139221
0.03602463,0.4812562,0.3936437,0.1873714,-0.1298125,0.005655706,-0.1485552,0.1000296,-0.469111,0.1982338
-0.1268085,0.2352943,-0.2173048,0.2304848,-0.4555269,-0.2156785,0.4712518,-0.1004366,-0.04844195,-0.03079051
-0.4027208,-0.07452542,-0.3218135,-0.4655355,-0.4749284,0.3971393,-0.4728361,-0.2505388,0.1095302,-0.3886925
0.193956,-0.4527218,-0.2281139,-0.09516498,-0.2430812,0.2667713,0.2571765,0.2888871,-0.03855437,-0.21841
-0.3512034,0.3307128,-0.3886691,-0.4992964,-0.4297307,-0.4635764,-0.1186314,-0.09694582,0.4270762,-0.2071646
-0.3555597,-0.05615133,-0.135735,0.2510411,-0.3241454,0.1612638,-0.4899031,0.07735091,0.1079332,0.1356184
-0.04997379,0.4408263,-0.1358796,0.09965509,-0.1009666,-0.413113,0.4025259,0.05782801,0.3821243,0.4720976
-0.3236195,-0.01499552,0.6370751,-0.08243078,-0.4769,-0.1435944,0.3246174,-0.3629781,0.365695,0.05184823
0.4018698,-0.2948055,-0.2878146,0.192103,-0.3268806,0.1444895,0.1421853,-0.3913194,-0.1467624,-0.3054359
;
-0.3313011,0.1934365,-0.09568673,0.15433,-0.3161094,0.1769919,-0.362506,0.446926,0.22066,0.09950608
-0.211963,-0.001646459,-0.465212,-0.0008146167,-0.4168934,0.2845838,-0.1213891,-0.2035198,0.4895332,0.09554356
;
0.01053614
0.06169277
-0.03229069
0.3310285
0.5132973
-0.2621271
0.08927505
0.0413422
-0.4102393
-0.1074331
;
-0.1009524,0.001344121,0.910635,-0.4308295,0.5788578,-0.7532117,-0.06568247,-0.9040396,-0.1902671,-0.3240845
-0.3739635,0.04827444,-0.003907681,-0.4719659,-0.2823758,-0.01438634,0.6263687,0.4488701,-0.1421949,0.5449818
-0.3153341,-0.3501382,0.2552344,0.2837824,0.1592963,0.2647461,0.01134637,0.1903022,-0.4389458,0.3150462
0.1424927,0.0571693,-0.1096511,-0.1960194,0.08428878,-0.01525597,0.08082147,0.3186042,0.1093989,-0.4787732
-0.001531808,0.006308088,0.3002171,-0.4257834,0.05512514,0.1223971,0.2473208,0.6458381,0.4097792,0.2968108
-0.2196606,0.841609,-0.1721746,-0.3137438,0.0006901153,-0.1120688,0.07867908,-0.007915275,0.1425975,0.3778755
-1.53124,0.3061841,0.0798566,0.2367031,0.1013608,-0.1392631,-0.4393828,-0.4365152,-0.02093429,-0.051757
-0.0004970926,-0.3275031,-0.0162075,0.4993824,2.000487,0.3626751,0.02822837,0.4175123,0.4868933,0.3084778
-0.2181281,-0.2951103,0.3588625,-0.2343637,0.3399605,-0.1096184,-0.1615801,0.4784648,0.4117461,-0.2035548
-0.2496132,0.04226035,0.5537846,0.05545451,0.1295909,-0.1616617,-2.889118E-05,-0.3303998,0.3737366,-0.004987848
;
0.6172405,0.001059387,-0.01656178,-0.3771448,0.4914839,0.206778,-0.4259071,0.346593,0.3670231,0.278658
-0.00135001,0.06014754,-0.2189212,-0.2657762,0.04004533,0.01368397,0.119297,0.03610283,-0.4477242,0.1576794
;
-0.2085712
-0.435647
1.122492
-0.1639675
-0.713448
0.1956462
0.1996567
0.1327363
-0.5449354
-0.1037013
;
-0.0754386,0.3464563,0.3531476,-0.1899975,0.003192976,1.076373,-0.05247315,0.35711,-0.004773389,0.02688552
0.02228071,-0.2870349,-0.3708882,-0.371242,0.2893096,0.01153808,0.2158742,0.05064704,0.2710015,0.135412
0.2976322,0.05309974,-0.03152603,-0.1207374,0.03326125,-0.3728277,-5.201841E-06,-0.2776852,-0.2626213,0.1174135
0.01301975,-0.2981941,1.722957E-05,0.007368008,0.1500335,-0.002445167,-0.02412983,-0.1151974,0.1275585,0.4349225
0.2763328,-0.02006479,-3.467134,-0.3861715,0.04857756,0.01680393,-0.002869771,0.4951593,0.3509008,-0.1657519
0.8726642,0.1220261,-0.05079331,-0.1516329,-0.01405223,0.03333608,-0.03553103,-0.3823781,-0.04772242,-0.0006209931
0.05505477,-0.1688261,0.3979721,-0.4893284,0.1187536,-0.4278595,-0.1756054,-0.7388617,-0.1788393,-0.0701018
-0.2877311,0.003998782,0.4396627,0.07220619,0.8523237,-0.2292174,-0.1988097,-0.3355417,-0.001391285,-0.03893393
-0.3181541,-0.006267243,0.03022466,0.174192,0.001317565,-0.01262155,0.3131554,0.0005428595,-0.01749755,0.2062972
0.393443,-0.2190514,-0.1579069,0.009861648,-0.2691425,0.02477289,0.2426323,0.5248898,-0.7004226,-0.4562465
;
-0.01789281,0.7666202,0.03288335,-0.006325149,-0.04209191,-0.2464455,-0.3380569,-0.238801,0.4638344,0.4270077
0.0001472234,-0.1980526,-0.1363297,0.01789814,0.09371109,-0.03024723,0.5678501,0.008123503,-0.02067024,-0.3299776
;
0.05096537
0.1059645
0.09626789
0.1278974
-0.6096404
-1.040885
-0.1754233
0.01487877
0.4156644
1.215778
;
-0.3834037,0.2466502,-0.2537684,0.3092239,-0.08899409,0.2775447,0.3546767,-0.1898741,0.0304901,-0.1661956
0.5535937,0.0007888414,-0.1178313,-0.1554926,0.3197459,1.09964,-0.09553384,0.5966665,-0.05980941,0.6473165
-0.1071425,-0.01956207,0.6768525,-0.3429257,0.1793416,0.006304562,0.3802091,-0.2378364,-1.54881,0.03999791
0.0575309,-0.03099515,-0.06865204,-0.2099537,-0.9511815,0.396345,-0.04005128,-0.5533469,0.01585059,0.05133456
-0.3616061,-0.158561,-0.039847,-0.008977112,-0.1479514,-0.196561,0.4876744,-0.03659362,-1.123835,0.03734666
0.1055527,-0.3091553,0.2826308,0.35603,0.02045198,-0.0518286,0.4106085,0.8757547,-0.350293,-0.8041965
-1.483358,0.4688604,-0.4364845,-0.08071989,0.05928749,0.02347354,0.09227365,-0.02038927,-0.3669647,-0.4568292
0.1667699,0.1427665,0.672168,-0.0103684,-0.4008284,-0.1672935,-0.254688,-0.02432892,-0.1344926,0.2609658
0.358814,-0.2589813,-0.4370465,0.1863179,-0.3668593,0.3805962,0.2948426,-0.124084,-0.1823413,0.6411133
0.139525,-0.7973773,-0.0005720962,-0.1203464,0.3719406,-0.00597112,0.3169069,-2.013414,1.052955,-0.3994684
;
-0.6395063,-0.1241549,0.3378075,0.005082066,-0.1184261,-0.4239419,0.219533,0.2623519,0.2442984,-0.6893142
0.008494904,-0.004058676,-0.3159759,-0.2205603,0.004550338,0.7399285,-0.3701213,-0.4964314,-0.402061,0.4800676
0.07769789,0.4618797,0.05905249,0.2441035,-0.1385832,-0.09263277,0.07441463,-0.4483114,-0.1946841,-0.0108517
;
-0.01492891
1.145459
0.4589547
0.007597586
0.05971116
0.4679929
-0.03179139
0.2676715
0.4293513
0.1293721
-0.3574857
-0.1521537
-0.1851961
-0.1415282
0.434128
0.2739557
-0.6029359
-0.2471747
-0.2310156
0.2854737
-0.0063742
-0.1300508
-0.8631307
0.1519041
-0.3070755
-0.3990132
0.08784384
0.426001
-0.0102785
0.36202
;
-0.01296911,0.9611355,-0.1306876,0.3321502,-0.1502194,0.009617388,-0.3459427,-0.1008005,-0.9250752,0.0005515609,0.3211918,0.04583436,0.02026589,-0.2865287,0.2370193,0.1233371,0.4917548,0.1689296,0.4573815,0.1742186,0.0183626,0.3784754,-0.1134938,0.03946224,-0.01461914,-0.007925212,-0.4198431,0.9429584,0.09905147,0.216232
-0.07178731,-0.005656607,-0.2518847,0.4365458,0.1138955,-0.09234001,0.2155933,0.4251803,-0.1140525,0.5140535,0.3361066,-1.011953,0.001980126,0.03361449,-0.02376395,0.3227838,-0.003225147,0.3478643,-0.01145175,0.07485946,-0.03703065,-0.3773751,0.05684406,0.07254165,0.2543381,-0.4415078,-0.09568332,0.00776848,0.2868428,-0.1634738
-0.4227891,0.07001513,0.2614495,-0.2120686,-0.1490765,-0.04059868,-0.09118718,-0.3706396,0.0964695,-0.4333411,-0.2319089,-0.02318001,0.03906117,-0.1063718,-0.3728854,0.1775683,0.4739407,0.3515997,0.4494173,-0.007604649,0.02783951,0.2304321,0.08832186,-0.4069308,0.1433817,-0.08945907,-0.2492532,-0.8839829,0.01214748,0.4002705
-0.4416521,0.3039706,-0.005076977,-0.4914783,-0.001163933,0.1793487,0.3577014,-0.5330968,-0.1688334,-0.4983726,0.08578819,-0.4914726,-0.1230808,0.2981244,-0.07614225,0.3348516,0.4227984,-0.003112556,0.06698945,0.5007496,0.01894686,0.8796088,-0.1554818,0.07043354,-0.46856,0.1073658,-0.006700817,-0.0006700557,-0.1461316,-0.3212674
-0.1931359,0.01123645,-0.242422,0.06717417,-0.4184016,0.3346707,-0.002234913,-0.7880535,-0.248296,0.0444789,-0.08025526,0.04247981,-0.2904414,0.02347771,0.008526443,-0.08524674,-0.0132129,0.2679446,-2.351743,0.2821003,0.02686518,0.05987474,-0.6433987,0.1065793,-0.01046241,-0.3341273,0.06681317,2.056006,0.2046362,-0.4317256
0.1093554,0.07178169,0.002285846,0.1506727,0.0009630799,-0.1611527,-0.1585501,0.4860432,-0.2308802,0.3736238,-0.03429104,0.09730822,-0.1125841,0.0192607,0.2986766,0.07220818,0.1231321,-0.3692104,-0.3652585,-0.2179333,0.4597026,-0.03552184,-0.002288051,-0.02590606,0.06177372,0.003011754,-0.4210078,0.3525728,0.1442381,-0.1817117
0.0001003221,-0.4562733,-0.2809165,0.1118531,-0.0189228,-0.1178883,-0.02268022,0.001011452,-0.2659917,-0.2487827,-0.03287156,0.3231962,0.02874273,-0.1168779,-0.1899991,0.4311213,-0.3990145,-0.5359596,0.3430726,-0.2140507,-0.114037,0.03950704,0.1973379,0.5741041,0.3595806,-0.002815392,0.2570878,-0.4676564,-0.1534659,0.2782477
-0.1925088,0.1021333,-0.3205619,-0.224344,0.1406747,-0.06275972,-0.005039632,-0.004303826,0.2867693,0.5614462,1.260386,-0.1214464,0.002911547,-0.2251482,0.4780272,0.0853073,0.4343019,0.383446,0.125551,-0.3207483,-0.155819,0.1057122,0.001461914,-0.1110114,-0.01903786,-1.131467,-0.238569,0.5409932,-0.02499523,-0.006885003
-0.6408413,0.3834614,0.2028828,0.3733066,0.04283701,-0.09350544,0.196274,0.9417427,-0.221395,0.05454764,-0.3622031,0.1816598,0.04176933,-0.1318011,-0.009578124,-0.1675593,-0.1521973,-0.01156415,-0.3852429,0.2831951,0.1140187,-0.4039838,-0.498662,0.04209211,-0.05182642,0.2411569,-0.0247615,0.01311588,-0.001943368,0.006782575
0.1128367,-0.02101523,-0.3807716,0.1169216,-0.0259766,-0.0589167,-0.3125889,-0.003217399,0.1171678,0.4436922,-0.1010228,-0.2631915,0.4132243,0.2395009,-0.3766507,0.1785882,-0.2891537,0.3169427,-0.0147381,-0.06164778,1.200183,0.196253,0.03756195,-0.01864473,-0.9549116,-0.03161477,0.1634509,0.6191769,-0.1774369,0.0002027667
-0.2828033,0.3310937,-0.00972369,0.01855249,-0.07615805,0.1541965,-0.2179579,-0.4540195,0.1545606,-0.03162777,-0.1555784,-0.469376,0.09056681,-0.3971012,-0.03726071,-0.4040699,0.02163341,-0.3239766,-0.2750728,-0.08842704,0.3805965,-0.01156042,0.266833,-0.1678028,0.1566401,-0.388077,-0.1800606,-0.07768001,0.1675717,-0.0005828983
-0.01006302,0.05651253,-0.387127,-0.6745369,0.01592932,0.2451656,0.2816046,0.3094491,-0.136323,0.05823344,0.02947695,-0.4785602,0.2774955,0.003970819,-0.2625409,0.005478818,-0.7170328,0.5595624,0.5534565,0.4787525,-0.07864221,0.320893,0.5018606,0.4428697,-9.366124E-08,0.05814438,-0.07499512,-0.3393198,0.2223993,0.01152876
-0.3465728,0.003437608,0.03965636,-0.3908966,-0.3737304,-0.339645,0.4478347,-0.05097906,-0.4128644,-0.1821971,-0.007205546,0.006817644,0.2361371,0.0009345562,0.03020316,-0.2455596,-0.3375416,-0.2774898,0.08129127,0.1808184,0.217836,-0.5636174,-0.06274384,0.7729687,0.6059465,-0.4543644,0.4099938,-1.031505,0.186637,-0.1531411
-0.08185857,0.05014521,-0.1476358,0.01193915,0.4759885,0.4109581,0.8150645,0.05085798,0.5595335,0.3012983,0.2681736,-0.7593819,-0.6896978,0.3643181,0.2338927,0.1062875,-0.1942686,0.4237154,-0.02241629,-0.2038011,-0.4232256,-6.803707E-05,0.011831,0.003291559,0.2567285,0.133899,-0.01535045,-0.1284513,-0.03254176,0.00136237
0.1071941,0.5818285,-0.02245456,0.393703,0.02205553,-0.08906215,-0.05068427,-0.3970085,-0.405229,0.3216966,0.1938589,0.2227349,0.01821647,-0.3906404,0.001913376,0.3785856,-0.2697393,0.3755523,-0.4255312,-0.417826,0.2367432,-0.04025069,-0.05244102,0.5377887,0.08564828,0.6667354,-0.1885061,0.1089495,0.9088593,0.07292253
-0.2861604,0.04697034,0.2159893,-0.2859681,1.874172,-0.3366081,-0.0062978,0.1429139,-0.1107192,0.1472367,0.04057027,-0.4243284,0.4397898,-0.07463898,0.01823471,0.3402771,-0.2681662,0.04668259,-0.01119922,-0.2710013,0.008570541,0.6188129,-0.4306159,0.4835395,0.3466066,0.002754731,-0.1625312,-0.01310235,0.4555202,0.005518931
0.01342994,0.3554132,0.1424854,0.1622645,0.9073564,0.006892642,0.286593,-0.01296469,0.355062,0.002333938,-0.1884599,0.1306023,-0.8688816,0.7264631,-0.1255586,-0.3315145,0.01583892,0.02847828,0.1220223,-0.2576308,0.4092356,-0.005604811,-0.07690507,-0.3351635,0.3413944,0.6896541,0.001802485,0.1926522,-0.1311115,0.1060438
-0.2712902,0.0009455391,0.1847356,0.01870337,-0.01277506,0.5232811,-0.2356809,0.9205705,0.1263678,0.02935485,0.05480248,0.01635128,0.06164819,0.001858828,0.2662659,-0.01663714,-0.2229628,-1.822426,-0.0749469,0.76826,-0.4886549,0.3716389,-0.2953836,-0.1098182,0.3565352,0.4837127,0.3935335,-0.4344957,-0.2191665,-0.04916486
0.06786837,-0.1188495,-0.3756648,-0.3439823,-0.02192674,1.764945,0.06227034,0.4318807,-0.4750816,-0.009399123,-0.1912114,-0.1041837,0.1758698,0.1406494,-0.06348048,0.08414286,0.2392932,0.398504,0.1568514,0.6701353,0.3558792,-0.4076768,-0.1159441,-0.00153426,0.007607045,0.1027786,-0.5029134,0.1591272,-0.01031577,0.3740382
0.006445067,0.3045377,0.1066131,0.1083753,0.002275122,-0.1715193,-0.2992536,0.02418204,-0.3962504,0.2449846,0.1726218,0.1036519,-0.04015461,0.1251968,-0.2083594,-0.7073922,-0.1621935,0.2061383,-0.3204353,-0.02559161,-0.05588165,-0.07264362,0.02687424,-0.2454975,0.3704035,-0.008435905,-0.05919412,-0.02393144,-0.02553683,-0.1289268
0.2976717,0.5753499,0.01607078,0.01570628,-0.06497592,0.01195271,0.001201493,-0.3267046,0.07249277,-0.4396659,-0.4926133,0.3580567,0.127867,-0.05184575,-0.03159915,0.2879899,-0.0812223,0.1222446,2.181465,0.01888875,-0.03595119,-0.1622919,-0.01123586,-0.2060181,-0.0007493168,0.1674469,0.1039144,-0.07399439,0.2629544,0.02143863
0.4551511,0.3900998,1.24109,1.366933,0.07056902,-0.006832456,-0.05367412,0.07292038,0.311259,-0.08930425,-0.1097597,-0.4838061,0.003717612,-0.3602804,-0.08945352,-0.1817268,0.1535241,-0.3430803,-0.04346715,0.2892837,-0.2228138,0.1440759,-0.1009374,-0.2168346,-0.05646379,0.8826961,-0.1363188,0.1023454,0.03698483,0.4913951
-0.01596193,0.3197409,0.007414345,0.3616644,0.339409,-0.439015,0.1110793,-0.000423971,0.17856,-0.05692011,-0.4067485,0.5573305,0.2624548,0.05708928,-0.1647771,0.02153875,-0.0002098138,-0.06539536,-0.08441633,0.00680509,0.08295101,0.1673279,-0.4521879,0.001590285,0.02451514,0.3030865,-0.001502605,0.3358215,0.481714,0.1965452
-0.006826225,-0.07367492,0.0001519165,0.1623464,0.1754169,1.560379,-0.1560918,-0.1705457,0.005062554,0.2590074,0.003905225,0.1749313,3.463894,0.0192068,-0.04594648,0.531655,0.08424272,0.3241348,-0.3287426,-0.01314074,0.5685958,0.04249996,0.4150224,0.01234457,-0.317347,0.4068438,-0.2002001,-0.2363041,0.1569171,0.1457041
-1.293939,-0.02340256,-0.2024463,-0.3514659,-0.2468109,0.3864255,0.001644825,-0.05520314,0.3908668,-0.2387956,0.1404617,-0.4084274,0.05842991,0.08827426,-0.1336834,0.0268933,-0.4830625,-0.08114614,0.494554,0.009141329,-0.4137059,-0.0002925349,-0.03093373,0.2068415,-0.02875943,0.01510353,-0.004694576,-0.2955502,-0.1638381,-0.02332778
-0.3714904,-0.07390092,0.2348933,0.0517666,0.4090997,-0.01086394,-0.352322,-0.9855106,0.1733136,0.2604325,0.1378399,0.2356868,-0.01394933,-0.006942083,0.7596807,-0.1405162,0.04753405,0.02199822,0.2470327,-0.1369345,0.001940524,-0.391257,0.01874563,-0.3269734,0.120238,-0.1925556,1.184086,0.221501,0.6046335,-0.2064624
1.186061,0.03648951,0.2210222,0.4117476,-0.0003897452,0.1452188,-0.03363091,0.389853,0.00650043,0.3119309,0.05175967,-0.3789508,0.01224252,0.09132492,0.3668693,0.2017305,-0.337818,-0.1087686,-0.2100577,0.2819,-0.1888712,0.1847112,-0.1351122,-0.06343063,-0.6648217,-0.1395552,-0.2575221,-0.7041584,0.2658789,-0.001906626
0.6087177,0.005319338,0.08609182,-0.329476,-0.3762544,-0.1273946,0.01413035,0.2240797,-0.4473826,0.5152645,-0.1563491,8.490103E-07,-0.1312815,-0.1795955,-0.156771,0.317988,0.14179,-0.2261947,0.7266651,-0.2203775,-0.01186099,-0.03833152,-0.4684029,0.5402803,0.5160148,-0.0932551,-0.0186682,-0.2059882,0.2731209,0.007655462
-0.0003013938,-0.001018112,-0.01903957,0.3384266,0.1268457,-0.02135145,-1.054413,0.03887266,0.5714633,-0.2881165,1.631633,-0.3940998,0.07834613,1.327043,-0.001147937,0.3849146,-0.05670995,0.4133971,-0.03981102,0.08289579,0.009675721,0.36509,0.5342715,-1.499994,0.3793525,-0.4103775,-0.2052366,-0.3250835,0.004885343,-0.2864205
-0.09846744,-0.03394061,-0.3164338,0.3123337,0.3605529,-0.1367765,0.3409337,-0.4942289,-0.2845691,-0.06467479,0.3235631,-0.3797696,-0.04951419,0.1123399,-0.01647772,-0.1324734,0.2073247,0.4306827,0.2184135,-0.0007432301,0.1025087,-0.3197749,0.08597034,-0.3162161,0.2412178,0.0170907,-0.05058366,-0.0987584,0.1332968,-0.2660117
;
0.03650534,0.1425124,-0.370858,0.08545083,-0.005281508,-0.04332018,-0.2144181,-0.3583826,0.004701984,0.1721682,0.1015756,-3.304221,-0.4993938,-0.1678007,0.4633553,0.2682004,-0.5296684,0.4081459,-0.6879728,0.005470389,-0.01941244,-0.06116908,0.4284365,0.1501606,0.4562329,0.01872319,-0.05795604,0.1137247,0.07004815,0.1539217
0.1059771,-0.002411634,-0.4462653,-0.1214984,-0.1428299,-0.4990211,0.336056,-0.6789605,0.08811883,0.09900005,-0.03680134,-0.3763251,0.02437693,0.3704367,-0.1700025,-0.06009191,0.7630386,0.01497731,-0.2320744,-0.4293918,-0.06713516,-0.3818059,0.0320496,0.001377499,0.30707,0.1852262,-0.6933793,0.01140192,-0.03766608,0.3277256
0.2638346,-0.4668475,-0.03850994,-0.07882938,-0.1921063,0.05712353,-0.3621761,0.4277387,0.08925062,-0.2440463,0.2824868,0.3327156,0.1371171,-0.6022938,-0.1524327,-0.2530114,-0.3011565,0.144429,0.0905895,-0.1353893,0.07875007,-0.122708,-0.1164195,0.3388308,0.1901227,1.187404,0.02604662,-0.3213968,0.2259924,-0.3116232
;
0.2024193
-0.1963812
0.6319675
0.4778612
0.4719675
0.2008954
0.02056683
-0.03832404
-0.3429803
-0.249246
0.1591582
0.07406417
-0.04315037
0.7281094
0.1275253
0.03829654
-0.4600679
-0.3119541
-1.907458
-0.4737259
-0.6760355
-0.008334575
-0.498314
0.01169022
-0.02085954
0.006130278
0.198057
0.4849563
0.2650967
0.4116443
;
-0.05337183,-0.02629316,0.008884751,0.0420905,-0.2928661,-0.05598455,0.6366973,-0.06263892,0.1102607,0.4975795,-0.1284468,0.01064762,0.002296071,-0.1435509,-0.298799,0.008207347,-0.2338577,0.009240765,-0.1752747,0.1854566,-0.6576286,-0.02934493,-0.8252268,0.2879529,-0.8164733,1.23169,-0.3126844,-0.4116533,-0.002312423,-0.9384084
-0.1235813,-0.00734455,0.1680853,-0.08976881,0.04879597,0.05653507,0.02015989,0.0007415768,0.6428042,-0.07496231,0.5303313,-0.15626,-0.3537177,0.624038,0.4631467,-0.09117931,0.1894912,0.4943988,-0.08693105,0.2319479,-0.01301291,-0.03446443,0.2045184,-0.01404778,0.174446,-0.05222701,0.02848653,-0.3187686,-0.01330996,-0.6400543
0.05118901,-0.0002575404,-0.3224845,0.2288346,-0.2190081,-0.05625571,0.2779219,0.0360015,0.2788954,0.04888179,0.01997033,0.01156392,1.326497,-0.1395025,-0.07510684,0.02919029,-0.4771284,-0.03438104,-0.1484355,-0.1786615,-0.2216404,-0.541409,0.4610885,0.4067823,-0.3777008,-0.1032693,0.3691807,0.4006435,0.002760893,-0.01767265
-0.6903202,-0.2367252,0.1065944,0.7467549,0.1621488,-0.3647956,0.8367978,0.3249068,-0.2725773,0.00109103,0.4248974,0.0844563,-1.030722,0.1862882,-0.4709616,0.3219572,0.03379792,0.1311794,-0.3120134,0.454827,-0.6062556,0.1628883,0.003224096,0.08952442,0.09897405,1.155984,0.01631838,0.1785561,0.1484049,0.709302
-0.302979,0.2479458,-0.06659963,0.04243595,-0.1239583,-0.0001737454,-0.1356594,-0.2319955,0.3711113,-0.01595608,0.8013355,0.2195097,0.02924722,-0.1883977,-0.03094086,0.2897271,-0.2279233,-0.4028081,-0.5449178,0.4313034,0.1532603,-0.04650646,-0.05349615,-0.001478232,0.1173197,-0.1023388,-0.04020793,-0.1632701,0.15161,-0.03007138
-0.04329556,-0.1025992,0.1187643,0.06347936,0.5771607,-0.3627723,-0.07926146,0.007655203,-0.0002649782,0.06547254,-0.510627,-0.1004944,0.4360958,0.3441168,0.09350629,0.197713,0.01920092,0.04612257,-0.1453341,-0.3500351,-0.07678086,0.4885235,-0.08053605,0.3833129,-0.02850339,-1.172545,-0.06181367,-0.1887692,0.6784121,0.3424827
0.004208913,0.09256119,0.205644,0.3106203,0.02796762,0.05415672,-0.2770388,0.04505426,-0.5230872,0.4668839,-0.8695166,-0.1394805,0.4598557,-0.2253245,0.1413291,0.09040565,-0.1389244,-0.4028834,0.03745006,0.2575518,0.02250467,-0.005840916,0.3811368,0.3612595,-0.472826,-0.04591569,0.02892882,-0.2041355,0.08058608,0.1127892
0.4644775,-0.0645657,-0.1745503,0.4098082,0.7694834,-0.07381457,-0.2881864,0.3824332,0.3415339,-0.1648063,-0.6537725,-0.1890935,0.1769313,-0.2552192,0.4482988,-0.5311715,0.3768124,0.8660848,0.4520147,0.2576247,-0.05811054,-0.1493557,-0.2500477,-1.049997,0.006070222,-0.005643351,-0.01465059,0.4726825,0.01512135,0.1300366
-0.4676614,0.1928278,-0.107641,-0.03495708,-0.3203282,0.06032173,0.003409316,0.0150649,0.3497798,0.3999748,0.3828315,1.472877,0.4391954,0.01965737,0.2987961,0.04706055,0.3790934,0.4445298,-0.2178351,0.02076294,0.7244332,-0.4457383,-0.1077994,-0.04227385,-0.4789937,-0.06484768,0.2679412,-0.1723617,-0.1184437,-0.3879243
0.235711,0.02536187,0.1273652,-0.05769026,-0.2943293,-0.53534,-0.529266,0.006988484,-0.04747417,0.007132861,-0.09067253,0.673795,-0.06572872,1.425125,0.07013231,0.03941652,0.3119719,0.215745,0.05011896,0.01339604,-0.01182789,-0.3188602,0.9478027,0.02568728,0.2739414,0.07674982,0.2358471,0.06690663,0.4884178,0.03588553
0.1167354,-0.3496865,-0.5636277,-0.1074852,-0.3139538,-0.6514924,-0.2316547,0.1873028,0.2261801,-0.05237321,0.4118986,0.1936757,-0.01597255,-0.08781213,0.4287208,0.2206027,-0.01132078,-0.01635236,-0.4649585,0.0571202,-2.516203,-0.9417061,1.105741,-0.005716748,-0.4795982,0.2383647,0.1739804,-0.2553871,0.2323908,-0.02279155
-0.4193356,0.2246474,-0.2573209,0.5661816,0.02640443,-0.1449018,0.4246676,1.196901,0.3637253,-0.03608043,0.1129519,0.005167469,0.04438269,-0.37738,0.6292046,0.2062225,-0.05179995,-0.4529305,-0.3304877,-0.2235638,0.05747956,0.008281718,0.08884499,0.08802488,-0.1299704,0.3150048,-0.449924,0.1664622,-0.1639546,-0.1777892
0.2900124,0.5995826,-0.4611514,0.1938016,0.3230987,0.09202057,-0.005053561,0.347385,0.4728799,-0.341417,0.003392853,0.7984437,-0.132589,0.003609205,-0.05215534,-0.3216144,0.288305,-0.3448055,-0.8648466,-0.02660269,0.3996257,-0.1473959,-0.2364045,0.4716028,0.02075799,0.003940761,0.2220745,-0.4499466,0.1933544,0.002261341
-0.1327124,-0.3770108,-0.04151293,0.1427244,-0.1514635,-0.1371311,0.2793714,0.9173204,-0.6487527,0.1899363,0.4216665,0.112076,-0.08199674,-0.7495286,0.1444045,-0.4417708,-0.9361762,0.321189,-0.8725097,0.1480778,-0.3586353,-0.1964257,-0.01012126,0.4381837,-0.2171802,-0.2811717,0.04792132,0.1578298,-0.02322948,-0.4446968
-0.3304224,0.1256639,-0.272686,0.08873025,0.2266116,0.008294118,-0.3632693,0.4045661,-0.3917642,0.9469429,0.3922555,0.4379951,-0.1971837,0.07906671,0.5273022,0.05364674,-0.4578466,0.1585027,-0.4178455,-0.164889,-0.003337444,0.9472364,-0.06285123,0.06564637,0.1521164,0.3764119,0.18979,-0.03169148,0.1516689,-0.2795175
0.1517033,0.3088939,-0.01561458,0.5053755,0.3945124,0.3350778,-0.3507898,-0.0495987,0.06695683,-0.01762593,-0.02897432,0.2113941,0.4045432,-0.6745803,0.5282432,0.2400591,-0.3914571,-0.1231454,-0.3199885,0.008477047,0.15142,-0.1473529,0.287354,-0.1548809,-1.817487,-0.2540991,0.2925601,0.01313955,0.07387901,-0.118369
-0.1891438,0.06556624,0.03910193,0.00461957,-0.04286331,-0.3442464,0.960648,-0.5067074,-0.2023792,0.2185124,0.4794892,-0.04761456,-0.02004118,0.3871583,0.1962494,-0.01117712,0.2371241,0.08494173,0.07193415,-0.1273666,0.0004714409,-0.194031,-0.1170942,0.06051074,-0.0006966172,0.008854756,0.9877514,0.32389,-0.1021233,-0.03910292
0.1389542,7.728932E-05,0.01036223,-0.3285284,-0.1520031,-0.4468558,-0.08102611,-0.1472755,-0.3455698,0.1512848,-0.1587384,-0.310552,0.0983653,-0.02169847,-0.2454975,-0.09435382,-0.5341626,0.08382951,-0.4099447,0.493223,0.007220907,-0.1965594,-0.1234142,-0.5110519,0.7644718,4.711812,0.2371427,0.01837472,0.011958,-0.4062951
-0.283674,-0.4098419,-0.1726699,-0.03387991,-0.005581406,0.5014919,-0.8563093,-0.4629456,-0.05006987,-0.3207281,-0.4228047,0.1052025,0.1649572,0.003159727,-0.01138868,-0.465245,0.322255,-0.01775443,0.01974112,-0.009165943,0.1503472,-0.01126809,0.001006026,-0.2407573,-0.2696526,-0.2312681,-0.2438174,-0.9148878,0.1437872,0.2933513
-0.2387059,0.1049665,-1.487935,0.2718483,0.7602654,0.2287944,-0.4775552,0.1598246,-0.4187324,-0.03776329,-0.4828318,-0.1820976,-0.3174126,0.241693,0.3614385,-1.064488,-0.01622888,-0.494135,0.2727681,-0.2177196,1.258754,0.1307019,-0.3159169,0.4507177,-0.3809558,1.43934,-0.3639581,-0.3451685,-1.333638,-0.587345
0.03916777,0.1506316,-0.2475675,-0.03520055,-0.07361727,0.06203908,-0.403806,0.2391523,0.4544933,0.0316678,0.03498474,0.03237459,-0.3722945,-0.3538002,0.8872102,0.4618868,0.008213783,0.295466,0.009629324,-6.563935E-05,0.1605735,0.146171,0.3230638,0.02181935,0.1806129,0.125645,0.03301956,-0.2667971,-0.1510434,-0.06291288
-0.02447758,0.1190627,-0.06353099,0.005903256,-0.06871015,0.4432008,-0.5160701,0.04718207,0.1969168,0.0417245,0.08020482,-0.4976985,0.0204883,-0.3111311,-0.836861,-0.1264458,-0.1708994,-0.4373856,-0.1718161,0.1405544,0.01765703,-1.485391,-0.3998215,-0.0839358,0.01796552,0.04088861,0.07012115,-0.07089847,-0.2535982,0.4202596
0.150429,-0.3329461,0.0174552,-3.909662E-05,-0.008574584,-0.03061566,0.05942781,0.01739029,0.09490067,0.2368306,-0.003484572,0.1568507,-0.3854204,-0.240923,0.3031107,0.3966322,0.2191676,-0.3878736,0.08175532,0.1168986,-0.01447557,0.4090741,0.3099492,-0.05857804,-0.006726966,-0.01603432,0.1599358,0.02892219,-5.603502E-05,-0.05184117
-0.4625661,-0.08680547,-0.4035401,-0.1528752,-0.2192132,-0.07952668,-0.4972296,-0.2618239,-0.07504004,-0.0481198,-0.4368398,-0.09487541,-0.1047559,-0.05628989,0.003074933,-0.6836442,0.03500468,0.4725304,-0.5607907,-0.03858322,-0.2555609,-0.2621726,0.2994161,0.08855038,0.007619672,0.8518717,-0.4011418,-0.01370825,-0.05261244,0.3086995
-0.499994,-0.0321689,0.4133186,0.1548641,0.1354374,-0.04409207,-0.5617035,-0.1668531,-0.7079761,-0.4465837,-0.06700143,-0.7101429,-0.0184175,-0.4745698,-0.326767,0.03079684,-0.07652663,0.04629183,-0.4310903,0.006535666,-0.4506502,0.1592405,1.272968,0.1133117,-0.1672756,0.6353439,0.090159,-0.2283021,0.4117084,0.07797371
0.1246384,-0.003349478,-0.1959775,-0.06600345,0.3528318,-0.1124113,-0.7181481,-0.1390718,0.3944135,0.4018322,0.3260671,-0.6850539,-0.4323132,0.05431739,-0.2998477,-0.3855959,-3.527467,-0.3014147,-0.460338,-0.02920797,-0.01381058,0.3571089,-0.01739537,-0.4120395,-0.07765157,-0.1577544,-0.2876375,1.112441,0.1652952,-0.2722251
0.1973298,0.03966058,0.07529434,0.02443546,0.4378109,0.2213282,-0.5772275,-0.6367134,-0.453478,0.1719677,0.01074397,-0.416611,0.1014333,-0.1920355,0.929944,0.1249322,-0.0506809,0.1961909,0.2607906,0.03173058,-0.1476371,-0.1479815,-0.05612856,0.1101856,0.0294714,0.09409805,-0.1873169,0.00969207,0.07961041,-0.006498626
0.2586309,-0.2650844,0.3152189,-0.4004014,0.3023909,-0.02758105,-0.1205181,-0.4730976,-0.698432,0.07057454,0.3014118,-0.4048322,0.0214953,-0.04017616,0.3960089,-0.01701079,0.974082,0.288156,-0.4721452,-0.07728559,-0.2282561,-0.370212,-0.4124811,-0.2224679,-0.09284717,0.2874812,0.2883005,0.2776915,0.01013191,-0.02499637
-0.007870159,-0.1811829,0.6450761,0.5074441,0.3504989,0.07857943,0.05725628,-0.2684969,0.3120756,-0.03854021,-0.02696997,-0.236457,-0.3894848,-0.153322,0.1836052,0.06397689,-0.1461259,0.1005387,-0.1280924,0.1062844,0.174623,0.04451602,0.01526651,0.04597696,0.08461096,-0.01603995,0.1429432,0.1516856,-0.3430932,-0.04981452
0.03803809,-0.044988,0.170868,-0.3912034,0.6123329,0.02730452,-0.01355213,0.4334027,0.01731283,0.03165804,0.4618988,0.03691298,-0.6473086,0.1172524,-0.215768,0.0925189,0.3347285,0.005415264,-0.038784,0.01288423,-0.4727304,0.1783649,-0.06194776,-0.1550636,0.3322879,0.09913665,-0.4001687,0.4461769,-0.1188242,-2.667559E-05
;
0.1612806,0.08810908,0.7103921,-0.2300991,0.3869605,-0.489388,0.05082355,0.2574638,0.3493215,0.4835844,-0.02514323,0.7876756,0.2510303,0.3316301,-0.07825989,0.03654787,-0.1274258,-0.2957119,-0.06750276,-0.1114472,0.2498619,-0.2932765,-0.02606977,-0.04472848,0.3576171,0.04032357,0.4235972,-0.05926089,-0.06746615,-0.04806156
0.3736157,0.5880529,-0.0288057,-0.4123291,0.1728023,-0.0008141024,0.7213435,-0.07494789,-0.1211555,-0.004679176,0.2132496,0.03869266,0.3395981,-0.007368017,0.003023803,0.01897295,0.1753502,0.008805078,0.4865755,-0.3930072,-0.5182491,0.648988,-0.3515061,-0.103388,0.05357731,-0.2053031,0.007094826,0.06437182,-0.3575908,-0.005720221
-0.2932673,0.3033539,-0.1354951,0.007413382,-0.005283801,0.3343925,-0.2023398,0.9539512,0.1731379,0.007872188,-0.1462291,-0.0003785759,0.2488248,-0.4459647,0.156796,-0.400336,0.007709879,-0.0361218,-0.0450222,0.1723176,0.4528887,0.2968017,0.007329873,-0.149487,-0.1322361,-0.002012757,0.3040554,-0.07098127,0.00480365,-0.00495857
;
-0.1111532
-0.001889556
-0.08524089
-0.06321301
-0.02544992
-0.1715251
-0.3757918
0.2707449
-0.2995258
0.8826216
-0.03904739
0.3737373
0.9752793
0.0231728
-0.0163631
-0.02592768
0.2190362
0.3430816
0.08681148
-0.2511166
-0.2985827
1.036006
-0.1220528
-0.00216112
-0.182785
0.009579563
-0.383568
0.04004667
0.2426082
0.3678164
;
0.01265851,-0.3675481,0.2201226,0.2420732,-0.07783879,-0.04515149,-0.5941353,-1.527108,0.3358279,0.5749517,-0.1171023,-0.05634207,0.02095895,0.1073964,-0.1079046,-0.2374239,-0.206715,-0.0351359,0.2397146,-0.2583403,0.03037281,-0.3848809,-0.325734,-0.4178879,0.1515104,-0.2958804,-0.3044149,-0.1259659,0.2904711,-0.1643139
-0.3682318,0.1314708,-0.2030084,-0.04328269,0.6141339,0.08509755,-0.009064039,-0.1266676,-0.006557989,-0.06023933,-0.02402048,-0.6432368,0.3802376,0.2703765,0.02113984,0.0485788,0.7812036,0.5071688,-0.009356439,-0.1725111,-0.1721696,-0.05514839,-0.4786215,0.4295969,-0.2857939,-0.4103329,-0.04530273,-0.09488777,0.1142337,0.2172349
0.04873165,-0.1002833,0.0239237,-0.08976175,0.6011632,-0.08577315,0.03339055,-0.01486743,-0.3480051,0.1047309,0.001845844,0.8851876,-0.05134755,-0.3073571,-0.4189582,-0.1728227,0.03192381,0.6411467,0.3009661,0.04091884,0.09084231,0.004243155,-0.2939975,0.4777688,-0.3145329,0.4737887,0.6769494,-0.168447,-0.02119316,0.764897
-0.27661,-0.4155167,-0.01277582,-0.005523338,-0.06251153,0.351542,-0.4500551,-0.5631845,0.4136382,-0.3321329,-0.03569442,0.4603364,-0.4272495,-0.2585051,0.0991241,0.0122842,0.4731679,-0.3200996,-0.2133128,0.02747766,0.3962672,-0.4036374,-0.04998118,-0.1324872,-0.2818561,-0.04867847,-0.02539495,0.2358526,-0.05346495,-0.04298652
-0.5874572,0.1571352,0.527515,-0.6758575,0.3368472,-0.193736,-0.00877528,-0.001032406,-0.8131114,0.2238381,-0.7543367,-0.05824938,0.04055333,-0.04730757,0.253963,0.09561187,-0.4013605,0.01728113,-0.4722416,0.1692865,-0.07204433,0.08530146,0.0252231,-0.4988124,0.008889019,-0.1644478,-0.01015121,-0.05117482,0.06209919,0.02052257
0.369131,-0.1542554,-0.2441985,-0.2146195,-0.2415402,0.2833301,0.4728625,0.01975435,0.8123255,-0.06474889,-0.07568859,0.1969153,0.007849741,-0.1559593,0.599219,-0.4864502,0.02227316,0.2279958,-0.2351671,-0.1460583,-0.4227842,0.4161846,-0.01089052,-0.03134205,-0.3451278,-0.09690715,0.288958,0.4155414,-1.327732,0.09268099
-0.6593142,-0.3380383,-0.4518096,-0.1988411,0.1965634,-0.3603984,0.2409382,-0.4298773,-0.2286813,-0.3271747,0.08889516,0.3117075,-0.008276857,-0.5255293,-0.02932344,-0.3483991,0.2613593,0.2854785,0.4079486,-0.06108731,0.09823352,0.1512098,-0.000729794,0.006825864,-0.8315861,0.05339947,0.4579294,-0.08113204,-0.04460301,-0.8037181
0.01286613,0.170357,0.5772616,0.2519267,0.09347904,-0.2609171,-0.1353039,0.001170337,0.1488483,-0.009466952,-0.4993115,0.3587434,-0.1778225,-0.4972677,-0.2760568,0.6546984,0.3452063,0.3153863,-0.08595636,0.5081058,-0.2654927,0.03439835,0.6915792,0.02175224,-0.2543041,-0.3172799,-0.1126456,0.5097818,-0.01308354,-0.08806016
0.0003907122,0.5166939,0.2691116,0.1860804,-0.1689053,0.9096669,0.3378425,0.07791144,0.01946646,-0.006804508,-0.01422127,-0.2538617,-0.5254699,6.446018E-07,-0.2681084,-0.5045852,0.1090671,-0.280027,-0.2837586,-0.1323939,-0.8626687,0.2106385,-0.1329942,0.4329489,-0.2181035,0.4585522,-0.04008162,-0.08884008,-0.2657949,0.2662146
-0.05395234,0.1044978,0.3583419,-0.1182049,-0.03362024,-0.9488053,-0.008221862,-0.3652687,0.1798949,0.8379599,0.01525303,-0.01328808,-0.2618042,-0.3900944,0.2066444,-0.005549287,0.05242664,-0.4050924,0.04053055,0.4446105,-0.4767908,-0.1157749,-0.2716641,-0.1149541,-0.02262055,-0.06272599,0.7405719,-0.3692693,-0.2043206,0.02684957
0.2522828,0.009483541,0.1488115,-0.2889074,0.002784398,-0.272894,-0.02436326,0.04787248,-0.1436835,0.005722533,0.164443,-0.3657005,0.06923681,-0.5123664,0.04992713,-1.609487,-0.6121536,-0.04121697,0.2312587,-0.0009356347,0.4907101,0.2883128,-0.1231636,0.4160609,0.3661857,0.1755693,0.2290663,-0.1856335,0.009198077,-0.03855535
-0.4513285,-0.03379494,-0.0101892,0.656568,0.04648461,-0.08631085,0.02102528,0.4828864,-0.5798136,0.3012343,-0.4738247,0.002579314,0.1562306,2.191545,1.073038,0.00373328,0.03815103,-0.1279051,0.06474657,0.2110709,-0.09466269,0.1221897,-0.09338377,-0.442063,0.1307539,-0.01804579,0.2961302,0.3899504,0.1637058,0.005355299
0.002790169,-0.4279914,-0.7591289,0.01034049,-0.5041054,0.2581937,-0.1751212,-0.2703427,-0.3809782,-0.1295595,0.009410163,0.3235326,0.6891493,-0.5280527,-0.08495849,0.005113698,0.5991971,0.001294398,-0.03237729,0.2471601,0.03449994,0.2394202,0.1385717,0.2665446,-0.05249167,0.127533,-0.9770201,-0.5336136,-0.4277458,0.0610985
-0.8681782,-0.01432301,1.759108,-0.06953605,-1.689225,0.216684,0.4941694,-0.002960503,0.1516771,0.3785846,-0.055253,0.4876426,0.2480455,-0.4602465,0.3887228,-0.2537243,-0.04947239,0.02880423,-0.07950717,0.2399517,-0.1917986,-1.344899,0.03432992,-0.003702072,0.02415725,0.3902848,0.2870203,-0.1600133,-0.1602416,-0.112435
0.02557735,0.05204994,-0.4477798,0.05995579,0.1113807,-0.2657934,0.1571288,-0.0303209,-0.4052014,0.6041708,0.00190692,-0.6287223,-0.4841915,0.03880416,0.4559847,-0.7021734,-0.3026278,0.7421749,-0.323577,-0.1375591,0.06467236,0.08784056,-0.2473122,0.06377354,-0.291783,0.1219106,0.03952755,-0.4862864,-0.04140502,-0.1071575
0.3155508,0.7051936,-0.2403544,0.1483727,0.06974656,0.3675897,-0.4472125,-0.2549075,0.1211192,0.09637477,-0.3567518,0.01598682,-0.1981265,0.3816952,-0.4961046,-0.381188,-0.03342042,-0.1995657,-0.03248206,-0.2874306,-0.02740866,-0.3684609,0.1864719,-0.04294511,0.04555157,0.7297029,-0.07025188,-0.4742054,0.2017735,-0.07248914
-0.03028477,0.3709728,-0.01009221,0.1253666,-0.2782654,-1.484488,-0.04217006,-0.09542494,-0.5103011,-0.01800014,-0.008046169,0.03056996,0.8295884,-0.00947068,-0.4778489,-0.005987122,-0.1273628,-0.04242749,-0.1759791,0.3201103,0.1089404,-0.0006035845,0.6405375,0.3859411,-0.00021409,0.7255493,0.5488971,-0.2618933,0.1637407,-0.07226698
0.2084493,-0.01522879,0.2860017,0.4997473,-0.04535844,0.01287939,0.001427206,0.1207569,0.08944507,-0.1573598,0.0002525703,-0.710117,-0.03748554,-0.3023666,0.3693195,-0.1035865,-0.06560928,0.4421327,-0.2313005,-0.2448688,-0.05034095,-0.09929407,0.4851536,0.08496672,0.009974926,-0.1042755,-0.1064009,0.1051596,0.2978098,0.443599
0.2333224,0.3728718,0.02945453,-0.03217842,0.129176,0.05241793,0.1824775,-0.491699,-0.2345484,0.392164,-0.1031458,0.3849559,0.135002,-0.3872832,-0.08574521,0.5265188,0.1659434,0.06653672,0.8680369,0.2844573,0.3480507,-0.1085196,-0.04796976,0.4630057,-0.2156723,0.1821781,0.01053712,0.2882711,0.06741792,-0.0447976
-0.2280056,-0.2665349,0.4033577,-0.1404164,0.1428439,-0.04734545,0.0007714366,-0.4955812,0.1431743,-0.06273192,-0.4096181,0.0124001,0.1185258,0.2605367,0.5845929,-0.05694517,0.3831147,-0.05793383,-0.1228252,0.2798208,0.7574946,0.232241,0.6958594,0.06299978,0.06879225,-0.2324308,-0.07043499,-0.2490374,-0.01215046,-0.2436785
-0.06517412,-0.1056716,0.1660139,-0.1440844,-0.3842307,0.2855878,-0.1023569,-1.641566,-0.2293091,0.0005409659,0.1159153,-0.2260921,-0.03779608,-0.004412669,-0.03807472,0.1563506,0.0430261,-0.2817919,0.2623531,0.2203832,-0.1029349,0.7698591,-0.08782589,-0.1266167,0.09281124,-0.1091376,0.005510747,-0.1466452,0.01616059,-0.04612445
-0.1060658,-0.3694179,0.3385724,-0.4113227,0.04918104,-0.1266063,0.4946366,0.4324331,1.59686,-0.3950361,-0.1998648,0.001007598,-0.1499127,2.018227,-0.1638781,-0.7424426,0.8005479,-0.04911827,-0.3704112,-0.01204148,0.3937119,-0.5383725,-0.1584002,0.253767,0.01581816,0.002815367,-0.3047234,-0.3341113,-0.4870394,0.1628102
0.4984237,-0.1412111,0.3455338,0.0347864,-0.1464272,-0.3467726,-0.1679729,0.3009354,0.624118,-0.2207159,-0.1746074,0.03983015,0.2029229,0.5353777,-0.3391852,-0.05152913,0.5217518,0.3051406,-0.1718031,-0.1621671,0.2635286,-0.3769946,0.4934875,-1.040466,0.5137104,0.2267773,-0.8291046,0.0529477,0.0129183,-0.2007751
-0.0775699,-0.3539295,-0.1443296,-0.3010176,-0.008139499,0.4505994,0.1993384,0.05660123,0.0325967,-0.4189855,0.03716644,-0.03575452,-0.2615457,0.5455528,0.6871727,0.1793577,0.1750069,-0.1699601,0.3521978,0.02302279,0.1869091,0.2981426,0.07991597,0.001542956,0.0006287324,0.2983366,-0.218217,-0.2512512,0.4104863,-0.393283
0.07814246,-0.2948547,-0.2559922,-0.7978353,0.08187431,0.07180208,-0.08908588,0.4649878,-0.03819209,-0.01232606,-0.2932736,-0.07751361,0.04257295,-0.3576205,-0.05676295,0.3134973,-0.07449013,-0.4375579,-0.3583791,0.3703484,-0.2294861,0.2905277,0.06931152,-0.2888733,0.01271114,0.294424,-0.6214609,-0.06062699,-0.4794024,0.4902456
0.07477172,0.0259279,-0.4009298,-0.4312338,-0.0431357,-0.3674539,-0.01087324,-0.3597168,-0.2248135,0.4152966,0.2701168,0.909413,-0.7846168,1.79964,0.4557546,-0.000770616,-0.707354,0.3552444,0.3730351,0.2574478,0.03515773,0.4737546,-0.02469967,-0.4689164,-0.08965803,-0.08948272,0.01012899,-0.5020778,0.1296234,0.4656752
-0.09495878,-0.3102954,-0.3902654,0.01885734,-0.3765092,-0.02177757,-0.3676657,0.4730193,-0.1050131,-0.05748063,-0.09934035,0.1652314,0.09935042,-0.1838683,0.002062767,0.2628329,-0.01349288,0.2227103,0.003069052,-0.001981138,-0.2351648,-0.1491892,0.2168175,0.4866138,-0.0009046384,-0.207195,-0.07882005,0.6068147,-0.08750302,-0.2447865
-0.4566031,-0.04366785,-0.126828,-0.3762892,-0.2348781,0.2993248,-0.01827237,0.2659826,-0.3368089,-0.0008666603,-0.1372816,0.2241242,0.4425604,0.2437571,-0.7399404,-0.002915072,-0.02598763,0.0444414,-0.4533393,0.3231425,0.1062202,0.2602028,0.1665587,-0.01131314,0.4059935,-0.2159873,0.01843793,-0.002161351,-1.403505,-0.06889278
-0.1623306,-0.3434223,-0.4840343,-0.7704345,0.01585568,0.0373804,-0.04260473,0.3345892,0.02717883,0.355487,-0.02245758,-0.2199242,0.6389428,0.4316494,-0.377669,0.09511085,-0.1849332,-0.5451943,0.06300408,-0.004317479,0.5608739,0.4166056,0.4133157,0.0001511203,0.2445274,-0.32839,0.003081656,-0.4157524,-0.4302038,-0.07800609
0.5422024,0.1318893,0.8885679,0.0512692,0.01641545,-0.2997169,-0.2335542,1.009012,0.1216808,-0.1917369,0.01533037,0.8248574,-0.323585,0.5424168,0.03007434,-1.504423,0.9414937,-0.007540052,0.9844848,0.08929986,-0.2944838,-0.3583456,-0.06660539,0.3068158,-0.7374049,-0.08379566,0.5476168,-0.1436404,0.1125754,-0.279431
;
-1.533213,-0.03233308,-0.06139225,0.04206973,0.001648571,-0.2520403,0.1222361,-0.1048137,-0.07752392,-0.02375311,0.002065685,-0.2625859,-0.03154504,0.1147282,0.01901268,0.0001557978,-0.244497,-0.09028208,0.2457361,0.1572475,-0.02825677,0.552514,-0.02825648,-0.2197051,-0.4759781,0.005004775,-0.01086408,0.6768566,0.1317099,-0.06783125
0.2404811,0.04941342,-0.002240862,-0.3411382,-0.4931084,0.06024975,-0.3319517,0.1591778,0.0415842,0.2562481,0.1379538,-0.308863,-0.0001715232,-0.06190878,0.2068665,0.1983735,-0.1573882,-0.0877232,0.1652018,-0.1626728,-0.0933766,-0.001480039,0.07803092,0.4837569,0.5784569,0.0353526,-0.05687672,-0.4583629,1.140738,-0.3482558
0.3323602,0.2999322,0.02306789,0.1421572,-0.4504467,-0.1941786,-0.001202832,-0.07854851,-0.3789876,-0.2799884,-0.1884531,0.3043132,0.04100277,0.4313463,-0.2385354,0.7949663,-0.03264702,0.03625564,-0.08060356,0.0231406,-0.2349449,0.4614972,0.2974595,-0.46461,-0.01002592,-0.6336823,0.01320141,0.1233516,0.216034,-0.2595816
;
