-0.4768448
0.1781816
-0.1326144
-0.2531772
-0.01473458
0.03288585
-0.183485
-0.1561992
0.4724691
0.1739749
;
-0.4837942,0.2340815,0.8339859,0.1475392,0.01086246,-0.05860573,-0.3350068,-0.3312378,0.1100235,0.08646964
-0.1935143,0.01201992,-0.009140409,0.1251689,0.04125809,-0.2150582,-0.129363,-0.07212359,0.2951915,-0.1505796
0.2096698,-0.3818887,0.4785815,-0.01550275,0.001712131,0.4784118,0.4804953,0.0313259,0.07065183,0.3084685
0.1310899,0.07588274,0.3280757,-0.1146448,0.1085246,0.2275865,-0.1223918,0.09540325,-4.859498E-05,0.03233418
0.09524582,0.04018401,0.07417875,0.4472133,-0.04930692,0.04606646,-0.0739755,-0.2769599,-0.04943882,-0.1565271
-0.002021504,-0.6063233,-0.3142338,0.04423168,-0.2921773,-0.2102415,0.1228885,-0.2657326,-0.1472375,-0.06470767
-0.02495913,-0.209706,-0.2818248,0.2413658,0.1258305,0.1155638,0.4144861,-0.008528314,0.01498634,-0.4955962
0.1446912,0.0008044821,-0.3163254,-0.05004007,-0.2218422,0.002751052,-0.3529502,0.01681708,0.008507669,-0.2619668
-0.1041291,0.2626056,-0.0003425064,0.0162892,0.439787,0.174356,-0.1662425,-0.134005,-0.405852,-0.002625089
-0.5112756,0.6512137,0.05640366,-0.2871822,-0.4371682,-0.2976135,0.1608953,0.1588342,-0.2886129,-0.2977672
;
0.0003170363,-0.06778139,-0.09837584,0.001106311,0.2361916,-0.2201564,-0.01113259,-0.7425427,-0.3283113,-0.001894608
0.4039851,0.2019794,0.11092,-0.2419724,-0.3802522,-0.4412358,-0.04014048,-0.18815,0.04108077,-0.3694135
;
-0.01606106
-0.780682
-0.432857
0.07684841
0.1788504
-0.02772778
0.03456836
-0.1487459
-0.3431782
-0.02133068
;
-0.09757961,0.09122614,-0.1492393,0.001785003,-0.276731,-0.0001700252,0.6791979,-0.3286998,0.09151373,0.437588
0.1228614,-0.4963819,-0.1827738,-0.4816434,-0.00673359,0.3321283,-0.4890524,0.01213344,0.08998626,-0.02876569
0.09459942,0.1595232,0.1584769,-0.1483547,-0.3852493,0.2288296,-0.4748052,-0.1373869,0.5656382,-0.6524592
-0.3687487,0.08969248,-0.5062597,0.02794101,0.002743879,-0.3748602,-0.4753835,0.4670319,0.3460703,-0.06446725
-0.4933207,0.2353444,0.07210237,1.241633,-0.1020795,0.07427245,-0.1744887,-0.03088856,0.02916588,-0.3426942
-0.1368707,0.005541697,0.00165269,0.1296422,-0.03225366,0.004408993,-2.843889E-05,0.0098238,0.09037759,-0.005437644
0.0002931507,-0.05401962,-0.000380658,-0.0002275159,0.4664392,-0.4220332,-0.3222064,-0.282756,0.266309,-0.001787112
0.08604287,-0.0253179,-0.09214228,0.09588988,-0.4870035,0.1928708,0.4790778,-0.005427017,-0.3374583,-0.05399087
-0.06199974,0.1802739,0.2120301,-0.03538893,0.00134885,-0.023264,-0.01602497,-0.1149702,-0.6334732,0.1521122
-0.82843,0.128085,0.2191541,0.4049855,-1.733238E-05,0.06769125,0.01084191,0.2030865,-0.06206238,-0.2633264
;
-0.3121164,-0.0009261842,-0.2247699,0.0138058,0.1598679,-0.07304756,-0.4742293,-0.0007701572,-0.2147412,-0.1758701
-0.1210965,0.4930269,-0.4791646,0.1025963,0.006286026,-0.08788947,0.03519855,0.6465566,0.2064983,-0.02573724
-0.2118617,-0.01658512,0.2822921,-0.0001732142,-0.177218,-0.05321962,-0.3242496,0.05700165,0.1753161,0.186645
;
