-0.01178402
0.3129191
-0.5755597
-0.308218
-0.0009224173
-0.4842882
0.002714096
0.02736869
0.6805426
-1.204485
;
-0.0543822,0.00854513,-0.08940643,0.1725701,-0.01461123,-0.6204674,0.0617109,-0.5827927,-0.09877175,-0.05172918
0.0239136,0.00672301,0.3862392,0.01532871,-0.46543,0.1390178,0.006810801,-0.03312141,0.07381313,-0.5489212
0.348099,-0.1652184,0.4029392,0.001229697,0.2377073,-0.6535864,0.3869941,0.471039,0.109394,-0.1991573
-0.2463035,0.04494517,0.03052749,-0.07269169,0.1923516,-0.01258641,-0.08755424,-0.00452263,0.3480527,-0.2179034
-0.1334822,0.02166232,-0.6939949,0.03058325,0.252237,-0.01434467,-0.1704531,-0.6461946,-0.3034877,-0.2571826
0.3174238,1.305102,0.2525827,0.2183803,0.06683248,0.4845912,-0.01527399,0.03607914,0.4872695,-0.01146764
-0.06971443,0.07955109,-0.1193703,0.4778081,0.06629325,0.4582533,0.2401364,-0.4405312,-0.06040555,-0.3006434
0.191157,0.1771978,-0.277555,0.1168346,-0.03722932,-0.05311531,-0.3579586,-0.03292841,-0.2778578,0.4742297
0.04789158,0.06708425,0.000210828,-0.06986767,-0.02866975,-0.3598951,-0.01444122,-0.0843062,0.1464456,0.2197281
0.05440561,0.2776403,-0.006741714,-0.3898808,-0.00605542,0.2251528,-0.07659383,-0.04222388,0.08730462,0.1228386
;
-0.003934801,-0.1322697,-0.1643198,-0.6805013,0.64002,-0.1173081,0.06663606,0.01047041,0.1716853,-0.3319876
-0.4674224,0.6119336,-0.001931599,-0.4762422,-0.172026,-0.1938657,0.1618762,-0.01744096,-0.05770288,-0.01533836
;
0.02229504
-0.2124416
0.2375444
-0.1055086
-0.09395809
-0.2459475
-0.1746982
0.08132751
-0.3431782
0.01369121
;
-0.4975465,-0.09601171,0.1492393,0.1999982,-0.3982497,0.04851132,-0.05130702,-0.6212994,0.07909606,0.05470689
0.4119506,0.439526,-0.03242344,-0.04703309,-0.3556445,0.2595949,-0.02676288,-0.1483269,0.06516964,-0.01121121
-0.161656,0.2689204,0.2181156,0.1336091,-0.08065537,-0.0788459,-0.03990644,0.2054305,0.4614618,-0.178034
-0.0004748879,-0.06241995,-0.2293848,-0.2214018,0.001585188,0.2519508,0.4324498,0.08911543,-0.4449805,0.04262853
0.5790398,0.3804266,-0.05189455,1.098381,0.02587861,0.1243729,0.213911,-0.04536957,-0.2518904,0.1690652
-0.1265455,-0.3372962,-0.002290951,0.1314238,0.1335153,0.2294329,-9.731053E-05,-0.01390466,0.09743696,0.5641452
-0.3251233,-0.1503907,-0.0003056601,0.695744,0.01167016,0.3201462,-0.1814067,-0.4801211,0.06405073,0.002125189
0.07158325,-0.3119242,-0.149931,0.06606103,-0.4480797,-0.2448794,-0.7016516,0.4007111,0.02220851,-0.4111554
0.07355589,0.08452062,-0.3392196,0.1604263,0.0007813607,0.2914829,0.01974908,0.1711344,-0.08911388,-0.1426959
-0.3099982,-0.4148208,0.2708142,-0.6565723,-1.733238E-05,0.01388448,-0.003363626,-0.1407226,-0.7905486,-0.4434257
;
0.594583,-0.09475762,-0.3638913,0.003385423,-0.06707427,-0.08648359,-0.05808419,-0.05458581,0.4106386,0.007107198
-0.4622207,0.5968326,-0.3522553,0.08041745,0.00863996,-0.06368977,0.1666922,-0.3988955,-0.4825046,0.04388247
0.2720853,0.4810146,-0.3009889,-0.1090992,0.006532233,-0.05321962,-0.2954599,-0.1083378,0.3283783,0.00123436
;
