-0.2219035
0.05034584
-0.0837141
-0.4855996
0.4723047
-0.1286373
0.4560946
0.2959985
0.3446774
0.1592886
;
-0.2459465,-0.4394888,0.196599,0.01602,-0.08905393,0.1640591,0.4450126,0.4043015,0.2707806,-0.1139221
0.03602463,0.4812562,0.3936437,0.1873714,-0.1298125,0.005655706,-0.1485552,0.1000296,-0.469111,0.1982338
-0.1268085,0.2352943,-0.2173048,0.2304848,-0.4555269,-0.2156785,0.4712518,-0.1004366,-0.04844195,-0.03079051
-0.4027208,-0.07452542,-0.3218135,-0.4655355,-0.4749284,0.3971393,-0.4728361,-0.2505388,0.1095302,-0.3886925
0.193956,-0.4527218,-0.2281139,-0.09516498,-0.2430812,0.2667713,0.2571765,0.2888871,-0.03855437,-0.21841
-0.3512034,0.3307128,-0.3886691,-0.4992964,-0.4297307,-0.4635764,-0.1186314,-0.09694582,0.4270762,-0.2071646
-0.3555597,-0.05615133,-0.135735,0.2510411,-0.3241454,0.1612638,-0.4899031,0.07735091,0.1079332,0.1356184
-0.04997379,0.4408263,-0.1358796,0.09965509,-0.1009666,-0.413113,0.4025259,0.05782801,0.3821243,0.4720976
-0.3236195,-0.01499552,0.6370751,-0.08243078,-0.4769,-0.1435944,0.3246174,-0.3629781,0.365695,0.05184823
0.4018698,-0.2948055,-0.2878146,0.192103,-0.3268806,0.1444895,0.1421853,-0.3913194,-0.1467624,-0.3054359
;
-0.3313011,0.1934365,-0.09568673,0.15433,-0.3161094,0.1769919,-0.362506,0.446926,0.22066,0.09950608
-0.211963,-0.001646459,-0.465212,-0.0008146167,-0.4168934,0.2845838,-0.1213891,-0.2035198,0.4895332,0.09554356
;
-0.2855482
0.4311025
0.1756397
-0.4517893
-0.2031521
0.09099112
0.3568794
-0.2699187
-0.4910478
0.3695644
;
0.1102615,0.003692091,0.2934242,-0.7174773,0.8048589,-1.398119,-0.5108159,-0.2198567,0.3593072,0.4735065
-0.3263131,-0.4172821,-0.1437809,0.01242281,-0.236526,0.003640907,-0.1990084,0.3396521,-0.1522492,-0.00288837
0.01513594,0.1496971,-0.4918062,-0.064528,0.1595635,0.7753156,-1.71263E-07,0.4931829,-1.360494,0.1901609
-0.3935213,-0.02917964,2.20674E-05,-0.1889242,-0.2011,0.07686454,-0.01191829,-0.1871234,0.03004548,0.4568602
0.01638199,-0.4353218,0.1557857,-0.1093522,0.3354737,-0.007547192,-0.0003264666,-0.1514632,-0.1390395,-0.006859765
0.01562456,0.04117664,-0.06772071,-0.1624206,0.6294519,-0.041424,-0.1029205,-0.02971584,0.07770735,-0.1584079
0.4316113,-0.002861463,0.0006676591,-0.4124337,-3.144275E-05,0.1514203,1.37441,0.4028367,-0.0593149,0.4297632
-0.2904443,0.1101278,0.0224579,0.005588027,0.0003425617,0.04862398,-0.07408534,0.03916143,-0.001391285,0.01308361
0.006602585,-0.01192314,0.0291472,-0.02934033,-0.291818,0.5454068,-0.3172492,0.321173,0.02505493,0.05848199
-0.3367077,-0.01517214,0.07530174,-0.1414517,-0.8105426,0.01897655,0.1476658,0.2870493,0.2783525,-0.3358934
;
-0.9660912,-0.3414344,0.1080309,-0.001991739,0.1652061,-0.006245875,-0.1378838,0.002635065,-0.4471666,0.01745529
0.2937959,-0.1302288,-0.4176068,-0.2644298,-0.04892223,-0.006981427,0.2243235,-0.04720028,0.1030482,0.4201953
;
-0.003493831
-0.3194629
0.2150361
-0.02785662
0.06851218
0.3215331
-0.434837
0.06330627
0.005454213
-0.3311075
;
0.3332713,-0.44067,0.05412457,0.423803,0.09285594,0.1846239,-0.02537795,0.1137156,-0.07062409,0.1252782
0.01583079,-0.217213,-0.2840276,0.03487808,-0.01506206,-1.035383,0.3481495,-1.183163,0.305779,0.03863775
-0.3614043,0.1794742,-0.4818816,-0.04631107,0.2789139,-0.01967257,0.40412,-0.2931849,-0.4612508,-0.4011201
-0.1910393,0.008830537,-0.542235,-0.790261,0.0006614682,0.05395125,0.1823252,-0.03951071,0.009631863,0.1877746
-0.106997,-0.3123428,-0.4372582,0.002324081,-0.02650994,-0.3445143,0.01120492,0.1058821,0.1268753,-0.1486269
0.3101789,-0.1896997,0.1365308,0.4907173,0.8116452,0.2343177,-0.305647,-0.2694843,-0.3010177,0.5417959
-0.06694416,0.05578677,0.06747323,-0.01764874,-1.144138,0.1398715,0.007397115,-0.6237378,0.6314698,0.3277111
-2.254574,0.07615443,0.01688962,0.08197552,0.1178827,-0.1666345,-0.2224829,-0.01599999,0.02775616,-0.9591468
0.01909679,-0.3750197,0.002190393,0.01111634,0.01660365,-0.001586939,-0.1294525,-0.1262393,0.09673375,0.00338817
0.1616154,-0.07393318,-0.1379679,0.1704314,-0.2702457,-0.01555122,-0.2903102,0.2067669,0.4664669,0.009797481
;
-0.5766302,-0.006179823,0.4965142,-0.1688786,-0.3768629,0.7029492,-1.159847,-0.1512085,-0.2794026,-0.06617055
-0.3688342,0.009865862,0.4032486,0.117535,0.08693731,0.4355668,-0.009391801,-0.04108888,0.09328884,-0.4990453
0.4451998,-0.1291125,0.08695556,-0.0598216,0.0001413716,-0.01458945,-0.3648808,-0.1286125,-0.1262555,1.976741
;
0.06222028
-0.01390988
-0.04370397
-0.08252567
-0.01121563
-0.00520712
-0.1052579
-0.06710809
-0.3378347
-0.01422782
-0.2500098
-0.05399782
-0.4407619
-0.1937681
0.1861918
-0.009551139
0.02465573
-0.1819981
0.03900681
-0.07640763
0.1425391
0.2603494
0.3962187
0.2685614
-0.04181638
0.3372146
-0.1393412
-0.0003355765
-0.06519838
-0.9779321
;
0.3399448,-0.3398714,-0.7225626,0.3387317,-0.02673033,-0.1797453,0.01135583,0.3019227,0.1748033,-0.3048087,0.2315407,-0.4337075,-0.2854539,0.03005684,-0.5801913,0.3563976,-0.3902856,-0.2662802,0.2513297,-0.3594966,-0.08211972,-0.01475741,-2.027095,-0.00419986,-0.4751058,0.06129584,0.06904203,-0.4015795,-0.266938,0.4153177
0.09490368,-0.2993371,-0.772119,0.2266442,-0.3758196,0.1556762,-0.2056041,-0.02862734,-0.1389379,0.0858007,0.02810464,-0.2399443,-0.3116292,-0.3916259,0.1478132,0.1479521,0.286759,0.1344887,0.0163975,0.0827527,-0.1084909,-0.02655886,0.3404557,0.3097918,0.4607038,-0.1939967,0.05839683,-0.06195268,0.02243885,-0.03195546
-0.5285488,-0.301649,0.1327293,-0.4289771,-0.05497221,0.5667036,0.391434,-0.1411141,-0.4715297,0.4472277,-0.5300869,0.4100169,-5.935682E-05,0.1980895,-0.730122,-0.4415532,0.05467974,0.008015454,0.4198742,0.165631,-0.00239197,0.855123,0.03096634,-0.4741237,0.1618907,-0.4428928,0.1176806,-0.4006435,-0.4815762,0.2937363
0.04067473,-0.324308,0.3589048,0.07569123,-0.01704052,0.43071,0.1178458,-0.2007168,0.06829208,-0.001298471,1.116492,-0.3061507,-0.2511572,0.01059171,-0.4126189,0.6634609,0.02083679,0.1208021,0.07430182,0.4002014,0.464306,-0.1350929,0.3327099,-0.2863847,-0.1270451,-0.1330766,0.4526241,0.1224887,0.05432159,-0.4577053
-0.5030048,-0.04635732,0.01594803,-0.4343331,0.3311712,-0.1483666,0.2963418,0.2434261,-3.841672,0.3533682,0.3880552,0.02528816,0.1152864,-0.1457263,-0.05308907,0.05491218,-0.06944229,0.08910362,0.0246649,-0.268956,0.4415016,-0.03393656,-0.1536129,0.2887795,0.1265057,0.1893688,0.00560474,-0.04097332,0.4301877,-0.01667332
-0.09010922,-0.2142972,-0.1316369,0.1726838,-0.001026677,-0.1724447,0.02091282,0.2988844,0.4949658,0.04391685,-0.3391815,-0.2257664,-0.09265257,0.02263635,0.4950156,-0.02584711,0.04242245,-0.1045661,-0.04992098,-0.5340475,0.05338794,-0.4163158,0.1585188,-0.2936541,0.4992244,0.1189149,-0.2272883,0.1504479,-0.2651118,-0.04029882
-0.2024639,-0.701447,-0.02708058,-0.02276833,0.3274291,-0.2261371,0.4643935,-0.1296973,0.4441617,-0.2220359,0.7075945,-0.1430156,0.4204813,0.1561811,0.2583722,-0.1280286,0.1710874,-0.264338,0.01956013,-0.03216442,-0.02274664,-0.0433286,-0.1291455,-0.8782787,0.7734495,0.02705742,-0.003041208,-0.00564152,0.2272367,-0.2879857
-0.1510159,-0.004285126,-0.1226651,-0.01519236,0.4482928,-0.1693573,-0.484066,-0.3513528,0.008079685,0.1244381,-0.4408251,0.1575627,0.1471533,-0.006573683,-0.9654445,0.8434486,-0.004063538,-0.4466742,0.3414959,-0.009491876,0.0117902,0.1472642,0.4742666,0.03382088,-0.002844553,-0.002070721,-0.06017891,-0.04801936,0.1998943,-0.01378615
0.4551712,0.06679162,0.4351646,0.0004582717,-0.003476259,-0.2193075,-0.02193483,0.4406705,0.2343426,-0.1312886,-0.1926221,1.99427,-0.0100711,-0.2485902,0.02700253,-0.399307,0.4598856,0.4725715,-0.04061138,-0.08191433,0.2834697,-0.00221153,-0.02951425,0.1571386,0.5242313,-0.03768943,0.4685526,0.005735445,0.4181101,0.2553715
0.04168628,-0.006363243,0.2391902,-0.01834269,-0.01543851,-0.2899964,-0.1103759,0.09743196,-0.2610108,-0.02848142,0.1736542,0.1149264,-0.3704035,0.7366456,-0.07659151,0.04466087,0.1127588,-0.1520963,0.4026417,0.3208847,-0.4955954,0.107906,-0.4815627,0.2126292,0.04285691,0.2783881,-0.001234124,-0.5572588,0.1574794,0.232842
0.03345989,-0.660198,0.1900935,-0.2349361,-0.06743835,-0.4260917,0.009075419,0.2645001,0.3479046,-0.1347852,0.2760448,0.7385328,-0.198745,0.088492,-0.1013252,-0.00718006,-0.2770072,-0.03927883,0.4190167,0.0049998,0.3864675,-0.335982,0.4458498,0.006916591,-0.117753,-0.3103377,0.0751445,-0.09904385,-0.09940299,-0.001237871
0.5816637,0.08892389,-0.385801,-0.1674998,0.3273584,-0.002591049,-0.6554705,0.01284634,0.2714587,-0.06746914,0.3006538,0.1145866,0.008991539,-0.01487465,0.412308,0.02690773,0.296268,0.151599,0.9956775,0.1591078,-0.1958029,-0.3266466,-0.6381475,0.1242817,0.3261765,0.4392682,-0.1757896,-0.1936513,-0.324591,-0.03065725
0.1660828,-0.01899775,0.4142403,0.04667018,-0.247172,0.05962199,-0.005053561,-0.3682756,0.03965496,-0.2284651,-0.0004610636,0.2259644,-0.1622483,3.471177E-05,0.6404749,-0.01734793,-0.0561977,-0.03240394,0.313794,-0.3731549,-0.452547,-0.1228291,0.168582,0.3431481,0.001987902,-0.0006748938,0.5522236,-0.4312233,0.4825,-0.2016873
-0.4667352,0.1447081,0.1502019,-0.07091028,-0.07949664,0.04014896,-0.05038732,-0.3427309,-0.07611206,0.3210007,0.009652915,0.04333645,0.07296735,0.6212748,-0.04092606,0.02566533,-0.01257611,-0.3792384,0.3521343,-0.05096626,-0.02051824,-0.1359435,0.4094893,0.4902876,-0.1249847,-0.130057,0.005448928,0.2581848,-0.2420532,0.04815501
-0.1211668,0.03134814,0.7840192,-0.06843822,0.06510307,0.4586024,0.02154559,0.1813215,-0.522927,-0.2398816,-0.1878891,0.4741935,0.08461732,0.1680144,0.2104252,0.1030155,-0.7179756,-0.003586716,0.5712552,-0.4178612,0.002008869,0.456682,0.01733098,0.008866092,-0.1611418,-0.2218576,-0.04985255,-0.01100281,-0.1306197,0.1377514
-0.06995161,-0.1031179,0.01888692,-0.2829841,0.1477111,0.4112119,0.007987537,-0.06422419,-0.04014686,0.2579451,-0.02897432,-0.1312159,0.1025093,6.284891E-05,-0.1577542,-0.4354182,-0.02097622,0.03215461,-0.1909396,-0.007124669,0.3881034,0.005013049,0.1322874,0.1150625,0.2301582,0.5340983,1.079988E-06,-0.01035297,0.08400638,0.4210776
-0.1633999,-0.3961996,-0.7170489,0.2395964,0.02331717,0.07703114,-0.273476,-0.3269005,0.1061305,0.002484869,-0.04847572,0.003536645,0.0002706184,-0.9942369,-0.1703953,0.5810136,0.6669391,0.2598139,-0.07939869,0.2352584,0.0001628471,0.05743641,-0.3067337,0.3029754,-0.2115052,-0.4967149,0.1468698,0.429655,0.514071,0.4192772
0.07941019,7.676549E-07,-0.08638227,0.1039162,-0.5123728,0.08366474,0.008550739,-0.3830334,-0.0205442,-0.1344514,-0.3221508,-0.3914261,-0.002453524,0.1203247,-0.1905661,0.1870952,0.08311148,-0.122735,-0.1702688,0.4787444,0.001838487,0.001271069,0.1052245,-0.4750675,-0.491698,4.558852,0.4391454,-0.0004308061,-0.04191815,-0.3261054
0.05744856,0.4098419,-0.1160936,0.4713609,0.302812,-0.1387665,0.8563093,0.1163982,0.3577535,0.5752914,-0.1050785,0.4352367,-0.1649572,0.005157009,-0.5083392,0.2207018,0.08541751,0.4056542,-0.01879905,-0.8645055,0.1959115,0.4528964,0.3727732,-0.1593959,-0.06576794,0.3326083,0.02677885,0.3534046,-0.2469429,-0.0028568
-0.004322831,0.1472477,0.9348118,-0.2003028,-1.495016,-0.2633359,-0.03524872,-0.3356348,-0.4329394,0.228065,0.0273375,-1.044659,0.1887334,0.02143611,-0.01064673,-0.8201442,0.6585748,-0.1246788,0.09570588,0.0002777656,0.1921166,0.4835315,0.02187628,0.2489621,0.3836368,0.1023931,0.3526365,-0.06668384,-0.09946924,-0.3305397
0.3481004,0.1975084,0.0179338,-0.245521,0.03773702,1.565303,0.7469057,-0.0155853,-0.2929831,-0.1720096,0.1515089,-0.0644265,-0.07740621,-0.2012797,0.008771122,-0.003553331,-0.1439359,-0.3465872,0.02903107,-0.02469123,0.6975086,-0.7473211,-0.3467421,-0.01627935,-0.03981113,0.06852376,-0.004490684,-0.4166859,0.03170604,0.4390845
-0.02881351,0.164618,0.03542885,-0.3686796,0.02784612,-0.1174637,-0.9572509,0.01413649,-0.0007987418,-0.8761092,-0.004506077,0.8159876,-0.006855618,-0.4924778,-0.04579783,-0.00158418,0.4162198,-0.1621962,0.3051699,-0.01516689,0.2182474,-0.01176253,0.03408557,0.1893658,-0.01007198,0.1002113,0.07012115,0.5858521,-0.07226998,0.4020554
-0.06816337,-0.1739067,0.06437561,0.01705117,-0.2317378,-0.01503271,-0.3089126,-0.103142,-0.008989632,0.08945996,-0.003484572,-0.092345,2.971983,0.02785843,0.0004447448,-0.2338877,0.06084668,0.03376408,0.3414604,0.1268612,-0.004460094,0.2628942,-0.3099492,-0.08659918,0.02353485,0.08408885,-0.2883897,0.0004536073,-0.0009946616,0.1854052
-0.03913768,-0.3832418,0.253589,-0.6284696,-0.1613243,-0.02394754,-0.2115224,0.02283127,-0.1272014,-0.01958812,-0.009908023,0.1274271,0.00199755,-0.159709,0.4947711,-0.02328561,-0.2320492,-1.125477E-05,-0.2440439,-0.04129606,-0.331561,-0.02787501,0.03228952,-0.02053851,-0.4142747,0.4913187,0.05163326,0.2137759,0.07775087,0.3295553
0.1486203,-0.04167217,0.3895308,0.195786,2.713384E-05,0.410044,0.2619697,-0.000633847,0.0005813241,0.2539308,0.008480525,0.2132332,0.08543921,-0.0001725917,0.02541239,-0.1338129,-0.09315488,0.1076548,0.2605298,0.1148139,-0.2263548,0.1592405,-0.331476,-0.07047899,0.4531605,0.9024826,-0.2351945,0.02346477,-0.02504724,-0.1267133
-0.2016312,0.007910356,0.1794987,-0.153647,-0.002296237,0.5390189,-0.1552329,-0.09048229,-0.2909912,0.3858705,-0.3260671,-0.2634691,-0.05732304,-0.3854482,-0.001157701,0.03777689,0.4580095,0.4130765,0.007670976,-0.234376,-0.3209029,0.02632222,-0.1229835,-0.314785,0.08637315,0.318826,0.3620285,0.00302216,-0.002195851,-0.1135206
-0.4292775,0.05173498,0.0626276,-0.9704618,-0.2300346,-0.3064649,-0.5253553,0.001120101,-0.2698339,-0.4049851,-0.4186126,0.6148723,0.2118139,0.04473081,0.2785757,-0.06614572,-0.2398085,0.2111048,0.2933189,0.4052482,-0.05405251,0.4787699,0.1534466,-0.3767942,-0.08029789,0.3557264,-0.1153279,0.02587052,-0.2516334,-0.006642001
0.2614856,0.3228757,-1.10289,-0.4332749,-0.2754855,0.07915823,-0.2582556,0.2106507,-0.4504434,-0.01457886,-0.04834177,-0.3871863,-0.31697,-0.4709461,-0.03750306,0.00190873,-0.5598277,-0.3985223,-0.1621576,0.01182894,0.003770649,-0.370212,-0.4357187,-0.9907209,-0.1302838,-0.06398484,-0.5862449,-0.08807016,0.4278535,-0.003362973
-0.01953965,0.003808401,-0.1550784,0.4486753,0.1899967,0.1164009,-0.1138219,0.1389931,0.5615489,-0.01748586,0.371509,0.3543559,-0.03236169,0.0790915,0.01165006,-0.164689,-0.246868,0.08486774,0.1167368,-0.4703648,-0.4662368,0.1330042,0.006836398,0.03146935,-0.3644155,0.003344118,-0.3643926,-0.6019416,0.09725701,0.004109784
-0.2888174,-0.0007892626,-0.008285103,-0.2247587,-0.01362592,0.019134,-0.2808127,0.01309195,-0.4291131,0.06340946,-0.01939543,-0.07862902,-0.0007799268,0.1973216,-0.04711408,0.01259201,0.02114326,0.208573,-0.008512924,-0.1649427,0.4606864,-0.1783649,0.2361966,-0.9619467,-0.04388253,-0.009233185,0.467101,-0.01150085,0.5963563,-0.3173981
;
-0.8139252,0.03957432,-0.1168784,0.3173356,-0.1638993,-0.01545814,-2.288482,-0.003122151,0.4627186,0.2135446,-0.01199129,-0.01653057,-0.3525965,-0.3220414,0.6608129,0.3119687,0.03174561,-0.1085214,-0.01410419,0.05189568,0.02914581,0.1849093,0.4739347,0.0001149058,0.09427482,-0.05301628,-0.04450875,-0.4747834,0.2048487,-0.2712896
-0.06655142,0.03076793,-0.4916744,0.0716239,0.06074915,0.1996897,-0.1919115,0.4076098,1.022127,-0.09869476,0.03185946,0.002307761,-7.439239E-05,-0.9272707,0.03154924,0.2642351,0.3105109,-0.01722879,-0.2634627,0.3930072,-0.1292942,0.1336222,-0.3058634,-0.0001397553,-0.440058,-0.00447287,-0.40681,-0.2524507,-0.1182566,0.3156231
-0.008231731,0.5858872,0.47864,0.003322089,0.4091024,0.0524237,-0.1735138,-0.1842116,-0.1448865,0.2949039,0.009710248,-0.001387739,-0.2488248,-0.3106264,-0.0077914,-0.1348288,0.007452212,0.07189345,-0.4718616,0.4498446,0.442238,0.369822,-0.2257493,-0.02236675,-0.1916642,0.01065867,-0.6362137,0.453216,0.04523331,0.04219973
;
-0.1730922
0.07509394
0.2702878
-0.01613921
0.0007242527
-0.5466768
0.2140168
0.4673157
-0.02767414
0.02297466
-0.2639315
-0.4803241
3.875527
-0.006362365
0.2029732
-0.04683903
0.3335947
-0.6165664
-0.2271777
0.3342278
0.3865328
0.1609679
0.0329454
-0.2261595
-0.4325589
0.5371907
0.4351556
0.4144156
0.6794013
0.3113114
;
0.02132147,-0.3675481,0.3083868,-0.2656156,-0.4492944,0.2574589,0.9465703,-0.357344,-0.3725448,0.4615877,0.4056451,-0.2926943,-0.4526008,0.5542561,-0.1456777,-0.001796083,0.09319251,0.06544278,0.4614022,0.2169359,0.2114817,-0.2322252,0.157885,0.4415739,-0.09544817,-0.02339763,0.1686681,-0.02778286,0.06864989,0.3189443
0.01525411,0.1402821,-0.1581415,0.169733,-0.0992433,0.2205101,-0.01312094,0.03845703,-0.2145302,-0.01030582,0.2779635,0.4326932,0.8395282,-0.01051062,-0.1590596,-0.3981767,-0.4118308,0.2915363,0.1352489,0.03138988,-0.5052398,-0.4285177,-0.04160005,-0.2647147,0.3648134,0.3303273,-0.04201151,-0.1318655,-0.3992222,-0.1153714
0.07957138,0.01304097,0.2148654,0.1680033,-0.0244304,0.02065279,0.07123302,0.2269745,0.3005981,-0.1101284,-0.0002747751,-0.04828187,0.4836796,0.3554038,0.2662359,-0.4706056,-0.05972759,-0.002447733,-0.3187685,-0.2238219,0.2477501,-0.0001777388,-0.04914998,-0.0980894,-0.05716608,0.05223637,0.4170665,0.1752187,-0.007206057,0.527538
-0.3991651,-0.0364296,0.1949525,-0.312792,0.0116021,-0.2031067,-0.6952442,0.03663165,0.4690113,0.2150767,-0.01585733,0.2789441,0.2858118,-0.1347107,0.005021044,-0.0122842,0.01203196,-0.02396226,0.4885499,0.3403325,0.1792378,-0.9042045,-0.01745677,0.3617139,0.1313103,0.3981631,0.09193128,0.1454791,-0.02530558,-0.3914105
-0.1313991,0.2406226,0.4143794,-0.5102464,-0.02106338,0.09617549,-0.3082891,-0.001172156,-0.05522676,-0.3002808,-0.3631566,-0.1166127,0.02449263,-0.009264374,0.3308201,-0.06018167,1.230894,0.1949142,-0.8091896,-0.2499422,-0.4787065,-0.125935,0.002975421,-0.05956873,-0.2552008,-0.9596972,0.05240373,0.179628,-0.1306317,0.006154859
0.4189997,0.03548127,-0.4458025,-0.2017621,-2.346198,0.5038028,0.2400965,0.2776772,-0.2189122,-0.272076,-0.5588817,0.002125234,-0.2126542,-0.0009753745,0.1786068,-0.2170137,0.01349181,0.427158,0.1052639,-0.2820014,-0.2413231,-0.004990041,-0.0351739,0.03134205,0.2394169,-0.3999858,-0.4925402,-0.3460671,0.08855477,0.009209219
0.4633543,0.568598,0.7248018,-0.09699927,-0.2114809,-0.08234403,0.3638527,0.02446383,-0.1247812,-0.6426501,-0.006124897,0.3382483,-0.4365222,0.4587308,0.03606889,-0.3175176,-0.4576623,0.4289205,0.4217623,0.09077355,0.07598658,0.3668551,0.01363255,0.02026576,-1.305706,0.5570498,0.001395285,-0.03132839,-0.07463986,0.1792443
0.08226379,-0.1022896,-1.076532,0.3560607,-0.6241401,-1.395143,2.948641E-05,-0.02647478,-0.004682942,-0.07491673,0.2356531,0.3587434,-0.03629353,0.4795997,-0.1545727,0.02910477,0.5161749,-0.3734714,-0.3638048,-0.007314661,-0.2739365,0.2445446,-0.1707092,0.01508431,-0.08034609,0.2566506,-0.01667517,0.159256,-0.0105175,0.4157631
0.04576295,0.5872383,-0.429069,-0.1901443,-0.1589716,0.02942306,-0.4500424,0.1110282,0.3457654,-0.003379414,-0.2340718,0.2280011,0.3900538,-0.1460577,0.03050066,-0.2060463,0.234899,-0.1707405,0.4999639,0.1517775,0.1719577,-0.2082066,-0.251764,0.281605,0.0103219,0.3769534,0.01654547,0.00876574,-0.07169253,-0.3171962
0.0803021,-0.4717062,0.3631872,0.0519231,0.3760554,-1.029567,0.002131524,-0.4539924,0.5611771,0.1283581,-0.4261874,-0.0005670917,-0.766928,-0.09900898,0.03529394,0.08816653,-0.3186974,-1.434755,-0.4178985,-0.3460028,1.384755,-2.352134,0.3893569,-0.1632839,-0.1679153,-0.2947953,-0.3099187,-0.2728938,-0.285381,0.349743
-0.3938655,-0.1601761,0.4697676,-0.06108668,0.002784398,-0.00202666,-0.1549332,-0.03765029,0.003555874,-0.2144246,0.7368461,0.03615832,-0.1486907,0.3056722,0.1879152,0.4916928,0.002649831,0.02995021,-0.1248666,0.02987902,-0.1067355,0.2084831,0.5751721,-0.3053211,-0.2706857,-0.07845838,-0.1171229,-0.4311281,-0.3593791,0.02090394
0.03866929,0.02242576,-0.3845432,0.07724473,0.01452089,-0.2733725,-0.454286,0.3673345,-0.01418287,0.1901423,-0.124841,0.2886519,0.8121889,-0.3341311,0.3837723,0.4292169,-0.1685074,0.4642386,-0.001089519,0.3651152,-0.05582644,0.1106487,-0.09338377,-0.1985617,0.09820617,0.09874469,0.3167505,0.2718325,-0.5557522,0.0007225805
-0.1019418,0.01011579,0.05496336,-0.4962614,0.2527799,0.001528074,0.084825,0.463865,-0.9435239,0.07062732,-0.01883162,0.4709136,0.08489269,-0.3698102,-0.1466429,0.0251376,0.3176416,0.4539204,-0.03239458,-0.2640082,-0.07351748,0.19999,0.0002693496,-0.007022982,0.2907335,-0.2461296,0.0315228,-0.5336136,0.3994473,-0.07162572
0.1163598,-0.6377907,-0.04030797,0.2590562,0.2226907,-0.2614481,0.30209,0.2333737,-0.01921149,-0.3349475,0.1898967,0.573227,-0.4989432,-0.2318671,0.000225454,0.5264724,0.00487242,-0.01507951,0.2923186,0.2399517,0.4154205,0.4743582,-0.01475749,0.03552228,0.2245006,0.06985672,-0.172265,0.0682326,-0.1449356,0.02150715
0.0176592,0.1209105,-0.7134281,0.02464095,0.3231901,-0.4031041,0.1744467,0.801463,0.3206238,-0.005730556,0.001297923,0.00519088,0.04733283,-0.4389849,0.2314788,-0.04999441,-0.01086291,0.2662991,0.1603249,-3.521651E-06,-0.3766193,0.07648346,0.4746295,-0.1151566,-0.5936943,0.1304816,0.03236356,0.07216042,-0.04140502,-0.02690146
0.02731282,-0.2734325,-0.3011186,0.2731321,-0.5425537,-0.02518625,-0.3708205,0.1178841,0.3730819,-0.02263563,-0.1558179,-1.851821,-0.7348123,0.009643272,0.3238791,-0.007624124,-0.006235229,0.9299116,0.01070054,0.1842308,0.03114094,0.4925915,0.005368343,0.05109808,0.005644262,-0.2603428,0.3719995,-0.8050799,0.3693712,-0.1120984
-0.2382853,0.1422564,-0.4019967,-0.2419564,0.04696718,-0.4636326,0.3467783,-0.4297248,1.234381,0.1432824,0.0002623407,0.02382886,0.0006047993,-0.1775626,0.3848053,-0.0604014,-0.3693681,-0.3044538,0.3329822,0.3076147,-0.03946061,-0.09793061,-0.06591523,0.3793755,0.0004122429,1.587481,-0.4138153,0.4930689,0.001854877,0.3237317
-0.06189865,-0.3532549,-0.08912849,0.04667991,0.385186,-0.03818329,-0.1466059,0.3129009,0.4962674,0.1573598,0.3777864,-0.4520147,-0.08543,-0.7735738,0.01726917,0.1461587,0.04719323,0.03576273,0.374121,-0.3115239,0.04216665,-0.0242663,-0.004877691,0.0001020348,-0.02266675,-0.1192097,0.2592038,-0.09010707,0.7412476,-0.07029474
0.4811124,0.5940027,-0.1664632,0.1546519,0.06987809,-0.08900565,0.1634308,-0.009423712,0.09590571,-0.1074349,0.07785696,-1.040198,-0.04266701,-0.09782495,0.1515231,-0.08623728,-0.06269521,-0.7584761,-0.09338844,0.03218034,0.2750144,0.2903535,-0.04796976,-0.163587,-0.02246964,-0.4992175,-0.0300823,-0.1096547,-0.04367679,-0.0467779
-0.0886714,0.008025149,0.2646049,0.008451405,0.04032694,-0.3929046,-0.0006451015,0.04980512,-0.09843563,0.06711107,0.1608667,0.3846601,0.2922817,0.0002738246,0.000401632,-0.4117308,-0.4647486,0.05341839,-0.307193,-0.4943298,0.1973766,0.09725619,0.6236671,-0.02006446,-0.1221028,-0.02329509,-0.2934754,-0.991031,0.005908474,0.6633604
-0.008597014,-0.3247932,-0.298236,-0.2361104,0.04712957,0.04796916,0.1111786,-0.01547233,0.1417612,0.2244852,0.1159153,-0.06439286,0.05581168,-0.02060697,0.07373705,0.04765169,-0.04678651,0.6807225,0.4722207,0.5363861,0.2732185,-0.7588619,-0.4785459,0.1136478,0.1378147,-0.1297214,0.0007180508,-0.08578855,0.005380036,0.08023517
-0.2454632,-0.5267884,0.002945218,0.3401146,0.0009755298,-0.04354174,0.03375735,-0.05274218,0.1315645,0.1761739,0.1751528,0.001007598,-0.1110217,-0.3228891,-0.1319179,-0.3380351,-0.2034017,-0.001367398,-0.3648181,0.1127765,0.4087243,1.341131,-0.4228712,0.1502931,0.4349461,0.1506893,0.04376017,-0.6477587,-0.02344535,0.1468263
-0.2061171,-0.006197328,0.02874953,0.1671914,-0.08839559,0.07452781,0.07985194,-0.7502258,-0.4034636,-0.165132,0.4217268,0.1092695,0.3881003,0.6149421,-9.156982E-05,0.02143933,0.1584279,-0.002452989,0.09604475,0.3749782,0.7366708,0.6259727,-0.0195821,-0.1432273,0.3729161,0.002156844,-0.1033013,0.0001511246,0.01615213,-0.1319008
0.08542675,0.3168408,-0.08043173,-0.4348151,0.09368056,0.09211252,0.4847231,-0.04326278,0.1042072,0.007602904,0.008725123,-0.09705733,0.003601155,0.3637375,0.1489534,0.2217551,0.7806288,-0.07083172,-0.03040757,0.03989819,0.08164807,0.2351372,0.1055785,-0.1461182,0.1202031,-0.1133888,-0.2389802,0.09147044,-0.001378415,0.3475875
0.499788,0.4600339,0.9072689,-0.1136352,0.3926827,0.4255309,0.4166893,0.2279089,0.12985,0.0003024429,0.08218195,-0.8077646,-0.2576394,-0.06496423,0.2287247,0.001020184,-0.2886124,-0.3891203,0.04329784,-0.08843082,-0.03402639,0.2632058,0.007324425,-0.4011231,0.0003061334,0.2444437,-1.385813,-0.06062699,-0.06467895,0.2380009
0.2890198,0.08570868,-0.1453126,0.01022128,0.2011565,0.01221362,0.3786376,-0.03741475,0.1758805,-0.0395304,0.08214837,0.3262508,0.3214032,0.02628404,-0.1888331,0.4904763,-0.0008839025,-0.003408962,0.02308452,-0.0006904672,-0.2658637,-0.04858243,-0.7926074,-0.4689164,0.2539197,0.01466719,-0.01722645,-1.425338,0.2937228,0.1059793
0.7005675,-0.3626939,0.6740778,-0.00251565,-0.1255306,-0.003557662,-0.2025304,0.1141649,0.1805799,-0.2315992,-0.4298535,0.3313827,-0.003680293,0.02649744,0.001569435,0.6301449,0.5544177,0.3362864,0.1209118,-0.05337209,-0.2421982,0.3566196,0.2711356,-0.2022544,0.09487578,0.2834066,0.002421935,0.2819469,-0.1525546,-0.2516013
-0.06972188,-0.0714675,0.2574806,-0.2771577,0.0343193,-0.2143879,0.3262236,-0.6555007,-0.2248374,-0.1504841,0.06794997,0.2631675,0.3601028,0.2123594,-0.05576698,0.2174066,0.02598763,0.04840879,0.4693961,0.1108876,0.05279011,-0.1993519,0.1817267,-0.0009438866,-0.599372,-0.01952657,-0.003787473,-0.05034608,0.295848,1.320676
0.1123236,0.4417609,0.07905155,0.3736591,-0.3558062,-0.3283374,0.06933205,-0.04367004,0.01659163,0.292102,0.4201056,0.06789873,0.4601312,-0.002507533,-0.984418,-0.1587923,-0.139634,-0.125646,-0.772741,0.1191859,-0.01587445,0.139965,-0.03161384,-0.06008488,0.214065,0.2731616,-0.3386304,0.001909856,-0.5981979,-0.2959282
0.02311248,-0.3888144,1.394178,-0.7826242,-0.1207779,-0.282426,0.2369129,0.2711228,-0.0003380391,-0.3174421,-0.798129,0.00433532,-0.1660424,-0.04161945,0.4621603,0.3047804,0.05602819,-0.7236378,0.9844848,-0.5907618,0.05287057,0.06495927,-0.104293,-0.1461029,0.01606006,0.01775887,0.06333154,0.2984651,-0.0174425,0.05088129
;
-0.01369774,0.009971621,-0.2209337,-0.1304005,0.3153096,-0.2488864,-0.2870796,-0.7960335,-0.2775753,0.2515754,-0.03674829,-0.03242415,-0.0209344,0.4993259,0.02154712,-0.4517823,0.03309932,-0.1282175,-0.296486,0.02213076,-0.1162661,0.3086296,-0.04458393,0.2197051,-0.05957951,0.3285908,0.1958409,-0.2526386,0.1172176,0.1361191
-0.813557,0.310879,0.4705851,-0.0482345,-0.303792,-0.1249205,-0.4222586,-0.1160597,0.1163481,-0.07672048,0.2539548,-0.1072384,0.3968052,-0.1206868,0.2780755,0.0004716344,0.2701696,0.3022721,-0.1096595,-0.1253938,0.2090279,-0.001286024,0.6148469,-0.8711724,-0.1465411,0.04073588,-0.05233696,0.3035115,0.1886006,-0.0828102
-0.02303606,-0.1009703,0.2033283,0.2282707,-0.3630787,0.03892065,0.1655469,0.04257594,-0.2436435,0.6465573,0.287504,-0.06506961,-0.1255433,-1.575599,-2.883444,-0.1084456,-0.001896547,-0.3387088,0.1095662,0.09956747,-0.01346795,0.4338573,0.0302221,-0.9457274,0.3829908,-3.436048,-0.01838334,0.5282693,0.2000224,-0.4549317
;
