-0.02613687
0.5482842
-0.4667658
-0.6045628
0.4607101
-0.002350328
-0.004732328
0.2140303
-0.6805426
-0.5114039
;
-0.04695501,0.3524936,-0.07338501,0.3966669,-0.2362604,-0.07676174,0.3275303,0.7301407,0.09877175,0.3306352
0.007403971,-0.00431051,-0.1826593,0.4582145,-0.04095981,-0.1751095,0.01025903,0.07512345,-0.07381313,0.1135564
0.06211113,-0.09419796,0.4029392,0.381822,-0.2791871,-0.02883223,-0.3565657,-0.1194198,0.4531423,0.08363268
0.2438857,0.001562851,0.03052749,-0.04696376,0.1663792,0.01258641,-1.12936E-05,-2.823691E-06,-0.4568591,0.2299601
-0.08163067,0.008823344,-0.3182963,-0.2523029,0.4793744,-0.2049279,-0.1381095,-0.4236276,-0.3374968,-0.3632929
0.1106051,0.4481623,0.2525827,0.2183803,-0.06683248,1.134211,-0.1017801,0.04035643,1.051428E-05,0.03265053
-0.001710276,0.02920355,-0.4188245,0.2541145,-0.06629325,0.05872019,0.01205215,-0.4196811,0.6364549,0.3006434
-0.2566147,-0.1771978,-0.4311669,-1.243609,0.07454805,-0.01538295,0.3583281,0.3589504,-0.6302221,0.5044909
2.090863E-05,0.2230049,0.0001637034,-0.4385717,-0.02312837,-0.1158442,0.01444122,0.1496813,0.1960918,0.4817653
0.0283298,-0.08099884,-0.2714099,0.2297603,0.3512596,0.6843755,-0.1220319,0.04222388,-0.07812429,-0.1973009
;
-0.004718348,0.2141888,-0.3459016,1.08443,0.2409005,0.05422741,-0.3782874,-0.0003603334,0.4267761,0.1617272
0.8045372,0.0132778,-0.1969797,0.07189959,0.2646065,-0.5185877,-0.1084097,0.4347574,-0.06464286,0.0118761
;
0.02229504
-0.4060521
0.4510833
0.1055086
-0.1355552
-0.1808905
-0.1746982
0.08132751
-0.4162046
0.02504016
;
0.1328282,-0.10362,0.1492393,0.001823303,0.6523851,-0.4438103,0.09790367,-0.5794879,-0.4491262,-0.3099712
-0.05453795,1.359609,-0.03242344,0.08018371,0.1111999,-0.1349769,-0.2313611,-0.1483269,0.008898987,-0.08526927
-0.06632975,0.2689204,0.009374586,-0.1471611,-0.08065537,0.1182357,-0.05304059,-0.01904397,-0.2229696,-0.0609702
-0.0009485911,-0.06241995,0.007176382,-0.1258434,0.3149036,0.249197,0.0615775,0.1113833,0.06203697,0.04262853
-1.189721,-0.2271535,-0.05189455,-1.098381,0.02587861,0.01201661,-0.1302252,-0.1404977,-0.2518904,0.2290413
-0.1265455,-0.02998397,-0.2387257,-0.1314238,0.1335153,-0.400402,-7.575973E-05,-0.01408693,-0.3430943,-1.21119
-0.3251233,-0.02417257,-0.0005793577,0.695744,0.2538553,0.07269603,-0.1814067,-0.4801211,0.03450947,-0.3353374
0.07158325,-0.1177161,-0.149931,0.06606103,-0.05404836,0.2561176,0.7016516,0.2334896,0.02830058,0.4111554
-0.1350785,-0.03444903,-0.08686322,1.012645,-0.001170028,-0.3858018,0.3768724,0.4148598,-0.05385072,-0.26009
0.1870769,0.3064252,0.4206735,-0.9843404,-2.497543E-06,0.7726333,-0.003363626,-0.6346341,-0.07124358,-0.007626077
;
0.594583,0.216044,-0.5353435,0.005729614,-0.05831629,-0.04700012,0.05808419,0.05458581,-0.4106386,0.0089714
-0.01809842,-0.02849573,-0.3522553,0.03994333,-0.004117826,-0.06368977,0.1666922,-0.3988955,-0.7212662,0.07461445
0.2720853,-0.1450497,0.2758819,-0.4047778,0.3922528,-0.2871827,-0.4057536,0.1465768,0.0455965,0.001865022
;
