-0.02613687
0.5482842
0.2016443
-1.119154
0.4607101
-0.002350328
0.2495171
0.2140303
-0.2528715
-0.5651718
;
-0.04695501,0.490896,-0.07338501,0.5685927,-0.2362604,-0.1808012,-0.1288978,-1.096742,0.09877175,0.3271936
0.003617164,-0.3291841,-0.1826593,0.4582145,-0.03349949,-0.1755367,0.093456,0.1022817,-0.1388736,0.04904932
-0.1074351,-0.09419796,0.2779956,0.381822,-0.1874179,0.00167518,-0.3565657,-0.9343894,-0.4531423,0.08363268
-0.2438857,0.001562851,-0.03052749,-0.04696376,-0.002789069,0.01584879,-0.01918212,-2.823691E-06,-0.4568591,0.2965057
-0.08163067,0.001897654,-0.3182963,0.2523029,0.4793744,-0.03121611,-0.2731943,-0.005315483,0.143575,-0.3632929
0.1663044,0.822404,0.1308502,0.2183803,-0.04108891,2.007608,0.06074029,0.04035643,1.802223E-05,0.04632729
-0.2021402,-0.03416683,-0.4188245,-0.2541145,-0.01811107,-0.4652839,-0.01205215,0.02267486,0.6364549,0.3724239
-0.2566147,-0.1771978,-0.3575006,1.243609,0.03005736,0.04562098,-0.4072275,0.3589504,-0.6302221,0.2234729
2.090863E-05,0.1014327,0.0001592325,-0.5271402,-0.005150198,-0.02962989,0.0005227625,0.0128397,0.04209203,0.2984788
-0.001120148,-0.008815541,-0.2667521,0.4260267,0.3512596,-0.6843755,-0.1220319,0.1502813,-0.07812429,0.1973009
;
0.004718348,-0.1609282,-0.3459016,-0.3614159,0.4311806,-0.05422741,-0.6340275,0.3256634,0.4267761,0.01543224
1.563286,0.0132778,0.08591726,0.0936774,0.2242586,-0.5185877,-0.1084097,0.001064656,-0.00465277,-0.007680766
;
-0.02229504
-0.1066352
0.4510833
0.1055086
-0.09395809
-0.1808905
-0.2291222
0.08132751
0.001114959
0.02504016
;
-0.4834767,-0.10362,0.1492393,-0.01674896,-0.05761939,0.053154,0.01891208,-0.09090616,0.693015,0.2318206
0.05453795,-0.3909304,-0.03242344,-0.06713168,0.1111999,0.1135702,0.161743,-0.2704483,0.008898987,-0.01121121
-0.3756551,0.2689204,-0.009374586,0.02962406,0.02133194,0.01705195,-0.05304059,-0.02409106,-0.2229696,-0.0609702
0.3336871,0.06241995,0.007176382,0.1953174,0.3299441,0.249197,0.0615775,0.08911543,-0.09132326,-0.3925117
1.189721,-0.2271535,-0.05189455,0.08205909,0.4503806,-0.008054674,-0.2254839,-0.1404977,-0.2518904,0.01809295
-0.1265455,-0.05728837,-0.3288034,-0.06877093,0.007232482,-0.04848633,0.3572621,-0.006582844,-0.1148633,1.368724
-0.3251233,0.08155721,0.0005793577,1.260664,-0.3013162,-0.07013007,0.3284044,0.862366,-0.03450947,-0.1079244
-0.07158325,0.1930258,0.005492151,-0.06606103,0.4371624,-0.5727395,0.7016516,-0.2334896,0.02220851,-1.235256
-0.1350785,-0.03106579,-0.08686322,0.686166,-0.002277969,-0.1294777,-0.3768724,0.8168468,-0.05190699,-0.1179459
-0.4501402,-0.5307448,0.3454011,-0.6565723,-2.497543E-06,0.4435462,-0.003363626,-0.3669252,-0.07124358,-0.004993028
;
0.5667325,0.05255268,0.7584081,0.003141885,0.4458275,0.4216288,0.06268723,0.05458581,-0.4106386,0.01622696
0.03674465,-0.02788609,-0.3365893,0.03994333,-0.008615497,-0.06368977,0.1666922,-0.3988955,-0.7212662,0.07461445
0.2401662,0.148327,0.2758819,0.0989458,0.1485157,-0.2835376,-0.6422331,-0.1465768,0.01459222,0.001865022
;
