0.1770944
0.3562658
-0.1550719
0.07919844
0.01540753
-0.4071704
0.2219898
-0.2639849
-0.04854941
-0.3087321
;
-0.8513871,-0.4384421,-0.02811778,-0.3107193,-0.009536445,-0.001246669,0.4412053,-1.199658,-0.03998142,0.1056471
0.1046106,0.1329385,-0.3363178,-0.4890803,0.01668816,-0.006582293,0.3292601,0.0005245341,0.1525512,-0.4151958
0.001395384,0.03830463,-0.3665471,-0.02433536,-0.2395455,-0.1440346,0.2100147,-0.0006559758,0.02315311,0.6181582
0.001159814,-2.566991E-05,0.3332224,0.244142,-3.28367E-06,-0.04198985,0.4402597,-2.823691E-06,0.3810196,-0.5825039
0.04146202,0.05896383,0.2288269,0.1943326,0.3244295,0.004662958,0.004836577,0.234834,0.1941758,-0.4993058
-0.0205163,-0.1946995,-0.02054354,0.4636415,-0.0004859704,-0.1176178,-0.009545889,-0.00226934,-0.008982249,0.04830271
-0.1351379,-0.4588173,-0.08836657,0.01888096,-0.03282116,0.04644882,0.3409829,-0.1452137,-0.1659312,0.03795844
0.2643985,-0.3923516,0.2971886,-0.09963518,-0.3285522,-0.2631507,-0.9777871,0.1546272,-0.1120268,-0.4823067
-0.03586045,0.0005973164,0.2864929,0.3473756,0.5226507,-0.3415115,0.320726,-0.02202861,0.3073939,0.05881393
-0.05956703,0.3926809,-0.3682092,-0.0173314,-0.1020754,-0.01666445,-0.2984652,-0.09482387,0.1701562,0.3556097
;
-1.208643,-0.06027531,-0.0691226,0.003748123,0.1902009,-0.44911,-0.1230674,0.4003237,0.0189623,0.2447879
-1.640737,-0.0008224292,0.001634696,-0.3559682,-0.1373767,0.02371611,0.0610853,0.2823094,0.3284236,-0.008894208
;
-0.126455
-0.09081608
-0.3503947
-0.2244464
-0.2299312
0.003321747
-0.2549127
-0.1093537
0.06140251
-0.02060002
;
-0.6941156,-0.4617483,0.2342666,0.0006661557,-0.469525,0.3210119,-2.109959,-0.3696988,0.4406052,-0.1067458
0.07030183,-0.4660478,0.1987449,-0.4928775,0.2815971,0.01331456,-0.3650845,0.3139549,-0.8408707,-0.007920206
0.4708329,0.08250386,-0.2537767,0.003280739,-0.3662138,-0.004322469,-0.3550573,-0.1043619,0.1063706,0.04368626
0.006106952,0.2519151,-0.4604888,0.002926538,0.3076237,-0.09397286,0.4028007,-0.03548497,-0.4349062,0.09373182
0.3963503,-0.1368776,-0.0062545,-0.2940776,-0.1507161,0.3779227,0.2057704,-0.171871,-0.141473,0.1387807
-0.1906684,0.2318209,-0.2601385,-0.2884012,0.3526533,0.1060774,0.0006443045,0.5961963,-0.07211246,0.05310912
-0.565153,0.08085778,-0.5002329,-0.001154796,-0.3204271,-0.02654886,1.309655,-0.4200779,0.06972261,0.2373367
-2.138625,-0.03184992,0.5963941,0.4296789,0.1303362,-0.1918594,-1.314572,0.009238109,-0.04656108,0.03222686
0.3617496,-0.0108752,-0.4898835,-0.1016267,0.01008646,0.4649997,-0.3761162,-0.3179814,0.07838389,0.8311064
-0.02637649,0.5636171,-0.007350476,-0.3700404,0.1859417,0.3421874,-0.1106841,0.2212249,-0.1750724,0.6083913
;
0.06759959,0.04867962,-0.1090034,-0.09825188,-0.2970837,-0.002619643,-0.002957922,0.3961478,0.4544295,0.1596275
-0.08816744,-0.009223728,-0.3522553,-0.007463396,0.1143242,-0.05230317,0.04868822,-0.001438741,0.2283324,-0.06277276
-0.1371788,0.009133533,0.2473205,0.4550362,0.008210856,0.8957617,0.008762244,0.01481265,0.7419078,0.7511683
;
