-0.2219035
0.05034584
-0.0837141
-0.4855996
0.4723047
-0.1286373
0.4560946
0.2959985
0.3446774
0.1592886
;
-0.2459465,-0.4394888,0.196599,0.01602,-0.08905393,0.1640591,0.4450126,0.4043015,0.2707806,-0.1139221
0.03602463,0.4812562,0.3936437,0.1873714,-0.1298125,0.005655706,-0.1485552,0.1000296,-0.469111,0.1982338
-0.1268085,0.2352943,-0.2173048,0.2304848,-0.4555269,-0.2156785,0.4712518,-0.1004366,-0.04844195,-0.03079051
-0.4027208,-0.07452542,-0.3218135,-0.4655355,-0.4749284,0.3971393,-0.4728361,-0.2505388,0.1095302,-0.3886925
0.193956,-0.4527218,-0.2281139,-0.09516498,-0.2430812,0.2667713,0.2571765,0.2888871,-0.03855437,-0.21841
-0.3512034,0.3307128,-0.3886691,-0.4992964,-0.4297307,-0.4635764,-0.1186314,-0.09694582,0.4270762,-0.2071646
-0.3555597,-0.05615133,-0.135735,0.2510411,-0.3241454,0.1612638,-0.4899031,0.07735091,0.1079332,0.1356184
-0.04997379,0.4408263,-0.1358796,0.09965509,-0.1009666,-0.413113,0.4025259,0.05782801,0.3821243,0.4720976
-0.3236195,-0.01499552,0.6370751,-0.08243078,-0.4769,-0.1435944,0.3246174,-0.3629781,0.365695,0.05184823
0.4018698,-0.2948055,-0.2878146,0.192103,-0.3268806,0.1444895,0.1421853,-0.3913194,-0.1467624,-0.3054359
;
-0.3313011,0.1934365,-0.09568673,0.15433,-0.3161094,0.1769919,-0.362506,0.446926,0.22066,0.09950608
-0.211963,-0.001646459,-0.465212,-0.0008146167,-0.4168934,0.2845838,-0.1213891,-0.2035198,0.4895332,0.09554356
;
-0.2855482
0.4311025
-0.3462624
0.213956
0.01781771
0.1830905
0.6103099
0.02409118
-0.4910478
0.3695644
;
0.2161852,-0.3877386,0.2934242,0.08545727,0.216302,-0.9600045,0.5108159,-0.008234228,0.3593072,0.1383474
-0.1081981,-0.4172821,-0.08960754,-0.07082731,0.2002688,0.003640907,-0.01016853,0.3396521,-0.1522492,0.00288837
0.01513594,-0.09872265,-0.4918062,-0.064528,0.1627097,-0.7753156,-3.116034E-07,0.4931829,-0.6895808,-0.1901609
0.6387387,-0.3444389,2.20674E-05,-0.1889242,-0.07160003,0.07686454,-0.009728492,-0.1871234,0.2484144,-0.06559614
-0.01638199,0.03236111,-0.2983966,-0.08479589,-0.9347787,-0.06577045,0.0003264666,0.4587741,-0.1390395,0.004601124
0.007282333,0.04117664,-0.06772071,-0.1624206,-0.6294519,-0.03333608,-0.4097363,0.04481322,0.3761157,-0.07065329
0.4541786,-0.002861463,-0.004337342,0.4392134,-0.4242363,-0.135213,0.692605,-0.4028367,0.0593149,0.4297632
0.07443292,0.1634683,0.8599823,0.003002489,0.0003425617,0.04862398,-0.07408534,0.03916143,-0.001391285,0.01308361
0.006602585,0.007925902,0.0207173,0.02934033,0.291818,0.5454068,-0.8187017,-0.2160044,-0.02505493,-0.4084513
0.0296787,0.02857227,0.07117663,-0.009496813,-0.8105426,0.05264207,0.1897319,-0.4766829,-0.02048212,0.1731004
;
-0.5981754,-0.03498664,0.1080309,0.001991739,0.2461841,0.2033778,-0.1378838,0.002635065,-0.2018371,0.01745529
-5.339963E-07,0.03326205,-0.4176068,-0.2675471,-0.1096904,-0.006981427,0.2243235,0.1164289,0.1960259,0.1723032
;
-0.003493831
0.1991556
-0.2150361
0.1359807
0.02315289
0.3215331
0.3890277
0.02555717
0.4164684
0.08757106
;
-0.08569449,-0.44067,0.05412457,0.06097714,-0.3028659,-0.3114994,0.3708552,-0.01119362,0.133361,0.4784069
-0.2044097,0.1388225,-0.002548257,-0.1448628,-0.02475345,-0.06457128,0.09086141,-0.7671063,0.7396865,0.04085812
-0.0522483,0.03761727,0.4818816,0.2294919,-0.322363,0.248708,0.09822227,-0.09503847,-0.03288104,0.6656971
-0.4039881,0.1263257,0.1335686,0.3146822,-0.0006653732,-0.02321742,0.1823252,-0.02567057,0.0199675,0.06199685
-0.005412211,0.3123428,-0.03476849,-0.08394498,-0.06277522,0.124314,-0.2960923,-0.06277579,-0.09960932,-0.3683236
0.4449213,0.1896997,-0.1506824,-0.2427195,0.4377024,0.06402086,-0.6574597,0.1484299,0.480669,-0.2707568
0.1464051,-0.05578677,-0.06747323,0.008067155,-0.1347968,0.1398715,-0.001594235,0.405582,0.6314698,0.390893
1.340833,0.06398351,0.2960521,0.0002910895,0.2278031,0.5244792,-0.2224829,0.09255546,-0.742272,0.7072427
-0.1207475,0.1774388,0.2680182,-0.06335734,-0.00930597,0.1913821,-0.3470278,-0.08613112,0.4572071,0.01056722
0.2553653,0.1123988,0.1011648,-0.1379524,-0.6250538,-0.05419459,-0.3454657,0.1400183,-0.4664669,0.001749465
;
-0.9305839,-0.2330133,-0.4813408,0.01397103,-0.511705,0.1151913,-0.2172481,-0.7211595,-0.003400404,0.1389718
-0.2236492,-0.2246478,0.4032486,-0.08768493,0.9148306,-0.4044265,0.01944684,-0.01784262,0.3889105,-0.005366803
0.4451998,-0.1291125,-0.08695556,0.2100296,-0.0001483511,-0.09951064,0.2571871,0.1286125,-0.2396115,-0.3849442
;
0.06222028
-0.01390988
-0.04370397
-0.08252567
-0.01121563
-0.003565119
-0.1052579
-0.06710809
-0.3378347
-0.01422782
-0.2500098
-0.04266777
-0.4407619
-0.1937681
0.1861918
-0.009551139
0.02465573
-0.1819981
0.03900681
-0.07640763
0.2924876
0.2603494
0.3962187
0.2685614
-0.04181638
0.3372146
-0.1393412
-0.004613766
-0.06519838
-0.9779321
;
0.3399448,-0.3398714,-0.7225626,0.4908522,-0.02673033,-0.1797453,0.01135583,0.3019227,0.1748033,-0.009431308,0.1470926,-0.4337075,0.2854539,0.03005684,-0.5801913,0.3563976,-0.5726188,-0.2662802,0.2513297,0.3594966,-0.08211972,-0.007431522,1.019151,0.00419986,1.460483,0.06129584,-0.06904203,-0.4015795,-0.2808353,-0.4153177
0.09490368,-0.1697618,-0.772119,0.2266442,-0.3758196,0.1556762,-0.2056041,-0.02862734,-0.1389379,0.0858007,0.02810464,-0.2399443,-0.1997949,1.536925,0.1478132,0.1479521,0.286759,0.1344887,0.0163975,0.0827527,-0.1084909,-0.02655886,0.3404557,-0.2411472,0.4607038,-0.09039786,0.05839683,0.06195268,0.02243885,-0.03195546
-0.4559894,-0.301649,0.1327293,-0.4289771,-0.05497221,0.5667036,0.391434,0.2115348,-0.4715297,-0.1922671,-0.5300869,0.4100169,-0.02977413,0.1980895,0.730122,0.4415532,0.05467974,0.1034228,0.4198742,0.7341537,-0.00239197,0.5709675,0.03096634,-0.4741237,0.08492652,-0.4428928,0.1092301,-0.4006435,0.3784637,-0.001787186
0.04067473,-0.324308,0.3589048,0.07569123,-0.01510719,0.43071,0.1178458,-0.2007168,-0.1024221,0.001298471,0.5955931,-0.3061507,-0.3157132,0.01059171,0.4126189,0.5898794,0.02083679,0.1208021,0.09891349,0.4002014,0.464306,-0.1350929,0.3327099,-0.2863847,-0.1270451,0.1989186,0.4526241,0.1224887,0.05432159,-0.4577053
-0.5030048,-0.4619662,0.01594803,-0.4343331,0.3311712,-0.3865622,0.2963418,0.2434261,-1.023917,0.3533682,0.438217,0.02528816,0.1152864,-0.1457263,-0.06341319,0.05491218,0.06944229,0.08910362,0.3073453,-0.4974855,0.4415016,-0.03393656,0.1536129,0.2887795,0.1972663,0.1893688,0.00560474,-0.04097332,0.4301877,-0.003076059
-0.09010922,-0.2142972,-0.1316369,0.3671111,-0.001026677,-0.1724447,0.02091282,0.2988844,0.4949658,0.04391685,-0.3391815,-0.2257664,-0.09265257,0.02263635,0.4950156,-0.02584711,-0.04242245,-0.1045661,0.2535862,-0.5340475,0.05338794,-0.4163158,0.1585188,-0.2936541,6.560799E-05,0.1189149,-0.2173171,0.1504479,-0.2651118,-0.04029882
-0.0007983021,-0.701447,-0.02708058,-0.02276833,0.3568003,-0.2261371,0.1712207,-0.1296973,0.4441617,-0.2220359,0.07231945,-0.1430156,0.4204813,0.1561811,0.2435907,-0.1280286,0.1710874,-0.264338,0.01956013,-0.03216442,-0.02274664,-0.06780022,-0.1291455,-0.8782787,0.7734495,0.02705742,0.1496996,-0.00564152,0.2272367,0.2879857
-0.1510159,-0.004285126,-0.1226651,0.01519236,0.4482928,-0.1693573,-0.484066,-0.3513528,0.008079685,0.1244381,-0.4408251,0.1575627,0.1471533,-0.006573683,-0.9654445,0.8434486,-0.2351149,-0.4466742,-0.3414959,-0.009491876,0.0117902,0.07267326,0.4742666,0.03041869,-0.002844553,-0.002070721,-0.06017891,-0.04801936,0.1998943,-0.01378615
0.4551712,0.06348648,0.4351646,0.0004582717,-0.003476259,-0.2193075,-0.02193483,0.4406705,0.2343426,-0.1312886,-0.1926221,1.99427,0.2624501,-0.2485902,0.02700253,-0.399307,0.6473699,0.4725715,-0.04061138,-0.1121174,0.2834697,0.00221153,-0.02951425,0.08283775,0.5242313,-0.03768943,0.4685526,0.005735445,0.3535792,0.2553715
0.04168628,-0.006363243,-0.2391902,-0.6367775,-0.01543851,-0.2899964,0.1103759,0.09743196,-0.2610108,-0.02848142,0.1736542,0.1149264,-0.3704035,0.7366456,-0.07659151,-0.04466087,0.1127588,-0.09237629,0.2141061,0.3208847,-0.4955954,0.107906,0.4815627,0.2126292,0.04285691,0.2783881,0.001234124,-0.5572588,-0.007379181,0.2628185
0.02041,-0.660198,0.1900935,0.0925042,-0.1262306,0.7590617,0.009075419,0.2645001,-0.006972332,0.1347852,0.2760448,0.7385328,0.198745,0.088492,-0.1013252,-0.00718006,0.2770072,-0.03927883,0.4190167,0.0049998,0.3864675,-0.5252553,0.4458498,0.004255087,-0.117753,0.02402988,0.1407565,-0.09904385,-0.09940299,-0.001237871
0.5816637,0.08892389,0.3793256,-0.1674998,0.3273584,-0.002591049,-0.6554705,0.01284634,0.2714587,-0.06746914,0.3006538,0.06645875,0.008991539,-0.01487465,0.412308,0.02690773,0.296268,-0.2260763,0.9956775,0.1591078,-0.1958029,-0.3266466,-0.6381475,0.1508477,0.277043,0.4566988,-0.1757896,-0.1936513,-0.324591,-0.03065725
0.1660828,-0.0754171,0.4142403,0.04667018,-0.247172,0.3655985,-0.005053561,-0.2012053,0.1667722,-0.2284651,-0.0004610636,0.2259644,-0.1622483,3.471177E-05,0.6404749,-0.01734793,-0.0561977,-0.03240394,-0.313794,-0.3731549,-0.452547,-0.1228291,0.168582,0.3431481,0.001987902,0.0006748938,0.2947081,-0.4312233,-0.1148681,-0.2016873
-0.2741703,-0.1447081,0.1502019,-0.08006518,-0.07949664,0.1241301,-0.05038732,-0.3427309,-0.4149385,-0.3210007,0.009652915,0.08530295,0.007738564,0.6212748,-0.04092606,0.02566533,-0.2513942,0.3792384,0.3521343,-0.02972712,-0.02051824,-0.1359435,0.4094893,0.4902876,-0.1249847,-0.130057,-0.02758771,-0.181359,-0.2420532,0.04815501
0.1211668,0.03134814,0.7840192,-0.06843822,0.06510307,0.4586024,0.05326074,0.4301763,-0.522927,-0.211805,-0.1496489,0.4741935,0.08461732,0.1680144,0.2104252,0.1030155,-1.383924,-0.003586716,0.5712552,0.4685545,0.002008869,0.456682,0.01733098,0.008866092,-0.1611418,-0.2432761,-0.04985255,-0.02754974,-0.03016962,0.1377514
-0.06995161,-0.1031179,0.1834955,-0.2829841,0.1477111,0.4112119,0.007987537,-0.06422419,-0.04014686,0.2579451,-0.02897432,0.1312159,0.1025093,6.284891E-05,-0.1577542,-0.4354182,-0.02097622,0.03215461,-0.4912055,-0.007124669,0.3881034,0.005013049,0.1322874,0.09257585,0.2301582,0.5340983,1.079988E-06,-0.01035297,0.08400638,-0.03912164
-0.1633999,-0.3961996,-0.05222505,0.2395964,0.04447432,-0.1789696,-0.273476,-0.1108408,0.1061305,0.002484869,-0.04847572,0.003536645,0.0002706184,-0.9942369,0.1703953,0.5810136,0.3596917,-0.2598139,-0.07939869,0.2352584,0.0001628471,0.05743641,-0.3067337,0.3029754,-0.2175944,-0.4967149,0.1468698,0.429655,0.514071,0.4192772
0.07941019,-7.676549E-07,-0.08638227,0.5112683,-0.0726937,0.08366474,0.008550739,-0.3830334,-0.0205442,-0.1344514,-0.3221508,-0.3793684,-0.002453524,0.0765501,0.1905661,0.1870952,0.08311148,-0.03291799,-0.3280022,-0.09730435,0.001838487,0.0009257256,0.08093646,-0.4750675,-0.491698,4.558852,0.4391454,-0.0004308061,-0.04330813,-0.3261054
0.05744856,0.4098419,-0.1160936,0.0983326,0.302812,-0.1387665,1.333823,-0.1360304,0.3577535,0.5752914,-0.1050785,0.4352367,0.1649572,-0.005157009,-0.5083392,0.08982384,0.08541751,0.4056542,-0.01879905,-0.8884674,0.1959115,-0.0004346865,0.3727732,-0.1593959,-0.06576794,0.3326083,0.02677885,0.3534046,-0.2469429,-0.0028568
-0.004322831,0.1472477,0.9348118,-0.2003028,-1.495016,0.4117618,-0.03524872,-0.3356348,-0.4329394,-0.02723216,0.0273375,-0.6882945,-0.1887334,0.02143611,-0.008724024,-0.8201442,0.4628219,-0.1246788,0.4165598,0.0003401842,0.1921166,0.4297432,-0.02187628,0.2489621,0.3836368,0.1023931,0.3526365,0.03613235,-0.09946924,0.3305397
0.3481004,0.9663514,0.0179338,-0.245521,0.03773702,0.8430075,0.7469057,-0.009660188,-0.4143722,-0.1720096,0.1515089,-0.0644265,-0.1142181,-0.2012797,-0.2974364,0.04299577,-0.2525596,-0.04264738,0.02903107,-0.02469123,0.6975086,-0.4054493,0.3467421,-0.01627935,-0.03981113,0.06852376,0.004490684,0.4166859,-0.03170604,0.4390845
-0.02881351,0.164618,0.1451968,-0.3686796,0.02784612,-0.1174637,-0.9572509,0.007980438,-0.0004125801,-0.8761092,-0.004506077,0.4195534,-0.006855618,0.004808724,-0.04579783,-0.00158418,0.4162198,-0.1621962,0.3051699,-0.01516689,0.2182474,-0.01176253,0.03408557,0.1893658,-0.01007198,0.1002113,0.07012115,0.3249074,0.3523149,0.4020554
-0.03887233,-0.1739067,0.06437561,0.01705117,-0.2317378,-0.0970166,-0.3089126,-0.103142,-0.008989632,0.08945996,-0.003484572,0.092345,2.971983,0.01960443,0.0004447448,-0.1627861,0.2148766,0.4298557,0.3414604,0.1146922,-0.004460094,0.2628942,-0.3099492,-0.08659918,0.02353485,0.08408885,-0.3599156,0.1397918,-0.0006066459,-0.1854052
-0.03913768,0.1380118,0.253589,-0.4765941,-0.1613243,-0.02394754,-0.2115224,0.02283127,-0.1272014,-0.01958812,-0.009908023,0.1274271,0.00199755,0.159709,0.4947711,-0.02328561,-0.3420386,-2.334936E-06,0.2440439,-0.04129606,-0.331561,-0.02787501,0.1889199,-0.02053851,-0.4142747,0.4913187,-0.05163326,-0.2137759,0.07775087,0.3295553
0.4372282,0.01556841,0.3895308,0.195786,2.713384E-05,0.410044,0.2619697,-0.0004159156,0.0005813241,0.2539308,0.008480525,0.2132332,-0.3620063,-0.0001725917,0.02541239,-0.1338129,-0.09315488,0.1076548,0.2605298,0.2474397,-0.2263548,0.1592405,-0.466836,-0.05236803,0.4531605,0.9024826,-0.2351945,0.02346477,-0.02504724,-0.2459735
-0.2016312,0.007910356,0.1794987,0.153647,-0.002296237,0.5390189,-0.1552329,-0.09048229,-0.2909912,0.3858705,-0.3260671,-0.2634691,-0.05732304,-0.3854482,0.001157701,0.2981368,0.2564983,0.2666265,-0.270514,-0.4724144,-0.3209029,0.02632222,-0.1229835,-0.3563628,0.08637315,-0.318826,0.3620285,0.00302216,-0.002195851,-0.1135206
-0.4292775,0.05173498,0.1150362,-0.9704618,-0.2300346,-0.3064649,-0.5253553,0.001120101,-0.2698339,-0.4049851,0.3410231,0.6148723,0.2118139,0.04473081,0.2785757,-0.06614572,0.2398085,0.2111048,0.2933189,0.4052482,-0.05405251,0.4787699,0.1534466,-0.3767942,-0.08029789,0.3557264,-0.1153279,0.2381915,-0.2516334,-0.01110591
0.2614856,0.3228757,-1.10289,-0.1701316,-0.2754855,0.07915823,-0.2582556,0.2106507,-0.4504434,-0.01457886,-0.04834177,-0.1028725,-0.31697,-0.4709461,-0.2427205,0.00190873,-0.5598277,-0.3985223,-0.1621576,-0.01182894,0.003770649,-0.370212,-0.4357187,-0.9907209,-0.1302838,-0.06398484,-0.5862449,-0.08807016,0.4278535,-0.003362973
-0.01953965,0.003808401,-0.1550784,-0.4486753,0.1899967,0.1164009,-0.1138219,0.05703062,0.4738823,-0.01748586,0.3868393,0.3543559,0.000240624,0.0790915,0.01165006,-0.3854498,-0.246868,0.08486774,-0.1167368,0.003431823,-0.4662368,-0.6512182,0.006836398,0.03146935,-0.3644155,0.003344118,0.3643926,-0.6019416,0.09725701,-0.004109784
-0.2888174,0.1269133,-0.008285103,-0.2247587,-0.01362592,0.019134,-0.2808127,0.08445784,-0.4171121,0.06340946,-0.01939543,-0.5012474,-0.0007799268,0.1973216,-0.04711408,0.01259201,0.02114326,0.208573,-0.009250778,-0.210656,0.4606864,-0.3099568,0.2361966,-0.9619467,-0.02354737,-0.009233185,0.467101,-0.01150085,0.5963563,-0.3173981
;
-0.5920615,0.03957432,-0.1168784,-0.2492763,-0.2130527,0.01545814,-2.288482,0.14014,-0.4627186,0.2135446,-0.01199129,-0.01653057,0.004574025,-0.3220414,0.6608129,0.3119687,0.03174561,-0.1085214,-0.01410419,0.05189568,0.4805641,0.1849093,0.4739347,0.0001149058,0.09427482,0.1413359,-0.04450875,-0.4747834,0.2048487,-0.2712896
-0.06655142,0.03076793,-0.4916744,0.0716239,0.06074915,0.1996897,-0.2082558,0.4076098,1.022127,-0.09869476,0.03185946,0.0446602,-7.439239E-05,0.9272707,0.03154924,0.2642351,0.3105109,-0.1860587,-0.1599486,0.3930072,0.1292942,0.1336222,-0.3058634,-0.0001397553,-0.440058,-0.00447287,-0.40681,-0.2396424,-0.1182566,0.4381342
-0.008231731,0.5858872,0.47864,0.01473254,-0.1292707,0.0524237,-0.01055339,-0.1842116,-0.1448865,0.2949039,0.05871553,-0.001387739,-0.2488248,-0.3106264,-0.0077914,0.4499536,-0.007452212,0.05368561,-0.4718616,0.2024726,0.2409636,0.00748632,0.4402639,-0.02236675,-0.1916642,-0.01065867,-0.412401,0.453216,0.04523331,0.04219973
;
0.1730922
-0.1562103
0.114243
-0.03273672
-5.612068E-06
-0.9667698
0.3146317
-0.4673157
0.1057349
0.05297994
0.2372869
0.07426995
3.875527
-0.006362365
0.7401502
-0.07601627
-0.4585606
-0.06389309
0.3197659
0.3342278
-0.2917708
-0.1268632
0.2152557
0.00216112
-0.4325589
-0.432799
0.3872561
0.0668276
0.3506279
-0.5464424
;
-0.07663182,-0.3675481,0.0905247,0.0001025837,0.346519,0.4983913,0.01561981,-0.357344,0.1110802,0.4851872,-0.4246,0.0003214686,0.0001941901,-0.3903877,-0.4621814,0.000897835,-0.01017673,0.04438229,-0.06811601,0.3554529,0.1287107,-0.2322252,0.3034179,-0.2115537,0.1145928,-0.02442607,0.2597421,0.1640854,0.07902052,-0.3878214
-0.06600696,0.1263357,-0.1581415,0.2851932,0.1422007,-0.3758484,-0.01619991,0.4052757,0.1089256,0.4814816,-0.166477,-0.3081259,0.7491844,0.03140015,0.2836953,-0.22187,0.3848873,0.4382233,0.4537628,-0.6541689,-0.0001358194,-0.4285177,0.3434134,-0.09046262,-0.2306614,-0.3696567,-0.04201151,0.1318655,-0.4074212,-0.1153714
0.1823684,-0.4348079,0.2148654,-0.495948,-0.156814,0.0003359583,0.4681196,-0.2269745,0.3750716,0.01630935,-0.0001760379,0.07889559,-0.1246883,-0.4468735,-0.4320312,0.4821587,-0.1194771,0.002447733,-0.3187685,-0.1576208,0.2477501,-0.3016961,-0.4218339,-0.1485797,0.06504624,0.05223637,-0.4949594,-0.1585047,-0.02710253,-0.4744302
0.3991651,0.02487023,0.3162112,0.2655465,-0.09483906,0.002371725,0.6952442,2.579547,-0.4690113,-0.0007312894,-0.006953493,0.218829,0.01167195,0.1161005,0.1295633,-0.0122842,0.4944202,-0.01253609,-0.2458788,0.4597391,0.5431387,-0.9042045,-0.05898519,0.08473749,0.3637036,-0.2474734,0.1899725,-0.1394529,0.01364451,-0.143537
-0.1741529,0.2406226,0.2542783,0.0003705523,-0.8323212,0.004065798,-0.3082891,0.001172156,-0.05522676,-0.4847651,-0.3635284,-0.1108355,0.02806778,0.2739686,-0.3308201,-0.01489461,0.03228742,-0.04715341,-0.3250627,-0.1102301,-0.6729676,-0.3638451,-0.001394605,0.05956873,-0.1856868,-0.4061201,-0.1036099,0.4429181,0.1806456,0.4919575
-0.1982399,0.03548127,-0.484504,0.1022061,-2.910348,0.1478109,0.2400965,-0.1398147,0.1029038,0.272076,-0.3999088,-0.009715679,-0.2126542,-0.0006139262,-0.4442948,-0.08064913,0.01349181,0.427158,0.1688031,0.1192407,0.2413231,0.09282189,-0.0351739,0.02225281,0.224877,-0.08292247,0.1023188,0.2444091,-0.08855477,-0.01467291
0.08669525,0.137614,0.7248018,-0.169835,0.02121186,-0.07303208,0.1343555,0.02026761,0.8214725,-0.03447157,0.006124897,1.304755,-0.7198483,-0.2154613,0.4508804,-0.4650412,-0.2325296,0.01091136,0.80647,0.09077355,0.1324812,-0.3307992,-0.01927047,0.4630104,0.0886336,-0.5570498,-0.0008286579,-0.01103369,0.2758841,0.1215687
0.3499995,-0.4260727,-0.5190622,0.3560607,0.6241401,-0.7824159,0.2684851,-0.02647478,0.202118,0.1018991,-0.250407,-0.04102084,0.07752377,0.120786,-0.1447104,-0.0003873856,0.003519081,-0.1493712,-0.04195341,0.07826435,-0.2739365,0.2445446,0.2208674,0.01508431,-0.08034609,0.09671572,-0.006522702,-0.159256,-0.004936946,-0.2283634
-0.2572914,0.5872383,0.4119962,-0.3845572,0.2399971,-0.7658475,0.4500424,-0.2922891,-0.3572736,-0.02016003,0.1434966,-0.05296463,0.1374019,0.1067321,0.2048062,-0.2060463,-0.234899,-0.1128771,0.3278707,0.1517775,-0.1821026,0.01828844,-0.1544818,0.02554423,-0.1519632,0.08973262,0.02887027,0.057624,-0.01367891,-0.1313041
0.09596445,-0.002635666,0.1494981,-0.3257349,0.3760554,1.029567,0.2331819,-0.4539924,0.1788727,0.3887133,-0.501013,-0.03961009,0.1645645,-0.1305115,0.3432552,0.08609384,0.6087015,-0.0194628,-0.08607477,0.3155463,0.397048,-0.2254023,-0.4642012,-0.1981544,-0.008846961,0.2817138,0.2581141,-0.1110987,-0.4879206,-0.1161994
0.003513985,0.07506161,-0.3358836,-0.05922467,0.0008239431,0.00202666,-0.5050533,0.2447926,0.4981282,-0.1423592,-0.7787844,-0.3963673,-0.5718319,0.2888781,0.5893698,-0.4916928,0.00933351,0.02379453,-0.05914573,-0.02673635,0.04966677,0.1224712,0.5994462,0.03400129,-0.1463187,-0.1066049,-0.06957427,-0.04822686,-0.3326075,0.4887033
0.02414456,0.002539352,-0.3709094,0.01963586,0.08528439,-0.2813705,-0.8334389,0.4828864,0.3995297,0.02060006,0.1651846,-0.1023261,0.2955586,0.2800022,-0.2134631,-0.04553133,-0.1685074,-0.02174288,-0.0008339829,0.2709157,-0.07391442,-0.2304194,-0.1725168,0.1779214,0.09631044,0.005150646,-0.1574861,-3.890545E-07,0.02962381,0.0008202208
-0.09911066,-0.01339157,0.4185289,-0.4962614,-0.2527799,0.0002169792,-0.2120538,-0.6790158,-1.343005,0.1671374,-0.007933273,-0.2907729,0.1819613,-0.3698102,-0.5360654,-0.4407195,0.3176416,-0.4539204,0.1237671,-0.3561252,0.1894644,0.04668098,0.04205983,0.007022982,0.01132371,-0.004978903,0.0315228,0.5336136,-0.3994473,-0.09431611
-0.2316578,-0.6377907,-0.1464754,-0.135697,-0.4587922,-0.02865558,0.30209,-0.4341557,-0.01019725,0.04298623,0.1898967,-0.2213604,0.1307968,0.4120824,9.297424E-05,-0.02502225,0.4250122,-0.2258422,2.867031E-05,0.2399517,0.53159,-0.8960713,-0.002164365,-0.7683859,0.1331801,-0.1135709,0.06818154,0.0682326,-0.3841226,0.0577529
0.2448016,0.3599557,0.7134281,0.02464095,0.2323665,-0.2802967,0.03152325,0.02131751,-0.3206238,-0.0138363,-0.002565559,0.0005277111,0.04783615,-0.06513865,-0.06056332,-0.009864577,0.03911228,0.6936195,0.2459836,0.2856938,-0.01336819,0.07648346,-0.03998856,-0.09557364,-0.1191528,-0.07769167,0.3115993,0.1349477,-0.04140502,0.01205736
-0.0517705,0.2734325,0.3509948,-0.000102752,-0.5425537,0.008518962,0.131616,-0.3182679,0.01238548,-0.03471753,-0.04097522,-0.440726,-0.9553567,0.0007068515,-0.009757691,-0.007624124,-0.04279465,0.01671618,0.405046,-0.111757,0.2028228,0.4925915,0.3218499,0.05109808,-0.599153,-1.673177,-0.0009319941,0.3282206,0.7116984,-0.4268184
0.3147683,0.055221,0.01133012,0.02289982,-0.3803225,-1.162293,-0.07310671,0.4297248,-0.6496966,-0.1432824,0.0002623407,0.009765613,0.0003799266,-0.2010488,0.4707743,-0.2814495,-0.1018934,0.3044538,-0.5072269,0.3076147,0.06616945,-0.2686174,-0.01716461,0.1498456,0.0003090551,-0.3337874,-0.2504016,0.5350395,0.2249474,-0.30261
-0.1539141,-0.009730955,-1.176828,-0.04957481,0.3145998,0.05476734,-0.1466059,0.4814714,0.1317885,-0.001852221,0.273702,-0.4520147,-0.1484072,-0.07129675,0.3558379,-0.2083475,0.07973339,0.02183763,0.002012789,0.111217,-0.008792934,-0.0242663,-0.003096844,0.0007717719,-0.08148508,0.4851933,0.3531997,0.09010707,0.7412476,-0.01771911
0.3125055,0.04375044,-0.1664632,-0.4014957,0.009409328,0.4231409,-0.5775195,0.009423712,-0.2593893,0.0403525,0.05722559,0.6000905,-0.3097438,0.2318969,0.07026403,0.1233056,-0.06269521,-0.33474,-0.31817,0.0143712,0.3769298,0.3769476,-0.04205772,0.3003196,-0.0299396,0.07295222,0.03263583,0.1096547,-0.02240076,0.03953992
-0.04658831,-0.05178418,0.1097922,0.004723738,0.001259767,0.4390769,-0.0005940598,0.04980512,0.1105017,-0.08783334,-0.1608667,-0.1528746,0.3863698,-0.3880829,-0.02624518,-0.01416306,-0.4237772,0.02217394,-0.1991546,0.2798208,-0.1973766,0.1981823,0.6151443,-0.0253709,-0.07684794,-0.01182872,-0.5505636,0.03046066,0.003776099,0.1383351
0.3913825,0.6871534,0.1576119,-0.2361104,-0.04712957,-0.3200057,-0.1441115,0.1251117,0.01890404,1.152565,0.1159153,0.002952906,0.05486156,-0.02450585,0.1731762,0.06434952,-0.129558,0.1171464,0.4202616,0.001498921,0.2732185,0.7588619,0.2465711,-0.08406311,0.1378147,0.2813019,0.00016011,-0.03616412,-0.01013751,-0.08023517
0.05250932,-0.1495009,0.0282353,-0.3401146,-0.002398742,-0.3396062,0.02204448,-0.2402164,-0.2899309,-0.1419258,0.02649109,0.1437364,-0.2188729,-0.9337446,0.1434138,-0.04407734,0.08717912,-0.01975559,-0.4635918,0.1127765,0.5199541,-0.02041089,0.5331157,0.00454797,-0.02398081,-0.1536906,-0.04376017,-0.2019216,0.0008506249,-0.01561612
-0.001773575,-0.01157299,0.01026532,-0.1671914,-0.1108809,0.3046538,0.07849527,0.2529086,-0.02457193,-0.74618,0.003195236,-0.01112954,-0.3881003,0.0303331,0.0002575961,0.3029437,0.2396604,0.01930209,0.06993312,0.5331966,0.07561209,-0.1596313,-0.0195821,-0.09064069,0.1324121,0.3350233,0.01300223,0.2117389,-0.008259462,0.07074625
-0.3681526,0.3216249,0.09441473,0.4348151,-0.1211956,0.2715557,0.1468171,0.1404623,0.05298108,0.02371644,0.01272708,-0.09705733,0.005432543,0.237295,0.1948238,-0.0650076,0.03397137,0.07083172,-0.03013319,-0.01703051,0.08164807,-0.04615907,-0.2291535,-0.2019078,0.1457457,-0.1027761,-0.01256927,0.08035291,-0.01821548,0.3475875
-0.2721566,-0.1240257,-0.4777638,-0.1136352,0.1759354,0.4255309,-0.3636848,0.08140779,-0.1930571,-0.03819865,0.01299542,0.247793,0.2209665,-0.2081987,0.01887924,-0.4791562,-0.1701095,-0.3891203,0.02429304,-0.1474412,0.4454468,0.1055327,-0.007324425,0.1450465,0.1836406,-0.4403391,0.7225188,-0.0735564,-0.1917801,0.1750917
0.06728572,0.118311,-0.6804036,0.1434449,-0.002107478,0.01487714,0.05650026,-0.03741475,0.1082317,0.005246184,0.1392925,1.328416,0.4761463,-4.744483,-0.5139371,0.893141,0.1863674,-0.01021902,0.01607877,-0.001049429,0.2658637,0.02680583,-0.4995593,-0.01999468,-0.1981521,0.01466719,-0.01722645,-2.204859,0.2247584,0.1059793
-2.955786,-0.05631046,-1.047431,-0.003736175,-0.4250436,-0.005353002,-0.2424549,-0.1107071,-0.05353993,-0.2315992,-0.04288214,-0.2194599,0.07569975,-0.08475417,0.001569435,0.4853966,0.02446075,0.1775323,0.3759314,0.01024283,-0.02448467,-0.3645905,-0.05262238,0.2022544,0.1351638,0.09827366,0.003846453,0.4493215,-0.3226923,-0.5229665
-0.07364538,-0.07415157,-0.440194,0.147051,-0.4428786,0.2296622,0.09102684,-0.1348213,0.1472612,-0.09610483,0.4172002,0.1809141,0.3601028,-0.3729234,-0.02262198,0.3850023,0.04123472,0.07102708,0.5084296,0.3245226,0.005118614,-0.004127085,-0.1852905,-0.1274856,0.2022692,-0.00705242,0.001098402,-0.2907286,0.06375021,0.3811789
0.1123236,-0.5001194,-0.1094395,0.3736591,0.1403506,-0.09498352,0.02247797,-0.2378443,0.01659163,0.09186614,-0.442643,-0.004143423,0.8437469,-0.009808849,-0.7160038,0.3046961,0.139634,-0.2248953,0.1494495,-0.009215007,0.1343173,0.1567322,0.4832258,-0.06008488,-0.4729452,0.1347508,0.3386304,0.4805232,-0.5981979,-0.2959282
-0.01787527,0.3114041,1.020615,0.02122004,-0.1207779,0.2915827,0.2705698,0.004052476,-0.009814459,0.3290697,-0.798129,0.03341734,-0.1660424,0.4073873,-0.2415855,-0.3277872,0.08771592,-0.8503548,0.08185924,-0.5907618,0.2873478,-0.06495927,0.2062856,0.1461029,0.09891394,0.02559816,0.02726599,-0.3910152,-0.02448466,0.0431135
;
-0.09922856,-0.327396,0.2209337,0.4695477,-0.1940622,-0.0690977,-0.2870796,-0.7939848,0.1308107,0.2175602,-0.02896039,0.0223653,-0.1240088,-0.3192109,0.363739,0.7014722,-0.452004,0.03680235,0.1725824,0.01109088,-0.01499383,0.3086296,0.06242861,0.4374446,0.07158079,-0.4223071,0.324596,0.0968267,0.1603905,-0.05062149
-0.813557,-0.02790236,-0.4705851,-0.02631641,-0.4870751,0.02771976,0.5018419,-0.02185323,0.1163481,-0.09348519,-0.1749434,-0.03499848,0.2096884,-0.1206868,-0.3049989,-0.005987906,-0.06809238,-0.3515729,0.5140955,-0.1253938,0.2090279,-0.001286024,0.01879615,-0.3183918,-0.2787916,-0.04073588,-0.1644024,-0.03479397,0.1886006,-0.05001226
0.1220163,-0.1009703,0.1198744,-0.1802168,0.1546103,0.1319299,-0.2066119,0.04782727,0.02703434,0.6465573,0.1085427,-0.01096997,-0.2040969,-1.726917,-0.7207446,0.06876043,0.007823249,-0.4924624,-0.1960535,-0.02894497,-0.001201902,0.1638155,0.02762404,0.3227577,0.146269,-0.171657,0.01838334,0.5282693,-0.2477881,-0.2465817
;
