0.4087485
0.389653
-0.08730059
-0.3781289
-0.0155955
5.331529E-05
0.2749788
0.1601136
-0.136158
-0.007155107
;
0.05317226,0.05748855,-0.1260329,-0.03293321,-0.3991525,-0.07899803,-0.1857443,0.06436795,-0.4630128,-0.09948856
0.4826581,-0.2784989,-0.4752845,-0.785916,-0.1908543,-0.1007672,0.1256388,0.3517862,0.005364947,-0.7182904
-0.4283617,0.1257534,0.2519614,-0.04834467,0.0007097125,0.1618649,-0.08246343,0.01180893,0.3860468,-0.1840037
0.4049293,0.06909272,-0.2645017,0.06914002,-0.1949437,0.328207,-0.6684169,-0.4744755,-4.859498E-05,0.2316508
0.08836183,0.4497508,0.07239966,-0.2961628,-0.03734233,0.2398854,-0.1212838,-0.1839529,-0.3092357,-0.3364712
0.4810383,-0.1999588,-0.002625167,-0.2425934,-0.145905,0.4421697,0.2447543,-0.03374235,0.01498212,0.2077137
-0.4579121,-0.3124281,-0.005345016,0.762892,0.2510325,-0.4892603,0.561174,-0.437698,0.0544993,-0.4831183
0.1715506,0.07411858,0.2169474,0.3182409,0.4764625,0.05527581,-0.6707016,-0.2660539,-0.7078949,-0.07952195
-0.03348884,-0.4073451,-0.0435453,0.03608097,0.1477785,0.8897035,0.4901859,-0.07141937,-0.3596022,-0.3619585
-0.1321576,-0.1381198,0.191395,-0.2871822,-0.2926748,0.03235464,0.0652352,0.4051942,0.2348855,-0.3008893
;
-0.4492545,-0.1302308,0.03359765,0.1212388,-0.03959619,0.2203836,-0.3955071,-0.1389064,0.09932622,-0.001893222
1.456939E-08,-0.5248642,-0.06052452,-0.6864635,-0.0417669,0.2443993,-0.01958235,0.04079677,-0.5313167,0.0001058158
;
-0.05314574
0.07793321
0.1060072
-0.09882513
0.02009371
0.3856292
0.2961282
-0.763498
0.02942216
0.03250743
;
-0.4102044,-0.148369,0.1328026,-0.001575395,-0.3067339,-0.117389,-0.2047804,0.7510065,0.09080248,-0.3888745
0.3506136,-0.01550853,0.171981,-0.4148998,0.2690728,0.00072043,0.1490403,0.02724531,-0.4807252,0.005143039
0.05973174,-0.3558055,-0.4188797,0.4704896,0.4997468,0.1280126,0.4329749,-0.01629392,0.007001072,0.1110181
-0.2152695,-0.08612746,-0.06394622,0.03874472,-0.001827143,0.09989313,0.0846633,-0.01567704,0.06140127,0.003694747
-0.03867377,0.008629381,0.03828065,0.6178824,-0.4871187,-0.04404166,-0.2944535,0.01393228,0.01274026,0.2546753
-0.8714802,-0.5337225,0.3797355,-0.006156554,0.3415422,-0.1508449,9.718459E-06,-0.01603902,-0.1814255,0.004299547
-0.008649259,0.04553842,-0.3759557,-1.584556E-05,-0.02677473,0.4949338,-0.4021007,0.01682813,-0.05935629,0.3558357
0.4630009,-0.08857145,0.2836832,0.001575946,0.28716,-0.110022,-0.02069268,-0.04065454,-0.6444988,-0.306974
0.1237537,0.07604703,0.1219981,-0.03033731,0.2607127,-0.0001606217,-0.008582202,-0.07448531,0.3752536,0.09096296
0.01235777,0.5283871,-0.3301649,0.03422866,-0.06116388,0.1429427,-0.3787315,-0.1248576,-0.1929338,0.4591187
;
-1.191356,-0.4014531,0.00358142,-0.3773104,-0.2053613,0.3782027,-0.6227659,0.0004519119,-0.1932241,-0.4465141
0.06520778,-0.02887004,-0.4578891,-0.1546852,0.254001,-0.0639126,-0.1285251,-0.4020171,0.02492612,0.0217537
0.02085899,0.006923308,0.1917612,0.1140034,-0.1239231,0.9033563,-0.1025909,0.03798368,0.04460799,-0.01438816
;
-0.4174587
-0.00562809
-0.2359489
-0.2124511
0.2482036
-0.01812609
-0.2084046
-0.1330522
0.0152092
0.1656436
-0.4444906
0.7350973
0.03762509
0.2947442
0.08755974
0.0006124639
0.3085991
0.01789408
-0.01641339
0.0252309
-0.6497183
-0.01531528
-0.04768462
0.2302312
-0.4537728
0.2254061
0.0251015
0.7005872
0.04079738
-0.4880817
;
-0.4442659,-0.006362298,0.4934134,-0.407766,-0.1388417,-1.356798,-1.289145,0.4532923,0.1615893,-0.08921669,-0.477057,0.07847654,-0.2826209,-0.2363057,-0.473103,0.09616187,0.07119054,0.04227235,-0.139972,-0.1231653,-0.1067357,-0.8572593,-0.4887075,-0.04256481,-0.2782991,0.3535461,0.1939518,-0.06705778,0.1915108,-0.001558246
-0.2088243,0.0973323,-0.09779876,-0.2034557,-0.6089582,-0.2180455,-0.1131277,-0.0007238286,-0.1898642,-0.4456482,0.2553441,0.006672437,0.1841065,0.8015664,-0.005830904,-0.4272362,-0.07110757,0.4497605,-0.01604173,0.4916744,0.05176407,-0.5411863,-1.84998,-0.472562,0.930677,0.04802471,0.4395982,-0.1404298,-0.3782987,0.05064481
-0.1029186,-0.6345294,-0.2614621,-0.318807,0.2654696,0.9036955,-0.2693669,-0.3843354,-0.281597,0.05339055,-0.1002487,0.4340808,0.2240249,0.9158475,-0.01105839,0.006414899,0.4705456,0.08847649,-0.2649603,0.03988343,0.1121404,-0.009503586,0.1792937,-0.001851042,-0.6108121,0.1605629,0.231812,0.6317312,0.01267668,0.219237
-0.08300691,0.4127878,-0.03363595,-0.2751163,0.1801435,0.03946024,-0.03033799,0.0217366,-0.5428898,0.336154,-0.2028368,-0.4335117,-0.5269319,-0.264819,0.03640208,0.01406875,0.0006034471,-0.2435251,-0.6962629,-0.01042409,-0.7230421,0.02728724,0.3605931,-0.722912,0.4420732,0.07408135,0.3653784,-0.8509644,-0.4358925,-0.4787884
0.6914129,-0.02090269,0.2599758,-0.2931217,0.009969599,-0.3969685,-0.2962259,-0.006986973,-0.1813353,-0.1146149,-0.04596156,0.2908478,0.1507734,0.0003203482,-0.2373341,0.2550386,0.001156959,-0.02129161,0.311296,0.3491855,0.07822317,0.5300936,0.4453766,-0.4446472,-0.3146313,-0.07627171,-0.08255746,-0.003208395,0.02759486,0.8849605
0.3169388,0.009873569,0.01289094,-0.1086995,-0.1780004,0.2299585,0.4498899,-0.03984817,0.07910805,-0.05851509,0.4059044,-0.3206948,0.01552449,-0.3262118,0.4834251,-0.3725317,-0.001707546,-0.09329837,0.4117063,-0.1733316,0.2567414,-0.02245694,-0.5223525,-0.4986804,0.05725588,-0.02785077,-0.1613398,0.01000458,0.1958724,0.4920948
-0.2217052,0.156578,-0.0003953283,0.1921648,0.02077252,-0.4441091,-0.09174025,1.621405,0.0663659,0.3637198,-0.04005253,0.3263466,-0.1192918,0.003186231,-0.4266037,0.2672097,0.001052748,-0.3181422,-0.148656,-0.1924858,-0.4339093,-0.4665986,-0.456594,-0.2892607,0.02805638,-0.4495534,0.5126468,0.03284782,0.01053444,0.009213335
0.01212672,-0.005401812,0.5106946,-0.1215991,0.1114802,-0.3955775,-0.04166296,0.01859587,0.3664528,-0.04679,-0.6819726,0.5765399,-0.05559925,-0.4048468,0.1042333,0.1874235,0.3703109,-0.2794503,0.04246949,-0.3766983,-0.2680169,-0.5171987,0.1954958,0.2975405,-0.01099235,-0.7730536,-0.2796721,-0.4452317,0.01170274,0.004625007
0.004490416,0.3504228,-0.2509423,-0.04735869,-0.1421705,-0.4980198,0.2679353,-0.01243484,0.4559329,-0.00893944,-0.4098473,0.5742436,-0.5095015,-0.0008287902,-0.1034915,0.2325402,-0.009755744,0.2643534,-0.09594235,-0.1035816,0.01833797,-0.06091863,0.3095632,0.01285897,0.133967,-0.09312373,0.7140345,-0.4046141,-0.3938504,-0.596101
0.2894399,0.1398933,0.6355759,0.4920751,-0.0671267,-0.005365793,-0.5262039,-0.1743452,-0.4960717,0.4166446,-0.4714494,-0.3059995,-0.1833709,-0.7575558,-0.6004625,0.4000491,-0.09773005,0.1792355,-0.3637899,0.04716666,0.01883966,0.3246667,0.1670506,0.2951993,0.05335643,0.6037837,0.04442292,-0.004045338,0.0008018212,0.0126555
-0.006932458,-0.001267434,-0.1065277,-0.4778137,-0.3941736,0.7146932,-0.002769162,0.26451,-0.3634177,0.688616,-0.03840107,-0.3735022,0.326117,0.4358438,0.1166708,-0.1196811,-0.4170792,0.1572178,-0.4482778,0.2085873,0.1445926,0.7561117,-0.2899457,0.00142422,-0.1458398,0.04704805,-0.2764368,0.04258011,-0.3052747,-0.4116087
-0.09287047,-0.6467079,-0.0191271,0.4327596,-0.4493971,-0.3678101,-0.009259749,0.4683173,0.02184337,0.01037588,0.2971822,-0.4131451,-0.4764345,-0.08598395,-0.4789394,0.004430234,0.4389418,0.4143523,-0.3199176,0.352031,0.2809403,0.02264002,-0.06555286,-0.192416,0.1253209,0.1560761,0.1909079,0.05246393,-0.1015969,-0.00546521
-0.3157012,0.2196153,-0.5149026,0.3499916,0.1723028,-0.002293332,0.02055408,0.3502283,0.2722104,-0.8939292,-0.146676,-0.2884753,0.1705784,-0.4543533,-0.2466771,0.1638113,0.1599308,0.178982,0.1855311,-0.4424581,-0.381757,-0.2585191,-0.6089546,-0.04210991,0.08884376,0.001414439,-0.2470648,0.05118102,0.008586849,-0.2695206
-0.3511418,-0.4767085,0.3847497,0.00993143,-0.0004995465,-0.4899414,7.425373E-06,-0.1611717,-0.02866397,-0.1019951,0.06672906,0.6868353,0.2300116,0.08638674,-0.5747582,0.02725279,0.3675484,-0.1745185,0.1120045,0.1098987,-0.1717224,-3.57799,0.3370208,-0.015691,-0.0162118,-0.04885299,0.4442993,-0.3342119,0.00390398,0.182418
-0.3107779,0.2624996,-0.2680479,0.2186314,0.1641791,-0.007733009,0.02012344,-0.09275483,0.001788254,0.001276051,-0.8505812,-0.2489953,-0.162319,0.02618778,-0.03217949,-0.2087144,0.05741337,-0.4261659,-0.3419263,0.1247268,0.04327853,0.1215336,-0.01865093,-0.1606831,-0.02918263,-0.1733372,-0.2568203,-0.1125549,-0.4686007,-0.001450867
0.0005174994,-0.3884565,0.001524443,-0.6978008,0.02410618,-0.5936568,0.0998664,-0.3974205,0.04096024,-0.02082823,0.1326168,-0.0774917,0.4893993,-0.3425467,0.06550673,-0.107815,0.1782291,-0.004606013,0.1170699,0.01251638,0.2513937,0.1171904,0.381033,-0.2145305,0.1523957,-0.04991839,0.3475137,0.0857288,-0.00928098,0.01780717
-0.348851,0.0007651609,-0.02167197,0.07625297,0.3754246,-0.7040028,-0.04052871,0.1392242,-0.6807354,0.3541526,-0.2792007,-0.3581964,-0.3639206,-0.137161,0.2864169,-0.001332621,0.3695002,0.1021873,-0.00252764,-0.01088268,0.02449232,-0.4476836,-0.1834056,0.3407795,-0.2049019,-0.3422312,-0.004423934,-0.1976223,0.03981552,-0.07656819
0.03232783,-0.7634389,0.1935204,0.01742437,-0.4755714,-0.2201051,0.006371107,-0.8952456,-0.1398588,0.004802875,-0.706226,0.3289295,-0.0771212,0.3706691,0.1323844,0.04631186,-0.1296673,0.1352302,-0.1767679,-0.1967,-0.1234122,-0.04880495,-0.2088537,-0.001258796,-0.05434737,3.079327,-0.4504495,0.1118493,-0.1433382,-0.1230937
-0.3464143,0.06582389,-0.01922532,0.2539141,0.1588135,0.1891949,0.3420478,-0.001033267,-0.2463761,0.8113313,0.282389,0.04418059,0.8395002,0.07368293,-0.4090283,0.1621895,0.06304651,-0.03477012,-0.2301551,0.5320684,0.02397097,0.4603479,-0.4322042,0.1053667,-0.4989034,-0.3803791,0.07174975,0.4589641,-0.7738467,-0.04618056
0.3323829,-0.07221442,0.006523398,0.09971303,-0.02213473,-0.08822472,0.005309809,0.02150625,-0.1325925,-0.1138084,0.3813511,-0.6969853,-0.2034699,0.3896261,-0.2419344,-0.0583948,-0.1137173,0.09043317,0.2447309,0.3589385,0.001917135,0.8346767,-0.2437317,0.08302863,0.2106068,0.07125974,-0.4092065,0.4723535,-0.01017152,0.4545014
0.003943667,0.3101811,-0.1200548,0.4703424,-1.060231,-0.3280575,-0.0936133,0.1372158,0.08747599,-0.3723851,-0.4550309,0.9163733,0.05013532,0.4170303,-0.01992508,0.03265742,0.157497,0.03073762,-0.05649823,0.4510787,-0.1045393,0.177516,-0.5707805,0.003935354,-0.496688,-0.202672,-0.08072728,-0.4937749,0.3067422,0.1865962
-0.3510986,-0.06395799,0.1724495,0.06601614,-0.5887597,-0.1195017,0.4744748,-5.216416E-05,0.05466419,0.438808,-0.007601465,0.395939,0.2963722,-0.4850291,-0.4539644,-0.002323133,-0.09185019,-0.2963324,-0.008937413,0.06197649,0.09727031,-0.1217677,-0.3888366,-0.01335859,0.1279421,0.6328396,0.12462,0.3900547,-0.03695815,-0.2154448
-0.4100808,-0.3273159,0.2084875,0.04113445,0.08408695,-0.06122917,0.07728606,-0.2567823,0.5978681,0.1359706,0.4456269,-0.01524126,0.4772288,0.0166271,0.1335796,-0.005045618,0.2924507,0.4439846,-0.0613054,-0.2497907,0.01417543,0.5590072,-7.266214E-05,0.07717175,0.2830384,0.07807344,-0.01906308,0.09231776,-0.109516,0.4994417
0.003414112,-0.001375989,-0.06968487,0.3222562,0.05366112,-0.2278324,0.0623979,0.1671166,-0.8383357,-0.474316,-0.1688936,0.01455991,0.1725002,-0.01659379,-0.2404634,-0.08530425,0.1640704,0.5417412,-0.01895684,0.1757768,-0.3285871,-0.2681966,-0.09918671,-0.5032653,0.07064094,0.2435772,0.06471774,-0.0004088312,-0.09764822,0.002752734
0.009571027,0.07038633,0.07178289,0.3485717,-0.000543909,-0.3975608,-0.9589852,-0.03313125,-0.04222013,-4.676888,0.4614578,0.07787063,0.0551791,-0.003592954,0.1365755,0.1700407,-0.04166111,-0.02088554,0.1293577,0.1492619,-0.1253297,-0.3914215,-0.01509315,-0.4706893,0.001721142,0.3466768,0.1586334,-0.06972646,-0.06615538,-0.02407891
-0.01118359,0.5560169,0.1285982,0.05772979,-0.1250307,-0.0003801351,0.03271084,0.178903,-0.1034647,-0.3751031,0.260977,0.9979122,0.5218655,0.5037887,-0.001075458,0.0125229,0.3536078,0.1360919,-0.06454775,-0.05252878,0.4521532,0.1044925,-0.3940787,0.0358147,-0.6484571,-0.5894921,0.1823661,0.3841911,-0.5817572,-0.3003821
1.411506,0.1301685,0.02034951,-0.0002878716,-0.0003826215,0.8574467,0.6914829,0.03350911,-0.325487,-0.2962534,-0.03440836,0.2833743,-0.1036931,1.975013E-05,-0.02548622,9.12918E-05,-0.7055262,0.2723802,-0.1879321,0.01268934,0.2238333,0.2171598,0.2967141,-0.2593543,-0.1726728,-0.06034571,-0.6214651,-0.07147297,0.05734039,-0.02958421
-0.0228858,0.3245514,0.07141147,-0.2747084,0.3549204,-0.006234335,-0.1302139,-0.2650698,0.0289359,-0.3284642,-0.3004303,0.2599048,0.153404,0.7080048,-0.4382999,0.2691821,0.4339986,-0.06693199,0.05336155,0.4375814,0.1258971,0.1518554,-0.09507333,-0.366504,0.3480948,0.2616633,0.05465238,0.3079238,0.001783507,0.06717833
-2.603521E-05,0.4752747,0.1772575,0.3820233,-0.1311224,-0.04994217,-0.05072137,0.1230526,-0.240715,-0.007916275,-0.3024736,-0.3743342,1.147178,-0.4199438,-0.1640952,1.18943,-0.3412489,-0.0851759,-0.04294152,0.01856708,0.2213881,0.1988029,-0.2212853,0.2770157,0.000725956,-0.2963309,-0.3654883,-0.4268701,0.2586675,-0.6486838
-0.1023965,0.142601,0.4352614,0.7899592,0.1033414,-0.03163026,0.03522588,-0.008752593,-0.09934634,0.1011692,0.3850154,-0.3610438,-1.022825,0.04283208,-0.005134278,-0.1259915,-0.3654716,0.1131187,-0.3659502,0.3661678,0.7676887,0.1957157,-0.2112957,0.3868155,-0.4673387,0.2632759,0.397568,-0.04043391,-0.7095847,-0.4519562
;
0.007537995,0.3612151,-0.009916297,-0.4527073,0.007895422,-0.161639,0.01495095,-0.222411,-0.003467872,-0.02017361,0.4039073,0.1364207,0.6741135,0.003841122,-0.5435246,-0.02596008,-0.4535137,-0.1923149,0.01271579,-0.01195983,0.5946496,-0.03156876,0.03012152,0.4503981,-0.02780086,0.0108931,0.278067,-0.0003645101,-0.003216775,-0.04624646
-0.1409201,0.01619898,-0.07538635,0.3144766,0.01937845,-0.3819798,-0.2322157,-0.3852743,-0.5406294,-0.2575705,-0.2003185,-0.991892,-0.3111252,-0.3325243,0.424906,0.1067637,0.507564,0.4158623,-0.02978212,-0.6653632,0.2179969,-0.2310804,-0.002849758,0.4193672,-0.3958484,-0.5278097,0.1264659,-0.670595,0.02374619,-0.3495682
0.4643471,0.3136071,0.2297431,-0.02968752,0.09682816,-0.4186171,0.7142544,-0.004547376,0.06070812,-0.5990651,0.4457755,0.09100433,0.2531623,1.895831E-05,0.1971602,-0.4453274,0.001991361,0.0390533,-0.002071379,-0.002265871,-0.2822685,0.01139654,0.05594391,-0.08099508,-0.6217546,8.809978E-05,-0.04495737,0.007887375,-2.228143,0.2761464
;
