0.1157886
1.272197
-0.1550719
0.07919844
0.01540753
-0.4071704
0.2219898
0.00574261
-0.04854941
-0.05975363
;
-0.8513871,0.4384421,0.3168162,-0.2078918,-0.0487085,-0.001246669,0.4412053,-1.199658,-0.03998142,0.2404506
0.0362127,0.1329385,-0.1115478,-0.4890803,0.01668816,-0.007360753,0.3292601,-0.0005245341,-0.4242001,-0.4151958
-0.001395384,0.01581795,-0.3665471,-0.3753061,-0.5198544,0.2244584,0.08532011,-0.0009157444,0.02315311,0.6181582
0.001159814,-0.4269093,-0.3332224,0.244142,-3.28367E-06,-0.04198985,0.4402597,2.823691E-06,0.3810196,-0.5825039
-0.02704367,0.05896383,-0.2288269,0.02547431,0.2828591,0.004662958,0.4740328,0.1471114,0.1941758,-0.01855832
0.0205163,-0.1946995,-0.02054354,0.4636415,0.0006480589,0.3357118,-0.009545889,0.004065918,-0.008982249,0.08143892
-0.1641932,-0.4588173,-0.1038463,0.01888096,-0.04537132,0.03611533,0.3409829,0.1452137,-0.08823906,0.03795844
0.2436328,-0.3923516,-0.3042674,0.1759959,-0.303753,0.2631507,-0.9777871,0.03986962,-0.05225284,-0.4823067
-0.02754457,0.0005973164,0.2864929,0.3473756,-0.5226507,0.3546751,-0.1058513,-0.02317591,0.3073939,-0.08144683
-0.05956703,0.3926809,-0.3682092,-0.0173314,0.160168,-0.01666445,-0.3809462,-0.09482387,0.1701562,0.3556097
;
-0.3037913,-0.06369892,-0.1581374,0.003748123,0.08694451,-0.44911,-0.1230674,0.4003237,0.07222456,0.2447879
-1.640737,-0.2109196,0.1962252,-0.3559682,0.1373767,-0.02371611,-0.0819075,0.01756878,0.2379834,0.006564362
;
-0.1491506
0.09081608
-0.3503947
-0.2244464
-0.2299312
0.003321747
-0.2549127
-0.1093537
0.06140251
-0.403424
;
0.6941156,-0.4617483,0.1633191,0.2882727,-0.1119526,0.3210119,-2.109959,-0.1716539,0.2466083,0.4984095
0.05855228,-0.4660478,0.1987449,-0.5790459,0.1527689,-0.01331456,0.3650845,0.09464732,-2.077725,-0.008290021
0.4708329,0.08250386,0.1134046,0.003280739,-0.220985,-0.004322469,-0.5907915,-0.1043619,0.1063706,0.04368626
0.009455957,0.06052846,0.4604888,0.002926538,-0.3076237,0.09397286,0.4028007,-0.03548497,-0.2071077,0.09373182
-0.4156458,-0.2233862,0.1320505,-0.2940776,-0.1507161,-0.07934219,0.2057704,-0.171871,-0.141473,0.1387807
-0.1906684,0.2318209,-0.4113119,-0.2884012,0.3526533,0.07876688,0.000227291,0.5961963,-0.1086009,0.05310912
-0.08805078,-0.4571658,-0.4644635,-0.001154796,-0.3204271,-0.01147244,-1.309655,0.3439621,-0.4166983,0.4328181
-3.536536,-0.03184992,0.5963941,0.4296789,0.1303362,0.3273016,-1.314572,0.003735295,-0.04656108,-0.03222686
0.3777801,-0.01814057,-0.4012856,-0.1746947,-0.1480978,0.4649997,-0.3761162,-0.06663643,0.07838389,0.8311064
0.213639,0.305229,-0.2271838,-0.3700404,0.006168126,0.3856071,-0.1106841,0.2212249,-0.09551971,0.6083913
;
0.06759959,-0.04867962,-0.1090034,-0.09825188,-0.3245859,-0.002619643,-0.002957922,0.3290879,0.110244,0.1596275
-0.08816744,-0.009336997,-0.2099288,-0.007463396,-0.03503019,0.05230317,0.04868822,-0.001438741,0.2999457,-0.06277276
-0.1371788,0.009133533,0.2473205,0.4550362,0.00838262,0.8957617,0.008762244,0.01481265,-0.9746449,0.7511683
;
