-0.4772229
0.05633309
-0.09089668
-0.1909391
-0.02834283
8.824055E-05
-0.4485036
0.1692102
-0.2622652
0.01651248
;
-0.2995857,0.2696654,0.3563955,0.03293321,0.4665685,0.3355222,0.3520428,0.3981487,-0.09927036,0.1463166
0.2957293,0.01129134,0.7970976,-0.2820212,0.2547822,0.1007672,-0.2445972,0.1614111,0.005383094,-0.04386357
-0.2407805,0.03649022,0.4785815,0.1140582,0.03401521,0.3752632,-0.4390349,-0.04357076,-0.2773464,0.3037173
0.3249001,-0.06909272,0.3280757,0.06914002,0.4551857,0.4661407,0.1223918,-0.09540325,-4.859498E-05,0.04416903
0.07679096,0.1753417,-0.07417875,-0.01327522,0.2679389,-0.2398854,0.1212838,-0.2381914,-0.4692779,-0.001854241
0.002021504,-0.2350574,-0.0008112905,-0.370792,-0.1339708,0.1291655,0.06826304,-0.3507341,-0.3074459,0.2077137
-0.3091103,-0.3124281,-0.2818248,0.3984252,0.4929634,-0.7304639,-0.4777409,0.2636014,-0.06849295,-0.9182549
-0.3301208,0.004311151,0.4794064,-0.411384,0.1165596,0.003042321,-0.607052,-0.04509217,0.1329648,-0.0872419
0.2533553,0.2454116,-0.0003891751,0.0162892,0.04776782,-0.4784497,-0.3709626,-0.134005,0.4775907,-0.4351255
0.1321576,-0.4682388,-0.4043484,-0.2871822,-0.4371682,0.3419138,0.08540834,-0.03855686,0.1410684,-0.02792477
;
0.003722334,0.06778139,0.562837,-0.05706614,0.1543215,0.2309255,-0.01113259,0.4769394,-0.3283113,-0.001893222
-0.4208272,-0.0220168,0.0806822,0.3614756,0.1977168,0.2716796,0.03162439,-0.4370984,0.7549348,1.50466E-05
;
-0.4761584
0.4795233
0.3579518
-0.09882513
0.01078212
0.08097336
0.05272471
-0.227206
0.02286221
0.08333449
;
-0.4666282,0.1889167,0.007985764,0.7312759,-0.2214348,-0.0004838538,0.3722242,0.5316294,-0.2150159,-0.08870596
-0.8000851,-0.4500788,-0.6417661,0.3549371,-0.02112944,-0.191314,-0.4474177,-0.1202676,-0.08998626,-0.00688913
-0.1117465,0.000490129,0.002800836,0.0189361,0.7618996,-0.2288296,0.1308865,-0.1666878,0.1742146,0.1896449
0.0971331,-0.4688783,0.09238969,0.04947232,0.001146033,0.2191784,-0.1426514,-0.7464822,0.04605753,0.003694747
0.2605346,-0.4157605,-0.1110495,1.345057,0.04648884,-0.09000527,-0.1028086,-0.2345222,-0.00335053,-0.4526961
0.05804487,0.42212,0.01797682,-0.05360354,-0.5671868,-0.007426152,-5.008484E-05,0.03813157,0.2221397,-0.002820891
-0.2276388,0.2625986,0.008224499,-0.0001706016,0.3467819,-0.02382833,-0.2310128,0.002323115,0.08104082,-0.08887345
0.4630009,0.456216,-0.2079399,0.002376053,0.03059585,-0.09746538,-0.3822815,0.01723507,-0.2587997,-0.08267707
-0.04655083,-0.1085094,-0.2213185,-0.0977479,-0.1412376,-0.0101526,0.07519116,-0.07408603,-1.514175,-0.4497098
-0.02370945,0.328914,0.2984239,0.01122394,-0.02813083,0.1988702,-0.4424138,0.02677423,0.3810378,0.2633264
;
0.1966522,-0.003935148,-0.1165784,0.02891643,0.2154873,0.1694245,-0.3487059,-0.350222,0.1753137,-0.2363577
0.2549534,0.01554428,0.3500928,-0.1010079,0.1163121,-0.2112018,0.007004215,-0.4684449,0.4754639,-0.07805177
0.2761905,0.01505238,-0.04130295,-3.048377E-05,0.3040199,0.5826348,0.06745165,0.06701424,0.04460799,0.3582377
;
