-0.01178402
-0.3129191
-0.4755713
-0.308218
-0.3694563
0.0002203206
0.3203301
-0.02736869
-0.4238194
-0.6220922
;
-0.05533451,0.4313196,-0.7252213,0.1708331,0.01461123,0.855866,-0.0617109,-0.1902211,-0.3093265,-0.07255679
0.1598547,0.00672301,0.1060461,0.6294304,0.2547822,0.1390178,-0.4292216,-0.03312141,-0.1155359,-0.5489212
-0.348099,-0.2925853,0.6308463,0.001229697,0.4359366,0.098786,-0.3869941,-0.471039,-0.260956,-0.003255421
-0.2463035,0.04494517,0.03052749,-0.09050647,-0.3322093,0.02287346,-0.07359424,-0.1188544,-8.658865E-05,-0.138862
0.2614871,0.008909384,0.6939949,-0.1346886,0.07998914,0.01434467,-0.1667778,-0.3256935,0.6746406,-0.09587101
0.3140714,0.2919632,0.1068668,0.2183803,-0.4040865,0.5009546,-0.09215731,-0.2401919,0.0007375273,-0.01146764
0.201451,0.08466524,0.4258338,0.4778081,0.07955895,0.4582533,0.2401364,0.08499157,-0.06118584,0.6008991
0.191157,0.1771978,-0.9479033,-0.11273,0.2118551,-0.05311531,-0.3579586,-0.007425156,0.2778578,-0.479572
-0.09787673,0.2536621,0.003815114,-0.06986767,-0.02866975,-0.3598951,0.01783896,-0.0843062,0.1464456,-0.2829205
0.4823341,-0.008815541,-0.00954634,-0.1018554,0.004502339,0.56388,0.1095715,-0.07866152,0.2594573,-0.4524038
;
-0.0008100851,0.4184647,0.1057026,0.0002195919,0.4517078,-0.09399655,0.09116274,0.01047041,0.7020419,0.1831056
0.153915,0.3167135,-0.01544866,-0.3653609,-0.2659446,-0.1938657,-0.04933085,-0.003866926,0.008603669,0.01533836
;
-0.01606106
-0.2124416
0.2375444
-0.2233657
-0.06176663
0.2459475
-0.09560283
0.008186094
-0.3431782
0.01369121
;
-0.4975465,-0.09122614,0.1492393,0.1999982,-0.3982497,-0.04851132,0.5190356,-0.8635788,0.07909606,-0.05470689
0.4119506,-0.439526,-0.03242344,-0.04703309,0.3556445,0.2016557,-0.1905361,0.1483269,0.3489959,-0.01121121
-0.161656,0.2689204,-0.2181156,0.1336091,-0.5532427,-0.0788459,0.07543868,-0.2054305,0.2343967,-0.178034
-0.0004748879,-0.06241995,-0.2293848,0.2214018,0.0009647016,0.2519508,0.4324498,-0.05848362,-0.4449805,0.06446725
0.5790398,0.4821612,-0.03606212,1.098381,0.02587861,0.1278034,0.213911,0.04536957,-0.2518904,0.09861714
0.1747676,-0.3372962,-0.00425759,0.1314238,0.1335153,0.4148923,-9.731053E-05,-0.1132898,0.1659418,0.5641452
-0.3251233,0.01483676,-0.0003056601,0.437225,-0.01288432,0.4220332,-0.1814067,-0.1483339,0.06405073,0.002125189
0.07158325,0.3119242,-0.149931,0.06606103,-0.4480797,-0.09458846,-0.7016516,0.0958454,0.02220851,-0.4025578
0.07355589,0.1802739,-0.7595034,0.002633893,0.0007813607,0.2914829,0.01119598,-0.1711344,-0.08911388,-0.1426959
-0.3099982,-0.4148208,0.2708142,0.6565723,1.733238E-05,-0.002424908,-0.001937,-0.1407226,-0.7905486,-0.2633264
;
0.3560587,-0.3279163,-0.3638913,0.003385423,-0.1088302,-0.4272777,-1.117691,0.6449969,0.4106386,0.005906706
-0.4622207,0.5968326,0.4500227,0.08041745,0.00863996,-0.06368977,0.1666922,-0.3988955,-0.4825046,0.4418931
-0.1028466,0.4810146,-0.5413201,0.04461044,-0.006532233,-0.05321962,-0.2954599,0.06778997,0.3283783,0.00123436
;
