0.2689872
0.08931886
-0.006388826
0.2957091
-0.01473458
0.009255516
-0.183485
-0.1561992
-0.4724691
0.4818614
;
-0.2766393,0.7588177,0.4373001,0.2314676,-0.02128139,-0.0987836,0.3350068,-0.3312378,0.1100235,0.4112802
-0.1935143,-0.01201992,0.3849239,-0.008459965,0.144444,0.1844101,-0.129363,0.3514442,-0.05298036,0.05825737
0.1560447,-0.2925853,0.3883545,0.01550275,0.7077274,0.6739832,0.4348191,0.0313259,0.07065183,0.2969853
0.1310899,0.04011931,0.3280757,-0.1304031,-0.1946569,0.1222576,-0.1223918,-0.09540325,-4.859498E-05,0.03233418
-0.09524582,0.04018401,0.07417875,-0.4472133,-0.04930692,0.1305772,0.06414251,-0.2769599,0.02655018,-0.1565271
-0.0009313217,-0.3556786,-0.3142338,0.5396354,-0.3149426,-0.1291655,0.09215731,-0.2657326,-0.1472375,0.2065009
0.02450516,-0.209706,-0.2818248,-0.181339,0.1258305,-0.2420895,-0.2542548,-0.01339739,0.06334215,0.4047502
-0.1435507,0.001607901,-0.5361151,0.8162103,-0.07798398,0.005179255,0.4507402,-0.01970363,0.008507669,0.1002477
-0.2078237,0.2187727,-0.5061415,0.01318184,0.04776782,-0.02160268,0.1144447,-0.5275122,-0.4775907,-0.0006310528
-0.6025108,0.6512137,0.01566538,-0.2871822,0.1663713,-0.3419138,-0.1608953,-0.1588342,-0.2886129,-0.02541459
;
-0.0002150324,-0.03465116,-0.1706892,-0.0003011526,0.008381994,-0.07837767,-0.01113259,0.7425427,-0.4961349,-0.000159105
0.06659204,-0.01940848,-0.0806822,-0.464164,-0.2026825,0.2716796,-0.04014048,0.05287808,-0.04108077,-0.2154369
;
-0.02683641
-0.780682
-0.01056646
0.07684841
0.1788504
0.02772778
0.03456836
-0.1487459
-0.3431782
0.02133068
;
-0.2220261,0.09122614,-0.1492393,0.0004659244,-0.276731,-3.111342E-05,0.6791979,-0.3286998,0.09151373,0.0335693
0.1228614,-0.4963819,-0.1827738,-0.4816434,-0.01178463,0.3321283,-0.4890524,-0.262009,0.08998626,0.02876569
0.09459942,0.1595232,0.1584769,-0.1483547,-0.3852493,0.2288296,-0.4748052,-0.1373869,0.5656382,-0.6524592
-0.3687487,0.08969248,-0.5062597,0.3827929,0.002743879,-0.2031694,-0.4753835,0.4670319,0.3460703,-0.06446725
0.4933207,0.2353444,0.07210237,1.241633,-0.1020795,0.07427245,-0.1744887,-0.03088856,0.02916588,0.1176784
-0.03476858,0.005541697,0.4036022,0.1296422,-0.03225366,0.004408993,-2.843889E-05,0.0098238,0.05498072,-0.005437644
0.0002931507,-0.05401962,-4.013137E-05,-0.0002275159,0.4664392,-0.4220332,-0.3222064,-0.4590218,0.266309,-0.001787112
0.03200548,-0.0253179,-0.09214228,0.05919522,-0.4870035,0.1928708,-0.4790778,-0.005427017,-0.3374583,-0.04629953
-0.06199974,0.1802739,0.2120301,0.03538893,0.00134885,-0.023264,-0.0242675,-0.04417555,-0.6334732,0.1521122
-0.82843,0.2195206,0.4229498,0.4049855,-1.733238E-05,0.09164475,-0.01084191,0.3018313,-0.06206238,-0.2910092
;
-0.3121164,-0.0009261842,-0.2247699,0.0138058,0.1598679,-0.07304756,-0.4742293,-0.0007701572,-0.2147412,-0.1758701
-0.1210965,0.3033312,0.4799254,0.03162037,0.006286026,-0.08788947,-0.03519855,0.6465566,0.2064983,-0.02573724
-0.2118617,-0.0188005,-0.4109694,-0.0001732142,-0.177218,-0.05321962,-0.3242496,0.05700165,0.1753161,0.1104798
;
