0.3292172
-0.3223584
-0.2379008
-0.1712874
0.01781771
0.1109261
-0.3124686
0.02145446
0.04322305
0.6487693
;
0.3523856,-0.3877386,-0.03368479,0.08545727,-0.4165121,0.4728628,0.1668964,-0.008234228,0.6679383,0.2092185
-0.1081981,0.306394,-0.08960754,-0.1199889,0.2366186,-0.008276403,0.01218649,0.2229035,-0.01387806,-0.2155333
0.001565091,-0.09872265,-0.4331544,0.1777291,-0.1883752,0.639544,0.1330973,0.4931829,-0.227124,0.3923104
0.7042783,0.414582,2.20674E-05,-0.2422709,0.44848,-0.143788,-0.009728492,-0.1871234,0.2484144,-0.01857259
-0.01638199,0.0412663,-0.2880691,-0.08479589,-0.1897647,0.03459391,0.0003264666,0.0373252,0.05474042,0.3095608
-0.002119369,-0.02930999,-0.03391725,-0.2360208,-0.601751,0.03285773,0.4097363,-0.09403902,-0.3948121,-0.3205993
-0.3646671,-0.003784262,0.6516038,0.4392134,-0.4242363,-0.009359787,1.212466,-0.08390091,0.0593149,0.0731016
0.4762883,-0.2280284,-0.1846819,0.4829797,0.0003425617,-0.112753,0.03854774,-0.03916143,0.001391285,-0.04583798
0.03059334,-0.6645225,0.04975985,0.02364409,0.3027557,-0.7664073,-1.809235,-0.03335672,0.7323411,-0.4084513
0.0296787,-0.04935331,-0.07117663,-0.3501696,0.8105426,0.05264207,0.3178385,-0.3070415,-0.05783552,0.1731004
;
-0.04410809,0.06341902,0.1553818,-0.01190029,0.2461841,-0.1500559,-0.1477846,-0.00303423,-0.2018371,-0.0295559
-3.833923E-07,0.01831931,-0.08134414,0.2675471,0.4360369,0.2932768,0.583603,0.04551858,0.2013516,-0.3851556
;
-0.004746642
0.02079603
-0.04670446
0.1243171
-0.1764997
-0.006218668
0.01992245
0.04198097
-0.0004218971
0.2783324
;
-0.4692377,-0.2536004,0.3885678,-0.1556091,-0.09285594,-0.01791753,-0.02875886,-0.01425821,-0.2550658,-0.03927322
-0.128494,-0.3253176,-0.4586044,0.08618157,0.0001572825,0.07567465,-0.4151297,0.4114271,0.2806685,0.430636
0.1770124,0.1794742,0.06070278,-0.003478477,-0.2789139,-0.4088094,-0.1381516,-0.1780146,0.1542117,-0.6032211
-0.1910393,0.006869629,-2.090015,0.4062926,-0.2050025,0.003060276,0.4000356,0.003499982,0.01964701,-0.409053
-0.1599863,0.02039499,-0.3533919,-0.002653786,-0.0843484,-0.1676819,-0.2461264,0.1059412,0.2737648,-0.3449503
0.3101789,-0.01988713,0.02434247,0.8514054,1.181438,-0.1175019,-0.08240348,-0.2694843,-0.1408347,0.5417959
0.07776937,0.2868733,-0.004090668,0.0005659987,-1.144138,-0.2678168,0.3318588,-0.2384468,-0.2415315,0.07727849
-3.679415,0.03269818,-0.2661418,-0.09221745,-0.1936196,-0.2030134,0.1938085,0.01429859,-0.00473649,0.9591468
-0.3444665,-1.270416,0.001960256,-0.006794754,-0.01660365,-0.29258,-0.4073541,-0.1262393,0.3778188,0.3904959
0.357399,0.3593626,0.06294589,0.04651874,-0.1487066,0.1039112,-0.2903102,0.2216271,-0.2367684,0.3443325
;
0.01262912,-0.01810986,0.03180367,-0.1688786,-0.4363644,0.2654352,0.5893151,-0.3970869,0.01159491,0.02657574
0.003064714,-0.1842737,-0.02672218,0.3837809,-0.09616047,0.1592429,0.01146991,-0.01941574,-0.09328884,0.03084077
-0.247989,-0.1604432,0.04753932,0.04117101,-0.2024711,0.07844621,-0.06380741,0.2511494,-0.5817496,1.356501
;
0.05006806
-0.02382948
-0.02981049
-0.2667233
-0.02347657
-0.003565119
0.3161484
-0.1106755
0.5724159
-0.01422782
0.2229295
0.3465663
0.005620437
-0.1220508
-0.04032491
0.2802628
0.0430191
-0.4840355
0.413304
-0.0802834
0.2386829
0.001777526
0.3548776
-0.1580777
0.4267875
-0.2279733
0.1393412
0.4569339
-0.02299851
-0.2407788
;
-0.1069407,0.2556545,0.8981969,-0.4569587,0.04628038,0.1797453,-0.001420592,-0.3653567,0.001078131,-0.9013571,0.377806,-0.350606,0.2623382,0.376318,-0.4680929,-0.3563976,-0.005209478,0.2891525,-0.2778072,-0.3694431,-0.1966382,-0.01785463,-4.060594,0.01765472,-0.0743276,-0.01098484,0.09020821,0.4015795,0.2808353,0.3926973
-0.2360124,-0.2790789,-0.1106595,-0.07838837,-0.3758196,-0.1425186,-0.06904477,-0.05369956,0.1181452,-0.02658099,-0.2408791,0.3378125,-0.1997949,-0.2992235,0.07412028,-0.1479521,0.1298402,-0.1344887,0.0163975,0.4951364,-0.2661539,-0.04067924,-0.2217496,0.4733588,0.4607038,-0.09039786,-0.4599613,0.06195268,-0.004879773,0.3541828
0.2207717,-0.4545543,-0.0005167052,0.4827991,-0.05953628,0.5667036,0.6888971,0.0175196,-0.1172466,-0.4056479,0.5300869,0.4810044,0.365577,-0.4499192,-0.730122,0.4149365,0.1802395,-0.04554155,-0.1183812,0.4109358,-0.001266034,-0.415095,0.03180756,0.0443309,0.4088213,0.1627531,0.2041997,-0.02987573,-0.6529858,-0.001787186
0.03038382,0.1508816,0.0965038,0.04580494,-0.01286035,0.1971678,0.1127634,-0.07873744,0.04651501,0.09565897,0.1034819,0.1426562,0.3157132,0.01330131,-0.4126189,-0.3219572,-0.06123859,0.01507528,-0.1345974,-0.3566879,0.464306,0.1350929,0.2243742,0.067662,-0.1270451,0.2513012,-0.1638935,0.496974,-0.008392822,0.2083292
0.3100046,0.3089064,-0.1993026,-0.4826575,-0.3311712,-0.5488963,0.4462992,-0.7153919,-7.333469,-0.2146997,0.3578497,0.00663694,-0.2829605,-0.2352318,0.06597134,-0.005442722,0.02947694,-0.112878,0.1039316,0.008337556,-0.8155409,0.2688305,0.01818782,0.1721522,0.3893322,0.2803347,0.00560474,0.8464478,0.04508885,-0.01667332
0.1369599,-0.5403095,0.06480067,0.495216,0.1762813,0.3337232,-0.4937198,0.01748968,-0.4729854,0.06116134,0.338792,0.5489684,0.177604,-0.02263635,-0.4950156,-0.1967262,0.7092069,-0.1547719,0.06678009,-0.1655398,-0.2387668,-0.1836511,0.02212045,-0.2550039,0.06089394,-0.3142394,0.0680756,-0.4724702,-0.5499135,-0.1564353
0.02940307,0.1995838,-0.001227699,-0.004433806,0.5884576,-0.2261371,0.1634911,-0.3268098,-0.3223588,-0.3932464,1.381602,-0.4025948,-0.2466951,0.0452091,0.6264491,0.1412569,0.230933,0.2279131,0.1623286,0.01473695,0.002101024,-0.4668614,0.1157149,-0.4287609,0.1116613,0.2451871,0.1555341,0.2003692,-0.5234506,-0.473388
0.3161503,-0.006886241,-0.002202571,-0.0113506,0.4482928,0.09942486,-0.3764786,-0.3462203,-0.2859426,-0.1258825,0.2761718,-0.0522163,-0.1471533,-0.1947308,0.5634611,1.67351,0.06676048,-0.1125694,-1.451164,0.1646219,-0.123844,0.184648,0.005409992,0.04752652,-3.767948E-05,0.001736136,-0.02514012,-0.04801936,-0.3384001,0.05742437
0.2402802,0.2744229,0.06637126,0.432556,-0.001311115,0.02129057,-0.4145968,0.4406705,-0.1495097,-0.06174033,-0.189589,0.2447892,0.3505725,-0.2145955,-0.0008172599,1.35664,-0.07216062,-0.2164297,6.618962E-05,-0.4298311,0.2762204,0.001654112,-0.3104721,-0.06201409,0.005998086,0.2972413,-0.329731,0.003775587,0.3709743,-0.2395286
0.304741,0.1870098,0.1448822,0.6367775,-0.1201068,0.09915096,0.4962864,0.2475267,0.4846587,-0.04579873,1.026301,4.862293E-05,0.2157821,0.0778394,0.0565117,-0.494642,0.05049471,0.05600709,-0.004559183,-0.2536258,-0.1337401,-0.278877,-0.2981407,-0.2126292,-0.04285691,-0.03211515,-0.5505663,1.011665,0.1574794,-0.07629136
-0.0772013,0.09324555,0.2366166,0.01645702,-0.06113676,0.3082185,0.2211694,0.1997066,0.01102056,0.06878832,-0.8708669,-0.370611,0.198745,0.1190466,-0.2647374,0.006011474,-0.08857495,0.2159216,0.4190167,0.0049998,0.4351343,0.00633961,0.1134776,-0.006916591,0.0508756,-0.03316123,0.02379694,0.1743329,-0.0001583015,-0.419625
0.4991669,0.08892389,-0.1949985,0.1674998,0.1426139,-0.1263333,-0.255721,0.0006683252,-0.3236867,-0.04282211,0.3006538,0.1775021,-0.04711475,-0.01449748,0.4057703,-0.02690773,0.3835025,0.4033051,-0.6694596,-0.238757,0.1958029,0.3536144,-0.2359801,0.04774654,0.2776105,0.889887,0.3431591,-0.06641236,-0.2407915,-0.0330116
-0.5553026,0.6484066,-0.3123353,-0.1334619,-0.4667116,-0.2105688,-0.002470276,0.0005830879,0.3429984,0.229107,0.0004610636,0.2102681,-0.4873145,3.471177E-05,-0.6404749,-0.003114358,0.04479966,0.1288499,-0.04913976,-0.4804924,-0.6945643,0.177737,0.168582,-0.004599988,0.02215601,0.1041548,0.002153547,-0.6772966,-0.4688537,-0.155684
-0.5554805,0.1447081,0.1502019,0.1146579,-0.03144279,-0.2724144,0.05145305,-0.0219168,-0.2713462,0.8688489,-0.3552133,-0.01481552,0.01017842,-1.038893,0.3033186,-0.02503196,0.2187091,0.4903061,0.3608049,-0.01586293,-0.002491764,-0.009345949,0.9326845,0.2171903,-0.1317428,0.130057,-0.03472509,0.3847674,-0.1139485,0.3079201
0.02388484,0.04503124,0.9232072,-0.06843822,0.06510307,0.109331,0.01395827,0.05386327,-0.4104275,-0.211805,0.3628328,-0.6193867,0.1525601,0.4670535,0.2104252,0.01211495,-0.349544,0.003586716,-0.5222129,0.4685545,0.2056537,0.3155119,-0.01733098,0.01634923,-0.2511805,0.05281174,0.007587053,0.02754974,0.2664027,0.142012
0.1490671,-0.6752705,-0.1855137,0.003650783,-0.1258747,0.7071438,-0.2926589,-0.07275239,-0.4283621,0.04810962,-0.1089479,-0.07911726,0.4240414,0.000134343,-0.04769877,-0.2559808,0.02957481,0.008055753,-0.01401561,0.4106174,-0.1445757,-0.3567475,0.04045669,0.01300169,-0.1542277,0.007273438,1.079988E-06,-0.4963874,-0.4944184,0.3525043
-0.05921608,-0.6070305,-0.1211423,0.2395964,-0.01761574,-0.1277611,-0.03699537,-0.2048026,-0.1061305,0.002484869,-0.2093496,0.01210405,0.000164699,0.4038828,0.1703953,0.3115801,-0.00507109,0.025947,0.1064803,0.1143838,0.0004714409,-0.08016896,0.1338346,-0.3720984,-0.1012468,-0.4152459,-0.1636719,-0.412826,-0.3481683,-0.4578254
-0.0620808,0.4527718,-0.0586313,0.1100922,-0.5504537,0.2859002,0.01781324,-0.2197086,0.2734636,-0.4644334,-0.1036956,-0.1265424,-0.003469741,0.01336888,-0.05625409,0.02410921,0.03197793,0.08574799,0.0488672,-0.476316,0.004908105,0.08551687,0.0326035,-0.1449476,-0.2513472,0.4794249,-0.3057449,0.07780335,0.01123561,-0.3013468
-0.1776088,-0.006928358,0.1910536,0.06604683,-0.3035548,-0.1886378,-0.8563093,-0.2167965,0.2763491,-0.3763655,0.4359441,0.1256088,-0.03234678,-0.01383073,-0.5083392,0.9040793,0.2684501,0.04880622,-0.01655813,-0.007201703,0.163282,-0.0004346865,0.1192114,-0.006140659,0.5541777,0.1684358,0.3262852,-0.4484838,-0.4759736,0.1782515
-0.07061905,-0.4987967,0.215391,0.4941192,0.1468553,0.2362554,0.1838831,-0.4044297,0.4723709,0.414427,-0.02947873,-0.2612156,0.1066207,-0.05619698,-0.002197453,-0.209962,0.08945988,-0.4393225,-1.137345,0.000276925,-0.473716,-0.103626,0.3066458,-0.01098225,-0.1311144,-0.4474638,0.1816402,-0.0001471488,0.2950584,-0.1082241
0.2275444,-0.02236884,0.01138433,0.05337401,0.03773702,-0.3974992,-0.7469057,0.005409549,0.07861511,-0.1720096,-0.3413506,-0.0644265,0.1142181,-0.004742589,-0.5167009,0.01901725,0.1101828,-0.1162542,-0.07353121,0.04153259,-1.664555,0.02476332,0.3127091,-0.00166174,0.2298342,0.2564245,-0.03570952,-0.6289518,-0.1630609,-0.4943449
-0.0214756,0.09972706,-0.07381155,-0.3730714,0.04948285,-0.197888,-1.104304,0.05175297,-0.002492964,-0.005327089,-0.004506077,0.5812114,-0.01277651,0.0002390798,0.3692403,0.00158418,0.1601026,0.4382265,0.4504284,-0.01845943,0.002593268,-0.01176253,-0.03380385,0.04477275,0.0009456252,-0.02794617,0.03209722,0.227045,0.3523149,0.3387088
0.01578862,0.3232392,-0.06005009,-0.227625,-0.1522167,0.1295024,-0.4706062,0.2615318,0.1763599,0.4497117,-0.001117951,0.6676816,-0.4123019,-0.3032023,-0.05403832,0.182861,-0.1647658,0.1770335,0.2803642,0.1271424,-0.3122442,0.04933423,-0.3099492,0.2451079,-0.08064313,0.3381549,0.5796922,0.7055241,0.122524,0.49124
-0.0337179,-0.05049254,-0.2283001,-0.09030217,-0.3508174,0.4983328,0.270385,0.00848863,0.2595465,-0.006226679,-0.0003619012,-0.111321,-0.0005095098,0.1811586,0.5336107,0.1194565,0.3420386,0.09570219,-0.4949007,0.04129606,0.009601558,-0.033976,0.01787607,-0.02307536,-0.7285665,-0.1131867,-0.3715872,-0.4963312,0.0410984,0.3295553
-0.3163674,0.2335629,0.3895308,-0.4296225,2.986947E-05,0.5608376,-0.4170741,0.08504485,0.0005429347,0.05290979,0.008480525,0.0972155,0.1981053,-0.2047778,0.4491836,0.07205778,0.04990311,0.05262333,-0.4367214,0.007833744,0.0973018,-0.1592405,-0.4959624,-0.2830065,-0.7865408,2.323901,0.3250512,0.01732793,0.0183055,-0.1666451
-0.2016312,-0.4581388,-0.4577315,0.2723779,-8.002713E-05,-0.2447906,0.437345,-0.09048229,-0.469204,-0.2003747,0.01773226,-0.250638,0.05732304,-0.03790218,-0.0160709,-0.06124259,-0.400368,-0.01275011,-0.2070195,0.01482041,-0.5589714,-0.1838142,0.3927615,-0.0797804,0.08637315,0.06496156,-0.08625704,0.00191492,-0.0001929755,-0.2825724
-0.1110763,0.05173498,0.02208528,0.2284798,0.006386136,0.267049,0.2947007,-0.004858772,-0.01928595,0.06352843,0.2056558,0.3822941,0.1526683,-0.04473081,0.6933439,-0.02875298,0.2398085,0.3651479,0.3619487,0.2755231,-0.0765335,-0.04244374,0.1203558,0.3951743,0.1092089,-0.3076273,-0.03528219,-0.3168645,-0.08439891,-0.06431097
0.5582958,0.3228757,0.2409576,0.2319975,-0.08525936,0.03880562,-0.141673,-0.2106507,0.4504434,-0.15351,-0.3935096,-0.06326872,-0.6217065,0.4599748,-0.4295854,-0.4184694,0.404528,0.1035854,-0.246376,0.003491104,0.001628575,-0.6131194,-0.2280539,-3.659954,-0.3910185,0.06398484,-0.2036256,0.08807016,0.03841524,0.1186017
0.3716374,0.2345571,0.02405173,0.1540854,0.3870537,0.3398998,0.434553,0.3710658,-0.3290327,-0.2949743,0.3221299,0.6469455,-0.0005189977,0.03922147,-0.2533797,-0.3854498,-0.2114409,0.2445407,-0.4268533,-0.1642058,0.3380749,0.2077498,0.273895,-0.01840256,-0.09107009,0.3305454,0.2010405,0.04380418,0.01858065,0.003230494
0.2875226,0.4440869,-0.01266977,0.2577351,0.02586352,0.2215122,-0.03877928,0.2290033,-0.6403652,0.2760783,0.002419814,0.1993778,-0.001593611,-0.4436733,-0.3744944,0.2467204,0.01230956,0.0576184,0.01336295,0.03191712,0.764993,0.1797968,-0.2361966,1.680154,-0.2544512,0.009802476,0.3997897,0.01957333,-2.726361,-0.1863248
;
-0.5920615,0.03957432,-0.2397242,0.3173356,0.02628902,0.0002120595,-0.3906105,0.003122151,-0.506052,0.5529125,-0.02013029,-0.01251323,-0.4885608,0.2272651,0.1587596,0.2102594,-0.06079569,0.01895517,-0.01882031,-0.01259908,-0.2486951,0.008184147,0.112946,2.253732E-05,-0.2684445,-0.06393769,0.007519688,0.3377662,0.2048487,0.2712896
-0.0180747,0.02015083,-0.2736043,0.2010391,0.06619638,-0.1354764,0.09585982,0.2508592,0.01045192,-0.000899141,-0.03185946,0.01424637,-8.496626E-05,0.03299926,0.02349258,0.2771521,0.3105109,-0.1860587,-0.3457478,-0.08175392,-0.03261488,-0.1441612,-0.04622418,0.0001397553,-0.07212754,0.03095049,-0.3268886,-0.01424798,-0.1480389,0.3108778
-0.01591017,-0.4265997,0.47864,-0.3966876,0.465695,0.006292745,0.08312453,-0.03717704,0.1177695,-0.4536112,0.1010113,-0.0004907981,-0.05897605,0.3807471,0.1442516,0.09266965,-0.3195137,0.118779,0.6227721,-0.2148511,-0.00276524,0.05592632,0.4419116,-0.4063206,0.3295058,0.07419648,0.1277911,-0.2174772,-0.1607726,0.2156819
;
0.04842799
0.4914499
0.1328455
0.02075883
-3.485595E-06
0.4531001
-0.2674642
0.5147642
-0.02841585
0.05297994
0.1393616
-0.008188381
-0.1882508
-0.3733394
0.3785288
0.4342487
-0.1094411
-0.0660091
0.3197659
0.02158264
-0.01395701
-0.1496205
-0.2152557
-0.00216112
0.2282678
0.7734042
0.1959449
-0.03206823
0.3148814
-0.175617
;
-0.03656475,-0.5032925,0.09146437,-0.1559969,0.499102,-0.01418072,-0.3068798,-0.02783032,0.0861496,-0.1065142,-0.1376779,0.2989099,-0.2505391,-0.04450682,-0.3690116,-0.0006630839,0.004181174,-0.2830527,0.003579737,0.2110418,-0.01096592,-0.3541662,-0.1002716,-0.2115537,0.08868843,-0.0533921,0.01299233,0.05208725,-0.04575468,0.1545984
0.3076403,-0.002369106,0.4369218,0.3233047,0.05455726,0.2996709,-0.1824793,-0.02193194,-0.1194191,0.4814816,0.1486248,0.2410124,1.089092,0.0171765,0.05946691,-0.1848992,0.03935546,-0.05716115,0.361347,-0.3185933,-0.09542277,0.001327271,0.04383519,0.1882806,0.2628419,0.3696567,-0.08194494,0.01450629,-0.1713843,0.06419586
-0.0138639,0.4072547,0.0957759,-0.6806956,0.04591471,0.0003359583,0.9190528,-0.1242489,-0.1110237,0.02044693,-0.4371066,-0.3030469,0.05606142,-0.4468735,-0.6032568,-0.301678,0.4223228,0.02828956,-0.08832837,0.06159023,-0.2745548,0.3850549,-0.04748732,0.1485797,0.001011789,-0.05107621,0.395485,-0.1821289,0.402663,0.2148508
0.1749944,0.0565305,-0.105669,-0.7643859,-0.2780288,0.001165402,1.858669,2.579547,0.5554787,-0.04388313,0.2722943,-0.2280444,-0.01517767,0.1161005,0.1942992,-0.2100397,-0.1614863,-0.02330125,-0.4345793,-0.2885993,-0.241509,-0.08381907,0.168444,-0.3393003,0.161729,-0.2474734,0.218501,-0.1375861,0.03425609,0.143537
-0.003010402,0.3332312,-0.5074255,0.0003705523,-0.7632891,-0.001241184,-0.2350878,0.1330154,0.2231093,0.6441281,-0.3549696,-0.07242538,-0.3590153,0.2739686,-0.1173182,-0.0004667054,-0.2930949,0.1850931,-0.8986536,-0.1102301,-0.2443915,-0.483066,-0.03370261,0.03711751,-0.3124601,0.02623438,0.3049135,0.1797863,0.2776952,-0.02744275
-0.3012934,0.03548127,0.1002589,0.02968107,0.09805512,-0.16163,-0.4538696,0.03523917,-0.4937406,-0.3874371,0.4561375,0.5498648,-0.5725676,0.0006139262,-0.4310108,-0.1374884,0.3337929,0.1646151,-0.1702094,-0.03692628,0.4015849,-0.01680421,-0.01307591,-0.02790972,-0.2610207,-0.2444645,0.07419366,-0.01605992,-0.08855477,-0.01467291
-0.08669525,0.08905283,1.040263,-0.04991633,0.3322145,-0.07303208,0.0003111701,-0.01067902,-0.3760684,-0.04138244,-9.350666E-05,-0.1458483,-0.7198483,-0.2154613,-0.0001008407,-0.2970015,0.2904474,0.004967375,0.3301587,-0.09077355,-0.0317868,-0.3963072,-0.1647912,0.2985195,-0.2380482,-1.099475,0.4067937,-0.01103369,-0.07228976,0.1040274
0.1177961,-0.5012178,0.5190622,-0.1872961,-0.9715381,0.7500499,0.4433198,-0.005499222,0.4939155,0.1018991,-0.143884,-0.1173101,-0.06575745,0.01035374,0.1447104,0.3350208,0.00140178,-0.4380681,0.5442026,0.07826435,-0.05437798,0.2076641,0.2208674,0.01508431,-0.06198546,0.09671572,0.01265888,-0.159256,0.0007271217,-0.2283634
0.5127305,0.5872383,0.427512,0.2852863,0.1712385,1.445241,-0.4500424,-0.2922891,0.6662754,0.001565091,-0.2479793,0.09372165,0.1284648,0.1067321,0.2060387,0.4397913,-0.3690861,0.05565767,-0.01389311,-0.1517775,-0.1821026,-0.7774892,-0.1084515,0.05078755,-0.1756099,-0.11586,0.05148933,0.2511668,-0.01367891,0.2460749
-0.01461118,-0.427104,0.2742146,0.07803406,0.1809755,0.46683,0.2316456,-0.4539924,0.0108689,-0.6043662,-0.501013,0.4033402,-0.2712908,-0.1305115,0.000320032,0.3642374,0.5708439,-0.8319775,0.1957911,-0.06375615,-0.4606792,0.3161641,0.002094314,-0.2054515,0.03438641,-0.1028987,0.2313748,0.2570099,0.477806,-0.1511799
0.3742253,-0.006371668,-0.4879737,-0.1236124,0.003527813,0.00202666,-0.02175191,-0.4615686,0.478285,-0.0491785,0.3641607,0.3330267,-0.5718319,-0.2888781,-0.5893698,-0.7348422,0.06335793,-0.2458127,0.07582451,-0.01304977,-0.2047509,0.02986736,0.2793353,0.406402,-0.1463187,0.2619188,-0.06957427,0.3981634,0.06423157,0.003250449
0.06336945,0.001494127,0.4773532,-0.05939931,-0.0596686,0.05969325,-0.08774201,-0.2052427,-0.343985,0.02949653,0.1687994,0.02847725,0.1706356,-0.121747,0.03921598,0.1678767,0.04198235,-0.02174288,-0.1685092,-0.3651152,0.06860518,-0.4347728,0.1725168,-0.08493243,0.494235,-0.005150646,0.4079419,1.945951E-07,0.6510604,-0.0008202208
-0.1127618,-0.01214466,0.4185289,-3.530377,-0.2527799,0.1226488,-0.1690603,0.08102307,-0.08143741,-0.08758907,-0.005743284,-0.4478149,-0.04898113,0.3949279,-0.5360654,-0.2665877,0.04506451,0.02140778,-0.3319106,0.01921438,-0.08878237,-0.3602731,-0.05965284,0.335564,0.2294288,-0.004978903,-0.07941383,-0.5336136,-0.3376793,-0.2493687
0.4985995,-1.058831,-0.08477312,-0.135697,-0.4587922,0.00354337,-0.1639747,-0.4729027,-0.3191985,0.4302689,0.1898967,-0.08167899,0.01595944,0.4120824,9.297424E-05,0.04019705,-0.3046186,-0.05090417,0.06162119,0.4816813,0.1997847,-0.8960713,-0.002164365,0.5034207,0.1570409,-0.1135709,-0.3205018,0.09785726,0.5944079,0.0232176
-0.6879185,0.5113565,-2.345676,-0.04425731,0.3646138,-0.04574448,-0.1635955,0.02782957,0.233584,0.1663387,-0.05716816,0.3189059,-0.03167859,0.08423599,0.4258424,0.4434446,-0.4326661,-0.6098711,0.04669036,-0.4409827,-7.327365E-06,0.08569235,0.280899,-0.2489001,-0.437646,-0.427132,-0.350337,-0.06768515,-0.05507249,0.01205736
-0.01825655,0.1018024,-0.4999628,0.000102752,0.526857,0.002345228,-0.003830956,0.08039372,0.01054825,-0.08742136,-0.04152064,-0.3718218,1.477086,-0.2595772,-0.00894568,0.00416345,0.03567632,-0.01671618,-0.1176036,0.1865662,-0.2028228,0.1927055,-0.0759713,0.03968725,-0.2314027,-0.6207519,0.01367313,0.03551334,-0.2349101,-0.06636158
0.6036525,0.1554012,0.01415983,-0.03132262,0.1035579,0.4209919,0.1992766,-0.02495913,-0.1032645,-0.1453899,-0.0002623407,0.1290772,-0.1679953,-0.3078976,0.03008175,-0.05648501,0.6839859,-0.07450341,0.528331,-0.2460481,-0.08611156,0.1380239,0.01716461,-0.3691524,0.0003090551,0.7307824,0.4548895,0.5465192,0.1666905,0.04191166
-0.3520201,-0.1037702,0.2283343,-0.210962,0.1628768,0.422989,-0.06162076,-0.4814714,0.2059505,-0.2237263,-0.08297724,-0.1965305,-0.56892,0.4875778,0.1854902,0.3166313,-0.002225007,0.02183763,0.003547835,0.02556468,-0.001104101,0.0242663,-0.0009301354,-0.2991259,0.1099442,0.1142785,0.3683056,0.03435943,-0.2659589,0.009164457
0.3831664,-0.005346512,-0.2408404,0.3164048,0.009409328,-0.4798216,-0.1081534,-0.009423712,-0.2226241,0.1148838,1.35957,0.1077421,-0.3097438,-0.1171057,-0.1062121,0.1279718,-0.01438874,-0.33474,0.4879568,0.01533124,0.3769298,-0.5873032,-0.07408509,0.09852093,-0.008393926,0.1384188,0.001556933,0.3487276,-0.1191233,-0.2117776
-0.04658831,0.1982965,0.2511222,0.004723738,0.4813697,0.7684127,-1.989927E-05,-0.1058577,0.1105017,-0.05268009,-0.0416044,0.02253903,0.3863698,0.07508744,-0.6134703,-0.4951342,-0.3278213,0.02834275,-0.05997826,-0.3610377,-0.04352349,-0.1981823,0.9709386,-0.02622599,-0.1221028,0.000603707,-0.2629131,0.001243746,-0.1852614,-0.1364025
-0.7883393,-0.01365592,-0.3258137,-0.02602619,-0.05030562,0.4974619,-0.2185991,-0.1251117,-0.1649978,0.4169873,-0.1032023,0.4207186,0.05486156,-0.02450585,-0.1636816,-0.02612354,0.129558,0.02839913,0.4426632,-0.3656827,-0.2205536,-0.4033841,0.3772599,0.01849094,0.1254797,-0.2156313,0.0002867983,-0.002421439,0.01252657,-0.004004369
0.3757466,-0.1495009,-0.07279295,-0.6015682,-0.002398742,-0.04339726,0.02204448,-0.08350743,-0.5082115,0.4998028,-0.1483082,-0.0002459517,-0.03937115,-0.2035443,0.5028231,0.002128837,0.02185616,-0.7382811,-0.3781621,0.1507644,-0.4304296,0.02041089,-0.2471255,-0.005739514,0.2087983,-0.05202228,-0.0001164761,0.06906694,-0.008454594,0.05000502
0.001773575,0.09775984,0.3334566,0.2222564,0.4038105,0.6891875,0.02172178,0.4023995,-0.3442464,0.4424092,0.5224249,-0.06722208,0.5932746,-0.3977536,-0.3597299,0.2116069,-0.1584279,0.01930209,0.4679251,0.1233937,0.05117092,0.2334121,-0.01098852,0.1904886,0.3444555,-0.2337293,-0.002146312,-0.09486505,-0.3539584,0.009666226
-0.1979577,0.4960891,0.09441473,0.4348151,0.1071618,-0.3507849,-0.7220901,-0.1667262,-0.02896489,0.01452294,-0.01367741,0.0378569,-0.002586251,0.6669295,0.05641896,0.07322538,0.3047501,0.056896,-0.4148366,0.06089346,-0.08164807,0.0177002,0.06518304,0.2019078,-0.1683375,0.1077873,-0.01134627,0.07037947,-0.0264484,0.3475875
-0.2333535,-0.09695983,-0.5603205,-0.1136352,-0.1648207,0.4255309,0.2942394,-0.2323971,-0.1105221,0.00116702,0.01299542,0.247793,0.06059127,-0.3984157,0.3435977,0.4963489,0.1985849,0.01731932,-0.4345976,0.1398373,-0.0306101,0.05066286,0.7204602,0.1109535,0.1172847,-0.1601637,0.7225188,-0.0735564,-0.1144125,0.1133984
-0.3224372,0.02833612,-0.3650253,-0.2918492,-0.08494633,0.3033326,-0.2649,-0.003081767,-0.4900237,-0.08480781,-0.09830825,0.4325646,-0.01560331,-11.82011,-0.08759969,-0.3298154,0.5245172,-0.001697593,0.7209383,-0.3025154,0.4020907,0.02680583,0.14064,-0.1912134,-0.1981521,-0.01577374,-0.01722645,-0.3644449,0.2247584,0.1701444
5.488878,0.1075297,-0.04572457,-0.003736175,-0.1039933,0.005353002,0.1529156,-0.1197326,0.005878959,0.4418012,-0.04597704,-0.2021157,0.005331944,-0.0426628,-0.002514724,0.4924613,0.0332603,-0.1470044,0.02449137,0.01992313,0.02448467,0.3006531,0.06542951,-0.004599485,0.0007601916,0.09444806,0.007336337,-0.1242359,-0.01704923,0.2149336
-0.483569,0.001603363,0.3503556,0.06852868,-0.0523621,0.2053134,0.09102684,0.09655625,-0.01924997,-0.09610483,0.4172002,-0.2315127,0.1406882,-0.2020212,-0.02262198,0.007261405,-0.05224605,0.3333887,0.7902891,0.1227985,-0.001544532,0.3859435,-0.337575,-0.1274856,0.3921556,0.01972978,-0.001400419,-0.3473908,0.3581086,-0.01013413
-0.2141928,-0.4000223,0.000983175,1.597225,0.3054205,-0.09498352,0.02247797,0.2787964,-0.02345896,-0.05266213,-0.476095,-0.002961262,-0.1827064,-0.026624,-2.100799,0.3928329,0.1193414,-0.3861219,-0.3825325,0.871263,0.1455062,0.1567322,-0.1428799,-0.2815207,0.4421965,0.01095365,-0.002907164,0.1365923,0.2975546,-0.2959282
0.2822597,0.2668005,-0.02048217,-0.05342381,-0.2987577,-0.2274334,-0.1329601,-0.006085618,-0.1459243,0.09292717,1.03434,-0.2306533,-0.06703056,0.305799,-0.4553596,0.2212202,-0.3483714,0.7115471,0.4656724,0.01806596,-0.1678877,0.3705137,-0.02404276,-0.01164836,0.09891394,0.4365195,0.1036184,-0.7735783,-0.1761382,0.5102764
;
-0.003900788,0.1923432,-0.05773503,0.003334327,-0.4438735,0.0690977,-0.1851632,-1.108855,0.5823723,0.3143527,1.578965E-05,0.0223653,0.2345288,-0.1247925,-0.2808501,-0.1113524,0.1763245,0.02377361,-0.1725824,-0.02467217,-0.003356418,0.2063935,0.8042828,0.3566377,0.07158079,0.8506053,-0.04148245,-0.0968267,0.007182289,-0.05062149
-0.02213367,-0.362464,-0.001910646,-0.01874149,-0.317126,0.03578717,0.07692701,0.02185323,0.1163481,0.2583492,0.1637436,0.5229954,0.2525976,-0.3954515,0.1432445,-0.004765195,0.3044751,-0.08130449,-0.4062597,-0.1253938,0.0165696,-0.001286024,0.01394306,0.1784548,-0.2943051,0.02899871,0.05582794,0.1429777,-0.1231642,0.107795
0.1844562,0.1839059,0.2367492,-0.05523092,0.1546103,0.1676992,-0.01015179,0.3122405,0.0361663,0.005509365,-0.1085427,-0.1861001,-0.02004507,0.139435,-0.5506608,0.00624041,0.08335918,-0.04379428,-0.270622,0.006874255,0.344784,0.7327322,-0.04559487,0.1375941,-0.2510096,-0.1155542,0.1047092,0.4934188,-0.2223931,0.3052154
;
