0.09492868
-0.2678658
0.3702317
-0.09346484
-0.4698728
-0.0005310178
1.799836
-0.0849362
-0.2294315
-0.3037364
;
0.1908934,-0.4245229,0.04806147,0.5455415,0.4651186,0.3939042,-0.04278897,-0.01098464,0.2201918,0.3390851
0.7434881,0.1411151,0.7518848,0.02268749,-0.1118068,0.400151,-0.04769904,-0.2459713,0.4329801,-0.362906
-0.06201655,-0.1032756,-0.3009259,-0.2378108,-0.04950391,-0.01474287,0.04561714,-0.2261193,0.3131657,0.05071064
-0.003490976,-1.106021,-0.4507265,-0.003013033,-0.3695023,0.03967937,-0.3594069,-0.008696025,-0.001191928,-0.1348088
-0.3407497,0.5732057,0.467555,0.4060024,0.1505571,-0.005231249,0.6652684,-0.02842586,0.0503917,0.142182
0.1742576,0.09576828,0.01200235,0.003972575,0.4262282,0.09104364,-0.1290339,-0.3129232,-0.2081971,1.020269
-0.03545472,-0.9338078,-0.009692817,-2.78308,0.3152187,0.07011674,0.6623664,0.6780907,-0.04860956,0.5988355
0.6333625,-0.2548148,-0.2521398,0.133229,0.2366646,0.03762452,0.2044264,0.01477812,-0.0005552811,0.08981389
-0.237117,0.3027451,0.05107921,0.1434274,0.6075193,0.03043582,0.127414,-0.2738895,0.1536194,-0.003738282
1.505132E-06,0.2026289,0.01521283,0.05942866,0.8105426,0.1349954,-0.39169,0.03205048,-0.1705173,-0.1200281
;
-0.01502133,-0.4114714,0.2696666,0.1089664,-0.009196424,-0.2174204,0.4943487,0.003229014,-0.1747217,0.01052864
2.482165E-08,0.3495547,0.2623251,0.05731374,0.3830785,-0.3684611,-0.01958235,0.04079677,0.07750757,-0.0004200592
;
-0.004746642
0.4592437
0.1548706
-0.04450244
-0.2535856
0.009522578
0.1815419
0.1788686
-0.04562464
0.1167634
;
-0.02779973,0.1654274,-0.008040602,-1.165905,-0.04895818,0.1948701,0.01785587,0.2936543,-0.0793924,0.01648742
-0.1169194,0.2906931,-0.002628677,-0.4991879,-0.2790642,-0.1240025,0.3703802,-0.1983709,0.1228088,-0.223294
0.2219684,-0.3374349,-0.00391611,-0.02705101,0.1604937,-0.2799083,-0.1935139,-0.03721132,0.0674904,0.21194
0.05738765,0.1281736,0.7079549,0.05000774,-0.1761895,0.05573811,-0.3380886,-0.0002176226,0.1178452,0.05828112
0.5183405,-0.3271388,0.05924112,0.4537951,-0.09315009,0.1085176,-0.003235406,-0.0269174,-0.1637997,0.265148
-0.1298087,-0.2574131,-0.002126326,0.215911,-0.6707349,0.1410751,0.006212494,-0.01024174,0.07276219,0.04532258
0.1468251,0.01760072,0.06764847,0.00013387,2.304664,0.1853587,-0.005069736,-0.1851185,0.2291115,0.4001608
0.4908473,-0.02521444,0.03446406,-0.002834619,-0.199419,-0.1723379,0.3990146,-0.03476022,0.3469714,-0.4264655
-0.13336,-0.6165749,-0.2080591,-0.01593495,-0.05814871,0.07893164,-0.1271175,-0.02331454,1.230253,0.1328107
-1.066212,-0.04125322,-0.005668767,-0.03666596,0.2410178,-0.03875297,-0.2942959,-0.2775767,0.1013128,-0.1918564
;
0.458043,0.01516664,0.1130773,-0.06175175,0.04150374,0.09792627,0.3872623,-0.004895558,0.03813978,0.08653623
0.1669853,0.3421043,0.4882804,-0.09711653,0.154584,-0.2777463,-0.2086976,-0.03970201,-0.008476404,1.337366
-0.2420281,-0.394188,0.3597579,0.02715,0.6840717,0.1017824,0.1390253,-0.337979,0.149927,0.01787907
;
-0.2601378
0.1171753
-0.298655
-0.0009527701
-1.275989E-07
-0.05899895
0.1199579
-0.2656268
0.02952576
-0.5001617
0.9067796
-0.0007167384
0.2937087
-0.0002819491
-0.01222748
0.1849673
-0.2651374
-0.1213707
-0.4795825
-0.04985446
-0.3325266
0.02095441
0.389487
-0.01801022
0.1219335
-0.2048514
0.5631481
0.3333669
-0.2209572
0.4359727
;
-0.001511753,-0.1830035,-0.4733834,-0.1578794,0.01965269,-0.522624,-0.6787819,-0.06027318,0.4233202,-0.4393071,-0.4200685,-0.1741942,0.04212782,-0.2427051,-0.9455535,0.4636548,-0.01504611,0.01003805,0.387989,0.4264839,-0.000359271,-0.4602852,-0.07999369,-0.4119526,-0.0211055,-0.01936547,-0.09129979,0.4257796,-0.3828589,-0.4973131
-0.854986,-0.08855396,0.09000831,0.1340896,-0.1687664,0.06707127,-0.1739021,-0.3092093,0.153418,0.4567198,0.1486248,0.1752152,-0.09876389,0.2540336,-0.06358208,-0.003581253,-0.2283684,-0.1444696,-0.3671857,0.03147629,0.2804229,0.04352401,0.01366654,-0.4346162,0.03930559,0.1363086,0.1283723,0.05111367,0.3887566,-0.01606055
-0.4480629,0.1749208,-0.09865686,0.2863724,-0.5821013,0.9135053,0.1453636,0.01418197,0.05258673,-0.4393803,-0.1673654,-0.01128706,-0.1013169,-0.1173951,0.3338514,0.01984985,0.03233358,0.1107435,-1.071662,0.1495067,-0.4332769,-0.02861276,0.07762503,0.04052427,-0.1598238,-0.2921961,-0.1334055,0.03064853,-0.01267668,-0.1229403
0.1629626,-0.1608037,-0.2070679,-0.2644012,0.1016909,0.4832483,0.4883745,-0.5217573,-0.1746755,-0.4665632,0.05231307,0.1821644,0.1006108,-0.000568479,-0.2405798,-0.06751924,-0.1595095,0.01111704,-0.8923422,0.2648621,-0.4603692,0.006821794,-0.3037875,0.1831737,-0.03818213,0.008760911,0.3985725,-0.002452075,0.203612,-0.515375
-0.008548993,-0.1218228,0.2044173,-0.3130556,-0.2470746,-0.2296434,0.2962259,-0.03031581,0.04981588,0.4468448,0.2698801,-0.2114102,-1.264836,0.4571207,-0.3410863,-0.04867798,0.01487666,-0.1260414,-0.03506225,-0.1744532,-0.419675,-0.3165541,-0.1770249,0.03347879,-0.03601241,0.4323479,0.1965429,0.3101344,0.2266309,-0.002062138
0.3392718,0.1003203,-0.04782031,0.2529622,0.2066883,0.1275146,0.0163355,-0.2298349,0.1607632,0.4845026,-0.1550322,-2.946292,0.01213061,-0.11361,-0.4913154,-0.3473334,-0.009837329,0.1797376,-0.08750507,-0.2321848,-0.4785012,0.4433424,0.1750031,0.2281582,-0.2684696,-0.1060764,0.1900266,0.01873025,0.1717462,0.04557106
-0.4675224,-0.08905283,0.05337957,-0.07182389,0.2185708,0.3334469,-0.04892939,0.00122025,0.4221957,-0.2105148,0.2601855,-0.4350015,-0.1493595,0.1714821,0.1485609,0.08688542,0.09922583,-0.9401857,0.7322456,0.4077553,-0.2178796,0.1413153,0.4997692,-0.3760948,-0.3949308,0.02356409,0.1857697,0.08898526,-0.002333214,-0.8491007
-0.3920393,0.01877624,0.7518077,0.4906287,-0.324303,-0.1223887,0.4620388,-0.7147554,-0.01649106,-0.1366945,-0.08883666,0.0609908,0.5696752,-0.01234092,-0.05795404,-0.626418,0.9980593,0.05424537,-0.07381921,-0.4927965,-0.05556113,-0.07839912,0.4253203,0.03850358,-0.2853659,0.2664128,0.2054635,0.1433577,-0.4462719,0.1598696
0.08570868,-0.2535627,-0.8361533,-0.1803121,0.07874215,0.02379829,-0.4150058,0.4016903,0.02324586,0.003947464,0.08236778,0.03998081,0.5571939,0.06141946,0.2648275,0.1120053,0.6974875,0.418252,0.01291355,-1.264182,0.282113,-0.01617911,0.2822007,-0.01277514,-0.4420512,-0.4120771,-0.03898233,0.2208083,-0.02107755,0.4693603
-0.07172789,0.2914778,0.08422977,-0.03939295,-0.01229805,0.4621375,0.00307333,-0.1433279,0.4939715,-0.3428134,0.01934975,-0.2106398,-0.0003620574,0.06955153,0.3593342,-0.03121116,0.4904255,-0.02931407,-0.586931,0.09813794,-0.1589537,0.1333176,0.002447351,0.1339242,-0.006785665,0.03756851,0.03211677,0.09502548,-0.001265467,0.2255354
-0.006990564,-0.1504018,0.5973156,0.3161484,0.1402058,-0.3431393,0.001893365,0.5658796,-0.0446477,0.6255105,0.6407778,-0.02688654,0.2399372,0.0504422,0.001864619,-0.4716794,0.1159403,0.2259377,0.1993402,0.143469,-0.0007935619,0.08056561,0.002068225,0.0506864,-0.04412652,0.3848761,-0.0656888,-0.0005338051,-0.5361055,0.00103226
-0.2641342,0.1946633,0.1487624,-0.228258,-0.3182111,-0.4388885,0.008728565,0.1486869,0.8162091,0.03143396,0.04329436,0.04126753,0.1323291,0.3013599,-0.1795513,-0.03041536,-0.2461637,0.6806092,-0.2202251,-0.415917,0.05848998,0.3660655,0.06472682,-0.02950079,-0.07320563,-0.003594252,-0.2838624,-0.2853876,-0.02897597,0.5023901
-0.05949396,-0.00214323,0.246133,-0.1812921,0.07213517,0.7453567,0.2057933,-0.337922,0.2856078,-0.1882934,-0.02935042,-0.4388708,-0.4801463,0.01945637,0.1748309,0.04892686,-1.130462,-1.138421,0.3817881,0.4922605,-0.005899847,0.05931361,0.4358951,-0.05336171,0.3132008,0.0003998784,0.1173463,0.0001673088,-0.2047532,-0.347287
0.0456174,0.09351653,-0.01309204,-0.6641628,0.03961867,0.002219805,0.0009725393,0.1206412,-0.0006851062,-0.3381836,-0.0008001761,-0.2207999,0.03871246,0.122859,0.0001945641,-0.1819495,0.06814498,0.4023547,-0.002266035,0.04381883,0.04046737,1.471398,0.8403434,0.01431113,-0.01652268,-0.06403571,0.4063931,0.3729149,0.007893536,-0.003964961
-0.2117683,0.2186669,-0.008769704,0.4375793,-0.01191181,-0.1472628,-0.2907784,0.4490712,0.03625271,0.008730046,0.04398011,-0.3211517,0.0774606,-0.04690482,0.5169291,0.07358148,-0.0003396308,0.2928095,0.04744209,0.1890222,-0.01317841,0.03578459,-0.1948669,0.01400048,0.6024721,-0.004865013,0.04632312,0.6136973,0.3131136,0.2631048
0.007756922,0.1803697,0.000674949,-0.0974163,0.1891453,0.06667715,-0.04045232,0.3031648,-0.6424191,0.1320014,-0.4624871,-0.4758649,0.2715955,-0.2973589,-0.2473217,-0.002752258,-0.00470898,-0.03754598,0.0730088,-0.08914261,-0.003646562,0.795287,0.449464,-0.1154964,0.02949625,-0.1962293,0.05575174,0.1842444,-0.2068461,0.00193116
-0.2162717,-0.05625144,-0.4237779,0.0184415,-0.1045702,0.5249829,-0.0548553,-0.3678266,-0.01435133,-0.5879792,0.1243142,-0.3127458,-0.1540702,0.1618379,-0.3249731,-0.002322753,-0.01758472,0.003936941,-0.3697299,0.7329121,-0.3952397,-0.4049058,0.01101576,0.0007113167,0.4796975,-0.04070216,2.551371,0.3714502,0.08409373,-0.0643106
0.01194643,0.2041167,0.3989044,-0.4708143,0.6269657,-0.3610698,-0.003519716,-0.07586926,0.0129051,-0.02104604,0.4519613,-0.006239629,-0.7212984,0.001502116,-0.0006290313,0.0590052,-0.6607831,0.08632804,0.3926316,-0.0154433,0.6807787,-0.4809644,0.4833922,-0.4588499,-0.0683679,0.5761185,-0.4550208,-0.3248378,0.380778,-0.1551273
0.425306,0.2531674,-0.0001064395,0.2953712,-0.07812341,-0.01688156,-0.3076158,-0.001461895,-0.06989509,0.4276724,0.1273518,0.3760123,-0.0377836,-0.4090607,0.001273639,0.3788565,0.1991521,0.341468,-0.3394853,0.2299659,0.1407038,0.3015385,-0.4462689,-0.0661261,0.004352248,0.09337071,0.3368073,0.1493286,-0.1179681,0.05323603
-0.1412125,-0.6729463,0.374699,0.1852586,0.0003867821,-0.006378233,-0.3037527,0.110569,0.2785364,0.09601799,0.0168493,-0.01792177,0.3593487,0.04984597,0.009454258,-0.09908099,0.4640158,-0.2644588,-0.0001528101,-0.01427202,-0.2706589,-0.2068327,-0.08135236,-0.0218417,0.2705667,-0.4024487,0.763368,-0.5200077,-0.9029872,0.4702401
0.5567247,0.268177,-0.3423033,0.0287347,0.8086807,0.4488119,-0.0353081,-0.4901961,0.7289552,0.1791797,0.2904673,0.04950552,0.02410406,0.2480252,-0.6403607,0.04657944,0.2300765,0.4087639,0.05893703,-0.3688273,-0.2194048,-0.005400901,0.1971269,-0.3049473,-0.06125412,-0.1432558,-0.2882752,0.497093,0.01891445,-0.07468802
0.2467771,0.654734,0.001305636,-0.007524192,-0.06455372,-0.1239868,-0.3336881,0.1198396,-0.05498361,-0.07378051,0.01918308,0.002937122,-0.00420342,0.2933934,-0.3335303,-0.3925231,0.0373177,-0.196024,-0.002074992,-0.1127765,-0.3671765,-0.0378651,-0.1736063,-0.6519698,0.001853102,0.4966276,-0.01483052,0.2213886,0.05713521,-0.2477161
0.4848643,-0.1365245,-0.1367574,0.4183682,-0.3319279,-0.7498936,-0.3111396,-0.5876625,0.4413824,0.01866385,-0.4328424,-0.4530365,-0.4772288,0.4828775,0.1066359,0.2611395,-0.06063968,0.1013017,0.04046671,0.3630439,-0.04499046,0.284766,-0.001920225,0.12138,0.2629146,-0.9300389,-0.06930548,-0.5252028,-0.4122738,-0.1360786
-0.05954012,-0.003782865,0.01268893,-0.2760164,-0.03864618,0.2072632,0.1813085,0.2560974,0.02695239,-0.01022929,-0.03994964,0.09757674,-0.005920565,1.662608,0.04347162,-0.01137604,-0.1223908,-0.01762537,0.5168548,0.4760384,-0.1664504,-0.006512451,-0.06046307,0.01985858,-0.2506139,-0.01146853,0.9078454,0.002074706,-0.5590768,0.8365281
-0.03635496,0.002673892,0.1824597,0.4385284,-0.6030387,0.1280525,-0.06811586,-0.3146274,-0.1121129,-0.478737,0.1390288,0.112721,-0.1647166,-0.3738829,0.05551982,0.04846069,-0.6123549,0.5832345,-0.4272159,-0.01092325,-0.4838619,-0.01089925,0.1185828,0.1301399,-0.2888455,0.04245482,0.2974317,-0.02251887,-0.07290424,8.576477E-05
-2.107229E-05,0.4260079,0.07012182,-0.2694377,0.5620936,0.05947131,0.1014527,0.04855785,-0.1577968,0.4239592,-0.145247,-0.2105291,0.0004228606,0.8486196,0.02791196,0.3256317,-0.3513782,-0.4642401,0.06301504,-0.09080881,0.06270496,-0.3641098,0.4495737,-0.07647091,0.08737689,0.7147833,-0.1224766,0.0101426,-0.20833,-0.3054412
-0.4251646,-0.1029948,-0.03221374,0.001353184,0.04517289,0.09889685,-0.06931348,0.3353586,-0.2956244,-0.1370067,0.1560709,-0.3590277,0.410798,0.01783609,-0.1049355,4.890142E-06,-0.004042949,0.4112678,0.6853495,0.06274617,0.01338933,-0.3418493,-0.09402531,0.02509455,0.5409011,0.1962575,0.535243,-0.496926,-0.3305731,-0.3638389
-0.4396839,0.4752967,-0.02689957,0.9646705,0.09891409,-0.1716451,0.0588613,0.04118586,-0.2951726,-0.002172016,0.1609623,-0.05201862,-0.002055642,-0.02292744,2.560131E-06,-0.418111,-0.2855219,0.1695187,-0.3670707,1.192219,0.08843902,0.01121436,0.4915347,-0.01467388,0.2895193,-0.5349628,-0.3556992,-0.06010471,0.007264674,-0.1793695
0.02141611,0.4017986,-0.005252132,-0.0003745306,0.4785385,-0.1558721,0.04007949,0.6116626,0.4085709,0.07811137,-0.1868104,0.4966789,-0.2142975,-0.01996038,-0.4170609,-0.7762209,0.2048876,0.008118212,0.03911322,-0.01050662,-0.1312951,-0.3883038,-0.02095854,-0.06452058,-0.002956226,-0.01095365,-0.2557802,-0.1527417,0.4130835,-0.1339146
0.13718,-0.3120526,0.49123,0.1815253,0.04716255,0.3378496,-0.1129333,0.1136919,-0.03179555,0.2147754,-0.1689893,-0.01062827,-0.4096558,-0.2067773,0.01019841,-0.004281387,0.1047451,0.06095022,0.06627545,-0.1710233,0.2554853,-0.1415782,0.3107429,-0.04943097,0.1005875,0.3222795,0.1202106,-0.1144191,0.3119709,-0.1436223
;
0.1367616,0.2097541,0.4753761,0.2289414,0.07401202,-0.1539396,-0.3839592,0.4803697,0.1490032,0.436289,0.1489858,0.1115193,-0.1925395,0.03207587,-0.827888,-0.2874026,0.4253944,0.435908,0.214412,0.1593766,-0.2570385,-0.415113,-0.3128719,0.01480583,-0.2122352,0.06767305,-0.4562851,-0.01886932,0.0300156,0.2281121
0.2133643,-0.06550067,-0.2504582,-0.05378824,0.1392996,-0.3422524,-0.09582765,-0.08668232,-0.07358694,-0.1727306,-0.2795804,0.06416704,-0.202044,0.008370135,0.0918735,-0.4065541,-0.4875293,0.4593564,-0.04708846,-0.04824859,0.4309083,0.0002473545,-0.3169683,-0.05122258,0.3665454,-0.3914714,0.1922836,-0.3092873,-0.01850631,-0.2276415
0.4344901,0.1035554,-0.2010856,-0.1805134,-0.1763065,0.3619943,0.2524774,-0.8016132,0.184844,-0.03140158,0.2699284,0.2452766,0.5658773,0.0002195289,0.3337953,0.09857231,-0.5074367,-0.250426,0.01145835,0.0323718,0.7223968,-0.1080232,-0.3741384,-0.1903073,0.02977832,0.07388455,-0.3324281,-0.0642001,-0.8944498,0.3020577
;
