-0.003383776
-2.440052
0.2016443
0.00581795
0.3036786
-0.6855802
0.1954549
-0.2639849
0.03262569
0.2494448
;
-0.7256778,0.4384421,0.4002659,0.3107193,0.0878889,0.2576596,0.05372141,-1.3568,0.2133022,-0.07109529
-0.2082636,-0.5404585,0.1741019,0.482119,-0.04001151,-0.03819904,0.2475365,0.06790316,-0.1812383,0.02210096
-0.04380881,0.1776778,-0.2186864,-0.169063,0.4797262,-0.002221608,0.2632221,0.003652758,-0.2611745,0.475379
-0.4977715,4.93207E-05,-0.2315219,0.2697153,3.625655E-05,-0.4554942,0.07361275,-2.823691E-06,0.1363678,-0.3097009
-0.03106374,0.003676138,0.1486012,0.128603,0.1734989,0.1454325,0.2731943,0.006531915,-0.1783098,0.4935157
-0.01058966,0.8207451,-0.04417604,0.2083716,0.002083245,-0.0126184,-0.01916055,-0.01228694,-0.03288046,0.02479987
-0.1351379,0.2722956,-0.06370459,0.02666964,0.02742353,0.3693874,0.01645045,0.4627283,-0.7429757,0.2119488
-0.4212476,-0.07707544,0.153147,-0.06661729,-0.4951795,0.1183224,1.039281,0.01335778,0.6080817,-0.2234729
-0.03018323,0.3461407,0.2334409,0.1149667,-0.5226507,0.3415115,0.2383619,0.02512283,0.05001003,0.06757507
-0.001036138,0.004644366,0.3682092,-0.1712057,-0.3153007,-0.03118547,0.06334167,0.06870264,-0.07812429,-0.3556097
;
0.4327669,0.1435305,0.7122743,0.0221352,0.1061239,-0.3828152,0.0006267971,-0.1997944,-0.4670088,0.3208357
1.475423,-0.0132778,-0.002674671,0.04092417,-0.2361737,0.8991405,-0.04507666,-0.3876947,0.3284236,0.004695304
;
-0.1696135
-0.09081608
1.038652
-0.0668392
-0.1152847
0.3325108
0.06721267
0.2085382
0.2194433
-0.06667715
;
0.06934287,-0.2761382,-0.03301805,0.0006554675,0.09094261,0.3324461,0.3707466,-0.3232684,-0.1335508,0.1067458
-0.2124116,-0.8883096,-0.2132235,0.01165277,-0.1923049,-0.01331456,-0.1776229,0.3139549,-0.0004201863,-0.01121121
0.04989201,-0.5005007,-0.002980333,-0.05178849,-0.1599701,0.0190827,-0.115681,-0.04475576,0.1063706,-0.05902579
0.006106952,-0.02022939,0.262663,0.08641072,-0.1080576,0.05199236,-0.02834288,-0.3669254,0.04524972,-0.136354
-0.1761992,0.3079946,0.1338966,-0.1854681,-0.1017733,-0.2097342,-0.1685554,-0.2215389,-0.1199195,-0.01809295
-0.4573851,0.3186686,-0.1731878,-0.1093783,-0.03922739,0.2029825,-0.1904973,0.3395621,-0.08941634,0.05310912
0.565153,0.01808798,0.3965031,-0.1196385,0.1705191,-0.01730699,1.309655,-0.6659576,-0.01605461,-0.437976
0.2620302,0.0574089,-0.003548367,-0.3694495,0.1303362,-0.2264907,0.4968445,0.0004431779,-0.04656108,-0.03591903
-0.005873369,0.5584035,0.02228996,-0.03498007,-0.01747866,-0.2348547,0.4328047,0.03143132,0.04436607,-0.168434
-0.03052627,-0.3169703,0.1790132,0.4033975,-6.264858E-07,-0.2971127,-0.4161985,-0.6148914,-0.005846861,0.004993028
;
0.08830955,-0.04723482,-0.06803769,-0.2733643,0.2469654,0.00415335,-0.01175838,0.005276858,0.1453678,0.1187292
-0.1049148,-0.1030352,-0.3522553,-0.1040476,-0.009625513,0.07071224,0.04868822,-0.005126297,0.06278613,-0.07461445
0.07550175,-0.01615614,-0.001442647,0.0989458,-0.1494758,0.1049824,0.1479738,-0.1019385,0.01036184,0.7511683
;
