-0.3670362
0.4146743
-0.2379008
-0.1712874
0.0005543249
-0.01577439
-0.003185798
0.1906627
-0.2155139
0.6487693
;
-0.4985564,0.04358715,0.3459703,0.002816626,-0.2557169,-0.05862785,0.01610126,-0.008234228,0.08641513,0.1942817
-0.7434881,0.1488142,0.07887174,-0.1199889,0.03046263,0.07663748,-0.01218649,0.4608188,0.2353679,-0.2155333
0.0002456986,0.09872265,-0.2112047,0.02819454,-0.2418013,0.118425,-1.430617E-07,0.4931829,-0.6477107,0.3923104
-0.7042783,0.1808942,7.281653E-06,-0.0894137,0.44848,-0.143788,-0.009728492,0.07082075,0.2484144,0.1694917
-0.031134,0.006419169,-0.8657816,-0.1180767,0.1897647,-0.02420706,-0.4089787,0.0373252,-0.05474042,-0.3095608
0.002119369,0.02930999,-0.3734057,0.2360208,0.4874002,0.04472338,-0.2296692,-0.0488837,-0.8465391,-0.1803413
0.4378914,-0.002433407,-0.01685156,0.6743263,-0.366219,0.009748125,0.4887214,-0.2740546,0.0532002,-0.3504215
0.2495854,-0.2280284,-0.1846819,-0.04691544,-0.2423368,0.3684189,0.2035793,0.03916143,0.000781504,-0.07077134
0.339659,-0.6645225,-0.07332368,0.2291036,0.3027557,0.006364683,2.3985,-0.03335672,-0.1503004,-0.4084513
-0.001418261,0.04935331,0.02206766,0.5707662,-0.8105426,0.09359556,0.2549148,0.09029716,-0.05783552,0.3760836
;
-0.01546428,-0.06341902,0.2777597,-0.104578,0.6691313,-0.2184076,-0.3209771,0.1877192,-0.3165617,-0.0427919
-5.339963E-07,0.01831931,-0.02072879,-0.1961341,-0.04713945,0.252514,0.01367706,0.04551858,0.5847397,-0.1941409
;
-0.003120379
-0.3204726
0.04670446
0.1243171
-0.06326789
-0.006218668
-0.4126
-0.04198097
0.0008223203
0.03210789
;
0.529758,-0.2536004,0.3885678,-0.03137179,0.1465664,-0.09257574,-0.04306925,0.005864227,-0.2914684,-0.04341349
-0.128494,0.3253176,-0.08276538,-0.3809742,0.0001572825,-0.07567465,0.3703802,-0.3879403,-0.5366443,0.430636
0.01592761,0.06951097,0.06070278,0.00350902,-0.2789139,0.4088094,-0.06689451,0.01442057,-0.0194295,-0.6216388
0.446033,0.006869629,-2.090015,0.4062926,0.1976729,0.002574512,0.4000356,0.0002855487,0.01964701,-0.409053
-0.0006818175,-0.01170439,-0.3533919,-0.002653786,-0.0843484,0.04156872,0.1857216,0.1939199,0.5178775,0.4547078
-0.3101789,0.007478503,0.1809677,0.8514054,-0.07236701,-0.1175019,-0.08240348,0.02656082,-0.1408347,0.5417959
0.05002683,0.4881138,-0.006810068,0.0004439826,-2.005884,-0.2678168,-0.0008009033,-0.2384468,0.3509023,0.001650805
0.4304798,0.1095824,-0.2581311,0.2244169,-0.1936196,-0.2809508,0.3718893,-0.2995199,-0.00473649,0.4787449
-0.1608132,-1.180161,-0.3672673,0.01285191,0.1693649,-0.4122833,-0.2869814,-0.1262393,0.2238849,0.2425247
0.05557448,0.3593626,0.06063456,0.04651874,-0.1487066,0.4581956,0.3108114,-0.0942121,-0.2367684,0.3462023
;
0.01262912,-0.51043,0.004039694,-0.1688786,0.2753464,0.2654352,0.5893151,0.3970869,0.01159491,0.01497966
0.00321137,0.4994832,-0.2624522,-0.007625639,-0.01099024,-0.06530601,0.01146991,-0.02831494,0.09328884,0.03084077
-0.2047353,-0.09092575,-0.3303204,0.04117101,-0.02329723,0.4712152,0.06380741,0.3431019,0.08835703,0.2133852
;
-0.04437519
-0.1177071
0.9317378
0.4546852
0.02347657
-0.1305614
-0.03591878
-0.1106755
-0.5724159
0.1956616
-0.2229295
-0.4459229
-0.026741
0.2600595
-0.1239609
0.2629834
0.280122
-0.3995197
-0.2408939
-0.1948127
0.2386829
0.001777526
0.0403425
0.1580777
-0.3688694
0.4426754
0.07796875
-0.4569339
0.2285156
0.3016571
;
0.4202623,0.2582067,-0.3946756,0.01546552,0.03558508,0.101351,-0.0225334,-0.4087123,0.001294184,-1.04621,0.2293609,0.3292807,-0.2623382,-0.02350423,0.4680929,-0.3563976,-0.001477846,-0.2422827,-0.06222949,1.085891,0.2189482,-0.3487628,0.12157,-0.01765472,0.3037999,0.1557177,-0.09020821,2.344973,0.2808353,-0.2638723
-0.3615456,0.2790789,-0.1106595,0.07335764,0.2335317,-0.1305044,-0.3604606,0.05369956,-0.1437943,-0.0008859992,0.3401523,0.03101426,0.1997949,0.3679773,-0.006708024,0.05448026,-0.1431999,0.1513971,-0.317727,-0.6609088,-0.4119914,0.04067924,0.3154539,-0.9325896,0.4607038,0.352227,-0.3545053,-0.06195268,-0.2904953,0.4688022
-0.3107476,0.39058,0.3562874,0.1371513,0.09253639,0.4322754,0.2842749,-0.0175196,0.1037803,0.08501554,-0.2283395,0.09538037,0.9499146,-0.4499192,0.4936994,0.3404225,0.07971863,0.01296388,-0.2555608,0.4767164,-0.00309551,-0.6409025,0.04874977,0.06304128,0.4088213,0.5803114,0.0892439,-0.0004274665,0.01265401,-0.08045211
-0.2621306,0.04497162,-0.1897847,-0.5926236,-0.2764752,-0.1971678,-0.1421988,0.01834972,0.09256291,0.2820351,-0.4308523,0.00248814,0.4599331,0.01330131,0.08717132,-0.3219572,-0.007385069,-0.8121787,-0.1071757,0.7456857,0.13482,-0.1350929,-0.08876818,-0.0458879,-0.1270451,0.4773549,0.1638935,0.7237754,0.3484221,-0.2075103
-0.2045999,0.2630191,0.004314842,-0.6182855,-0.6736637,0.3809451,0.464616,-0.4638612,-1.083572,0.2112149,-0.250877,0.004316231,0.4408059,-0.1988024,0.07034179,-0.0007403551,0.01012303,-0.112878,-0.1039316,-0.2165,-0.7151918,-0.03969492,-0.3329482,-0.3771071,-0.3893322,-0.04942304,-0.3357409,-0.265599,0.1276793,0.01667332
-0.278813,0.4076386,0.003690018,-0.001909761,0.2146827,0.2469314,0.315536,0.0003113597,0.4603291,0.1773561,-0.3225546,-0.396592,0.09265257,0.008308261,0.6244717,-0.01202922,0.7092069,-0.207388,-0.1209398,-0.02451072,0.03771217,0.1836511,-0.375163,-0.2923505,0.39244,-0.5589331,-0.06199824,0.01104318,-0.1908049,0.1009731
0.1303069,-0.4273865,-0.2236955,0.4352196,0.03694238,0.3548361,-0.433323,0.3268098,-0.2363813,0.1341192,1.872817,0.4448387,0.2466951,-0.4493284,0.6197442,-0.05460292,-0.123697,0.3437963,-0.09225159,-0.2932836,-0.0004943538,-0.07011306,-0.2258117,0.01501727,0.07428822,0.7810243,0.1555341,-0.2273459,-0.2113371,-0.473388
-0.2374491,0.01259765,0.2059399,0.009447096,0.1704629,0.2855841,-0.4632624,-0.1657405,0.3885498,0.4143107,0.342347,-0.4176747,0.1246376,-0.05363624,0.2131806,-0.3036994,0.05598167,-0.03784033,0.3321469,0.1735913,0.1614768,0.184648,0.006065619,-0.09272609,-2.198499E-05,0.001736136,-0.4236636,0.273832,0.4820943,0.05742437
0.0434597,-0.5487796,-0.1351071,0.432556,0.0003362936,-0.4625233,-0.3976709,-0.2590585,-0.1495097,0.1186859,-0.01922846,-0.5215302,0.03669022,-0.2485902,-0.001518002,0.5948274,-0.1257004,-0.4021512,0.07129861,0.6490446,0.4593375,0.2535651,-0.6407748,-0.06978918,0.000979454,-0.2972413,1.519251,0.002885579,-0.2335004,-0.2294881
-0.5631844,0.1870098,-0.1448822,0.6375107,-0.3021491,-0.09915096,-0.1179631,-0.3036932,0.5471081,-0.04579873,0.02362746,-0.3475509,0.3395689,0.0160224,0.07171716,-1.695741,0.07285196,0.03248113,-0.004559183,0.2536258,-0.2312381,0.04358068,-0.01163552,0.01140571,-0.04285691,0.02380976,-0.4481829,-0.04566675,0.1789766,-0.07629136
-0.2422329,-0.0293474,-0.01387152,0.0003529563,0.710757,0.3082185,-0.450348,-0.4915243,0.1376833,0.06878832,-0.4770458,-0.1822032,0.1809546,-0.3002651,0.427708,0.3056293,0.0005634297,0.2965306,0.6894211,-0.0049998,0.6464211,0.2252893,0.2297203,-0.008403945,0.02305282,-0.02402988,-0.02379694,-0.1743329,0.1584848,0.2999726
0.6188263,0.08892389,0.4001716,0.1755184,-0.4181425,-0.1454894,-1.241628,0.001313907,-0.4921029,-0.007370635,0.2459431,-0.2562512,-0.2238246,0.09019154,0.4685062,0.02690773,-0.5435776,-0.7738345,-0.005076945,-0.4131624,0.4624478,-0.2624192,-0.1524979,0.1933231,0.2776105,0.005915171,-0.3431591,0.4430977,-0.4497935,-0.0330116
-0.2821772,0.6484066,0.4088913,0.2943411,-0.06240028,0.07067376,0.001664692,0.0005836159,-0.5592258,-0.4086419,-0.4042734,0.0007030368,0.9726744,-0.0001372553,0.6404749,0.3362333,-0.438314,-0.1288499,-0.02969571,-0.4804924,0.6945643,0.5303149,0.02777433,-0.004599988,-0.02215601,-0.01743563,-0.002153547,0.6772966,0.4688537,0.1901093
-0.5554805,0.06364319,0.1502019,-0.08344454,-0.03169196,0.3651479,0.06595594,-0.0007170344,0.1370084,1.345774,0.6379973,0.1241946,-0.3317791,0.1093172,-0.4228293,-0.620264,-0.2187091,-0.1491272,0.3608049,-0.01174818,0.003012982,-0.4133193,0.9326845,-0.1845159,0.1317428,0.2740158,0.04535981,0.2099584,-0.06801438,0.01509365
-0.06625276,-0.2020658,-0.5634332,0.116085,0.06510307,0.109331,-0.004124872,-0.08464211,-0.4104275,0.2083098,-0.1311269,-0.7405935,-0.2934805,-0.4645818,0.2104252,-0.04342133,-0.1815651,0.003586716,-0.1284252,0.4685545,-0.1591865,0.2674954,-0.2011192,-0.01634923,0.4145568,0.006165805,0.0102594,-0.1675227,-0.5859578,0.01215202
-0.2058211,0.7459331,-0.215966,0.01350546,-0.1258747,0.2613069,-0.01441652,0.4214183,0.04138733,0.04810962,-0.263783,-0.04615827,0.00193633,7.104047E-05,-0.2135383,0.1431611,-0.4690564,-0.008055753,-0.3437924,-0.4021931,-0.8021832,-0.3567475,0.01446263,0.05473752,-0.295822,-0.05033106,0.3291074,-0.4963874,0.3054156,0.04058509
0.1909811,-0.04286393,0.4058003,0.2395964,-0.01743451,-0.0455547,-0.03816894,0.415969,0.02206171,0.004541021,-0.2407419,0.001894045,-0.000104141,0.2172006,-0.6064733,0.1285652,0.04115504,0.025947,0.2520067,-0.2441656,0.03796269,0.09184271,0.1914241,-0.3006298,-0.1886579,0.02037238,-0.4705647,0.412826,-0.3481683,-0.6591058
0.0620808,0.01980054,0.3429759,-0.385157,-0.5504537,0.2797376,-0.01085806,-0.3540256,0.08151275,-0.4924357,-0.1086602,-0.1131107,-0.2134319,-0.01336888,-0.05625409,-0.2419752,-0.02576884,0.05925154,0.0399974,-0.476316,0.3785366,0.03850288,-0.1141287,-0.5751558,-0.426379,0.1591285,0.01304377,-0.02690091,-0.1953078,0.09966092
-0.3430254,0.006928358,-0.01799279,0.06604683,0.302812,0.08280096,0.8563093,0.2167965,0.2763491,-0.0158692,1.20751,0.1256088,-0.005635436,0.01383073,-0.583995,1.23378,-0.4364918,-0.08202241,-0.01686571,-0.01151804,0.1807917,-0.0004346865,0.0123885,0.008922368,0.09167074,-0.09614345,-0.3262852,0.1274888,-0.2432755,-0.1269456
0.01806337,-0.02162336,0.03854354,0.2461601,0.5025113,0.3031056,-0.1852,0.5450964,1.303368,0.3640064,-0.09405264,-0.05811236,-0.04648334,-0.6167367,-0.003620057,-0.29921,0.4552634,-0.4393225,-1.137345,9.73238E-05,-0.3627518,-0.103626,-0.3066458,0.01532088,-0.7505581,-0.1302397,0.1354085,-0.364421,-0.7192596,-0.2351733
-0.2275444,-0.009739302,-0.01138433,0.05288359,-0.487601,0.7440081,-0.4323493,-0.01169209,0.7391728,0.3280779,0.0007752984,-0.0644265,0.1142181,0.04109221,0.1184445,0.02213325,-0.208751,-0.7435861,-0.1704593,0.1867896,-0.3961133,0.02476332,-0.4519486,-0.1335255,1.674655,0.2564245,0.04788784,0.263056,-0.1139395,-0.7073882
-0.0214756,0.1472702,-0.04667228,-0.3276488,0.04948285,-0.197888,0.2865518,0.003145752,0.002818779,0.07728333,0.2381776,-0.10927,-0.2467536,0.2254619,0.689673,0.00158418,0.1547476,0.2701157,-0.2202947,0.1757372,0.004069522,-0.01176253,-0.03380385,-0.0588508,0.007226928,0.007570317,0.03626446,0.1398383,0.4274166,-0.2878869
-0.01578862,0.3232392,0.07145661,-0.0004130954,0.194718,0.001821642,-0.4706062,-0.2838103,0.2180644,-0.5029026,0.4011058,0.3515742,0.2813861,-0.2446715,-0.06744693,0.182861,-0.00266574,0.1957725,0.2803642,0.2070653,-0.3122442,0.04933423,0.08166707,0.3878487,-0.08064313,0.2432183,0.3480558,0.4910107,0.1334765,-0.2933524
0.04078406,-0.2461458,-0.4955735,0.2980812,0.2183981,-0.3965902,-0.0038047,-0.00848863,0.1651442,-0.005766607,0.0003316312,-0.2646275,-0.0005095098,0.1811586,0.5336107,-0.3271917,0.02794534,0.09570219,-0.4949007,0.04129606,9.703621E-05,-0.4573597,0.2644906,-0.03669126,-1.571937,-0.1131867,-0.198612,-0.4963312,0.0410984,0.3295553
-0.3163674,0.3775108,0.3895308,-0.4296225,-1.152646E-05,0.7075619,0.08714825,-0.02010924,0.0005429347,0.08799662,0.01088735,-0.01952378,0.2102219,-0.06017495,-0.2729546,0.478742,0.04990311,-0.04774299,-0.2970782,0.003165534,0.1360989,0.1754963,0.08885049,0.1305791,-1.19129,-2.323901,0.06970046,0.4083575,0.0183055,-0.1947286
-0.1285111,-0.274923,0.3909523,-0.001805803,-9.997864E-05,-0.3872578,0.437345,0.2280468,-0.2432209,-0.06350172,-0.3755189,-0.4656848,0.05732304,0.120503,0.2582437,-0.08203505,-0.400368,-0.3028326,0.005547508,0.2565181,0.4565743,-0.1753694,-0.3411696,0.0797804,-0.1884043,0.1157821,0.3819586,-0.1438942,-7.625181E-05,0.333728
-0.0108742,0.1577342,-0.03654134,0.4025384,0.0073038,0.4527988,0.6893527,-0.1527453,-0.001784413,0.04480504,-0.01500871,0.3693454,-0.156391,-0.2936382,0.4282166,-0.2281695,0.08481003,-0.4778328,-0.1689457,-0.3926604,0.1018955,0.3943936,0.1929079,0.3951743,0.1092089,0.3344669,-0.03528219,-0.2901087,-0.1038307,0.1054469
-0.5582958,0.05458742,0.2821913,0.02393537,0.1722331,0.1315545,-0.1026001,0.2893274,0.1197312,-0.003602673,-0.7595698,-0.2761834,-0.1840703,-0.01008946,-0.7539082,-0.6699275,-0.0006769,-0.6006287,-0.4161591,-0.003156136,-0.002542764,-0.9952587,0.2570195,-0.05091876,-0.06203787,0.06398484,-0.5862449,-0.07696348,0.1005979,-0.4797394
-0.2406195,-0.2743324,0.4799745,0.4633896,-0.4240422,-0.3306671,0.1975735,-0.2621613,0.6082076,0.08912808,0.6449299,-0.6469455,0.0002264033,0.2778146,0.3266497,-0.06933218,-0.0680296,-0.2445407,-0.466268,-0.1121764,0.07108806,0.2077498,-0.5060663,0.005044894,0.3570739,0.2005709,0.3643926,0.06862181,-0.01858065,-0.003184825
0.813113,0.4440869,-0.005644456,0.06467015,0.02270459,-0.2193673,0.07858754,0.1226749,-0.2280186,-0.3921522,-0.001528645,0.3627219,-7.000561E-05,0.02806857,-0.09008426,0.009113335,0.01230956,0.0576184,-0.0436278,0.0006308777,-0.4010183,-0.07459476,0.2307333,-0.4178557,0.2544512,0.00720437,-0.07179397,-0.002713253,-0.03378274,0.09854025
;
-0.3625786,0.03957432,0.1372609,-0.5509215,0.05045834,0.003309502,-0.3906105,0.003122151,0.506052,0.5529125,-0.03121483,0.02419553,-0.455187,-0.3610569,0.1587596,-0.3715819,-0.06079569,0.001229857,-0.0007401178,-0.01985176,0.4881915,0.1118384,-0.112946,-0.5921503,-0.0543979,0.006814785,-0.0203744,0.106447,0.4697827,-0.4883293
-0.00708653,-0.02487074,0.423686,0.2010391,0.09274453,-0.02919215,0.02907506,-0.147376,0.01249832,0.0009644321,-0.1197558,0.01592704,-8.496626E-05,0.01923249,0.02349258,-0.2201661,-0.02410241,-0.1908879,0.4832559,0.2379734,0.004774421,-0.09634592,-0.5522494,0.0001397553,-0.07828389,-0.01715344,-0.03116578,-0.02124439,0.2096305,-0.1569991
-0.239885,0.4023143,-0.4031578,0.3966876,-0.4200306,-0.0690487,0.05737974,-0.07226882,-0.0001959604,-0.4536112,0.0982381,-0.001387739,-0.2085442,0.3348764,0.03205048,-0.4591058,-0.02584543,-0.118779,-0.1061308,0.322992,-0.00276524,0.009498946,0.4419116,-0.1308845,0.3295058,0.3316714,0.1902528,-0.3951831,-0.3555924,0.4070036
;
0.04842799
0.4810364
-0.1328455
-0.009519027
-3.709047E-07
-0.1554273
-0.2221246
1.000898
0.2996117
0.05297994
-0.3904151
-0.008188381
0.3169763
-0.0007705412
-0.3785288
0.4342487
-0.1094411
-0.0660091
0.02231648
-0.01425227
0.416567
0.1269789
0.2285098
0.0003030973
-0.2777649
-0.7734042
0.3467073
0.1611817
-0.3148814
0.03912863
;
-0.2485951,-0.5032925,0.003761074,-0.1559969,0.1004287,-0.0001857876,-0.3068798,0.3675611,-0.1676937,-0.4272063,0.2358893,0.1999628,0.3999056,0.04414956,0.3690116,1.172647,0.00696591,0.02319575,-0.3960127,-0.4435209,-0.04727685,0.3541662,0.06813391,-0.2136679,0.04665553,-0.1027886,0.2933556,0.04152207,0.0104937,0.1675154
0.007136799,-0.002369106,0.1664556,0.3233047,0.01079915,0.1282462,-0.4198562,0.4242883,0.1194191,0.0873124,0.1486248,0.2410124,0.4010313,-0.01771729,0.2101565,-0.04520023,-0.03935546,-0.05716115,0.4900707,-0.3185933,-0.3274063,-0.3526269,0.01366654,-0.2668735,0.063642,0.01423649,-0.1267369,-0.1148761,-0.1464229,0.08399819
0.008222526,0.4912256,-0.0957759,0.420476,-0.4000269,-0.2197064,-0.9190528,0.1242489,0.07842071,-0.03356691,0.4959333,-0.3030469,0.2249746,-0.3840027,-0.6032568,-0.5453308,-0.4223228,0.06683242,-0.08832837,0.07551866,-0.3711174,0.06489432,-0.0867182,0.2650008,0.1696113,-0.2272003,0.395485,-0.1404928,-0.1902034,0.2148508
-0.3755807,0.2462865,-0.3957117,0.286822,-0.02250385,-0.01324517,1.530916,2.276438,0.08382399,0.04388313,0.6244413,0.01892632,-0.01517767,-0.1161005,0.1942992,-0.110437,0.1741075,0.5774873,0.4345793,-0.2885993,-0.05633633,-0.01035374,0.009889867,0.164648,0.3040812,-0.4188267,0.2532301,0.1180486,0.02393947,-0.143537
0.06140393,0.1731216,0.4616099,0.0003441349,-0.7632891,0.4556097,-0.05077193,-0.1330154,0.01927192,-0.1458548,0.0002605319,-0.4735343,-0.2246987,-0.2966949,-0.1173182,-0.0004667054,-0.03370351,-0.2073182,-0.8986536,-0.1102301,-0.05185694,-0.3288384,-0.003327104,0.0257788,-0.2344468,-0.1616704,-0.1355876,-0.003799439,-0.2776952,0.02958908
-0.3012934,0.0299601,0.1350242,-0.07512122,0.2059173,-0.1723645,0.4538696,-0.04743981,0.9093965,-0.3874371,0.6478896,0.8265617,0.5725676,0.0001486247,0.6576466,0.1374884,0.1416733,-0.1646151,-0.1702094,0.001818105,0.4471951,-0.2340669,-0.01307591,0.3317858,0.108913,-0.2550466,-0.4372038,-0.008723744,0.08855477,-0.1895871
-0.06088649,-0.08905283,-0.09395073,0.01803596,0.009242594,0.3288338,0.000512224,-0.171096,0.3760684,-0.04138244,-9.350666E-05,0.1458483,-0.2163293,0.4876554,0.0001008407,0.1153369,-0.2592247,0.3353338,0.4219315,0.4283351,0.006716779,0.1166014,0.2237202,0.2985195,-0.2530085,0.3290977,-0.0158382,-0.007710763,-0.07228976,0.01760225
0.3825958,-0.1305888,0.1571934,-0.1872961,0.2686441,-0.7500499,0.3838296,-0.1171364,0.3688112,0.02742265,-0.143884,-0.1173101,0.04601723,-0.007426579,0.130459,0.3350208,-0.4570601,-0.7644739,0.4986835,-0.007440328,0.02912968,-0.2231558,-0.1234303,0.00155602,-0.06198546,0.09671572,0.01729061,-0.159256,0.4933101,-0.3770997
-0.6399459,-0.3197986,-0.06310728,0.3528513,-0.1712385,0.1313705,-0.4500424,-0.5527816,-0.2790395,0.001565091,0.2479793,0.02084099,-0.02720597,0.05463213,0.2060387,0.1633521,0.06746683,0.1491431,-0.01107747,-0.4037899,0.01059702,-0.2058722,-0.06084573,0.05078755,0.4641875,-0.11586,-0.4316466,0.1257697,-0.0001277906,0.2460749
0.02289444,-0.01147097,-0.8182961,0.4459608,0.2537773,0.3081697,-0.04309862,-0.7550608,-0.0008578968,-0.1867675,-0.501013,-0.2439776,-0.05964893,-0.2250818,-0.2779195,0.3642374,-0.4685477,-0.3800869,-0.2679353,-0.06375615,-0.3124271,-0.3124741,0.002094314,-0.08989054,-0.2746483,-0.1028987,0.0463509,-0.2446093,0.477806,-0.1830948
0.3742253,0.001335431,-0.3131771,-0.2401374,0.003527813,0.00202666,-0.002818316,-0.5774878,-0.131428,-0.03035637,0.4160666,0.3185792,-0.1372058,-0.1236667,0.3911926,-0.3470598,0.03920388,-0.2458127,0.07582451,-0.0207529,0.4016738,0.08432559,0.01124866,0.406402,-0.1463187,0.2436338,0.01725319,-0.1583541,-0.09576339,-0.2442011
-0.1053493,0.4819003,-0.4367752,0.05939931,0.01598058,0.05366359,-0.01115194,-0.1965172,0.09307986,0.02949653,-0.1687994,-0.02847725,0.1706356,-0.1381812,0.01248742,-0.1678767,0.06066332,0.2600216,-0.1989305,-0.5739967,-0.06860518,-0.4347728,0.1839706,-0.08493243,0.3116823,-0.005150646,0.2441496,2.670987E-07,-0.05983636,-0.0008202208
-0.4552275,-0.2407538,-0.4182305,-2.827703,-0.2527799,-0.1726895,0.05360384,0.08102307,-0.1027261,-0.02175952,-0.1844952,-0.4478149,0.3342513,0.1390457,0.1780418,0.2096511,0.04506451,0.02140778,-0.3346672,0.001473012,-0.0965604,0.04668098,-0.05965284,-0.335564,0.2619161,0.004978903,-0.1161379,-0.09476453,-0.2262154,0.2493687
-0.2019831,-0.003267912,-0.02565689,0.07949179,0.3171788,0.003254913,0.1696563,0.4606478,-0.3631364,0.465875,0.3213914,-0.08167899,0.01595944,0.4661133,0.0001852843,0.003535954,-0.198374,0.1519864,0.08676444,0.4816813,0.3000032,-1.11024,-0.001812749,0.2771106,0.4436332,0.5933334,-0.01189758,-0.3197416,-0.2060882,0.1132781
0.6879185,0.007145469,2.345676,0.5065736,0.3452514,-0.04581193,-0.1635955,-0.3417727,0.2223549,0.1663387,-0.05716816,0.0579397,-0.03167859,0.08423599,0.485682,-0.1180765,0.1921246,-1.121449,0.06486259,0.1882924,-7.327365E-06,0.08569235,-0.280899,-0.4782235,0.7954973,0.3550025,0.350337,-0.05660039,-0.4806987,0.02342123
-0.01825655,0.2449466,0.1171743,-8.944719E-05,-0.3331504,0.0006125786,0.1541986,-0.08039372,0.01054825,-0.02926161,-0.540615,0.3483813,1.477086,-0.4315869,-0.002807603,0.00416345,-0.03567632,-0.06935602,-0.006859029,-0.1865662,-0.2028228,-0.1927055,-0.05294591,0.28702,-0.1099733,-0.4410089,-0.1496723,0.03551334,0.2349101,-0.06636158
1.053999,0.2000552,0.02729074,0.07329749,0.1035579,0.05034132,0.2621045,0.02786552,0.1032645,0.6350884,-0.2044207,0.454257,-0.0002844383,-0.3078976,0.03008175,-0.05648501,-0.05212623,-0.08637351,-0.1739289,0.005925844,0.04178675,0.7927042,0.01716461,-0.2802523,0.0003090551,-0.2816933,-0.4548895,-0.5465192,0.340079,0.005222705
-0.2580316,-0.02951585,0.01634119,-0.02752842,0.1628768,-0.47158,0.07772273,0.1440111,0.2059505,0.2237263,-0.08297724,-0.3739435,0.5251744,0.01811941,0.1854902,-0.3166313,0.00253851,-0.02183763,0.006695479,-0.02556468,-0.00220608,0.04904133,-0.4728612,-0.03511435,-0.1099442,-0.1142785,0.3683056,-0.03435943,0.06306745,0.01311166
-0.04621667,-0.1534262,0.7039552,0.2503638,0.3916972,0.3038601,-0.073237,-0.1013109,-0.3257523,-0.0307806,0.2290792,-0.1077421,-0.3097438,-0.297752,-0.4502177,-0.04172021,-0.02773472,0.33474,0.4879568,-0.07609481,-0.002503069,-0.5873032,0.04062025,-0.08393428,0.04145042,0.1808639,0.0009587227,-0.1695651,0.07648962,0.3891608
0.06952664,0.3940578,-0.2511222,-0.4822191,-0.3139085,0.1329435,-1.989927E-05,0.4688017,0.1105017,0.1416825,-0.09056911,-0.0003880903,-0.07465094,0.156653,-0.6995464,-0.06012723,0.3278213,0.4517685,0.01751536,-0.03273874,0.08164408,-0.01222274,-0.4094321,-0.370077,-0.1221028,1.957005E-06,-0.3317511,0.077604,-0.1852614,-0.1659545
-1.185273,-0.1128364,-0.04351634,-0.02602619,0.05030562,-0.07151078,0.2633767,-0.006807419,-0.08950964,0.2460675,0.06404048,-0.7493764,-0.05486156,-0.03746901,0.1636816,0.01490828,-0.129558,0.03750673,-0.2215613,0.4259112,0.4231178,-0.252961,-0.4753938,-0.188369,0.0139471,-0.352243,-0.3921133,0.04200846,-0.01252657,0.04766028
0.3757466,0.004606247,-0.0005337856,0.6015682,0.002398742,-0.07541518,0.02204448,0.08350743,0.05011994,0.2667676,-0.1483082,0.0002644177,-0.01848863,-0.2035443,0.2362767,-0.004129677,0.03757966,-0.1864432,0.7088248,0.1127765,-0.4304296,0.01249025,-0.4113725,0.005739514,-0.04125488,-0.001191675,-0.1677548,0.03697016,-0.007265806,-0.01413998
0.4046221,0.09775984,-0.3926324,0.1021142,0.4038105,-0.1355863,-0.02971762,0.4023995,-0.3442464,-1.515242,0.1200446,0.0167109,-0.2445523,-0.589729,0.3864753,-0.2116069,-0.2979835,0.004937248,0.4034951,-0.2878557,0.0262929,0.4214758,-0.01481288,0.06103741,-0.3444555,-0.2337293,0.1993031,-0.09486505,-0.09116966,0.05358098
0.1979577,0.4960891,0.09441473,0.4348151,-0.1071618,0.02378279,0.7381673,-0.01102558,-0.04300392,0.01452294,0.00679772,-0.2844734,-0.002586251,0.5145696,0.05062745,0.09519048,0.1861181,-0.056896,-0.3470267,-0.4148169,-0.05735421,0.01626409,0.06518304,-0.2019078,0.2368082,0.03653613,-0.004167287,0.01444922,-0.4201066,0.3475875
-0.01828319,0.3195608,0.2747452,-0.1136352,-0.1302081,0.1115076,0.2942394,-0.2323971,-0.1105221,-0.188615,0.2308739,-0.03315548,0.04945846,-0.3789465,0.2541376,0.04248188,-0.3027265,0.02853426,-0.9674569,0.1527518,-0.0306101,-0.2269831,0.3897755,0.1109535,0.2869434,-0.08083378,0.3596432,-0.3203771,-0.1144125,0.1133984
0.3224372,-0.09564561,-0.1672766,-0.3858793,0.4487643,0.1399914,0.2747923,-0.003081767,0.562941,-0.02824707,-0.1908866,-0.3135343,-0.005277486,-11.82011,0.08759969,-0.3298154,0.4070465,-0.08577114,1.151516,-0.3025154,0.4452755,-0.03879384,-0.2969379,0.1983714,0.1981521,-0.05767626,0.01722645,0.4880666,0.3153669,-0.2740207
-1.302805,0.1116188,0.001861047,-0.004745124,-0.1039933,-0.2133965,-0.09026649,-0.1934213,-0.128518,0.2262782,-0.08825232,-0.418717,0.03800398,0.0426628,-0.001874183,0.8664987,0.0792872,0.09145979,0.05620801,0.01385695,-0.3103147,-0.3006531,0.07498115,0.2191229,-0.4474692,-0.09444806,0.007336337,0.2262477,-0.02097231,-0.01393217
-0.7047973,0.001609017,-0.006280377,0.06852868,-0.2194715,0.4237944,-0.0844737,0.6104442,-0.00126233,-0.09610483,0.4539681,-0.4300447,-0.09372407,-0.133514,0.001867699,0.008792068,-0.02260003,0.172064,-0.3191924,0.09344713,-0.002675922,0.5569539,-0.337575,-0.1274856,0.03672904,-0.1846991,0.3556992,-0.1508342,0.3581086,0.01544589
-0.2141928,-0.01357822,-0.0585888,0.8268733,-0.1469128,-0.09498352,0.02063699,0.2787964,-0.02533144,-0.09232344,-0.476095,-0.002961262,-0.1970067,-0.026624,-0.2629431,0.4501382,-0.1006904,-0.01346418,-0.3825325,-0.7573394,0.0623134,-0.1567322,-0.2593712,-0.2815207,0.4421965,-0.01095365,-0.4065088,0.3715587,-0.4018143,0.4600618
0.188173,0.2668005,-0.001701508,0.05342381,0.04090194,-0.2274334,-0.01719957,-0.002574345,0.1459243,0.06088791,0.4053755,0.0374121,-0.3201253,-0.2197968,-0.009867907,0.2850223,-0.4424143,1.161902,0.8620218,-0.01806596,-0.2722928,0.3705137,-0.01312582,0.1620809,-0.01120821,0.06315898,0.1164499,0.7735783,0.168317,0.02014965
;
-0.004316582,0.07955855,0.3300136,0.4134229,0.8555201,0.0690977,-0.1914728,0.2463865,0.9311897,0.1391869,0.0002242555,-0.03455726,0.124052,0.02002702,-0.07536989,-0.1407215,0.1763245,-0.03157676,-0.1065774,-0.05893346,-0.003356418,0.2063935,-0.4677454,-0.1845931,-0.1338191,-0.1885963,0.063495,0.0968267,-0.03020135,-0.05062149
-0.07647564,-0.0946424,0.003790203,-0.007446345,-0.6285613,-0.03578717,0.07692701,-0.02185323,0.2533227,0.2583492,0.0486175,0.5229954,0.2525976,-0.3954515,0.2082923,-0.005993722,-0.3044751,-0.2324467,-0.04829553,-0.2008687,-0.01143628,0.01411392,0.01394306,0.3850622,-0.5409204,0.01989879,-0.2345011,-0.1429777,0.1892741,-0.1941262
0.001179516,-0.4352283,0.3676531,0.207418,-0.1550151,-0.1998978,-0.2722658,-0.09139155,0.0361663,0.1277312,-0.1813727,-0.1146296,0.02574266,0.06582338,0.5991528,-0.06466419,0.100617,-0.03258356,-0.270622,0.0005123071,-0.1163604,0.1211612,-0.04559487,0.1375941,-0.2510096,-0.1998795,-0.06447858,0.165684,0.3449064,0.4536706
;
