-0.1216921
-0.976853
-0.2154568
-0.07919844
0.401803
0.3784991
0.1399981
-0.2639849
0.03262569
0.3280108
;
-0.8513871,-0.0519647,0.2103779,-0.3107193,-0.0878889,0.3879331,-0.3656149,-0.7708091,-0.1736057,-0.07109529
-0.4543906,-0.1155832,0.01391656,-0.482119,-0.01470732,-0.07877088,-0.0618738,0.3432615,0.04277371,0.07852063
0.03591802,-0.03830463,-0.1696624,0.01773055,-0.2650257,-0.002568301,-0.2632221,0.003652758,-0.1851976,-0.001515063
-0.1812686,-2.374573E-05,0.4064174,0.3986442,-0.4009016,-0.4554942,-0.103397,2.823691E-06,0.2551582,-0.4284383
0.02704367,0.4451697,0.2288269,0.1363562,0.2828591,0.06848747,0.01855403,0.1263213,0.2845418,0.09244954
-0.01058966,0.1946995,-0.04417604,0.2918159,-0.0004859704,0.4162014,-0.2467019,-0.001481775,-0.03288046,0.0492932
-0.05689579,0.2722956,-0.08836657,0.01010516,-0.04537132,0.4431987,0.0637632,0.511262,-0.4219677,-0.2067115
-0.4212476,-0.07707544,-0.5721778,-0.2121135,-0.003249824,-0.3742865,0.1472303,-0.3214271,1.215259,-0.4113678
-0.03647104,0.1200809,0.3258948,0.2651008,-0.5226507,-0.3415115,-0.4062157,-0.02202861,0.05001003,-0.04754167
-0.0007328709,0.3926809,-0.3682092,-0.01822308,0.21794,-0.01101331,-0.4423436,0.06870264,-0.2277107,0.3556097
;
1.208643,-0.1435305,0.1830245,0.006573531,0.1902009,0.7019239,-0.0002083251,-0.2866632,-0.4670088,0.0233645
-0.0940941,-0.0004619883,0.002674671,0.1322632,-0.2361737,-0.02053927,0.2946903,-0.4052582,0.3284236,0.0008948507
;
-0.1569415
0.07559153
-0.0866802
-0.01604043
-0.4384485
-0.1181941
0.06721267
0.4546072
-0.04233665
-0.2440209
;
0.437191,-0.2761382,0.3342867,-0.001189352,0.0005054387,-0.4251829,-0.3499193,-0.3696988,0.1335508,0.1067458
-0.05897957,0.02130538,-0.4453403,0.02164727,0.02064003,-0.11749,-0.09717461,0.4291431,0.0004201863,-0.00490193
-0.01925403,0.08250386,-0.002980333,0.05178849,0.1599701,-0.2562634,-0.05691129,-0.05274325,-0.1063706,-0.1604864
0.006106952,-0.3741821,-0.5027638,0.004576017,-0.3076237,-0.05199236,-0.4028007,-0.04739681,0.04524972,-0.09373182
0.1761992,-0.2312842,-0.003042703,0.1469899,-0.03185189,0.3779227,-0.1685554,-0.2356555,-0.1199195,-0.04706244
-0.4473248,0.3785151,-0.1731878,-0.1778656,-0.04882902,-0.1951321,-0.01689011,0.1533614,-0.08941634,-0.2164456
0.565153,0.4384542,-0.3272216,-0.1196385,-0.2971849,0.07037705,0.4830905,-1.174225,0.00131262,0.4243764
-1.558846,0.1051375,-0.4045838,0.2144863,0.1303362,0.3442193,-0.4867325,0.009238109,0.04656108,-0.1902709
-0.5703774,-0.5584035,0.05850822,-0.02588237,-0.01747866,0.2050497,0.4328047,-0.002171432,-0.04436607,-0.1372516
0.02034348,-0.3169703,0.007318119,-0.4015499,-3.982319E-06,-0.5866031,-0.5100951,0.06610049,0.007351479,0.3449125
;
0.4658655,0.1673544,0.0009183733,0.1862368,0.007857687,0.00415335,-0.290972,0.108166,-0.1453678,0.1187292
-0.09755975,-0.006237501,-0.3522553,-0.1040476,0.009625513,0.0672353,0.03189534,-0.1304474,0.0006971456,-0.06277276
0.006721383,-0.01615614,0.01759528,0.02520841,0.1162594,0.0562396,0.08200328,0.008870197,-0.01036184,0.7511683
;
