0.2408318
-0.5230849
0.3753505
0.1712874
-0.0005248439
0.02278414
-0.00678544
0.5686923
-0.7309061
-0.6487693
;
-0.8261192,-1.169389,0.3459703,0.002265758,-0.4740019,-0.03661149,0.07058982,-0.004438106,0.07586371,0.4330195
0.7434881,0.3415335,0.1161246,-0.001409754,0.006016559,-0.1869773,-0.01169293,0.436152,-0.2012329,-0.3043579
0.4164208,0.2776259,0.1484746,-0.2792271,0.1860037,-0.254316,2.401125E-07,-0.09981633,0.006538451,0.1916288
0.7509111,0.5414082,-0.641991,-0.3500547,0.1931207,-0.2869512,-0.009728492,-0.04087004,0.349142,0.04055388
-0.02408721,0.1537587,-0.8657816,-0.1412836,-0.1680444,-0.2041397,0.0003801691,0.342654,0.0155248,0.01536769
-0.4881577,-0.02283339,0.3734057,0.01468203,-0.2635885,0.04472338,-0.01567702,-0.09403902,-0.02798921,-0.1015082
-0.7313401,0.003642285,0.009692817,2.416561,-0.4740418,0.0008904165,0.5245151,-0.4807684,0.0532002,-0.3504215
-0.0007995701,-0.4519219,0.306375,0.2795048,-0.2366646,0.3684189,0.1099159,-0.3395123,-1.019552,0.06878692
-0.05931348,0.8241913,0.07923259,0.2074404,-0.3027557,0.00989002,-2.185483,0.01229566,-0.2908482,-2.150072
0.326216,-0.0454997,0.02326404,0.08999255,0.8105426,0.09359556,0.442005,0.1454957,-0.05783552,-0.1530709
;
-0.001382545,-0.4177427,0.2598419,0.1089664,0.4510239,-0.2174204,0.1713762,-0.05022839,-0.2092607,0.005125575
-8.929079E-08,-0.2080952,0.0988453,-0.1961341,-0.7245782,0.2241537,-0.01843088,-0.4976225,-0.2390338,-0.03852707
;
-0.004746642
0.2876815
0.04670446
-0.1243171
-0.06326789
0.009522578
-0.07565416
-0.4475129
0.08596011
0.3820142
;
-0.1646618,-0.1738456,0.3233067,-0.02643733,-0.04012886,-0.02744102,0.7371029,-0.01425821,-0.309767,-0.03616156
0.128494,0.4701131,0.003812023,-0.08370894,-0.2092325,0.181388,-0.3703802,-0.3495566,-0.3768524,-0.1303636
0.1036622,-0.1183562,-0.08382785,0.03875401,0.6917098,-0.4509754,-0.420334,0.04668118,-0.04275905,-0.4125199
-0.1910393,0.3202204,0.487669,-0.01556379,0.1441421,0.0009670643,0.5972049,0.0004583736,0.1125593,-0.282613
0.2317158,-0.4789598,-1.210698,-0.3527286,-0.09315009,0.2339381,-0.2461264,-0.3058536,-0.1340789,-0.4709455
0.03927857,-0.2574131,0.001228872,-0.01338643,0.08298653,-0.0684469,-0.04162337,-0.04918238,0.1414093,0.3764735
0.2551453,-0.2968647,-0.006810068,0.0004598796,-0.9193686,-0.3203057,0.00264467,-0.248089,0.5738057,0.4974298
0.3465357,0.05425256,0.8745483,-0.1246674,-0.3051041,0.3615211,-0.2292842,0.01736968,0.005599754,-0.03409969
-0.1288366,-0.3195424,-0.2444385,-0.01285191,-0.2456389,0.08201367,0.2869814,-0.129849,0.04682428,0.07791811
0.4290994,0.3593626,-0.06063456,0.08481986,-0.4760153,0.03555707,0.05609492,-0.7077454,-0.2206439,0.3026842
;
0.4043555,-0.1971852,-0.007632053,-0.114257,0.005245745,0.3913798,0.09359884,-0.007183027,0.01711606,0.05353462
-0.4488686,-0.2339246,-0.05013236,0.2210361,-0.09616047,0.5445617,0.01146991,-0.3313207,-0.09328884,0.06522732
-0.319064,0.01474373,-0.3192364,0.1323339,-0.06504876,0.01008354,0.09302308,-0.3431019,-0.08813936,-0.4848844
;
0.08339528
0.2336504
-0.4817075
0.7976729
-0.02347657
-0.0008731703
-0.03591878
-0.07528169
-0.4496654
-0.01422782
0.03672525
0.4991346
-0.3587605
-0.2176399
-0.07812721
-0.3394695
0.0768171
-0.3995197
-0.2408939
-0.1811876
-0.2386829
0.001777526
0.1575771
-0.04710301
-0.3316833
0.080355
0.1239301
0.3858861
-0.02345708
0.08071283
;
-0.4202623,0.2889392,-0.6567356,-0.422119,0.1377443,0.0119631,0.3847866,0.3924482,-0.3721404,-0.3795575,0.3518209,-0.2640115,-0.2623382,0.2027991,0.2006987,-0.3563976,0.0002629936,-0.2422827,0.8412463,0.4764766,0.2782227,-0.8895651,-0.01538805,-0.01765472,0.1024136,0.1246259,-0.09020821,-0.9809737,-0.4039336,-0.2638723
-0.2370428,-0.3805554,0.3067042,0.157352,-0.2194034,-0.07898813,0.0347249,0.06836945,-1.136563,0.01855121,0.008829892,0.05713699,-0.03540206,-0.3679773,0.002893839,-0.2702376,-0.1250547,-0.05877453,0.7478377,0.4951364,-0.4119914,0.07698468,0.3154539,-0.1753675,0.09177536,-0.01703892,-0.1381785,0.07418233,0.2874462,0.3972714
0.01913232,-0.4545543,-0.0009694821,0.35732,-0.02086488,0.1676407,0.2842749,-0.05838886,0.172746,0.05756799,0.4842362,0.06029893,0.9499146,0.3177617,-0.4936994,1.194056,-0.2501018,0.4999876,0.3626086,-0.5695618,0.00309551,0.3671266,-0.004887329,-0.005871747,0.09422258,-0.5803114,-0.1703817,-0.0670107,-0.4979866,-0.1062619
-0.4589089,-0.1324852,0.2982014,0.3326232,0.4889042,0.1971678,-0.197942,0.1434394,0.4556799,-0.04845612,-0.4369562,0.2954396,0.2854853,0.01049709,0.3324209,-0.07458504,0.2592839,-0.4082397,0.03575514,-0.7456857,-0.03323632,0.1350929,0.1618278,-0.1059115,0.08279537,-0.3649193,0.08348233,0.02660316,-0.03198455,-0.2993485
0.02675918,0.0004006028,0.1475557,-0.01595539,0.5599941,0.5516608,0.2795862,-0.2489792,-0.3534478,-0.1083725,0.178176,-0.003324232,-0.0006898046,-0.08638719,0.06597134,-0.0001260675,0.0292521,-0.01040689,-0.1039316,0.003511535,-0.4411708,-0.03969492,0.391493,0.03651822,0.210879,-0.04180934,0.04487962,0.2054155,-0.195624,0.01667332
-0.2163944,-0.6789103,0.1960512,-0.0003717854,0.1365601,0.04160139,-0.315536,3.553073E-05,-0.4603291,0.2739103,0.02803213,-0.8581681,-0.09265257,0.01708362,-0.4771228,0.01501607,1.024517,-0.08113562,-0.1956325,0.02102167,0.7417851,0.1339238,0.1527279,-0.2923505,-0.3236719,0.5589331,0.06199824,-0.4187895,-0.4378281,-0.04174443
-0.2739099,-0.05019528,-0.03032368,-0.08282965,-0.01275219,-0.03184249,-0.433323,0.3721582,0.2025331,-0.1523112,0.3159254,0.3787899,-0.1707866,-0.145376,0.1806579,-0.05460292,0.07578376,0.00123672,0.03216315,0.2932836,0.4761142,-0.5936574,0.2258117,0.001173673,-0.1116613,-0.3426487,-0.08470359,-0.1713351,-0.4823745,-0.473388
0.2374491,-0.007054838,-0.002202571,0.01244932,-0.1148089,-0.01642483,-0.6452178,0.4892913,0.3124732,-0.4143107,-0.342347,0.09209864,0.4520295,0.03167695,0.03738393,-1.027383,0.2415134,0.0007209256,-0.3321469,0.5103284,0.2382444,0.2098749,0.08188078,-0.02646081,-0.1357444,-0.08955508,-0.01742217,0.3830243,-0.4820943,-0.01334041
-0.3304783,-0.03792018,0.06801295,0.1329141,0.0004684947,0.05225089,-0.1777536,-0.1974236,0.3131826,-0.2915709,-0.01922846,-1.005158,-0.093533,0.1283496,0.4507874,-0.01525862,0.1518471,-0.0430879,0.1059049,0.06678361,-0.04930124,-0.2848408,0.2640853,0.02697103,0.0006796757,-0.2965039,-0.2240341,0.002849194,-0.2335004,0.4230243
0.3452034,0.1870098,0.2207367,-0.1576914,-0.05279873,-0.09915096,-0.1887809,0.2328727,0.2590251,0.08281908,0.003593418,0.3469065,0.3395689,0.09541699,0.04636651,-1.695741,0.04968647,0.0803023,-0.004559183,0.0006994503,-0.4311467,-0.0421325,-0.004115907,0.01140571,0.3177948,-0.01198601,-0.1971301,0.2431332,0.1257325,0.4652897
-0.4388351,0.2194302,-0.01387152,0.02353325,0.05638486,-0.245097,-0.3484257,0.4915243,0.09588701,0.1273536,-0.6343263,-0.03929901,0.009564131,-0.5651546,0.4231488,0.006011474,-0.002339592,0.5610827,-0.4190167,-0.006099928,-0.1925813,0.2808143,0.02572254,-0.07657623,0.02305282,-0.008759382,0.02721287,0.1372782,0.1584848,0.592674
-0.6188263,0.3430374,0.01395186,-0.1755184,0.3372427,-0.09734911,-0.1562976,0.002054219,-0.0231245,-0.06265364,-0.003455008,-0.2246338,0.0993287,0.0345091,-0.8349949,0.2682973,0.02007724,0.2830672,-0.06122617,-0.02540654,0.4624478,0.4267246,0.03795361,0.4216217,-0.444129,-0.4521301,0.01982266,0.2563902,-0.006364276,-0.1535957
-0.5795497,0.4646697,-0.1469157,0.2354087,0.1337759,0.1783208,0.002367916,0.001165998,-2.164091,-0.2818615,0.2047051,0.1822893,1.270558,-7.839785E-05,0.1205907,-0.1044279,-0.4202061,-0.1288499,-0.02969571,-0.4804924,-0.2366708,-0.2731402,0.1476381,0.004599988,-0.1174182,0.2017153,-0.00352932,1.726373,-0.2195585,0.1729525
-0.5554805,-0.241405,-0.03038524,-0.4921465,-0.4532011,-0.2075834,-0.08394983,0.108298,-0.1370084,-1.345774,0.003392975,0.08391595,0.229919,-0.1954379,0.2139441,-0.3421919,-0.2187091,0.1362917,-0.624359,-0.2853218,0.4402684,0.07793304,0.07972997,-0.275425,0.1317428,0.2740158,0.03472509,0.002862036,0.08101974,0.3071615
-0.2087629,0.4917176,-0.4695389,-0.03417915,0.0007983003,0.1540493,0.004892794,-0.1343578,0.2080083,0.2959912,-0.06107217,0.4134871,-0.3526892,-0.1129801,-0.2104252,0.01527345,0.05631799,-0.3435565,0.2335377,0.3393642,0.2769953,0.3492786,0.3549697,-0.01634923,-0.1247245,-0.2340569,0.0102594,-0.3949047,0.1507512,0.3556249
-0.2058211,-0.04722623,0.1446208,-0.4394225,0.445763,-0.7071438,0.01455897,0.3781699,-1.401001,-0.04810962,0.263783,-0.1405441,0.001055011,1.35723E-05,0.1572204,0.1082922,-0.2578024,-0.008055753,-0.07456686,0.527372,0.01779372,-0.09426898,-0.02276845,0.1199691,-0.2252044,-0.0005004834,0.2738203,0.08211488,-0.982273,0.04314834
0.04850835,-0.05038297,0.09984,0.2395964,0.01743451,-0.08637142,-0.04144834,-0.1198123,-0.1841761,-0.3516357,-0.1013156,-0.001894045,-0.000164699,-0.02802315,0.6064733,0.0166786,0.3818288,-0.04346412,-0.4649075,-0.002007658,-0.3144048,0.04801895,-0.1233328,0.414902,-0.1886579,0.07508057,-0.07832966,0.07613891,0.2439104,0.05205005
-0.182117,0.01980054,0.8703319,-0.007132058,-0.2118259,-0.176618,-0.0005295954,0.4187587,-0.3679117,0.1356035,-0.145113,0.1266341,0.07530095,-0.4916774,-0.005538865,0.2419752,0.3480436,0.05925154,0.3595982,-0.3712248,0.005084704,-0.3394152,0.06894988,-0.4247775,-0.1593275,0.3735695,-0.04896218,-0.02690091,0.1435542,0.2538417
0.1163767,0.006928358,-0.0980664,0.4593219,0.302812,-0.1004404,1.059902,-0.1538421,0.1611182,0.0158692,0.2298518,0.1030294,0.1914241,-0.1044034,-0.3596548,0.9040793,0.06750964,-0.08014125,-0.005804638,-0.02641147,0.003514936,-0.0004346865,-0.02728811,0.003247482,-0.08583859,-0.138264,0.3262852,0.01576904,0.01587432,-0.0003255144
0.2672324,-0.02162336,0.1106905,0.3963694,0.2077339,-0.4287959,-0.4100642,-0.1692265,-0.0855397,0.414427,-0.41076,-0.09336919,0.1862446,0.363133,0.002069275,0.29921,-0.6141823,1.6946,-1.34193,6.251311E-05,-0.3922912,0.3450551,0.3363367,-0.01018639,0.7505581,0.2169506,-0.24187,-0.490119,-0.1564779,-0.2351733
0.1787853,-0.3344936,-0.3540026,0.0001004933,0.002221571,-1.005263,1.061289,0.004157699,0.2755259,-0.4904495,-0.05638507,0.1322419,0.1142181,0.03997212,1.225426,-0.3009638,-0.2395061,-0.59229,0.04187588,0.1927343,-0.3063103,0.3234076,-0.1376221,-0.07162172,-0.07011645,0.2564245,-0.04752281,1.189958,0.6371843,-1.296232
0.1461823,-0.00753392,-0.4014653,0.306477,0.06259321,-0.4280411,-0.1949413,-0.4265809,0.00476085,-0.09548784,0.4814463,-0.1689225,-0.005004677,0.4292493,0.689673,-0.3497621,-0.7831227,0.1157723,-0.3723722,0.3576416,-0.004069522,0.01176253,0.08809128,0.06514914,2.079643E-05,0.006608775,0.01510564,-0.0194327,0.4274166,-0.1815774
-0.01578862,-0.4132289,-0.07145661,0.0002496888,0.194718,-0.001821642,-0.9047881,0.2838103,-0.4605819,0.02477652,-0.06667545,0.5173405,0.4681328,-0.5492199,-0.05403832,0.182861,0.01868862,0.4221636,0.2803642,0.2070653,-0.3122442,0.003047416,0.08166707,0.1591982,-0.05683127,-0.4190215,-0.3139235,0.0779774,0.05403463,0.003933549
-0.4776087,-0.3338352,-0.006503642,0.2002826,0.1259775,-0.3965902,0.0038047,0.3836409,0.2449843,-0.2959479,0.1841206,0.3748403,-0.0001966282,-0.4810173,-0.1682871,-0.196904,-0.487582,0.1740035,0.3512658,-0.3642257,0.470072,-0.02658344,0.8065484,-0.05396461,-0.5663323,0.1680147,0.3041964,-0.4963312,0.1089082,0.04708308
-0.2047706,-0.1103048,0.3790487,0.8230156,-0.4237355,0.4343989,-0.08714825,0.007177256,-0.3052323,0.005942006,0.0006326885,-0.02314872,-0.170036,-0.02074191,0.1111143,0.5287221,-0.2316517,0.08481828,0.3472602,0.09065765,-0.4658853,0.2163614,0.04274029,-0.471948,0.211305,2.323901,-0.06970046,0.01732793,0.0157512,-0.1947286
-0.1104259,0.1216051,-0.2763808,-0.001805803,0.1643085,0.3872578,-0.157889,0.1453289,-0.1766433,0.09941144,0.003933119,-0.03046843,0.05732304,0.0137463,0.6012501,0.08367103,-0.01389402,-0.07251423,-0.01359263,-0.3370829,-0.4415121,-0.05540963,-0.3411696,0.1194893,-0.06929094,0.1052491,-0.4263377,-0.1675829,0.0001929755,-0.003728104
-0.40666,-0.08060035,0.008015965,-0.4025384,0.008534125,0.107422,-0.9634118,0.3649583,-0.3979552,-0.1642043,0.02279101,-0.009356691,-0.5207844,0.3500328,-0.6933439,0.111373,0.1051969,-0.4778328,0.32991,-0.2885807,0.1140185,-0.01121829,0.1073339,-0.07825122,0.2848347,-0.3344669,-0.00493751,-0.005780227,-0.3818976,0.1620569
-1.10833,-0.1864168,-0.4211926,0.02393537,0.1722331,-0.4827805,-0.1783559,-0.7020028,-0.1987192,0.003602673,-0.742897,0.4212143,-0.09965269,-0.01024336,-0.4295854,0.1321831,-0.0008478113,-0.1832408,-0.7211285,0.003491104,-0.0003350503,-2.133756,0.2570195,0.04690845,-0.000893463,-0.03242467,-0.5862449,0.1538652,-0.2966603,0.4680454
1.496701,-0.4230284,0.4408975,0.2824084,0.135541,-0.2845644,-1.633811,-0.3512167,0.7421614,-0.01665397,0.7552933,-0.2747163,-0.0002805377,0.4014962,0.09139472,0.5489556,0.01251441,0.3635218,-0.6430333,0.2273419,0.1460535,0.2077498,-0.003812379,-0.005836804,0.265693,0.105193,0.3643926,0.0727851,-0.01858065,-0.003184825
0.1852681,0.8212845,-0.0551334,0.06467015,-0.007428267,-0.3882851,0.01912412,-0.06827515,-0.003044388,-0.4865129,0.004929831,-0.2810525,-0.2824972,0.04772308,0.3963554,0.0250956,0.01639428,0.115143,0.1472204,-0.008942252,-0.7096416,-0.1639557,-0.03586182,0.1494312,-0.1647134,0.00720437,0.07179397,0.3066801,0.48807,0.3068
;
0.004503787,-0.05042233,0.3808897,-0.6864243,0.02085411,-0.002932774,-0.3906105,-0.006169396,0.8256174,0.2280462,-0.02423646,-0.5109097,-0.1659636,-0.1317192,0.03234139,0.02398008,0.2435105,-0.001229857,-0.0007401178,-0.0487017,0.4881915,-0.06201548,0.2297736,0.3621432,-0.6160479,0.007588618,-0.04418711,-0.02330806,-0.09131294,0.05011531
-0.1895242,0.02487074,0.423686,-0.2010391,-0.09274453,-0.02104199,-0.02907506,-0.147376,-0.2563631,-0.4573191,-0.1566009,-0.01592704,-3.845865E-05,0.002584555,-0.3693306,0.2201661,-0.0005078728,0.01738125,-0.09941015,0.1249544,-0.002401982,0.05602569,0.6179953,0.4323432,-0.01331461,0.01715344,0.4493145,0.03452069,0.2096305,-5.755649E-05
0.239885,-0.1056694,0.4039577,-0.2039149,-0.004208656,-0.0690487,-0.09360796,0.001135528,0.2861611,-0.9349483,-0.008091364,0.001296073,-0.310787,-0.2136515,-0.01768225,-0.1496975,-0.02584543,-0.08066458,-0.1061308,-0.02622384,-0.00276524,0.4105967,-0.2576072,0.1308845,-0.3793341,0.2124682,0.3343203,-0.02728291,-0.5533441,-0.3670299
;
-0.05352327
0.2989755
0.4391577
0.009905198
-7.600033E-08
0.1554273
0.07145453
-0.7198682
0.04837445
0.3507226
0.320846
-0.006274371
-0.3253987
0.0001417634
-0.0720759
-0.001649439
0.08987147
-0.1380748
-0.1074573
-0.03806299
0.02600285
-0.03479042
-0.1814732
0.1110808
-0.2777649
-0.04237577
0.472725
0.1666521
-0.2145246
0.05325645
;
-0.2485951,-0.0009481405,-0.4186364,-0.1559969,-1.584201,0.284157,0.005263986,0.04116558,-0.3314286,0.4166786,0.005081832,-0.1999628,-0.5209056,0.07846183,-0.6842524,0.2401201,0.01849535,0.04533146,0.3824973,0.2306016,0.01883346,-0.06444257,0.1170307,-0.09287041,-0.009498985,-0.07687825,0.04685527,0.004868029,0.007758887,0.3553352
0.4512394,0.05479316,0.7182391,0.07877702,0.006175975,-0.1865402,0.1001946,0.01563681,0.1287441,0.1369587,0.1486248,-0.1003456,-0.0577123,0.01771729,-0.2442207,0.03579367,-0.3438623,0.2511085,-0.4977114,0.3215306,0.2804229,-0.3570731,0.01366654,-0.2668735,-0.03123765,-0.2087554,-0.1267369,0.06064177,-0.008406765,0.06396974
-0.129867,0.4912256,-0.08763409,0.293135,-0.007850792,0.1079037,0.5229867,-0.1242489,0.02154858,0.03792333,-0.6223295,-0.4925153,0.2249746,0.4086975,0.2229831,0.1673426,0.09225578,0.3167471,0.1191247,0.2431154,0.003588933,0.4624114,0.0867182,-0.04052427,0.4744678,0.3842328,0.395485,-0.2511508,-0.3101599,-0.1823278
0.1813942,-0.2462865,-0.3957117,-0.08291403,0.4596749,0.2748778,0.860379,2.276438,-0.08382399,-0.4665632,0.1906922,-0.02752944,0.02678024,0.09097904,0.03703938,-0.110437,-0.2488577,-0.165908,-0.5690987,-0.4913172,0.2687857,-0.01035374,-0.01324345,0.3705329,-0.151049,-0.01172778,0.2259665,-0.1994016,-0.4151374,0.2041699
0.008548993,0.1731216,-0.2676492,-0.0003705523,1.365025,0.0007419993,-0.05595194,0.03031581,0.0928497,-0.3200156,0.0002605319,0.116549,-0.2246987,0.2966949,-0.02252931,0.0008932452,0.3168623,0.2073182,0.3771631,-0.09183828,0.05185694,-0.02275908,0.004381601,-0.03711751,0.3220656,-0.3229128,0.1916476,0.2513885,-0.1186418,-0.4064388
-0.3012934,-0.06141086,-0.05137982,0.4475302,-0.4409355,0.1528684,-0.2746161,0.06670329,0.2096868,-0.1438758,0.4201304,-1.510728,0.04406253,-0.1002485,0.7188675,0.1374884,0.48432,0.09167501,-0.08750507,0.002671351,-0.1758036,0.05369288,-0.2822313,-0.4087644,-0.3083141,-0.1060764,-0.07419366,0.04172736,-0.1250632,-0.1469429
-0.3833586,-0.08905283,0.06467809,0.01780752,-0.2734714,-0.4013941,-0.1988658,-0.001897366,0.1784469,-0.0007072813,-9.350666E-05,0.4350015,0.1493595,0.1714821,-0.2832715,-0.2215051,-0.2592247,-0.4239211,-0.0001978033,0.4283351,0.4641643,0.1166014,-0.2098561,-0.09960014,-0.2114127,-0.4755546,-0.01526028,0.007710763,-0.1101285,-0.02916385
0.3593535,-0.07372431,-0.002443937,0.4357183,-0.2291424,-0.5448967,0.2349681,-0.02657097,0.4640043,-0.1366945,-0.1198266,0.4833431,0.04403848,-0.007426579,-0.2536035,0.3350208,0.4570601,-0.04268536,0.01040965,-0.04844727,-0.3698187,-0.2231558,-0.3452085,-0.00149836,0.03558476,-0.3726534,-0.01729061,0.1363984,-0.1052745,-0.06825469
-0.6257632,-0.3197986,0.3494679,-0.5513664,0.02607305,0.04691412,0.4917125,0.2190791,0.3564335,0.002311765,0.4432739,0.03302997,0.07778078,0.06141946,0.6192023,-0.3797706,0.3818154,-0.03244,-0.01291355,0.3052793,-0.1977114,0.2099143,0.3479716,-0.099694,-0.459944,-0.11586,0.1088697,-0.4924616,0.04177576,0.4693603
-0.04515556,0.01835934,-0.8182961,0.02861114,0.00503584,0.3081697,0.006801798,-0.0331111,1.345058E-05,0.2887118,0.5570094,-0.2106398,-0.001360156,-0.3024468,0.3327828,0.1055272,0.4685477,-0.1103183,-0.06721526,-0.09897495,-0.2299942,-0.1364442,0.001585269,0.1081833,0.04125899,-0.1082891,-0.01690005,0.2446093,-0.2593669,-0.1830948
-0.02171041,-0.1077258,-0.5973156,0.1663784,0.3784726,0.00202666,-0.002951127,-0.597885,-0.40764,0.542855,0.4160666,0.230021,-0.393217,-0.03048423,-0.003205494,-0.1637774,-0.05522241,0.01071456,0.09877469,-0.02131945,-0.1316086,-0.06363124,-0.2629091,0.03088732,-0.1463187,-0.4049295,-0.0656888,0.0631941,0.4959015,0.006026
0.1053493,0.0005814686,-0.7412128,0.1943536,0.1265224,-0.04235912,0.01035872,-0.1965172,0.185641,0.04825898,0.1026262,-0.1434601,-0.0007035988,-0.05550183,0.01248742,-0.1678767,0.06066332,0.4346124,0.1989305,-0.5739967,-0.2617847,-0.5889698,-0.1839706,-0.2767545,0.4460998,0.003594252,0.4079419,0.327389,-0.03076962,-0.001206046
1.043009,0.3489399,-0.4704483,-0.05090269,-0.4307204,0.4281538,0.05360384,0.2103056,0.387906,0.09578222,0.2262713,-0.3368529,0.4317968,0.05309835,0.006916462,0.07550114,-0.5686029,0.02140778,0.3346672,-0.001473012,0.0965604,0.06789604,-0.08150062,0.02193926,-0.09227625,-0.0008327995,-0.01512156,0.2546053,0.08783141,-0.2217773
-0.098574,0.02834016,-0.01959286,0.01873909,-0.4961571,0.002219805,0.1696563,0.3097271,0.01967155,0.9269645,0.01298195,-0.06680582,0.004305184,-0.2584127,-0.0001852843,-5.874534E-05,0.1590822,0.1981871,0.08676444,0.4816813,0.2984829,1.458801,0.001812749,0.00900239,-0.05751787,-0.05958985,-0.05080541,0.6940326,0.226456,-0.05705159
-0.4076667,-0.4967365,0.3923711,0.003367353,-0.1108567,0.3229976,0.2850287,0.02782957,-0.233584,-0.01888192,0.05716816,0.3189059,-0.4552282,0.02755433,0.3856973,0.04520312,-0.002953159,-0.9811037,0.2194521,0.1890222,-2.682579E-05,-0.06750764,-0.01971275,-0.04920099,0.4678564,0.3654795,0.1097599,-0.3380293,-0.38888,-0.02342123
-0.01214145,-0.1803697,0.01546939,-0.0974163,-0.1743371,0.04237753,0.0383784,0.3031648,0.6080214,-0.08757123,-0.3125839,0.4501535,1.477086,0.1940345,-0.210359,0.4315277,0.4731883,-0.03338591,0.07808566,0.1865662,-0.2521399,-0.1927055,0.02693828,0.1233549,0.1995576,0.06782174,-0.4040907,0.3848451,0.22596,-0.06636158
1.118875,0.1581962,0.007631514,-0.3018878,0.3353254,0.01671035,0.08676139,0.0471051,-0.01444588,0.4073403,-0.5551003,0.4897313,1.784456E-05,-0.3293692,-0.4220161,-0.08641837,-0.05212623,-0.08637351,0.4427333,0.4741033,0.832581,-0.2024278,0.01716461,-0.3103259,0.0005146366,-0.7307824,-0.8239848,-0.3180157,-0.340079,0.04191166
0.04301527,0.09951073,0.4026706,0.08550922,-0.07437688,-0.4605776,-0.7787682,0.01621148,0.4365716,-0.2237263,-0.03651483,-0.002762669,0.3067842,-0.002465924,0.1854902,-0.1516039,-0.6236867,0.03260044,-1.421587,-0.06111209,0.4971878,0.2517757,0.4423214,0.09297663,0.209923,-0.1159914,0.001193489,0.04115938,-0.3213218,-0.5162405
0.3702807,-0.5398718,-0.2118414,0.2503638,0.1150046,0.01688156,-0.01957064,-0.06197673,-0.3257523,0.05830115,1.725379,-0.09816932,0.03021747,-0.1644524,-0.01840856,-0.3699151,-0.009071653,0.2721119,0.1332437,0.100019,-0.002503069,0.1916591,0.07900883,-0.07660168,0.04145042,0.4941266,0.001481222,-0.07785178,-0.04867945,-0.05323603
-0.2737771,0.6729463,0.01185348,-0.4822191,-0.0002728628,0.3692665,-3.136599E-05,-0.7672599,0.05054541,0.08987289,0.02012132,0.06063098,-0.0008077077,0.1254263,1.183974,0.052359,-0.08003347,-0.09740382,-0.002051796,0.06758159,-0.2857324,-0.1140326,-0.3320003,0.1024162,-0.1389728,-0.2760026,-0.2629131,0.4145575,0.1883542,0.1659545
0.848267,-0.482484,-0.3244733,-0.2108974,0.05030562,-0.07151078,0.09093601,-0.4901961,-0.3032162,0.06704941,0.4694937,-0.1050274,0.6028374,-0.01931743,-0.4936504,-0.02009273,0.1923582,-0.08401472,-0.2206178,-0.7288913,-0.033425,0.08893222,-0.2652186,-0.1562049,-0.01497361,0.2015491,-0.3921133,-0.002421439,-0.006478998,0.07468802
0.3757466,0.004606247,-0.001636583,0.6015682,0.3672816,-0.004547374,0.6712297,-0.3735074,0.01850299,-0.2697457,0.1618119,-0.0009747659,0.01329411,-0.4173782,0.02924699,0.3925231,0.01417084,1.369364,-0.425727,0.1127765,0.1567802,0.01249025,0.04382378,-0.471177,-0.001853102,-0.5014015,-0.1677548,0.0524102,0.01307082,0.8646246
-0.4407064,-0.5457373,-0.3926324,0.1021142,-0.7191513,-0.2820953,0.3111396,0.401987,0.08105093,0.3223009,0.3282747,0.02075285,-0.4772288,0.2297908,-0.3767224,0.1321608,0.2423486,0.004937248,0.1257658,-0.2447398,-0.393791,-0.08232848,0.001907647,0.5223832,0.2167262,-0.04341238,0.4691679,-0.4564162,0.09116966,-0.02796243
-0.2355862,-0.00295943,0.2125531,0.4868506,0.08321244,0.01059043,0.1813085,0.03363549,-0.008055253,-0.002060123,-0.01101653,-0.273998,-0.003546323,1.0638,-0.0948437,0.08473045,0.5964419,0.02475893,-0.248889,0.4148169,-0.08164807,-0.01921173,-0.07923645,0.01985858,0.06304854,-0.03653613,-0.004167287,0.003854261,0.06645101,0.14223
0.003151652,0.2107948,-0.4498259,-0.06622498,0.3066652,-0.2242365,-0.07764751,0.2323971,2.01626E-05,0.4972733,-0.01299542,-0.04315626,-0.2782236,-0.1503064,0.4690379,0.0218925,0.4364477,0.02853426,-0.4272159,0.19977,0.03672885,-0.4791235,-0.3897755,-0.1563067,-0.4396116,0.2514277,-0.1462883,0.1086934,-0.1058209,-0.001703498
9.342458E-05,-0.04288955,-0.324531,-0.2694377,0.3761765,0.4054239,0.2649,-0.003081767,0.2237928,-0.2561663,-0.0002582906,-0.01211258,0.01391483,23.87787,0.6751934,-0.3555222,0.4070465,-0.7035456,-1.151516,0.09080881,0.3683466,-0.000802171,-0.4618267,-0.2273237,0.006741808,1.022539,0.03221411,0.1902774,0.5281758,-0.2573152
0.3618162,-0.4911516,-0.1890555,0.007559976,0.1170628,0.005353002,-0.06931348,-0.1274447,-0.0005658718,-0.3925906,0.04597704,0.222468,-0.339941,0.07946616,-0.2520406,-0.003682468,0.01167873,0.04713323,0.1154658,-0.05503925,0.02448467,-0.3440193,0.2479862,0.1733509,0.4395642,-0.1199843,-0.01345214,-0.1242359,-0.004221219,0.3862784
-0.4749489,0.08047968,-0.01626035,-0.3291621,-0.07031164,0.1021418,0.0588613,-1.13706,0.2951726,-0.09610483,-0.09548952,-0.4362684,0.05759558,0.02684397,-0.0002544592,0.233963,-0.05504932,-0.01224216,-0.006416078,-0.2514933,0.0009459541,0.5569539,0.2058236,0.1990744,-0.0709905,0.1846991,-0.3556992,0.2773028,0.02027761,-0.0106367
-0.221179,-0.3241352,-0.06045339,-0.0005953997,-0.2934597,0.0274208,0.02247797,-0.3561158,-0.1917909,0.1666552,-0.001357679,-0.1240761,0.1989298,-0.003206091,-0.4170609,-0.4146298,0.007313134,-0.151483,-0.6139166,0.03619907,-0.01838671,0.06677908,0.04336554,-0.1119793,-0.3102856,-0.01095365,-0.1863176,-0.06465834,0.426442,-0.1708549
0.5706972,0.3561392,0.1776525,0.001117822,0.05670696,-0.024117,0.07749258,-0.1108362,0.09161952,-0.04972237,0.01017958,-0.7567112,-0.3201253,-0.2934369,-0.005210742,0.09348994,0.4332896,-0.06095022,0.129303,-0.393479,0.2183144,-0.1415782,0.01312582,-0.3825901,-0.002464374,-0.3374851,-0.08493614,-0.1359008,-0.1314322,-0.142788
;
0.3120497,0.6770833,0.4876109,0.08592879,-0.4489511,0.2672931,0.325572,0.3501118,0.5823723,0.07730526,-0.0002242555,-0.3049287,0.2467972,-0.02271543,-0.2407125,0.2155214,0.4921595,-0.435908,-0.1867807,-0.2676816,-0.0003663616,0.1401751,-0.4551326,0.08250187,-0.02678878,0.1885963,-0.08275742,0.02694765,-0.0300156,0.2281121
0.3787427,-0.05990546,-0.008949211,0.126283,0.1392996,-0.00248455,-0.02767829,0.01250423,0.4680674,-0.7036412,-0.05110354,0.3947343,-0.1020764,-0.02705265,-0.09313601,-0.01803796,-0.06898415,0.2324467,0.04829553,-0.461552,-0.4424889,0.003610302,0.01857627,0.338365,-0.2943051,0.04023639,0.1824713,-0.192,0.1892741,0.1941262
-0.09901149,-0.1556527,-0.3782096,0.6590934,-0.1550151,-0.1998978,0.1366346,0.02468652,0.0361663,-0.06893128,0.2699284,-0.1146296,-0.04114361,-0.0007683093,0.2456844,-0.07497574,0.1284937,-0.0539649,-0.2392316,0.1578571,0.1335893,0.6340619,0.3399018,0.1903073,0.07880069,0.1104339,0.1838302,-0.03702846,0.5601048,-0.1730356
;
