-0.4772229
0.05633309
-0.09089668
-0.1772159
-0.02834283
8.824055E-05
-0.4485036
0.4186569
-0.2622652
0.01651248
;
-0.2995857,0.2696654,0.3563955,0.03293321,0.4665685,0.3355222,0.3520428,0.3981487,-0.09927036,0.1463166
0.2957293,0.01129134,0.7970976,-0.2820212,-0.2547822,0.1007672,-0.2445972,0.1614111,0.005383094,-0.04386357
-0.2407805,0.03649022,0.579878,0.1140582,0.03401521,0.3752632,-0.4390349,-0.04357076,-0.2773464,0.3037173
0.5201124,-0.06909272,0.3280757,0.06914002,0.4551857,0.4661407,0.1223918,-0.04711473,-4.859498E-05,0.04416903
0.07679096,0.1753417,-0.07417875,-0.01327522,0.2679389,-0.2398854,0.1212838,-0.2381914,-0.4692779,-0.001854241
0.002021504,-0.2350574,-0.0008112905,-0.370792,0.1339708,0.1291655,0.06826304,-0.3507341,-0.3074459,0.2077137
-0.3091103,-0.3124281,-0.2818248,0.3984252,0.4929634,-0.7304639,-0.4777409,0.2636014,-0.06849295,-0.9182549
-0.3301208,0.004311151,0.4947592,-0.411384,0.1165596,0.003042321,-0.607052,-0.04509217,0.1329648,-0.0872419
0.2533553,0.2454116,-0.0003891751,0.0162892,0.04776782,-0.4784497,-0.3709626,-0.3136344,0.4775907,-0.4351255
0.1321576,-0.4682388,-0.4043484,-0.2871822,-0.4371682,0.3419138,0.005939013,-0.03855686,0.1410684,-0.02792477
;
0.003722334,0.06778139,0.562837,-0.05706614,0.1543215,0.2309255,-0.01113259,0.4769394,-0.3283113,-0.001893222
-0.4208272,-0.0220168,0.0806822,0.3614756,0.1977168,0.2716796,0.03162439,-0.4370984,0.7549348,1.50466E-05
;
-0.2855582
0.4795233
0.7519904
-0.09882513
0.01374643
0.08097336
0.04537442
-0.4332952
0.03245486
0.08333449
;
-0.09757961,0.4231476,0.007985764,-0.1059716,-0.2214348,0.0004838538,0.3722242,0.2645604,-0.3866985,-0.08870596
0.7018189,-0.4500788,-0.3106294,0.5214848,-0.09141047,0.3627106,-0.03594146,0.1202676,-0.08998626,-0.01721786
-0.07159557,0.2442772,0.003602664,0.1129499,0.4997468,-0.2288296,0.02064556,-0.1631604,-0.4329666,0.3695611
0.0971331,-0.1103067,0.09238969,0.04947232,0.001827143,0.2191784,0.4816884,0.4670319,-0.04529148,0.003694747
0.1309866,-0.4578568,0.1110495,1.345057,0.04648884,-0.09000527,0.2461919,-0.2345222,-0.01274026,-0.4204396
0.06796215,0.42212,0.00165269,-0.05360354,-0.2870494,0.007426152,-2.843889E-05,0.03813157,0.2221397,-0.005437644
-0.0002611323,-0.1676444,0.006193408,-0.0001706016,0.1133284,-0.3335365,-0.3263676,0.009643018,0.133173,-0.01486787
0.4630009,-0.4445118,-0.2079399,0.001866148,-0.1495501,-0.1131523,-0.6137078,0.008894593,-0.2587997,0.08267707
-0.04655083,-0.1085094,-0.2810513,-0.05243803,0.3040578,0.01435322,0.01602497,-0.1149702,-1.514175,-0.4497098
-0.02370945,0.01200786,0.2984239,0.007490901,-0.002978692,0.1988702,0.4424138,-0.1909633,-0.06206238,-0.2633264
;
-0.3440993,-0.01719323,0.2292127,0.02891643,0.1598679,0.1694245,-0.3582465,-0.00229689,0.165689,-0.1507134
0.2549534,-0.01705048,0.3500928,-0.1010079,-0.1306584,-0.2469835,0.01795231,-0.4684449,0.4754639,-0.04113178
0.2761905,0.06423117,-0.03712723,-9.303762E-05,-0.3040199,0.3087412,-0.06745165,0.06701424,0.1753161,0.222021
;
