0.1244492
0.1927925
-0.1919567
-0.01363176
-0.3042367
-0.1642299
-0.4026687
0.203367
0.2044181
0.1621574
;
0.3191797,0.05357844,0.1351905,-0.1614888,0.09537667,-0.08855242,0.02401537,0.3861439,0.1233884,0.1763102
0.2227815,-0.1092617,-0.1654591,0.0487638,-0.05643088,-0.2433726,0.2838488,0.01548356,0.1742596,0.1340387
-0.1752002,0.1369198,0.1096708,-0.09621018,0.1208636,0.03131884,0.01638681,-0.3793674,-0.2325231,0.3740414
0.03755981,-0.4057416,-0.3045162,0.1658592,-0.06815356,0.3133925,0.3888537,-0.3124447,-0.1001667,-0.06359118
-0.3873808,-0.2186291,-0.07061523,0.382905,-0.3220088,0.4520725,0.3753997,-0.38801,0.07491869,0.1591567
-0.4562237,0.4311889,-0.511214,0.1752899,-0.2416052,-0.1225751,0.06510025,-0.3192892,0.01757747,-0.4574986
-0.2221389,0.3077157,0.01281446,-0.1233005,-0.4877441,0.3565522,-0.8029463,-0.3224174,-0.3361539,-0.3035918
-0.02036172,0.4971254,-0.02113003,-0.05965418,0.09722775,0.0693149,0.203534,0.1256113,-0.4569314,0.726371
0.2779002,-0.05965859,-0.09240483,0.4691019,0.08379537,-0.1606752,0.4094207,-0.2037839,-0.2365898,0.02310365
-0.2854507,-0.5607327,0.1712266,0.1800766,0.0673731,-0.2172428,0.05714732,0.3325843,-0.4189638,-0.4817914
;
-0.2729869,0.07874447,0.04360968,0.4664968,-0.1296243,0.3547367,-0.1828139,-0.2326255,-0.3131866,0.1964073
0.2008648,0.006950557,-0.2714759,0.07707113,0.09683365,0.209383,0.2987705,0.1282146,0.4859217,0.4667546
;
0.4634813
0.02341169
0.216792
0.09681517
0.02368635
-0.348403
-0.4666915
-0.02537447
0.4755861
0.7463788
;
0.05522066,0.1299278,0.002796948,0.1989847,-0.01602357,0.3590053,-0.156112,0.1395621,-0.1808501,0.4438311
-0.4846185,0.002696574,-0.2671961,0.4519928,0.30964,-0.1168776,0.08249754,-0.2398407,-0.01722151,0.1681055
-0.1010943,-0.06091732,-0.3051929,0.2840265,-0.04061526,-0.2510985,0.05287105,-0.2661287,0.03611726,-0.1973906
-0.1536128,0.3969893,0.1486961,-0.05904752,-0.3913215,-0.1717824,0.4635519,0.02038127,-0.4347752,0.2084642
-0.1921492,0.173331,-0.2383174,0.1155292,0.1523628,-0.3076019,-0.3036159,0.3986342,-0.302786,-0.491635
0.05637354,0.2616119,-0.4978012,0.235229,0.4114943,0.4235351,-0.08358747,-0.4178457,0.252404,0.3862693
-0.2507505,0.05083281,-0.08299011,0.4279892,-0.1423836,-0.241734,-0.1448579,-0.4898567,-0.2352459,0.3145704
-0.1297613,0.4130714,0.1031448,0.3416743,0.3959849,-0.06802434,0.2925217,-0.09260815,-0.2574248,-0.05152541
-0.2484668,-0.201,0.07902592,0.2388069,0.0233863,0.1150362,0.1029033,-0.4164752,0.2888694,0.2287026
0.1063328,0.3609018,0.04407591,0.2304762,-0.4793704,-0.005570829,0.04017252,-0.1167814,-0.3958852,0.4090073
;
0.1280541,0.01072854,0.191668,-0.1037115,0.3454946,-0.0299651,-0.4208173,0.02552253,-0.4096816,0.3091823
0.268942,-0.1284291,0.2484598,-0.3789349,-0.3740852,-0.1184012,0.2269299,0.2230676,-0.07299787,0.3494642
;
-0.2219035
0.05034584
-0.0837141
-0.4855996
0.4723047
-0.1286373
0.4560946
0.2959985
0.3446774
0.1592886
;
-0.2459465,-0.4394888,0.196599,0.01602,-0.08905393,0.1640591,0.4450126,0.4043015,0.2707806,-0.1139221
0.03602463,0.4812562,0.3936437,0.1873714,-0.1298125,0.005655706,-0.1485552,0.1000296,-0.469111,0.1982338
-0.1268085,0.2352943,-0.2173048,0.2304848,-0.4555269,-0.2156785,0.4712518,-0.1004366,-0.04844195,-0.03079051
-0.4027208,-0.07452542,-0.3218135,-0.4655355,-0.4749284,0.3971393,-0.4728361,-0.2505388,0.1095302,-0.3886925
0.193956,-0.4527218,-0.2281139,-0.09516498,-0.2430812,0.2667713,0.2571765,0.2888871,-0.03855437,-0.21841
-0.3512034,0.3307128,-0.3886691,-0.4992964,-0.4297307,-0.4635764,-0.1186314,-0.09694582,0.4270762,-0.2071646
-0.3555597,-0.05615133,-0.135735,0.2510411,-0.3241454,0.1612638,-0.4899031,0.07735091,0.1079332,0.1356184
-0.04997379,0.4408263,-0.1358796,0.09965509,-0.1009666,-0.413113,0.4025259,0.05782801,0.3821243,0.4720976
-0.3236195,-0.01499552,0.6370751,-0.08243078,-0.4769,-0.1435944,0.3246174,-0.3629781,0.365695,0.05184823
0.4018698,-0.2948055,-0.2878146,0.192103,-0.3268806,0.1444895,0.1421853,-0.3913194,-0.1467624,-0.3054359
;
-0.3313011,0.1934365,-0.09568673,0.15433,-0.3161094,0.1769919,-0.362506,0.446926,0.22066,0.09950608
-0.211963,-0.001646459,-0.465212,-0.0008146167,-0.4168934,0.2845838,-0.1213891,-0.2035198,0.4895332,0.09554356
;
-0.2600306
0.1450299
0.03122705
-0.07769626
0.4375081
-0.1682037
-0.1260577
-0.1173411
-0.4293102
-0.09446639
;
-0.07524425,-0.1136168,-0.05222449,-0.180896,0.327426,-0.1479643,0.1661256,-0.1618374,0.3583072,-0.2383654
0.04010636,0.3086322,0.492462,0.1584327,0.3439826,0.4824229,-0.1632282,-0.3434393,-0.01852006,-0.087403
0.3210706,-0.1313524,-0.1551979,0.374277,-0.4184272,-0.2243543,0.08607048,-0.1903415,-0.3487295,0.4563761
-0.3685789,-0.4427123,0.4429605,-0.1338691,-0.470191,-0.3080275,0.3137395,0.4505914,0.3647455,-0.2512937
0.1612079,0.4167403,0.3845695,-0.2403199,-0.05132312,-0.265483,0.4538852,-0.8526962,0.3060486,-0.1275662
-0.3105227,0.05225259,-0.03673118,-0.4815791,0.2519716,-0.4094859,0.3610299,-0.3997967,-0.0571124,-0.01450533
0.1532221,0.234106,-0.4084595,0.3479342,0.4533199,0.2393747,0.05520803,-0.4899843,-0.4131869,-0.4667289
0.1560107,-0.4455816,0.3440034,0.2368774,-0.3738399,0.3914797,0.1465804,-0.4647783,-0.1193771,0.4541231
0.2579826,0.4035023,-0.09423739,0.3908218,-0.4311223,0.3872521,0.1872082,-0.1074249,0.442224,-0.1817737
0.006052077,-0.4139969,-0.09788591,0.4666435,0.4618462,0.09157497,0.03858346,0.3452474,-0.4175223,0.1943767
;
0.056068,-0.05563325,-0.1840132,0.2077806,0.01539236,-0.1545144,-0.07014841,-0.2277383,0.04345793,-0.1128587
0.3685002,-0.152034,-0.4032179,-0.2272443,0.4543005,-0.4577332,0.4051733,0.05770039,0.3031776,-0.4811946
;
-0.6526432
-0.1234316
-0.01701409
-0.6349132
0.4073412
0.2233111
0.4015491
0.004184302
0.0651962
0.3993073
;
0.3809242,0.04345272,-0.4817336,0.4781457,-0.6493741,0.6001669,-0.6588799,-0.417869,0.7659147,-0.203389
0.3444818,-0.1003941,0.3428623,0.266802,-0.382853,0.114381,0.07970325,-0.2801269,-0.1731253,0.2756321
0.3555052,0.1505847,0.2290975,-0.04754258,0.283056,0.07928509,0.01952525,-0.004585469,0.1364953,0.4753833
0.07120579,0.7731483,0.4506439,-0.1400594,0.05131888,-0.3490804,0.4998326,0.1010754,0.196813,-0.3357099
0.6638023,-0.2881463,-0.3102045,0.3565665,-0.03538687,0.1870205,-0.06722254,-0.06470519,-0.4652313,0.05076467
-0.1993956,-0.1576407,0.2232602,0.2003081,0.03592032,0.1022967,-0.2916683,0.05023416,-0.1178772,0.195132
-0.562507,0.09379563,0.463893,0.2848023,0.05872959,0.2428011,-0.1955343,-0.2607744,0.03901678,0.009067357
0.03889781,-0.5881821,0.2281516,-0.09126847,-0.4035839,-0.27042,-0.1173097,-0.4175123,-0.4230386,0.0686942
-0.106154,0.08749217,0.03033772,0.03021792,-0.4576515,-0.213979,0.4689388,0.4802142,0.3974998,0.0321459
-0.09274107,-0.2660451,0.5537846,-0.4934257,0.08713529,-0.2298792,0.0005794981,-0.2938426,-0.4762374,-0.4597636
;
-0.4369218,-0.1043206,0.01346273,-0.09934622,0.1496731,0.2239326,-0.01571064,-0.2387097,-0.0349525,0.2062385
-0.01827431,0.5391651,0.1672518,0.1082079,0.2284586,0.01731813,0.3171883,-0.1205733,0.0165295,-0.06379703
;
0.26377
0.05812877
-0.1273618
0.3098492
-0.08642048
0.02058738
0.07820333
-0.7475785
-0.2744983
-0.4905527
;
-0.6894064,0.6701411,0.1910971,0.3551588,0.4385868,-0.1276796,0.4035715,-0.006359875,0.05980485,0.1299164
-0.228354,0.2299049,0.07023003,0.02764224,-0.3436622,-0.3511527,0.1048012,-0.2359294,-0.02142543,-0.5704047
-0.04006854,0.03906843,-0.2099861,0.4894389,0.2951109,-0.006537063,-0.8132715,0.08905217,-0.001276887,0.2003696
-0.1783278,-0.02956484,-0.09427685,-0.1392119,-0.1422644,0.004669354,-0.8316191,-0.1046815,-0.332183,0.3114145
0.1590234,0.0411498,0.3622786,0.2710261,0.2599728,0.01398158,-0.02088783,-0.06831894,-0.0006773598,-0.08013815
0.3049178,-0.1959432,-0.2662549,-0.3664385,-0.3577302,-0.5291209,0.07290672,0.1245241,-0.02951676,-0.895568
0.5555293,0.6787159,-0.6487229,0.4140166,-0.2008819,0.1163026,0.455709,-0.1952234,-0.1720176,0.04902512
-0.3924596,0.1476392,-0.394659,-0.3656023,-0.4558128,-0.6274901,0.2179377,9.614044E-05,-0.06077629,0.2779849
-0.2171407,0.2933279,0.6302621,-0.008431493,-0.03255108,0.1495422,-0.7434842,0.01663762,-0.02385131,-0.0971191
0.1503756,-0.2655832,-0.6039001,0.1427948,-0.4112107,-0.1678072,0.001524428,-0.3500314,-0.5832083,-0.01129448
;
-0.1831833,-0.3420829,0.09468476,-0.01157825,0.02182776,0.286088,0.4731405,-0.2244335,0.08687569,0.3447561
-0.01281397,-0.9616231,-0.02083309,-0.48395,-0.269874,-0.4478221,-0.001845386,-0.08881557,0.4964606,-0.2825511
;
-0.125939
0.000172413
-1.253438
-0.2610365
-0.324746
-0.184889
0.393171
-0.02149699
-0.5196893
-0.1278425
;
0.1685513,-0.07055062,0.3388997,0.06286222,-0.1203247,-1.003518,-0.2358263,-0.04019594,-0.4816458,-0.1891971
-0.4939975,-0.04666653,-0.2064674,-0.5752162,-0.4401478,-0.6078855,-0.03067342,0.01378597,0.4814372,-0.08531278
-0.01852041,0.03471188,0.08747202,0.3137991,-0.1603871,0.123218,-0.0007923245,0.3814332,0.2491445,0.00685537
-0.04276059,-0.2653242,-0.3113849,0.1204076,0.008624169,-0.03088838,-0.1950141,-0.2660244,0.3478183,-0.0594092
0.03143685,-0.03632063,0.4372039,0.1122172,0.4233667,0.007400985,-0.04386378,0.369413,-0.08137602,-0.0182675
0.6214817,0.3878306,-0.4788074,-0.0262782,-0.4474255,0.1857009,0.4513309,0.03461949,-0.09134307,-0.01036604
-0.2410001,0.3352498,0.2707187,0.4354016,0.3973751,-0.007622475,0.1152484,-0.03489625,0.2222702,-0.02093891
0.4210554,0.2528812,0.4646634,0.07220619,-0.2597491,-0.3758399,0.2084359,0.03342528,-1.350134,0.1411926
0.3443533,0.1899589,0.1121104,-0.2976815,0.1630913,-0.3212644,-0.4850827,1.062535,0.03101269,0.1580017
-0.3866097,0.01438045,0.2863166,0.8498388,0.003234777,0.1462612,-0.2162753,0.4620364,-0.4619378,0.8568892
;
-0.05457328,0.2611811,0.1234665,0.01774285,-0.4947319,0.336588,0.1080595,0.3142883,-0.3061515,-0.08593363
-0.000141134,-0.05037624,0.1085072,-0.9403443,-0.1264599,-0.3579879,0.3227191,-0.001210815,-0.4909843,0.3220339
;
-0.1314523
0.4063674
-0.4499872
-0.2049913
0.1303718
-0.3863611
0.06890601
-0.04362899
-0.01414484
0.3144037
;
0.456077,-0.347155,0.2387973,0.008834183,0.4837112,0.2509331,-0.1637514,-0.4160643,0.3130765,0.1290157
0.1012511,-0.07908779,-0.3669535,0.3625871,-0.04562038,0.3979177,0.2190908,-0.1030121,-0.2625548,-0.4641974
0.3434324,-0.4210981,0.2182318,0.1270358,0.2097267,-0.428499,0.2207622,0.2064129,-0.3113163,0.3845419
-0.1846097,0.186493,0.07486361,0.142988,0.2609658,-0.2145014,0.3513004,-0.4023502,0.4474088,0.3676983
-0.05886537,-0.3189206,-0.395199,0.4391161,0.0003884435,-0.2130713,-0.3969427,0.3468854,-0.3904685,-0.4421014
0.1022508,0.2525636,0.311677,-0.007638395,0.02293733,-0.3079,0.1331276,-0.3387549,-0.3066946,0.00706929
0.4722465,-0.1195098,0.1152052,-0.3472825,-0.4955108,0.4315569,0.4916254,0.4569426,0.4310998,-0.2960039
-0.4270051,0.06264335,0.2622401,-0.1664848,-0.106052,-0.1870798,0.1744084,-0.4821742,0.03475744,-0.0854463
-0.1754549,0.2687271,-0.2958734,-0.06039447,0.2942293,0.2284125,0.2463742,0.2048482,-0.2392685,0.4934454
-0.4596817,0.06037706,0.117202,-0.0491789,-0.4264224,-0.1354802,0.005328,-0.417686,-0.242182,-0.09661537
;
0.4186138,0.01559907,0.4288195,0.290511,0.08170444,0.172342,0.3085687,-0.4029275,-0.3699639,-0.4414948
0.3935667,0.2345894,-0.04554826,-0.402963,0.3070002,-0.01486236,-0.2685691,0.2934654,-0.07218999,0.4658247
;
-0.1299487
0.01878919
-0.07439369
-0.1294355
-0.4128031
0.1383661
0.2910048
-0.149056
0.4112104
0.084254
;
-0.01754019,-0.3574005,0.2869875,0.5442517,0.09749502,0.4861368,0.1319311,-1.070866,0.411978,-0.6012618
-0.7656168,-0.06975829,0.3198091,0.0006105732,-0.05367874,0.07997708,0.4592705,0.1084625,-0.6084578,0.3118166
-0.0009749532,-0.01934642,-5.61783E-05,-0.227357,-0.2500539,0.1318274,-0.09703892,-0.04059261,0.1646995,0.03897578
0.003972454,0.8317662,0.1756862,-0.1868473,-0.1165769,-0.4664497,0.3281515,0.1114818,0.2124318,-0.2697438
0.3566197,-0.6055285,0.3220159,0.2310963,-0.3265404,-0.6266971,0.1178721,0.3257514,0.06991308,-0.3011467
0.6608977,0.08879206,0.3654907,-0.1514331,0.1668668,-0.03738536,0.008520415,0.2271983,0.02042248,0.1290715
-0.4928208,-0.001220167,0.2700208,0.09718369,0.3144639,-0.2933367,0.4064457,0.3984325,-0.352412,-0.07229847
0.228867,0.2647965,0.4126294,-0.02845717,0.05010241,0.06915914,0.4567783,0.0880478,-0.08359252,-0.05050471
-0.4457593,0.1756108,0.04072553,-0.2110824,0.5226831,-0.07373062,0.1990058,0.4303485,-0.2885897,0.5202128
-0.01338547,-0.4669536,0.1857775,0.486828,0.02869847,0.07497842,-0.1942311,0.3165661,0.1931874,-0.7420282
;
0.4328648,-0.3310949,-0.00295788,0.2957402,-0.05372755,-0.3323977,-0.2128572,-0.03808154,-0.01310165,-0.01215154
-0.1119625,-0.01920727,0.3786118,0.2188495,0.08708698,0.4059312,-0.6132897,-0.02931839,-0.7432656,0.2928536
;
-0.07822839
-0.2194703
-0.09626789
-0.1278974
0.6096404
0.3338437
0.4696214
0.1749845
-0.07933027
0.281284
;
0.005324081,0.4713366,-0.2413893,0.2314142,0.2138338,0.007998577,0.2345668,0.03492469,-0.09032062,0.01718885
-0.1712043,-0.004175902,-0.2636312,-0.02030712,0.601661,-0.3675383,-0.221141,0.3392031,0.0815993,-0.3913065
0.09120542,0.06127602,-0.01048917,0.4723016,-0.1006949,0.6944035,0.03864247,-0.1669336,0.2575593,-0.3320936
-0.4337127,0.2808875,-0.02362437,0.3639619,0.03967224,-0.1871615,0.4108813,0.06794579,-0.03654138,-0.01357109
0.06413129,-0.1230014,-0.1618498,0.1105004,0.1219862,0.004560432,-0.4343539,0.5970237,1.038834,0.03734666
-0.1265349,-0.7933399,-0.273598,0.275828,0.1042593,-0.2377349,0.4106085,-0.05142385,0.280134,-0.2819043
-0.4158224,-0.2094002,0.354577,-0.6276389,0.3622962,0.01624161,0.4796991,0.1549022,0.4247134,0.0007983504
-0.4458646,-0.1352062,0.02545282,0.03486958,-0.09243068,0.113925,0.4425399,0.1099682,0.006293237,-0.3986877
0.1488795,0.001460827,0.2376938,0.02125913,-0.020017,0.04227141,0.08680993,-0.08992587,-0.1759777,0.1707945
-0.139525,-0.2014928,-0.003055071,0.1225565,0.3075714,-0.3401034,0.3195744,-0.6538365,0.4404483,-0.2117707
;
-0.1371409,-0.1139353,0.03513801,0.03762912,-0.2559814,0.0004546838,-0.219533,-0.2623519,0.09938532,0.4356382
-0.2369362,1.016757,0.258253,0.1460055,-0.4500725,0.1808722,-0.4285107,0.5804213,-0.4691952,0.3023493
-0.05290468,-0.2010676,0.05905249,0.341288,-0.03462061,-0.07308611,0.3935584,-0.2706926,0.0210138,-0.01201061
;
-0.01481541
0.4793836
0.3229508
0.4343781
-0.03217238
-0.3637678
-0.01841561
0.04421662
-0.07671425
0.7396589
0.3574857
0.2715958
0.1479552
-0.05200094
0.111415
-0.2739557
-0.4725808
0.3686018
-0.06459742
-0.1387443
0.1162856
-0.005308051
0.03405369
0.4079778
0.1806936
-0.3065282
-0.1589214
0.4221944
-0.03617004
-0.4514698
;
0.01829662,0.3219362,-0.3884763,-0.09561351,0.09314552,0.158846,0.1359029,0.7195709,0.3829608,0.3055494,-0.2255723,0.3944788,-0.06448235,-0.6554123,-0.1432384,-0.008597553,-0.1632296,-0.1033459,0.004940103,0.02942764,0.03155285,0.8234889,0.4084531,0.1573075,-0.3630136,0.06737196,-0.4505148,0.3801341,0.3422775,0.1700117
0.1350058,-0.04955886,0.1562801,-0.4365458,-0.1303668,0.136758,0.177945,0.2021561,0.2877569,0.1152141,-0.2132159,-0.2039586,-0.2326134,0.2551778,0.2827094,0.2771719,0.5724872,0.2878813,-0.02235528,0.1915633,0.1013947,0.2887912,-0.0435229,-0.3641341,-0.155738,-0.4139072,-0.04917759,0.2622881,-0.1510168,0.1888847
-0.4759495,-0.3679268,-0.4377823,0.01702951,0.3461367,0.03181298,0.3130503,-0.2758346,0.04919142,-0.1702529,-0.1162071,0.5591909,0.2050061,0.3674601,-0.07818343,-0.3012626,-0.8527583,0.3933369,0.4414197,0.1030097,-0.2138483,0.01710146,0.09547919,0.4904663,-0.07578486,-0.1559227,-0.2760446,0.1724141,0.0115372,-0.2646664
-0.1766328,-0.4082755,0.1974453,0.153789,0.3769089,-0.04013211,-0.03064376,0.16282,-0.7300603,-0.1285625,-0.0898754,0.2458528,-0.302323,-0.1818696,-0.4462134,0.07113174,0.2074177,-0.004842086,-0.5005403,0.06151801,-0.2325678,0.3400646,0.234274,0.5762989,-0.4214659,-0.01679891,-0.28912,0.4921361,0.3932678,0.2562733
-0.3151161,-0.4206229,0.1877827,0.1088132,-0.4981575,-0.1568434,-0.5230014,0.4399744,-0.2679244,-0.5989144,0.06958308,-0.01095717,-0.1346477,0.373698,-0.3839945,0.4289716,-0.1686795,-0.4012678,-0.1241112,-0.09729818,-0.5013446,-0.1866324,0.4156716,0.2414565,0.1622721,-0.1803027,-0.2033406,0.945942,-0.2192897,0.0003053546
-0.3259914,-0.7282885,-0.3623641,-0.1087045,0.2914895,-0.441836,0.1808686,0.2341445,-0.1661825,0.3482509,-0.02729355,-0.3911083,0.2503397,0.07153329,-0.1637819,0.2483813,-0.2475618,-0.1939641,0.01321393,-0.4125676,-0.05323929,-0.3310376,-0.2430198,0.8303953,0.205192,0.001023946,-0.03540031,-0.3193691,0.1528619,0.2034881
0.004210293,-0.2275192,-0.5635148,-0.3228596,0.3469992,-0.03504201,-0.2397967,0.0003470689,0.3054568,0.3041953,-0.02319187,-0.3575523,-0.6098986,-0.149628,0.7520524,-0.6841852,0.1880326,0.3586421,0.309865,0.4134513,0.412654,-0.4003732,0.09629697,0.07005967,-0.4217346,0.5055733,0.355781,0.07056528,0.7324337,-0.4851952
0.08261673,0.3870766,0.1292452,0.4053194,0.2680452,-0.1095241,-0.3049256,-0.3510143,-0.366472,-0.3753173,0.07848819,-0.4777896,0.3235599,-0.2251482,-0.1063242,-0.152447,-0.2373163,-0.01584418,0.1398009,0.08722764,0.05136687,-0.3894974,-0.3604523,-0.1425547,0.2086347,-0.06556314,0.01805883,-0.1197743,-0.04053456,-0.1720381
0.01877234,-0.0009516799,-0.2480047,0.1212123,-0.04499162,-0.09350544,0.3327971,0.3073199,0.8294005,-0.4597008,-0.6562733,-0.393494,-0.04043454,-0.1318011,-0.3188081,-0.222854,0.1005163,-0.2654728,-0.2045986,-0.2074116,0.009152442,-0.2008984,0.3185219,-0.5185081,0.2707449,0.0941667,0.3964965,-0.06884557,0.101296,0.449312
-0.3257495,-0.1504708,-0.1021337,-0.05531687,0.4027743,-0.4088691,0.1252418,-0.4017509,0.4501472,0.1613769,-0.382014,0.2194732,0.06784569,-0.1927866,0.2284842,-0.2341778,0.2948331,-0.2559832,0.1583361,-0.008095169,-0.3356404,0.08765735,-0.09056811,-0.2595124,0.4074997,-0.08437163,-0.1476872,0.4204339,-0.4630059,0.007851362
0.6994578,0.3707049,0.00972369,0.03393918,-0.7803077,0.1156663,0.3285008,-0.6447461,-0.04047504,0.0269101,0.0250435,-0.4506438,-0.0363452,0.573516,0.4416313,0.3752244,0.03523988,0.3908242,-0.3417331,0.4684932,0.002891839,-0.365309,-0.4062945,0.2995723,0.1637394,-0.05431968,-0.3325789,0.242196,0.3864153,0.1567345
-0.1943801,0.04170929,-0.0475263,-0.4617785,0.3302749,-0.02096979,0.4985602,0.1466817,-0.04343516,0.334098,0.1052151,0.1644959,-0.0881322,0.07624978,-0.03689367,-0.1268201,-0.3927621,0.4409336,-0.01586455,-0.1670974,-0.04091781,0.2972616,-0.03360039,0.4403847,-0.001850026,-0.02608478,0.4238806,-0.05567964,-0.002514854,0.397945
-0.2601454,0.03477598,0.02972489,-0.4558718,-0.6645513,-0.757695,-0.1994137,-0.3960348,-0.4128644,0.102737,0.6363523,-0.3792125,-0.1204867,-0.1596847,0.3912464,-0.05795336,-0.01703961,-0.2718115,0.4521711,0.02980709,0.03705884,-0.418102,0.0497455,-0.4655862,-0.07139512,0.1478625,0.09289998,0.5299001,0.3082701,0.2118875
0.2923455,-0.2841773,-0.3280757,-0.4762404,-0.02984935,-0.3264883,0.7254569,0.09515606,-0.1522631,0.3963219,0.2681736,0.006723869,-0.2274747,0.778536,0.2338927,-0.1835355,-0.1942686,0.008772433,-0.07847128,-0.3171203,0.07130408,0.04816288,-0.2820647,0.1418133,-0.003625748,-0.1455947,0.2807238,-0.01176649,0.3223608,-0.02252978
-0.03074986,0.2175782,0.3534098,-0.3231948,-0.1373733,0.2092345,-0.05068427,0.1868452,0.3460245,0.01816474,-0.419693,-0.2218191,0.1323202,-0.2009246,-0.2432781,-0.2393176,0.02946395,0.4928628,-0.8216882,-0.3019603,-0.0448367,-0.1897466,-0.03545514,0.2364499,-0.1489001,-0.4048486,0.4084834,0.2127372,0.5368046,0.4406856
-0.07535225,0.0379236,-0.3415375,0.6136597,0.3589952,-0.7584051,-0.1090735,-0.008941802,-0.04334837,0.2161594,0.06908125,-0.1656705,0.5133018,0.4380251,-0.3641908,-0.2119083,-0.01521164,-0.01873608,-0.2778699,-0.07271239,-0.05379921,0.344281,0.03565539,0.4618057,0.3940691,-0.5580247,-0.1588027,-0.01310235,-0.2295629,-0.02394896
-0.3060025,-0.2360902,-0.350502,0.1407951,0.2081853,0.007398546,-0.4138184,0.2619188,-0.003166735,0.17188,0.1387585,-0.2522833,0.09431534,-0.4416084,-0.09669501,-0.2122829,-1.075559,0.1369893,-0.22725,0.3305789,-0.5617102,0.01132731,-0.1102931,0.4289247,-0.1852308,0.02985184,0.0132412,-0.243737,-0.1858017,0.005078733
-0.332481,0.4509209,0.2735171,0.05009061,-0.0572719,-1.194763,-0.2676085,0.2804729,0.01776594,-0.3216222,0.3110209,-0.370711,0.2614912,0.0825685,0.3510848,0.3240972,0.3300076,0.3720301,0.464734,0.348094,-0.00302273,0.2631946,0.2053565,-0.1659073,0.3565352,-0.238229,-0.0362913,-0.1891326,0.4366469,-0.01943131
0.2074691,-0.4705827,-0.04993938,-0.02257746,0.2037688,-0.6029847,0.4136838,-0.2721042,0.2318544,-0.2311493,0.003053182,-0.4891416,-0.3764175,-0.02515465,0.2096718,0.01576012,0.1356078,0.3835009,0.2144883,0.4890034,-0.3558792,0.4871423,-0.218631,-0.07746023,-0.116815,-0.01920093,-0.3183225,0.004180729,-0.2149072,0.1671283
0.04670012,0.3846362,-0.1298963,0.09383943,0.004767938,0.1348572,0.05863982,-0.049658,-0.2718721,-0.0954656,-0.009641707,-0.01497144,0.4228953,0.4299687,0.4109904,-0.4724301,-0.2467235,0.3102868,-0.3696674,0.4843167,-0.0321406,0.05792171,-0.2089397,0.04435591,-0.3923101,0.8167943,-0.04253498,0.2816654,-0.169627,0.09591848
-0.2646409,0.1301672,-0.3778886,-0.02388996,0.4240308,-0.3827782,-0.4674598,-0.01844436,0.08515559,-0.4963955,-0.4602752,0.2244617,0.4241849,-0.06146461,-0.04753242,-0.2879899,-0.03652054,0.4453706,0.2671899,-0.06523484,0.05843361,0.3924831,-0.3642522,-0.1350005,0.1237404,-0.2982792,0.1205706,0.07753855,-0.4036974,-0.2937744
0.4733663,-0.4884665,0.4625801,0.2732214,-0.1199669,0.1335213,0.4958756,-0.05505854,-0.4061065,-0.1839465,-0.4714953,0.03335425,-0.01831561,-0.2433424,-0.3485096,0.4713072,0.3396769,0.33416,0.07917748,-0.4357463,-0.2228138,0.2575517,-0.1009374,0.1123479,-0.3783789,0.4893796,0.4764197,0.1667441,0.02264374,-0.5567529
0.09264819,-0.02233154,-0.01050679,-0.006742299,-0.1932638,-0.4571271,0.1254787,0.001256645,-0.05127972,0.2737691,-0.7460287,-0.01239143,0.4824089,0.05680031,-0.1572196,0.02199376,-0.05905908,0.1348649,-0.4466326,-0.2129269,-0.03129601,0.2569688,0.4950006,0.1604001,0.09642297,0.1417707,-0.0292024,-0.3127939,0.5081273,0.2839482
-0.09194106,-0.1624268,-0.2593548,-0.1987956,0.1754169,-0.3676504,0.3711451,-0.2140561,0.3437045,0.114139,-0.2867136,0.07949191,0.780399,-0.02997244,-0.09759578,0.001817882,0.279647,-0.08058829,-0.4923937,-0.0431213,-0.01004511,-0.2106881,0.07185262,-0.1200284,0.2011608,0.3237712,-0.3897626,-0.1488271,-0.4541415,-0.1751598
0.4979794,-0.05136263,-0.102867,-0.2216681,0.8806542,-0.217153,-0.001285561,0.7858555,0.4413579,-0.1596924,-0.03916305,-0.4036751,-0.0165531,0.478618,-0.02667253,0.02656754,-0.3368092,-0.2712523,-0.06798416,0.08381185,0.1599323,-0.2105825,0.01964849,-0.2379479,0.4327526,0.9211464,1.086932,-0.2955502,0.04409219,-0.1507057
0.3571118,-0.06299485,0.0299946,-0.005275355,-0.3698467,-0.3530977,-0.7390136,-0.1524182,-0.04852881,0.4989226,-0.1334777,0.2396896,-0.3566214,-0.412574,0.3631264,0.2145641,-0.4575393,-0.3249116,-0.2399208,0.07781184,0.2297751,0.06280129,-0.1952114,-0.1143015,0.3254929,0.1987069,0.2740873,-0.04236573,0.3829291,0.1656192
-0.412178,0.3256595,-0.1192317,-0.1959719,0.1576071,0.1608099,-0.405318,0.1075651,0.06227497,-0.2155164,0.06658167,-0.3150079,-0.1154442,0.2012658,0.1694143,-0.08301369,-0.71976,0.1762984,0.1686589,-0.1235922,-0.425823,0.00298528,-0.3360422,-0.05326897,0.1770563,-0.3618464,-0.3685377,0.2171432,-0.2687868,0.8464711
0.1201983,-0.2400843,0.03513245,-0.4039757,-0.1827305,-0.09641069,-0.06816775,0.4557204,-0.3890324,-0.4478191,0.4044118,-0.1384233,0.0765892,0.2755397,-0.467901,-0.1285147,0.2515346,0.0766295,-0.1594879,-0.03760989,-0.430105,-0.04751986,0.4684029,-0.4240931,0.07642634,-0.3206454,-0.0774508,0.2059882,-0.3199999,-0.172193
-0.5096398,-0.00222379,-0.0570646,0.3648064,-0.3245363,-0.4375112,0.4010147,0.03887266,-0.2584884,0.1582371,0.3894236,0.3161396,-0.4059496,0.7072571,0.3790498,0.01049465,0.1223554,0.1336626,0.06414205,-0.1473969,0.2721314,-0.07179512,0.3606276,0.2003449,-0.7264172,0.2338999,-0.2448354,-0.3820381,-0.07077661,-0.2809271
0.1232702,-0.4495549,-0.02699715,-0.3782593,0.1118608,-0.1712883,-0.2903358,-0.0009961724,0.2716453,0.4727507,0.05054234,0.253695,-0.5077732,0.006712902,0.2510657,-0.04066491,-0.07412214,-0.1525341,0.7515267,0.003708082,-0.2991509,-0.4553331,0.475149,-0.3293357,0.9426793,0.02898083,-0.1528012,-0.2663945,0.05529362,0.1245747
;
0.347111,0.2511398,-0.1272961,-0.2126123,0.3219405,-0.112885,-0.09918396,0.0645421,-0.01322331,0.09531015,-0.005476195,-0.4561926,0.2005373,0.3403266,0.009108666,-0.148151,-0.4508076,0.4098805,-0.2476427,-0.007343802,-0.3937135,-0.2461872,-0.06823975,-0.3016889,0.1864153,0.01872319,-0.4377983,-0.01596504,0.04263835,0.4096022
0.2215831,0.02136586,0.3878099,-0.3406882,-0.1841475,-0.342878,0.3816824,-0.2361527,0.8506812,-0.309046,-0.04384071,0.3451121,0.4363343,0.006744444,-0.04657775,-0.4183097,-0.4047321,-0.3008554,-0.01185992,0.3285313,0.4299176,-0.3551656,0.4614344,0.001078263,-0.01787638,1.277931,0.1711728,-0.07191381,0.3001878,0.06016496
-0.01212053,0.2749754,0.3964206,-0.2674268,-0.5986554,0.4096047,0.1835588,-0.6266163,-0.08925062,0.3086259,-0.2452761,-0.1172006,0.5292221,-0.05526556,-0.2097333,0.6132656,-0.4690585,0.4843479,-0.09381492,-0.05205566,0.5586482,0.05191511,-0.06587023,-0.288424,0.06608075,0.6980805,-0.01094783,0.0431543,0.1455264,-0.2775674
;
-0.3114985
-0.2913584
0.1119402
0.4069575
0.2865065
-0.2695069
0.2060207
-0.2737571
-0.2994174
-0.3884324
-0.05744511
-0.1456822
0.2345236
0.1419817
0.1837187
-0.1061037
0.04266864
-0.2008346
-0.01139385
-0.3787528
-0.1747811
0.1140011
-0.1656552
0.1310377
0.2946421
-0.4222643
0.1105905
-0.3852081
-0.1018538
-0.2094108
;
0.2465967,0.4466906,0.1357725,-0.3227365,-0.4592537,0.09083277,-0.1799427,-0.3488156,0.1656271,0.1850855,-0.1876369,0.3743384,0.2707516,-0.4291878,-0.4249318,-0.4660546,0.01441377,0.2332612,0.279175,-0.354102,-0.3584133,0.3033788,-0.4185539,-0.1328306,-0.3276541,0.2304396,-0.01206011,-0.3741428,-0.5364851,-0.4530818
-0.1681218,0.3026613,-0.345786,0.2146597,-0.4982909,0.02224559,-0.2277123,-0.1556903,-0.3287349,-0.07297128,0.4499333,-0.3397851,0.4677676,-0.1524088,0.3901361,0.1140612,-0.381442,-0.3524213,-0.1227555,0.01357776,-0.3466787,-0.3425024,0.2063926,-0.108365,0.04184359,0.0446077,0.1587967,0.3834771,-0.1424544,0.1339852
-0.326431,0.4089438,0.1296756,-0.226186,0.06824356,-0.3606948,0.4101262,-0.4179611,0.001008451,0.3769886,-0.3843245,-0.02989739,0.3481408,-0.4219348,0.1017063,0.2113122,0.2701175,-0.4466903,-0.3238288,-0.2555009,-0.1032214,0.4632986,-0.1834671,0.4286073,0.3357253,-0.4275635,0.1210381,-0.3369542,0.2718545,0.4721565
-0.4425206,-0.4289529,-0.4858866,0.03764433,0.01288217,0.100982,-0.06972092,-0.2841552,0.4692928,0.3675088,-0.1426242,0.245519,0.3268166,-0.07593995,0.4321313,-0.1926463,0.384153,0.4120049,-0.2890376,0.4385576,-0.4040442,0.2922642,0.2843795,0.3909185,0.009030759,-0.1382659,0.1890329,-0.4299228,0.0743682,-0.4644146
0.2869816,0.3696908,0.1248963,-0.1286322,-0.171966,0.4139122,-0.3446163,-0.3632803,-0.1192474,-0.4412622,0.2696755,0.3811334,-0.4390442,0.4784353,-0.2442817,0.4348434,0.1499387,-0.4730562,0.07213134,0.0526368,0.1200909,0.106066,-0.1453487,-0.03810531,-0.1877888,0.2200293,0.4965625,-0.2747296,-0.2543781,0.3127466
-0.190014,0.2849751,-0.337395,-0.4346782,0.1574079,-0.3823547,-0.2877493,-0.2366429,0.2256157,-0.288964,0.06807107,0.1403868,0.403034,-0.4392933,-0.4962186,-0.09300619,-0.0178569,-0.4244541,-0.4152125,-0.1891317,0.4102184,0.03189653,-0.05012852,0.2222445,0.3459597,-0.09476858,0.2090303,0.1283235,0.3179986,0.4282454
0.08428842,-0.4982592,0.290529,-0.3678312,-0.2998121,0.4355026,-0.1206302,0.480309,0.1800374,0.1115238,-0.4486303,0.07696134,-0.004341424,0.3164724,-0.302487,0.3593436,0.275504,-0.09394389,-0.2444764,-0.2027079,-0.3935876,0.4207385,-0.2151781,0.3710136,-0.2780792,0.3949767,0.3142557,-0.4443555,0.2484203,-0.04559421
-0.00983423,0.007576287,0.4253824,-0.183937,-0.048919,-0.05532581,0.3051571,0.02523263,-0.08868843,0.4603449,0.2260954,0.4713504,-0.1418663,0.2346032,0.2741766,0.1211719,0.2643583,0.1164265,-0.05017906,-0.0528776,0.4630735,-0.1346299,0.07956129,-0.06995827,0.4877199,0.263436,-0.2013168,0.1172804,-0.4278448,-0.3545713
-0.2556221,0.3928341,0.0550105,-0.4638215,-0.4965886,0.05158287,0.1853405,0.483798,-0.2094019,0.1806294,-0.2121863,-0.1595376,0.2976681,0.08086652,-0.1861562,-0.0001011265,-0.2589676,-0.4784135,-0.007582366,0.3550427,-0.4273397,0.02215618,-0.4289874,-0.4468703,-0.3709326,-0.3303852,0.07883006,-0.4223233,0.2141322,-0.3056461
-0.3760512,-0.4972324,-0.04036313,0.3094596,-0.2981064,0.04585749,-0.148274,0.4566665,0.2750686,-0.4443723,0.3421439,-0.09573323,-0.38425,0.498897,0.02628225,0.03652149,-0.255583,0.2889781,0.4816688,-0.274615,-0.4478577,0.01193053,-0.07819623,-0.2910757,-0.2638339,0.4830556,-0.2446923,0.1066162,0.02932411,0.186133
-0.05187315,-0.3214784,-0.1641505,-0.401353,0.3204963,0.01519901,0.1702048,0.1736051,-0.149913,0.3220307,0.1831567,-0.08714193,0.2615644,0.4186211,0.04192191,-0.1077979,-0.1642658,0.02941952,-0.112035,0.4434378,-0.3204968,0.2969816,-0.2784584,0.1278498,0.2799668,-0.4817469,0.4517175,0.009347498,0.4389055,-0.1276267
-0.03853816,0.1094819,0.233237,0.4999855,0.06739837,-0.3638307,-0.3199848,0.07234699,0.305951,-0.008982718,0.2635506,-0.3778044,-0.4410455,-0.06226689,0.4449937,-0.006251991,0.3430552,0.1517007,-0.1392459,0.4312692,-0.491066,-0.1861352,-0.4859287,-0.1168947,-0.1599219,-0.009871066,-0.1395996,0.4144167,-0.1530665,0.06852108
-0.1749722,-0.02770978,0.3316003,-0.1622844,-0.0291298,0.1963011,0.107383,0.3511266,0.3936836,0.3999031,0.04675144,0.4443336,-0.4162885,-0.4236045,0.2122654,-0.2370717,0.2249014,0.09007818,-0.0652588,-0.4501779,-0.2513117,-0.4897089,0.0108798,-0.03283554,-0.3004471,-0.3076804,-0.02048796,-0.3069237,-0.1290249,-0.242205
0.4966422,0.2917681,0.2072559,0.4202226,0.3590254,0.0427461,-0.2255169,-0.6450834,0.4452068,0.3910421,-0.2880943,0.08648556,0.4388199,0.4718877,-0.3646301,-0.2918849,0.02214199,0.0659911,0.2955739,0.1350024,-0.06600505,0.3832049,0.3475879,0.06117135,0.2753384,-0.1922687,0.1179373,0.18803,0.3081626,0.1149153
0.4946296,-0.3677701,-0.3665673,-0.266924,0.2679642,0.1684972,0.009525597,-0.1508275,-0.4041969,-0.4174557,0.1347099,-0.2745429,0.04806322,0.3213998,0.3501025,-0.4338295,0.03351992,0.1760213,0.1873962,0.3976417,0.1730444,0.4819659,-0.333197,0.1624278,0.04739338,0.2083298,0.4127203,-0.3250455,0.146618,0.1640963
-0.385196,0.005791366,0.3634795,0.2111615,0.2509706,0.4666508,-0.01876372,-0.4700423,-0.24812,0.1802546,0.4280075,-0.2493991,-0.2755141,0.009214025,-0.03922504,-0.3879682,0.1376141,-0.4776173,0.3019564,0.4350618,-0.4244013,0.0008205771,-0.2934204,0.08107728,-0.05517691,0.1321497,-0.4664102,-0.161524,0.03303839,0.1370767
0.3600513,-0.2807714,-0.2297203,-0.4426951,-0.1502936,0.3229036,-0.3901573,-0.2400431,-0.04450589,0.144029,-0.03490788,0.07796496,-0.4227358,0.1873618,-0.3821175,0.003683507,-0.3687272,0.2147058,0.007258236,0.09831363,0.4675472,-0.1648545,-0.1598218,-0.3890028,-0.1987809,0.4057854,0.4527102,0.003581345,0.0665186,-0.1588184
-0.1431375,-0.2079174,-0.4919693,-0.4206675,0.2700131,0.225829,-0.09632176,0.4701316,0.4093823,0.4712043,0.1149098,-0.4901558,-0.1214932,-0.3319041,0.2514695,0.02269608,-0.1605138,-0.2179168,0.01937586,-0.2870345,-0.07483715,-0.1492115,0.3229318,0.2361431,0.06080872,-0.2797616,0.282642,0.1171142,0.08989471,0.07850307
-0.1968579,-0.396423,0.3731909,0.4210371,-0.4370496,0.3849065,0.4907634,-0.436587,-0.2621802,-0.3937659,-0.2501442,-0.3213639,-0.04572672,-0.345013,0.08479565,-0.4131858,0.4196885,-0.3107105,-0.3104172,0.1603064,0.2276735,-0.485543,-0.06909829,0.4147642,-0.2592189,-0.2538112,-0.1535179,-0.00811547,-0.2195633,0.3680283
-0.3502948,-0.09561402,-0.3818473,-0.2058372,-0.03898424,0.4352896,-0.009165943,0.1672728,-0.05188578,-0.02951235,-0.2351411,-0.1796066,0.4396136,0.1297552,0.04505438,-0.173428,-0.3178766,0.2564189,0.1818244,0.4238064,0.362114,-0.1831539,-0.265419,-0.184384,-0.4886192,-0.1322048,-0.3137553,0.3276834,-0.1366911,0.4502907
0.3257179,-0.1714311,-0.4337336,0.09210128,-0.04696065,0.1204563,0.1953348,-0.1912195,-0.3774613,0.4697524,0.1078135,-0.05226094,0.3267801,0.1153335,0.2039252,0.3090287,0.06868523,-0.2210627,-0.3910897,-0.1720373,-0.1972004,0.1389708,0.441702,-0.06296581,0.1915289,0.1447776,-0.2913716,-0.2726538,0.4051813,-0.1070011
0.2920183,0.1427525,0.01065415,0.03968793,-0.181254,-0.4390686,0.2641704,-0.1065878,-0.1709811,-0.09059733,0.1671852,-0.3242321,0.3353752,0.005500149,-0.422267,0.3202975,-0.01050236,-0.4033774,0.4411598,-0.4133618,0.3316528,-0.2002671,0.476136,0.06994981,-0.3460399,-0.2062741,-0.4010845,-0.4237456,0.03004152,0.4247082
0.3297861,0.3349192,-0.4364122,-0.4973668,0.4398096,0.2274211,-0.4405785,-0.236597,0.3843839,-0.1826407,-0.4308392,0.08918029,-0.4111469,0.1938736,0.4748904,0.2315889,-0.05256301,0.3327805,-0.5670047,-0.3422207,0.1642505,-0.0290888,0.3098027,0.2725641,0.209809,-0.4873497,0.422666,-0.4327011,-0.3715076,0.4117696
0.09655279,0.2200781,-0.3778032,-0.04097337,0.427472,0.1962911,-0.3389801,-0.4142596,0.1656471,-0.1081697,0.408717,-0.2405713,-0.3419141,0.2845438,0.3469354,-0.184177,0.06625515,-0.2668462,0.3010617,-0.2567773,-0.1543141,0.3650922,-0.1284001,-0.1698901,0.1505033,-0.02015108,-0.1605189,-0.3760772,-0.2360037,-0.4197205
0.06149656,0.06491393,0.07772881,-0.3332561,0.2719567,-0.4694371,0.4677769,0.4881276,-0.01612085,0.4311111,0.30682,-0.1934844,0.08617538,-0.1047794,0.3208507,0.3194176,-0.1694371,-0.1528797,-0.4410723,0.03067309,-0.3913486,-0.4396137,-0.358445,-0.3039922,-0.269663,-0.4731641,0.04890686,-0.08453411,0.01499003,-0.1245711
0.0237655,0.4973737,-0.06418675,-0.2422256,0.06675023,-0.3352964,-0.2976812,0.397007,0.421334,0.3893657,0.2830099,0.4416236,-0.3142885,-0.1588487,0.416537,-0.1330121,-0.2874585,0.3645716,-0.4865702,-0.1208264,0.4762403,0.006215751,0.3411431,-0.1657253,0.206061,-0.4901917,0.07309729,0.2843453,0.1752477,-0.1711224
-0.4400407,0.1602442,0.3457539,-0.402993,-0.1025773,-0.1833108,0.1007184,-0.261649,0.468495,-0.1194944,0.1334041,0.08059841,-0.356737,0.6496777,0.06572306,0.1790904,0.413511,0.2176047,-0.310374,-0.1565593,-0.2076083,-0.2193787,-0.1924407,0.4314812,-0.6202036,-0.4416745,-0.0840047,-0.1943912,-0.03215057,0.3835961
-0.01715761,0.07841986,0.3453103,0.483881,0.2994831,-0.07403296,-0.1572432,0.2761649,0.3780172,-0.4517256,-0.2115451,-0.3751084,-0.1518266,0.02350694,0.2854799,-0.1125976,0.4784629,-0.1190785,0.02894312,-0.3514282,0.09386271,0.1224876,0.161434,0.06817919,-0.2662911,-0.4599675,-0.4472188,0.08731228,0.4765593,-0.5904387
-0.4155077,-0.3543336,0.3702923,-0.04694217,0.4847186,0.4183844,-0.3138278,0.007962525,-0.3459083,-0.3727549,-0.3994524,0.4218282,0.1266835,0.4151751,-0.05118209,0.2206256,-0.4633542,-0.1015653,-0.1690847,0.2768151,0.3333818,0.4909551,-0.2177905,-0.1401365,0.4975796,-0.2631086,-0.2531264,-0.2251201,-0.2534267,0.4409939
-0.3608681,-0.4599264,-0.4258627,0.1953294,0.4706275,0.1760977,-0.2567497,0.1258663,-0.06588942,-0.06319684,0.2328247,0.3039953,-0.330708,-0.1250388,0.3563585,0.3031069,0.1824008,0.2901442,0.3442661,-0.2858856,-0.4219573,-0.3850896,0.1883579,0.4212269,0.4223529,0.3752679,0.2797852,0.390638,-0.09117478,0.2247274
;
-0.1564167,0.390977,-0.108327,0.02232748,-0.2270762,0.4138379,-0.308945,0.4852347,0.2454634,0.2200118,0.3832994,-0.01329738,-0.2922362,0.4574809,-0.4570323,0.4785693,-0.4645452,0.2402719,0.4951257,0.1026012,-0.1611912,-0.1869279,0.1850505,0.2114084,0.1103794,0.4058841,-0.1979228,0.1050184,-0.1809824,-0.05118304
0.2113439,-0.270908,-0.2929255,0.4530736,-0.4975218,0.3953624,-0.1965885,-0.0001074195,-0.2362822,-0.4034513,0.45629,0.3984288,0.4732141,0.286442,-0.006395741,-0.1254414,-0.4125397,0.4744782,0.1840056,0.2508986,-0.3507351,-0.03842443,0.1997808,-0.3867128,0.4272436,-0.6339147,-0.09812516,-0.1099642,0.05542439,0.1263213
-0.2156348,-0.1619546,-0.01233798,-0.175526,0.006469429,-0.277223,-0.2915431,-0.07653445,-0.298045,0.1828008,-0.2382374,-0.3955586,0.348199,-0.4485875,-0.3805354,-0.3807697,-0.172123,-0.3460028,-0.02506644,-0.128794,0.02029794,0.1357661,-0.4438047,-0.289399,0.1566819,0.3276303,0.4579538,-0.009357728,0.1953753,-0.197823
;
-0.001396444
0.4521006
-0.2368203
-0.2318787
-0.01635604
-0.2408419
-0.3498962
0.1794871
-0.2115636
0.1038073
-0.6201131
0.5251622
0.2296114
0.1306652
-0.1774756
-0.007882655
-0.1619263
-0.3102523
-0.002787597
-0.3147809
0.122061
0.2465921
0.6256164
0.200411
-0.4930378
0.4998028
0.2709351
0.4751642
0.2789922
0.4790968
;
-0.311738,-0.275895,0.1182554,-0.1290962,-0.4033982,0.1167914,0.2667398,0.8599571,0.1603043,0.1986468,0.4246151,-0.01515537,-0.1881631,0.2774372,-0.2329049,-0.3995253,0.1319622,-0.2428613,-0.473353,0.4979778,-0.1609616,-0.04914799,-0.3810103,-0.344562,-0.08324342,-0.3985021,-0.3375355,-0.04959053,0.5061066,-0.01712538
0.3695475,-0.09677404,-0.07911152,0.3559546,0.3893077,-1.127529,-0.2056272,0.1935875,-0.01293015,-0.4430082,-0.1354055,-0.1331819,0.3158641,-0.08863427,-0.02439052,0.1186165,0.4878863,-0.1026495,0.820402,0.4623673,0.198465,-0.1833697,-0.0663408,0.5685846,0.2613121,-0.4410561,-0.1481258,-0.02635694,0.1510489,-0.4580207
-0.1796045,-0.1492988,-0.4528081,-0.2091809,-0.1763909,-0.4389746,-0.4855918,-0.06463772,0.05596711,0.2364427,0.6866474,-0.2489056,0.009493692,-0.02756971,0.1637961,0.3273714,-0.5771104,-0.3482137,0.3892623,0.7795139,0.4678841,-0.257067,0.3296151,-0.1052952,0.2838682,0.1941328,0.09604162,-0.2404897,0.3710261,0.03739673
-0.1189415,0.1885612,0.777459,0.1431762,0.003131211,-0.6190002,0.4553541,-0.2199299,-0.2067381,0.1397976,0.1645447,-0.03460452,0.4736352,-0.01543258,-0.3251593,-0.05321,-0.06286806,-0.4936302,0.0007656217,0.4159181,0.2156873,0.0005032061,0.03815705,0.4447094,0.3696117,0.4896866,0.1838676,0.1087853,0.3737324,0.3095518
0.4455107,0.0479036,0.3442999,-0.1564629,0.2179006,0.2258401,-0.1211309,0.1575974,-0.002290428,0.3627574,-0.1594192,-0.003470024,0.2062623,0.186742,0.552343,0.1225786,0.4260603,0.3920243,-0.029589,-0.1222575,0.2424486,-0.08379883,0.03035398,-0.2324072,0.05889851,-0.5737552,0.304714,0.5885645,0.1347831,-0.3060348
0.02184683,-0.08299399,-0.1005209,-0.01276111,-0.3793292,-0.1903516,0.0960906,0.3909203,-0.009530962,0.0951727,0.01890297,0.4259527,0.00052269,-0.2344993,0.3875565,-0.2479374,0.01781715,-0.05304843,-0.008600172,0.01943535,0.557098,-0.1758879,0.1517886,-1.470345,0.3343483,0.2284089,-0.2118006,-0.5599361,0.5631958,-0.4035623
0.3138865,0.3169621,0.7544526,0.3723031,0.08837312,-0.2435809,0.5406302,0.4746345,0.1720733,0.1076245,-0.09491615,-0.1144,-0.04958457,-0.08500534,0.3885159,0.2992852,-0.01430478,-0.187184,0.06461535,-0.2415639,-0.5282328,0.02833822,0.09925038,0.5030374,0.624662,-0.1804705,-0.4790828,-0.2091518,0.1589878,0.1488936
0.4810065,0.1265335,0.3123201,0.3081863,-0.0005142272,0.2071324,0.1725147,0.5025731,-0.4089601,0.7421394,0.410412,-0.06521112,-0.3708941,0.00475258,0.1493204,-0.01332146,0.4119703,-0.3038265,0.1509307,0.4956696,-0.5434291,-0.1446602,0.1217477,-0.7220512,0.0178346,0.1957743,0.1882282,-0.01258439,0.003976047,-0.1865567
0.1048176,-0.0505591,-0.7808921,-0.3756216,0.06460446,0.464929,0.1075683,-0.1468978,-0.07837784,0.6399401,0.7300622,-0.4636135,0.08832751,-0.7862532,0.267933,0.1650716,-0.274492,-0.05865449,0.1196797,-0.4790472,0.01267756,0.2488675,0.4444557,-0.006771231,0.2243402,0.4462497,0.5049565,-0.123949,0.1123528,-0.3380202
0.3569982,0.4525487,0.2192382,0.4895037,-0.2267891,-0.1125397,0.3360429,-0.2024826,0.03074343,-0.3330115,0.4249437,0.004302863,0.1836062,-0.2504999,0.2469915,-0.0433467,-0.1346986,-0.1441079,-0.8369356,0.1689188,0.2044039,-0.1743577,-0.4470196,0.1080977,-0.4348108,0.4520408,-0.4897165,-0.1770281,0.3487269,0.1619673
-0.1694111,-0.1745034,-0.02497734,0.2422313,0.5932854,-0.4336478,-0.182738,-0.2035311,0.440254,-0.3165344,-0.07367104,0.3428327,0.01571869,0.2664787,0.1563719,-0.8285953,-0.5106761,0.4521701,-0.09709364,0.6075359,-0.1561452,0.3406368,-0.001292819,-0.01525515,-0.01426032,-0.3193269,0.4360427,0.2405817,-0.1761229,0.1931385
0.4633838,0.07980722,0.1594391,0.1231043,0.221115,-0.2368863,0.3137476,0.0002897074,0.06579772,-1.24386,-0.125918,-0.2151289,-0.01108152,-0.1355271,0.16264,-0.3040485,0.1549347,-0.0859348,-0.003370936,0.3078442,-0.03206002,0.02260071,0.2051021,-0.427695,0.08505192,-0.4772739,-0.5492985,-0.09853369,0.1975769,0.03837072
0.4061061,-0.09227568,0.1931383,-0.5297911,-0.2253783,-0.1243617,0.1280099,-0.1340546,-0.3202329,-0.4379766,-0.090807,-0.08078171,0.6218017,0.4179933,0.07474341,-0.0754536,0.4277188,-0.3747152,-0.2615734,0.07595942,0.5876443,-0.09835473,0.3604256,0.1197723,0.0008295212,-0.4190326,0.1529232,-0.08284751,0.3972567,0.01294549
0.009479225,-0.3430872,-0.2286882,0.1664073,0.2326937,0.5908005,0.03766102,0.3809147,0.001842899,-0.1702397,-0.1271493,0.4202836,-0.1335749,-0.2520458,-0.4036727,-0.008703768,0.07526957,-0.1105875,0.1967851,0.4696446,0.1893073,-0.09952384,-0.02205127,0.03707214,0.8383444,-0.09794742,0.01815925,-0.2708695,0.1560392,0.2738413
-0.01969558,0.4740827,-0.4609301,0.1654983,-0.08548449,0.0843794,-0.003193906,-0.002720773,0.3556269,0.08190411,-0.08111483,0.06315309,0.03595042,-0.1313444,-0.3238455,-0.393598,-0.3808675,0.4790851,0.01789719,0.2322726,-0.03201085,-0.538798,-0.2702222,0.4649391,0.3349524,-0.1823168,0.2821114,-0.3275268,0.1140992,-0.3120867
0.07483205,0.01500483,-0.09958345,-0.07374966,0.0720172,-0.1943709,-0.0483836,-0.4902468,-0.2656939,-0.05991834,0.201938,-0.003766925,-0.3687631,0.3672081,0.09209317,0.3890708,0.3951911,-0.3038219,0.4337301,-0.6005122,-0.01651745,-0.05062238,0.0004230528,0.0664224,0.1333545,-0.001066817,-0.2130965,-0.09489832,-0.08080918,-1.204282
0.4587088,0.01275391,-0.103561,0.164027,0.08944732,0.4070449,-0.01400501,-0.02169114,-0.2451783,0.01764086,0.1810412,0.1676525,0.2159832,-0.123791,0.1361235,-0.3469132,-0.2392051,0.4814818,0.2983488,-0.3587506,-0.01631057,0.3560659,-0.1881504,-0.2864628,0.3260009,-0.6407297,0.003954937,-0.3254926,-0.3771076,-0.06340104
0.2166115,0.4271612,0.308722,-0.01660309,0.3336959,0.4954414,0.1491927,0.134684,-0.05585401,-0.1127215,-0.04568909,-0.2023605,0.4047899,0.4306772,0.2450219,-0.8787656,-0.2462921,-0.1719763,-0.2564685,-0.1787213,0.1474402,-0.3536391,-0.6431026,0.479712,-0.2330892,-0.06696759,0.3089406,-0.4617829,0.2452195,0.105401
0.01346738,0.01340543,0.02732528,-0.3784827,-0.3617715,-0.484059,-0.004437139,0.01160191,-0.3224138,-0.004034427,1.237095,0.4993477,-0.163839,-1.016346,0.1578614,0.2757599,0.3574781,-0.02841457,0.03358078,0.18375,0.04927665,-0.02431818,0.4575354,-0.1036643,0.08696146,0.2158353,-0.6177151,-0.0951143,0.1512375,-0.01904029
-0.04334453,-0.007239982,-0.4369613,0.490831,-0.2703584,0.05097791,0.4205627,0.4588772,-0.2408898,0.3630085,0.1446748,-0.454309,0.03868257,0.07901199,-0.3649932,0.725802,-0.4196159,-0.03154657,0.4966733,0.8700422,0.308856,0.01157083,0.3764122,-0.04805475,0.121556,-0.3103445,-0.1262477,-0.2853031,-0.02751447,0.4785005
0.1116138,0.6634547,-0.06391698,-0.4928074,0.439791,0.4476113,0.05376562,-0.09689945,0.05180186,0.003579516,0.04468352,-0.01407321,0.3065727,0.418828,-0.04571374,-0.3688144,0.004348532,0.1912484,-0.3918911,-0.2927983,0.2825843,0.4528057,0.2233346,-0.05219661,0.163678,-0.1979071,1.151224,-0.4193871,-0.2162113,0.2083934
-0.01595803,0.4509787,-0.5079417,-0.2757108,0.336558,0.1706636,-0.1437373,-0.305468,-0.1250741,-0.04122823,-0.2992961,0.09988672,0.3025223,-0.1115398,-0.7516755,-0.5570709,-0.01109807,-0.3845364,0.1735845,-0.04538809,-0.1280865,-0.02742944,0.256093,0.03637451,0.3097153,-0.05543607,0.2590389,-0.4865955,-0.4300365,0.1798491
-0.06657749,-0.1368886,0.6525527,0.01305355,-0.06188542,0.09244531,0.3905282,0.1015805,0.4941523,-0.466264,-0.3385988,-0.0215946,0.7795392,-0.3244303,0.6663387,-0.4764755,-0.07998469,-0.08130831,0.6763556,-0.154232,-0.4929757,-0.0002058107,-0.244914,-0.2726713,-0.04897071,0.01045073,0.07440595,-0.3522676,-0.4390725,0.07795272
0.3771667,0.01839532,0.4985509,-0.04196825,0.4838824,0.4408311,-0.2306743,0.4272565,-0.1249823,-0.2191706,-0.1524882,0.03887564,0.563238,-0.2416601,-0.1500071,-0.2787231,0.1083391,-0.4890121,0.204903,0.0878529,0.6431383,0.04668921,-0.3050036,0.2520996,0.1990279,0.4620401,0.02610224,-0.2237599,-0.06447572,-0.3425684
-0.1257625,0.00163995,-0.095724,0.4767183,-0.2819893,-0.4202169,-0.4730072,0.2792987,-0.270081,-0.1830324,0.3467609,-0.2702475,0.4787607,0.1346313,-0.6504555,-0.08752269,-0.2254989,0.182405,0.08467878,-0.2011451,0.07412821,0.06142312,0.1018603,0.1645281,-0.04175065,0.1054484,-0.2957083,-0.2649387,0.3956381,-0.01003611
0.1634316,-0.2981529,-0.07222179,0.05657727,0.1398651,0.3844453,-0.1166014,-0.5454025,-0.7890128,-0.1378134,-0.4364449,0.1525037,-0.01929556,0.620831,0.3170273,0.1145384,-0.01517251,-0.1729836,0.4661093,-0.6980748,0.3674748,0.4690102,-0.3927069,0.1942887,-0.07749831,0.3617802,0.07834437,0.3706542,-0.03939182,-0.2868362
0.1239523,-0.03339358,0.1245838,0.2572724,0.3281484,-0.003489316,-0.9156563,0.107172,0.2246236,-0.4582826,0.332708,-0.2878491,0.02992242,-0.2628273,0.685508,-0.0160051,0.4334244,-0.1819619,-0.2297058,0.04928396,-0.1256314,0.6209821,-0.00530152,-0.6144834,0.2293606,0.4213498,0.07706665,-0.05676127,-0.1922483,0.178402
0.1161084,-0.2912678,0.4197698,-0.3435988,0.5237747,-0.2488694,-0.1194122,-0.1503411,0.09544098,-0.03100988,0.1087548,-0.0586018,-0.249142,-0.251148,0.01917642,0.2395588,0.06741878,-0.3805867,0.406725,0.2620846,-0.04675277,0.1268089,0.2805966,-0.02173049,0.04212726,-0.2341426,-0.3996779,0.05069659,-0.003769598,-0.209895
-0.4304156,-0.8797425,-0.280423,-0.01432973,0.05341476,0.0003987053,-0.149104,-0.1392567,0.2972005,-0.07484635,0.1269127,0.05471069,-0.01099196,-0.1809326,-0.02335168,-0.2390551,0.0287928,-0.2844787,-0.3355057,0.1445596,-0.0725607,0.1822286,-0.1447445,-0.01700705,-1.009131,0.3722116,-0.3943934,-0.0942644,0.2346039,-0.4879394
-0.1271641,0.2178607,0.3397541,-0.004244506,0.3436006,-0.06205308,-0.2332881,-0.162955,-0.2157649,-0.04000906,-0.1381499,0.009579687,0.4270407,0.5558867,-0.01093556,0.2832365,0.4875528,-0.2651936,0.292866,0.147691,0.3865337,-0.1720235,0.369268,0.2818304,-0.4378867,-0.1528119,-0.4197891,-0.4657154,0.3269688,0.3751893
;
-0.8845136,0.04940265,-0.204776,-0.06541085,0.4037714,-0.4468708,-0.6595638,0.0111056,-0.1166418,0.08521175,0.4352629,0.4037544,0.6359859,0.2592489,-0.3122269,0.6590347,-0.2716562,-0.7839842,0.001401101,0.4979489,-0.3359728,-0.06879979,-0.5510206,-0.0133186,-0.5362263,-0.4357288,0.1657728,0.005428568,0.3471068,0.4234629
-0.1336618,0.4999501,-0.445857,-0.1111502,-0.2613571,0.1725762,-0.2373838,-0.08014721,-0.4174871,0.4067299,-0.2540185,0.07568234,-0.01540102,-0.7650918,0.4010355,0.1922545,0.006203309,-0.117989,-0.1169694,-0.0008494258,-0.2343539,-0.3116592,-0.4940508,0.06288558,0.03187438,0.3006823,-0.570609,-0.1942813,-0.4521796,-0.08121306
0.09750503,0.1426314,-0.4787029,0.3923662,-0.2975509,-0.04617301,-0.2802829,-0.169668,-0.2978855,0.7800844,-0.08666044,-0.09133598,0.0191737,0.07997572,0.2484577,-0.6227441,0.09147425,-0.1407958,-0.03997944,0.01421779,0.2270314,0.2771302,0.003480967,-0.1275191,0.2679083,-0.2102488,0.1482347,0.02053164,-0.4356633,-0.4181294
;
0.4728817
-0.2165954
0.3659472
0.1235345
-0.3305489
0.5016649
-0.02547514
-0.3279605
-0.2790266
-0.478034
-0.1280571
0.06306118
-0.2024139
-1.248165
0.04178499
0.4806919
0.1679836
-0.4640559
-1.310714
-0.4951503
0.4287829
-0.1016619
0.4873317
-0.4588517
0.02085954
-0.02948042
0.11951
-0.213145
0.06519838
-0.4116443
;
0.0786323,-0.6399877,0.2450815,-0.08895665,-0.1363283,-0.1262235,0.4724827,-0.3414959,0.03919083,0.02015819,-0.3914729,0.01263016,0.07970589,0.2433969,0.3512418,-0.5210876,0.2859445,-0.03153962,0.3309461,0.4263597,0.1479618,0.2102477,-0.3408262,0.1067976,-0.4229115,-0.6180183,-0.2187199,-0.2565924,0.1301937,-0.3832058
0.462951,-0.3593194,-0.391937,0.06249337,0.3353509,0.2961394,-0.01038922,0.003179723,-0.814783,-0.07667921,-0.0329065,-0.2505277,0.2784058,-0.4487257,-0.4307604,-0.1662166,0.4402829,-0.08326174,-0.09548289,0.4084992,0.2455136,-0.0003743803,-0.1414202,-0.3119811,0.05009514,-0.0496853,0.3371497,-0.4950035,-0.01330996,-0.4494553
0.1403942,0.07312791,0.1236659,-0.2189787,-0.242809,0.2190714,0.7722739,0.2567177,-0.4925501,0.005071819,-0.05211252,0.00784926,-0.7223178,-0.02763749,-0.01657301,-0.1390886,-0.1939905,-0.008883995,-0.1484355,-0.0548585,-0.5680351,0.1967633,-0.3183738,-0.002025994,-0.3610245,0.2671613,-0.0746929,-0.3733408,0.05353863,-0.2682668
0.1062701,-0.4818825,0.4043479,-0.2192166,0.4781539,-0.2259224,-0.8367978,-0.003330146,-0.4872897,0.003006067,0.07517357,0.3119118,-0.6014823,-0.1862882,-0.008827031,-0.1920285,0.154706,-0.0741362,-0.4808627,0.765057,0.7964909,0.1201345,0.144675,-0.07917052,0.1260951,-1.155984,0.1414256,0.1000018,0.07758766,0.1470699
-0.3875202,0.05765988,-0.07279655,0.07222062,0.2396078,-0.4237906,0.09100167,0.3976328,-0.2916018,0.0177009,0.4551507,-0.475278,0.02924722,-0.02303201,-0.05569231,0.1475426,-0.261983,-0.4386451,-0.1450307,-0.1652014,-0.04143751,0.3056525,-0.09798055,0.07885927,0.2938122,0.5679733,-0.1025303,0.1179305,0.1058688,0.01272227
0.1283217,0.250784,-0.3677289,0.3210685,0.2952393,0.6055297,0.1669597,-0.3286684,0.0343934,0.02276331,0.2922156,-0.02287966,0.02703639,0.3441168,0.4164592,0.09633113,-0.09914464,0.04612257,-0.2717634,-0.2568585,-0.4486774,0.3084422,-0.1054821,-0.2907375,-0.3002912,-0.2946463,-0.339848,0.2339073,0.3717724,0.2367343
0.1468913,0.09256119,0.09266381,0.1420889,-0.1436359,-0.25685,-0.1577417,-0.008402407,-0.09560901,0.0378398,0.3619814,-0.2188171,-0.3692989,-0.3164073,-0.1413291,0.3271309,0.1874437,-0.1490319,0.04584295,-0.08079046,0.1017784,-0.003356278,-0.3811368,-0.4199601,-0.3799914,0.08923198,0.02892882,0.2479504,0.2615814,0.1133948
-0.3058056,0.4364436,-0.05736083,-0.4400575,0.4550398,0.2565593,-0.2881864,-0.08376437,-0.1038713,-0.2472643,0.3482759,0.02837452,0.4110231,0.3205628,0.4244844,-0.3154862,-0.2603422,0.06713566,0.4722296,-0.1596848,0.1887518,0.1107684,-0.526814,-0.1100733,0.2425334,0.2492125,-0.005889952,-0.9210849,-0.1457894,0.1192455
-0.4676614,-0.04068466,0.2885236,0.3464181,0.06791931,-0.493554,0.003904879,-0.02675933,0.07546812,-0.3999748,-0.209414,0.4307275,-0.2998562,0.01345605,0.2778254,0.7932945,0.4539634,0.08085207,-0.6643505,0.2253651,0.04625529,0.1521859,-0.3909757,-0.03909162,-0.4225299,-0.08211619,-0.02105994,-0.4344229,-0.1184437,-0.2690571
-0.01011407,0.03995346,0.3470699,-0.4625549,-0.0728721,0.5969131,0.3946925,-0.03828964,-0.1345004,0.3173021,0.57486,0.673795,-0.4149872,0.5346034,0.7484443,1.033173,0.3152933,-0.01252478,0.1796938,0.05220585,-0.01556428,-0.2224406,0.2211766,0.1193921,-0.4707381,-0.1062927,-0.2833334,-0.2823873,0.4677116,0.003072256
0.4161073,-0.3496865,0.7863705,-0.0153013,0.3139538,-0.1425938,0.1542722,-0.1873028,0.4613039,0.1587881,0.4118986,0.2868221,-0.2242873,0.16595,0.2571533,-0.00495559,0.2323934,-0.5303768,-0.2364054,-0.05305721,0.4954914,0.283867,0.5844424,0.4390274,-0.1250725,0.4143607,-0.5062163,-0.2553871,0.292262,0.03349334
-0.4192604,-0.4482614,-0.2573209,0.2892135,0.01956552,0.2691224,-0.1152236,0.05642107,0.1268859,0.7878245,-0.1129519,0.1445735,0.06213242,0.4210163,-0.01313083,-0.2259635,-0.14095,0.2423789,-0.1170173,-0.3094156,-0.1798684,-0.04658335,-0.07003802,-0.07679739,-0.2203092,0.3150048,-0.01959864,0.08467728,0.2023899,0.1183447
-0.3592087,0.4871756,0.1535787,-0.1362513,0.07867151,-0.2020031,-0.003443543,0.03028744,-0.4728799,0.0645172,-0.2901808,0.1088632,0.05675657,0.2014295,0.1880916,0.1111264,-0.177962,-0.1963177,-0.5631215,0.282876,-0.2060954,0.01404229,0.1938988,0.04672597,-0.06371044,0.2876803,0.3510898,-0.001199792,0.1835316,0.4329934
-0.2775297,-0.3204991,-0.2784369,0.7452956,0.1759624,0.1179842,0.148507,0.3764812,0.6487527,0.2980388,0.1384213,-0.01266327,0.216316,-0.001844337,-0.3726019,0.4333556,0.08748156,0.321189,-0.2821687,-0.0742142,-0.08192557,0.07191581,-0.1338285,0.158211,0.4541103,0.1490655,0.1498486,0.1894804,-0.5053109,0.8523227
-0.01255114,0.530434,-0.2143898,-0.5184134,0.1459012,0.1084313,-0.02339619,-0.2768959,-0.1855012,-0.4296042,-0.3097655,-0.249028,-0.08636063,0.153696,-0.4927061,-0.05044772,0.05827659,-0.4612854,-0.4178455,-0.4494939,0.4435343,0.2209556,-0.2814578,0.1078333,-0.1772588,-0.1369007,0.4207917,-0.3593001,0.1445373,-0.04583889
0.004619616,-0.1105841,0.09779549,-0.3136883,-0.2978903,-0.3904264,0.3256546,-0.0495987,0.2424654,-0.1914518,0.4832961,0.1490308,-0.2890446,-0.3052503,0.2909345,-0.2895749,0.1029027,0.4533695,-0.2710619,0.3733021,0.1738988,-0.0002073646,0.1714221,-0.08033092,1.218347,0.4903487,0.001142399,-0.004706578,-0.2172996,-0.09269397
0.2393322,0.3188583,0.04704052,-0.01324826,0.02472717,-0.3958753,-0.2269409,-0.2549486,-0.2507819,-0.05445618,0.3810812,0.02649933,-0.3244774,-0.1357693,0.9181047,-0.01117712,-0.1369707,0.2540555,0.3936732,-0.5357703,0.004257904,-0.2414774,0.2845341,0.4414941,-0.009168684,0.2915957,-0.4106601,0.007892957,-0.1415496,-0.1182662
0.4203277,0.02420646,0.09504801,0.2801648,-0.3847376,-0.4468558,-0.1648343,-0.3214162,-0.2231612,0.1370979,-0.4339358,-0.6397077,-0.1309774,-0.1785454,-0.1751251,-0.2316645,0.5341626,-0.4241256,-0.2276698,-0.3226051,0.2143752,-0.2081998,-0.2899325,0.3540276,-0.2388133,1.247952,-0.1490921,0.0112388,-0.4204009,0.05422705
-0.003476973,0.3580852,0.4403771,-0.4660197,-0.02554411,0.3141929,0.2750561,-0.3204894,0.4173281,0.330002,-0.4228047,0.3118069,0.1649572,0.1816778,-0.2310695,-0.2396514,-0.3292857,-0.246148,0.2990197,-0.4965781,-0.2439548,-0.04407436,0.001018707,0.08387759,0.2696526,-0.4391793,-0.1244462,-0.2672106,0.4191038,-0.2933513
-0.9037825,0.2269354,0.598677,0.2957475,0.3339593,0.2542125,-0.6426027,0.2105981,-0.03769476,0.1496566,-0.03809065,0.2576451,0.1730636,-0.353351,-0.3598014,0.6629953,-0.0799125,0.4446553,-0.1133046,0.5097075,0.3947088,0.1610238,-0.06913109,-0.07912332,-0.02928575,-0.7819052,0.2148274,0.2958851,0.5495571,0.195687
0.356703,0.1815474,0.2635901,-0.1750931,0.08967319,-0.02009375,0.4873908,-0.4449636,0.4171221,0.4628989,-0.2361608,-0.1189022,0.1962481,0.3052526,-0.4976069,0.06602256,-0.008213783,0.2115155,0.1936957,-0.002503763,0.3707631,-0.1297196,-0.2617532,0.3956144,-0.1466921,0.405409,0.02499014,-0.2667971,-0.07363864,0.3863519
-0.02383299,0.03938188,0.1716425,0.02974397,0.2808229,0.3856581,-0.1595079,0.1528684,0.1368093,0.2746024,-0.1654158,-0.1096299,-0.1588144,-0.3543576,-0.836861,0.1739662,0.3400073,-0.1642205,-0.1525339,0.2103127,-0.08143586,-1.485391,-0.6768407,-0.2367801,0.08275624,-0.2690965,-0.1409797,0.4717008,0.02175814,0.02273303
-0.06387861,-0.2170275,0.2361396,-0.2487658,0.1653334,0.04014023,-0.01957005,0.1468387,0.1664452,0.6619611,-0.2180046,0.1568507,0.339304,-0.02091461,0.02857739,0.4241898,0.03833108,-0.1771647,-0.05525666,0.480122,0.02401214,0.6260585,0.2489461,0.2546455,-0.2010421,-0.2502349,0.08419927,0.04522163,-0.007118523,0.8343363
0.003288656,-0.1379649,0.005448853,0.00852114,0.2192132,0.4334315,0.4140527,-0.300983,-0.3025392,0.2116968,0.3580374,-0.01113656,0.06217125,0.0990624,0.04197859,0.1338412,-0.02541357,0.4254225,-0.3319027,0.05238932,-0.1359154,0.2222731,-0.1628393,0.7471712,0.2526417,0.4514005,0.4011418,0.1689035,-0.3833914,-0.3086995
0.09137163,0.09991507,-0.1850004,-0.1548641,0.1115835,0.4278885,0.1088658,-0.3597895,-0.1995158,0.4465837,-0.2709514,0.09962672,-0.4539144,0.3912995,0.03724417,-0.3107129,-0.1449216,-0.09801073,0.2594342,-0.3752042,-0.8678403,-0.05758612,0.4601334,-0.1133117,-0.1672756,0.2576641,-0.090159,0.1957158,0.09150833,-0.3025395
-0.1246384,0.003947495,-0.2491621,0.04658112,-0.4192996,-0.8018128,-0.02381486,0.07821914,-0.3944135,0.7981653,0.1665086,-0.223978,0.3478523,0.1061182,0.2844703,0.8959554,-0.4254408,0.3341768,-0.2047348,0.01252852,-0.01587921,0.353348,0.2437629,0.4120395,0.3381207,0.1577544,-0.7646475,0.7974848,-0.3304996,-0.7090614
-0.2594142,-0.03966058,0.2365751,-0.3153469,-0.2434343,0.3885427,-0.2219235,-0.1032236,0.4838786,-0.4917039,0.4571941,0.2009103,0.3471292,-0.3957958,0.4434876,-0.1249322,-0.3101037,-0.2228191,0.003188312,-0.02927492,-0.1253348,-0.213581,-0.120777,-0.128043,-0.100862,-0.3007737,0.2174135,-0.1413377,-0.07961041,0.004508555
0.1410006,-0.5353855,0.8069836,0.4041271,0.1004645,-0.0145294,-0.4434385,0.4115739,0.521818,-0.3062035,-0.7141131,0.08796442,-0.08160037,-0.05481273,-0.185658,-0.1296307,-0.974082,0.08607727,-0.3312016,0.8047214,0.2996166,0.370212,0.3651369,-0.1210955,-0.2621821,-0.008038819,0.1280356,-0.5156617,-1.020733,-0.1181984
-0.01543766,0.1671686,-0.2955824,-0.2326252,0.1234602,-0.4306359,-0.4500843,0.1227183,-0.4312001,0.1901133,-0.2280355,0.4467108,-0.4345746,0.379443,0.1090586,-0.0192326,0.286978,-0.04544711,-0.1571198,0.3119373,-0.4323804,0.04566931,-0.07675654,0.08338317,0.1350513,-0.05482138,0.1429432,0.3629115,0.2816018,0.04981452
-0.04652585,-0.04487194,0.3720111,-0.3912034,-0.2841952,0.4594257,0.3691579,0.3800234,0.02784396,-0.2957915,0.2460302,0.1905889,0.6126431,-0.03018971,-0.1862045,-0.3187674,0.468817,0.15601,0.03596324,-0.001763588,-0.2630585,-0.6420628,-0.06194776,0.1353361,0.3540897,0.5700017,0.1978521,0.1140341,-0.4504243,0.06431146
;
0.4570955,0.1469633,-0.2391096,-0.2073513,-0.2728001,-0.3140118,0.0577603,0.2574638,0.006864488,0.3942335,0.03304595,0.4288399,0.2873998,0.4570676,-0.01184141,-0.1280007,0.3806885,0.2106292,-0.07711432,-0.5686038,-0.03512818,-0.2277315,0.02229577,-0.03597516,0.02256606,0.3598125,0.09801251,0.451441,0.07199091,-0.179476
0.3527874,-0.2236905,-0.270126,-0.03408712,0.3486378,0.5321702,0.2873863,0.07899361,-0.2589858,-0.5233913,-0.1953615,0.02553731,-0.2749423,0.4468749,-0.2289708,0.1807749,0.1455375,-0.2078354,0.4539002,0.1836707,-0.4034951,0.6430668,0.0134178,-0.3672775,-0.1895301,-0.2053031,0.04613736,0.1008417,-0.3469012,0.006606042
-0.1978073,0.04176217,0.2003407,0.1939847,0.1520815,0.3343925,-0.2023398,0.6235856,-0.1698088,-0.6986213,0.1345431,0.1930611,0.4797467,0.4772422,0.4605098,-0.4957133,-0.410247,0.02704948,0.002239645,-0.09284848,0.400673,0.4732869,0.05175537,-0.8289365,-0.1322361,-0.1772178,0.3864456,0.09477949,0.01478234,0.6936195
;
-0.1155471
-0.05957323
0.2352931
-0.02198971
0.001083212
-0.008812853
0.000117899
0.2542958
-0.1750079
0.04026702
-0.2010873
0.02518605
1.620662
-0.4832746
-0.2939353
0.5240296
0.1656986
-0.1691664
0.3566713
-0.2643348
0.4998344
-0.02538342
-0.4810643
0.6318461
0.3560147
0.06940085
0.4809703
0.3155381
-0.2024901
-0.0658564
;
0.03109694,0.6270226,-0.419032,-0.6514529,-0.04786724,-0.377488,-0.4149164,0.2084967,-0.429034,-0.4416052,-0.4547713,0.5856039,0.4752656,0.2984784,0.3171585,0.08652716,0.2254918,-0.3736574,0.1230854,-0.3427277,-0.2652915,-0.00278736,0.3274347,0.5924343,0.4296451,0.5851931,-0.03052679,-0.2675987,0.34852,-0.0526939
0.03981561,0.3672921,-0.0791446,-0.4059092,-0.1240358,-0.04960632,0.4651501,-0.03367813,-0.07990561,-0.8118683,0.3244142,-0.4125571,0.2450484,-0.3342954,0.09162062,0.2025834,0.03385156,0.4194349,0.1776994,0.001883235,0.08593041,0.1156726,0.1685452,0.05207008,0.3862728,0.5081812,0.1533894,0.3245754,-0.3681128,0.2602385
-0.02530211,0.3646305,-0.4012654,-0.631595,0.4689251,-0.006653243,-0.3149819,0.2631549,0.08747488,-0.07337589,-0.1230808,0.6095968,-0.1095534,0.4257981,0.1470765,-0.03505263,0.03346533,0.1190113,-0.2032198,-0.1953302,-0.3628224,0.3077279,-0.0244109,0.4368848,0.4570636,-0.04979831,-0.1574187,0.1255039,-0.3743716,0.2422182
0.04903792,-0.03619033,0.08509007,-0.3572788,0.1739964,-0.147932,0.0518094,-0.1134051,0.2322135,0.1450289,0.05363363,-0.3528562,0.07232667,0.1659204,-0.4769754,-0.3370959,-0.3766356,-0.3931012,0.5374272,-0.3310552,0.07746774,0.2718355,0.05601595,0.2839627,-0.5932937,0.2682573,0.4942966,0.3174497,0.06165544,-0.02677733
-0.08178259,-0.1527054,-0.3571144,0.08275951,-0.1817722,0.2682661,-0.03477785,-0.1445738,0.1842941,0.005343603,0.01086537,-0.4671552,1.169619,0.06727418,0.4190239,-0.04180575,-0.7166572,-0.03093273,0.41247,-0.00185097,-0.1527438,-0.1565016,0.04120272,0.1563361,0.02333309,0.3720701,0.4511324,-0.5417885,-0.0962915,0.4976562
0.02349521,0.03160125,0.1328934,0.4421034,0.1481835,0.4130001,0.3531421,0.0012514,0.3477788,-0.01863188,0.1898891,0.4625081,-0.2258249,0.1345697,0.4328616,-0.05429071,-0.1203416,-0.3454424,0.3604845,-0.3341666,0.5895585,0.06036788,-0.2146358,0.2249001,-0.4457383,-0.13185,-0.1586126,0.0619524,0.3256593,-0.1803153
-0.2785752,0.1941122,-0.002233624,-0.08692974,-0.3804387,0.02211338,-0.2369947,0.3459198,-0.03272575,-0.1282143,-0.3628485,-0.2865312,0.2580812,0.528387,0.3494043,0.007075808,-0.06660248,-0.1251213,-0.3594708,-0.8487789,0.4159657,0.6335289,-0.4246464,0.2741868,0.316883,0.1164935,-0.1228335,-0.2638276,0.1373399,-0.009198768
-0.5798094,-0.05570406,0.3020456,0.06797739,0.3933344,-0.08317858,-0.05486609,-0.1631742,0.1877399,0.09870132,0.1701664,0.2838676,-0.2098729,-0.09217066,0.2822689,0.1678986,0.01846516,0.06790524,0.3828557,-0.09483128,-0.03090912,0.4018443,-0.265201,-0.03585043,-0.289965,-0.4770925,-0.2546812,-0.05226916,-0.1608395,0.003795326
-0.2540561,0.0004874323,0.4009656,-0.3192317,0.5338292,0.09712163,0.09644312,-0.4143645,-0.08034939,0.1451698,-0.04428808,-0.4090917,-0.03498836,0.2869809,-0.03895476,-0.3434678,-0.2438935,0.004742609,-0.03793588,0.1890292,0.2843602,-0.2690674,0.5132284,-0.1044095,-0.1777729,0.2262548,-0.1199365,0.09044285,-0.4570415,-0.3298161
0.01094192,0.5256967,-0.09286022,0.03223699,-0.1728982,0.8221374,-0.4867543,0.1798739,-0.4299661,0.3146067,0.2554761,0.2199641,0.1601586,-0.4519113,-0.456237,0.3402385,0.2720795,-0.5683537,0.4213344,-0.3702712,-0.2900544,-0.1691628,0.1231843,-0.4228086,0.0751192,0.3989756,0.1891602,-0.4504511,-0.4122206,-0.1066023
0.4145271,-0.006670439,-0.001687132,0.1081389,0.184285,0.9592608,-0.1111858,1.332285,0.3260202,-0.4910787,-0.03339034,-0.07286466,0.3708894,-0.6863393,-0.7652529,0.2749994,0.2554889,-0.4458582,0.1116563,-0.008367991,0.05571467,-0.450698,-0.03296255,-0.7263703,0.09432882,0.2919569,0.3305942,-0.04064156,-0.3011375,-0.08869221
-0.4391896,0.4758216,0.001052312,-0.2717623,0.07734025,2.387203,-0.4693403,-0.0864169,-0.2208022,0.2383213,-0.08672462,0.1190888,0.1445386,-0.038973,0.5639272,0.345562,0.1891264,0.1810237,-0.2812662,0.2221206,-0.1310626,-0.02985126,-0.4559739,0.4611953,-0.2795202,-0.03798479,0.03265456,0.1050401,0.6858178,0.03903852
-0.2209095,0.1405623,0.3852272,-0.00183934,0.01547651,0.8293519,-0.2768799,-0.2971553,-0.6923572,-0.2194704,0.3091634,-0.04683433,-0.1178598,-0.06402469,-0.3399131,0.02981788,0.1981219,-0.3457,0.3857417,-0.3273976,-0.08119091,-0.09464163,-0.157037,0.0412101,-0.09022195,0.3786567,-0.08975486,0.05291313,0.2999071,-0.3348488
-0.1816952,0.1613769,0.1037287,-0.3575732,-0.07553131,0.03282183,-0.1289261,-0.4221395,-0.0558366,0.2856331,-0.2055294,-0.3529912,0.1200554,0.3028203,0.1182517,-0.4267865,-0.3473078,0.1927286,0.3575844,0.451205,-0.2832878,-0.4930044,-0.08315665,-0.06159418,0.02277433,0.002679097,0.2391645,-0.09472957,0.4534189,-0.3167911
0.0695141,-0.4234431,-0.3459264,0.2256902,0.2471388,-0.1597631,0.05426258,0.0009047837,0.008343667,0.07919244,0.4982855,0.1487852,-0.2787782,-0.4724432,-0.6762264,0.4633242,0.3735293,-0.02345899,0.1090454,-0.4837224,-0.2341316,0.2155733,-0.03169776,-0.4380219,-0.0333355,-0.3915765,0.1111667,0.5694848,-1.19754,0.1545058
-0.04062706,-0.4493414,0.1343137,-0.4785836,0.01845007,0.003345972,0.3492742,-0.7261614,0.2424865,-0.08611792,0.05563706,0.02783138,0.235197,0.5777366,-0.06328255,-0.6510502,0.6363145,0.1986774,0.1391331,0.4589648,0.2924483,0.4220273,0.2767634,-0.07049903,0.08777913,-0.1126269,-0.07128757,0.002296489,-0.4269873,-0.1947494
0.4202887,-0.06590325,0.4985229,0.1757631,-0.468237,-0.2168617,0.1035706,0.4052382,0.382758,-0.3430302,0.1514357,-0.4293141,-0.06498867,-0.03266162,-0.02872533,-0.03626889,-0.06249061,0.002344025,-0.168538,0.1232165,0.2201433,-0.2072566,-0.3710861,0.3538102,-0.06177491,0.7237996,-0.5200903,0.150227,0.244078,-0.3348035
0.12028,0.6431727,-0.186708,0.6338909,0.2900754,-0.3885666,0.6806229,0.1986976,0.0488413,-0.2374762,0.3355428,0.4900346,0.03828215,0.4070684,0.2692188,-0.4865355,-0.05588284,-0.14759,0.1334783,-0.3428514,0.2696112,-0.382004,0.1013111,-0.01065284,0.1727363,0.1656034,0.3559383,-0.06240541,0.1927149,-0.402555
0.2308761,-0.03024417,0.3952741,0.1443877,0.4901781,0.1795689,-0.343916,0.4748624,-0.03155274,-1.235758,0.2641061,-0.1440507,-0.06383556,0.1154065,0.06131733,-0.03824633,-0.06341368,-0.1278413,-0.165261,-0.2672328,-1.503154,-0.2607695,0.2324315,-0.4546559,0.3798231,0.2063685,0.156047,-0.1617202,0.3948461,0.2629394
-0.007638744,0.2950022,0.1346677,-0.1846018,0.4257954,0.282589,0.2857201,-0.08380669,-0.4824541,0.4455899,-0.1121461,-0.06900118,0.2281509,0.3946203,-0.06563216,-0.0007327052,-0.6581076,0.08196586,-0.9126945,0.09722529,-0.007030448,-0.4818566,-0.04014249,-0.1382759,-0.2128906,-0.3242074,-0.02568543,0.09836584,0.1203227,-0.2639802
-0.4969611,-0.4603682,-0.01455183,0.0661791,-0.23629,0.2338077,0.2593678,-0.0807938,-0.02967125,0.6697354,-0.4242927,0.4637092,-0.07392047,-0.3715193,0.6791375,0.003663942,-0.002752435,-0.4267315,0.04449576,0.2356986,-0.134522,-0.497347,0.3238462,0.4559624,-0.4669902,0.2255031,0.5007008,-0.4841329,0.4582754,-0.04700587
-0.2002224,-0.314954,-0.7048956,0.148498,-0.5306927,-0.426067,-0.3706559,0.4301245,-0.01314177,0.121662,0.156369,-0.4910342,0.2736709,0.3933429,-0.2013567,0.161095,-0.3173992,0.2842846,0.2708288,0.3647392,0.09586573,-0.4121161,0.09775952,0.3464708,-0.3230604,0.3338504,-0.1987756,-0.3153971,0.2055674,-0.02226199
0.3227573,-0.02278826,-0.4654168,-0.4773391,-0.1343163,-0.01732448,-0.3881326,0.1762513,-0.09531198,0.4754664,-0.3911297,-0.03754801,-0.3755692,0.02929988,-0.03320252,-0.4032073,0.2867892,0.07432409,-0.1919456,-0.3534395,-0.3612959,0.03136397,-0.1168852,0.4647242,0.2404619,-0.6664459,0.1748733,0.3793274,0.2136228,-0.06326661
0.1640106,-0.2433901,-0.1382116,0.3607613,0.2454331,0.1654176,0.01297337,0.3741548,0.2633012,-0.3972723,0.2394008,-0.01454983,0.0208598,-0.4738986,0.2541124,0.03923939,1.034823,0.02992445,0.2943847,-0.4036416,-0.1466438,0.767022,-0.2879108,-0.2382358,-0.2396557,0.06916851,0.3270204,-0.3063331,0.03909001,-0.05187073
0.1951909,-0.8193272,0.006153947,0.3740581,-0.2220461,-0.03235647,0.002218644,0.3653071,-0.3956383,-0.05925268,-0.2950395,0.1397372,-0.2880663,-0.1165036,0.435339,0.01033208,0.05832203,0.07841831,0.116096,-0.03991665,0.1152484,0.02640968,0.0747959,-0.3271343,-0.4136213,-0.4201467,0.1276329,-0.09742327,-0.0295827,-0.4040279
0.03099719,0.1505551,0.0446624,0.3023561,0.008762062,0.3085196,0.1857114,0.6652268,0.1580177,-0.07742836,-0.3997163,0.04235042,0.633153,-0.2695351,0.4963894,-0.01363244,-0.002853625,0.111151,0.4576263,-0.2560288,-0.2077695,-0.1071841,0.6575394,-0.163677,0.3970457,0.08544723,-0.3481257,0.01655213,0.1405194,0.01458337
-0.5061441,-0.2680032,0.6203811,-0.1662282,-0.1581933,0.3647551,-0.9874373,-0.3014792,-0.1012622,-0.468199,0.05432122,0.3648802,-0.07306068,-0.1930796,-0.2381083,0.2645771,0.1497227,0.5535204,-0.1678667,0.3151236,-0.08824511,0.3047978,0.001472498,-0.4644942,-0.1833356,0.1022771,-0.1601877,-0.06250173,0.1128005,0.4214256
-0.4985936,-0.01381835,-0.1466466,0.380371,0.8356575,-0.2760475,0.2509232,0.4669143,-0.4734412,-0.08819288,-0.1040834,0.1158232,-0.1435288,0.3091027,0.1894726,0.1428839,-0.2357339,-0.05012452,0.1742481,-0.256091,0.1488,-0.02890331,-0.2773389,-0.2685196,0.4147407,-0.05453509,-0.3698119,0.1935656,0.09384209,0.3473184
0.1974627,-0.03475411,-0.2321178,0.4415396,-0.2019833,-0.1794589,0.1056296,0.1702311,0.2041738,-0.2805185,0.295954,0.02379625,0.0007061845,-0.4095185,0.12375,0.0243708,-0.0811886,0.300263,0.4301671,-0.2097569,-0.005736114,-0.4547218,0.006435543,0.1441945,0.2541728,0.2470604,0.3737309,-0.07945341,0.3192416,-0.1048371
0.8698497,0.543519,0.428148,-0.1612659,0.2940798,0.4373927,0.475525,0.09059399,-0.1802846,-0.006054095,0.2856032,-0.3769661,-0.1222942,-0.06736392,0.1741311,-0.0546113,1.035583,0.3507595,-0.1751666,0.3002175,-0.4951431,0.2731123,-0.2627572,-0.2547675,-0.07690879,-0.101924,0.008987224,-0.2205786,-0.2340997,0.1115932
;
0.007820975,-0.280092,-0.313983,-0.1908095,0.3336197,0.2329482,-0.07146484,-0.4173319,-0.1115397,-0.4164984,0.739461,0.06147311,-0.4635832,-0.1476619,-0.3808929,-0.02153127,-0.05811617,-0.2994721,-0.4028083,0.4595462,0.2206823,0.02329129,-0.2057707,-0.1300936,-0.01488751,0.07651454,-0.5705273,-0.1835636,0.5702162,0.02492255
-0.2647059,0.2878919,0.2697397,0.1870648,-0.1015716,0.07287651,-0.04307717,-0.1903014,0.1885686,0.01622683,0.4655688,0.4702348,0.4794602,-0.2529937,-0.4751261,-0.2848271,0.1333524,0.2313345,0.0647737,-0.2905108,-0.1555611,0.004860082,-0.2066415,-0.4844575,0.3416117,-0.4174304,0.1630399,-0.0005668843,-0.1001423,-0.1689602
0.207659,0.2910848,0.2883151,0.2073593,-0.4529673,-0.4439439,-0.003626499,-0.4172291,-0.02370664,-0.1232918,-0.2156816,0.4082962,0.07258539,-0.201199,0.4611951,0.001726449,0.4958698,1.197495,-0.1413781,0.4402485,-0.1157632,0.0862521,0.04083616,0.2288395,0.24942,0.007561147,0.9744702,-0.1868024,-0.06081487,-0.2704833
;
0.2195858
0.1965461
0.002950966
-0.1933396
0.336295
-0.2073273
-1.169375
-0.3406651
0.3084792
0.1279495
-1.105472
0.4496717
0.2645023
0.3018459
0.122169
-0.1050774
0.02743785
0.3773866
0.04617663
0.4045265
0.07987159
-0.3953562
0.3083625
0.007657693
-0.1602991
0.537122
-0.1937437
-0.1402703
-0.456164
-0.3233608
;
0.02969688,-0.02629107,-0.2932999,0.2685277,0.6055253,0.4397303,0.09446055,0.003379896,-0.2021248,-0.4294099,-0.3222733,-0.2154403,0.3438663,0.3319733,-0.02205533,-0.1321272,-0.2999707,0.3958954,-0.01024582,-0.1031463,0.3997972,0.2237894,0.8852013,-0.2276253,-0.09453863,-0.2359345,0.3399748,0.1041237,0.6867627,-0.3066952
-0.2900257,-0.4162655,-0.3287315,1.613188,-0.4138402,-0.1066146,0.4676487,0.3512931,-0.2704054,0.06368619,0.3003796,-0.5974535,-0.0715577,-0.4868113,-0.2865839,0.006629772,0.3709682,-0.7460786,0.1211425,0.0009339276,-0.04518568,0.40501,-0.3380473,0.0602282,0.2532396,0.2081103,0.2978258,-0.004633486,-0.0349651,0.2494266
-0.3887718,0.09727353,-0.3324354,-0.4989233,0.4704472,-0.4634243,-0.4930153,-0.1438812,-0.1094337,-0.445513,0.7844954,-0.0396839,-0.08377367,-0.3421915,0.4339714,0.05435798,-0.1942386,-0.4150534,-0.2414773,-0.1124219,-0.4901592,-0.472752,-0.363305,0.413318,0.1135662,0.008675992,-0.4172586,-0.2378259,-0.2928255,-0.2771997
-0.1394381,0.7526063,-0.1018136,-0.01999694,-0.2174711,0.1088753,0.1201343,0.1062347,-0.0499472,-0.06480278,-0.4621423,0.1658144,0.1222951,-0.1546288,0.0817619,0.1160644,0.4227463,0.1403586,0.1957094,-0.04135992,0.01673571,0.4861478,-0.3370104,0.2750642,0.2378221,0.535948,0.3829659,-0.2762828,0.7366295,-0.05068856
-0.1367355,-1.158592,0.09230095,-0.3023084,0.169158,-0.5053509,0.4539282,-0.05739683,-0.2839415,0.3659899,-0.1639773,-0.2526242,0.00347264,-0.05288041,-0.05015951,0.0722989,0.3567849,0.3454763,-0.2103644,-0.4199274,-0.03477513,0.1624687,0.0006899238,-0.4492752,0.05591971,0.08833662,0.3294087,0.1639309,-1.069445,-0.3690211
0.01044078,0.4191382,-0.1166251,0.2157866,0.01818365,-0.1705217,-0.3426306,-0.4011973,-0.0103037,0.1969324,0.4885603,-0.1602096,-0.02868916,-0.07690712,-0.05565062,-0.1792159,0.02593869,-0.03158194,0.9756361,0.418389,-0.4669427,0.2241508,0.3207158,-0.0134379,-0.3451278,-0.494224,-0.3254317,-0.1713256,0.1517389,-0.2271191
-0.177152,0.08110744,-0.1809398,0.3073677,0.3387047,0.1267409,0.4356976,-0.02813679,0.1864443,0.03602439,0.1368176,0.4712764,-0.2259417,0.2564486,-0.2897682,-0.2186942,0.2332079,-0.04720122,-0.4361358,-0.09129435,-0.04051262,0.4240505,-0.002633035,0.09436804,-0.2125594,0.3735996,-0.1996201,0.07147514,0.0947054,-0.007071573
0.3287455,-0.5068966,-0.7114924,-0.001233875,-0.1402462,0.3503326,0.135314,-0.5569016,-0.4343193,0.05350345,0.4159313,0.1567474,-0.2719487,0.2632422,0.2720023,-0.01305527,-0.3723314,0.050906,0.9111461,0.03277119,-0.04343356,0.2315722,-0.2354352,0.1399379,0.1402378,0.425604,0.4246415,-0.5385624,0.05235866,-0.2835094
-0.2049518,-0.2768385,-0.1857762,-0.0259096,0.4273102,-0.07952267,-0.0487718,0.1457748,0.04589327,0.2941577,0.2007724,0.1683608,0.3167837,0.2203015,-0.1100516,-0.2151291,-0.3989292,-0.03078698,-0.05916635,-0.2223284,-0.6211086,0.02672452,0.418187,0.1837172,0.4462611,-0.5338424,0.0607972,0.2681289,-0.3715996,-0.04918283
0.0792312,0.5163623,0.1995872,-0.2602358,0.156061,-0.4970447,0.0008388863,0.3339316,0.24791,0.7345672,-0.03828267,0.01328808,0.2875366,-0.1764026,-0.3195307,0.3327332,-0.03380767,0.1499276,0.09447211,-0.2747908,-0.2582531,0.3235196,-0.01836552,-0.09759209,-1.153741,0.4094858,-0.9661201,-0.2803189,0.3839617,-0.03114945
0.4702814,-0.4287761,-0.4857897,0.2889074,0.5924954,0.06699145,-0.06710035,-0.03437096,0.161841,0.006638439,0.2652621,-0.03141612,0.209119,0.0995937,-0.02597315,0.2482375,0.394118,0.106287,0.006414056,-0.02437327,-0.3392668,0.4863262,-0.1313217,-0.4690826,-0.3681179,0.006850183,-0.2027107,0.2328592,0.09231555,0.1323699
-0.1813985,-0.0685479,-0.003644526,-0.3610177,-0.0734903,-0.07631153,0.09628999,0.01869281,-0.3058107,0.8302666,0.08355111,0.08524984,-0.006929189,-0.7289431,0.00279352,0.4459194,-0.07251208,-0.5390995,-0.1502139,-0.2785691,-0.3934709,0.09848241,-0.1538753,-0.04278702,0.3631986,-0.4418583,-0.471864,-0.4642312,0.1129089,0.001658908
-0.01868037,0.0143115,-0.5022562,0.2921287,-0.308051,-0.4201734,-0.303773,0.1651692,-0.07251026,0.259393,0.3305509,-0.2958323,0.7047953,-0.5531714,-0.5423644,-0.4060669,0.1549554,0.02069355,0.001779457,0.1629522,0.2289653,-0.0007206935,-0.2911925,-0.1950306,0.385636,0.3056165,-0.1642384,0.2991499,1.138649,-0.3137575
-0.4464163,-0.2186206,-0.5811029,0.3762475,-0.3668355,0.378765,0.4230747,0.4095875,-0.1129895,-0.4099069,-0.301373,0.1146327,0.0272379,0.2123419,-0.2111469,0.1093706,0.03265838,0.7252126,-0.4635414,-0.4141864,0.06038978,0.07698762,-0.2413123,-0.4008539,0.4792852,-0.01230559,-0.5622832,0.08138058,0.04958924,-0.2499283
0.4760089,-0.2584007,-0.500394,0.08329491,0.05776935,-0.2465206,-0.4570009,-0.1612894,0.05159258,-0.4466861,-0.4074748,0.282492,0.3374643,-0.004714199,-0.2270635,0.006706769,-0.001092444,-0.447961,-0.1814048,-0.2045755,-0.01483557,0.9417179,0.1782153,-0.2039908,0.1613059,0.1320463,-0.4420108,0.2590183,0.1159633,-0.4213492
0.4175187,0.717271,0.2018195,0.002044719,0.07430513,-0.5720887,-0.08407244,-0.03801948,-0.4726956,0.5543834,0.01104429,0.1269063,0.1548425,-0.2822915,-0.2721677,0.04492889,0.1037928,0.4430203,-0.445096,-0.4734142,-0.2821094,0.1046958,0.1199064,0.3216755,-0.1953501,0.3591065,-0.4166317,0.1684671,-0.4620272,0.2684397
-0.2071055,0.4321336,0.0722962,0.1142444,0.06488673,0.3839396,0.09161359,-0.3135114,0.1831356,-0.3803399,0.05121964,-0.1521809,0.3090791,0.02096339,-0.2310392,0.01305014,0.407113,0.5549081,-0.1954016,-0.3112028,-0.1089404,0.1754335,0.1674263,0.5351881,-0.492975,-0.4897331,0.0001115552,-1.32069,-0.4295435,-0.1869328
-0.03887,-0.2666596,0.4554827,0.1459037,0.05796951,-0.08609372,-0.1131374,0.03800315,-0.06209725,0.001996605,-0.3061831,-0.4697777,-0.004476328,0.426955,-0.4289219,-0.4633591,-0.00947764,0.3875357,-0.050973,0.542426,-0.2967288,0.2889864,-0.1594151,-0.108787,0.007432131,0.8297432,-0.2933451,0.0138182,-0.1233279,0.4404514
0.2917103,0.2397136,-0.3364102,-0.2744106,-0.09604019,0.03950697,0.002097324,0.2631842,-0.01159329,-0.1508974,-0.2370552,-0.3686,0.4496479,0.4066437,0.1373248,-0.2467745,0.4360944,-0.3620634,0.02020131,-0.1360331,-0.1233659,0.3264643,0.217342,-0.04089994,0.05486973,-2.946898E-05,-0.08769397,-0.2180052,0.003948227,-0.3846567
0.002540124,-0.09495753,-0.3998833,-0.3434211,-0.2800111,-0.207444,0.1807302,-0.3546221,-0.4091207,-0.6075211,-0.2997123,-0.07026738,-0.3443876,0.2022633,-0.1497933,0.08806747,0.3068657,-0.3485954,-0.2011617,-0.001949289,-0.004275978,-0.2377965,0.004996542,0.2581424,-0.08417863,0.1783942,0.5894598,-0.07445083,-0.404906,0.3283617
-0.195901,0.06678098,-0.7625545,0.1437397,0.04455552,0.09183677,-0.2501771,-0.4223547,0.2293091,-0.481563,0.3086043,0.1614308,-0.02472769,0.05784827,0.3399979,0.01283723,-0.3427006,0.08587848,-0.3461806,-0.2816497,0.1194188,-0.05166352,0.2544208,-0.1767878,-0.195021,-0.07319331,-0.2584192,-0.2054024,-0.4018998,-0.3872577
0.2393972,0.4983979,0.1583739,-0.2535689,-0.6217185,-0.2307955,-0.3638431,-0.2622526,0.4424349,0.1990889,-0.2987267,-0.03531533,-0.009123266,-0.4948962,0.272504,0.4666791,-0.2763591,0.132875,-0.04758359,-0.3857164,-0.3335446,-0.02476672,0.04042059,0.8168932,-0.01090204,-0.006223381,0.1785526,0.146502,-0.04229928,-0.01831287
0.4069676,0.1490504,0.02976245,0.3669116,-0.2118973,0.8771756,-0.1304214,0.3236238,-0.4668932,-0.2237456,-0.3497796,0.2098973,0.3108517,-0.476661,-0.08628434,-0.05144746,0.01097566,0.4814363,-0.4528604,0.05353385,0.05211681,-0.3781675,0.362015,-0.3336259,-0.3939371,0.5201448,-0.4706405,-0.4481107,-0.3149675,0.1021597
-0.0008252008,-0.06750841,-0.2915924,-0.3479537,0.1675743,0.3811039,-0.3865397,0.542639,-0.6854607,-0.1391446,0.4655303,0.06007916,-0.4154052,-0.1278221,-0.4244891,-0.466831,0.1714576,-0.458905,-0.3827565,-0.1412164,-0.4351128,1.094279,-0.1639116,1.102513,-0.01275742,-0.4408553,0.5656909,0.2939626,0.0898971,-0.1648377
0.0751229,-0.1876937,0.3721864,-0.2023997,-0.106153,0.3567822,-0.5457057,-0.3264805,0.1941631,-0.3780674,-0.2355434,-3.069907E-05,0.1253885,-0.7701708,0.3104951,0.2966693,-0.5410458,0.1344185,-0.9042107,0.1439364,0.4914631,-0.02124304,-0.4323744,0.4934827,-0.2100125,0.1875771,-0.2293174,0.144228,0.5900856,0.1619926
-0.1899278,0.1621306,1.17004,0.8201392,0.01030104,0.2970176,0.4400826,-0.2265134,-0.02271388,-0.1556874,-0.2927316,0.2419952,-0.6476957,0.418813,-0.1875154,-0.105223,0.004783721,0.04934865,-0.3330709,0.3723013,0.1715403,0.02406937,0.02469967,-0.1894202,0.4842544,0.08088297,0.07470743,0.2176909,-0.07157797,-0.07794827
0.1950405,-0.09731311,-0.04360753,0.03605985,0.3917023,0.3549389,0.04250831,0.751017,0.2210363,-0.08972335,0.3946342,0.04453775,0.0628634,-0.05992358,0.03345352,0.08615285,-0.08033127,0.2993233,0.06161696,-0.1054276,0.1629273,-0.2835751,-0.3629112,-0.04747923,-0.04585546,-0.1965017,0.3029428,0.3566792,0.3638102,-0.8256808
0.03228006,0.4476582,0.004298185,-0.146273,-0.3282312,-0.09745413,0.2459528,-0.6878863,-0.1192747,0.3455521,-0.46374,0.1508356,0.1614934,-0.2672416,0.3604163,-0.1383936,0.4762025,-0.05871054,0.03791314,0.1861102,-0.0382517,0.3348908,-0.1623218,-0.01131314,-0.2796704,0.007275522,-0.001478727,0.2231249,0.270695,0.05650007
0.4665339,0.3648712,0.4451386,0.07972211,-0.07829374,-0.04537314,0.1164972,0.4512066,-0.3356379,0.1453345,-0.3693002,-0.4005877,-0.182207,-0.04783971,-0.3022327,0.4994807,-0.7007466,0.2148765,-0.4154985,-0.1643822,-0.2791884,-0.2612056,0.1479792,-5.346537E-05,-0.1809575,0.06182619,-0.4496541,0.1306663,0.2579746,-0.4373648
-0.6751463,0.8495347,-0.4642604,0.2993749,0.3166154,0.09702653,-0.1824137,-0.4119922,-0.4410653,-0.1917369,0.3426722,-0.2166967,0.280839,0.3754458,0.2582653,0.440889,0.2854916,-0.009460162,-0.1947894,-0.1625927,0.3424474,-0.2511591,0.2074612,0.16514,-0.2476086,0.1674277,0.1992587,0.3792033,-0.4505657,-0.3253572
;
0.3998433,-0.2707627,0.3862468,-0.4724636,0.007465011,-0.3262304,0.2801626,0.01112767,0.2048731,-0.07459759,-0.03280944,0.1415276,-0.1483798,0.5465176,0.7360271,0.02586693,0.01446702,-0.3802382,-0.03820278,-0.4546052,-0.2179158,0.04589387,-0.3945649,-0.01772274,0.1890941,0.1154466,-0.3391281,-0.2420738,-0.1700003,0.05605465
0.03968602,0.1659927,-0.01704693,0.2383576,0.268456,0.3124713,0.3414583,-0.1375094,0.09124607,-0.2562481,-0.4530941,0.325187,0.01030082,-0.01910345,-0.449772,0.1188692,0.4251837,-0.0009499009,0.4031157,-0.2214856,0.1402724,0.05195355,0.1538495,-0.0617878,-0.2942109,-0.1303046,-0.3811498,-0.7683039,-0.03937209,0.1965568
-0.1200561,-0.267301,-0.274858,-0.1862783,0.02906422,-0.07206823,-0.6591085,-0.1890239,-0.2368997,0.176508,0.5973859,-0.2854383,-0.008160033,0.1187091,0.2474066,0.6037119,0.01508838,0.3039625,-0.03806446,0.4775242,0.0376882,0.2422874,0.1515399,0.1781846,0.2755258,0.02824827,0.1863342,0.4685637,-0.2434259,-0.2301827
;
