-0.2219035
0.05034584
-0.0837141
-0.4855996
0.4723047
-0.1286373
0.4560946
0.2959985
0.3446774
0.1592886
;
-0.2459465,-0.4394888,0.196599,0.01602,-0.08905393,0.1640591,0.4450126,0.4043015,0.2707806,-0.1139221
0.03602463,0.4812562,0.3936437,0.1873714,-0.1298125,0.005655706,-0.1485552,0.1000296,-0.469111,0.1982338
-0.1268085,0.2352943,-0.2173048,0.2304848,-0.4555269,-0.2156785,0.4712518,-0.1004366,-0.04844195,-0.03079051
-0.4027208,-0.07452542,-0.3218135,-0.4655355,-0.4749284,0.3971393,-0.4728361,-0.2505388,0.1095302,-0.3886925
0.193956,-0.4527218,-0.2281139,-0.09516498,-0.2430812,0.2667713,0.2571765,0.2888871,-0.03855437,-0.21841
-0.3512034,0.3307128,-0.3886691,-0.4992964,-0.4297307,-0.4635764,-0.1186314,-0.09694582,0.4270762,-0.2071646
-0.3555597,-0.05615133,-0.135735,0.2510411,-0.3241454,0.1612638,-0.4899031,0.07735091,0.1079332,0.1356184
-0.04997379,0.4408263,-0.1358796,0.09965509,-0.1009666,-0.413113,0.4025259,0.05782801,0.3821243,0.4720976
-0.3236195,-0.01499552,0.6370751,-0.08243078,-0.4769,-0.1435944,0.3246174,-0.3629781,0.365695,0.05184823
0.4018698,-0.2948055,-0.2878146,0.192103,-0.3268806,0.1444895,0.1421853,-0.3913194,-0.1467624,-0.3054359
;
-0.3313011,0.1934365,-0.09568673,0.15433,-0.3161094,0.1769919,-0.362506,0.446926,0.22066,0.09950608
-0.211963,-0.001646459,-0.465212,-0.0008146167,-0.4168934,0.2845838,-0.1213891,-0.2035198,0.4895332,0.09554356
;
-0.1712899
0.4311025
-0.1929516
0.1712874
0.01781771
0.1510542
-0.6103099
0.02409118
0.06818701
0.6487693
;
0.2161852,-0.3877386,0.2934242,0.08545727,-0.216302,-0.2436028,0.5108159,-0.008234228,0.3593072,0.1383474
-0.1081981,0.4172821,-0.08960754,-0.1695419,0.2002688,0.003640907,0.01218649,0.3368842,-0.07597342,0.00288837
0.01513594,-0.09872265,-0.4331544,-0.02386266,0.1627097,0.639544,-3.116034E-07,0.4931829,0.4873083,-0.1901609
-0.3573822,-0.1913995,2.20674E-05,-0.1889242,0.44848,-0.143788,-0.009728492,-0.1871234,0.2484144,-0.06559614
-0.01638199,0.0412663,-0.2880691,-0.08479589,0.1897647,-0.06577045,0.0003264666,0.0373252,-0.1390395,0.3095608
0.01348853,0.04117664,-0.03391725,0.1624206,-0.6294519,0.03333608,-0.4097363,0.04481322,-0.3761157,-0.07065329
0.207198,-0.002861463,-0.004337342,0.4392134,-0.4242363,-0.0732552,0.692605,0.3617313,-0.0593149,-0.08729653
0.1897656,0.2280284,0.1002755,-0.003002489,0.0003425617,0.04780748,-0.08633251,-0.03916143,-0.001391285,-0.4829618
0.03059334,0.02534634,0.1300797,0.4249816,0.291818,-0.5454068,-0.8187017,-0.03335672,0.3938912,-0.4084513
0.0296787,-0.04935331,0.07117663,-0.01882975,-0.8105426,0.05264207,0.1897319,-0.6136603,-0.02048212,0.1731004
;
-0.5981754,0.1251736,0.1080309,-0.001991739,0.2461841,0.1984083,-0.1378838,-0.002635065,-0.2018371,-0.01745529
5.339963E-07,0.03326205,-0.4176068,-0.2675471,-0.2182013,-0.007548447,0.3873645,-0.2462147,0.1960259,-0.3851556
;
-0.003493831
-0.1548348
0.2150361
-0.02785662
0.1208774
0.3215331
0.434837
0.06330627
-0.005454213
-0.3311075
;
0.3332713,-0.44067,0.05427415,-0.1905155,-0.09285594,-0.03443104,-0.03805241,0.1137156,0.03407117,0.1252782
0.01583079,-0.217213,-0.2840276,-0.02156287,0.03094751,-1.014321,-0.05168074,-0.0008169894,0.305779,0.07299088
-0.3614043,-0.1794742,0.3090999,-0.03782801,0.2789139,-0.3146659,0.4729987,-0.2931849,-0.4612508,-0.4011201
-0.2989868,0.008830537,-0.542235,-0.790261,0.0006614682,0.01624859,0.1483702,-0.03951071,-0.009631863,0.2409344
-0.177825,0.1941835,0.4372582,-0.002324081,-0.02650994,-0.1676819,0.003254092,0.1058821,0.1268753,-0.143918
0.3101789,-0.06069181,0.1365308,0.4907173,0.8116452,0.2343177,-0.305647,-0.2694843,0.3010177,0.5417959
-0.07776937,0.05578677,-0.1297002,-0.01734624,1.144138,-0.4128691,0.007397115,-0.1416636,0.6314698,0.3277111
-2.254574,0.07615443,0.02484144,-0.08197552,0.1178827,-0.2195559,-0.2224829,-0.01599999,0.0133304,-0.9591468
0.06021243,0.6752947,0.002190393,-0.008116691,0.01660365,-0.001586939,-0.02909747,-0.1262393,-0.06216449,-0.1427762
-0.3498321,-0.2362662,-0.03618624,0.1763058,-0.2702457,0.3593143,-0.2903102,0.2067669,-0.4664669,0.003316397
;
0.5766302,0.006179823,0.4965142,-0.1688786,0.4363644,0.2654352,-0.5893151,-0.1512085,-0.004305444,-0.06216734
0.1325295,-0.009865862,0.4032486,0.3398695,0.2297105,0.4355668,-0.009391801,0.04108888,0.09328884,-0.4990453
0.4451998,0.1604432,0.08695556,-0.0598216,-0.2961785,-0.01458945,-0.3648808,-0.3357546,-0.3413125,1.976741
;
-0.06222028
-0.01390988
-0.03627299
-0.08252567
-0.01928845
-0.003565119
-0.1052579
0.1856015
-0.5724159
-0.01141219
-0.2229295
-0.01838113
-0.4572565
-0.1025196
0.1861918
-0.009551139
0.02465573
0.2866117
-0.008789771
-0.08917739
0.2924876
0.2603494
0.3548776
0.1106166
0.4382007
0.3372146
-0.1393412
-0.004613766
0.4072064
-1.12572
;
0.3399448,-0.2556545,0.4582834,-0.08617526,-0.02673033,-0.1797453,0.0225334,0.3019227,0.1748033,-0.09832627,0.08321284,-0.1992776,0.2623382,0.04707883,-0.5801913,0.3563976,0.3902856,-0.2662802,0.2513297,0.3594966,0.07439232,-0.007431522,-1.019151,0.00419986,-1.460483,-0.01098484,-0.05101799,-0.4685634,0.2808353,-0.4153177
0.09490368,-0.2035208,-1.274557,0.2266442,-0.3758196,0.1556762,-0.3056165,0.02862734,-0.1389379,0.06747755,0.02810464,0.2399443,0.1997949,1.536925,0.1478132,0.1479521,0.3488069,0.1344887,0.0163975,0.0827527,-0.1345716,-0.02655886,0.3404557,-0.2411472,0.4607038,-0.09039786,-0.3047669,0.06195268,-0.004879773,-0.03195546
0.3107476,-0.301649,0.5617103,-0.4289771,-0.05497221,0.5667036,0.391434,0.2115348,-0.3622147,-0.2936601,-0.5300869,0.4100169,-5.30727E-05,0.1980895,-0.9776707,0.4415532,0.007688615,-0.1204876,-0.5429983,-0.1744456,-0.00239197,0.415095,0.03180756,0.1616748,0.2210482,-0.6430585,0.3259256,-0.4006435,-0.3409014,-0.001787186
0.01180334,-0.324308,0.3589048,0.4046016,-0.01510719,-0.43071,0.07507157,0.07873744,0.1263755,0.001965677,0.5955931,-0.3061507,0.3157132,-0.01059171,-0.4126189,0.3219572,0.02083679,0.2369125,-0.09734994,0.4002014,0.2467131,-0.1350929,0.4446263,0.2262338,-0.1270451,-0.03247398,0.3068748,0.1764165,-0.05432159,0.4577053
0.692978,-0.5452168,0.01035458,-0.4343331,0.3311712,0.3865622,0.2963418,-0.3397268,-3.841672,-0.3533682,0.3880552,0.03237208,0.0893366,-0.2831574,0.05308907,-0.05749221,-0.04239127,-0.173946,0.3073453,-0.4974855,0.4415016,0.03969492,-0.1536129,-0.270252,0.1972663,-0.2363986,0.00560474,0.06964054,-0.01167184,-0.01667332
0.09010922,-0.2142972,-0.1316369,-0.495216,-0.002020292,0.2772333,0.02091282,0.2988844,0.4032955,0.04391685,0.1887861,0.3186555,-0.09265257,0.02263635,0.4950156,-0.4190284,-0.04242245,0.1045661,0.2535862,0.5340475,0.07162415,-0.06554455,0.1585188,-0.3181426,-6.560799E-05,0.2301444,0.1379095,0.1504479,-0.2651118,-0.03742986
-0.0007983021,0.2554378,-0.02708058,-0.03283327,0.1452941,-0.2261371,0.3345167,-0.2050984,0.4441617,-0.3227803,0.7075945,-0.282577,0.4204813,0.1561811,0.4368335,-0.1280286,-0.2254252,0.5348914,0.2895463,-0.2869426,-0.02274664,-0.2539647,0.1291455,-0.4287609,-0.7734495,-0.02705742,0.1496996,-0.3324593,-0.2272367,0.2879857
0.1701151,-0.004285126,-0.1226651,0.01519236,0.4482928,0.1693573,-0.484066,-0.2940111,-0.0114906,0.1244381,-0.4408251,0.1575627,0.2632495,-0.006573683,-0.9654445,0.8434486,-0.2351149,-0.4466742,-0.7585974,0.009491876,0.0117902,0.1742918,-0.3087187,0.03041869,0.0009665998,-0.001736136,-0.08615047,-0.05625838,-0.1998943,-0.02722628
0.08298539,0.4026675,0.3541302,0.0004582717,-0.001311115,-0.0597834,-0.02193483,0.4406705,-0.3513358,-0.06174033,-0.1009063,0.1653258,-0.4024578,-0.09952318,0.01395192,1.35664,0.07216062,1.138572,-0.2513635,-0.2100261,0.3262297,0.007403954,-0.01056893,0.08283775,0.5242313,-0.05999804,0.4685526,0.005735445,0.5741986,0.2553715
0.04168628,7.535209E-05,-0.2391902,0.6367775,0.01543851,-0.2899964,0.1980405,0.09743196,-0.2610108,-0.02848142,0.460972,0.07355613,-0.2799606,0.7366456,-0.07203928,-0.04466087,0.06702513,-0.1458072,0.003303118,0.3819373,-0.3570683,2.080202E-05,0.1063079,0.2126292,0.04285691,0.2138146,0.001234124,-0.5572588,0.1574794,-0.2628185
0.02041,-0.660198,0.1900935,-0.003537313,0.1262306,-0.1755752,0.004382515,0.2645001,0.01102056,-0.1825863,0.2760448,-0.4100558,-0.198745,0.1190466,-0.1013252,0.006011474,-0.4239014,-0.4536852,0.4190167,0.00208092,0.3864675,0.390605,-0.4458498,0.006916591,-0.02305282,0.02402988,0.1561818,0.1295969,-0.09940299,0.2969965
-0.4991669,0.08892389,0.3793256,0.1674998,0.3273584,-0.002591049,-0.5150675,0.01284634,-0.0821951,-0.06746914,0.3006538,0.1231899,0.008991539,0.3448985,0.412308,0.02690773,0.133785,-0.2260763,0.9956775,0.1591078,0.1958029,-0.2972024,-0.3838205,-0.1175351,0.277043,0.4829865,-0.1870258,-0.1936513,-0.4591638,-0.04934942
0.1660828,0.0256723,0.4142403,0.07424372,-0.1172935,0.3510165,-0.008207667,-0.2057017,0.1667722,-0.590757,0.0002582402,0.0585508,-0.3636404,-3.471177E-05,0.6404749,-0.01734793,-0.0561977,-0.03240394,-0.1021587,-0.3731549,-0.1231685,-0.048631,0.168582,0.1283083,0.04249001,-0.0006748938,0.5522236,0.4312233,-0.2349327,-0.06581596
-0.2994159,0.1447081,0.2637319,0.07091028,-0.1501242,0.1241301,-0.04629041,-0.3427309,-0.4149385,-0.3210007,1.019221,0.01481552,0.007738564,0.6212748,-0.04092606,0.02086918,-0.2187091,0.3792384,0.04125661,0.02972712,-0.02051824,0.009345949,0.788747,0.3914653,-0.1249847,-0.130057,-0.01790975,0.2184718,0.2420532,0.3079201
0.1211668,0.03134814,-0.1685961,-0.06843822,-0.06510307,-0.4586024,0.05326074,0.2775323,-0.04997525,0.211805,-0.1507469,0.4741935,-0.08461732,-0.487888,0.2104252,0.1030155,-0.7179756,-0.003586716,0.8255836,0.4269565,0.002583874,0.5537105,0.02863069,0.008866092,-0.1611418,-0.05281174,-0.04985255,-0.04102814,-0.2664027,0.1377514
-0.06995161,-0.1031179,-0.4894257,0.2829841,0.08474622,-0.4112119,-0.1988056,-0.06422419,-0.04014686,-0.0517841,0.3040311,0.1585469,-0.1072424,0.0001141838,-0.03980654,-0.2559808,-0.02097622,0.03215461,-0.3990255,-0.007124669,-0.3881034,0.009907141,0.2626893,-0.09257585,0.06555352,0.4052882,1.079988E-06,-0.01035297,-0.08400638,0.03912164
0.1633999,0.4541806,-0.7170489,0.2395964,0.06056422,0.04670646,-0.03103558,0.05997171,0.1415569,0.002484869,-0.04847572,0.003536645,0.0002706184,-0.9942369,0.1703953,0.5810136,-0.07916341,-0.1102287,-0.08357862,0.2352584,0.0004714409,0.05743641,-0.3067337,-0.02589267,-0.358126,-0.4967149,0.1468698,0.2742042,-0.514071,0.4578254
0.07922351,4.749002E-07,0.4115502,-0.5112683,-0.5123728,0.08366474,0.008550739,-0.06245738,-0.0205442,0.1937547,-0.3221508,0.5826562,-0.003469741,0.0765501,0.05625409,0.1903304,0.08311148,-0.03291799,-0.3280022,-0.0998253,0.001838487,0.0009257256,-0.08093646,-0.4750675,-0.2263213,3.802634,0.1758347,0.0004308061,-0.02510653,-0.3292617
-0.103256,0.4098419,0.0980664,-0.0480465,-0.302812,-0.2473975,0.8563093,-0.1360304,-0.2729132,-0.8072377,-0.05905176,0.1256088,-0.1649572,-0.01022314,-0.5083392,0.2207018,0.08541751,0.4056542,-0.01879905,-0.8645055,0.1959115,-0.0004346865,0.4947847,-0.09502771,-0.1197202,0.2860543,0.02677885,-0.3534046,-0.4759736,-0.0005359891
-0.2697423,0.1472477,0.9348118,0.2003028,-1.305312,0.02904779,-0.03524872,0.2635051,-0.101032,-0.02203506,0.2392742,-0.4683797,-0.1887334,0.02143611,-0.008724024,-0.8201442,0.4096755,-0.1246788,0.4165598,-0.0002777656,0.1921166,-0.3769125,-0.003789159,0.4384689,0.1180713,0.1023931,0.1727561,0.03613235,-0.05218945,-0.2351733
-0.1345087,0.4848946,-0.0179338,-0.1337429,0.03773702,0.8430075,0.7469057,-0.01654032,0.4143722,-0.1720096,0.0482165,-0.0644265,-0.1142181,-0.4549161,-0.5747812,0.02981239,-0.1417906,-0.3465872,-0.02903107,-0.02469123,0.6975086,-0.4054493,0.3471767,-0.03783974,-0.05142815,0.06852376,0.004490684,-0.4166859,0.3598813,0.4390845
-0.02881351,0.164618,0.1528443,-0.06865256,0.02784612,-0.1174637,-0.9572509,0.002487349,-0.002492964,-0.8761092,-0.004506077,0.4195534,-0.006855618,0.002007404,-0.8981286,0.001133999,0.6598314,0.1621962,0.3051699,-0.03619656,0.009705761,-0.01176253,0.03408557,0.1893658,-0.01007198,0.2658308,-0.3573068,0.3249074,0.3523149,0.4020554
0.03887233,-0.3232392,0.06437561,0.03178634,-0.2317378,-0.1295024,-0.3763778,0.103142,-0.01766144,0.08945996,-0.01205277,0.092345,2.971983,0.02338108,-0.0764569,0.182861,0.2148766,-0.001062095,0.2803642,0.1146922,0.004460094,-0.2725092,-0.3099492,-0.08659918,0.02430684,0.2239787,-0.3599156,0.4829605,-0.0006066459,0.1854052
0.3531559,-0.1380118,0.253589,0.07272047,-0.04078106,-0.002158394,-0.2115224,0.009270571,-0.09442583,-0.01958812,-0.005702161,0.2022508,0.0003460178,-0.159709,-0.1425032,-0.05139142,0.3420386,-0.0001317231,-0.2440439,0.03527651,0.05963762,-0.002046495,0.1889199,-0.02053851,0.4427677,0.4913187,-0.05163326,0.06844776,0.07775087,0.6294405
0.4372282,0.01119713,0.4983478,0.195786,2.713384E-05,0.410044,-0.2619697,-0.0004159156,0.0005813241,0.08828348,0.008480525,0.1996949,0.08543921,-0.1579558,0.02541239,0.3705548,-0.04990311,0.149445,0.4367214,0.1148139,0.2263548,0.1592405,-0.1835816,-0.03656825,0.7865408,0.9024826,-0.2351945,0.241837,-0.02504724,-0.1267133
0.35396,-0.007910356,-0.02199285,-0.153647,-0.002296237,-0.274516,-0.2207773,0.1253301,-0.08138338,0.2586952,-0.3260671,-0.09251902,-0.05732304,-0.4817017,-0.001566858,-0.04098791,0.126555,0.2666265,0.007670976,0.1062012,0.3434262,0.02632222,-0.07046477,0.06105191,-0.08637315,0.4540761,-0.5985965,0.00302216,-0.002195851,-0.1135206
-0.1110763,0.05173498,0.1150362,0.01209003,-0.2300346,-0.2759478,-0.5253553,0.001120101,-0.2559021,-0.4049851,0.3410231,0.6148723,0.2118139,-0.03651889,0.4626495,-0.117451,-0.2398085,0.2111048,0.2933189,-0.4052482,-0.0114619,0.04244374,0.1203558,-0.3767942,-0.08029789,0.3557264,-0.1153279,-0.04857773,-0.2516334,-0.01110591
0.2614856,0.3228757,1.623684,0.04194683,-0.2754855,-0.3488825,-0.4795521,0.3350446,-0.5614895,-0.0187989,-0.08056716,-0.1028725,-0.31697,-0.4709461,-0.01034667,0.0009944959,0.5598277,-0.6006287,0.3687607,0.01182894,-0.05547947,-0.370212,-0.4357187,-1.451975,0.1302838,0.07971832,-0.2644749,-0.08807016,-0.03202506,-0.003362973
-0.01953965,-0.2179011,-0.1550784,-0.4486753,0.1899967,0.07606439,-0.1138219,0.0785469,-0.4091969,-0.01748586,0.009990398,0.3543559,0.000240624,0.09146676,0.174803,-0.3854498,-0.4549111,-0.1669653,-0.002601867,0.005329728,0.1811344,-0.3616674,0.269941,0.03146935,-0.2942067,0.00112147,-0.05312075,0.3634028,0.0150764,-0.004109784
-0.2318734,-0.228249,-0.008285103,0.2247587,0.3744603,-0.004209941,-0.6512426,0.08445784,-0.4291131,0.06340946,-0.01939543,0.3117343,0.0007799268,0.03189987,0.3334769,0.01356594,-0.3541625,0.1676223,-0.009250778,0.0340696,0.4606864,-0.1797968,-0.2361966,-0.9619467,-0.02354737,-0.009233185,0.2514082,0.01150085,0.5963563,-0.3173981
;
-0.5920615,0.03957432,0.2600626,0.3173356,-0.02628902,0.02590056,-2.288482,-0.003122151,-0.4627186,0.2135446,-0.02013029,-0.02830283,0.004727993,-0.3220414,0.6608129,0.1772712,-0.03174561,0.1085214,-0.01882031,-0.01259908,-0.110828,0.1849093,0.4739347,0.0001149058,0.09427482,-0.05301628,0.04396123,0.3720131,0.2048487,-0.2712896
-0.06655142,0.03076793,0.4232956,0.1345193,0.06619638,0.1996897,-0.2082558,0.4076098,1.022127,-0.1492703,0.03185946,0.0446602,-7.439239E-05,0.9272707,0.03154924,0.2642351,0.3105109,0.1860587,-0.105933,-0.1093178,-0.07083364,-0.1441612,-0.1473409,-0.0001397553,-0.440058,-0.00447287,-0.0255312,-0.2396424,-0.2131977,0.4381342
-0.008231731,0.4265997,0.47864,-0.3966876,-0.1292707,0.0524237,0.1031518,-0.1842116,-0.1448865,0.2949039,0.2697196,-0.001387739,-0.0764643,-0.2061643,-0.0077914,0.4499536,0.007452212,0.05368561,-0.4718616,0.1601324,0.002983217,0.009503941,-0.4419116,-0.02236675,-0.1916642,-0.08128053,-0.412401,-0.453216,0.04523331,0.06291953
;
0.1730922
0.315846
0.07207204
-0.03273672
-4.810954E-06
-0.4531001
-0.3146317
0.5147642
0.02841585
-0.05297994
0.2372869
0.02786136
3.875527
-0.006362365
0.4083309
0.08594621
-0.4585606
-0.3971685
0.3197659
0.3342278
-0.2917708
-0.1268632
-0.2152557
-0.00216112
0.02173465
0.432799
-0.3872561
-0.09423365
0.3506279
0.5464424
;
-0.07663182,-0.05142084,-0.09146437,-0.0008943523,-0.3819139,-0.3709852,-0.01809477,-0.357344,0.1110802,0.09838611,0.2251854,0.008828222,0.0001941901,0.09160208,0.4621814,-0.0006630839,0.002763624,-0.0787512,0.06811601,-0.08209997,0.1511294,-0.2322252,0.2063064,-0.2115537,0.09544817,-0.03619325,0.2597421,-0.2238362,-0.04575468,0.1882427
-0.2929733,-0.1263357,-0.2718284,-0.3233047,0.2986382,0.3758484,-0.3169422,-0.02193194,-0.1194191,0.4814816,-0.166477,-0.3081259,1.089092,-0.01434512,0.1441355,-0.2765995,-0.03935546,-0.06273513,0.1221415,-2.267281,0.0001358194,-0.7716972,0.06978626,-0.09046262,0.2306614,0.3696567,-0.04201151,0.1318655,-0.4074212,0.06419586
0.007439545,-0.9964628,0.2148654,-0.495948,-0.03300372,0.0003359583,0.444012,-0.2269745,-0.372024,0.02501232,-0.0002776659,0.1135265,-0.2559346,-0.4468735,-0.6973888,-0.354758,0.2162211,0.002447733,-0.3187685,0.1576208,-0.2745548,0.3850549,-0.04748732,0.06321563,0.09852289,-0.1484284,0.4949594,-0.6758103,-0.02122393,0.4744302
0.3449446,0.02487023,0.350183,-0.4703418,-0.09483906,0.002371725,1.347755,2.579547,-0.4690113,-0.04388313,-0.01732936,-0.218829,-0.01167195,0.1161005,-0.1942992,-0.01425661,0.08168711,-0.01253609,-0.2650231,-0.3558205,0.5431387,0.1129032,0.3016187,-0.1882102,0.1370976,-0.2474734,0.218501,-0.09702088,0.01973789,0.143537
-0.1741529,-0.3332312,-0.5074255,0.0003705523,-0.4948398,0.001241184,-0.2350878,-0.4083945,-0.007894337,0.05786213,-0.3549696,-0.1108355,0.02412228,0.2739686,-0.3308201,-0.0006303011,0.03228742,-0.01606843,-0.4722416,-0.1102301,-0.3545733,0.483066,-0.2164903,0.05956873,-0.05870211,0.496316,0.3049135,-0.4101082,0.1806456,0.3986677
0.1982399,0.03548127,-0.06897274,-0.1022061,0.6071695,0.1478109,-0.2416707,-0.1398147,0.2648056,0.272076,-0.5876008,-0.009715679,0.4446257,0.0008297355,-0.4310108,-0.158089,-0.01349181,0.1646151,-0.30462,0.08427611,-0.2764106,0.09139307,-0.04199334,0.03134205,0.09237543,-0.08292247,0.07978219,-0.4632871,-0.08855477,-0.4803764
0.08669525,0.137614,0.7248018,-0.169835,-0.03021547,-0.07303208,0.1343555,-0.01067902,0.3760684,-0.03447157,-0.006124897,1.304755,-0.7198483,-0.2154613,0.0001067175,0.3056328,0.2325296,0.005289048,-0.2615232,0.09077355,-0.1324812,-0.1305224,0.01927047,0.05026269,0.0886336,-1.099475,0.2865887,-0.01103369,0.3660423,0.1215687
0.06727642,0.4260727,0.5190622,-0.7119589,-0.6241401,-0.7824159,0.2684851,0.02647478,0.1431039,0.1018991,-0.5836738,0.3587434,-0.2886115,0.1297496,-0.1447104,0.1276732,0.003519081,-0.2502897,-0.09993743,-0.3655131,0.1559342,0.2445446,0.2208674,0.01508431,-0.09700098,0.09671572,-0.01294884,-0.159256,-0.0008667326,-0.2283634
-0.5127305,-0.5872383,0.6698859,0.2649329,0.2399971,-0.7658475,0.4500424,-0.2922891,0.4140568,-0.02016003,0.1434966,-0.1056541,0.1374019,0.08775228,0.2048062,0.1145709,-0.234899,-0.1128771,0.1772336,0.1517775,-0.02172195,0.01828844,-0.1544818,0.02554423,-0.4967557,0.08973262,-0.4808578,0.337666,-0.01367891,-0.1313041
-0.09596445,0.3774906,0.1494981,-0.1010821,0.6458814,1.029567,0.09934326,-0.126038,0.01663604,0.3887133,-0.501013,-0.03961009,-0.1645645,-0.1305115,-0.3432552,0.3642374,-0.8945042,-0.0194628,0.1314491,0.06375615,0.3203424,-0.2254023,-0.1167147,-0.3208176,-0.03163994,-0.2222354,0.6502369,-0.1110987,0.2601969,-0.08021456
-0.0003353811,0.07678948,-0.2172478,-0.3760713,0.002433089,0.00202666,0.5050533,0.4579374,-0.478285,-0.03101168,1.445337,0.2084033,0.3681285,0.2888781,0.5893698,-0.4916928,0.08746594,-0.2458127,0.1012716,-0.01304977,-0.2047509,-0.1224712,0.3000358,-0.09257004,-0.1463187,0.2619188,-0.06957427,-0.3690715,-0.06423157,0.3665497
-0.0216182,0.002361762,-0.3709094,0.1852403,0.1034367,-0.2813705,-0.8334389,0.2052427,0.6257123,0.02060006,-0.08573133,0.02847725,0.11717,0.008438082,0.03921598,-0.04553133,-0.2476051,-0.02174288,-0.0008339829,0.3651152,-0.07489392,-0.005747616,-0.1725168,0.08493243,-0.09631044,0.005150646,-0.1574861,-1.773787E-07,0.2137151,0.0007137351
-0.1090778,-0.01339157,0.4185289,-0.9532753,-0.2527799,0.1226488,-0.2120538,0.6790158,-1.343005,0.08758907,0.005743284,-0.2907729,-0.1819613,-0.001275109,-0.5360654,-0.2651969,0.04506451,-0.4539204,0.1237671,0.01921438,-0.1894644,0.04668098,0.04205983,0.007022982,0.01132371,-0.004978903,0.4485028,0.5336136,-0.25647,-0.0508746
-0.375723,-0.6377907,-0.001511506,-0.135697,-0.4587922,-0.02865558,-0.3246654,-0.4341557,0.007707899,-0.09224596,0.1898967,0.2268485,0.1307968,0.4120824,9.297424E-05,-0.02502225,0.1173258,-0.2258422,0.1905851,-0.4816813,0.1997847,0.8960713,-0.001596684,0.2715331,0.1331801,0.1135709,-0.2908174,0.0682326,-0.3613736,0.0577529
0.2448016,0.3599557,-2.345676,-0.02464095,0.2323665,-0.4286235,0.08805656,0.02131751,0.4414543,0.0138363,0.2479063,0.00519088,0.03009316,-0.06513865,0.3013622,-0.3173947,0.4326661,1.019169,0.3696216,-0.001696169,-0.0001895679,0.08569235,-0.001775095,-0.09557364,-0.2911643,-0.427132,-0.204926,0.1349477,-0.04140502,0.01205736
0.1437168,0.2734325,0.3509948,0.000102752,-0.9551668,0.008518962,0.003830956,0.02921843,0.01238548,-0.06876569,-0.04152064,-0.664797,1.586301,-0.4149179,-0.1903023,0.00416345,-0.03936582,0.01671618,0.405046,-0.1865662,-0.2028228,-0.4925915,0.3218499,0.05109808,-0.599153,-1.673177,0.01367313,0.3282206,0.2349101,-0.2667994
0.6036525,0.055221,0.01415983,-0.03340986,0.2787545,0.2800368,-0.07310671,0.4297248,0.6496966,-0.1091335,-0.0002623407,0.4418833,-0.0003799266,0.3352686,0.3646519,-0.2814495,-0.3693681,0.5299355,-0.3329822,-0.3076147,-0.3123329,-0.08196704,0.005772533,0.1498456,0.0003090551,0.3337874,0.1354748,0.5350395,-0.2318198,-0.4084123
-0.1539141,-0.0665407,0.2283343,-0.04957481,0.3145998,0.05476734,-0.06162076,0.01114649,0.1014889,-0.2237263,0.273702,-0.4520147,0.4976977,-0.4982818,0.3558379,-0.3166313,0.2612715,0.02183763,0.002012789,-0.1107576,-0.007104984,-0.0242663,0.003096844,0.0007717719,-0.08148508,0.4851933,0.3683056,0.09805408,0.7412476,0.009164457
0.2269958,-0.005346512,-0.4070618,-0.3164048,0.009409328,0.2854732,0.2898121,0.002495196,-0.2593893,0.03385612,0.7014969,0.1077421,-0.3097438,-0.2318969,-0.04320115,0.1233056,-0.01438874,-0.33474,-0.4560973,0.1476331,0.3769298,0.204795,0.3695325,-0.03447368,0.0299396,0.1384188,0.03263583,0.1096547,-0.03815939,0.03953992
-0.04658831,-0.05178418,0.2629601,0.004723738,0.001259767,0.03942281,-1.989927E-05,-0.08018094,0.1105017,-0.1271637,0.009398133,-0.1528746,0.3863698,0.3880829,-0.3203044,0.1056061,-0.4237772,0.03364331,-0.1991546,-0.2798208,0.04352349,0.1981823,1.292639,-0.0253709,-0.1221028,-0.02026458,-0.0628441,0.001243746,-0.182959,-0.08802003
0.559625,0.04187916,-0.3258137,-0.01311141,-0.04712957,0.3200057,-0.2180439,0.1251117,0.08950964,1.152565,0.1159153,0.4207186,0.05486156,-0.02450585,0.1731762,0.007790148,-0.129558,0.1171464,-0.05485791,0.2282341,-0.1664279,0.1756285,0.4101448,-0.08406311,0.2648978,-0.1297214,0.00016011,-0.03616412,0.009406769,-0.0287291
0.05250932,0.1495009,0.01689572,-0.6748831,-0.002398742,-0.04354174,0.02204448,-0.2402164,-0.02236805,-0.1225215,0.02649109,0.1437364,-0.03937115,-0.2564144,0.1434138,0.2933065,0.08717912,0.3990452,-0.3781621,0.1127765,-0.5199541,-0.02041089,0.1966195,0.005739514,-0.05878264,-0.1536906,-0.008652988,0.4514818,0.008454594,-0.01120387
-0.001773575,0.3207941,0.01010409,-0.1671914,-0.1108809,0.3046538,-0.0334256,0.4849325,-0.4036798,-0.74618,0.003195236,-0.01112954,-0.3881003,0.3977536,-0.2159626,0.1936249,0.1584279,0.01930209,0.06664568,0.4984738,0.05589501,-0.1596313,-0.01098852,-0.09064069,0.3729161,-0.2337293,0.002818111,-0.3817264,-0.008259462,0.07074625
-0.1979577,0.3216249,0.09441473,0.4348151,0.1140679,0.2715557,-0.4718522,-0.1404623,0.05298108,0.01452294,-0.01367741,0.09705733,-0.005432543,0.4535488,-0.09016521,-0.09519048,0.1955255,0.07083172,-0.4148366,-0.2672789,-0.08164807,-0.0427658,0.06518304,0.2019078,0.1683375,0.1735576,-0.01256927,-0.08035291,-0.01821548,0.3475875
-0.2721566,-0.06553634,-0.4777638,-0.1136352,0.1759354,0.4255309,0.502017,-0.08140779,-0.1105221,0.03819865,0.01299542,0.247793,0.2209665,-0.2077919,0.2448055,-0.4791562,0.4549994,-0.3891203,0.02429304,-0.1474412,-0.04010435,0.2071437,-0.002637798,0.1450465,0.1172847,-0.1309425,0.7225188,-0.08818006,-0.1074718,0.6364439
-0.02947979,0.01068952,-0.8689857,-0.1434449,-0.06109923,0.3033326,0.09758113,-0.03741475,0.1082317,-0.003278987,-0.09830825,-0.0487024,0.4761463,-2.72854,-0.1003406,0.893141,0.3785654,-0.1117951,0.3936841,-0.1201511,0.2658637,0.02680583,-0.4995593,-0.01999468,0.1981521,0.01016156,-0.01722645,-2.204859,0.2247584,0.1059793
-5.488878,-0.1075297,1.047431,-0.003736175,-0.4250436,-0.005353002,-0.1529156,-0.1197326,-0.05829865,-0.2315992,-0.04114934,-0.2194599,0.01193059,-0.0426628,-0.002514724,-0.4924613,0.01787321,-0.1844568,-0.01463784,0.01024283,0.02448467,0.5343889,0.4225118,0.2022544,0.1425335,0.0474444,0.003846453,0.12573,-0.02982226,-0.5229665
-0.4981395,-0.07415157,0.561702,0.03104535,-0.4428786,0.2296622,0.09102684,-0.1348213,0.2177362,-0.09610483,0.4172002,-0.251543,0.3239042,-0.2708025,-0.02262198,0.0185923,0.05224605,0.07102708,0.5084296,0.0450075,-0.04697937,0.3859435,-0.1772113,-0.1274856,0.1022015,0.07722265,-0.1258478,-0.3473908,-0.07602423,0.3811789
0.2141928,0.4000223,0.1094395,0.3113288,0.1403506,0.05928892,0.02247797,-0.2456562,-0.01659163,0.09186614,-0.476095,-0.003077626,-0.8437469,-0.009808849,-0.7160038,0.2562184,0.139634,-0.2248953,-0.3825325,-0.4636748,0.1343173,0.1567322,0.4113156,-0.06008488,-0.3755378,0.02597133,0.3386304,0.4805232,-0.6506945,-0.2959282
-0.01787527,-0.05907847,-0.02048217,0.03478668,-0.2987577,0.4864016,0.1094458,0.004052476,0.1181391,-0.01335496,0.798129,0.05672697,0.1660424,-0.5339734,-0.2415855,0.3277872,-0.5125386,0.8157974,0.06329187,0.5907618,0.2858279,0.1301525,-0.2062856,0.1461029,0.09891394,-0.4784073,0.02726599,-0.4441276,-0.03101085,0.3437263
;
-0.003900788,-0.327396,0.2209337,-0.2764225,0.04008058,-0.0690977,-0.4787269,0.7939848,0.1407634,0.2175602,-0.05421356,0.0223653,-0.1240088,0.5278678,-0.363739,-0.4041092,0.452004,0.03157676,-0.1725824,-0.01109088,-0.0107915,-0.3086296,-0.1678293,0.692766,-0.07158079,-0.6771269,0.2542252,0.0968267,0.1603905,-0.05062149
-0.813557,-0.1731248,-0.1388034,0.02631641,-0.4870751,0.02771976,0.6044427,-0.02185323,0.1163481,0.2583492,0.1637436,-0.3630557,0.2096884,-0.1048066,0.3049989,-0.004765195,-0.06809238,0.3840865,0.06958395,-0.1253938,0.2090279,-0.001286024,0.01879615,-0.4863617,-0.2787916,-0.07098713,0.1644024,-0.08492832,0.06711838,-0.09828389
0.1844562,0.146934,-0.132929,0.1802168,0.1546103,0.1319299,0.2066119,0.07763623,0.01104466,0.3851985,0.1085427,-0.05630778,0.2040969,-1.726917,1.321012,0.007263118,0.08335918,-0.1617097,0.1960535,0.02894497,0.00113384,-0.4740124,0.02762404,-2.64553,0.146269,-0.171657,0.01096475,0.8170676,-0.2477881,-0.2465817
;
