0.3202998
0.04352072
-0.02360306
-0.2410033
-0.0155955
5.331529E-05
-0.4375196
0.1601136
-0.1420615
-0.01651248
;
0.2459073,-0.05748855,0.08382735,-0.03293321,-0.3991525,0.2605141,-0.1857443,0.2653018,-0.2647209,-0.09948856
-0.4826581,-0.2703899,-0.4752845,0.4899042,-0.1908543,0.1007672,-0.1256388,0.3517862,0.2197009,0.4922986
-0.2407805,0.04556395,1.567643,0.1140582,-0.03401521,0.1618649,-0.08246343,-0.03087649,0.3860468,-0.4243907
0.7124164,0.06909272,0.2978294,0.03117799,-0.1949437,0.328207,-0.6684169,-0.04532755,-4.859498E-05,0.2316508
0.08784705,-0.1032021,0.04449345,-0.01327522,0.02159886,-0.2398854,-0.4016864,-0.3278242,-0.3092357,-0.342278
-0.02814299,0.109824,0.002625167,-0.2425934,-0.1741294,0.1291655,0.2447543,-0.2423504,0.0158131,0.4966754
-0.4579121,-0.3124281,-0.2818248,0.1266214,-0.2510325,-0.4892603,0.561174,-0.2393001,0.07947594,0.0002196291
-0.2315629,0.07411858,0.01367575,0.3182409,0.1165596,0.009599575,-0.6707016,0.2660539,0.7078949,0.1781339
-0.04801493,0.3000289,-0.4308854,0.03608097,0.1477785,-0.1253384,-0.1375001,0.07141937,-0.4635915,0.1122487
-0.1321576,0.04639527,0.191395,-0.2871822,-0.4178598,0.07869095,0.1530913,0.1377597,0.161614,0.01023442
;
-0.07100573,0.06778139,0.03359765,0.1212388,-0.4827502,0.2203836,-0.005921853,0.98508,0.3283113,-0.001893222
1.456939E-08,-0.5248642,-0.06052452,0.3453079,-0.0417669,0.2443993,0.01958235,0.04079677,0.5313167,0.0001058158
;
0.05314574
0.3027531
0.158955
-0.09882513
-0.06880492
0.3856292
-0.2126876
-0.007152868
0.03245486
0.03250743
;
-0.4666282,0.2796898,0.0003261846,0.8885634,-0.2214348,-0.008249648,-0.02359194,0.2745692,-0.09080248,0.5571365
0.3059031,0.1988909,0.3419245,0.09309334,-0.0855057,0.0003430081,0.2707463,0.009396255,0.07519428,-0.0135843
-0.05973174,-0.1826043,0.3312198,0.5856399,0.4997468,0.370928,-0.2628078,-0.3838674,-0.044578,0.1475499
0.1181795,-0.1039782,0.09238969,0.0371291,0.003403372,0.2191784,-0.0483084,-0.4670319,-0.03168579,0.003694747
0.141118,-0.462419,-0.02284646,0.6178824,-0.1571301,-0.1836613,0.4755351,-0.1344127,-0.01274026,-0.4204396
0.06393433,0.4319826,-0.002500745,0.1879102,0.4579218,-0.0322009,-4.644016E-05,0.02522995,0.6340454,0.03062015
0.001975641,0.1056706,-0.2863477,-0.0001706016,-0.3221201,0.1980255,-0.2554312,0.009643018,-0.09080261,-0.09546341
0.4630009,0.01260028,-0.1578373,0.001575946,0.4743848,0.3466585,0.02236273,-0.1801427,0.4560116,-0.2645998
-0.116482,0.1085094,-0.2253257,0.3015319,0.5550898,4.269749E-05,-0.3785604,-0.07408603,-1.514175,-0.3162557
0.09158295,0.328914,0.2984239,0.007490901,-0.4495137,0.08430892,-0.1509259,0.2388436,0.1929338,-0.4591187
;
-0.3085531,-0.4785041,0.05169441,0.05931932,0.2211934,0.1694245,-0.09210192,0.1056921,0.165689,-0.1507134
-0.190362,-0.00659838,0.1354438,0.4079696,0.1870333,-0.1222917,0.01605288,-0.6228567,0.07603019,0.05841909
0.02438375,0.06423117,-0.04130295,-0.003163746,-0.3040199,0.9033563,-0.07124382,-0.1826203,0.0810907,0.06340629
;
