0.1770944
0.4123777
-0.1550719
0.07919844
0.01540753
-0.4071704
0.2219898
-0.2639849
0.04854941
-0.3087321
;
-0.8513871,0.4384421,-0.02811778,-0.3107193,-0.0878889,-0.001246669,0.4412053,-1.199658,-0.03998142,0.0866418
0.1046106,0.1329385,-0.1244236,-0.4890803,0.01668816,-0.006582293,0.3292601,0.0005245341,0.1525512,-0.4151958
0.001395384,0.03830463,-0.444587,-0.02433536,-0.5198544,-0.1440346,0.2100147,-0.0006559758,0.02315311,0.6181582
-0.001159814,-2.566991E-05,0.3332224,0.244142,-3.28367E-06,-0.04198985,0.4402597,2.823691E-06,0.3605535,-0.5825039
-0.02704367,0.05896383,-0.2288269,0.01733083,-0.01495761,0.004662958,0.004836577,0.234834,0.1941758,-0.4993058
-0.0205163,-0.1946995,-0.02054354,0.4636415,-0.0004859704,-0.1176178,-0.009545889,-0.00226934,-0.01141082,0.09154516
-0.1351379,-0.4588173,-0.08836657,0.01888096,-0.05250373,0.04644882,0.3409829,-0.1452137,-0.08823906,0.03795844
0.2643985,-0.3923516,-0.2971886,0.3338372,-0.303753,-0.2631507,-0.9777871,0.1546272,-0.1120268,-0.4823067
-0.03586045,0.0005973164,0.2864929,0.3473756,0.5226507,-0.3415115,0.4877799,0.02202861,0.3073939,-0.1769535
-0.05956703,0.3926809,-0.1129567,-0.0173314,0.1020754,-0.01666445,-0.2984652,-0.09482387,0.1701562,0.3556097
;
-1.208643,-0.06027531,-0.1151042,0.003748123,0.1902009,-0.44911,-0.1230674,0.4003237,0.0189623,0.2447879
-1.640737,-0.0008224292,0.001634696,-0.3559682,-0.1373767,0.02371611,0.0610853,-0.01643457,0.3284236,-0.008894208
;
-0.2331844
-0.09081608
0.09865922
-6.203323E-06
-0.1152847
-0.06006247
-0.04455635
0.1108576
0.09461373
-0.4943835
;
0.0338057,-0.1702362,0.0308858,-0.0002678421,-0.0006335719,0.1172581,-0.2594242,0.01973052,-0.1236323,0.1067458
-0.09750608,0.4642687,-0.0263622,-0.01165277,-0.004593234,-0.07947563,-0.09717461,0.3672295,0.00107187,-0.00490193
0.3412826,-0.08250386,0.005398158,-0.02596625,0.1599701,-0.1155416,-0.1078301,-0.06471565,-0.1063706,0.2381334
0.009916167,-0.0007390113,-0.255345,0.001624361,0.09668513,-0.1755879,0.2159964,-0.03548497,0.03749043,0.1379894
0.2179238,-0.1368776,-0.003264085,-0.3974349,-0.1507161,0.4047147,0.1685554,-0.3209708,-0.121706,-0.2580359
-0.1833714,-0.3494899,-0.1507312,-0.0850022,-0.02913501,0.3793594,-0.005867602,-0.004696667,0.09955043,0.308286
-0.0868066,0.1409687,-0.2314931,-0.2105836,-0.1606535,-0.05103202,1.963901,-1.325625,0.1513512,-0.4057989
0.2917248,-0.1051375,5.296405E-05,0.2303475,-0.4980992,0.09431106,-0.2983882,0.009238109,-0.08704372,-0.007414042
1.010475,-0.1789916,-0.2592218,-0.3085089,-0.00125308,0.1531378,-0.8343056,-0.2052934,-0.125223,0.3573623
-0.02034348,0.3141179,-0.05887437,-0.4015499,-0.4375584,-0.2110722,-0.2485436,0.04964536,-0.0116184,-0.3449125
;
-0.03034121,-0.1101272,-0.2739196,0.3718646,-0.7155379,-0.008231883,0.01175838,-0.03769497,0.6688443,-0.07190085
-0.1980942,-0.0004974427,0.3208203,-0.1040476,0.01113607,0.06240108,-0.2069442,-0.003836624,0.0007899256,0.06277276
-0.006721383,-0.1417459,0.3133549,0.4861911,-0.1612315,0.2602799,0.08200328,-0.01538935,-0.7234001,-0.847775
;
