0.3859662
0.17747
-0.009724096
0.7274184
-0.01473458
0.01524531
-0.4918162
0.3213013
0.4724691
0.4818614
;
-0.1129127,0.04465863,0.07874345,-0.4295456,-0.05246371,0.05747402,0.9244437,0.4825323,0.01379244,0.4112802
-0.1935143,-0.005214966,-0.1971534,-0.4197257,0.04804176,-0.1844101,-0.129363,0.3514442,-0.3643954,-0.05825737
0.2097806,-0.2925853,0.3883545,-0.00513333,0.04630762,0.03037018,0.6539561,-0.0313259,0.09446834,-0.4616175
0.2405642,0.05590277,-0.3654572,-0.1304031,-0.1946569,0.02250077,-0.09152189,-0.1785641,-4.859498E-05,-0.03233418
-0.1951229,-0.09708446,0.1035023,0.01850134,-0.5386178,-0.2111955,0.06414251,0.1397573,-0.02655018,0.1557107
-0.0009313217,0.3556786,-0.3142338,0.3857849,-0.4860903,-0.3667576,-0.04978101,-0.1594449,-0.1861214,-0.4395608
0.01714867,0.1356754,0.02800466,-0.2851971,-0.1316237,0.3885771,0.2542548,-0.00572732,0.06334215,0.2974963
0.3200245,-0.002357197,-0.5361151,0.2749928,-0.07798398,0.005179255,0.01284312,-0.0351493,0.3884414,0.1376649
-0.1737629,-0.2187727,-0.3914498,0.009075734,-0.4485797,0.1610273,0.4908007,-0.518156,-0.4775907,0.002906452
0.3007858,0.01226634,0.01566538,0.2871822,0.04849594,-0.1576751,-0.1608953,-0.0765027,-0.01561707,0.01601842
;
0.02475172,-0.03465116,-0.2773753,0.0005795673,-0.05387479,-0.4353575,-0.01113259,0.02944726,-0.4961349,0.2848858
0.07193733,-0.06699778,-0.01208952,-0.464164,-0.1173193,-0.4224676,-0.008343739,0.2015215,0.013776,-0.3619483
;
0.01606106
0.780682
0.1780252
0.1099646
0.02189473
0.1329731
-0.3550149
-0.08132751
-0.3431782
-0.02133068
;
-0.1350506,0.09122614,-0.1492393,0.3537486,-0.2119919,-0.5571497,-0.353043,-0.3286998,0.04765824,0.4914954
0.1228614,0.09728391,0.06451014,0.4376004,0.05463737,0.3321283,-0.9185148,0.2784714,0.08998626,-0.02876569
0.06069503,0.1595232,0.3098258,0.3506681,-0.2784401,0.2288296,-0.1336084,-0.05342299,0.2343967,-0.6524592
-0.0004748879,0.08969248,-0.1307803,0.02794101,0.002743879,0.2519508,-0.4753835,0.4670319,0.3460703,0.06446725
0.2789392,-0.2726026,0.08020905,1.241633,0.02587861,0.1278034,-0.3362933,0.3286543,-0.1520999,-0.009544395
-0.1368707,-0.4554342,-0.002658597,0.09403102,-0.04275186,0.4148923,-5.105482E-05,0.00983047,0.04539806,-0.5366687
-0.1807939,-0.01552281,-0.000380658,0.2151321,-0.3674138,-0.4220332,-0.1814067,-0.5555494,0.2708664,-0.001787112
0.08604287,-0.0253179,-0.4036767,0.03722044,-0.4223076,0.4397345,-0.05942279,-0.005427017,0.02220851,-0.05399087
-0.06319059,0.1802739,0.5338926,0.002633893,0.00134885,-0.07077445,0.01602497,-0.1149702,-0.6334732,0.2476696
-0.82843,-0.4401745,0.1359624,0.4049855,-1.733238E-05,0.1030424,0.001937,0.1407226,-0.06206238,-0.2633264
;
0.5568205,-0.0005444774,-0.3638913,0.0046725,-0.1291152,-0.04012445,-0.1583771,0.1282581,0.3222482,-0.1758701
-0.1210965,0.5968326,-0.4791646,0.01936591,0.007568341,-0.08788947,0.05650573,0.4190219,0.2064983,-0.3085469
0.2438148,-0.04227728,-0.2822921,0.1111159,-0.03518875,-0.05321962,-0.2954599,0.07897812,0.1753161,0.04970844
;
