-0.01178402
-0.3129191
-0.4755713
-0.308218
-0.3694563
-0.05673677
0.3203301
-0.02736869
0.6805426
-0.6220922
;
0.05533451,0.4313196,-0.3288441,0.1708331,0.01461123,0.855866,-0.0617109,-0.1902211,-0.1578749,-0.07255679
0.1598547,0.00672301,-0.7096914,0.6294304,0.2547822,0.1390178,-0.1979278,-0.03312141,-0.0903312,-0.5489212
-0.348099,-0.2925853,-0.6308463,0.0003736127,0.3843036,0.417114,-0.3869941,0.471039,-0.260956,-0.003255421
-0.2463035,0.04494517,0.03052749,-0.09050647,-0.5451481,0.02287346,-0.07359424,-0.1188544,-8.658865E-05,-0.138862
0.2614871,0.02166232,0.6939949,-0.1346886,0.252237,0.01434467,-0.1667778,-0.3256935,0.5172685,0.09587101
0.2202143,-0.2919632,0.2525827,0.2183803,-0.4040865,0.5549959,-0.09215731,-0.3986064,0.0007375273,-0.01146764
-0.09304684,0.08466524,-0.4258338,0.4778081,0.07955895,0.2324488,0.2401364,-0.08499157,0.4969831,0.6008991
0.191157,0.1771978,-0.9479033,0.1168346,0.2118551,-0.05311531,-0.1138329,-0.004155099,0.2778578,-0.8494355
0.04138638,0.2302285,0.003815114,-0.06986767,-0.0276907,-0.3598951,0.01783896,-0.0843062,0.3753754,-0.2829205
0.4823341,-0.008815541,-0.00954634,-0.1018554,0.002478629,0.3010711,-0.08785183,0.04222388,0.3569063,-0.01782386
;
-0.0008100851,-0.1580188,0.1057026,0.0002195919,0.4517078,-0.09399655,-0.05072948,0.01047041,0.4798859,0.1831056
0.153915,0.3167135,-0.01544866,-0.3653609,0.2659446,-0.1938657,-0.04933085,-0.003866926,-0.008603669,-0.4279991
;
-0.02229504
-0.2124416
0.2375444
-0.1055086
-0.106478
0.2459475
-0.09560283
0.08132751
-0.3431782
0.01369121
;
-0.4975465,-0.09601171,0.1492393,0.1999982,-0.3982497,0.04851132,0.5190356,-0.6212994,0.07909606,-0.05470689
0.4119506,0.439526,-0.03242344,-0.04703309,0.3556445,0.2016557,-0.1905361,-0.1483269,0.06516964,-0.01121121
-0.161656,0.2689204,-0.2181156,0.1336091,-0.08065537,-0.0788459,-0.03990644,0.2054305,0.2343967,-0.178034
-0.0004748879,-0.06241995,-0.2293848,0.2214018,0.0009647016,0.2519508,0.4324498,-0.05848362,-0.4449805,0.04262853
0.5790398,0.3804266,-0.05189455,1.098381,0.02587861,0.1243729,0.213911,-0.04536957,-0.2518904,0.1690652
-0.1265455,-0.3372962,-0.00425759,0.1314238,0.1335153,0.2294329,-9.731053E-05,-0.01390466,0.09743696,0.5641452
-0.3251233,0.01483676,-0.0003056601,0.695744,-0.01167016,0.4220332,-0.1814067,-0.4801211,0.06405073,0.002125189
0.07158325,-0.3119242,-0.149931,0.06606103,-0.4480797,-0.185705,-0.7016516,0.4007111,0.02220851,-0.4111554
0.07355589,0.08452062,-0.7595034,0.3555962,0.0007813607,0.2914829,0.01119598,-0.1711344,-0.08911388,-0.1426959
-0.3099982,-0.4148208,0.2708142,-0.6565723,-1.733238E-05,-0.002424908,-0.003363626,-0.1407226,-0.7905486,-0.2633264
;
0.3560587,-0.09475762,-0.3638913,0.003385423,-0.1602279,-0.08648359,0.1818031,-0.1425572,0.4106386,0.007107198
-0.4622207,0.5968326,-0.3522553,0.08041745,0.00863996,-0.06368977,0.1666922,-0.3988955,-0.4825046,0.04388247
0.2720853,0.4810146,-0.3009889,-0.04461044,0.006532233,-0.05321962,-0.2954599,-0.1083378,0.3283783,0.00123436
;
