0.4772229
0.03315286
-0.1965052
-0.6806965
-0.1217535
4.842716E-05
-0.02297152
0.1692102
-0.1420615
-0.01651248
;
-0.02212073,-0.05748855,0.08382735,-0.03293321,-0.4665685,0.2605141,-0.1857443,0.2653018,-0.2647209,-0.07437016
0.9633942,0.3225083,-0.4752845,0.4237215,-0.1908543,-0.1007672,-0.1256388,0.3648709,0.03125395,-0.8187513
0.2407805,0.05374736,0.3588829,-0.1140582,-0.03401521,0.3752632,-0.8503616,-0.03087649,0.525327,0.6601456
0.7124164,-0.06909272,0.2978294,0.06914002,-0.1949437,0.328207,-0.6684169,-0.08769453,4.859498E-05,0.2316508
0.08784705,0.1753417,0.04449345,-0.01327522,0.03447573,0.2398854,-0.1212838,-0.1761332,-0.2215458,-0.342278
0.002021504,0.2350574,0.003856765,-0.3384401,-0.1339708,0.1291655,0.2447543,-0.2423504,0.01566794,0.2077137
-0.1751947,-0.3124281,-0.2818248,0.2148815,-0.2510325,-0.3776177,0.561174,0.2393001,0.07947594,0.0004759436
-0.3301208,0.07411858,-0.1090418,0.3293864,0.0232264,0.009599575,-0.7192575,0.2660539,-0.7078949,-0.1781339
0.03348884,0.4073451,-0.167983,-0.03608097,0.04776782,-0.8897035,0.3709626,-0.07141937,-0.4635915,0.2684385
0.1321576,-0.04351198,0.191395,-0.2871822,-0.4178598,0.04466875,0.08540834,0.03855686,0.1466765,0.1365141
;
0.07100573,0.06778139,-0.4678206,0.05706614,-0.02162952,0.2203836,-0.01113259,0.4991688,-0.3283113,-0.001893222
0.4141409,-0.5248642,0.0806822,-0.3453079,-0.1977168,0.2443993,-0.01958235,-0.04079677,0.2991753,0.0001852882
;
-0.07516553
0.4795233
0.4203361
-0.09882513
-0.2454736
0.08097336
0.2126876
-0.227206
0.03245486
0.05239337
;
-0.4666282,-0.1889167,0.007985764,0.4905744,-0.2214348,-0.0004838538,0.1979537,0.1402025,-0.2073945,0.427134
-0.4197215,0.4500788,-0.3227683,-0.1514083,-0.0855057,-0.00072043,-0.4474177,-0.141113,-0.08998626,-0.01721786
-0.05973174,0.4530407,-0.2863761,0.1593968,0.4997468,0.2823117,0.1308865,-0.5017368,0.09687944,0.1896449
0.0971331,-0.1103067,0.09238969,0.0119714,0.001827143,0.2191784,0.0483084,-0.4670319,-0.002470271,0.003694747
-0.141118,-0.3499265,0.02284646,0.9072164,0.1571301,-0.1836613,0.3538532,-0.2345222,-0.01274026,-0.4204396
0.05804487,-0.2322794,0.004295047,-0.03006361,-0.2793256,-0.00513243,-5.008484E-05,0.02631496,0.2221397,-0.03062015
-0.005441542,0.1056706,0.2863477,-0.0001706016,0.010562,-0.4917578,-0.2554312,0.009643018,0.1744376,0.1187145
0.4630009,-0.4445118,0.0003305728,0.001575946,-0.1495501,0.3466585,-0.3822815,0.04867617,-0.253112,0.08267707
-0.04655083,-0.1085094,-0.2810513,-0.03708395,-0.5475292,0.0001472428,-0.07519116,-0.07408603,-1.514175,-0.4497098
0.02370945,0.328914,0.2984239,-0.01029879,0.02718898,0.1988702,0.4424138,0.1414522,0.3810378,-0.2633264
;
-0.3440993,-0.02426249,0.05627592,0.02891643,0.2211934,0.1694245,-0.571784,-0.002516203,0.165689,-0.1507134
0.2549534,-0.01705048,0.1349289,0.1007917,-0.05583242,0.2469835,0.09406334,-0.4684449,0.4754639,0.04113178
0.005084217,-0.06423117,-0.04130295,-0.002389407,-0.3040199,0.9033563,0.1233964,0.08815885,0.04460799,0.3582377
;
