-0.2219035
0.05034584
-0.0837141
-0.4855996
0.4723047
-0.1286373
0.4560946
0.2959985
0.3446774
0.1592886
;
-0.2459465,-0.4394888,0.196599,0.01602,-0.08905393,0.1640591,0.4450126,0.4043015,0.2707806,-0.1139221
0.03602463,0.4812562,0.3936437,0.1873714,-0.1298125,0.005655706,-0.1485552,0.1000296,-0.469111,0.1982338
-0.1268085,0.2352943,-0.2173048,0.2304848,-0.4555269,-0.2156785,0.4712518,-0.1004366,-0.04844195,-0.03079051
-0.4027208,-0.07452542,-0.3218135,-0.4655355,-0.4749284,0.3971393,-0.4728361,-0.2505388,0.1095302,-0.3886925
0.193956,-0.4527218,-0.2281139,-0.09516498,-0.2430812,0.2667713,0.2571765,0.2888871,-0.03855437,-0.21841
-0.3512034,0.3307128,-0.3886691,-0.4992964,-0.4297307,-0.4635764,-0.1186314,-0.09694582,0.4270762,-0.2071646
-0.3555597,-0.05615133,-0.135735,0.2510411,-0.3241454,0.1612638,-0.4899031,0.07735091,0.1079332,0.1356184
-0.04997379,0.4408263,-0.1358796,0.09965509,-0.1009666,-0.413113,0.4025259,0.05782801,0.3821243,0.4720976
-0.3236195,-0.01499552,0.6370751,-0.08243078,-0.4769,-0.1435944,0.3246174,-0.3629781,0.365695,0.05184823
0.4018698,-0.2948055,-0.2878146,0.192103,-0.3268806,0.1444895,0.1421853,-0.3913194,-0.1467624,-0.3054359
;
-0.3313011,0.1934365,-0.09568673,0.15433,-0.3161094,0.1769919,-0.362506,0.446926,0.22066,0.09950608
-0.211963,-0.001646459,-0.465212,-0.0008146167,-0.4168934,0.2845838,-0.1213891,-0.2035198,0.4895332,0.09554356
;
0.2700307
-0.4413929
0.007111628
0.1216744
-0.07608601
0.1894627
-0.2932525
0.01853637
0.2353185
0.4745336
;
-0.1220845,-0.1492654,-0.04929378,-0.552709,-0.01318425,0.03923617,0.01099104,0.3124183,-0.001239556,-0.01932146
0.0526275,-0.695959,0.05654639,-0.155802,-0.1647599,0.3369068,0.2854472,0.12654,-0.7886072,-0.09291732
-0.1178358,-0.1811299,0.3245871,0.1934732,-0.3526064,0.01402241,-0.1578901,-1.948716,-0.2220615,0.008377112
0.3940895,-0.04490111,0.00140935,0.3126765,0.1000945,0.04067088,0.001873292,-0.1554448,0.1510087,0.1556777
-0.1426747,-0.2235572,-0.1305051,0.07462171,0.1053839,-0.2224465,0.05347019,0.2481575,0.07207142,-0.4967765
-0.3093333,0.30393,0.2553772,0.4767369,0.4980842,-0.001115262,0.002657574,-0.005061924,0.376959,-0.2645503
-0.214439,-0.112123,-0.4639807,0.01246457,-0.1931807,0.1237025,0.005914564,0.4719371,-0.4351321,-0.62642
-0.005702195,-0.1661717,0.6154119,-0.331192,-0.4355436,-0.2694521,0.03549554,0.007607738,0.003899872,0.208154
0.1689559,-0.3622918,0.2606579,0.1159146,-0.06101817,0.322264,0.1616827,0.1290686,0.09369285,-0.6094192
0.1365723,0.1135245,0.4389239,0.296504,0.3153824,-0.3343968,1.137347,0.3738596,0.04438788,0.6278752
;
-0.1776148,-0.01698275,-0.2082663,-0.08760965,0.2187155,-0.4121898,0.0713693,0.008552166,0.4094402,0.02172353
-0.09846033,-0.2118789,0.0456486,0.04085726,0.01657095,-0.6446793,0.3136644,-0.2340717,0.689455,-0.3324658
;
-0.1676669
0.02609481
0.3462624
-0.4478922
-0.09521326
-0.3767989
0.1944392
0.1879319
1.061724
0.226009
;
-0.1981151,0.3075885,0.2934242,0.1620828,0.09177123,1.398119,0.3001515,-0.02614951,0.08982448,-0.4401273
-0.3263131,-0.374539,-0.07234059,0.07279497,0.2947258,-0.003640907,-0.01589191,-0.2473752,-0.2724284,-0.002568457
0.02420729,0.3537215,-0.07028455,-0.03301163,0.1024198,-0.7753156,-3.445229E-07,-0.1223626,0.4262322,-0.03856232
-0.2839978,-0.006729599,-0.3301948,-0.1411769,-0.0416742,-0.001465413,0.01545911,-0.3055988,0.01372972,0.06559614
-0.3051854,0.01915471,-0.7566276,0.08479589,0.9347787,-0.01330069,0.0005645622,0.4710463,-0.3666108,0.4622942
0.004978943,-0.4846767,0.06772071,-0.09884918,-0.1232554,-0.03333608,0.5883006,-0.3473651,0.1031272,0.008235537
0.4067934,-0.002861463,-0.01670933,0.4420572,-4.814269E-05,0.2165903,0.3425432,-0.2964576,0.1142218,0.01762754
-0.1559538,-0.1872579,-0.219142,0.1495268,-0.0003425617,-0.09552342,-0.2553834,0.03916143,-0.384971,0.01308361
0.006602585,0.01192314,-0.4913952,-0.6932673,-0.08404608,-0.001499236,0.03198375,0.6116483,-0.02505493,-0.08280474
0.483752,0.009198681,-0.1778514,-0.2472499,-0.8105426,0.06331941,-0.2163017,0.07384652,-0.4838521,0.2401434
;
-0.5981754,0.03452379,0.1505101,-0.001991739,0.1744384,-0.3968011,-0.09772435,-0.02390443,0.1106451,-0.1211466
-3.905505E-07,-0.2576945,-0.7541962,0.3276485,-0.08694881,-0.001134076,0.000334017,-0.08735709,-0.2264847,0.4201953
;
-0.003493831
0.1991556
0.2150361
0.1359807
0.02315289
0.3215331
0.3890277
-0.06330627
0.4164684
0.08757106
;
-0.08569449,-0.44067,0.05412457,0.1676147,-0.3028659,-0.3114994,0.3708552,-0.01119362,0.133361,0.4784069
-0.2044097,0.1388225,-0.004692455,-0.1448628,-0.02475345,-0.06457128,0.06903667,-0.7671063,0.7396865,0.04085812
0.03189261,0.03761727,0.4818816,0.2294919,-0.3569906,0.248708,0.1429725,-0.09503847,-0.03288104,0.6656971
-0.4039881,0.1263257,-0.1335686,-0.430583,-0.0005025495,-0.02321742,0.1823252,-0.02567057,0.0199675,-0.05378814
-0.005412211,0.3123428,0.03476849,-0.08394498,-0.06277522,0.1123865,-0.2960923,-0.06277579,-0.09960932,-0.3683236
0.4449213,-0.1896997,-0.1506824,-0.2427195,0.4377024,0.06402086,-0.4824517,0.2694843,0.480669,-0.2707568
0.1464051,-0.05578677,-0.06747323,0.008067155,0.1347968,0.1398715,0.001594235,0.405582,0.6314698,0.390893
1.340833,0.06398351,0.1055979,0.07031722,0.2278031,0.5244792,-0.2224829,0.09255546,-0.742272,0.7072427
-0.07518165,-0.1774388,0.2680182,-0.04075209,-0.00930597,0.1913821,0.3470278,-0.1262393,-0.4572071,0.005386163
0.2553653,0.1123988,0.1011648,-0.08621383,0.6250538,-0.05419459,-0.3505591,0.1400183,-0.4664669,0.001749465
;
-0.5766302,-0.2330133,-0.4813408,-0.01397103,-0.2843865,0.1151913,-0.5893151,-0.7211595,-0.003400404,0.1389718
-0.2236492,-0.2246478,0.4032486,0.08768493,0.5228907,-0.4355668,0.01944684,-0.01784262,-0.3889105,-0.005366803
0.4451998,-0.1291125,-0.08695556,0.1246031,-0.0001483511,-0.09951064,0.2571871,0.1286125,-0.3413125,-0.3849442
;
0.06222028
-0.01390988
-0.08166154
-0.08252567
-0.01121563
-0.007028072
-0.1052579
-0.06710809
-0.3378347
-0.01422782
-0.2650945
-0.06954505
-0.4407619
0.1435913
0.1861918
-0.009551139
0.02465573
-0.1819981
0.02397605
-0.07640763
0.2210455
0.2603494
0.3962187
0.2685614
-0.04181638
0.3372146
-0.1393412
-0.004613766
-0.06519838
-0.9779321
;
0.3399448,-0.3398714,-0.7225626,0.4908522,-0.02673033,-0.1797453,0.01135583,0.3019227,0.1748033,-0.3048087,0.1470926,0.4165784,0.2679303,0.03005684,-0.5801913,0.3563976,-0.7601447,-0.2529056,0.2513297,-0.4716705,-0.08211972,-0.007431522,-1.019151,0.00419986,1.460483,0.06129584,-0.06904203,0.4665879,-0.2808353,-0.4153177
-0.08245832,-0.1697618,-0.772119,0.2266442,-0.3758196,-0.1556762,-0.2056041,-0.02862734,-0.1389379,0.0858007,0.02810464,-0.2399443,-0.3660387,2.789302,0.349292,0.1479521,0.286759,0.1344887,0.0163975,0.0827527,-0.08808247,-0.0206848,0.3404557,-0.2411472,0.4607038,-0.09039786,0.4114438,0.06195268,0.02243885,-0.03195546
-0.3107476,-0.301649,0.5617103,-0.4289771,-0.05497221,0.1100967,0.5848442,0.2115348,-0.4715297,-0.1922671,-0.5300869,0.4100169,-5.30727E-05,0.1980895,0.4654385,-0.4415532,0.1551567,-0.09580046,0.104852,0.7341537,-0.00239197,0.415095,0.03096634,-0.4741237,0.08492652,-0.09426075,0.1092301,-0.3321334,0.3784637,-0.001787186
0.04067473,-0.324308,0.3589048,0.07569123,-0.01510719,0.43071,0.1178458,-0.2007168,0.1024221,0.001298471,0.2465239,-0.3061507,-0.3157132,-0.01104073,0.4126189,0.3219572,0.02083679,0.1208021,0.09891349,0.4002014,0.464306,-0.1350929,0.2020871,-0.2863847,-0.1270451,-0.1330766,0.4526241,0.1224887,0.05432159,-0.4577053
0.5030048,-0.4619662,0.01588638,-0.7322562,0.3311712,-0.3865622,-0.1644214,0.2434261,-6.805525,0.3533682,0.3880552,0.02528816,-0.1152864,-0.1457263,-0.05308907,0.05491218,-0.06944229,0.08910362,0.3073453,-0.1318493,-0.1135203,-0.4223901,-0.1536129,0.2887795,0.1972663,-0.2363986,-0.2246677,0.04097332,0.4301877,0.01667332
-0.09010922,-0.2142972,-0.1316369,0.3671111,-0.001026677,0.1724447,0.02091282,0.2988844,0.4949658,0.04391685,-0.3391815,-0.2257664,-0.1151203,0.02263635,0.4950156,-0.02584711,-0.04242245,0.1045661,0.2535862,-0.5340475,0.05338794,-0.08200727,0.1585188,-0.2936541,-6.560799E-05,0.1189149,-0.1379095,0.1504479,-0.2651118,-0.03362136
-0.0007983021,-0.701447,0.1420421,-0.01661365,0.3274291,-0.2261371,0.1712207,-0.2250378,0.4441617,-0.2220359,0.7075945,-0.2548524,0.2629963,0.1561811,0.2535205,-0.1280286,0.1710874,0.3346846,0.01956013,-0.03216442,-0.02274664,-0.0433286,-0.1291455,-0.8782787,0.7734495,0.02705742,0.1496996,-0.00564152,0.2272367,-0.2879857
-0.1510159,-0.004285126,-0.1226651,0.01519236,0.4482928,-0.1693573,-0.484066,-0.2940111,0.008079685,0.1244381,-0.4408251,0.09385274,-0.1471533,-0.006573683,-0.9654445,0.8434486,-0.2351149,-0.4466742,-0.2826819,-0.009491876,0.0117902,0.07267326,0.4742666,0.03041869,0.002844553,-0.002070721,-0.06017891,-0.04801936,0.1998943,-0.01378615
0.4551712,0.06679162,-0.4351646,-0.0004582717,-0.003476259,-0.2193075,-0.02193483,0.4406705,0.2343426,-0.1312886,-0.1926221,1.99427,-0.2624501,-0.2485902,0.02700253,-0.399307,0.4598856,0.4725715,-0.04061138,-0.1121174,0.2834697,0.00221153,-0.02375428,0.08283775,0.5242313,-0.03768943,0.4685526,0.005735445,0.3535792,0.2553715
0.04168628,-0.006363243,-0.09437664,-0.1369519,-0.01011935,-0.2899964,-0.1103759,0.01766563,-0.3622906,-0.02848142,0.1736542,0.1149264,-0.3704035,-0.3534815,-0.03272647,-0.04466087,0.05483091,-0.09237629,0.2141061,0.3208847,-0.4701796,0.107906,-0.4815627,-0.2570555,0.04285691,0.2734208,0.001234124,-0.5572588,0.1574794,0.2628185
0.01049711,-0.660198,0.1900935,-0.02836801,0.1262306,0.02073783,0.009075419,0.2645001,-0.006972332,0.1347852,0.2760448,0.4100558,-0.198745,0.088492,-0.1013252,-0.006011474,0.2770072,-0.07314213,0.4190167,0.0049998,0.9926829,-0.112017,0.4458498,0.002638841,-0.117753,0.01010812,0.0751445,-0.09904385,-0.09940299,-0.001237871
0.4991669,0.08892389,0.3793256,-0.1674998,0.3273584,-0.002591049,-0.6554705,0.01284634,0.3029419,-0.06746914,0.3006538,0.09664539,0.008991539,-0.1066455,-0.412308,0.02690773,-0.1041438,-0.2134104,0.9956775,0.1591078,-0.1958029,-0.3266466,-0.6383107,0.1508477,0.277043,0.4566988,-0.1603479,-0.1936513,-0.324591,-0.05412656
0.1660828,-0.02677482,0.4142403,-0.1900505,-0.247172,0.3655985,-0.005053561,-0.2012053,0.1667722,-0.590757,-0.0004610636,0.2259644,-0.1622483,3.471177E-05,0.6404749,-0.01759099,-0.0561977,0.03240394,-0.313794,-0.3731549,0.452547,0.07193656,0.168582,0.3431481,0.001987902,-0.0006748938,0.5522236,-0.4312233,-0.1148681,-0.1540713
-0.2741703,-0.1447081,0.08892765,-0.07091028,-0.07949664,0.1241301,-0.05038732,0.3427309,-0.4149385,-0.3210007,0.009652915,0.04333645,-0.1190763,0.6212748,-0.04092606,0.02566533,-0.2513942,0.1262158,0.3521343,0.02972712,-0.02051824,-0.116768,0.4094893,-0.3159894,0.4952984,-0.130057,-0.02758771,0.2581848,-0.2420532,0.04815501
0.1211668,0.03134814,0.2997589,-0.06843822,0.06510307,0.4586024,0.05326074,0.2775323,-0.522927,-0.211805,-0.1878891,0.5321383,0.08461732,0.1680144,0.2135134,0.1030155,-0.7179756,-0.003586716,0.5712552,0.4685545,0.002008869,0.456682,0.01733098,0.0001738624,0.1611418,-0.2432761,-0.04985255,-0.02754974,-0.1306197,0.1377514
-0.06995161,-0.1031179,0.01888692,0.002468884,0.1477111,0.4112119,0.007987537,-0.06422419,-0.04014686,0.1726846,-0.02897432,0.1312159,0.1025093,0.0001141838,-0.1577542,-0.3154096,-0.02097622,0.03215461,-0.4912055,-0.007124669,0.3881034,0.005013049,0.1322874,-0.1042022,0.2301582,0.5647802,-0.4768604,-0.005028318,0.08400638,-0.03912164
-0.1633999,-0.7574469,-0.7170489,0.2395964,0.06056422,0.07703114,-0.4744374,-0.05035178,0.1061305,0.002484869,-0.04847572,0.003536645,0.0002706184,-0.9942369,0.1975956,0.5810136,-0.3596917,-0.2598139,-0.07939869,0.2352584,0.0004714409,0.07936728,-0.3067337,0.3029754,-0.2175944,-0.4967149,0.1468698,0.429655,0.3966213,0.4192772
0.05085651,-7.676549E-07,-0.08638227,0.5112683,-0.5123728,0.08958336,0.008550739,-0.3830334,-0.0205442,-0.1344514,-0.1247574,-0.3793684,-0.002453524,0.05217392,-0.1905661,0.1870952,-0.08311148,0.03291799,-0.3280022,-0.008361518,0.001838487,0.0009257256,0.08093646,-0.4750675,-0.491698,4.558852,0.4391454,-0.0004308061,-0.04330813,-0.3261054
0.08642954,0.4098419,-0.1160936,0.4713609,0.302812,-0.1387665,0.8563093,-0.2647738,0.3577535,0.1457823,-0.05905176,0.4352367,0.07893139,-0.005157009,-0.5083392,0.2207018,0.08541751,0.4056542,0.1677375,-0.8645055,0.1959115,-0.0004346865,0.3727732,-0.09502771,-0.1628954,0.3326083,0.02677885,0.3534046,-0.2469429,-0.1019266
-0.004322831,-0.1472477,0.9348118,-0.2003028,-1.495016,0.4117618,-0.3005946,-0.3356348,-0.4329394,0.02723216,0.0273375,-0.4683797,-0.1887334,0.02143611,-0.008724024,-0.8201442,0.4096755,-0.1246788,0.4165598,0.0002187757,0.1921166,0.4297432,-0.4011135,0.2489621,0.3836368,0.1023931,-0.3526365,0.03613235,-0.09946924,-0.2351733
-0.3481004,0.546739,0.0179338,-0.245521,-0.03773702,0.8430075,-0.4828939,-0.009660188,-0.4143722,-0.1720096,0.1515089,-0.0644265,-0.1142181,-0.2012797,-0.2974364,0.04299577,-0.1439359,-0.3465872,0.02903107,-0.02469123,0.6975086,-0.4054493,0.3467421,-0.0487515,-0.03981113,0.06852376,0.004490684,0.4166859,-0.3598813,0.4390845
-0.01145049,0.164618,0.1451968,-0.3686796,0.02784612,-0.1174637,-0.9572509,0.007980438,-0.002492964,0.8761092,-0.004506077,0.4195534,-0.006855618,0.004808724,0.3280936,-0.00158418,0.4162198,-0.1621962,0.3051699,-0.01516689,0.3575716,0.01176253,0.03408557,0.1893658,-0.01007198,0.1002113,-0.07012115,0.3249074,0.3523149,0.3225116
-0.03887233,-0.1853571,0.06437561,0.01705117,-0.4282239,0.2646549,0.2668329,-0.103142,0.008989632,0.08945996,-0.003484572,0.092345,2.971983,0.01960443,0.07661074,-0.1627861,0.2186813,0.4298557,-0.3414604,0.1906417,-0.004460094,0.2628942,-0.3099492,-0.08659918,0.02353485,0.2239787,-0.3599156,0.1397918,-0.0006066459,0.1854052
-0.03913768,0.1380118,0.253589,-0.4765941,0.1613243,0.1411983,-0.1177319,0.02283127,-0.09442583,-0.01958812,-0.009908023,0.1274271,0.00199755,-0.116837,0.4947711,0.05139142,-0.3420386,-0.2584131,-0.2440439,0.04129606,-0.331561,-0.02787501,0.1889199,-0.03934617,-0.4427677,0.4913187,-0.05163326,-0.2137759,0.07775087,0.3295553
0.4372282,0.01556841,0.3895308,0.195786,2.713384E-05,0.1359535,0.2619697,-0.0004159156,0.0005813241,0.2539308,0.008480525,-0.1229536,0.08543921,-0.0001725917,0.02541239,-0.172705,-0.09315488,0.3135878,0.2605298,0.1148139,-0.2263548,0.1592405,-0.466836,-0.05236803,0.4531605,0.9024826,0.6411414,0.02346477,-0.02504724,-0.06798696
-0.2016312,0.007910356,0.2372409,-0.153647,-0.002296237,0.3115768,-0.1552329,-0.09048229,-0.2909912,0.3858705,-0.3260671,-0.2634691,-0.03549949,-0.3854482,-0.001157701,0.2981368,0.2564983,0.2666265,0.007670976,-0.4724144,-0.3209029,0.02632222,-0.1229835,-0.3563628,-0.1353587,0.318826,-0.3892696,0.004558682,-0.002195851,-0.1135206
-0.4292775,-0.2449496,0.1150362,0.9704618,-0.2300346,-0.3064649,-0.5253553,0.001120101,-0.2698339,-0.4049851,0.3410231,0.6148723,0.2118139,-0.04473081,0.2785757,-0.06614572,0.2398085,0.1516653,0.2933189,0.4052482,-0.05405251,0.4787699,0.1168735,-0.3767942,-0.08029789,0.3557264,-0.1153279,0.2381915,-0.2516334,-0.01110591
0.02547667,0.3228757,1.10289,-0.1701316,0.2754855,0.1021972,-0.2582556,0.2106507,-0.4504434,-0.0187989,-0.04834177,-0.1028725,0.3669202,-0.4709461,-0.03750306,0.00190873,0.5598277,-0.3985223,-0.3687607,0.01182894,0.007470318,-0.370212,-0.4357187,-0.9907209,-0.1302838,-0.01172272,-0.5862449,-0.08807016,0.2448255,-0.003362973
-0.009883222,0.0009020089,-0.1550784,0.4486753,0.1899967,0.1164009,-0.2151513,-0.1389931,0.4738823,-0.01748586,0.3868393,0.3543559,0.000240624,0.0790915,0.01165006,-0.3854498,-0.246868,0.08486774,-0.04841441,0.003431823,-0.4662368,0.6512182,-0.006836398,0.03146935,-0.3644155,0.003344118,0.3643926,-0.3332831,0.09725701,-0.004109784
-0.09157616,-0.001009524,-0.008285103,-0.2247587,-0.01362592,-0.019134,-0.7037389,0.2835078,-0.4291131,0.06340946,-0.01939543,-0.5012474,-0.0007799268,0.347248,-0.04711408,0.01259201,0.02114326,0.3927714,-0.009250778,-0.210656,0.4606864,0.3232234,0.2361966,-0.9619467,-0.02354737,-0.009233185,0.467101,-0.01150085,0.5963563,-0.3173981
;
-0.5920615,0.0460804,-0.1168784,0.3173356,-0.2130527,0.02686489,-2.288482,-0.003122151,-0.4627186,0.2135446,-0.01338917,-0.01653057,0.04080158,-0.3220414,0.6608129,0.3119687,0.0279223,-0.09011786,-0.01410419,0.05189568,0.4805641,0.1849093,0.4739347,-0.3477366,-0.05136412,-0.05301628,-0.04450875,-0.6444632,0.2048487,-0.2712896
-0.06655142,0.03076793,0.2584058,0.0716239,0.06619638,0.268723,-0.2082558,0.4076098,1.022127,-0.09869476,-0.03185946,0.0446602,-7.439239E-05,-0.3134768,0.03154924,0.2642351,0.3105109,-0.1860587,-0.105933,0.3930072,-0.1292942,0.1336222,-0.3058634,-0.0001397553,-0.440058,-0.00447287,-0.40681,-0.2396424,-0.1182566,0.4381342
-0.008231731,0.5858872,0.7421431,0.01473254,-0.2257281,0.0524237,-0.1031518,-0.1842116,-0.1448865,0.2949039,0.05871553,-0.001387739,-0.2488248,-0.2190152,-0.0077914,0.4499536,0.007452212,0.05368561,-0.4718616,0.1601324,0.2409636,-0.00748632,-0.2257493,-0.02236675,-0.1916642,-0.01065867,-0.412401,0.453216,0.04523331,0.04219973
;
-0.1730922
0.07509394
0.2702878
-0.01613921
0.0007242527
-0.5466768
0.2140168
0.4673157
0.4284167
0.02297466
-0.2639315
-0.4803241
3.875527
-0.006362365
0.2029732
-0.04683903
0.3550536
-0.6165664
-0.2271777
0.3342278
0.3865328
0.1609679
-0.1632091
0.00216112
-0.4325589
0.5371907
0.3791065
0.4144156
0.6794013
0.3113114
;
0.07663182,-0.3675481,-0.3083868,-0.2656156,-0.4492944,0.4158473,0.9465703,-0.357344,-0.3725448,0.4615877,0.4056451,-0.2926943,-0.4526008,0.3410643,-0.1456777,-0.001495975,0.09319251,0.06544278,-0.4614022,-0.2169359,0.2114817,-0.2322252,0.157885,0.4415739,-0.09544817,-0.02339763,0.1686681,-0.02778286,0.06864989,-0.005711615
0.01525411,-0.363483,-0.1581415,0.169733,-0.0992433,0.2205101,-0.01287522,0.03845703,-0.2145302,-0.01030582,0.2779635,0.4326932,0.8395282,-0.01051062,0.6846747,-0.3981767,-0.4118308,0.2915363,0.3922486,0.02405576,-0.5052398,-0.4285177,-0.04160005,-0.2647147,0.3648134,0.3303273,-0.04201151,-0.1318655,-0.3992222,-0.1153714
0.07957138,0.01304097,-0.2148654,0.1680033,-0.04536833,0.02065279,0.07123302,0.2269745,0.3750716,-0.1101284,8.347118E-05,-0.02700294,0.2570995,0.3554038,0.2662359,-0.5464945,-0.05972759,-0.002447733,-0.3187685,-0.2238219,0.2477501,-0.0001777388,0.04914998,-0.0980894,-0.05716608,0.05223637,0.4170665,-0.1752187,-0.007206057,0.527538
-0.3991651,0.0364296,0.1852898,-0.2206297,0.0116021,0.002371725,0.6952442,2.579547,0.4690113,-0.3321329,-0.01585733,0.218829,0.2858118,0.4741787,0.005021044,-0.0122842,0.07882997,-0.02396226,0.4885499,0.3403325,0.1792378,-0.9042045,-0.01745677,0.3617139,0.1313103,0.2671775,0.09193128,-0.02120596,0.02530558,-0.3914105
-0.1313991,0.2406226,0.2320983,-0.4158145,0.02106338,0.09617549,-0.3082891,-0.001172156,-0.05522676,-0.3002808,-0.3635284,-0.1166127,0.02449263,-0.009264374,0.3308201,-0.06018167,1.230894,0.1949142,-0.4722416,-0.2499422,-0.4787065,-0.125935,0.002975421,-0.05956873,-0.2552008,-0.9596972,0.05240373,-0.7413915,-0.1306317,-0.02052257
0.4189997,0.03548127,-0.4458025,-0.1037975,-2.346198,0.1478109,0.2400965,0.2776772,0.2189122,-0.272076,-0.5588817,0.002125234,-0.2126542,-0.001539586,-0.1786068,-0.2170137,0.01349181,0.427158,0.1052639,0.20279,-0.2413231,-0.004990041,-0.0351739,-0.03134205,0.255304,-0.3999858,-0.4925402,-0.2444091,-0.08855477,-0.009209219
0.2260637,0.3380383,0.7248018,-0.1768247,-0.2114809,-0.08416814,-0.3638527,0.02446383,-0.1247812,-0.5310665,-0.006124897,1.304755,-0.4365222,0.4587308,0.03606889,-0.3175176,-0.4576623,0.4289205,0.4217623,0.09077355,0.07497983,0.3668551,0.01363255,0.02026576,-1.305706,0.5570498,0.001395285,-0.03132839,-0.07463986,0.1792443
0.09683369,-0.1022896,-1.076532,0.3560607,-0.6241401,-1.395143,0.004024484,-0.02647478,-0.004682942,-0.1018991,-0.2356531,0.3587434,-0.1018695,0.4795997,-0.1545727,0.02910477,0.2616861,-0.3734714,0.04195341,-0.03602197,-0.2739365,0.2445446,-0.1707092,0.01508431,-0.08034609,0.1605469,-0.01667517,0.159256,-0.0105175,0.4157631
0.04576295,0.5872383,0.373369,-0.1696243,-0.2399971,-0.3902946,-0.4500424,0.10298,0.3457654,-0.003379414,0.1434966,0.2280011,-0.3900538,-0.1460577,0.03050066,0.2060463,0.234899,-0.1707405,0.4000912,0.1517775,0.1719577,-0.2082066,-0.251764,-0.281605,0.01315635,0.3769534,0.01654547,0.00876574,-0.07169253,-0.3171962
-0.0803021,-0.374525,0.3631872,0.1010821,0.3760554,-1.029567,0.002131524,-0.4539924,0.5104328,0.3671555,-0.4261874,-0.0005670917,0.766928,-0.09900898,-0.03529394,-0.08816653,-0.3186974,-0.774677,-0.4178985,-0.4406956,1.384755,-1.502333,0.3893569,-0.1632839,-0.1679153,-0.2947953,0.3099187,-0.2728938,-0.285381,-0.3892293
-0.3938655,0.1601761,0.4697676,-0.06108668,0.002784398,-0.00202666,-0.1549332,-0.03765029,0.003555874,-0.2144246,0.7368461,0.03615832,-0.1486907,-0.7033674,0.1879152,0.4916928,0.002649831,0.02995021,-0.1248666,0.02987902,-0.2047509,0.07144241,0.410599,-0.3053211,-0.2706857,-0.07845838,-0.2825761,-0.4311281,-0.3593791,0.02090394
0.03866929,0.02242576,-0.279195,0.07724473,0.1139516,-0.2813705,0.454286,0.3673345,-0.01418287,0.02060006,-0.124841,-0.2886519,0.8121889,-0.3341311,0.3837723,0.4292169,-0.1685074,0.4642386,-0.001089519,0.3651152,-0.07391442,0.1106487,-0.09338377,-0.006751075,0.09820617,0.0607807,0.3167505,-2.731148E-07,-0.5557522,0.0007225805
-0.3847479,0.007434145,0.05496336,-0.4962614,0.2527799,0.001528074,0.2120538,0.463865,-0.5835924,0.1584699,-0.01883162,-0.2907729,0.08489269,-0.3698102,-0.1466429,0.0251376,0.3176416,-0.4539204,-0.03239458,-0.2640082,-0.07351748,0.2271738,0.06756783,-0.007022982,0.2907335,0.4608674,0.0315228,-0.5336136,0.3994473,-0.07162572
0.1976146,-0.6377907,-0.04030797,0.1425439,-0.2226907,-0.2614481,0.30209,0.2333737,-0.01921149,-0.3349475,0.1898967,0.393612,0.1078997,-0.2318671,0.000225454,0.3708327,0.00487242,-0.06039548,0.2923186,0.2399517,0.4154205,0.4743582,-0.01475749,-0.01739966,0.2245006,0.06985672,-0.172265,0.0682326,-0.1449356,0.02150715
0.0176592,0.1209105,-0.7134281,0.02464095,0.3231901,-0.4031041,0.1744467,0.00257208,0.3206238,-0.005730556,0.001297923,0.00519088,0.02416676,-0.4389849,0.2314788,-0.04999441,-0.01086291,0.3586732,0.1603249,-3.521651E-06,-0.3766193,0.07648346,0.4746295,-0.1151566,-0.5936943,0.1304816,0.03236356,-0.07216042,-0.04140502,-0.02063003
0.001482658,-0.2734325,-0.3077052,0.06201071,-0.5425537,-0.01585072,-0.3497386,-0.1796247,0.3730819,-0.02263563,-0.1558179,-1.0994,-0.7348123,0.009643272,0.3238791,-0.007624124,-0.006235229,0.4847506,0.01070054,0.1842308,0.03114094,0.4925915,0.005368343,0.05109808,0.005644262,-1.673177,0.004057603,-0.8050799,0.3693712,-0.09688934
-0.225452,0.1422564,-0.4019967,0.02289982,0.113717,-0.4636326,0.3467783,-0.4297248,1.234381,0.1432824,-0.0002623407,0.02382886,-0.0006047993,-0.1775626,0.3848053,-0.0604014,-0.3693681,-0.3044538,0.3329822,0.3076147,-0.04210116,0.0003927984,-0.06591523,-0.3793755,0.00021409,1.587481,-0.2504016,-0.2493951,0.001854877,0.3237317
-0.06189865,-0.3532549,-0.5995821,0.04667991,0.3145998,0.03818329,-0.1466059,0.3129009,-0.001217685,0.1573598,0.273702,-0.4520147,-0.1484072,-0.4687381,-0.01726917,0.1461587,-0.07973339,0.03576273,0.007119341,-0.3115239,-0.008792934,-0.0242663,-0.004877691,0.0001020348,-0.08148508,-0.1192097,0.3683056,0.09010707,0.7412476,-0.08350509
0.4811124,0.5940027,-0.1664632,0.1546519,0.09428441,-0.08900565,0.1221941,-0.009423712,-0.09590571,-0.1074349,0.05953431,-1.040198,-0.04334793,-0.3027108,0.1515231,-0.08623728,-0.06269521,-0.7584761,-0.09338844,0.05762812,0.2750144,0.2903535,-0.04796976,0.163587,-0.02246964,-0.4992175,-0.0300823,-0.1096547,-0.04367679,0.4425336
-0.04674136,0.005015295,0.2646049,0.008451405,0.04032694,-0.3246982,-0.0006451015,0.04980512,-0.09843563,-0.07986404,0.1608667,-0.06341586,0.3863698,0.0007012906,0.000401632,-0.4117308,-0.4647486,-0.05341839,-0.307193,-0.2798208,0.1973766,0.09725619,0.4476659,-0.02409236,0.1221028,-0.02329509,-0.2934754,-0.991031,0.005908474,0.6633604
-0.008597014,-0.3247932,-0.298236,-0.2361104,-0.04712957,0.04796916,0.1441115,-0.1206036,0.1417612,0.8906063,0.1159153,-0.06439286,0.05486156,-0.02060697,0.4242961,0.06434952,-0.0430261,-0.6807225,0.4202616,0.5363861,0.2732185,0.7588619,-0.4785459,0.1136478,0.1378147,-0.1297214,-0.0007180508,-0.08578855,0.005380036,0.08023517
-0.2454632,0.5267884,0.002945218,0.3401146,0.0009755298,-0.04354174,0.02401696,-0.05274218,0.08367699,0.3076289,0.1751528,0.001007598,-0.2188729,-0.3228891,-0.1319179,-0.3380351,-0.2034017,-0.001367398,-0.3648181,0.1127765,0.4087243,0.7766023,-0.5331157,-0.1502931,0.4349461,-0.1506893,0.04376017,-0.6523937,-0.02344535,0.1468263
-0.2061171,-0.006197328,0.02874953,0.1671914,0.08839559,0.07452781,0.07985194,-0.548509,-0.01360866,-0.165132,0.4217268,-0.1092695,-0.3881003,-0.6149421,-9.156982E-05,0.02161356,0.1584279,-0.002452989,0.06664568,0.4308364,0.7366708,0.6259727,-0.0195821,-0.09064069,0.3729161,0.002156844,0.01300223,0.0001511246,0.008259462,-0.1319008
-0.01606852,-0.3168408,-0.08043173,-0.4348151,-0.1211956,0.09211252,0.4847231,-0.04326278,0.05298108,0.01245143,0.008725123,-0.09705733,0.003601155,0.3637375,0.09620912,0.2217551,0.6338357,-0.07083172,-0.0141871,0.03989819,0.08164807,-0.01366937,0.1055785,-0.1461182,0.1202031,-0.1133888,0.3791218,0.1230757,-0.01821548,0.3475875
-0.2721566,0.4600339,0.9072689,-0.1136352,0.3926827,0.4255309,0.2632577,0.2279089,0.1105221,0.0003024429,0.1637532,-0.8077646,-0.2576394,-0.04164701,0.2287247,0.04296729,-0.2886124,-0.3891203,0.04329784,-0.08843082,-0.02870477,0.2632058,-0.007324425,-0.4011231,0.0003061334,0.5662706,-0.7225188,-0.06062699,-0.06467895,-0.1750917
0.2890198,0.08570868,-0.1453126,0.1434449,-0.001853609,0.01221362,0.3106529,-0.03741475,0.1758805,-0.0395304,0.08214837,1.328416,-0.3214032,0.02628404,-0.1888331,0.4904763,-0.0005363783,-0.003408962,0.02308452,-0.0006904672,0.2658637,-0.04847721,-0.4995593,0.4689164,0.006133235,0.01466719,-0.01722645,-1.425338,0.2247584,0.1059793
-0.7005675,-0.3626939,1.392763,0.00251565,-0.1255306,-0.003557662,-0.2025304,0.2421466,0.1805799,-0.2315992,-0.2521334,0.3313827,-0.003680293,-0.02649744,0.001569435,0.6301449,0.5544177,-0.1775323,0.1209118,-0.05337209,0.2421982,0.3566196,0.2711356,0.2022544,0.09487578,0.2834066,0.002421935,0.2819469,-0.1525546,0.2725147
-0.06972188,-0.0714675,0.5495818,-0.2771577,0.03449719,-0.1282273,0.5314753,-0.6555007,0.2248374,-0.1434344,0.06794997,0.2631675,0.3601028,0.2123594,-0.04116096,0.2174066,0.02598763,0.04840879,-0.4693961,0.1108876,0.05279011,-0.1993519,0.1817267,-0.009564211,-0.3547726,-0.01952657,0.003787473,-0.05034608,0.295848,1.320676
0.1123236,-0.4417609,-0.1094395,0.3736591,-0.888564,-0.3283374,0.04260473,-0.04367004,0.01659163,0.292102,0.4201056,0.02066424,0.4601312,-0.008290892,-0.984418,-0.08538999,-0.139634,0.125646,0.772741,-0.1191859,-0.01587445,0.139965,-0.03161384,-0.06008488,0.4729452,0.1480513,-0.3386304,0.001909856,-0.5981979,-0.2959282
0.02311248,-0.3888144,1.394178,-0.2934002,-0.1207779,-0.282426,0.2369129,0.2711228,-0.0003380391,-0.3174421,-0.798129,0.03444728,-0.1660424,-0.1586604,0.4621603,-0.1237108,0.05602819,-0.7236378,0.9844848,-0.5907618,0.05287057,-0.06495927,-0.104293,0.1461029,0.3314135,0.01775887,0.06333154,-0.0005727225,-0.0174425,0.05088129
;
-0.01369774,0.009971621,-0.2209337,-0.1304005,0.08258313,-0.2488864,-0.2870796,-0.7960335,-0.4553596,-0.03504576,-0.03674829,-0.03242415,-0.0209344,0.4993259,0.02154712,-0.4696649,0.2580066,-0.1407212,-0.2859405,0.02213076,-0.1162661,0.3086296,-0.04458393,0.2197051,-0.05957951,0.3285908,0.1958409,0.05683956,0.1172176,-0.05062149
-0.813557,0.3072214,0.4705851,-0.0482345,-0.1579856,0.006153591,-0.2930483,-0.1160597,0.1163481,-0.07672048,0.1322284,-0.0302121,-0.3968052,-0.1206868,0.2780755,0.004111679,0.2701696,-0.2755544,-0.1096595,-0.1253938,0.2090279,-0.001286024,0.6148469,-0.8711724,-0.1465411,0.04073588,0.05233696,0.3035115,0.1886006,-0.0828102
-0.02303606,-0.1009703,0.2033283,0.2282707,0.2079875,0.03892065,-0.1655469,0.1434672,-0.2436435,0.6465573,0.287504,-0.06506961,-0.07541791,-1.575599,-2.355479,-0.07390348,-0.01103223,-0.3387088,0.06991619,0.09956747,-0.01346795,0.7459043,0.0302221,-1.145793,0.3829908,-3.436048,-0.01838334,0.5282693,0.2000224,-0.4549317
;
