-0.3670362
-0.4146743
-0.2958907
-0.1712874
0.0002536654
0.02902668
-0.3375701
0.1906627
-0.4903864
-0.3563115
;
0.6245786,-0.3771431,0.6714506,0.002816626,-0.2048637,0.3922334,-0.3513633,-0.008859021,-0.0293761,0.2092185
0.7434881,0.4663263,-0.1535641,-0.2156924,0.05981332,0.02547368,0.1305531,0.09991631,-0.02171376,0.4092027
0.0006685498,-0.09872265,-0.2112047,0.2789832,-0.2700586,0.4821526,0.02072435,0.4931829,-0.03638953,0.2299362
0.7042783,1.174802,-3.309394E-05,0.1301422,0.827624,-0.2842979,-0.01121482,-0.01940622,0.03238532,0.1694917
-0.09789807,0.04608744,-0.4780103,0.1412836,-0.4961352,0.02420706,0.0003801691,0.01840713,-0.1508349,0.231815
0.002119369,0.4758862,-0.1709836,0.2360208,-0.122561,-0.04472338,-0.3214943,0.09403902,-0.8465391,-0.3301023
-0.3573714,-0.002035924,0.01537997,0.6743263,-0.3139125,0.009748125,0.3470312,0.2891985,0.02614428,-0.3504215
0.3892381,-0.0459794,-0.1846819,0.2805016,-0.3528257,-0.3684189,-0.2413986,0.2147039,-0.3905803,-0.01475571
0.09536618,0.4090772,0.1068971,-0.4499727,0.2283755,0.02222437,2.334089,0.04458723,0.3478234,-0.089733
-0.4701865,0.04935331,0.08425789,0.4428368,0.8105426,-0.04250568,0.3729477,0.1683575,-0.05783552,-0.2955213
;
-0.001283854,-0.06341902,0.03051045,0.1652252,0.0610677,-0.2184076,0.01817364,-0.004925284,-0.5449739,-0.1678851
-5.339963E-07,0.02309785,-0.003496873,-0.08329524,0.1394405,0.479346,-0.01943463,-1.343432,-0.6510603,0.3531352
;
-0.004746642
-0.2597456
0.04670446
0.1243171
-0.07300529
0.006218668
-0.1024015
-0.4475129
0.6502694
0.04780346
;
-0.1646618,-0.1738456,0.3233067,-0.05174955,-0.04012886,-0.02744102,-0.4273554,-0.01425821,-0.009974343,-0.03616156
0.128494,0.2792041,0.003812023,-0.08370894,-0.2092325,-0.07567465,-0.3071393,0.2033682,0.5326478,0.1303636
0.1036622,-0.1183562,0.007916451,-0.09003752,0.6917098,0.1665132,-0.2547432,0.02726966,-0.04275905,0.4706588
-0.1910393,-0.003209495,-0.487669,0.06456777,0.1441421,0.001650725,0.4000356,0.0021103,0.08732218,0.8923417
0.1539386,-0.2473009,-0.6543151,-0.3527286,-0.1663587,0.1981845,-0.2461264,-0.3058536,-0.3846526,-0.1295594
0.4768462,0.1296101,0.000316483,0.01338643,0.08298653,-0.12574,-0.04162337,-0.04918238,0.1278699,-0.3446745
0.01816241,0.7286648,-0.01211581,0.0004439826,-0.9193686,-0.2678168,0.2048197,-0.248089,0.5700669,-0.4872941
0.1297161,0.05425256,-0.500138,-0.1246674,-0.01531608,-0.4244676,0.2292842,0.01137159,0.004359716,-0.2407662
0.2728953,-0.01993748,-0.2444385,-0.01285191,-0.2456389,-0.08201367,-0.2869814,0.59851,-0.1354493,0.07791811
-0.359596,-0.3593626,-0.06063456,0.06772017,-0.2747499,0.2558619,0.05424649,-0.7103533,-0.07559288,0.1840325
;
0.01262912,-0.1971852,-0.01337892,-0.1688786,-0.2012651,0.160433,0.1664648,-0.4470619,0.1065202,0.05353462
0.6138403,-0.1396472,-0.2624522,-0.461345,-0.09616047,0.5445617,0.01146991,-0.1718188,-0.09328884,0.06522732
-0.1544387,0.01474373,-0.3192364,0.01495474,0.06504876,0.01394289,-0.06380741,-0.3431019,-0.5843083,0.2133852
;
0.04437519
0.2336504
-0.4817075
0.474721
-0.6633087
-0.0008731703
-0.03591878
-0.1106755
-0.4496654
-0.01422782
0.03672525
0.4991346
-0.3587605
-0.2176399
-0.1239609
-0.2629834
0.0768171
-0.3995197
-0.2250329
-0.1036895
-0.2386829
0.001777526
0.1575771
-0.230588
0.2633009
0.080355
-0.162016
0.3858861
-0.02345708
-0.3016571
;
-0.4202623,0.2889392,0.2856308,0.1472791,0.4285151,0.002868223,-0.007726102,-0.4087123,-0.4880857,-0.3795575,0.2293609,-0.2194826,-0.2623382,0.01752938,0.3089859,-0.3563976,0.0002629936,0.3573177,0.8412463,-0.1779341,0.2189482,-1.235434,-0.00981482,0.01765472,0.2902696,0.08815205,-0.09020821,-0.9809737,-0.04275194,-0.2638723
-0.2370428,0.2790789,0.1771537,0.09818113,-0.2194034,0.04932279,-0.02057878,0.4818294,-0.3799524,-0.01855121,-0.008829892,-0.4622287,-0.03540206,-0.3679773,0.002893839,0.1740967,-0.1009115,0.1840277,0.3804159,0.4951364,0.4119914,0.04067924,0.3154539,0.1414229,0.006950849,0.4222221,0.1381785,0.07418233,0.2874462,0.08837014
0.1913596,-0.4545543,-0.0009694821,0.6708705,0.09253639,-0.3157911,0.2842749,-0.05838886,0.1037803,0.05756799,0.2514689,0.06029893,0.9499146,0.4013321,-0.4936994,0.7149745,-0.2501018,0.4999876,0.2555608,0.5695618,0.00309551,0.3671266,-0.02100692,0.005871747,0.03743726,-0.5803114,-0.1785148,0.0670107,-0.4979866,-0.1062619
-0.4589089,0.07249738,0.2982014,0.3326232,0.4889042,0.1971678,0.02272045,0.09427491,-0.09256291,-0.1166159,0.4369562,0.2954396,0.2854853,0.01049709,0.242831,-0.3115317,0.3525178,-0.4082397,0.03575514,-0.7456857,-0.03323632,0.03824517,0.1618278,-0.2197554,0.08279537,-0.4995149,0.08348233,0.02660316,-0.03198455,-0.2993485
-0.09482317,0.0004006028,0.1475557,-0.01595539,-0.5599941,0.3041305,-0.4462992,-0.2354452,0.3623416,-0.08077689,0.178176,0.01317771,-0.1148034,-0.08638719,0.06597134,-0.0001182169,0.0292521,-0.112878,-0.1039316,0.003511535,-0.4411708,-0.03969492,0.4787633,0.03551388,0.05319296,0.04180934,0.01078317,-0.3934262,0.5952132,0.01667332
0.1990445,-0.4100558,0.1960512,-0.0003717854,0.1903955,-0.2469314,-0.315536,6.213917E-05,0.4603291,-0.06116134,-0.3225546,-0.4823362,-0.09265257,0.01708362,0.4771228,-0.01976033,0.7092069,-0.08113562,-0.1956325,0.02102167,0.3862926,0.1339238,0.1894611,-0.4653772,-0.39244,-0.5589331,0.06199824,-0.2512246,-0.4156445,-0.09580177
-0.4953564,0.05019528,-0.03032368,-0.2844668,0.01275219,-0.4508624,-0.433323,-0.3721582,0.4461977,0.1341192,-1.872817,0.2114158,-0.1707866,0.08989634,0.1774435,0.05460292,0.119552,0.1375584,0.03035957,0.2932836,0.4761142,-0.4838568,-0.2258117,0.001173673,0.1116613,-0.2009442,-0.08470359,-0.1713351,-0.4823745,-0.2148317
-0.2374491,-0.0429539,-0.002202571,0.01244932,-0.1148089,0.00127463,-0.7097242,-0.4892913,0.3124732,-0.4143107,-0.342347,0.09209864,-0.2349255,-0.03167695,0.6084516,-2.43259,-0.2415134,0.00143271,-0.3321469,0.3752127,-0.2382444,-0.2098749,0.006065619,-0.02646081,-6.509799E-05,-0.08955508,-0.01742217,-0.02360205,0.4820943,0.002228316
-0.1406197,-0.03792018,0.04338936,0.1329141,0.0003362936,0.05205134,-0.1777536,-0.1545624,0.2091095,-0.44283,-0.01922846,-1.005158,0.04906435,-0.3075168,0.1917361,-0.06458014,-0.1581886,0.1571242,0.2554324,0.6490446,-0.04930124,-0.2848408,-0.2640853,0.04831859,0.0006796757,0.2338588,2.407606,0.09243995,-0.4517491,-0.7312174
0.3452034,0.1870098,0.2207367,0.6367775,-0.3365955,-0.09915096,-0.1887809,0.09701823,0.2590251,0.04579873,0.003593418,0.3469065,0.3395689,0.06210267,0.04636651,-1.695741,0.04968647,0.006412015,-0.004559183,0.0003868249,0.2312381,-0.02581537,-0.01163552,0.01140571,0.6240546,-0.03211515,-0.1971301,0.2431332,0.1257325,-0.4652897
-0.4388351,0.2194302,0.01387152,0.02353325,0.05638486,0.3082185,-0.3484257,0.4915243,0.1376833,0.1273536,-0.3796973,-0.03929901,0.009564131,-0.5651546,0.8188681,0.006011474,-0.003742334,0.5610827,0.4190167,-0.006099928,-0.1925813,0.2808143,0.02572254,0.1494449,0.02305282,-0.008759382,-0.02379694,0.1372782,-0.1584848,-0.4706328
-0.6188263,-0.2125385,-0.01395186,-0.1755184,0.4181425,-0.09734911,-0.0278321,0.002054219,-0.0231245,0.004834116,0.2069144,-0.2246338,0.04334718,0.06694923,0.8349949,0.2737817,-0.5435776,-1.450282,-0.08706576,-0.238757,0.4624478,-0.2642308,0.03795361,0.4216217,0.444129,0.003771652,0.01982266,-0.4430977,-0.05807787,-0.1376011
-0.3130106,0.8024074,-0.1346373,0.3655904,0.1337759,0.2454586,0.001664692,0.001165998,3.900348,-0.8329427,0.131909,0.1163217,-0.7361646,7.839785E-05,0.08233351,-0.1044279,-0.4202061,-0.1288499,0.02969571,0.4804924,-0.2880832,-0.2731402,0.02777433,-0.004599988,0.04172302,-0.01743563,0.00352932,1.308034,-0.7488858,0.1901093
0.5554805,-0.241405,0.2370335,-0.4921465,0.4532011,-0.2075834,-0.07473874,-0.108298,0.1370084,-1.345774,0.6379973,0.08391595,-0.2749659,-0.1954379,0.3179631,-0.3421919,0.2187091,-0.1362917,-0.3758309,-0.2853218,0.3322531,-0.07793304,0.413957,-0.275425,-0.1317428,0.2740158,0.03472509,-0.07016498,-0.1206888,-0.4198854
-0.2087629,0.4917176,-0.4695389,-0.116085,-0.06855126,0.109331,0.004124872,-0.1343578,0.4104275,0.2959912,0.06107217,-0.5996427,-0.2221003,-0.1129801,0.2104252,0.01527345,-0.103072,-0.4186384,0.2218033,0.3393642,-0.06664547,-0.3492786,0.3549697,-0.01634923,-0.4145568,0.3565569,0.0102594,-0.3949047,0.3071256,0.3556249
-0.2058211,-0.04722623,0.1446208,0.01350546,-0.1258747,-0.7071438,-0.01084798,0.1796453,-1.401001,-0.04810962,0.263783,-0.1405441,0.001055011,1.35723E-05,0.2135383,0.1082922,0.03939741,-0.008055753,-0.02163845,0.527372,-0.01779372,-0.09426898,0.02276845,0.1749362,-0.1294263,-0.004510398,0.4814193,-0.4963874,0.982273,0.0330602
0.1909811,-0.05038297,0.5939822,-0.2395964,0.01743451,0.08637142,-0.04144834,-0.1198123,-0.01655101,0.002484869,-0.1013156,-0.001894045,-0.000164699,-0.07540077,0.6064733,0.05384366,-0.2175674,0.025947,-0.2520067,-6.696951E-05,-0.3144048,-0.03159503,-0.1233328,0.414902,-0.1886579,0.07508057,-0.4705647,0.7256506,0.3481683,-0.07606786
-0.182117,-0.01980054,0.8703319,-0.05171373,-0.2118259,-0.176618,-0.0005295954,0.2941211,-0.3679117,0.1356035,-0.1086602,-0.1266341,-0.07530095,-0.4916774,-0.005538865,0.2419752,-0.3355207,0.05925154,-0.0399974,-0.476316,0.004200303,0.3394152,0.06894988,-0.5751558,-0.1593275,0.4962945,-0.04427603,0.02690091,0.1435542,0.2538417
0.09398586,0.006928358,-0.1959349,0.3324887,0.302812,-0.08280096,1.059902,-0.4238932,0.1611182,-0.008368871,0.2298518,0.1256088,-0.005636891,-0.1044034,-0.583995,0.9040793,0.06750964,-0.08202241,-0.005804638,-0.01698501,0.08864703,-0.0004346865,-0.02728811,-0.04858714,0.0808907,-0.09614345,-0.3262852,-0.01576904,-0.2714977,-0.0003255144
0.3441761,-0.02162336,-0.1106905,0.3963694,0.3353053,0.3885591,-0.328722,0.321155,-0.0855397,0.414427,-0.41076,-0.09336919,0.1380632,-0.3214756,0.001199889,0.29921,-0.3179561,1.6946,-1.34193,6.251311E-05,-0.3922912,0.3450551,0.3363367,-0.01018639,0.7505581,-0.1302397,0.00883918,0.0005401933,-0.04554149,-0.2351733
0.4192691,0.3873452,0.1575557,0.002548277,0.002430497,1.005263,1.330252,0.004157699,0.2755259,-0.4904495,-0.00132913,0.1322419,0.1142181,-0.04329516,0.5167009,0.0003103133,-0.208751,-0.4194036,0.04187588,0.1867896,-0.6394568,0.02476332,-0.4519486,-0.04497856,-0.09267817,0.2564245,-0.04752281,-1.189958,0.6371843,-1.296232
0.03461725,0.0148803,0.04667228,0.306477,0.04948285,-0.4280411,-0.07657796,-0.01082022,-0.3297852,-0.19965,0.2381776,0.3916186,-0.006915051,0.4292493,0.689673,0.3819512,-0.4151272,0.2701157,-0.3723722,0.3576416,0.004069522,0.01176253,-0.05472659,-0.06514914,3.670751E-05,0.007570317,0.01510564,-0.118501,0.4274166,-0.2878869
-0.01578862,-0.4132289,-0.07145661,0.0002496888,-0.194718,-0.001821642,-0.9047881,0.2838103,0.04409503,0.1523104,-0.104523,0.5173405,0.4681328,-0.5492199,-0.09617001,0.182861,0.01868862,0.3816265,0.2803642,-0.2070653,-0.3122442,0.004374461,-0.2584521,-0.1591982,-0.05683127,-0.2584013,-0.3139235,0.0779774,-0.1954594,0.07204828
-0.2298406,-0.3338352,-0.006503642,-0.1654212,0.1259775,-0.2352437,0.0038047,0.4628892,-0.3035532,-0.0101412,-0.3795629,-1.052394,-0.0001966282,-0.2423252,0.1433861,-0.196904,0.1134451,-0.1740035,-0.06629449,0.01190615,0.470072,-0.02658344,0.2198511,-0.05396461,-0.3551907,-0.0344929,-0.3041964,-0.4963312,0.08444034,-0.04708308
-0.2329876,-0.4203182,0.4502585,-0.7333041,-0.08341831,0.5608376,-0.1691689,0.007177256,-0.3052323,0.08799662,0.0006326885,-0.01119123,0.0004615188,0.02074191,-0.1111143,0.478742,-0.2316517,0.2970886,-0.04831003,0.2941875,0.08770084,-0.3434223,0.0472893,0.4090276,-1.19129,-2.323901,-0.06970046,0.01732793,0.2317991,-0.1947286
-0.1104259,-0.1216051,0.2224959,-0.001805803,0.1643085,0.3872578,0.01156657,0.1077483,-0.2432209,-0.06350172,0.003933119,-0.1803013,0.05732304,0.120503,-0.7394379,0.08367103,0.2107166,-0.006110298,-0.006957202,-0.3370829,-0.4415121,-0.05540963,-0.3411696,0.1194893,0.1407622,0.2987707,0.4263377,-0.1675829,0.0001929755,-0.2829338
0.1558293,-0.04705137,2.774012E-05,0.4025384,0.008534125,-0.2075825,-1.160136,-0.09671049,0.2048441,0.1642043,-0.02637243,-0.01805427,-0.5207844,0.51821,-0.6933439,0.4444487,-0.1051969,-0.4778328,0.32991,-0.7644618,0.1140185,0.01121829,0.3055769,0.06127929,0.2848347,-0.3344669,-0.141677,-0.005780227,0.1115026,0.1620569
0.1460829,0.02007478,-0.2329018,0.02393537,0.09822675,-0.2604526,-0.1026001,0.7020028,-0.1987192,-0.003602673,-0.742897,0.2761834,-0.1840703,-0.01024336,-0.4295854,0.3905298,-0.0008478113,-0.1832408,-0.4296708,0.003491104,0.002542764,-1.11784,0.2570195,0.04560035,0.06203787,0.06398484,-0.5862449,0.1538652,-0.2966603,-0.4797394
0.4105899,0.4626725,0.4799745,0.3349548,0.135541,-0.2845644,0.9627289,0.3512167,0.6082076,-0.01665397,0.3875648,-0.4071444,0.0004300282,-0.4014962,-0.3266497,0.3854498,0.01251441,0.2424737,-0.466268,0.2273419,0.1460535,0.2077498,-0.003812379,-0.06777638,0.3272358,0.2005709,0.3643926,0.0727851,-0.03481114,-0.003184825
-0.1852681,0.8212845,-0.1969098,0.06467015,-0.007428267,0.3882851,0.04349167,0.07758487,-0.003044388,-0.3921522,0.003181551,0.2810525,-7.000561E-05,0.09391397,-0.01235725,0.0250956,0.01230956,0.115143,-0.1472204,0.008942252,-0.7096416,-0.06773493,-0.02936071,-0.1494312,-0.1647134,0.00720437,0.1413202,0.1417979,0.48807,0.3186652
;
0.2156568,-0.05042233,0.03613675,-0.5509215,0.02085411,-0.005009011,-0.3906105,0.006169396,0.506052,0.2280462,-0.02423646,-0.2554693,-0.4885608,-0.1317192,0.2403493,-0.1173078,0.0008461881,-0.001229857,-0.0007401178,-0.2507153,0.4145049,-0.06201548,0.2297736,-0.3621432,-0.3905323,0.007588618,-0.04418711,-0.1295365,-0.3372753,0.05011531
-0.1894783,0.02487074,0.423686,-0.2010391,0.09274453,-0.02104199,0.02907506,-0.147376,-0.09518319,-0.000899141,-0.1566009,-0.01592704,-3.845865E-05,-0.01444071,-0.1905481,0.2201661,-0.009458502,0.01738125,-0.1143649,0.1249544,-0.02849526,-0.09634592,0.6179953,0.4323432,-0.1009798,0.01715344,0.4493145,0.02124439,0.2096305,-5.755649E-05
-0.239885,0.2794729,0.2949256,-0.2300596,-0.002836883,-0.0690487,-0.1377212,0.001135528,-0.412335,0.2551874,-0.437669,0.0008912453,-0.7306373,0.2136515,-0.01768225,-0.3761528,-0.02584543,0.3365936,-0.1061308,-0.2437893,-0.00276524,0.4105967,-0.2576072,-0.1308845,-0.3793341,0.3316714,-0.1358124,-0.02728291,-0.5533441,0.4784963
;
-0.02557869
0.1606192
0.4391577
0.009905198
-3.709047E-07
0.1554273
0.07196724
-1.096404
0.0277877
0.3507226
0.320846
-0.008188381
-0.3253987
-0.0001178533
-0.3785288
-0.001649439
-0.1094411
0.2954351
0.1074573
-0.03806299
0.484808
0.03479042
-0.1294005
0.4974225
0.2777649
-0.04816085
0.202068
0.1666521
0.2557005
0.2587397
;
-0.2485951,-0.8500276,-0.3384516,-0.1559969,-1.584201,-0.2749614,0.1156334,0.3675611,-0.3314286,0.4166786,-0.2888864,-0.1999628,-0.3239751,0.04414956,-0.6842524,-0.8038164,0.01362103,-0.02319575,0.3824973,-0.2306016,0.01883346,0.01975028,-0.2159877,-0.1257115,0.04383881,-0.07687825,-0.2823647,0.004868029,0.005058192,-0.3553352
0.4436461,0.00336727,0.6304755,0.1930444,0.006175975,0.08472507,0.1001946,0.02753377,0.1287441,0.1369587,0.1486248,0.05463021,0.3266815,-0.01771729,-0.2442207,0.03579367,-0.03935546,0.2511085,-0.4977114,0.3215306,0.3274063,-0.1809283,0.01366654,-0.2668735,0.03177265,-0.1503362,-0.1267369,-0.1148761,-0.1464229,0.1742565
0.008222526,0.4912256,-0.0957759,0.4631054,0.007850792,0.06137849,1.553714,-0.1242489,0.04360855,-0.03792333,-0.1936223,-0.4925153,0.2249746,0.4086975,-0.169562,0.1673426,0.09225578,-0.0894975,0.1191247,-0.07551866,-0.01305836,0.3873408,-0.0867182,-0.04052427,0.2909416,-0.3842328,0.395485,-0.2511508,-0.3101599,0.1694343
0.1813942,-0.2462865,-0.3957117,-0.08432108,0.4596749,-0.259452,1.858669,2.276438,-0.08382399,0.3264912,0.06226009,-0.01892632,0.02678024,0.09097904,0.03703938,-0.110437,-0.2488577,-0.165908,0.5690987,0.2885993,-0.04020456,-0.01035374,0.01324345,-0.242095,0.1378997,-0.006387338,-0.2259665,-0.1884055,0.02393947,0.143537
0.008548993,0.1731216,0.4616099,-0.0003705523,1.365025,0.0007419993,-0.05595194,0.1002777,0.0928497,-0.1678632,0.0002605319,0.1264883,-0.2246987,0.2966949,-0.05648236,-0.0004667054,-0.3168623,0.2073182,0.3771631,-0.1102301,0.05185694,-0.1280275,0.003327104,0.03711751,0.3220656,-0.3229128,0.1355876,0.1278773,-0.2776952,-0.2216143
-0.3012934,-0.06141086,-0.1350242,0.0640947,0.4402108,-0.1723645,0.2765665,-0.06670329,0.2572035,-0.3874371,0.4201304,0.8364996,-0.03726071,-0.2485067,0.7188675,0.1374884,0.4295579,0.09167501,-0.1702094,0.001818105,-0.1758036,-0.156271,-0.01307591,-0.3317858,0.4785522,-0.2550466,-0.07419366,-0.01053488,-0.1250632,-0.1469429
0.02786368,-0.08905283,-0.09395073,0.05719059,-0.2734714,-0.2610456,-0.395959,-0.01067902,0.1784469,-0.02175849,9.350666E-05,0.4194973,0.07486278,-0.1593844,-0.3591197,0.1739665,-0.2592247,0.3353338,0.007910217,0.4283351,0.4641643,0.1166014,0.08391937,-0.09960014,-0.2114127,-0.3290977,-0.0158382,0.007710763,0.07228976,-0.02211428
0.4005944,-0.09733269,-0.002443937,0.4357183,0.3297993,-0.5448967,0.2349681,-0.03143451,0.5277023,-0.1854832,-0.1195361,0.4833431,-0.04403848,-0.007426579,0.2536035,0.3350208,-0.4570601,-0.4380681,-0.4957373,-0.04844727,-0.01182038,-0.2231558,0.3452085,0.002410063,0.03558476,-0.09671572,0.01729061,-0.1726462,-0.1052745,-0.3770997
0.5127305,-0.3197986,-0.2103741,-0.5513664,-0.02607305,0.1313705,0.4500424,0.2190791,0.2790395,0.002311765,-0.09186943,0.03302997,-0.02720597,0.04788536,-0.3295884,-0.2433701,0.4586513,0.07942373,-0.01291355,0.3052793,-0.1977114,0.2099143,0.3479716,0.099694,-0.5371323,-0.11586,0.1088697,-0.4913306,0.07994515,0.4693603
-0.02289444,0.01147097,-0.8182961,0.02861114,0.08350343,0.3081697,-0.003857921,-0.1090543,1.345058E-05,-0.4962953,-0.5570094,-0.2036984,-0.01680383,-0.3024468,0.3327828,0.1055272,0.4685477,0.1103183,-0.2679353,-0.06375615,-0.2366039,-0.1364442,0.001585269,0.08989054,0.07416783,-0.1082891,-0.01690005,-0.2446093,0.03537064,-0.1830948
-0.02171041,0.1077258,-0.5973156,-0.1462729,0.497317,-0.00202666,-0.003947556,-0.3727643,0.131428,0.2088565,0.4160666,0.230021,-0.393217,-0.03048423,-0.001620151,-0.3413861,-0.03920388,0.02443526,0.09877469,-0.01304977,-0.1316086,0.02986736,-0.1661531,0.03088732,0.1463187,0.4049295,-0.2583978,-0.0631941,-0.09576339,-0.2442011
0.1053493,-0.0005814686,-0.4367752,-0.417052,0.1265224,0.05969325,-0.01599398,-0.1965172,0.09307986,0.02949653,-0.1026262,-0.03706568,-0.00496283,-0.1977047,0.01248742,-0.1678767,0.06066332,0.2479555,-0.1989305,-0.5739967,-0.1557085,-0.8181045,-0.1839706,-0.1813925,-0.4460998,0.005150646,0.4079419,0.327389,-0.0166657,-0.001206046
1.043009,0.3489399,-0.4182305,-0.07293028,-0.2268791,-0.03579474,0.05360384,0.07835535,-0.05597268,-0.01951657,-0.2262713,-0.3368529,0.2524995,0.1390457,0.006916462,-0.3763954,-0.5686029,-0.02140778,0.3346672,-0.001473012,0.0965604,0.06789604,-0.08150062,0.1220334,-0.4388475,-0.004978903,-0.01512156,0.2546053,-0.08783141,0.2493687
-0.098574,-0.06198893,-0.01125875,-0.07949179,-0.3171788,0.00441373,0.1696563,0.4606478,0.04387172,0.9269645,0.1898967,-0.06680582,0.02166519,-0.3047768,-0.0001852843,-0.0001067634,0.1590822,0.1080832,0.08676444,0.4816813,0.2984829,1.458801,0.001812749,0.00900239,-0.05751787,-0.1736335,-0.02721586,-0.6940326,0.2060882,-0.05705159
0.4823961,1.439982,-0.1331428,-0.003367353,-0.1108567,0.3229976,-0.1635955,0.02782957,0.233584,0.1380221,-0.05716816,0.3189059,-0.06185145,0.08767696,-0.07472835,0.02437788,-0.005551146,-0.9811037,-0.2194521,-0.1890222,-1.210995E-05,-0.08569235,-0.280899,-0.1929009,-0.7470539,0.3550025,0.2391771,7.395708E-05,-0.38888,-0.02342123
-0.01927663,0.2449466,0.2682254,0.0001623415,-0.1743371,0.04237753,0.0383784,-0.08039372,0.4021965,-0.04977166,-0.3125839,0.3483813,1.477086,-0.1940345,0.0005920905,0.2816161,0.4731883,0.03338591,0.3612514,0.1865662,-0.2521399,-0.1927055,0.04108037,0.1233549,-0.1726813,-0.3681666,0.2729908,-0.3848451,0.22596,-0.06636158
1.025393,0.2642687,0.007631514,-0.07881933,0.1035579,0.01671035,-0.211657,0.1547332,-0.1151722,0.4073403,-0.2044207,0.4897313,1.784456E-05,-0.3293692,-0.02751468,-0.05648501,-0.05212623,-0.08637351,0.4427333,0.4741033,0.832581,-0.2024278,0.01716461,-0.3103259,0.0005146366,-0.7307824,-0.8239848,-0.3180157,-0.340079,0.04191166
-0.04301527,0.09951073,0.234751,0.3628263,-0.07437688,-0.255119,-0.7787682,-0.2019857,0.3047223,-0.2237263,-0.06095199,-0.002762669,0.5251744,-0.002124958,0.1854902,-0.3166313,-0.3327453,0.02183763,-0.7290676,-0.03280377,-0.02773731,0.04904133,-0.4423214,-0.1865503,0.3365009,-0.1159914,0.3683056,0.03435943,0.1789261,-0.5373943
0.3702807,0.5398718,0.1674287,0.2503638,-0.003073449,-0.01688156,0.4035602,-0.06197673,-0.3257523,0.05830115,1.725379,-0.1077421,-0.9079638,-0.1644524,-0.1292383,-0.3699151,-0.009071653,0.2721119,0.1693032,0.05093005,-0.002503069,-0.09985445,0.04062025,-0.08393428,0.04145042,-0.1828392,0.001481222,-0.04232306,0.07648962,0.05323603
-0.07159233,0.3940578,-0.01185348,-0.4822191,-0.0002007259,0.3692665,-1.989927E-05,-0.797321,0.03607011,-0.07180942,-0.09056911,0.06063098,-0.0008077077,0.1254263,0.6995464,-0.04071238,-0.6286808,-0.09669632,-0.002051796,0.06758159,-0.2857324,-0.1140326,-0.1468941,-0.1478944,-0.1389728,-0.2760026,-0.2629131,0.08042668,-0.1883542,0.1659545
1.399893,-0.1128364,-0.4646356,-0.02138824,0.05030562,0.07151078,0.4626903,-0.4901961,-0.4280015,0.1229958,0.3578799,-0.1050274,0.3752755,-0.01931743,0.0526998,0.02009273,-0.129558,-0.08401472,-0.2206178,-0.7288913,-0.033425,-0.4705248,0.3054193,0.1562049,-0.0139471,0.352243,-0.3921133,-0.002421439,-0.004383876,0.07468802
0.3757466,0.004606247,-0.001636583,0.6015682,-0.3672816,-0.02619233,0.006556989,0.1346636,-0.05011994,0.4812045,0.1483082,-0.0008282395,0.01329411,0.2035443,0.5687752,0.4874729,0.05515908,1.369364,-0.7088248,0.1127765,0.1567802,0.01249025,0.1175198,-0.471177,-0.004967562,-0.3476706,-0.1677548,0.0524102,0.007265806,0.4333455
-0.4046221,-0.4007452,-0.3926324,0.1021142,0.7191513,0.04712349,-0.3111396,0.4023995,0.08105093,0.3223009,0.3494667,0.02075285,-0.4485111,-0.1246191,0.4772282,-0.109968,0.2423486,0.004937248,0.4034951,-0.2447398,-0.2444446,-0.04499973,0.001907647,0.3142138,0.007992601,-0.02342118,0.07743344,-0.09486505,0.09116966,0.01831095
-0.2355862,0.1377441,0.09280637,-0.4868506,0.1819806,0.02378279,-0.07798016,0.03363549,-0.009465164,-0.02570878,-0.00679772,-0.273998,0.002586251,0.5145696,-0.05062745,0.1576501,0.3053309,0.02475893,-0.3470267,0.4148169,-0.08164807,0.01921173,0.07923645,0.01985858,0.2776909,-0.03653613,-0.004167287,0.009849847,-0.6131269,-0.3047132
0.004154879,0.2107948,-0.4498259,-0.1136352,0.3066652,-0.4255309,-1.092744,0.2323971,2.01626E-05,0.4972733,-0.01299542,-0.03315548,0.05449922,-0.1461244,-0.3292948,0.0218925,-0.1825517,0.02853426,-0.4272159,0.19977,0.0306101,-0.4791235,0.3897755,0.1563067,0.2747026,0.3988402,-0.1462883,0.1086934,-0.1195787,-0.001703498
0.001190756,-0.05340713,-0.324531,-0.3858793,0.3761765,-0.2964187,-0.2649,-0.003081767,0.2237928,-0.4782749,-0.0002582906,0.3135343,0.01391483,7.551626,0.2681917,-0.3298154,0.4070465,0.08577114,-1.151516,0.1281258,0.06550583,-0.01934622,0.4618267,-0.1769564,0.02790918,0.6119308,0.0405677,0.1982415,0.4107509,0.4790692
0.2019214,-0.1284848,-0.1890555,-0.007559976,0.1039933,-0.005353002,0.06931348,-0.1274447,-0.0004421484,-0.4327781,0.04597704,-0.216225,-0.339941,0.08080538,-0.001874183,-0.02920181,0.003005906,0.04708957,0.09176095,-0.05503925,-0.02448467,0.363362,0.05753136,0.1679128,-0.477285,-0.1199843,0.01345214,-0.1242359,-0.004221219,0.0588444
-0.7047973,0.807436,-0.01626035,-0.3291621,-0.2885877,0.01771643,0.0588613,-0.6104442,-0.002337979,-0.09610483,0.4539681,-0.3025205,0.1444708,-0.04857035,-0.000339506,0.06328183,-0.05504932,0.05345415,-0.006416078,-0.2514933,-0.0009459541,0.5569539,0.2058236,0.157716,-0.06290225,0.1846991,0.3556992,-0.2773028,0.3423994,-0.0106367
-0.221179,-0.004234233,0.0585888,-0.0005953997,-0.2934597,0.0274208,0.02247797,-0.3561158,-0.1917909,0.09232344,-0.008216647,-0.002961262,0.1970067,-0.003206091,-0.4170609,0.4146298,0.005857603,-0.151483,-0.6139166,0.03619907,-0.01838671,0.2249462,-0.1428799,0.1119793,-0.3102856,-0.01095365,-0.1863176,-0.06465834,0.4018143,0.2470122
0.08407535,0.2734348,0.001701508,0.01443417,0.05670696,0.0862518,0.07749258,-0.002574345,0.2354055,0.2757872,-0.1939965,-0.4050454,-0.3201253,0.2934369,-0.005210742,0.67441,0.4424143,2.194919,0.129303,-0.393479,0.2183144,0.3705137,0.01312582,-0.4204754,-0.002464374,0.06315898,-0.1370476,-0.1359008,0.168317,-0.2115718
;
0.3120497,0.8281803,0.3300136,0.175073,-0.4275414,0.09978897,-0.1914728,0.3501118,0.5823723,0.08418743,0.0002242555,0.05780867,0.2467972,0.02271543,-0.07536989,0.2155214,-0.33755,-0.03157676,-0.2548052,0.01998232,-0.0003663616,0.2063935,-0.9328809,0.04561765,-0.04649375,0.1885963,-0.06003946,0.02694765,-0.0300156,-0.01770177
-0.04548614,-0.155051,-0.008949211,0.2477748,-0.1392996,-0.00248455,0.1261497,0.01250423,0.4680674,-0.3824872,0.06466562,-0.4015051,-0.07721158,-0.3421732,-0.1635579,-0.009437094,-0.5542569,0.2324467,0.04829553,-0.461552,-0.2808497,0.003610302,-0.01394306,0.338365,-0.2943051,-0.02899871,0.09860164,-0.2495102,0.1892741,-0.1941262
0.1886205,0.1556527,0.3782096,-0.6590934,-0.1550151,-0.1998978,0.4070312,-0.1312016,0.0361663,-0.2437107,-0.2699284,-0.1146296,-0.04114361,0.0007683093,0.5991528,-0.3509881,0.1284937,-0.2036472,0.07469548,0.1578571,-0.1335893,0.1211612,0.3399018,0.1903073,-0.2510096,0.1104339,0.1838302,-0.03357162,0.5601048,0.1510967
;
