-0.005131522
0.5183982
0.3656674
0.8816653
0.07331294
-0.328653
-0.004732328
0.2140303
-0.6805426
-0.5114039
;
-0.04695501,0.3524936,-0.07338501,0.4889464,-0.02677852,0.04399842,0.3275303,0.7301407,-0.04914767,0.3306352
0.2455158,0.0009525939,0.1826593,0.4582145,-0.04095981,-0.1751095,-0.01025903,-0.07512345,-0.07381313,-0.4713255
-0.06211113,-0.09419796,0.4029392,0.381822,-0.2791871,0.02883223,-0.1326652,1.176022,-0.4944437,0.08363268
0.2438857,0.001562851,0.03052749,-0.04696376,-0.1187326,0.0004142023,-0.002095268,-2.823691E-06,-1.109487,0.01512914
0.2365647,0.008823344,-0.3182963,-0.1567921,0.4793744,-0.2049279,-0.2675226,-0.4236276,-0.3374968,-0.3632929
0.4183527,0.4481623,-0.2699995,0.2183803,-0.06683248,1.134211,0.06074029,-0.04560556,1.051428E-05,0.03265053
-0.003402788,0.04077461,0.4188245,0.5069868,-0.06629325,0.1000428,0.03790734,-0.4752203,0.5776535,0.3006434
-0.2566147,-0.1771978,-0.4311669,-0.960366,0.1313863,-0.05311531,0.08837744,0.2307191,0.1648551,0.5044909
-2.090863E-05,0.2230049,0.0002245214,-0.4327414,0.01158497,-0.1861059,0.01444122,-0.4272919,-0.2718017,0.8460833
0.0283298,-0.008815541,-0.07951128,-0.4260267,0.3512596,0.6843755,0.1220319,0.04222388,0.07812429,-0.1973009
;
-0.003934801,-0.2141888,-0.3459016,-0.8271955,0.2409005,0.05422741,0.2786101,0.0005792513,0.423511,0.1617272
-0.8045372,0.0132778,-0.1969797,-0.07189959,1.080948,-0.5185877,-0.2526242,-0.4347574,-0.06464286,0.06296634
;
0.02229504
-0.4510122
0.05970401
0.1055086
0.09395809
0.1808905
-0.1746982
0.08132751
-0.4154937
0.01253788
;
0.1328282,0.10362,0.1492393,0.001823303,0.3743284,0.4265625,-0.05130702,-0.1351175,-0.4491262,0.04976977
0.05453795,1.502295,-0.03242344,0.1183296,0.1111999,-0.1135702,-0.2535746,0.4884226,-0.008898987,-0.01121121
-0.161656,0.2689204,-0.01483254,0.02402249,-0.08065537,0.126303,0.0949914,-0.02409106,-0.2229696,-0.2435641
-0.001793501,-0.06241995,0.007095926,-0.1258434,0.3149036,0.3199737,0.04333897,0.08911543,0.01710569,0.04262853
1.189721,-0.1718913,-0.01121303,-0.9769629,0.02587861,0.01201661,-0.1140153,-0.1404977,-0.2518904,0.05931671
-0.1265455,-0.09155835,-0.3520028,0.1314238,0.09948281,0.400402,0.32149,-0.01408693,-0.02774186,-0.1589456
-0.3251233,-0.02417257,-0.0005793577,0.695744,0.06704729,0.1584424,-0.1814067,0.4801211,0.03233328,-0.3353374
0.07221053,0.3119242,0.149931,0.06606103,-0.05404836,-0.4887546,-0.6200918,0.2334896,0.02220851,-0.4111554
-0.1997206,-0.03816101,0.1479899,0.6758122,-0.0007813607,-0.3858018,0.3768724,0.4148598,-0.05190699,-0.2000535
0.1066003,-0.3799099,0.5647641,-0.6170675,2.497543E-06,0.07764857,-0.005508734,0.3669252,-0.07124358,-0.009446214
;
-0.594583,-0.4057723,-0.5353435,-0.003141885,0.4458275,-0.04700012,0.05808419,0.05458581,-0.4106386,0.0089714
0.02867446,-0.02788609,0.2718408,0.03994333,-0.005514992,-0.06368977,-0.3108461,-0.4144062,0.8622745,0.07461445
0.1793486,-0.1450497,0.2758819,-0.1764949,0.008239298,-0.09509207,-0.4057536,0.2673957,0.01853229,0.007152951
;
