-0.00388913
-2.440052
0.1201065
-0.07919844
-0.3932959
0.3982347
0.1954549
-0.2138455
0.01562341
-0.03114293
;
-0.7256778,0.4384421,0.2103779,-0.3107193,-0.05578529,0.2576596,0.1151182,-0.03912991,0.1767308,0.07109529
0.1740376,-0.133195,0.01623747,-0.482119,0.0007032093,-0.03273247,0.2475365,0.003415893,0.2117659,0.02345475
0.04157779,-0.1104228,-0.2186864,-0.169063,0.0717865,0.04552799,0.2632221,0.003652758,-0.2611745,0.475379
0.1812686,-0.161941,0.3332224,0.3822057,-2.498452E-05,0.4554942,0.2154298,2.823691E-06,0.2551582,-0.3097009
-0.02704367,-0.3093331,0.2288269,0.128603,0.1734989,0.1454325,0.2731943,-0.1263213,-0.005515635,0.4935157
0.1111453,0.7774376,-0.7316328,0.4839714,0.0007511423,-0.0126184,-0.2467019,-0.002174403,-0.03288046,0.01770078
-0.1351379,0.2722956,0.08836657,0.01924487,-0.04537132,-0.2035872,-0.01645045,0.4627283,-1.361142,0.3865317
0.4212476,-0.07707544,-0.1045218,-0.1170147,0.2988223,0.0311095,1.039281,-0.3084179,0.6080817,-0.2234729
-0.03647104,0.4511992,0.3258948,0.1149667,-0.5226507,-0.3415115,0.4062157,0.02202861,0.05001003,-0.06757507
-0.0009592532,-0.004644366,0.3682092,0.1712057,-0.3153007,-0.01101331,-0.2635338,0.06870264,-0.07812429,-0.1531982
;
0.6473941,-0.1435305,0.1830245,0.0248961,0.1061239,0.3828152,0.0006267971,-0.02748159,-0.4670088,0.3208357
1.329589,-0.0004626977,-0.002674671,0.0663493,-0.2361737,-0.02009066,0.1404281,-0.4052582,0.3284236,0.004695304
;
-0.1776532
-0.09081608
1.894966
-0.01604043
-0.1152847
-0.06006247
0.06721267
0.3577568
-0.2856288
-0.06667715
;
-0.06934287,-0.2761382,-0.0308858,0.000908562,0.0005054387,0.3324461,-0.6801931,-0.3696988,-0.1335508,0.1067458
-0.3077333,0.8883096,0.1034402,0.01165277,-0.1923049,0.01331456,-0.1776229,-0.3139549,-0.0004201863,-0.01121121
-0.02016043,-0.2958331,-0.0007583397,-0.05178849,-0.1599701,0.0209806,-0.115681,0.04475576,-0.1063706,-0.09175856
0.006106952,-0.001952593,-0.262663,0.002325761,-0.2864676,0.05199236,0.4028007,-0.03548497,0.04524972,-0.05693177
-0.1761992,0.2610465,-0.003042703,-0.1854681,-0.1507161,0.3779227,-0.1685554,-0.2215389,-0.1199195,-0.03400822
-0.4473248,0.3186686,-0.1731878,-0.1093783,-0.02987893,0.2029825,-0.01689011,0.2628885,0.08941634,0.05310912
0.565153,-0.01280622,0.3272216,0.1771057,-0.2971849,-0.07037705,1.309655,-0.6659576,0.02347884,0.941195
0.874256,-0.1051375,-0.001389186,0.2144863,-0.1303362,0.1876875,-0.853018,0.03384044,-0.04656108,-0.150855
0.5703774,-0.2148198,0.05850822,-0.01418079,0.01113963,0.3832735,0.4328047,-0.006887019,0.05091098,0.1877622
0.02034348,-0.3169703,-0.2237663,-0.4015499,-2.844548E-06,-0.2110722,-0.5100951,0.1734979,-0.005846861,-0.0003843484
;
0.4658655,-0.08250564,0.007327497,0.1862368,0.004759581,0.00415335,-0.01175838,-0.08362287,0.1453678,0.1187292
-0.2949508,-0.009533882,-0.3522553,-0.1040476,0.009625513,0.0672353,0.04913623,-0.005126297,0.001545506,-0.06277276
0.006721383,-0.01615614,0.09707647,0.02139829,0.1494758,0.03214175,0.08200328,-0.3892096,-0.01036184,0.3944557
;
