0.1415984
1.272197
0.4694828
0.1066536
0.01540753
0.4071704
-0.1998782
-0.05100298
0.06898439
-0.3198313
;
-0.8513871,-0.2754604,0.3168162,-0.2078918,-0.0487085,-0.001246669,0.4412053,-0.3312775,-0.03998142,0.2404506
-0.1046106,0.1329385,-0.1115478,-0.4890803,-0.2223468,-0.007360753,0.3292601,-0.0005245341,-0.4242001,-0.3462371
-0.001395384,0.01029931,-0.3665471,-0.02433536,-0.5198544,0.1440346,0.2100147,-0.0009157444,0.02315311,-0.1945438
0.001159814,-0.4269093,-0.3332224,0.244142,-3.28367E-06,-0.04198985,0.4402597,2.823691E-06,0.3810196,-0.5825039
-0.02704367,0.04822138,-0.2288269,0.02547431,0.07493205,0.004675178,-0.4740328,0.1471114,0.02554733,-0.01855832
0.0205163,0.1864415,-0.02054354,0.4636415,0.0003472651,0.3357118,-0.009545889,0.00226934,-0.009671065,0.08143892
-0.1641932,-0.4588173,-0.1038463,0.01888096,-0.04537132,0.03611533,0.3409829,0.1452137,-0.08823906,0.03795844
0.4183402,-0.3923516,-0.05835539,0.1759959,-0.303753,-0.313854,-0.3261116,0.0752563,-0.05225284,-0.4823067
-0.02754457,-0.390141,0.3523057,0.3473756,0.5226507,-0.3546751,0.1299046,-0.02202861,0.3073939,0.05881393
-0.05956703,0.3926809,-0.3682092,-0.0173314,0.160168,-0.4595171,-0.3809462,-0.09482387,-0.1701562,0.3556097
;
-0.3037913,0.06609794,0.1151042,0.007308617,0.08694451,-0.44911,-0.1230674,0.4003237,0.07222456,0.2447879
-1.640737,0.0008224292,0.4041573,-0.3559682,0.1373767,-0.02371611,-0.0610853,0.3580208,0.3284236,-0.006564362
;
0.4236188
-0.09081608
0.1631645
0.03812677
0.1118401
0.1843282
-0.06500276
-0.07133359
0.1770627
-1.215399
;
0.0338057,-0.1702362,0.0308858,0.0002678421,-5.300509E-05,0.1172581,-0.2594242,-0.01973052,-0.01903169,-0.1067458
-0.09750608,0.4642687,-0.0263622,-0.01165277,0.004593234,0.07947563,-0.05316557,0.3672295,0.00107187,0.3084196
0.06938416,-0.08250386,0.005398158,-0.02596625,0.1599701,-0.05314456,-0.1486913,-0.06471565,-0.4768836,0.2381334
-0.1917018,0.0007390113,-0.255345,0.001624361,0.09668513,-0.2380418,0.2159964,-0.03548497,-0.03749043,0.1379894
0.2179238,0.03439611,0.003264085,0.1519942,0.06335753,0.4047147,-0.1685554,-0.02980751,-0.2892014,-0.5092753
-0.2963536,-0.3494899,-0.1507312,-0.2277972,-0.02913501,0.3793594,0.005867602,-0.00476035,0.09955043,0.1170254
0.4927484,-0.1409687,-0.2314931,-0.4160517,-0.2373123,-0.04926057,1.963901,-1.325625,0.1513512,-0.4057989
0.535697,-0.1051375,5.296405E-05,0.2303475,-0.8282844,0.09431106,-0.3551297,-0.4079807,-0.08704372,-0.007414042
-1.010475,-0.1789916,0.09686595,-0.4377102,0.1575258,0.1531378,-0.8343056,-0.2052934,-0.125223,-0.6331905
-0.0222477,0.3449407,0.05887437,-0.02190715,-0.087668,-0.2110722,-0.3761067,0.0946904,-0.0116184,-0.2948978
;
-0.05665192,-0.2104401,-0.2127637,-0.3718646,-0.7155379,-0.008231883,0.01175838,-0.009346556,0.6688443,-0.03247109
-0.08741066,-0.0009137829,0.1360054,-0.1040476,0.01113607,0.1811055,-0.2069442,-0.09513918,0.0007899256,0.06277276
-0.006721383,-0.1417459,0.3133549,0.4861911,-0.3145751,0.2602799,0.09943419,-0.01538935,-0.7234001,-0.847775
;
