-0.01178402
0.3129191
-0.5755597
-0.6045628
-0.001076246
-0.001759742
0.004732328
0.02736869
0.6805426
-0.3014545
;
-0.04695501,-0.02801371,-0.08940643,0.1725701,0.2013335,-0.07676174,0.0617109,-0.5827927,-0.09877175,0.3306352
0.01685714,0.00672301,0.3862392,0.01532871,-0.46543,0.1390178,0.01025903,-0.06461884,0.07381313,-0.5489212
-0.348099,-0.1948145,0.4029392,0.381822,0.25624,0.6535864,0.3869941,0.9343894,0.109394,-0.08363268
-0.2463035,0.001562851,0.03052749,0.02763076,-0.3322093,-0.01258641,-0.08755424,-4.389634E-06,-0.365584,-0.2299601
-0.08163067,0.008823344,0.6939949,0.1346886,0.4793744,-0.0100125,-0.1704531,-0.6461946,-0.3034877,-0.3632929
0.3174238,1.305102,0.2525827,0.2183803,0.06683248,0.8800622,-0.01527399,0.03607914,0.0007375273,-0.01146764
-0.06971443,0.07955109,-0.2168242,0.4778081,0.06629325,0.4582533,0.2401364,-0.4405312,-0.3434097,-0.3006434
-0.3294524,0.1771978,-0.277555,-0.4597224,-0.03722932,-0.05311531,-0.3579586,0.4235686,-0.2778578,-0.8092317
8.09325E-05,-0.06708425,0.0001637034,0.06986767,-0.0255745,-0.3598951,-0.01444122,-0.0843062,0.1464456,0.2197281
0.0283298,-0.008815541,-0.4422311,-0.3898808,0.3512596,0.6843755,-0.1220319,-0.04222388,-0.08730462,0.214475
;
-0.003934801,-0.1322697,-0.3459016,1.08443,0.1284399,-0.1173081,0.1017611,0.01047041,0.1716853,-0.3319876
-0.4674224,0.6119336,-0.001931599,-0.07189959,-0.172026,-0.2799731,-0.1618762,0.01744096,-0.05770288,0.3740504
;
-0.02229504
-0.2124416
0.2375444
-0.1055086
-0.06176663
0.2459475
-0.09560283
0.08810954
-0.3431782
0.01369121
;
-0.4975465,0.493897,-0.1246511,0.1999982,-0.3104795,0.04851132,0.5190356,-0.3279433,0.07909606,-0.005030096
0.4119506,0.439526,-0.04757569,-0.04703309,0.3556445,-0.2016557,-0.05830292,0.1483269,-0.1676099,-0.01121121
-0.161656,0.2689204,-0.2181156,0.1336091,-0.08065537,-0.0883137,-0.03990644,0.2054305,0.2343967,-0.2393619
-0.0004748879,0.3561325,-0.2293848,0.2214018,0.0009647016,0.1983437,0.5498616,-0.01924725,-0.1212186,0.06446725
-0.5790398,0.3804266,-0.05189455,1.098381,0.02587861,0.1243729,0.213911,-0.04536957,-0.2518904,0.09861714
-0.09937012,-0.4319965,-0.008348215,0.1314238,0.1162737,0.2294329,-9.731053E-05,-0.00326392,0.07280293,0.5641452
-0.3251233,-0.5210494,-0.0003056601,1.185239,0.02334466,0.4220332,0.1814067,-0.4801211,0.09281342,0.002125189
0.07158325,0.3119242,-0.149931,0.06606103,-0.4480797,-0.185705,-0.7016516,0.4007111,0.02220851,0.004539623
0.07355589,0.3588067,-0.7595034,0.002633893,0.0007813607,0.2914829,-0.01119598,-0.1711344,-0.3189134,-0.1426959
-0.3099982,-0.05673841,0.3604472,-0.6565723,-1.872119E-05,-0.4736415,-0.003363626,-0.1407226,-1.274658,-0.2633264
;
0.3560587,-0.2280435,-0.3638913,0.003385423,-0.1602279,-0.08648359,0.1818031,0.02401062,0.4106386,0.007107198
-0.2321932,0.5968326,-0.3522553,0.08041745,0.00863996,-0.06368977,-0.4103726,-0.3988955,-0.4825046,0.04388247
0.2720853,0.4710671,-0.3009889,-0.04461044,0.006532233,0.05321962,-0.2954599,-0.1113299,-0.08297592,-0.2208796
;
