-0.01178402
-0.03487004
-0.009724096
-0.3122394
-0.2456521
-0.001759742
0.3961551
-0.0444414
-0.6805426
-0.6220922
;
-0.8256661,0.07518727,-0.3341235,-0.04175809,-0.01448851,0.6204674,0.05929283,-0.1902211,0.06453436,0.4478223
-0.008644629,0.00672301,0.6032082,0.4197257,-0.4601773,-0.2701755,0.006024328,-0.4732585,0.07381313,0.4593737
-0.2097806,-0.07687992,0.7639912,0.001390464,-0.05846595,-0.03037018,0.3179165,-0.468379,-0.08857554,-0.06354114
-0.2463035,0.07083459,0.03052749,0.09050647,0.3625473,0.00297332,-0.2326485,-0.1188544,-5.086325E-05,0.4690655
-0.2614871,-0.3373853,-0.3758138,0.1346886,-0.2631873,0.01450766,0.0001403387,-0.1713393,0.3432722,0.09659177
0.3140714,1.305102,-0.1275559,-0.1568374,-0.214833,0.4845912,0.09215731,-0.1321929,-0.0007375273,-0.02048908
-0.09056945,0.08466524,0.2818248,0.4778081,-0.0800252,0.4744596,0.4198785,-0.4405312,0.1861877,-0.6008991
0.1703359,0.001736376,-0.5361151,0.1168346,-0.2118551,0.1795682,0.03895627,-0.007425156,-0.154942,0.6148521
-0.1444439,0.2200745,0.1040202,-0.003456536,0.05332041,0.3598951,-0.01064492,-0.02082857,0.1464456,0.3898661
0.07134531,0.008815541,0.00954634,-0.1018554,0.002866328,0.3010711,-0.3754094,-0.3218427,-0.1081343,-0.207979
;
-0.0008100851,-0.3664266,0.05633968,0.0001870909,0.4517078,-0.09399655,-0.0161537,0.02944726,0.4798859,-0.1840026
0.00550804,0.3167135,-0.4746301,-0.6878382,-0.1509499,0.9258704,0.1173318,0.04195086,-0.01336303,0.01533836
;
0.01606106
-0.2124416
0.06939773
-0.3855907
-0.06176663
0.2459475
-0.09560283
0.08132751
0.3431782
0.02782771
;
-0.4975465,-0.09122614,0.1492393,0.2621533,-0.3982497,-0.1287302,0.5190356,-0.3286998,0.07909606,-0.3383595
0.4119506,0.1171887,-0.06451014,0.04703309,-0.05463737,0.2016557,-0.1905361,0.1483269,0.1755629,-0.01121121
-0.161656,0.2689204,-0.2181156,0.1307866,-0.5532427,-0.04301956,0.1182244,0.2054305,0.2343967,-0.178034
-0.0004748879,-0.06241995,-0.2293848,-0.02794101,0.0009647016,0.2519508,0.4753835,-0.05848362,0.06517166,0.06446725
0.5790398,0.4928045,-0.03606212,1.098381,0.02587861,-0.1278034,-0.2993686,0.04536957,-0.2518904,0.09861714
0.1747676,-0.3372962,-0.00425759,0.1314238,0.1341415,0.4148923,9.731053E-05,0.00983047,-0.08441592,0.5641452
-0.3122222,0.01483676,-0.000380658,0.2812958,-0.01288432,-0.4220332,-0.1814067,-0.4801211,0.06405073,0.002125189
0.07158325,0.3119242,-0.149931,0.03722044,-0.4480797,-0.2340707,-0.7016516,-0.03109914,0.02220851,-0.2575258
0.07355589,0.1802739,0.7595034,0.002633893,0.0007813607,0.2914829,0.004434148,-0.1691812,-0.3613566,-0.1426959
-0.3099982,-0.492992,0.2708142,0.4049855,-1.733238E-05,0.002424908,-0.001937,-0.1407226,-0.7905486,-0.2633264
;
0.7106877,-0.3271021,-0.3638913,-0.00268903,-0.1088302,0.06056534,-0.6419082,0.6449969,0.4106386,0.007107198
-0.4622207,0.5968326,-0.3910565,-0.08041745,0.00863996,-0.06368977,0.1128068,-0.3988955,-0.4825046,-0.4418931
-0.2720853,0.4810146,-0.5413201,0.1822148,-0.006532233,-0.05321962,-0.2954599,-0.1083378,0.3283783,0.00569131
;
