-0.3859662
0.17747
-0.009724096
0.7274184
-0.01473458
0.01524531
-0.29264
0.1561992
0.4724691
-0.1696218
;
-0.5233796,0.005733805,0.4373001,0.8535876,0.008628251,0.05747402,0.4813862,0.4825323,0.05522979,-0.2609386
-0.1935143,-0.003720468,0.1971534,0.4197257,-0.2547822,0.1844101,-0.129363,-0.3514442,-0.2089485,-0.05825737
0.2097806,-0.2925853,0.3883545,-0.003041685,0.04630762,0.03037018,0.3991163,-0.0313259,0.09446834,0.2969853
0.2405642,0.05590277,0.553692,0.1304031,-0.3268888,0.02250077,-0.1075875,0.2427972,-4.859498E-05,-0.03233418
-0.2010962,0.04018401,0.07417875,-0.4472133,-0.3159016,-0.1305772,0.06414251,0.3392823,-0.02655018,-0.101301
-0.0009313217,0.3556786,-0.3142338,0.3857849,-0.3149426,-0.2559611,-0.09215731,-0.2657326,-0.1861214,0.2065009
0.01714867,-0.07380718,0.2056001,0.2851971,-0.1258305,0.3885771,0.2542548,-0.00572732,0.06334215,-0.6008991
-0.3200245,0.002357197,-0.5361151,0.3848374,-0.07798398,0.005179255,0.4507402,-0.01970363,0.008507669,-0.1376649
-0.1202354,0.2187727,0.2070397,0.02988975,0.06338099,-0.02160268,0.4908007,-0.1771962,-0.4775907,0.002906452
0.3007858,0.01226634,0.01566538,0.2871822,0.1663713,-0.1576751,-0.1608953,0.0765027,-0.01175671,-0.02541459
;
-0.02475172,-0.03465116,-0.3452484,0.000626987,-0.05387479,0.05043625,-0.01113259,0.02944726,-0.4961349,0.2848858
0.07193733,-0.06699778,-0.01208952,-0.464164,-0.2026825,0.2716796,-0.008343739,0.2015215,0.013776,0.2154369
;
-0.01606106
0.780682
0.1780252
0.1099646
0.1788504
0.1879451
0.01068681
-0.08132751
-0.3431782
-0.02133068
;
-0.09757961,0.09122614,-0.1492393,0.3537486,-0.2119919,-0.0001700252,0.353043,-0.3286998,0.07909606,0.4914954
0.1228614,0.368281,0.06451014,0.4376004,0.05463737,0.3321283,-0.9185148,-0.3951502,0.08998626,-0.02876569
0.07455844,0.1595232,0.3098258,0.4614817,-0.1776066,0.2288296,0.1336084,-0.1373869,0.5656382,-0.6524592
-0.3687487,0.08969248,-0.4502027,0.02794101,0.002743879,-0.2519508,-0.4753835,0.4670319,0.3460703,0.06446725
0.2789392,-0.2726026,0.07210237,1.241633,-0.01927629,0.1278034,-0.3362933,0.3286543,-0.1520999,-0.3426942
-0.1368707,-0.2042257,-0.002658597,0.09403102,-0.05900557,0.4148923,-5.105482E-05,0.00983047,-0.09037759,-0.5641452
0.0002931507,-0.01552281,-0.000380658,0.2151321,-0.3674138,-0.4220332,-0.1814067,-0.5555494,0.2708664,-0.001787112
0.08604287,-0.0253179,-0.4036767,0.03722044,-0.4223076,0.2340707,0.4790778,-0.005427017,0.02220851,-0.05399087
-0.04347502,0.1802739,0.5338926,-0.002633893,0.00134885,-0.2207842,0.01602497,-0.1149702,-0.6334732,0.2476696
0.82843,0.128085,0.1359624,0.4049855,-1.733238E-05,0.1030424,0.001937,0.1407226,-0.06206238,-0.2633264
;
-0.5568205,-0.0005444774,-0.3638913,-0.0138058,-0.1941955,-0.04012445,-0.4742293,-0.000198692,-0.04326086,-0.1758701
-0.1210965,0.5968326,-0.4791646,0.01936591,0.007568341,-0.08788947,0.05650573,0.4190219,0.2064983,0.3085469
-0.2720853,-0.04227728,0.2822921,0.1111159,-0.177218,-0.05321962,-0.4142623,0.07897812,0.1753161,0.04970844
;
