-0.2219035
0.05034584
-0.0837141
-0.4855996
0.4723047
-0.1286373
0.4560946
0.2959985
0.3446774
0.1592886
;
-0.2459465,-0.4394888,0.196599,0.01602,-0.08905393,0.1640591,0.4450126,0.4043015,0.2707806,-0.1139221
0.03602463,0.4812562,0.3936437,0.1873714,-0.1298125,0.005655706,-0.1485552,0.1000296,-0.469111,0.1982338
-0.1268085,0.2352943,-0.2173048,0.2304848,-0.4555269,-0.2156785,0.4712518,-0.1004366,-0.04844195,-0.03079051
-0.4027208,-0.07452542,-0.3218135,-0.4655355,-0.4749284,0.3971393,-0.4728361,-0.2505388,0.1095302,-0.3886925
0.193956,-0.4527218,-0.2281139,-0.09516498,-0.2430812,0.2667713,0.2571765,0.2888871,-0.03855437,-0.21841
-0.3512034,0.3307128,-0.3886691,-0.4992964,-0.4297307,-0.4635764,-0.1186314,-0.09694582,0.4270762,-0.2071646
-0.3555597,-0.05615133,-0.135735,0.2510411,-0.3241454,0.1612638,-0.4899031,0.07735091,0.1079332,0.1356184
-0.04997379,0.4408263,-0.1358796,0.09965509,-0.1009666,-0.413113,0.4025259,0.05782801,0.3821243,0.4720976
-0.3236195,-0.01499552,0.6370751,-0.08243078,-0.4769,-0.1435944,0.3246174,-0.3629781,0.365695,0.05184823
0.4018698,-0.2948055,-0.2878146,0.192103,-0.3268806,0.1444895,0.1421853,-0.3913194,-0.1467624,-0.3054359
;
-0.3313011,0.1934365,-0.09568673,0.15433,-0.3161094,0.1769919,-0.362506,0.446926,0.22066,0.09950608
-0.211963,-0.001646459,-0.465212,-0.0008146167,-0.4168934,0.2845838,-0.1213891,-0.2035198,0.4895332,0.09554356
;
0.01447295
0.4413929
-0.03229069
0.3310285
0.5132973
0.2621271
0.0706223
0.0413422
-0.4102393
-0.3822737
;
-0.07100738,0.0005453475,-0.1314435,-0.4308295,0.5788578,-0.7532117,0.3282378,0.9040396,0.004092101,-0.2558648
-0.3739635,0.302974,-0.003907681,-0.4719659,0.2823758,-0.01438634,0.6263687,0.04000208,-0.07658346,0.4928353
-0.3153341,0.2778025,0.1056276,0.2837824,0.1592963,0.05920647,-0.2265696,0.3496977,0.4389458,-0.3150462
-0.1424927,0.0571693,-0.1096511,0.1960194,-0.02075499,-0.1082283,0.1195677,-0.2410869,0.1093989,-0.4787732
0.07701689,0.006308088,0.3002171,0.3639629,0.05512514,0.1223971,0.4199259,0.4641129,0.3880566,-0.2849398
-0.2773109,-0.07099503,-0.1721746,0.4592401,-0.0006901153,-0.1120688,0.07867908,-0.007915275,0.1425975,0.3778755
-3.042243,-0.1946965,-0.0798566,0.2367031,0.1457304,-0.1392631,-0.1524397,0.4365152,-0.4800868,-0.00891872
-0.0004970926,-0.3275031,0.0162075,0.4993824,4.754299,0.6316583,0.02822837,0.6750379,0.4868933,0.3084778
0.1644984,-0.2951103,0.422155,-0.2343637,-0.04883486,-0.1096184,0.1615801,0.4784648,0.4117461,-0.2035548
-0.1925123,0.04226035,0.5537846,0.008509913,0.1732155,-0.1878825,-2.889118E-05,-0.3303998,-0.3737366,-0.009406635
;
-0.1776148,0.001981727,-0.01656178,0.1885105,0.4914839,0.206778,0.2951313,0.4296795,0.3670231,0.1674816
-0.1719123,0.06014754,0.2189212,-0.4851722,0.02072333,-0.01368397,0.2628269,0.03610283,-0.4477242,0.1576794
;
0.2085712
-0.2754955
1.122492
-0.1639675
-0.4375216
0.2371106
0.06622232
0.2113945
-0.4964147
-0.3127264
;
-0.00883101,0.08487742,0.09133167,-0.06917933,-0.8115237,1.286906,0.05247315,0.02197735,-0.004773389,-0.1295043
0.02228071,-0.2870349,0.5627044,-0.3515723,0.741952,0.01153808,0.2988163,-0.07145614,-0.481418,-0.2987021
-0.1195848,0.05309974,0.03152603,-0.1415929,-0.04756441,-0.7005052,-5.442979E-06,-0.4212894,-0.2330198,-0.1174135
-0.01301975,-0.5693319,1.722957E-05,-0.1611661,-0.1078049,-0.002445167,-0.00275743,-0.2236096,-0.09602684,-0.02860042
-0.2658778,0.06007963,-3.757323,0.3861715,0.2322008,0.03242264,-7.538466E-06,0.1735865,0.6500291,0.2726285
0.05355805,-0.00823999,-0.01918608,-0.1516329,0.3755983,-0.03333608,-0.005581816,0.3872193,0.04772242,0.00118116
0.2780589,-0.4782097,-0.491092,-0.4893284,-0.03693781,-0.2905071,-0.02378194,-0.5475025,-0.2493708,-0.2418039
-0.1455908,0.003381552,0.8780199,0.07561129,0.006139273,0.6534101,0.1988097,-0.05116748,0.001391285,-0.03893393
0.4396009,-0.007977143,-0.01917499,-0.1520059,0.4346091,-0.03413006,0.6919987,0.0007364823,-0.02895594,-0.4076842
-0.2645197,-0.8283592,-0.1330532,-0.009861648,-0.06687433,0.02477289,0.07132132,0.5248898,-0.6131957,-0.4735264
;
0.2671402,-0.579239,-0.1753883,-0.004897124,0.08077005,0.2464455,0.3380569,0.01740418,0.8335966,0.1950166
5.991754E-07,0.1288547,-0.1363297,-0.7198365,0.09885736,-0.1761069,0.0001898408,0.008123503,0.3157058,0.2845392
;
0.1887709
-0.05687656
0.09626789
-0.001297799
0.4582682
-0.02992778
0.1765101
-0.3192531
-0.04819626
-0.2815037
;
-0.02803235,-0.211327,0.0127067,0.2763329,0.2675068,-0.6776596,-0.1102906,-0.06237931,0.5733192,-0.310815
0.4268804,0.01037104,-0.1178313,-0.01585418,-0.1056216,0.6771738,0.1834473,-0.4969767,0.05980941,0.3133553
-0.05753752,0.003298533,0.4832276,0.1606873,0.118497,-0.08750652,0.05797861,0.4296457,-0.1791217,-0.4956427
0.1910393,0.02376433,0.01507883,0.7767707,-0.0006972251,0.02793079,0.1296147,-0.07408429,-0.07252507,0.1308702
-0.01296869,0.2743389,-0.04604509,-0.1923364,0.0276973,-0.3445143,0.4876744,0.167394,-1.770914,-0.1761971
0.2195114,0.01650866,0.1506824,0.4585299,0.1040656,0.2910446,-0.5671888,0.1967596,0.001056304,-0.5363242
0.1947628,0.1206653,-0.002034247,0.05426274,0.3622962,0.07123762,-0.299594,-0.4967238,0.3424068,-0.3704628
-0.5370049,0.1952785,-0.2244409,-0.008536105,0.00181892,0.1672935,-0.02773548,0.145986,0.1382884,0.1022516
0.0350637,-0.00169775,0.6672536,0.01111634,-0.03266874,-0.02974363,-0.1508953,0.07965786,-0.1823413,0.2106654
0.139525,-0.427176,0.3804226,-0.02499276,0.3719406,0.05301875,0.4285032,-0.1750138,-0.5057906,-0.05151131
;
-0.2763284,0.5097576,0.5030687,0.03762912,-0.1317415,0.0004219903,-0.219533,0.3247552,-0.03888886,-0.861226
-0.330212,0.001338337,-0.0109454,-0.2241936,-0.4164984,0.6560609,-0.2253727,-0.1312456,0.08405934,0.02881503
0.7255968,0.3379939,0.08695556,0.2441035,-0.002311774,0.2166995,0.9465865,-0.7472236,-0.3593066,-0.004435607
;
-0.01492891
-0.1572598
0.2032183
0.007597586
0.5086021
-0.490128
-0.03179139
0.1360776
0.004891126
-0.279025
-0.3574857
-0.07473501
0.02090262
-0.03017932
0.2557501
0.2739557
-0.06762391
0.07164362
-0.5708908
-0.2323669
-0.3964156
-0.5544709
-0.3331801
0.1519041
-0.3070755
-0.5242024
-0.06072968
-0.3292105
-0.0007420873
0.3963775
;
-0.01296911,0.3047326,0.09347241,7.695208E-05,-0.1664296,0.117926,0.03208488,-0.3300286,-0.5147084,-0.02532343,0.2813697,0.04583436,-0.03315391,-0.2865287,0.2370193,0.1233371,-0.02009683,-0.09394592,-0.03286308,0.1170536,-0.02910254,-0.007165521,0.1134938,-0.06717692,-0.6113098,-0.01135524,-0.2629002,0.9429584,0.09905147,-0.3602027
0.1525034,-0.01723255,0.1023586,-0.4962981,-0.24225,0.0990992,0.2155933,0.4251803,0.04198577,0.3503051,0.2883695,-0.4362001,0.4385472,-0.04281646,-0.02376395,0.2922635,-0.01758878,0.5924432,-0.01145175,-0.03168088,0.1068189,-0.08500478,-0.1110747,-0.1371787,0.2543381,0.6293491,-0.09568332,0.0135207,-0.005126992,-0.3093879
-0.1790259,-0.07250525,-0.2614495,-0.3493321,0.3943957,-0.01629518,-0.497882,0.07143544,0.410931,-0.4333411,-0.3740065,0.01606637,0.03906117,-0.02966762,-0.3600231,1.499023,-0.4739407,-0.7031695,0.4494173,-0.086215,0.3583716,-0.08625931,0.08832186,-0.127468,0.1605388,-0.05598789,0.1761326,-0.01458424,0.01214748,-0.7114468
0.3286577,0.3039706,0.005076977,-0.4810168,-0.001805072,-0.0167783,0.01140076,-0.5330968,-0.6906715,0.2921728,0.1062194,-0.6620965,0.1230808,0.4807344,-0.3329551,0.8364925,-0.3289055,0.208801,0.366322,0.5007496,0.002278992,0.3234731,0.1554818,-0.1900651,-0.6021463,0.0815879,-0.01309397,0.0006700557,-0.1911824,0.06350547
-0.0002744519,0.006040315,-0.09772226,0.06717417,0.3956589,-0.3700743,-0.09231825,-0.7880535,-0.0477863,-0.0444789,-0.00404414,0.1335651,-0.2904414,0.379371,0.008526443,0.08524674,-0.007069498,0.2005926,-2.351743,0.3201112,0.0008198572,0.02808824,-0.3440013,0.2632005,-0.01046241,0.3827428,-0.05010623,2.056006,-0.0581952,-0.23988
0.2439637,-0.09782547,-0.0008626788,0.1173992,0.01637132,-0.1611527,-0.05847058,-0.4913892,-0.2308802,0.003071039,0.4534588,0.1230929,-0.1125841,0.03961423,0.2986766,0.2928185,0.214184,-0.3692104,-0.4448854,0.2740495,-0.1053103,-0.02503895,-0.2160504,0.2061223,-0.3260233,0.426555,-0.4547235,0.6114003,0.4267231,-0.1821647
-0.3811427,-0.2505827,-0.04329376,-0.1408987,0.03820898,0.5059177,-0.04284284,0.1027362,0.2659917,-0.1928744,-0.03287156,0.3231962,0.03701182,-0.02889246,0.1075099,0.4311213,-0.08468474,-0.3228128,0.3430726,-0.3018626,-0.4760592,-0.008374519,2.388438,0.5741041,0.6804197,-0.002815392,0.2570878,-0.1769155,-0.05304056,-0.812664
-0.005359824,-0.1021333,0.03275269,-0.4374962,-0.4511403,-0.1550381,-0.005039632,-0.2790523,-0.002262676,0.5069827,1.260386,-0.1325895,0.9379623,-0.0937091,-0.06180721,-0.0853073,-0.4343019,-0.383446,0.03957229,-0.3207483,-0.2112018,-0.2902912,-0.2303001,-0.1110114,-0.02487557,-1.855711,-0.08094911,1.013108,-0.04488539,-0.1324179
-0.1208691,-0.4033683,-0.2028828,-0.2385305,0.06656933,-0.1321507,0.196274,0.482751,-0.4828924,-0.05454764,-0.4834895,0.1816598,-0.0248819,0.01067441,-0.004032659,0.1503234,-0.1521973,-0.0003091133,0.01958897,0.412456,0.1140187,0.07448941,0.1000478,0.09178191,-0.05182642,-0.4803906,-0.1675298,0.1344942,0.04998523,0.006128375
0.1128367,-0.04929534,-0.508123,-0.1736799,-0.0259766,-0.0589167,0.3125889,-0.003217399,-0.09055877,-0.250653,0.02242836,0.01064504,-0.2328212,0.2395009,-0.3766507,0.1785882,-0.3294218,-0.3169427,-0.02901727,0.06164778,0.3125284,0.1117247,0.03756195,0.4813699,0.9549116,-0.1083769,0.1634509,0.4204339,0.2914813,0.001715014
-0.3764758,0.2507232,0.471931,0.01206257,-0.04355845,0.1541965,1.158615,-0.4540195,0.3024539,-0.03162777,-0.09993961,-0.8565471,-0.3162984,0.4083304,-0.03726071,-0.4040699,0.1802498,-0.06247956,-0.2394032,0.08842704,0.02794629,-0.01156042,0.266833,-0.05575162,0.3603922,0.3050954,-0.1800606,-0.3316158,0.08107026,-0.3485887
-0.01471605,0.1908278,-0.4510628,-0.8255066,0.01056929,-0.2451656,-0.2816046,-0.07218929,0.4893325,0.05823344,0.008385088,-0.4785602,-0.1843063,-0.00220396,-0.3732958,0.005478818,-1.255274,0.2840249,0.5534565,0.384966,0.07864221,1.490342E-05,-0.4301615,0.1614939,-9.366124E-08,-0.09171516,0.07099655,-0.2788452,0.418512,0.003935453
-0.3264954,-0.02987528,0.01948185,0.4797411,-0.08412295,0.08561128,-0.4478347,-0.096131,-0.5611643,-0.1821971,0.007205546,-0.4972956,0.2578483,0.05693602,0.03020316,0.2455596,-0.03863676,0.2752521,0.08129127,0.0975013,0.04824499,-0.2923211,0.06274384,0.7338496,0.151043,-0.194406,0.02021448,0.8460688,0.186637,0.1401579
-0.1728307,0.4997822,-0.1354965,0.01193915,-0.0236665,0.08954473,-0.04356509,0.05085798,0.459705,-0.3189027,0.2681736,0.1479463,-1.303592,0.3643181,0.2338927,-0.3679653,-0.3044646,0.4291788,0.119042,0.1045498,0.06824327,-9.014986E-05,-0.03162017,0.0007385421,-0.10363,-0.133899,-0.2758955,0.1284513,0.4450111,0.1128083
-0.849651,0.6091223,0.1252145,-0.393703,-0.03534965,0.2092345,-0.05068427,-0.9187512,-0.448365,-0.225925,0.1938589,-0.2597011,-0.2671361,-0.3906404,0.002942516,0.1421846,0.4571694,0.3755523,-0.4102315,-0.02078468,0.2367432,-0.04081142,-0.05244102,0.5377887,-0.08564828,0.3095914,-0.1179859,-0.07061164,0.9088593,-0.02634081
-0.2861604,-0.04697034,0.2159893,-0.02297752,-0.481179,-0.3713902,-0.0062978,-0.7030434,-0.1107192,-0.1786627,0.04057027,-0.4243284,0.7170498,-0.1945567,0.3241707,0.3348117,-0.2681662,0.04668259,-0.01119922,-0.2847342,-0.1427364,-0.6188129,-0.1312392,0.4835395,-0.1637823,-0.4756392,-0.01246399,-0.2167289,0.4555202,0.01123985
0.1148519,0.3354197,0.1247821,0.2972098,1.5584,0.01195027,-0.286593,-0.1624686,-0.355062,-0.1696512,-0.1884599,0.1306023,-0.2962137,-0.7264631,-0.877178,-0.3315145,0.01583892,0.02847828,0.1220223,0.4100651,0.6477051,0.2614346,-0.04015161,-0.3351635,-0.3413944,-0.4575089,-0.01630503,0.1926522,-0.1717649,-0.0009544781
-0.3578248,0.0009455391,0.1847356,0.2639424,0.2472902,0.1440262,0.2356809,0.9205705,0.1263678,-0.02935485,0.01713032,-0.149255,0.06164819,-0.00378497,0.2662659,0.01672968,0.2260695,-0.731743,-0.1777378,0.4981345,-0.3584827,0.3986792,-0.3518166,-0.3650932,0.3565352,-0.0481289,-0.004939599,-0.4344957,0.06634361,-0.2214241
-0.1257376,0.4150715,0.3756648,0.3099129,-0.02192674,0.3795055,0.06227034,-0.4318807,0.02273512,-0.1910221,-0.1912114,0.04353986,-0.1758698,-0.498117,0.4650421,0.08414286,0.205316,0.4419821,0.1568514,0.3137484,0.3558792,-0.068262,-0.1159441,0.5379528,-0.012092,0.3557727,-0.5029134,-0.04212355,0.01031577,0.2753811
0.009073914,0.2238862,-0.1066131,0.0683297,0.002275122,0.08433633,0.01368874,-0.1521421,-0.4659399,0.2883377,0.1726218,0.3194813,0.03871721,0.1337128,0.1708662,-0.7073922,-0.0795038,0.1030219,-0.4546652,-0.1087112,0.05588165,0.2239026,-0.2840592,-0.2454975,0.4651682,-0.3091248,-0.001914103,-0.004205466,-0.02553683,0.07414875
-0.316479,0.2690428,0.02886334,0.3233558,-0.6480848,-0.01195271,-0.07277073,-1.007652,0.07249277,-0.4396659,-0.2691765,0.418775,-0.127867,-0.1667437,0.01852273,0.4579074,-0.148895,-0.3024133,1.361838,0.4820929,-0.06503154,0.08077656,-0.01123586,-0.8737462,0.0006514811,-0.1674469,0.1039144,-0.07399439,-0.1097065,-0.05262722
0.4551511,0.4309367,2.34856,1.366933,0.02549201,0.00939256,0.2950863,-0.02103623,-0.253433,-0.1751195,-0.6292603,-0.4838061,0.009241668,0.0451377,-0.09322295,0.1817268,-0.1535241,-0.1579332,0.0833474,0.2267831,-0.2228138,-0.03570756,-0.1009374,-0.4130656,0.05646379,0.03108204,0.1363188,0.1023454,-0.203954,0.1791787
-0.01596193,-0.1269908,-0.02534634,0.4504701,0.1557536,-0.439015,0.1258724,-0.0003173494,0.17856,0.3834256,-0.4067485,0.2129057,0.4640791,0.03763061,-0.1647771,0.298897,-0.0002098138,-0.06539536,-0.08441633,-0.003879216,0.06405554,-0.3004344,-0.4521879,0.001590285,0.004140457,0.3030865,0.09756857,0.1519739,0.04628741,-0.2497556
-0.05730333,0.07468433,0.0001519165,-0.2365081,0.1754169,-1.465033,-0.3309911,0.1296535,0.2313965,0.2594236,-0.003905225,0.2455864,3.463894,0.0192068,-0.04594648,0.9616453,-0.1201539,0.01012036,0.462873,0.01314074,-0.8716211,-0.4840064,-0.005206698,0.01446676,0.1612895,-0.09636837,-0.1485783,-0.6687905,0.1569171,0.03188868
-2.195323,-0.01194581,0.6272145,-0.4587687,0.1513916,0.3864255,0.001644825,-0.297726,0.6266012,-0.01701288,-0.2402447,0.4084274,0.3679136,-0.05759507,0.0875787,0.04506299,0.34217,-0.0153193,0.4114519,0.0189461,-1.12738E-05,0.0002925349,-0.03093373,0.3236898,-0.02875943,-0.01510353,-0.4305052,-0.09395792,-0.1638381,0.008569838
0.4368782,-0.02140148,0.3749368,-0.4941522,0.3830737,0.2192085,-0.02880059,0.7497398,0.2965771,-0.2406729,-0.03279709,0.2531043,-0.3987995,-0.006942083,0.6837584,-0.02832433,0.01591069,0.01946314,-0.6261178,-0.4332086,-0.1179553,-0.5231321,0.01065608,0.3698089,-0.120238,0.02121914,-1.184086,0.2170827,0.6046335,-0.1593722
-1.722381,0.04331402,-0.04054854,-0.1040018,0.1084853,0.1906845,-0.08303159,0.389853,0.009472609,0.3119309,0.1040012,-0.3165706,-0.01020826,0.05826819,0.3668693,-0.2017305,-0.509041,0.1087686,-0.08071285,0.204924,0.3515109,0.2316007,0.03738505,-0.1156012,-0.926981,0.01003927,-0.3595855,-0.7041584,0.2566005,-0.0001714253
0.6087177,-0.1698156,0.08609182,-0.5920575,0.3762544,-0.2250188,0.3021659,0.2240797,-0.4473826,-0.5152645,0.3986768,1.258047E-06,-0.1312815,-0.07394309,-0.2345669,0.317988,-0.1358843,0.4514441,-0.4854205,-0.3019758,0.4641619,-0.03833152,0.4684029,-0.1112609,0.3815032,0.1233032,-0.0774508,-0.3576238,0.2731209,0.007655462
-1.630781E-05,-0.001018112,-0.01197219,-0.3415083,0.1269777,-0.0009351452,-0.3288776,-0.2731198,0.7776067,-0.5723289,0.2253704,-0.3940998,0.07834613,0.3437999,-0.001660402,0.3849353,-0.04380479,0.4133971,-0.03981102,-0.05743362,-0.0008752859,0.36509,0.5342715,-0.4453952,0.3793525,0.4103775,0.3551812,-0.07990617,-0.004885343,-0.2567407
-0.02802022,-0.4145423,-0.007928931,0.7480777,0.001355231,-0.005738914,0.3409337,-0.791665,0.5475231,0.007149824,-0.3859367,0.3797696,0.0109963,-0.2223554,0.04925138,-0.1258674,-0.1823194,-0.0660885,-0.2184135,-0.0007286136,-0.1025087,-0.3197749,-0.3807051,0.2624105,0.2990029,0.0102656,0.06103042,0.1842685,-0.193612,-0.2240612
;
0.3185693,0.1425124,0.3752931,-0.05973953,-0.002905441,0.003404142,-0.03962125,-0.1618988,0.004701984,-0.09900939,-0.050071,-3.304221,0.4993938,0.4434198,0.2837604,0.3179343,-0.201295,0.7752638,0.6879728,-0.4873565,-0.02878338,0.382243,-0.6498457,0.1204172,0.6232862,0.01872319,0.1026142,0.07932593,-0.001882851,0.01610835
0.1059771,0.3579433,-0.4462653,-0.4686328,0.1428299,-0.3748744,0.3021191,-0.4408627,0.08811883,0.01751596,-0.03680134,-0.2260467,-0.02406804,0.3704367,0.1744462,0.05770427,0.7630386,-0.470892,-0.06271917,-0.4293918,-0.08479862,-0.2776022,0.02282117,-0.3173252,0.1748785,0.3782705,-0.6933793,0.01140192,-0.03766608,0.2784427
0.2638346,0.4668475,0.03850994,-0.07882938,-0.2342061,0.05712353,-0.3604033,0.4277387,0.09158888,-0.3210459,0.2704937,0.1151534,-0.1371171,-0.4330266,-0.1524327,-0.03897168,-0.3011565,0.144429,0.03273351,0.1353893,-0.2506264,0.0002308959,-0.02163774,-0.2057232,0.05423206,2.259116,-0.03955238,-0.07357806,0.2259924,-0.3116232
;
0.09713262
0.1788804
0.6319675
-0.7471828
0.5134454
-0.3099866
0.04095954
0.09772998
-0.3429803
0.1535558
-0.1591582
0.03924304
-0.1321043
0.4056965
0.3091731
0.05852359
0.003706851
-0.3119541
1.907458
-0.4737259
-0.4287829
-0.2606331
-0.03974644
0.3346854
0.02085954
0.01456499
0.198057
0.05290776
-0.3376658
-0.4116443
;
-0.4333508,-0.02629316,0.1610931,0.02480269,-0.05351001,-0.05598455,-0.3303961,-0.339107,-0.4737804,0.8689248,-0.1784154,0.01064762,0.2261094,-0.2181543,-0.4153266,0.05101455,-0.2338577,0.008266622,0.3797541,0.3777339,-0.9377631,-0.02934493,0.5301938,-0.1954137,-0.9033685,1.23169,0.4767621,-0.0557843,0.3732303,0.326385
-0.1235813,0.01846163,0.1680853,-0.1021078,0.04879597,0.4761692,0.02015989,-0.4034607,0.6428042,-0.1339882,-0.007409036,-0.7820821,-0.6946728,0.624038,0.07647604,0.09032875,-0.1894912,0.3009276,0.6069275,0.2319479,-0.04943369,-0.03183611,-0.2045184,0.07760972,0.422013,0.05222701,0.02848653,-0.3187686,-0.01330996,-0.6342946
0.05118901,-0.0002575404,-0.1217548,-0.2203106,-0.2317844,-0.0001096247,0.2779219,-0.124936,-0.2788954,0.04888179,0.01944059,0.0007678024,1.340142,-0.206876,-0.07113878,-0.003855068,-0.4771284,-0.1272957,0.3766509,0.3084892,-0.7016205,0.08742994,-0.01764188,0.08684668,-0.3777008,0.004486551,0.1123042,0.4006435,-0.2039979,-0.01767265
-0.6903202,-0.2367252,0.1339662,0.008160786,-0.1590037,-0.3647956,0.4062287,0.1716395,-0.2725773,0.0003640012,0.00914248,0.08082043,-0.3167472,0.1862882,-0.499148,0.3219572,0.2237726,-0.143643,-0.140916,-0.454827,-0.6062556,0.4914982,0.003224096,-0.08952442,0.510154,-1.155984,0.002329063,0.235343,-0.4382496,-0.3902776
-0.5370679,-0.2479458,-0.04361944,-0.04243595,-0.3429156,-0.1544945,-0.1385543,0.2319955,-0.5788425,-0.002155815,0.3277648,0.2195097,-0.4446291,0.2953986,-0.03094086,0.06854802,-0.2279233,-0.468272,-0.8238416,-0.4727267,0.1532603,0.06156129,-0.2270826,0.42976,0.0796266,-0.0006522131,0.01073745,-0.1632701,0.15161,-0.02955405
-0.04329556,0.4471626,-0.1495892,0.4122133,0.5771607,-0.168983,-0.1193306,-0.007310497,0.07623664,-0.05157596,-0.2922156,0.5078011,0.3915997,0.3441168,-0.1021941,-0.02816945,0.08164638,0.04612257,0.01387582,0.001917877,0.07678086,0.2353174,-0.08053605,-0.4030164,-0.01114671,-0.6224948,0.08120956,-0.0305329,1.037983,0.3424827
-0.04684116,0.2454215,-0.01429862,-0.1036159,-0.2624856,0.05415672,-0.04670674,-0.3344312,0.07085236,0.5031731,0.033808,-0.1661005,0.3606008,0.1711594,-0.1413291,0.4040972,-0.3218561,-0.4028834,0.03745006,-0.2418933,0.008994431,-0.4163306,0.3811368,0.3612595,-0.2627546,-0.02705742,0.00764045,-0.2867812,-0.08058608,0.1127892
0.3058056,0.03381139,-0.3591135,0.4098082,0.4677957,-0.07381457,-0.4960116,0.3824332,-0.3415339,0.1648063,-0.008468573,-0.1890935,-0.5476429,-0.2552192,0.3087757,-0.5311715,-0.5332792,-0.02328039,0.07807086,-0.2576247,0.0128563,-0.1493557,-0.4193993,-1.049997,0.006011156,-0.005643351,-0.01465059,0.02727162,-0.05412825,-0.367499
0.4848639,0.3777677,-0.2055002,0.03495708,-0.4554768,0.03541721,-0.003409316,-0.1733575,0.434869,0.04852328,0.2743485,1.472877,0.0108997,-0.1074771,0.1346375,-0.3806585,0.4425009,0.281499,0.2178351,0.02076294,-0.3921849,-0.2603805,-0.1077994,0.2769731,0.09742136,-0.1891795,-0.4505653,0.002448036,0.1184437,0.3879243
0.235711,-0.02536187,0.3113933,-0.2053738,-0.1355464,-0.5294466,-0.2633616,0.03828964,-0.06217081,-0.005189759,-0.09667709,0.673795,-0.02488822,-0.9496782,0.07013231,0.4276936,0.3119719,-0.1802011,0.3676747,0.2138383,0.0130437,-0.3188602,0.5505603,0.01335154,-0.2739414,0.07674982,-0.01033977,-0.5572588,0.4564414,0.03588553
0.08318537,-0.3496865,-0.9593543,-0.1074852,0.1262306,-0.6514924,-0.119959,0.2460991,-0.006972332,-0.1050081,-0.4118986,-0.226344,0.299716,-0.06350845,0.2156586,0.1563633,-0.01132078,0.0720934,-0.2364054,-0.4034555,-1.593258,-0.5306802,1.392007,0.1190583,-0.1431616,0.3534893,0.1739804,0.2305239,-0.2323908,-0.02279155
-0.4193356,-0.4181332,-0.2573209,0.5661816,0.02640443,-0.01467943,0.004420364,0.1273721,0.02751189,0.03608043,-0.1129519,0.005167469,-0.008991539,0.002292812,0.6817519,0.2602098,-0.09154014,0.1985072,-0.986522,-0.2235638,-0.02476425,0.4933712,0.02053674,0.07599322,0.0002765927,0.3150048,-0.3488978,0.1664622,-0.2293019,0.1183447
-0.4986839,0.3073072,-0.1755016,0.293837,0.1558925,-0.09202057,-0.005053561,0.347385,0.3456146,-0.1619349,0.003569452,-0.1163805,-0.132589,0.003609205,0.1148236,-0.01252093,-0.4702561,-0.3448055,0.2222939,-0.01051766,0.3530886,-0.4417717,-0.3052622,0.4716028,-0.06338015,-0.1369783,0.2358113,0.1048531,-0.02609915,0.001700805
0.0595476,-0.3770108,-0.02400963,-0.1862239,-0.1514635,-0.1371311,0.2793714,0.9173204,0.1199293,0.798605,0.4216665,0.2874159,-0.02186654,-0.6377092,-0.5644683,0.4417708,-0.5267631,0.1104349,-0.4986474,0.2245445,-0.3405459,-0.1964257,0.09735157,0.3914653,-0.4014682,-0.3278685,-0.04792132,0.01106508,-0.01605029,-0.1653995
-0.01460843,0.03134814,-0.272686,-0.08877331,0.1459012,0.008294118,-0.3632693,-0.4045661,-0.2261205,-0.4057465,-0.1431596,0.4379951,-0.2612711,-0.05850472,0.444798,0.005346585,-0.1159873,-0.1880434,0.01177304,-0.164889,-0.003337444,1.801,-0.06285123,-0.06564637,0.1772588,0.1281853,0.3050963,0.02908736,0.1516689,0.02773565
0.2649796,0.1467605,-0.4691352,-0.2827344,-0.1228469,-0.3717231,0.0982464,-0.0495987,0.1011555,-0.01792216,0.02897432,-0.2113941,0.04139179,-0.3557264,0.4862536,-0.1314442,0.3914571,0.01018447,-0.3580589,0.008477047,-0.2300458,-0.1900428,0.2413095,-0.1548809,1.898911,-0.3337356,-0.001818269,-0.01313955,0.2189457,-0.02471942
-0.1226611,0.17251,0.009220078,0.367894,0.04286331,-0.4718919,0.960648,0.3715472,0.2023792,0.5159186,0.3810812,-0.04761456,-0.02004118,0.3971505,0.1962494,-0.002058797,-0.1879727,0.01933808,0.6278028,-0.1786756,0.0004714409,-0.194031,-0.1170942,-0.1759239,-0.0006966172,0.01431385,0.6471406,-0.32389,-0.1021233,-0.1018566
-0.1389542,7.728932E-05,-0.02842485,0.09770697,0.8345335,-0.02171499,-0.02642159,-0.4538268,0.03018901,0.1969116,-0.1587384,0.1340527,0.03967913,-0.09631676,0.2454975,0.09435382,-0.5341626,0.05033457,-0.1545292,0.1587124,-0.007220907,0.3943144,-0.03243243,0.6544651,0.7644718,2.47065,-0.2843449,-0.0003138129,0.003847841,-0.2212712
0.1255254,-0.4098419,-0.1726699,-0.3868002,-0.004031108,-0.06295297,-0.8563093,-0.4629456,0.6228729,0.330002,0.4228047,-0.03908607,0.1649572,0.003159727,-0.02577805,-0.465245,0.3314474,0.0430668,0.01974112,0.3391342,0.1827142,0.01126809,0.001006026,-0.3408264,-0.2696526,-0.03994197,-0.2438174,-1.037509,-0.3294069,0.294384
0.1685432,-0.004445509,-1.231431,0.4352628,0.2498677,0.2287944,-0.4918413,0.1703199,0.1187267,-0.03776329,-0.1633626,-0.3085109,-0.2148993,0.0188691,0.6702607,-0.6556709,0.00904283,-0.4421817,0.4165598,0.2177196,1.258754,0.1307019,-0.22187,0.2286172,-0.03326804,0.8524299,0.412392,0.05869277,-0.9551814,-0.280808
0.03916777,0.1387192,0.1542344,-0.03520055,-0.08017452,0.06203908,-0.5842916,1.583329,0.4544933,-0.0316678,0.08035976,-0.03237459,-0.3722945,0.3151293,0.3617569,0.02857856,0.008213783,0.295466,-0.1981209,-6.563935E-05,0.1605735,-0.2748259,0.6164693,-0.1254209,-0.1654391,-1.083355,0.02142814,-0.388115,-0.137262,0.06291288
0.02201349,-0.2056036,-0.07966352,0.005903256,-0.002874315,0.4432008,-0.4825248,0.008484546,0.1969168,0.456821,0.4811237,-0.05083412,-0.2539306,-0.2081121,0.836861,0.1264458,-0.318584,0.2799942,-0.2466337,0.3518351,0.01765703,-1.792574,0.6944854,0.2102841,-0.01796552,-0.148949,-0.02928949,-0.1022733,-0.04216107,0.5269225
-0.7650321,-0.3329461,0.03117396,-0.3941778,-0.01196618,-0.03061566,-0.05942781,0.05305768,-0.2807139,-0.2368306,-0.003484572,0.1568507,-0.04652594,-0.02091461,0.3031107,0.0479563,0.4108538,-0.2273799,-0.2360076,0.1168986,-0.01447557,0.4090741,-0.3099492,-0.4561213,-0.01783188,0.4569317,0.08419927,-0.02892219,0.0002218013,-0.05184117
-0.02447546,0.1138404,-0.4035401,0.4772574,0.07889587,0.4563496,0.7338976,-0.2618239,-0.07504004,-0.04337559,-0.3266149,0.05964616,-0.1047559,0.05628989,-0.002890091,-0.6836442,-0.03500468,0.2554229,-0.5607907,-0.03858322,0.2193493,0.1660199,0.1471984,-0.1321073,-0.001968518,-0.8518717,-0.007600961,0.4331636,-0.3536149,0.02609068
-0.499994,0.3847976,0.1674235,-0.1548641,-0.1354374,-0.213433,-0.5256357,-0.3387373,0.7079761,-0.4465837,-0.1970877,0.7101429,-0.0184175,0.3797592,-0.1082224,-0.09849585,0.07652663,-0.07151403,-0.2605298,-0.004329672,-0.5836366,0.1592405,0.06719273,-0.1133117,-0.1672756,1.129025,0.13105,0.3809848,-0.0292235,-0.07273626
0.03145766,-0.00537428,-0.1959775,-0.1195632,0.03440515,-0.4299995,-0.4316038,-0.2040526,0.3944135,0.4018322,0.3260671,0.05848989,-0.7429568,0.2549954,-0.3647458,-0.1521911,-1.815026,-0.3014147,0.223985,-0.01302695,-0.01381058,0.1320762,0.2033545,-0.5438255,-0.07765157,-0.07223153,-0.1978207,-0.7974848,-0.1652952,-0.5220726
0.3811047,0.01173837,-0.07529434,0.01098776,0.4378109,-0.1650743,-0.3747147,-0.1058448,0.1742545,-0.306529,0.02431065,0.4084399,0.1014333,-0.4253318,0.929944,-0.2226475,-0.0506809,-0.1961909,0.2819014,0.2990849,0.2271063,0.2251692,-0.1164489,0.1101856,0.08029789,0.04516625,-0.2174135,-0.00969207,-0.00249928,-0.006498626
0.02790295,0.5284722,0.3152189,0.285412,0.3023909,-0.02758105,-0.05458105,-0.08746535,-0.698432,0.2261703,0.112321,-0.7756745,-0.1379936,-0.05481273,0.3960089,-0.03219113,-0.9965602,0.01005863,-0.3312016,-0.08915329,-0.2996166,-0.2056646,0.1728947,-0.2224679,-0.09284717,-0.3605097,-0.1924126,0.5172894,0.5294167,-0.07600194
-0.007870159,-0.4511319,0.3408741,0.2918028,-0.3000464,-0.02338185,0.02990923,-0.1657577,0.3120756,-0.002423828,-0.00276779,0.1212174,-0.2580151,0.2972158,0.1090586,-0.06397689,0.131892,0.02176974,-0.09232707,0.2048166,-0.0665969,-0.04070133,-0.006836398,0.08338317,0.248994,-0.3358583,0.3303977,0.07159271,-0.3430932,0.01940969
-0.09714082,-0.04491261,0.1067485,-0.6089417,-0.4316262,0.02730452,0.3089257,0.8688984,0.01731283,0.03321701,-0.3961616,0.401695,0.6473086,-0.01127815,-0.03587252,0.0925189,-0.3347285,0.005415264,-0.01062943,0.004332642,-0.5591399,-0.1783649,-0.1012723,-0.2617594,0.03569558,0.03021996,0.0002040629,0.1140341,-0.5963563,-0.3407775
;
-0.4344439,-0.08664455,0.8554244,0.1800815,0.4569498,0.489388,0.05919379,-0.2574638,-0.007109177,0.4835844,-0.2985002,0.7876756,0.167268,-0.7613546,0.04165131,0.2936583,0.1173657,-0.1098106,0.1721956,-0.1114472,0.1430271,-0.2932765,-0.02796067,0.04472848,-0.0002422212,0.03964757,-0.4235972,-0.2145851,-0.06746615,-0.1142279
0.3765692,0.5880529,-0.142495,0.4123291,-0.1790963,-0.0008141024,-0.7213435,0.07494789,0.270309,0.003028692,-0.5010403,0.03869266,-0.2295604,0.006397758,-0.4997646,-0.2642351,-0.1753502,-0.002381569,0.4865755,-0.3930072,-0.4866192,0.648988,0.026796,-0.103388,0.1563584,-0.2053031,0.005803796,-0.1777211,-0.08959255,0.005720221
0.05917001,0.1899667,0.2702149,-0.3232992,-0.1737157,0.3343925,0.0595789,0.6235856,-0.1731379,0.007872188,-0.4764598,0.3115608,-0.2488248,0.4459647,-0.00709039,0.3949081,0.05660409,0.3380913,0.0450222,0.1723176,0.4528887,-0.4018905,-0.05485984,-1.386514,0.1322361,0.05962254,0.5912208,0.07098127,-0.3909408,0.2823178
;
-0.09234708
-0.005822682
-0.1148749
-0.039619
-0.003749104
0.4777968
-0.4945618
-0.09732476
-0.364517
0.07701749
-0.01329777
0.3737373
3.875527
-0.07328707
-0.1299954
-0.02592768
0.1830625
0.3430816
-0.163258
-0.3192981
-0.2985827
-0.2185885
0.4426172
-0.00216112
-0.4871522
0.009579563
-0.4898526
-0.005908489
0.6794013
-0.3678164
;
0.02283953,-0.3675481,0.2201737,0.004418792,-0.07783879,-0.3823029,0.9465703,-1.527108,-0.4815472,0.1253475,0.01757033,-0.159134,-0.1903737,-0.05242121,-0.1079046,0.2374239,0.0483212,0.1193478,0.2709756,-0.1738127,0.03794304,-0.1606702,-0.325734,-0.01323659,0.09453863,-0.1432555,0.2022506,-0.2064819,0.07083863,-0.2305595
-0.4951739,0.05579903,-0.1395818,-0.05990769,-0.4763986,-0.3147345,-0.05077916,-0.03845703,-0.0001018147,-0.1751296,-0.02402048,-0.4250254,0.3802376,0.1725731,0.01833033,-0.4900788,-0.1164682,0.3291861,-0.009356439,0.1725111,-0.1442351,-0.05753331,-0.2563478,0.4295969,-0.03920007,-0.2711645,-0.04530273,-0.1497097,-0.04085356,0.1559819
0.04873165,0.2061477,0.01359568,0.06615765,-0.1151479,-0.03524572,0.03339055,-0.4512709,-0.3480051,-0.1572282,0.001845844,-0.8851876,-0.01859321,0.3073571,0.2662359,-0.1728227,-0.029999,0.004437126,-0.1184253,0.04091884,-1.060665,0.004243155,-0.1161316,0.4777688,-0.3145329,-0.04501207,0.765152,-0.168447,-0.01794183,0.527538
0.2240828,0.1891085,-0.0354113,-0.008733091,-0.06251153,0.001341268,0.4500551,0.5631845,0.4136382,-0.3321329,-0.01797532,0.0545412,-0.4272495,-0.4858989,0.03129522,0.0122842,0.4731679,-0.3200996,0.3530176,0.05056311,-0.3962672,-0.4811343,-0.04010724,-0.1324872,-0.2818561,-1.202482,-0.02539495,0.0355869,0.05346495,-0.07055856
0.5874572,0.2571169,0.8105338,0.05713555,0.3368472,-0.193736,0.003119183,-0.0007002227,-0.8131114,-0.5893776,0.4348948,0.3506365,0.04055333,0.02159883,0.2752723,0.09561187,-0.620243,0.1165923,-0.4722416,-0.1692865,-0.07204433,0.1368326,0.03810464,0.6188956,0.009978408,-0.7823769,-0.05038816,-0.09694603,0.1129035,0.02052257
0.4403386,0.3255441,-0.002836163,-0.111372,-0.8787185,0.1437284,-0.4523469,0.4361614,0.8123255,0.09901069,-0.04342641,0.3814,0.02932435,-0.1039123,0.9462324,-0.247662,-0.008504332,0.3655239,-0.2022822,-0.1460583,-0.3296229,0.09715992,-0.0351739,-0.03134205,0.2434238,0.09690715,0.288958,0.09903906,-1.077793,-0.09268099
-0.274129,0.3380383,0.7248018,-0.02353727,-0.02121186,-0.08416814,-0.70668,-0.02745861,-0.4477193,-0.3271747,0.08889516,0.8895565,-0.008276857,-0.5255293,-0.03066685,-0.3175176,0.2613593,0.009939373,0.4079486,-0.09077355,0.09823352,0.3873962,0.000729794,-0.006825864,-0.8315861,-0.07032179,0.3618752,0.1074307,0.04460301,0.6378472
0.1363321,0.07718361,1.096632,-0.3560607,-0.03834696,-0.1692452,0.1353039,0.001809094,0.7277241,-0.1219129,-0.4993115,0.3587434,0.4944489,0.2751603,0.2372513,-0.3500827,0.09216469,-0.3153863,0.1481598,0.4209361,-0.4551595,-0.03439835,-0.6915792,-0.00672071,-0.3153957,-0.0181116,-0.1285251,0.34305,-0.01308354,0.08806016
0.3753409,0.5872383,0.2691116,0.1860804,-0.27673,-0.157771,0.4012996,0.07791144,0.005466918,-0.006804508,-0.02581727,-0.1489144,-0.3900538,2.083615E-06,0.02640202,-0.1361215,1.022032,-0.280027,-0.2837586,0.1323939,-0.5326127,-0.2106385,-0.1329942,-0.2929416,0.3043109,-0.3694227,-0.05130128,-0.01416133,0.2657949,-0.07755063
-0.06563231,-0.116323,0.5630515,-0.05279571,-0.3740739,-0.5080052,0.008221862,0.3652687,0.003371775,-0.8379599,-0.01525303,-0.01328808,-0.07161852,-0.09900898,0.08663872,-0.005549287,0.1165077,-0.774677,0.2872915,0.0742957,0.7669728,-0.1526456,-0.09060173,-0.1632839,0.01333401,-0.417135,0.8218059,0.3108176,-0.02904616,0.02684957
0.2522828,0.009483541,-0.1445139,0.2889074,0.002784398,0.3721019,-0.0290759,0.04050842,-0.2672499,0.0005253782,0.2323205,-0.03700893,0.1486907,-0.4120921,-0.3651654,-1.613067,0.172389,-0.04121697,0.2312587,0.2008506,0.4907101,0.4278887,-0.08871473,0.4160609,0.3661857,-0.3703905,-0.2290663,-0.1430495,-0.3428367,-0.03855535
-0.03866929,-0.03379494,-0.4595451,-0.1116078,0.05786278,-0.2813705,-0.2581141,0.4828864,-0.5798136,0.3012343,-0.4738247,0.002579314,-0.1562306,2.191545,1.073038,0.001453629,-0.05662149,0.2360324,-0.001356855,0.3651152,-0.06949296,-0.1221897,-0.09338377,-0.006751075,0.1175498,0.01804579,-0.3208897,0.3899504,0.2573623,0.005355299
0.1336473,0.1486621,-1.355679,0.0069223,0.6377625,0.4432679,-0.2120538,0.3625778,0.4491901,0.2168193,0.009410163,0.3235326,0.1478041,0.286643,-0.08495849,0.8381625,-0.5991971,-0.001294398,-0.0218719,0.459221,0.03449994,0.2033749,0.02770877,-0.2665446,0.2531039,0.1319028,0.9770201,-0.5336136,0.9004731,0.0610985
-1.313244,-0.1840039,-3.255581,-0.06953605,-0.4120972,0.4348001,0.4941694,0.007921994,-0.2309746,0.3785846,-0.05393916,0.9682139,-0.15369,0.3195678,-0.0001145274,0.3942522,-0.00487242,-0.05080922,0.3316516,0.2399517,-0.1917986,-1.026833,0.01826264,-0.262629,0.4547114,0.2443946,0.4891207,0.1646689,-0.1153943,0.112435
-0.006777204,0.05204994,-0.5130324,0.4726745,0.1113807,0.4031041,0.5217884,-0.0129406,0.4575681,0.05996317,0.002565559,-0.3854481,0.4841915,0.4986166,0.3169572,0.951212,-0.3026278,-0.4867647,0.3938234,3.521651E-06,-0.1573922,-0.1009743,0.001643735,0.02664233,-0.4988871,0.5104394,0.03236356,-0.6841555,-0.04140502,-0.1071575
0.002640123,0.7051936,-0.1391456,0.1483727,-0.3909988,-0.01585072,-0.2866058,0.1796247,-0.6075296,0.04285989,-0.4043236,0.02996478,-0.453799,0.006943992,-0.3238791,0.01139671,-0.03342042,-0.165016,-0.01832231,-0.2874306,-0.02740866,-0.1357419,-0.06152898,-0.04294511,0.06961677,-0.7297029,0.01941747,-0.4703053,0.1256325,-0.07248914
0.1498711,-0.6407934,-0.01009221,0.02730777,-0.113717,0.6748013,-0.0244146,0.322906,0.5103011,0.1090798,0.0003119391,-0.03056996,-0.001706909,0.1775626,0.4778489,-0.005987122,-0.2464938,0.04242749,-0.3813436,0.3201103,-0.4675511,-0.0003927984,0.1404095,0.3859411,0.00021409,1.309773,-0.5488971,-0.3389263,-0.1637407,-0.07226698
0.182595,-0.01522879,0.09007118,-0.5359284,-0.322751,0.106999,0.3288199,-0.1081772,0.01937189,-0.1573598,-0.03417748,0.233185,-0.1484072,-0.007315096,-0.5168167,0.09865445,-0.02443989,0.07334262,-0.2313005,-0.2074044,-0.05034095,0.06249937,0.09773123,-0.001389205,0.1348753,0.1635364,-0.1064009,0.01866607,0.4261513,0.443599
-0.0550465,0.2369771,0.02945453,-0.06258203,-0.129176,0.05241793,-0.2318717,-0.1527132,0.2345484,0.1134506,0.241335,0.5867323,-0.135002,0.3872832,-0.08574521,-0.3234098,-0.2135882,-0.2404313,0.4517347,-0.3561903,0.1139169,0.06128067,0.04796976,-0.4630057,-0.2156723,0.248236,-0.3704416,0.4797747,0.2249313,-0.04935496
-0.2280056,-0.09361898,0.5872643,-0.04275742,-0.1428439,0.2858248,0.001446796,0.04980512,-0.0788644,-0.06273192,-1.303011,0.0135907,0.3863698,0.007347047,0.0240594,-0.05694517,-0.3831147,-0.1481857,-0.4747556,0.2798208,0.7574946,0.2891399,0.6958594,-0.3955195,0.02651005,0.1472136,0.07720301,-0.4578198,-0.01629595,0.6633604
-0.01942765,0.1304726,0.1717277,0.4273545,0.3842307,0.3603903,-0.6582745,-0.5397277,-0.2293091,-0.4668429,0.1159153,0.4608809,-0.03779608,-0.004412669,0.03807472,0.1563506,0.0430261,0.3096074,0.2623531,0.1596975,-0.2820885,1.27865,0.08782589,-0.2187212,-0.3105129,0.07732596,0.005510747,-0.1466452,0.01760543,-0.0325788
-0.1838969,-0.5267884,0.09364384,-0.09167286,-0.2599093,-0.1266063,0.4584477,0.4324331,-1.101945,0.6262676,-0.3571513,0.001007598,0.4956503,2.018227,-0.1638781,-0.3380351,-0.4579904,0.03814663,0.3704112,-0.01603292,0.4087243,-0.4144144,0.1584002,-0.007963262,0.03469798,-0.002815367,-0.02787359,-0.3341113,-0.2389854,0.2308737
-0.4984237,-0.0708892,0.3455338,-0.03315308,-0.1307375,-0.3467726,0.1679729,0.3009354,0.008237898,-0.2207159,-0.007622823,0.4132529,0.2029229,0.5353777,-0.02288999,-0.1808901,0.1584279,0.47321,-0.3209605,0.1621671,-0.2635286,-0.3769946,-0.4754604,-0.487608,0.659928,-0.1091602,0.015315,-0.1568649,0.00720357,-0.1319008
0.237687,-0.3168408,-0.1443296,-0.2374041,-0.008139499,0.4505994,0.09855735,0.2701535,0.06151543,-0.4367128,0.03716644,0.06562668,0.1010385,-0.3198015,-1.284483,0.1793577,0.1750069,-0.0007954728,0.377749,-0.02302279,-0.3232001,0.06509457,0.1716442,-0.001542956,0.0006287324,0.2983366,0.263851,-0.09141383,-0.6381504,0.3622584
-0.4090911,0.2948547,-0.2559922,-0.4391018,-0.08187431,-0.390286,0.2494542,0.4649878,0.06487674,-0.01978535,-0.03486489,0.8077646,-0.3770645,-0.2270469,-0.06854872,-0.234252,-0.04864818,-0.4375579,0.3583791,-0.7301341,-0.2294861,-0.009288371,0.03524055,-0.2393811,0.01379472,0.3371331,-0.6214609,-0.06062699,-0.4794024,0.4902456
-0.4263378,0.03888015,-0.5683774,0.5725645,-0.01194768,-0.3674539,-0.01040183,-0.01929976,0.1012107,0.4152966,0.2701168,0.909413,-0.3052959,4.131266,0.7129034,-0.001235524,0.3826244,-0.01021902,-0.4123704,-0.05023628,0.03515773,0.4737546,-0.0004176921,-0.4689164,0.007521331,0.05164317,0.01012899,0.5020778,0.1296234,0.1059793
-0.1867637,0.3968028,-0.746817,0.01885734,-0.1255306,-0.02143321,-0.3676657,0.3987433,-0.05781039,-0.3996814,0.2134861,0.2764443,0.09935042,-0.2291806,0.001569435,0.4853966,-0.01754798,0.1775323,0.06198126,-0.001981138,0.4540587,0.0001079889,-0.2711356,0.4866138,0.001090606,-0.207195,-0.07882005,0.6068147,0.1352745,0.1727626
0.006107697,-0.04366785,0.4538538,-0.3762892,0.2393773,0.2993248,-0.2735983,-0.2659826,-0.3368089,0.0008666603,-0.1372816,0.1685294,0.3601028,0.0131472,0.7871222,-0.005956046,0.02598763,0.04840879,-0.4693961,0.7880732,0.07285727,-0.4270009,0.5866064,-0.0163689,0.2260108,-0.01000669,-0.4160289,-0.002161351,-1.860627,-0.5364538
-0.386773,0.005199906,-0.4840343,-0.1612395,0.01585568,-0.0384207,0.04260473,-0.01850031,0.01035876,-0.2432791,-0.3038408,-0.2522943,0.3088852,0.4990133,-0.314,0.08538999,0.139634,0.4061005,0.06300408,-0.402045,0.5608739,0.4166056,0.03161384,0.0001252002,-0.2110464,0.32839,0.003719971,0.001796932,-0.4302038,-0.07800609
0.0763538,0.365374,-0.6079865,0.0512692,0.01641545,-0.4488276,-0.04908898,0.283169,0.1169686,-0.1706618,0.2212958,-0.2965264,-0.323585,-0.002156015,0.05506418,-0.5446677,0.009682929,-0.06257147,-0.9844848,0.4894464,-0.134357,-0.3583456,-0.07602854,0.7118471,-1.411723,0.01775887,-0.2826455,-0.1436404,0.3411051,0.4920132
;
-1.533213,-0.07224356,-0.06139225,0.04206973,0.001818815,0.3862392,-0.4977072,0.1507275,0.0002335723,-0.02375311,-0.06300204,0.03242415,0.02228655,0.3732462,-0.01901268,0.0001835665,-0.03537673,-0.07318284,0.2457361,0.1148009,-0.00256961,-0.3507534,-0.04458393,-0.2197051,-0.4759781,-0.007200021,-0.01086408,0.0757413,-0.1317099,-0.06783125
-0.6413991,0.02053126,-0.003255031,-0.1224603,-0.3915055,0.00932517,0.3685234,0.1591778,-0.156455,0.2886759,-0.2265212,0.1668047,-0.000985701,-0.06190878,-0.1445004,0.01121557,-0.1760244,0.2755544,0.1652018,-0.1476577,-0.3624678,-0.001480039,0.07803092,-0.4074727,0.5784569,0.02718502,0.03106633,-0.4583629,-0.3413757,0.3482558
0.04436094,-0.06224758,0.009435475,-0.1421572,0.2079875,0.1267056,-0.001869664,-0.09507885,-0.4329079,-0.2799884,-0.1884531,0.1179724,-0.04100277,0.7794133,-0.3766455,0.7949663,-0.124345,0.03625564,0.06991619,0.02694164,-0.114109,0.4614972,0.2974595,-0.8161961,-0.2563136,-1.193091,-0.01320141,0.1233516,0.1639038,-0.2595816
;
