-0.02613687
0.2794579
0.2016443
-1.761086
0.4607101
-0.002350328
-0.004732328
0.4077513
-0.2528715
-0.3269393
;
-0.04695501,0.490896,-0.07338501,0.5685927,-0.2362604,-0.1808012,0.3275303,-1.096742,-0.02703336,0.3271936
0.005167796,-0.0001409257,-0.1826593,0.2154872,-0.04095981,0.1755367,-0.093456,0.07512345,-0.07381313,0.05560319
0.06211113,-0.09419796,0.3883299,-0.4371375,-0.1874179,0.02883223,-0.02775675,-1.574886,0.1620095,0.08363268
-0.2438857,0.001562851,-0.03052749,-0.04696376,0.002789069,0.0285835,-0.0426051,-2.823691E-06,-0.4568591,-0.2965057
0.07642631,0.00372858,0.4302086,0.2523029,0.7160304,-0.328148,0.1929009,0.4741851,-0.2815922,-0.1730298
0.1663044,0.822404,-0.2525827,0.2183803,-0.04108891,0.2887338,0.06074029,0.04035643,1.051428E-05,0.03265053
0.2021402,-0.03895786,-0.2945486,-0.03431934,-0.01811107,0.05872019,-0.01205215,0.02267486,0.6364549,0.1210325
-0.2566147,-0.1771978,-0.5312164,-0.4161577,0.3773119,-0.01538295,-0.5187441,-0.3589504,-0.6302221,0.2234729
2.090863E-05,0.18933,0.0001592325,0.2009927,-0.005150198,-0.1158442,0.0005227625,0.0128397,0.04209203,0.2882128
-0.02954792,-0.008815541,-0.2667521,0.7329453,0.3512596,0.6843755,-0.1296041,-0.009053648,-0.07812429,-0.1973009
;
-0.004718348,0.1609282,-0.3459016,-1.08443,0.4311806,0.07222798,-0.6340275,0.3256634,0.4267761,0.03383653
0.07118928,0.02274132,0.08591726,0.0936774,0.2242586,-0.5185877,-0.1084097,0.001131019,-0.00465277,-0.01149799
;
-0.02229504
-0.6383972
0.5925274
0.05249689
-0.3272533
-0.1808905
-0.1746982
0.04216401
-0.001114959
0.02504016
;
0.2790596,0.01954385,0.1492393,0.03061344,-0.05761939,-0.05807767,-0.3707466,-0.2189037,0.1693076,0.2318206
-0.01822273,0.8883096,-0.03242344,0.06713168,-0.213912,0.1135702,0.2535746,0.2704483,0.00262119,-0.01121121
0.3756551,0.447751,-0.009374586,0.1471611,-0.08065537,0.01705195,-0.05304059,-0.02872734,-0.2229696,-0.2593797
0.3336871,0.2540909,0.0002860933,0.1953174,-0.4979836,0.1608634,0.0681109,-0.414976,0.06203697,-0.01013896
1.784175,-0.2271535,-0.05189455,-0.06740567,0.04518606,-0.01201661,-0.1140153,0.1404977,0.4015932,0.01809295
-0.1265455,0.4564339,-0.2444764,-0.267679,0.03789717,-0.2029825,-0.04255766,-0.006582844,-0.1148633,0.9769711
0.003520494,-0.3320349,-0.08882838,-0.3101147,-0.3066542,0.07013007,0.3284044,-0.4801211,0.03450947,0.1235447
0.02792524,0.3119242,0.005492151,0.06606103,-0.6465709,-0.3634295,0.09380454,-0.2334896,0.0966081,-0.7351926
-0.02543901,0.02758747,-0.08686322,-0.1230103,-0.001514893,0.3858018,-0.2046914,0.8168468,-0.05811874,-0.26009
0.1492188,-0.4148208,0.1253482,-0.6565723,-0.3029811,0.1673974,-0.003363626,-0.3539859,0.1041091,0.0009806982
;
0.7475383,-0.009948038,-1.301034,0.003141885,0.2443717,-0.07542671,0.06268723,0.2027491,0.2971874,0.0166983
0.4590597,-0.09459347,-0.3522553,-0.2774987,-0.005514992,-0.06368977,0.1666922,0.08023924,-0.2533261,0.07461445
-0.223895,0.148327,0.4829519,0.1576822,0.1099788,-0.2835376,-0.6422331,-0.1465768,-0.01089626,0.001865022
;
