0.4772229
0.08931886
0.2404008
0.3689888
-0.1217535
1.508843E-05
0.1532663
0.1561992
-0.4211118
0.003472645
;
-0.3777948,0.7588177,0.4237678,0.03212991,0.4665685,-0.252964,-0.3350068,-0.3312378,0.1100235,-0.05434336
-0.1935143,0.009724677,0.136782,-0.2420482,-0.2547822,0.04763925,-0.7473958,0.3729408,-0.388574,-0.06651199
-0.5752124,0.2925853,0.4785815,-0.1143571,0.001928318,-0.3752632,0.4131792,0.0313259,0.2288558,0.8728019
0.327111,0.06909272,0.3280757,-0.06914002,0.1085246,0.001501143,-0.1223918,-0.09540325,-4.859498E-05,0.03233418
0.07679096,0.2795914,0.004471094,0.06811861,-0.3171581,0.2354066,0.06722513,-0.2769599,0.1495048,0.1565271
-0.002021504,-0.03006963,-0.0003859487,0.07212206,-0.2512502,0.1291655,0.004959933,-0.3001606,0.3074459,-0.2077137
-0.2766522,-0.209706,-0.2818248,0.2413658,-0.1394795,-0.1522872,-0.2542548,-0.2636014,0.4562696,-0.4955962
0.1446912,0.2985766,-0.2849222,0.411384,-0.07798398,0.002234749,-0.607052,0.04509217,-1.252598,-0.1152702
0.4977284,0.1440241,0.0003891751,0.0162892,-0.04776782,-0.4100487,0.3709626,-0.134005,-0.0297123,0.001790697
0.6029734,0.6512137,0.1746954,-0.2871822,0.3188248,-0.3419138,0.07059259,0.1588342,-0.3410999,-0.02792477
;
-0.0003170363,-0.06778139,-0.1706892,-0.4527237,0.1373416,0.2994988,-0.009770934,-0.4769394,-0.3283113,0.2963436
0.3517483,-0.0189291,0.1924347,0.1400759,0.1977168,0.09624225,0.03162439,0.6745335,0.7549348,-0.1076227
;
-0.01606106
0.4563385
0.5490724
-0.07684841
0.195995
-0.1529493
0.01788221
-0.7160661
0.4074486
-0.05901153
;
-0.09757961,0.2011342,-0.007985764,-0.005397744,-0.2214348,-0.0001700252,0.6791979,0.1605296,0.04631394,-0.06760603
0.06619482,0.5617275,-0.3106294,-0.4816434,-0.00673359,0.3321283,0.0272364,0.003008828,0.08998626,-0.01657733
-0.09459942,0.1130828,0.1923405,0.4980718,-0.4997468,0.2288296,-0.4748052,-0.1631604,-0.5656382,-0.6524592
0.4124365,0.08969248,-0.3076087,0.04022128,0.002743879,0.3748602,0.4753835,0.4670319,0.04529148,0.0049421
-0.4933207,-0.4578568,0.02326794,1.345057,0.04648884,0.07427245,-0.3115521,-0.03088856,-0.02916588,-0.4828691
-0.06796215,0.42212,0.00165269,-0.331203,-0.03225366,0.004408993,-2.843889E-05,0.01316456,0.09037759,-0.005437644
0.0002931507,-0.05401962,0.006193408,-0.0001771136,0.1133284,-0.4220332,-0.3697616,-0.04912239,0.2680561,-0.0249487
-0.07197145,-0.0253179,0.09214228,-0.4046019,-0.4870035,0.4901032,0.2290531,-0.005427017,-0.2587997,0.05399087
-0.04818302,-0.0727381,0.2120301,-0.08482688,0.0452238,-0.01435322,-0.01602497,-0.09664038,-0.6334732,0.2831583
-0.02370945,0.1185436,0.2984239,0.4686815,-8.984405E-06,0.06769125,0.01084191,0.2030865,-0.06206238,-0.2633264
;
0.2374112,-0.003553239,0.1183829,0.02471417,0.1598679,0.1694245,-0.4667885,-0.00229689,0.04674126,-0.1507134
-0.1210965,-0.005788863,0.03477496,0.1010079,0.1306584,0.4358847,0.01795231,0.414338,0.4754639,-0.05451371
-0.7316859,0.01658512,-0.04017916,-0.0001732142,0.2601473,-0.2169651,-0.3242496,0.06701424,0.1753161,-0.186645
;
