-0.02613687
0.5482842
0.2016443
-1.119154
-0.4607101
0.1422701
-0.004732328
0.2140303
-0.2528715
-0.3269393
;
-0.04695501,0.490896,-0.1054747,0.5685927,0.2362604,-0.1808012,0.3275303,-1.096742,0.09877175,0.511269
0.003617164,0.0001409257,-0.1826593,0.4582145,-0.04095981,0.2206646,0.093456,-0.0314551,-0.07381313,0.003485652
-0.06211113,-0.09419796,0.2779956,0.381822,-0.1874179,0.03695535,-0.3565657,-0.9343894,0.4531423,0.1286881
-0.2438857,0.0008500876,-0.03052749,-0.04696376,-0.002789069,0.01584879,-0.0426051,-2.823691E-06,-0.4568591,0.2965057
-0.08163067,0.001897654,-0.3182963,0.2523029,0.4793744,-0.5729715,-0.1464674,-0.4236276,-0.143575,-0.1182048
0.1663044,0.822404,-0.02600428,0.2183803,-0.04108891,1.236775,0.06074029,0.04035643,1.051428E-05,0.03265053
0.2021402,-0.03416683,-0.4188245,-0.2541145,-0.01811107,0.05872019,-0.01205215,0.02267486,0.6364549,0.1210325
-0.2566147,-0.1771978,0.08113164,-1.243609,0.03005736,-0.01538295,-0.4072275,0.3589504,-0.6302221,0.2234729
2.090863E-05,0.18933,0.0001592325,-0.3813277,-0.005150198,-0.1158442,0.0005227625,0.0128397,0.04209203,0.1719158
-0.0283298,-0.008815541,-0.2667521,0.4260267,0.3512596,0.6843755,-0.1220319,0.09579796,-0.3799909,-0.1973009
;
0.004718348,0.1609282,-0.3459016,-1.08443,0.4311806,0.05422741,-0.6340275,0.3256634,0.4267761,0.03383653
1.563286,0.0132778,0.08591726,0.0936774,0.2242586,-0.5185877,-0.1084097,0.001064656,-0.004570518,-0.007680766
;
-0.02229504
-0.0547691
0.169996
0.4574001
-0.09395809
0.3111334
-0.1746982
0.08132751
0.001114959
0.02504016
;
-0.3275931,-0.10362,0.1492393,-0.01674896,-0.05761939,0.053154,0.01891208,-0.3232684,-0.8952482,0.2318206
0.05453795,-0.3909304,-0.03242344,-0.2351941,0.1111999,-0.1135702,0.3090376,-0.3772661,0.01034243,-0.01121121
-0.3756551,-0.09202844,-0.0112095,0.03065005,0.08065537,0.01705195,-0.05304059,-0.02409106,-0.2229696,-0.0609702
0.3336871,0.1172555,0.007176382,0.3006401,0.3149036,0.249197,0.0615775,-0.08911543,0.06203697,-0.02259225
1.189721,-0.2271535,-0.04975337,-1.098381,0.4503806,0.01201661,0.2254839,-0.04389981,-0.2260301,-0.009838641
-0.1265455,-0.05728837,-0.2387257,-0.06877093,0.007232482,-0.2029825,0.04255766,-0.006582844,-0.1148633,-0.1569167
-0.3251233,0.3320349,0.0005793577,1.260664,-0.3066542,0.02859012,0.3284044,-0.4801211,-0.03450947,0.03892538
0.07158325,0.09209321,0.005492151,0.06606103,0.4030961,-0.6978786,0.7016516,-0.2334896,0.02220851,-1.235256
-0.1350785,-0.03632173,-0.08686322,0.504126,-0.04397601,0.2751193,-0.248287,0.4120018,-0.1513421,-0.26009
0.2819721,-0.1021029,0.3454011,-0.6565723,-2.497543E-06,0.6673749,-0.003363626,-0.3669252,-0.3444881,-0.005853558
;
0.594583,0.05255268,-0.6257215,0.003141885,0.4458275,-0.07061812,0.02149595,0.04602695,-0.4106386,-0.4655126
0.06837978,0.02788609,-0.3747013,0.03994333,-0.005514992,-0.04021686,0.1666922,-0.3988955,-0.7212662,0.07461445
0.2720853,0.148327,0.2758819,0.0989458,0.0449991,-0.197012,-0.6422331,-0.1465768,0.01459222,0.001865022
;
