0.09492868
-0.05082683
-0.3702317
0.2710239
0.0005453064
0.003744291
-0.3446153
0.4602084
-0.5072166
-0.2683346
;
0.348315,0.13221,0.04806147,0.4574392,-0.2897815,0.03661149,-0.04278897,0.008508249,0.1190524,-0.3863465
0.7434881,0.1454644,0.7117726,-0.02401043,0.7592686,-0.03564638,-0.2993432,-0.4247181,-0.2483247,-0.5286411
-0.1913427,0.03344504,-0.3052208,0.1014418,0.05935539,0.01474287,0.03205699,-0.4776112,0.2876081,0.05071064
-0.003102679,-0.6879859,-0.4507265,0.2122005,0.6753054,0.02881177,-4.824977E-06,-0.01724548,0.001191928,0.07552739
-0.6222382,0.1760079,1.558548,-0.3164535,0.1505571,0.1664299,-0.3903729,-0.3440689,-0.5908407,0.006949707
-0.4647636,0.4731559,0.2144605,0.03875747,0.1970086,0.074093,0.8455687,0.3129232,-0.1377844,-0.4567177
0.02241639,-0.9338078,-0.009692817,4.813802,0.3152187,-0.04505378,0.5245151,-0.3714554,-0.3370827,0.5988355
0.01165229,0.4519219,0.04743239,0.001494558,-0.2366646,0.03762452,-0.005012838,0.01477812,-0.002708673,-0.06266516
0.237117,-0.3832645,-4.759107E-05,0.1521169,0.1614796,0.05050987,-0.3064231,0.01229566,-0.4295453,-0.008107184
0.001445215,0.2026289,-0.02175708,0.1540359,0.2281964,0.2785728,-0.2363376,-0.1383541,0.09801693,0.2334682
;
-1.304145E-05,0.04883798,0.002087226,0.1089664,-0.005559698,-0.2174204,0.3785754,0.003450635,0.264989,-0.008718519
2.482165E-08,0.08310801,0.3611263,0.05731374,-0.4873124,0.04384195,0.03116256,0.04079677,0.1195782,-0.0002676417
;
-0.004746642
0.4592437
-0.2451077
-0.1285667
-0.2535856
0.009522578
-0.0157137
0.1788686
0.234556
0.1167634
;
0.03464931,0.09482653,0.008040602,1.165905,-0.04903055,-0.1068809,-0.01785587,-0.0007834142,0.04777585,0.01648742
0.1169194,0.4592792,-0.002628677,0.1763619,-0.3877707,-0.1697535,0.3703802,-0.1983709,0.1228088,-0.4201751
0.2219684,-0.3374349,-0.003870874,-0.02705101,0.1604937,-0.2799083,0.2169957,-0.03721132,0.0674904,0.21194
0.05738765,-0.4175245,-0.7061388,-0.07062993,-0.1761895,0.0297758,-0.3380886,-0.0004583736,0.1178452,-0.005239021
0.1761383,1.367825,0.5999941,0.4537951,0.09315009,0.1258814,0.2243183,-0.04315139,-0.2047712,0.1524522
0.3750561,-0.2574131,-0.0006280146,-0.215911,-0.3714792,-0.1410751,0.006212494,-0.01024174,-0.006523645,-0.4024047
-0.171086,-0.01701161,-0.0002503623,0.0004947597,0.4744412,-0.487425,-0.1740007,-0.01912925,-0.1003744,0.4001608
0.6366895,-0.02521444,0.03446406,-0.01096708,-0.1123235,-0.2719292,0.3990146,0.03322226,0.2621666,-0.0001602443
-0.13336,-0.1073595,-0.2080591,0.007021004,-0.05814871,0.07893164,-0.2869814,-0.02331454,0.9738529,0.1258246
-1.066212,-0.0877889,-0.0005410059,0.06772055,-0.2410178,0.03875297,-0.02655113,-0.1968357,0.2704982,-0.2973861
;
0.458043,-0.02223556,0.4165972,0.06175175,0.02848932,-0.1964572,-0.5963972,-0.007183027,-0.01711606,-0.4788285
-0.6104859,-0.3421043,0.1649621,-0.3010755,0.1382453,0.4226691,-0.08006395,0.2463497,-0.2567886,0.461598
0.3850743,0.02039242,-0.4309288,0.3851737,-0.365425,0.1017824,0.1390253,-0.4224415,0.07851192,-0.1951005
;
0.07617062
0.1171753
-0.3134957
-0.0009527701
-1.275989E-07
0.1456719
-0.1199579
-0.2656268
0.02952576
-0.5001617
0.9067796
-0.003547837
-0.2746931
0.0001417634
-0.0006684511
-0.00374154
-0.1572964
-0.1965386
-0.1074573
-0.03806299
-1.13161
0.03173766
0.2194047
-0.01471645
0.07054114
-0.03638164
0.5631481
0.1666521
-0.3313899
0.4359727
;
-0.2485951,-0.4044285,-0.4733834,-0.1578794,0.1916055,-0.2082629,0.4832877,-0.06027318,0.4233202,-2.153785,-0.01186344,0.2079279,-0.07073526,0.1724694,-0.9455535,0.4636548,0.01958244,-0.04533146,-0.09127134,-0.5516236,-0.000359271,0.3964561,0.1135515,0.1780585,-0.02054527,-0.01435653,-0.09129979,0.4257796,-0.3828589,-0.3607146
0.4707966,-0.05301814,-0.09000831,0.08467386,0.003947582,-0.06707127,-0.1739021,-0.04326638,0.153418,0.4567198,0.1486248,-0.1752152,0.0577123,0.1315888,-0.252751,-0.02177192,-0.3989345,-0.2435593,-0.2937377,0.06419778,0.2804229,0.04352401,0.01366654,0.03711721,0.03123765,0.1054675,0.4903689,0.06064177,0.3887566,-0.06755508
-0.4480629,0.300118,-0.3586441,0.2690871,-0.01459164,0.9135053,0.1453636,0.07293154,-0.0420551,0.07217687,-0.1904729,-0.2676378,-0.07341808,0.1173951,-0.3338514,0.02836325,0.03233358,0.3253565,-1.071662,-0.2431154,-0.008085773,-0.02510655,0.07762503,0.04052427,-0.08711201,0.2921961,-0.1334055,0.006128461,-0.007076221,-0.08758432
-0.132763,0.1608037,-0.1102509,0.2644012,0.1016909,-0.6051235,0.3544282,-0.5217573,0.06594931,0.4665632,-0.05231307,0.1821644,0.1006108,-0.01475717,0.09438898,-0.4002676,0.1595095,0.01111704,-0.8823711,-0.1375652,0.4603692,0.05776948,0.05681824,-0.1096185,-0.0380882,0.004693907,-0.3223007,0.3496468,0.6154934,0.515375
0.008548993,0.1218228,0.1317271,0.0001643331,-0.2470746,0.0001355414,-0.2962259,-0.03031581,0.0928497,0.3200156,0.9628557,-0.2114102,-1.264836,0.2966949,-0.3410863,-0.0009740824,0.05538444,-0.1260414,-0.3204432,-0.09183828,-0.419675,0.3165541,-0.1770249,0.03711751,0.3146313,-0.1686819,0.5347416,0.3101344,0.1186418,-0.002621515
1.26595,0.1033468,0.07671283,0.1264661,-0.4409355,0.09925158,0.02078468,-0.02108654,0.1607632,0.2916706,-0.4401871,1.510728,0.05885345,-0.1156593,-0.7188675,0.02491349,-0.300491,0.1797376,-0.08750507,0.2321848,0.4785012,0.1011637,0.3902152,0.2281582,0.5028553,-0.1060764,0.103932,-0.01873025,0.1250632,0.04557106
0.01539831,-0.08905283,-0.05337957,-0.07182389,0.1386718,0.3334469,0.1988658,-0.00122025,0.4221957,-0.7430516,-0.4669645,0.4350015,0.1493595,0.1714821,-0.00632299,-0.2206396,0.09922583,-0.7224218,0.7322456,-0.2564344,0.640782,-0.1413153,0.1415815,-0.2209436,-0.215618,0.02356409,0.04581341,0.08898526,-0.003019586,-0.004244911
-0.3920393,-0.07372431,0.4808434,-0.09276179,-0.4252586,0.1142346,0.2349681,-0.7147554,0.01249223,-0.1366945,-0.1198266,0.0609908,-0.5696752,-0.01234092,-0.05795404,0.626418,0.9980593,0.05351052,-0.01162812,-0.4927965,0.6804862,-0.2231558,-0.4253203,-0.001090211,-0.03558476,0.2410518,-0.2448951,0.08751971,0.2409403,0.1894135
0.08570868,-0.2535627,0.8361533,-1.54581,-0.2664655,0.04951771,0.1764269,-0.2536249,0.05900479,0.003947464,0.08236778,0.04738589,0.4845892,0.06141946,-0.2424787,0.3826206,0.6974875,-0.03244,0.01291355,-0.7091642,-0.282113,-0.2983648,0.3250325,-0.04264188,0.2468754,-0.04978266,0.2610677,-0.2208083,-0.01829934,-0.4693603
-0.07172789,0.02018546,-0.8182961,-0.02546805,-0.002589958,1.168277,0.00307333,-0.1861465,0.4939715,0.4621748,0.3413165,-0.2106398,-0.002655626,0.06955153,0.3282506,0.03121116,0.4904255,-0.02931407,0.3309872,0.09813794,-0.2299942,-0.1333176,0.002447351,0.1339242,-0.006785665,0.03756851,0.03211677,0.3438361,-0.001265467,0.2138191
-0.02171041,-0.07932148,0.5973156,0.3161484,-0.02167298,-0.03914618,0.005285757,0.496801,-0.02884275,1.038848,0.6407778,0.02688654,0.1400391,0.0504422,0.001864619,-0.4716794,-0.1159403,0.2259377,0.1993402,-0.02131945,-0.1316086,-0.08056561,-0.009389123,0.02949064,-0.1463187,0.3274972,0.0656888,-0.0005338051,0.5361055,-0.007528164
-0.04350411,0.002140697,-0.1391808,-0.1943536,-0.2515154,-0.1441168,0.006411548,0.1063337,0.2050347,0.03143396,0.04609111,0.04126753,-0.03482181,0.3013599,-0.1795513,-0.03041536,-0.2461637,0.4346124,0.2202251,-0.2118217,-0.05848998,0.3660655,0.06472682,-0.02950079,0.0707597,0.003594252,-0.2553066,0.01113417,-0.02897597,0.3045167
-0.1841658,0.004468204,0.4704483,-0.306935,-0.2251933,0.7453567,0.2057933,-0.1387056,0.387906,0.1604356,-0.02935042,0.3368529,0.1227549,0.09283034,0.1748309,-0.04892686,-1.923502,0.4322714,0.3817881,0.3277724,0.2376267,0.05931361,0.4358951,-1.336271,0.1307325,-0.0003998784,0.103837,0.3594999,-0.2047532,-0.3439484
0.0456174,-0.01560309,-0.008054633,-0.3449564,-0.03961867,0.002219805,-0.01808392,0.5721382,-0.0004498566,0.9269645,-0.0008001761,-0.2207999,0.004305184,0.122859,-0.0001852843,-0.1198609,0.06814498,-0.4023547,0.004787958,0.8240222,-0.4786745,1.471398,0.8403434,0.01431113,-0.01526573,0.07570165,-0.03337233,-0.3729149,-0.007893536,-0.003964961
-0.2117683,0.8231885,0.008769704,0.4375793,-0.0102621,0.2045867,-0.2907784,-0.4531686,-0.1902326,-0.008730046,0.05562109,-0.3211517,0.0774606,0.03087031,0.3856973,-0.06063053,-0.0008612043,0.2928095,0.0316121,0.1890222,-0.07238704,-0.06750764,0.02036768,-0.07945988,0.4100548,-0.1587816,0.2824713,0.5529687,0.2396517,-0.01339412
0.009243169,-0.1803697,0.003296064,-0.0974163,0.1484608,0.06667715,0.0383784,0.3031648,-0.6424191,0.1320014,-0.01340158,0.4501535,0.3578327,-0.273536,-0.1615904,0.002752258,-0.08835863,0.1464199,0.0730088,-0.08702428,-0.003646562,0.4333022,0.1243363,-0.1154964,-0.4596268,-0.1962293,0.05575174,0.2637479,0.03781902,0.0261453
0.6980847,-0.1581962,-0.02867285,0.2522388,0.1045702,0.4544281,0.08445118,0.3678266,-0.01435133,-0.4944893,0.2428286,0.3127458,0.08454355,0.3293692,-0.3438352,-0.01138513,-0.01758472,0.07940666,-0.3697299,0.4741033,1.589684,0.6587065,0.01716461,0.03879509,-0.1564271,-0.04070216,1.705127,0.06696421,0.06249899,0.09371501
0.01194643,0.2109381,0.3989044,-0.2794497,-0.01395798,-0.2488119,-0.003519716,-0.1253961,-0.01645561,-0.385891,0.4519613,-0.006239629,0.421195,-0.001502116,0.2162541,-0.008852506,-0.6607831,0.05125099,0.3926316,-0.0104379,0.6807787,0.4544987,0.3031957,-0.1031769,-0.0683679,-0.3800825,0.5452133,0.05886255,0.380778,0.4570056
0.3274653,0.2236115,-0.0001064395,-0.06535275,0.05102478,0.01688156,-0.01765231,-0.01776705,0.4606433,0.2297518,0.12609,-0.1233346,0.0377836,-0.07164794,-0.0009426692,-0.1445951,0.1052611,-0.5553497,0.723905,-0.3896724,0.1407038,0.3015385,-0.006224376,-0.0661261,0.03331645,0.1500499,0.3368073,-0.4792153,-0.3187168,0.05323603
-0.1412125,-0.6729463,0.374699,-0.1670172,0.0002728628,0.3692665,-0.3037527,0.110569,0.2195582,-0.09601799,-0.02129852,-0.1183613,0.3593487,0.04984597,0.1941582,-0.052359,0.08003347,-0.0132295,-0.001022139,0.01427202,-0.2706589,-0.1140326,-0.3320003,-0.09840626,-0.2705667,-0.3545564,0.763368,-0.4145575,-0.4670469,0.1257955
1.047877,-0.482484,-0.2422616,0.04348018,0.3097771,0.2267258,0.0936133,-0.4901961,0.7289552,0.1791797,0.2904673,0.03864986,0.09287447,0.3854638,-0.4936504,-0.04657944,0.2300765,0.06360191,0.03012055,0.3688273,0.01476177,-0.05106413,-0.20597,-0.1562049,-0.06125412,0.07826382,-0.2899134,0.497093,-0.01388757,0.07468802
0.2446586,-0.3597121,-0.001636583,0.1199077,-0.05622948,-0.4903946,0.4979945,0.1198396,-0.03256148,-0.07378051,-0.1618119,0.01088803,0.00420342,0.3068393,-0.3335303,-0.3925231,0.0204302,-0.196024,-0.0158471,0.1127765,-0.445792,0.01249025,0.1688207,-0.6519698,0.001853102,-1.316862,-0.1557928,0.2213886,-0.4549426,1.015436
-0.4848643,0.0654853,0.6110859,0.3936386,-0.3319279,0.5213854,-0.3111396,0.5876625,0.4413824,0.02627782,0.3914274,0.2738849,-0.4772288,0.4828775,0.09447489,-0.2611395,-0.188157,-0.1013017,-0.01753979,-0.1249507,-0.04499046,0.284766,-0.001920225,0.12138,-0.2167262,-0.5880768,-0.1369928,-0.5252028,-0.08845132,0.2185547
-0.1643501,0.003782865,0.3369277,-0.2306261,0.03864618,-0.4309635,0.1813085,-0.01388463,-0.01577075,0.6403189,-0.01545973,0.2171998,0.005920565,-1.662608,0.03988427,0.3604665,-0.1223908,-0.03741288,0.3830065,-0.8024069,-0.2860453,-0.006512451,-0.06046307,0.01985858,-0.03969777,-0.03356806,0.4981713,0.002074706,-0.3222046,-0.3078967
0.03635496,0.3384771,0.1824597,-0.001398435,-0.608539,0.2242365,-0.06811586,0.4951631,-0.2794505,-0.478737,0.1390288,0.1585142,-0.1647166,-0.3738829,0.4690379,-0.03115555,-0.6123549,0.3800759,-0.4272159,-0.06145378,-0.0093796,-0.01089925,0.4654626,-0.1301399,0.8178418,-0.05604523,-0.2974317,-0.02251887,-0.07290424,0.000180651
2.107229E-05,0.4260079,0.07012182,-0.2694377,0.3713275,0.03652325,0.1014527,0.07347406,-0.1577968,0.3222246,0.4401337,0.2105291,0.0004228606,-0.4485352,0.09914514,0.3256317,-0.3513782,-0.4642401,-1.16651,0.09080881,-0.0419324,-0.21223,-0.1768164,-0.07647091,-0.003363,0.5736368,-0.1666148,-0.02349456,-1.116776,-0.3054412
-0.4251646,-0.07437521,-0.03221374,0.001353184,0.02407187,0.122932,-0.06931348,0.2154348,0.2956244,0.0949085,-0.4697144,-0.1979257,-0.410798,0.009550301,-0.2863215,0.0005540234,-0.004042949,-0.4112678,0.4061025,0.0302108,0.01170798,0.3440193,-0.09402531,-0.05283514,0.5409011,-0.1962575,0.535243,0.496926,-0.3305731,0.3862784
-0.4396839,0.4096495,-0.02689957,0.704932,0.4966028,-0.2533542,0.0588613,-0.4432704,-0.2951726,-0.003775668,-0.1218845,0.08619016,-0.01065953,-0.02292744,2.718172E-06,0.418111,0.1185799,0.1695187,-0.3670707,0.3205191,0.1261426,0.5569539,0.2484498,0.02195235,0.2895193,-0.2726361,-0.3556992,0.181138,0.007264674,-0.1793695
0.01450837,-0.355479,0.1846896,-0.0002598554,-0.009373486,-0.1558721,0.04670662,0.6116626,0.3121614,-0.4872838,0.3781601,0.4045546,0.0145944,-0.03265804,-0.4170609,0.6851168,0.4807092,-0.6131021,0.315866,-0.01050662,0.2536331,-0.3883038,-0.01114956,-0.05423025,-0.002956226,-0.01095365,0.1836018,0.1121869,0.2873918,-0.1339146
0.3137307,0.3120526,0.49123,0.1804441,0.03084158,0.2281711,0.1099704,-0.1108362,0.03179555,0.4632981,-0.01017958,-0.165283,-0.4096558,-0.4615122,0.006691129,-0.08864063,0.1047451,0.06095022,0.104142,-0.0944361,0.3336645,-0.1415782,0.0007504402,-0.1954666,0.4221677,0.3222795,0.03327102,-0.06557634,-0.07552856,-0.104456
;
0.4138278,0.3203415,0.4876109,0.1884065,0.07401202,0.2672931,-0.3839592,0.1180095,-0.1490032,0.1129402,0.1489858,-0.3223754,-0.1925395,0.02935079,-0.4506195,-0.2874026,0.4253944,0.435908,0.214412,0.003548238,-0.2570385,-0.06252262,-0.3128719,0.01480583,-0.1913529,-0.06767305,-0.08275742,-0.01886932,0.0300156,0.2281121
-0.413384,-0.06553949,0.2504582,0.05378824,0.1392996,-0.00248455,-0.156453,-0.2406403,-0.1809083,0.4956723,0.2795804,0.06416704,0.4566737,-0.3632276,-0.0918735,-0.4065541,-0.3630214,0.162157,-0.05319694,0.04824859,-0.06706399,0.0002473545,-0.3169683,-0.03590424,-0.3665454,-0.3914714,0.1922836,0.3092873,-0.1892741,0.1779299
-0.2934808,0.1035554,-0.2010856,-0.1422819,-0.1763065,-0.3619943,0.2133544,0.04595071,0.5867791,0.03140158,0.2699284,0.5303994,0.5658773,-0.0007577741,0.3337953,-0.05547485,-0.5074367,0.6965758,0.02233821,0.1888829,0.7223968,-0.1080232,-0.2706735,0.1903073,-0.07880069,0.07388455,0.00811632,-0.0642001,-0.8944498,0.1704653
;
