0.2689872
0.08931886
-0.006388826
0.7274184
-0.01473458
0.009668648
-0.183485
-0.1561992
0.703707
0.4818614
;
-0.2766393,0.04465863,0.4373001,0.4295456,0.02128139,-0.05747402,0.3350068,-0.3312378,0.1100235,0.4112802
-0.1935143,-0.005214966,0.3849239,-0.3031451,-0.2547822,0.1844101,-0.129363,0.3514442,0.2951915,-0.05825737
0.1560447,-0.2925853,0.3883545,-0.003041685,-0.3917131,-0.6739832,0.4348191,0.0313259,0.07065183,0.2969853
0.2405642,0.04011931,0.3280757,-0.1304031,-0.1946569,0.4214451,-0.1223918,-0.09540325,-0.001188934,0.03233418
-0.09524582,0.04018401,0.07417875,0.4472133,-0.3159016,0.1305772,0.06414251,0.3392823,0.02655018,-0.1565271
0.0006840953,-0.3556786,-0.3142338,0.3857849,-0.3149426,-0.1291655,0.09215731,-0.2657326,-0.1472375,0.2065009
-0.01714867,-0.4152944,-0.2818248,0.2851971,0.1258305,-0.2420895,-0.2542548,-0.01339739,0.06587121,-0.6008991
-0.4666613,0.001607901,-0.5361151,0.3848374,-0.07798398,0.005179255,0.4507402,-0.01970363,0.008507669,0.1376649
-0.2078237,0.2187727,0.0008101591,0.0162892,0.06338099,-0.02160268,0.4908007,-0.3967047,-0.5597189,-0.002906452
0.3007858,0.6512137,-0.01566538,-0.2871822,0.1663713,-0.1576751,-0.1608953,0.1588342,-0.2886129,-0.02541459
;
-0.0003170363,-0.03465116,-0.2773753,-0.0003011526,0.05387479,-0.05043625,-0.01113259,0.05038851,-0.4961349,0.4434273
0.07193733,-0.04753771,-0.0806822,-0.464164,-0.2026825,0.2716796,-0.04014048,0.05287808,0.013776,0.2154369
;
-0.01606106
-0.780682
-0.1780252
0.1099646
0.1788504
-0.4334599
0.07027751
-0.08132751
-0.3431782
0.02133068
;
-0.09757961,0.09122614,-0.1492393,0.002992566,-0.276731,-0.0001700252,0.353043,-0.3286998,0.05308105,0.437588
0.1228614,-0.4963819,0.06451014,-0.4816434,-0.376184,0.3321283,-0.9185148,-0.01213344,0.08998626,-0.02876569
0.09459942,0.1595232,0.3098258,-0.0909735,-0.1776066,0.1597817,-0.5232318,-0.1373869,0.5656382,-0.6524592
-0.3687487,0.08969248,-0.4502027,0.02794101,0.002743879,-0.2519508,-0.4753835,0.4670319,0.3460703,-0.06446725
0.2789392,-0.2726026,0.07210237,1.241633,-0.01927629,0.07427245,-0.1744887,0.03088856,0.03388558,-0.3426942
0.1368707,0.006409753,-0.00165269,0.09403102,-0.03225366,0.4148923,-2.843889E-05,0.0098238,-0.09037759,-0.3852272
0.0002931507,-0.01552281,-0.000380658,0.2151321,0.3674138,-0.4220332,-0.3222064,-0.5555494,-0.2708664,-0.001787112
0.08604287,-0.0253179,-0.09214228,0.03722044,-0.4223076,-0.1989779,0.4790778,0.005427017,0.1165668,-0.05399087
-0.04347502,0.1802739,0.2120301,-0.004787559,0.00134885,-0.2207842,0.01602497,-0.1149702,-0.6334732,0.1521122
0.82843,0.128085,0.07732753,0.4049855,-1.733238E-05,0.1030424,0.0009794463,0.1407226,-0.06206238,-0.2633264
;
-0.3121164,-0.0003796052,-0.6501228,0.0138058,0.1941955,-0.04012445,-0.4742293,-0.000198692,-0.2147412,-0.1758701
-0.1210965,0.5968326,-0.4791646,0.1980682,0.007568341,-0.08788947,0.03519855,0.4190219,0.2064983,-0.02573724
-0.1750884,-0.04227728,0.5409616,-0.0001955014,-0.177218,-0.05321962,-0.4142623,0.08696358,0.1753161,0.06078477
;
