-0.002194249
-1.423577
0.332251
1.022738
0.2466901
-0.4085526
0.01393014
-0.3248974
0.03262569
-0.7255495
;
-1.396837,-0.4403439,-0.4606371,-0.0680179,-0.4612105,0.2576596,-0.05372141,1.020547,0.1525,-0.1182714
0.003617164,-0.8212945,0.1741019,0.4836147,-0.04001151,-0.01534422,0.0483745,0.06790316,0.3373507,0.08604813
0.04380881,0.2154419,-0.2186864,-0.212655,0.4627725,-0.0006708988,0.2632221,0.02885666,0.08182865,-0.475379
-0.5586715,7.981271E-05,0.8409309,0.1942282,3.829205E-05,-0.3001101,-0.02536424,2.823691E-06,0.4568591,0.3861454
0.02495202,0.003676138,0.01214144,0.4451332,-0.225923,-0.04090009,0.2424141,0.0340032,-0.2965206,-0.09151899
0.1663044,0.1158578,0.0879016,0.2083716,-0.0001062645,-0.0126184,-0.01141239,-0.01228694,-0.1846594,0.02479987
-0.01641036,0.2722956,0.03718446,0.35255,-0.02742353,0.2629823,0.01205215,0.3846288,-0.3449376,0.2416801
0.2720637,-0.07707544,0.09115511,-0.3356341,0.4951795,-0.5600829,-0.3673238,0.3589504,0.6080817,0.2234729
-0.03095847,-0.4563519,0.3385211,0.1149667,-0.1952624,0.2699606,0.3718321,0.02512283,0.03360814,0.7159955
-0.001036138,-0.01007316,-0.3682092,-0.1712057,-0.4147273,0.03118547,0.06334167,0.06870264,-0.07812429,-0.3556097
;
-0.1077631,0.03727606,0.4000032,-0.2587005,0.1822475,-0.3828152,-0.0006267971,-0.2140795,0.2422135,-0.297725
2.518767,-0.02381465,-0.2714504,0.04092417,-0.2361737,-0.8991405,0.2510889,0.6760626,-0.001813004,-0.007680766
;
-0.1776532
-0.09081608
1.038652
-0.0668392
-0.1152847
0.3325108
0.06721267
0.2085382
0.2194433
-0.06667715
;
0.06934287,-0.2761382,-0.0308858,0.0006554675,0.09094261,0.4896585,0.3707466,-0.3696988,-0.1335508,0.1067458
-0.3077333,0.02860278,-0.2132235,0.01165277,-0.1923049,-0.01331456,-0.1776229,0.3139549,-0.0004201863,-0.01121121
0.04989201,-0.5005007,-0.002980333,-0.05178849,-0.07260893,0.02533567,-0.115681,-0.04475576,-0.1063706,-0.05902579
0.006106952,-0.02022939,-0.262663,0.08641072,-0.1080576,0.05199236,0.2599001,-0.3669254,0.04524972,-0.136354
-0.1761992,0.2312842,-0.1338966,-0.1854681,0.3759098,-0.2097342,-0.1685554,-0.2215389,-0.1199195,-0.01809295
0.4573851,0.3186686,-0.1731878,-0.1093783,-0.03922739,-0.2029825,0.1904973,0.5131754,0.08941634,0.05310912
0.565153,0.01280622,0.3272216,-0.1196385,0.1705191,-0.01730699,1.309655,-0.6659576,0.01605461,-0.7131082
0.4778613,0.0574089,-0.003548367,-0.3694495,0.1303362,-0.2264907,-0.853018,0.0004431779,-0.04656108,-0.03591903
-0.4678446,0.5584035,0.02228996,-0.03498007,-0.01747866,-0.2348547,0.4328047,0.03143132,0.04436607,-0.1877622
0.02034348,-0.3169703,0.1790132,-0.4015499,-6.264858E-07,0.2971127,-0.4161985,-0.9276159,-0.005846861,0.004993028
;
0.4658655,-0.04723482,-0.06803769,-0.2733643,0.2469654,0.00415335,-0.01175838,0.005276858,0.1453678,0.1187292
-0.1049148,-0.1030352,-0.3522553,-0.1040476,-0.009625513,0.0672353,0.04868822,-0.005126297,0.001912903,-0.07461445
0.006721383,-0.01615614,0.05727357,0.0989458,0.1494758,-0.1049824,0.1479738,0.01481265,-0.01036184,0.7511683
;
