-0.03278859
-1.089642
0.2016443
0.5389946
0.0190954
-0.3273113
0.1954549
0.2639849
0.03262569
-0.5651718
;
-0.7256778,0.06904477,-0.07338501,0.8098556,-0.2362604,-0.05328077,0.05372141,-0.745944,0.1809887,0.4475116
0.003617164,0.08310682,0.2412876,-0.4033241,-0.04001151,-0.1044804,0.0483745,0.1462106,0.1812383,0.02210096
0.04380881,0.4056867,0.2186864,0.04216057,0.3216389,0.002221608,-0.2632221,0.02885666,0.3568047,-0.03968712
-0.3969959,0.001562851,0.2610584,0.2697153,3.829205E-05,-0.4617395,-0.01874458,-2.823691E-06,0.4568591,-0.3097009
-0.03106374,0.003676138,0.4270521,0.128603,-0.1734989,-0.04090009,-0.2731943,0.006531915,0.4946035,-0.4193096
-0.1663044,0.8207451,0.1308502,0.2083716,-0.002083245,-0.102954,-0.4670023,-0.04035643,-0.03333229,0.04632729
-0.1351379,0.2722956,0.06915468,0.02666964,-0.02742353,-0.2629823,0.01205215,0.2692558,-0.7429757,-0.3724239
-0.2566147,-0.1771978,0.153147,-0.07660513,-0.4951795,0.5215108,1.039281,0.3589504,0.008691251,-0.2234729
-0.03095847,-0.4389158,-0.0001592325,-0.01908473,-0.1203036,-0.3415115,-0.4062157,0.0128397,-0.05001003,0.375793
-0.001036138,-0.008815541,-0.2667521,-0.3934312,-0.1846256,0.1182412,0.06334167,0.0006133914,-0.07812429,-0.3556097
;
-0.01521627,0.1435305,0.4000032,-0.0221352,0.5149366,-0.3828152,-0.005457561,-0.2140795,0.3764466,-0.4151642
1.982396,-0.1823637,-0.002674671,0.02134549,0.2361737,0.455987,-0.02929801,-0.3876947,0.001813004,-0.001781404
;
0.01216896
0.4707709
-0.124812
0.05249689
-0.01493569
-0.3325108
-0.2994808
0.1269402
0.001807616
-0.06667715
;
0.08721917,0.2761382,-0.2566032,0.01790391,0.1053964,-0.06284889,0.3707466,-0.3232684,-0.1693076,0.09086465
-0.2124116,0.8883096,0.06297749,-0.2287773,-0.376962,0.06141299,0.2805747,0.2704483,0.0004201863,-0.005803202
0.04989201,0.2689204,-0.002980333,0.1453533,0.07519764,-0.007482625,0.3500087,-0.003034819,-0.1063706,-0.04033536
0.3397565,-0.1172927,0.1550444,-0.011427,-0.004961953,-0.06791155,0.3519914,0.8841539,0.15132,-0.136354
1.936571,0.02888918,0.1022069,-0.129159,0.01903429,0.01295922,-0.1685554,0.180784,-0.002413054,-0.005542576
0.4573851,0.1082961,0.4831101,-0.1209034,0.4547372,-0.2029825,-0.03140241,0.009536009,-0.1148633,0.4727416
-0.3263704,-0.04939085,-0.3002623,-0.1619934,-0.01699644,-0.03652215,0.6945627,-0.3739606,0.2589631,0.1235447
0.2620302,0.06353482,-0.002817518,-0.4349782,-0.4030961,0.4449862,0.1250695,-0.1219732,0.04656108,0.4057227
0.2580806,0.1657905,0.0362347,-0.1230103,0.1811336,-0.1177151,-0.1031098,0.8168468,0.0636017,-0.4025302
-0.4318596,0.4148208,0.1790132,0.4606662,3.480976E-06,-0.4794078,-0.005633,0.7560194,0.3356185,0.003133249
;
-0.06128889,-0.08560671,1.45415,-0.001613156,-0.2469654,0.06534342,-0.009205589,0.02425408,-0.2483196,0.1739961
0.0966894,-0.01596671,0.3522553,-0.002833178,-0.008305354,0.06598169,0.01508051,-0.0218315,-0.1900442,0.06941407
-0.2089743,0.1082425,0.4185826,0.0989458,-0.2050897,-0.5450163,-0.1243668,0.1019385,-0.04364318,-0.0229
;
