-0.03278859
-0.5482842
0.2016443
-1.119154
0.4607101
-0.3264011
0.2495171
0.2140303
-0.04876477
-0.5651718
;
0.4141028,0.490896,-0.07338501,0.5685927,-0.2362604,0.1808012,-0.1288978,-0.745944,0.09877175,0.3271936
0.003617164,-0.5450809,-0.1826593,0.4582145,-0.03349949,-0.1044804,0.04179325,0.08721747,-0.1388736,0.04904932
-0.1074351,-0.01312645,0.2779956,0.04216057,-0.1839645,0.002221608,-0.1462495,-0.9343894,-0.2611745,0.08363268
-0.3969959,-0.001562851,0.2610584,-0.04696376,0.0006434841,0.01584879,-0.01918212,-2.823691E-06,0.4568591,0.2965057
0.1092174,0.001897654,-0.309261,0.2523029,0.8355025,-0.03121611,-0.2731943,0.005315483,0.143575,-0.3632929
-0.1663044,0.822404,0.1308502,-0.2183803,-0.002083245,1.589504,0.06074029,0.04035643,1.802223E-05,0.04632729
0.2021402,-0.03416683,-0.3808499,-0.2541145,-0.01811107,-0.4652839,-0.01205215,0.02267486,0.6364549,0.3724239
-0.2566147,-0.1771978,0.3742083,1.243609,0.0178859,0.5215108,0.4072275,0.3589504,-0.6302221,0.2234729
2.090863E-05,0.1250069,0.0001592325,-0.5271402,-0.005150198,-0.02962989,-0.0005227625,0.0128397,-0.05001003,0.375793
-0.001036138,-0.008815541,-0.2667521,0.4260267,0.3512596,-0.1283523,-0.05562375,-0.401922,-0.07812429,0.1973009
;
0.02963585,-0.1609282,-0.3015041,0.0221352,0.5149366,-0.02944701,-0.6340275,-0.3256634,0.07239243,0.3208357
1.563286,0.0132778,-0.08591726,0.07434094,0.2361737,-0.1474013,0.5082765,0.001064656,-0.002324059,-0.007680766
;
-0.02229504
0.0690673
0.5925274
0.05249689
-0.3272533
0.273579
-0.1746982
0.04216401
-0.001114959
0.02504016
;
-0.2790596,0.01768858,0.1492393,0.03061344,0.05761939,-0.05807767,-0.3707466,-0.1082501,0.04269018,0.2318206
-0.3210071,0.8883096,0.03242344,-0.2394456,-0.213912,-0.001925585,0.2535746,0.2704483,0.00262119,-0.01121121
0.3756551,0.2689204,-0.009374586,0.1471611,-0.08065537,0.01705195,-0.02652181,-0.02872734,-0.2229696,-0.2593797
0.3336871,0.1128775,0.0002860933,0.3982415,-0.3149036,0.1608634,0.1196849,-0.414976,0.06203697,-0.01013896
1.784175,0.2271535,-0.05189455,-0.06740567,0.04518606,0.1137391,-0.1140153,-0.1404977,0.2518904,0.01103342
0.1265455,-0.09077591,-0.2387257,0.06877093,-0.03789717,-0.2029825,-0.04255766,-0.005693607,-0.1148633,0.9769711
-0.002139285,-0.3320349,-0.1651503,-0.3101147,-0.3066542,0.07013007,0.7953129,-0.4801211,0.03450947,0.1235447
0.02792524,0.3119242,0.005492151,0.06887762,0.6465709,-0.3634295,0.7016516,-0.2334896,0.317332,-0.7351926
-0.02543901,0.02758747,-0.08686322,-0.1230103,-0.001514893,0.3858018,-0.2046914,0.8168468,-0.05811874,0.26009
0.1492188,-0.4148208,0.1253482,-0.6565723,2.497543E-06,0.1673974,-0.003363626,-0.3669252,0.1041091,0.0002700805
;
0.594583,-0.00660191,-1.301034,0.003370205,0.2443717,-0.07542671,0.06268723,0.2027491,0.3405803,0.003877179
0.4590597,-0.09459347,-0.3522553,-0.057376,0.005514992,-0.06368977,0.1340188,-0.08023924,-0.2533261,0.04609583
0.2720853,0.148327,0.4829519,0.1576822,0.1099788,-0.2835376,-0.6422331,-0.1465768,0.4350792,-0.001865022
;
