-0.2219035
0.05034584
-0.0837141
-0.4855996
0.4723047
-0.1286373
0.4560946
0.2959985
0.3446774
0.1592886
;
-0.2459465,-0.4394888,0.196599,0.01602,-0.08905393,0.1640591,0.4450126,0.4043015,0.2707806,-0.1139221
0.03602463,0.4812562,0.3936437,0.1873714,-0.1298125,0.005655706,-0.1485552,0.1000296,-0.469111,0.1982338
-0.1268085,0.2352943,-0.2173048,0.2304848,-0.4555269,-0.2156785,0.4712518,-0.1004366,-0.04844195,-0.03079051
-0.4027208,-0.07452542,-0.3218135,-0.4655355,-0.4749284,0.3971393,-0.4728361,-0.2505388,0.1095302,-0.3886925
0.193956,-0.4527218,-0.2281139,-0.09516498,-0.2430812,0.2667713,0.2571765,0.2888871,-0.03855437,-0.21841
-0.3512034,0.3307128,-0.3886691,-0.4992964,-0.4297307,-0.4635764,-0.1186314,-0.09694582,0.4270762,-0.2071646
-0.3555597,-0.05615133,-0.135735,0.2510411,-0.3241454,0.1612638,-0.4899031,0.07735091,0.1079332,0.1356184
-0.04997379,0.4408263,-0.1358796,0.09965509,-0.1009666,-0.413113,0.4025259,0.05782801,0.3821243,0.4720976
-0.3236195,-0.01499552,0.6370751,-0.08243078,-0.4769,-0.1435944,0.3246174,-0.3629781,0.365695,0.05184823
0.4018698,-0.2948055,-0.2878146,0.192103,-0.3268806,0.1444895,0.1421853,-0.3913194,-0.1467624,-0.3054359
;
-0.3313011,0.1934365,-0.09568673,0.15433,-0.3161094,0.1769919,-0.362506,0.446926,0.22066,0.09950608
-0.211963,-0.001646459,-0.465212,-0.0008146167,-0.4168934,0.2845838,-0.1213891,-0.2035198,0.4895332,0.09554356
;
0.0007427959
0.4413929
0.4108363
0.3310285
0.4085623
-0.466504
0.3043998
0.01853637
0.2761115
-0.3182222
;
-0.06576215,-0.4243253,-0.04929378,-0.1626565,-0.3383637,-0.03490537,0.04164845,0.2267377,-0.2920499,0.1158089
0.1598252,-0.4051352,-0.4259581,-0.9405864,-0.005615987,-0.01438634,0.5063318,0.3351547,0.4503678,0.1279492
0.3420437,0.4876776,0.1320616,0.190242,0.01003532,0.2469966,-0.19946,-0.4529562,-0.4389458,0.4078114
0.6358847,0.1541134,0.01850155,-0.637771,0.02557531,-0.04121464,0.1195677,0.001535951,-0.1206249,-0.3989534
-0.1426747,0.01162756,-0.1096461,0.3639629,0.007513199,0.1223971,-0.336002,-0.07044997,-0.8849396,-0.05879638
-0.3926698,-0.2666635,-0.2553772,0.06943492,0.0006022236,0.001115262,0.001485815,0.007915275,-0.2018695,0.3819681
-0.2477393,-0.2527928,-0.005248083,0.08315551,-0.2444657,0.0682035,0.008292739,-0.3946238,0.007824816,0.2250553
-0.6357906,-0.1223066,-0.2523339,0.2674922,4.754299,-0.9280256,-0.02822837,-0.1050209,0.04014045,0.3653257
0.2167896,-0.3603311,-0.03906971,0.1420165,-0.01078794,-0.06016063,0.1616827,-0.1008769,0.2337698,0.490219
0.0690553,0.2925352,0.3711017,0.224409,0.103029,-0.3632407,-4.12981E-05,-0.3303998,0.3737366,-0.006157327
;
-0.1776148,-0.151809,-0.453741,-0.276699,-0.2187155,-0.2638456,0.1566028,0.01003347,0.3670231,0.4644985
0.01201854,-0.01815262,0.1415973,0.3798905,-0.01955587,-0.2871428,-0.4432405,0.03610283,-0.2501443,-0.1576794
;
-0.2855482
0.4311025
-0.3898981
-0.005485642
0.1403813
-0.1830905
0.2283929
-0.2699187
-0.6731198
0.3730187
;
-0.4897238,-0.2244146,0.889052,-0.1028417,0.1970132,0.3764248,-0.05474525,-0.02197735,0.002401726,0.3292933
-0.3263131,-0.4172821,-0.5627044,0.2075378,0.1648244,0.02007163,0.3228859,-0.04614057,0.05660443,-0.06171038
0.02420729,-0.09831757,-0.03152603,-0.137791,-0.06631466,-0.05386155,-1.905726E-06,-0.1422613,0.2987595,-0.02878576
-0.2605937,1.061651,2.642134E-05,0.1889242,-0.426572,-0.003203949,-0.1308771,-0.5087816,0.03814802,-0.06961364
-0.04114554,-0.1557401,-0.3857718,0.1186522,0.4741568,-0.03242264,-0.0003264666,-0.4005843,-0.2811691,-0.05376014
0.0402342,-0.1192201,-0.01918608,0.09884918,-0.4340671,-0.006112576,-0.4080424,0.005933184,0.06990242,0.1584079
0.3371022,-0.5101258,0.4150213,-0.1302985,-0.03895205,-0.2069586,-0.8111785,0.2122963,-0.04492432,0.02337002
-0.02566819,-0.06452411,-0.7356343,-0.02057296,0.006139273,0.2672063,-0.48672,-0.03916143,-0.001391285,-0.04042584
0.4396009,0.01192314,0.03615361,-0.5586273,-0.1240257,0.3238928,0.05866582,-0.1866553,-0.02328044,-0.4076842
-0.4874602,-0.01588732,0.06061572,0.1756712,-0.6364282,-0.06331941,0.1829369,-0.3851291,0.0177838,-0.2645891
;
-0.7147443,-0.4050282,0.02447431,0.005916803,-0.09459245,-0.4474104,-0.3380569,0.01740418,-0.4559642,-0.1792406
-3.515719E-07,0.259145,-0.09767459,0.06743449,-0.08694881,-0.1667239,0.0003628833,0.238081,-0.2936365,0.4201953
;
-0.3234552
-0.3007854
-0.2150361
0.001474679
0.0372464
0.07001678
0.1754233
0.06330627
0.00176665
0.3381664
;
-0.260046,-0.44067,0.4579641,-0.02774811,0.4135088,-0.01450836,-0.02537795,0.01119362,-0.1221887,0.2656332
0.03894682,0.3916447,-0.07084052,-0.00594499,-0.09396725,-0.6771738,-0.1482638,-0.4969767,-0.5461056,-0.04502541
-0.3614043,0.01494721,-0.1144007,0.4525329,0.06196827,-0.05728656,-0.121606,-0.2740053,0.1375856,-0.01028007
-0.1910393,0.1074165,-0.4090462,0.6414338,-0.0006972251,-0.01523332,0.5890707,-0.02567057,0.1229044,-0.1877746
-0.003621946,0.4923594,0.1942797,0.03306299,-0.0276973,-0.3445143,-0.01619235,0.2901663,1.770914,0.2638798
0.4696063,1.878585E-05,0.1506824,0.05474854,0.07909536,0.2580044,-0.2157384,0.2441762,0.001056304,0.2719143
-0.06556784,-0.1665799,-0.0006521535,-0.01581893,-0.6570521,-0.3498369,0.07935704,1.143184,0.3424068,-0.3277111
-1.835479,0.371111,0.09625365,0.3334633,-0.2278031,-0.4665283,-0.1371192,0.08617864,0.1382884,0.1442669
-0.3051331,-0.4862212,0.02043399,-0.01111634,-0.02704908,-0.001586939,-0.003175318,0.1262393,-0.1823413,-0.002013812
0.2503943,0.259134,-0.2821158,0.3402311,0.2660863,-0.3767273,-0.1035526,0.1750138,-0.239974,0.01072918
;
-0.5766302,-0.08364845,-0.4813408,0.04917739,0.1673177,-0.1026754,-0.4725,-0.3759309,-0.003400404,0.1389718
-0.2497306,-0.006603137,0.258253,-0.1003516,0.4164984,-0.1195444,0.3405243,-0.1507899,-0.4547585,-0.07353316
-0.2574099,0.7734979,-0.08695556,0.1064948,0.0001483511,-0.09951064,0.3857116,0.4263933,0.3747989,0.4325818
;
0.0226307
0.2285819
0.2507921
-0.08252567
0.08239675
0.06844276
0.06822046
-0.08722772
-0.4249259
-0.4900446
0.4023682
-0.3228893
0.4407619
-0.4793591
0.1861918
0.008205305
0.3243603
-0.1090718
0.1717361
0.1350738
0.5608577
-0.3051409
0.498314
-0.2006728
0.01311523
-0.7110865
0.4739549
-0.2025042
-0.06519838
-0.5479798
;
0.3480847,0.02176617,0.05326813,0.02480269,-0.02062954,0.5765404,0.01135583,-0.2641194,0.0006852029,0.1223798,0.09634769,0.3220733,0.1714285,0.1435509,-0.3622958,0.05256912,0.2185672,-0.4094588,-0.6092348,0.7425021,0.2763367,-0.004076825,-0.6288567,0.08451189,0.5508342,0.1603629,0.3008366,0.3755029,-0.09306067,-0.4153177
0.02485536,-0.229048,-0.4467131,0.2266442,-0.3758196,-0.3088751,-0.1502574,0.2037152,0.7406078,0.442953,0.01527339,-0.7820821,0.1997949,0.3725595,0.03517053,0.02209397,0.2490337,-0.3009276,-0.0163975,0.5136828,-0.04943369,0.01515298,-0.3404557,0.08611525,0.4607038,0.05966406,0.05839683,-0.1603815,0.02409686,0.2988131
0.3107476,-0.1682068,-0.2091714,-0.3106498,-0.03776562,-0.05495244,-0.2216984,0.1438813,0.4715297,0.04888179,-0.06662057,-0.2079991,-0.03322929,-0.1543327,0.3651584,-0.2906095,-0.4865716,-0.03849338,-0.2074137,-0.3084892,0.04116436,0.415095,0.05577073,-0.4741237,-0.4483341,0.4654561,-0.4654866,0.4006435,0.002820061,-0.02701041
0.1286746,-0.1649302,0.1339662,0.2489155,-0.06237479,0.3647956,-0.08817218,-0.3252782,-0.1620434,0.001298471,-0.2443964,0.09669373,-0.3963063,0.01749676,0.005999705,-0.3219572,0.02083679,0.001511753,0.0114457,0.00334999,-0.0532971,0.2151691,0.009976495,-0.3777531,-0.9984608,0.1975785,0.4526241,0.1224887,-0.2328201,0.975164
-0.5750828,-0.4619662,-0.05156726,0.3172734,-0.1528587,-0.2416209,0.2411206,0.1286378,-2.062187,0.3533682,2.30042,-0.06454221,-0.1077851,-0.401483,-0.281231,-0.06793503,0.1074683,0.07033729,0.3073453,-0.05710086,-0.3848821,-0.3853561,-0.02892771,-0.1308488,-0.3245188,-0.08713228,-0.01073745,0.00650456,0.04403605,-0.4939665
-0.09010922,-0.334844,-0.1933442,0.1194738,-0.1618275,0.3577684,0.2421653,-0.008433973,-0.1234832,-0.04707327,0.4673629,0.3119556,-0.4360958,-0.2313094,-0.4950156,-0.02816945,0.01882902,0.04824684,0.3891981,0.0005870152,0.2896724,-0.4229237,-0.2745303,0.01081547,-3.850473E-05,-0.08926016,-0.05903467,-0.07504806,-0.3690418,0.3751235
0.03107276,-0.3724437,-0.7680662,0.1686655,-0.08117448,0.05415672,-0.1712207,-0.05750286,0.1129,0.3912956,0.3612982,-0.04447907,0.1298737,-0.03778924,-0.3889613,0.09971815,-0.3218561,-0.2960061,0.2138641,-0.267211,0.02274664,-0.02206558,0.08045246,0.4761927,0.3228858,0.07560047,0.4328461,-0.006303439,0.09585769,0.4668149
0.1139095,0.2893504,-0.02820538,-0.07884556,0.1648275,0.3711628,0.06510926,-0.4043854,-0.06947798,0.07445616,-0.0366674,-0.08154057,0.3112061,0.4761305,-0.4803095,-0.3707503,0.4790081,0.04407709,-0.4762646,-0.0219453,-0.01176873,0.07267326,0.3745513,-0.2729811,-0.002844553,-0.002070721,-0.243222,-0.04801936,0.3249213,-0.04121274
0.3826049,0.06679162,0.04257721,-0.0009212508,0.003078912,-0.1253579,-0.1365106,0.4406705,-0.1475362,0.0602228,0.4105938,0.9287376,-0.2624501,-0.1609029,0.3080003,-0.463263,0.003907875,-0.1414671,-0.02583748,-0.02412018,0.3921849,0.003422216,-0.02589517,-0.2574599,0.3117948,0.1929972,0.4001821,0.002659794,-0.1516688,-0.3489422
-0.0630893,-0.3960846,0.2391902,0.5061209,-0.4613492,-1.365088,-0.1103759,0.3291117,-0.2730751,0.1769291,0.08429831,0.258224,0.004793721,0.7319963,-0.3193117,-0.1238473,0.1178314,-0.09237629,-0.07882339,0.3208847,0.003642202,-0.7661735,-0.5505603,-0.3517323,0.04285691,-0.005335405,-0.04278087,0.5572588,1.176206,-0.05391116
-0.07179326,0.4738076,-0.2061205,-0.07614702,-0.1262306,-1.002929,-0.009075419,0.1041852,-0.006972332,-0.3007374,0.3623321,-0.3995754,-0.2215075,0.07738875,-0.3910599,0.4173072,-0.2770072,0.1240827,-0.29278,0.0049998,-1.211695,0.7907302,1.644793,-0.007454118,-0.117753,0.07094443,-0.08796195,0.342154,-0.5989466,0.003837322
0.3693948,0.08892389,-0.1323786,-0.09094711,0.1464013,-0.01141477,-0.6554705,0.02825492,0.2714587,0.06746914,0.2061273,-0.06645875,0.008991539,-0.144698,-0.3039387,0.1893536,-0.1132902,0.3871963,0.9956775,0.4583937,-0.1958029,0.06206555,0.001993067,0.110622,0.277043,0.2617346,0.09791082,-0.04693109,0.1712448,-0.03065725
0.2703969,0.3073072,0.233216,-0.1641071,0.247172,-0.09739672,-0.005053561,-0.1630926,-0.02773965,-0.1832284,-0.0008838628,-0.2804577,-0.09193936,0.0009228248,0.2898495,-0.1638154,0.06021822,0.1186334,0.01006597,-0.01051766,0.2608043,-0.03508288,-0.3052622,0.3431481,0.001987902,0.006633461,-0.1411919,0.4167895,0.0112875,-0.0002261381
-0.1446075,0.2033402,0.2265942,0.2413778,0.07949664,-0.1298913,0.0201843,-1.197412,-0.4149385,-0.09358077,0.006064064,0.4544767,-0.007738564,-0.3222788,0.04092606,0.02815692,0.3342277,-0.5574329,-0.2330447,-0.01571744,0.2183418,-0.6450388,0.2294321,0.3914653,-0.4014682,-0.1481585,-0.2883431,0.6636696,-0.2772813,-0.1095002
-0.1416089,0.3843489,0.7840192,-0.09988671,0.2898547,-0.01477578,-0.7415962,-0.5367925,-0.4211534,-0.1393287,-0.3922555,0.4741935,-0.08461732,-0.1680144,-0.1622055,0.1030155,0.9314322,-0.07905946,0.5341058,-0.3159547,0.003337444,0.05027765,0.06285123,-0.07545751,-0.06544918,-0.08344605,-0.04985255,0.02908736,0.4965287,0.1377514
0.1020229,0.005964926,0.01888692,0.1734042,0.1180742,0.4112119,-0.08308858,-0.03313283,-0.3870647,-0.08197755,0.05627454,0.3361985,-0.4726108,0.004580851,0.0873329,-0.06212896,0.02097622,-0.01018447,0.3972999,0.005548894,-0.2612611,-0.2471838,0.2545558,-0.1643537,0.4148355,-0.4243899,8.522058E-05,0.01393266,-0.02576009,0.05534917
-0.2760136,-0.4214854,0.3518149,0.006780465,-0.04481925,-0.07703114,0.4502302,-0.2486596,0.1224321,-0.001218989,-0.2317134,0.00302477,-0.003428188,-0.8061046,-0.07789355,0.3339702,0.36262,0.1876836,-0.4506575,0.3623847,-0.0004714409,0.4923965,-0.2057631,-0.3740767,-0.2039524,0.01286232,-0.3500392,0.429655,-0.2349138,0.3987889
0.09332639,3.209567E-05,-0.0645184,-0.8354779,-0.8806136,0.06408316,0.07937854,0.3266382,0.4988765,-0.3061142,-0.08689375,0.310552,-0.001238115,0.04369849,-0.2536165,0.01267903,-0.3490522,-0.08186027,0.1554397,0.09730435,0.007220907,-0.3943144,0.08093646,0.3504809,-0.1383347,-4.023035,0.1072125,-0.0003138129,-0.2234237,-0.05994941
0.05615853,-0.4098419,-0.09940906,-0.3868002,0.302812,-0.3757613,0.4764105,0.3022551,0.3955201,0.5752914,-0.6933954,0.3508978,0.1649572,0.008616063,-0.2834994,0.3596375,-0.3314474,-0.005081844,0.01585134,-0.3939515,-0.02017293,0.005892919,-0.001206404,0.1877571,-0.5238199,-0.1750306,0.02449155,0.2289166,0.07115215,0.1727662
-0.07103988,-0.4517919,1.294601,0.4352628,-0.4294883,-0.9178144,-0.1866328,-0.02748449,0.2282001,-0.3509512,0.1633626,-0.05606526,0.4823378,0.3394892,0.1088435,-0.8201442,0.006425502,-0.1942459,0.5002439,4.103336E-05,-5.495466,0.4130873,-0.01947194,-0.3230351,0.004791681,1.195822,-0.1995078,-0.06025261,0.1720659,-0.2721102
0.3481004,0.02190827,-0.01079783,0.3555411,-0.4876894,0.3897794,0.07603825,-0.4069345,-0.4701826,-0.2501764,-0.310752,-0.03709418,0.63561,0.1969089,-0.7574119,0.02326022,-0.4202198,0.3465872,0.03435026,-0.0178762,0.08653149,0.2575644,-0.3467421,0.03928115,-0.05539122,-0.4675518,0.002318983,-0.4166859,-0.0546546,-0.08320617
-0.02881351,-1.085062,0.1451968,-0.4089684,-0.01515311,-0.2296112,-0.4825248,0.01330354,-0.1566641,-0.280482,0.04482753,0.01939998,-0.08048971,-0.004808724,-0.1033227,0.004507115,0.2090989,-0.08753282,-0.3922329,-0.8167731,-0.3003714,0.08369213,-0.1445923,-0.4194694,0.03169627,-0.03371065,0.07012115,-0.3312416,-0.1336247,0.6423402
-0.1151101,0.1508613,-0.0004128814,0.1023906,0.04061896,0.02816581,-0.02951765,0.4491888,-0.0981371,-0.06237274,-0.003484572,0.230124,-1.39226,0.08606547,0.6519398,-0.1213032,-1.441693,0.3671802,-0.4233728,-0.1168986,-0.0002517692,-0.5161313,-0.3099492,0.05724475,0.0310284,0.7998788,0.09935485,0.2560647,0.0003209687,0.03702635
0.1503391,-0.4775163,0.3139821,-0.5070277,-0.08840576,-0.1350121,0.1820355,0.4383901,0.07294101,0.09373215,-0.5058159,-0.01299328,0.06950664,-0.1771791,0.2610632,-0.05139142,-0.2709285,-0.01539652,-0.2221387,-0.04759718,-0.07700795,0.2854275,-0.06110946,0.1924828,0.1777025,1.070849,-0.3660364,-0.1649219,0.03001868,0.00545585
-0.499994,0.0315697,-0.04293102,0.195786,0.06784357,0.488332,-0.3307546,-0.0004159156,-0.3427607,0.753765,-0.2657048,0.175551,0.08543921,0.07593697,0.03345575,-0.1038373,-0.4610069,0.1076548,0.2605298,0.01832462,-0.6289929,-0.306375,0.4976414,0.1263746,0.3035922,0.6639253,0.4916416,0.01469354,-0.01332124,-0.1267133
-0.4118278,0.004859335,0.1794987,-0.153647,0.1155992,-0.3642158,0.1131967,0.001134873,0.1180133,0.8378791,0.3260671,-0.2251751,0.09142916,-0.7340153,-0.1394428,-0.1352823,3.452617,0.3014147,0.008616842,-0.007934717,-0.3743702,0.02632222,-0.490571,-0.2799059,0.04727313,0.3349952,0.1150798,0.001917488,0.2873743,-0.4250758
0.54014,0.05619465,0.06494743,-1.184147,0.06792027,0.1967916,-0.3861617,-0.2257741,-0.1586957,0.4049851,0.4203875,0.2119701,-0.1868811,-0.1056746,-0.2785757,-0.05097009,-0.06765809,-0.2111048,-0.3740006,0.4346398,-0.07899507,0.2693592,-0.4437375,-0.3571594,-0.08029789,-0.2152705,0.2244593,0.10301,-0.00249928,0.01130491
-0.1706107,0.1328146,-0.3077813,-0.1701316,0.2754855,0.4613746,-0.255291,-0.04159805,-0.2810841,0.1400885,-0.05600133,-0.09316399,0.4995355,0.4709461,-0.1815708,-0.004360795,-0.5598277,-0.2763228,0.1641376,0.06261463,-0.1524687,-0.370212,-0.4357187,-0.6257144,0.4454738,-0.06398484,-0.5914693,0.1526574,0.7609097,-0.003362973
0.4381559,0.1851265,-0.2980917,-0.3560554,0.2622288,-0.1698601,0.273322,-0.220146,-0.1069575,0.01748586,-0.1632442,-0.4588293,0.4439093,0.2649842,-0.1274348,0.1108683,-0.3784246,-0.4781307,-0.02397182,-0.00310096,-0.01688945,-0.1852704,-0.009222126,0.3381848,0.2704369,-0.04765128,0.1010866,-0.03193904,0.07791954,-0.004109784
-0.2036846,-0.3465923,-0.008285103,0.2768984,-0.2393598,0.01233975,-0.4405125,0.04770938,0.08705058,-0.06340946,-0.1352268,0.5012474,0.6473086,0.2067927,0.004451219,-0.006900299,0.2126225,0.1075973,-0.03246874,-0.004332642,-0.4606864,-0.1057555,0.4532171,-0.49074,-0.06208011,0.02246829,-0.0003137827,-0.5220608,0.5963563,-0.1507815
;
-0.5920615,0.1393901,0.06073929,-0.1399934,-0.3319356,-0.3718376,-0.8314661,0.003122151,-0.1064829,-0.3691353,-0.0329426,0.6558192,0.179976,0.3220414,0.4067463,0.0176515,0.2471337,-0.1085214,-0.1365253,0.05189568,0.3245989,-0.7073833,-0.02358419,0.0001149058,-0.04090762,-0.1020037,-0.06115853,0.4747834,0.2048487,-0.1121034
0.06655142,-0.477437,-0.00238807,0.1709253,-0.5602714,-0.2925042,0.3169657,0.08898479,0.4726756,0.09869476,0.003550308,0.0364586,0.04541722,-0.2151495,0.02497894,-0.2348994,-0.2465668,0.0152586,0.5020138,-0.3930072,0.4588515,-0.01853227,-0.026796,-0.06896725,-0.2832918,0.09738597,-0.01058657,0.05360478,0.05924702,-0.4381342
-0.04451556,0.3108968,0.1354951,-0.6114487,-0.2788742,0.05244697,0.1031518,-0.08634422,-0.1731379,0.03086485,-0.1049862,0.02335413,0.2488248,0.2965219,-0.0077914,0.0002794233,0.007594195,-0.05413085,-0.0450222,-0.1601324,1.160681,0.003289727,0.03390915,-0.2854196,0.03184491,-0.01131146,0.173291,-0.02135515,0.4906518,0.01845187
;
-0.1730922
-0.0815323
0.06156186
-0.03273672
0.0005385246
0.5466768
0.2140168
-0.4673157
0.364517
0.07701749
-0.02560812
0.3591526
3.875527
-0.04607339
-0.1299954
-0.02954165
0.4269823
-0.3787487
-0.1313215
0.3192981
-0.2985827
-0.2185885
0.3741243
-0.1749553
0.4798571
-0.2877771
0.4898526
-0.005908489
0.6794013
0.3678164
;
0.04316165,-0.3675481,0.4874866,-0.0008943523,0.1341138,-0.03679746,-0.9465703,-1.527108,-0.9351249,-0.1253475,0.01049318,-0.159134,-0.06772274,-0.261299,-0.1079046,0.3359292,0.0483212,0.1193478,-0.2709756,-0.2169359,-0.3893914,-0.1034583,-0.175287,0.4415739,-0.07097428,-0.3263187,-0.4653175,0.2064819,-0.4927492,0.02848559
0.4951739,0.03935245,-0.04530615,-0.05990769,-0.4763986,-0.2205101,-0.4152429,0.03845703,-0.08564073,-0.1751296,-0.01199061,0.2173209,0.7266518,-0.1725731,0.05852014,0.2765995,-0.3527915,0.828519,-0.009356439,0.1725111,0.1842604,0.1379903,-0.2080414,-0.4248207,0.3648134,-0.1646866,-0.04530273,-0.2435349,-0.04813462,0.005820292
0.07957138,0.006586346,0.02191368,-0.06615765,0.4487251,0.02065279,0.1312413,0.4512709,0.3531692,-0.2303444,0.0001174132,0.01019019,0.3403219,0.3554038,0.2662359,-0.7878929,-0.01105712,0.001905226,-0.3187685,0.07427283,-1.060665,0.0004127535,-0.1093429,0.05319631,-0.04960306,0.04411191,-0.765152,-0.1752187,-0.01385061,0.527538
0.2293151,0.1891085,-0.01436597,0.2206297,-0.0116021,0.002371725,0.4500551,0.4687578,-0.4136382,-0.3321329,-0.02356167,0.008934915,0.4360546,-0.7565486,0.002888677,-0.0122842,-0.4731679,0.1066823,-0.3530176,-0.3326781,-0.7222149,0.8582521,0.04010724,-0.1324872,-0.1258369,-0.5982495,0.03500096,0.0355869,-0.05346495,-0.3914105
-0.1570945,0.3496527,-0.2320983,0.06940485,0.3368472,-0.02103164,-0.1644792,-0.001172156,-0.1198341,-0.5893776,-0.7292738,0.2252265,0.004274368,0.0201532,-0.3308201,0.09561187,1.230894,-0.09944779,-0.4722416,0.2499422,0.04901072,-0.4860075,0.03810464,0.3501863,0.08067928,0.7823769,0.04138374,-0.372565,0.09779289,0.02052257
0.4403386,-0.03548127,-0.002836163,-0.09162664,-1.688912,0.2814243,0.085136,-0.199807,0.8123255,0.02002848,0.5588817,0.3042706,0.3910738,-0.0009773752,0.9462324,-0.2287918,-0.01051499,-0.2660768,0.3891398,-0.1460583,-0.3296229,-0.01247478,-0.0351739,0.03134205,0.1315927,0.02350848,0.4925402,0.04290324,0.9194127,-0.06453615
-0.3022952,-0.3380383,0.7248018,0.4601325,-0.02121186,-0.1020419,0.2503365,0.0382746,0.4477193,-0.3271747,0.08889516,-1.304755,-0.008276857,-0.5411368,-0.03066685,-0.3175176,0.3598123,0.01091136,0.8901824,-0.09077355,0.1908507,0.1379361,0.09143697,0.006825864,-0.5056719,-0.1050552,0.3618752,0.1074307,-0.02996363,0.6378472
0.01814849,0.07718361,0.7420766,-0.3560607,0.1766659,-0.4795195,0.1353039,0.3015541,0.3216158,-0.1209705,-0.2247728,0.3587434,0.02104348,0.02126835,0.4351352,-0.02910477,-0.09216469,-0.2638399,0.1673312,-0.6110712,-0.4551595,-0.2445446,-0.2909348,-0.04503185,-0.3153957,0.06650382,-0.1553765,-0.34305,0.02591333,-0.08395834
0.09972078,0.5872383,0.3863436,0.1696243,0.2399971,0.1143831,0.3366368,-0.341374,0.005466918,-0.006804508,-0.001741976,0.3183186,0.3900538,-0.1460577,-0.02640202,0.1361215,-0.09690124,0.1581602,-0.2837586,0.1362664,-0.5326127,0.1162851,-0.1329942,-0.1851023,0.2132175,-0.1172345,-0.05130128,0.01627056,-0.06733168,0.25238
-0.08544227,-0.003597889,-0.4103801,0.1036961,-0.279848,-0.6143512,0.001447134,-0.4539924,0.5678022,-0.2752184,-0.007827794,-0.01328808,-0.05995083,-0.09900898,0.1512292,0.005720807,0.1165077,-0.774677,-0.2872915,0.09300666,1.384755,-0.7961941,-0.4076972,0.2208974,0.1451194,-0.2027125,0.8218059,-0.1821455,-0.1842385,-0.4769127
0.4427783,-0.1601761,0.4444222,0.01233777,0.003682474,-0.006059136,0.07816377,0.04050842,0.3839862,0.4145896,0.7368461,-0.06474122,-0.1486907,0.3921885,-0.04230421,0.4916928,-0.4029646,-0.04121697,0.2312587,-0.1476942,-0.3910558,-0.4639093,-0.4927579,0.5576622,0.6067895,-0.3703905,-0.2057369,0.4895171,-0.2531073,-0.03855535
-0.3967873,0.1352428,0.3709094,0.1116078,0.08704021,-0.2813705,0.07632884,0.08456756,-0.5798136,-0.004852831,-0.4738247,0.002579314,0.1424209,-0.3341311,1.073038,-0.4944187,-0.3607132,0.5895558,-0.001465539,0.3651152,-0.07842153,-0.1221897,-0.09338377,-0.006751075,-0.09820617,-0.00478137,0.3208897,-0.002254953,-0.3899548,0.002649111
0.2479769,-0.1323337,-0.1597161,-0.387234,0.06234711,0.3939058,0.2679947,0.322413,0.5835924,0.2168193,-0.009410163,0.2907729,0.1478041,0.4850391,-0.08495849,-0.7832028,0.3176416,-0.001294398,-0.03239458,1.008345,-0.04861662,0.2271738,-0.02770877,-0.2665446,0.2531039,0.01462628,-0.02210063,-0.5336136,0.2703578,0.2133341
-0.3048524,-0.2499961,0.1332881,-0.07388324,0.4450651,0.4348001,-0.2270472,-0.2151738,0.411918,0.3785846,-0.04634777,0.8478207,-0.15369,-0.4661067,0.000225454,0.2785915,0.00487242,0.06039548,0.23139,0.2399517,-0.1917986,0.09567028,-0.009594142,-0.262629,-0.3815943,0.1407005,0.4891207,0.1646689,-0.008245624,0.112435
-0.2423189,-0.1209105,0.6108769,0.3497014,0.3001853,-0.4031041,0.5217884,-0.01447873,0.2028733,-0.05996317,0.003234617,-0.07959511,0.264945,-0.4986166,0.3169572,0.002003283,-0.02999384,-0.4867647,0.3938234,3.521651E-06,0.04088422,-0.07648346,-0.1834942,0.04639153,-0.4988871,0.1130869,-0.1512548,0.1045379,-0.04140502,-0.05878979
0.00124884,0.4456792,-0.1122981,0.1483727,-0.3909988,-0.01585072,-0.01039311,-0.1796247,-1.138197,-0.04285989,-0.4043236,0.9417686,-0.7031395,-0.06557459,-0.3238791,0.4964421,-0.03936582,0.487725,0.002290342,0.1424676,-0.03114094,-0.1357419,-0.07312442,0.101901,0.02845996,-0.926714,0.01941747,-0.4703053,0.05476674,-0.07248914
-0.1498711,-0.1339306,-0.01009221,-0.02730777,-0.113717,-0.2794559,-0.03085703,0.322906,0.5490755,0.1185488,0.0003119391,0.03056996,-0.0008978244,0.1775626,0.4778489,0.0444079,0.06060725,0.3687765,-0.004256291,0.3076147,0.0759638,0.0003927984,0.3815024,-0.3859411,0.00021409,1.309773,-0.01027375,0.4100437,0.1637407,-0.1154098
-0.182595,-0.02974978,0.09007118,-0.5359284,-0.01756873,0.106999,0.5710992,-0.2278197,-0.01937189,0.1573598,0.2576081,-0.2828548,-0.1484072,-0.007315096,-0.07291535,0.1461587,-0.06072396,0.05332328,-0.2313005,-0.1837552,-0.05034095,0.0242663,-0.004877691,0.001574508,0.1348753,-0.2332681,-0.1064009,0.1403926,0.7412476,0.17163
-0.4286731,0.3751992,0.1664632,-0.06258203,0.129176,-0.04355055,-0.3407292,-0.01478499,0.07789658,0.1134506,-0.2356923,-0.5867323,-0.135002,-0.4870477,-0.08574521,-0.406445,-0.4813886,-0.2404313,0.4517347,0.5875622,-0.1139169,-0.03240427,0.05978695,-0.6738484,-0.2369372,0.014029,-0.06741577,0.4797747,0.403451,0.02856603
-0.04674136,0.09361898,0.2663733,0.06044692,-0.05242056,-0.3820094,-0.2224444,0.04980512,-0.1082692,0.06273192,-1.240289,0.4122193,0.6187504,0.000919834,0.0240594,0.4267277,1.956072,-0.05341839,-0.4747556,0.2798208,0.7574946,0.4554111,-0.6710059,0.04610258,-0.1221028,0.02329509,-0.2934754,-0.3052236,0.001714193,-0.2611264
-0.02986225,-0.1304726,-0.2671069,0.2361104,-0.1477353,0.06875876,0.1441115,0.3714845,-0.4507306,-0.4668429,0.2060327,-0.4608809,-0.05486156,-0.1509816,-0.03807472,0.1563506,0.0430261,-0.3096074,0.07913053,0.2151879,-0.2820885,1.27865,0.3495292,-0.1412329,-0.1378147,-0.7180461,0.005234639,-0.1333196,0.01013751,-0.03165439
0.02104551,-0.114013,0.1255652,-0.0008056136,-0.002398742,-0.1898004,0.06587686,0.04032549,-0.7542558,0.3323492,0.4635483,0.001007598,-0.3677203,-2.018227,0.1638781,0.3380351,-0.7380885,0.01352451,-0.4746875,0.07356399,0.4087243,-0.4144144,0.6789801,0.1502931,0.04117817,0.3343731,-0.02787359,-0.6523937,-0.2389854,-0.1468263
0.1813378,-0.0698547,-0.0211962,-0.05429681,0.0709312,0.1024023,-0.1980005,-0.3009354,0.01040695,-0.2207159,-0.003195236,0.4132529,0.08224517,0.7480493,-0.009601556,0.2098237,0.1584279,-0.005544841,-0.137926,0.4035646,-0.2635286,-0.3769946,-0.5514264,-0.487608,-0.3729161,0.002156844,0.007172464,0.1393701,0.01265587,-0.1319008
-0.4719748,-0.3168408,0.08043173,-0.2374041,-0.0331756,0.4505994,0.2910969,0.04326278,0.05141568,-0.04914137,0.03716644,0.06562668,0.02141737,-0.5064255,-0.09363558,0.1793577,-0.08351401,0.0007954728,0.8485853,-0.02302279,0.3772453,0.01045651,-0.2565753,-0.09405021,0.001187966,-0.1133888,0.1070125,-0.08035291,-0.2377423,0.01204826
-0.2721566,-0.2948547,0.0164475,-0.4823137,-0.04735124,0.014213,-0.2363459,0.2942761,0.1105221,0.0003024429,-0.03486489,0.8077646,-0.1322024,-0.2081987,0.2462611,0.2370465,0.6030578,-0.4375579,-0.3488084,-1.272388,0.2294861,0.2632058,0.02499383,0.4011231,0.0007752801,0.3371331,-0.6214609,-0.06062699,-0.08478552,0.1314996
-0.10139,0.03888015,-0.3519607,0.1130193,0.001853609,-0.2303723,0.3106529,-0.03472471,0.1012107,-0.1405048,0.1807164,0.909413,-0.02480474,3.579446,-0.2982231,-0.001081896,-0.0005363783,-0.01021902,0.5602602,-0.009396899,0.03515773,-0.04847721,0.4995593,-0.4689164,-0.006133235,0.07912236,-0.09438962,0.5020778,0.1777315,0.1059793
0.003333044,-0.2255314,0.746817,-0.01560662,-0.1255306,-0.02143321,-0.3292712,0.1734562,0.05781039,0.1106545,-0.2211364,0.3313827,0.09935042,0.2369116,0.001569435,0.4853966,-0.04925936,0.1775323,0.06198126,-0.001103766,0.4540587,-0.0001079889,-0.2711356,-0.1537313,0.2966502,0.1806592,-0.3248903,0.006732276,-0.1352745,0.1418149
-0.05822569,-0.04366785,0.407932,-0.3762892,0.04961203,-0.2936062,-0.2735983,-0.1669096,0.143585,-0.2632405,0.1372816,0.1349585,-0.3601028,0.1054947,1.530491,-0.2233546,0.02598763,0.04840879,-0.4693961,2.346225,-0.07285727,0.3585355,0.5866064,-0.0163689,0.4955078,-0.01000669,0.2910602,0.00215257,-1.860627,-0.5364538
-0.06635825,-0.001409451,-0.04777926,0.1612395,0.2471007,-0.0384207,0.04260473,-0.03698951,0.01659163,-0.2432791,-0.159924,-0.1209722,0.3088852,0.8363174,-0.7160038,-0.08538999,-0.139634,-0.4061005,-0.1090201,-0.1871178,0.5608739,0.09693655,0.09129065,0.1289489,-0.08706189,0.32839,-0.6578328,0.001796932,0.5981979,0.510459
0.0763538,-0.3480709,1.020615,0.08676565,0.2882899,-0.07470332,-0.2369129,0.283169,0.1169686,-0.1706618,-0.8597428,-0.09551392,0.2873183,-0.002156015,-0.1843494,0.2541891,0.03611261,0.09215254,0.9844848,0.4894464,-0.134357,-0.3583456,-0.07602854,0.5191817,-0.3816288,0.01775887,0.06333154,0.2860766,0.3411051,0.05088129
;
-0.01369774,-0.004826843,-0.1763148,0.03247273,0.03436178,0.1301128,-0.4977072,-0.02705122,0.0002335723,-0.03504576,-0.1327248,-0.03242415,0.0209344,-0.4993259,-0.01901268,0.7810141,0.3770921,0.4946749,0.01627557,0.1287065,0.1162661,-0.2856791,-0.04458393,0.2197051,0.1037879,0.1568344,-0.003308527,-0.0757413,-0.1317099,-0.05062149
-0.6413991,0.02107312,0.2611527,0.2125447,-0.3039593,0.00932517,-0.3740736,0.03597731,-0.156455,-0.2886759,-0.3472594,-0.6348772,-0.000985701,-0.652427,-0.2113661,0.01121557,-0.1760244,-0.2755544,-0.1841245,0.250623,-0.1067185,-0.001286024,-0.07803092,-0.4524764,-0.5784569,0.04073588,0.05463026,-0.4583629,-0.1886006,-0.05001226
0.005335333,-0.02314539,0.009435475,-0.0876133,0.2043034,0.03892065,-0.2426745,-0.09090204,0.4329079,0.3586938,-0.1884531,0.06506961,-0.04100277,1.387188,-1.02303,0.0932427,-0.007823249,-0.2246554,0.06991619,0.0747297,0.01975051,0.4614972,0.0302221,-0.8161961,-0.0712602,-2.215304,-0.01838334,-0.1383052,0.1263715,-0.3436075
;
