-0.00388913
-2.440052
0.1201065
-0.07919844
-0.3932959
0.3982347
0.1954549
-0.2138455
0.01562341
-0.03114293
;
-0.7256778,0.4384421,0.2103779,-0.2739644,-0.05578529,-0.2576596,0.1151182,-0.03912991,0.1767308,0.07109529
0.1740376,-0.133195,0.01623747,-0.482119,0.0007032093,-0.03273247,0.2475365,0.003415893,-0.2117659,0.02345475
0.04157779,-0.1104228,-0.2186864,-0.169063,0.0717865,0.04552799,0.2632221,0.003652758,-0.2611745,0.475379
0.1812686,-0.161941,0.3332224,0.003938283,-2.498452E-05,0.4554942,0.2154298,-2.823691E-06,0.2551582,0.3097009
-0.02704367,-0.3093331,0.2288269,-0.128603,0.1734989,0.1454325,0.2731943,-0.1263213,-0.005515635,0.4935157
0.0003960689,0.7774376,-0.7316328,0.4839714,-0.0007511423,-0.0126184,-0.2467019,-0.004324932,-0.03288046,-0.01770078
-0.1351379,0.2722956,0.08836657,0.01924487,-0.04537132,-0.2035872,-0.01645045,-0.4627283,-1.361142,0.3865317
-0.4377145,-0.07707544,-0.1045218,-0.1170147,0.2988223,0.0311095,1.039281,-0.3084179,0.6080817,-0.2234729
-0.03647104,0.4511992,0.3258948,0.1749907,-0.5226507,-0.3415115,0.4062157,0.02202861,-0.4593599,-0.1062204
-0.0009592532,-0.004644366,0.3682092,0.1712057,-0.3153007,-0.01101331,-0.2635338,0.06870264,0.07812429,-0.1531982
;
0.6473941,-0.1435305,0.1830245,0.0248961,0.1061239,0.3828152,0.0006267971,-0.02748159,0.04239231,0.3208357
1.329589,-0.0004626977,-0.002674671,0.0663493,-0.2361737,-0.03813118,0.0281648,-0.4052582,0.3284236,0.004695304
;
-0.1453536
-0.06033742
1.894966
-0.01604043
0.006815129
-0.06006247
0.06721267
0.3577568
-0.2856288
-0.1013596
;
0.06934287,-0.2761382,-0.4079497,0.0006554675,0.0005821928,0.3324461,-0.2215176,-0.3696988,-0.1335508,0.1468597
-0.3077333,0.3736941,0.1034402,0.01165277,-0.1923049,0.002133127,-0.1776229,-0.0210101,-0.0004201863,-0.01121121
-0.01925403,-0.2958331,-0.002980333,-0.05178849,0.1749392,0.4600363,-0.115681,-0.04475576,-0.1063706,-0.09175856
-0.0111036,-0.006247179,-0.262663,0.003022718,0.1908856,0.05199236,-0.3687671,-0.03548497,0.04524972,-0.02142024
0.1761992,-0.2312842,0.003042703,-0.1854681,-0.1507161,0.1514107,-0.1702558,-0.2215389,-0.1199195,-0.03400822
-0.037934,0.3186686,-0.1731878,-0.1093783,-0.03341642,0.3439801,-0.03271325,0.2628885,0.08941634,0.05310912
0.565153,-0.01280622,0.3272216,-0.1196385,-0.2971849,-0.07037705,-0.4138164,-0.6659576,0.02347884,0.941195
-1.490181,-0.1164839,-0.001114317,0.03389966,-0.05428657,0.09431106,-0.853018,0.07339197,-0.04656108,0.1290438
0.5703774,-0.5584035,0.05850822,0.01311308,0.01747866,0.1587307,0.4328047,-0.006887019,0.04436607,0.1877622
-0.02034348,-0.3169703,-0.007318119,0.1205377,-2.844548E-06,-0.2110722,-0.5100951,0.1734979,-0.005846861,0.08303481
;
0.4658655,-0.08250564,0.01157037,0.1862368,0.004759581,0.00415335,-0.01175838,-0.05309049,0.1453678,0.1187292
-0.1453063,-0.009533882,-0.6259717,-0.2355543,0.009625513,0.0672353,0.04868822,0.06156319,0.000373317,-0.06277276
0.006721383,-0.3240222,0.09707647,0.0002167742,0.1494758,-0.2861834,0.08200328,0.01481265,0.3821266,0.7511683
;
