0.3859662
0.3316711
-0.009724096
0.7274184
-0.01473458
0.01524531
-0.4918162
-0.3213013
0.2419135
0.4818614
;
-0.1047316,0.04465863,-0.01149214,-0.4295456,-0.05366623,0.2085909,0.9244437,-0.4825323,0.01379244,0.4112802
-0.02789285,-0.005214966,-0.1971534,-0.4197257,0.04804176,-0.1844101,-0.129363,0.3514442,-0.3643954,-0.05825737
0.05487552,-0.0476849,0.3883545,-0.00513333,-0.04630762,0.03037018,0.6539561,0.4014871,0.06247456,-0.4616175
0.2405642,0.05590277,-0.3654572,-0.1304031,-0.1946569,0.4398485,-0.09152189,-0.1785641,-4.859498E-05,0.1563262
0.4150325,-0.09708446,-0.1035023,0.03595234,-0.5386178,0.2111955,0.06414251,0.1397573,-0.03292748,0.1557107
0.0009313217,0.3556786,0.448934,0.3857849,-0.4860903,-0.1687635,-0.001244423,-0.1594449,-0.1861214,-0.4395608
0.008159137,0.1356754,0.02800466,-0.2851971,-0.4740069,0.3885771,0.2542548,-0.00572732,0.06334215,0.2974963
0.3200245,-0.002357197,-0.5361151,-0.2749928,-0.04073261,0.005179255,0.01284312,-0.4666536,0.3884414,0.1376649
-0.1737629,0.2187727,-0.3914498,0.009075734,0.4485797,-0.1610273,0.4908007,-0.518156,0.2451081,0.002906452
0.3007858,-0.01226634,0.02664406,0.2871822,0.04849594,-0.1576751,-0.2730091,-0.0765027,-0.01561707,0.01601842
;
0.02475172,-0.02039523,-0.2773753,0.0005795673,-0.05387479,-0.4353575,0.01113259,0.02944726,0.2356218,0.2848858
0.07193733,-0.1026673,-0.005717376,-0.6449398,-0.1173193,-0.4885827,-0.2565495,0.2015215,0.013776,-0.3619483
;
-0.01606106
0.780682
0.1780252
0.1099646
0.3303068
0.1879451
-0.3550149
-0.08132751
-0.3431782
-0.02133068
;
-0.1350506,0.09122614,-0.1492393,0.3537486,-0.2119919,-0.4809841,0.353043,-0.3286998,0.07909606,0.4914954
0.1228614,0.09728391,0.06451014,0.4376004,0.05463737,0.3321283,-0.9185148,-0.3951502,0.08998626,-0.02876569
0.06069503,0.1595232,0.3098258,0.3506681,-0.2784401,0.2288296,0.2129105,-0.1373869,0.2343967,-0.6524592
-0.0004748879,0.08969248,-0.4502027,0.02794101,0.002743879,0.2519508,-0.4753835,0.4670319,0.3460703,0.06446725
0.2789392,-0.2726026,0.07210237,1.241633,0.02587861,0.1278034,-0.3362933,0.3286543,-0.1520999,-0.009544395
-0.1368707,0.2042257,-0.002658597,0.155715,-0.04275186,0.4148923,-5.105482E-05,0.00983047,0.04539806,-0.5641452
-0.3122222,-0.01552281,-0.000380658,0.2151321,-0.3674138,-0.4220332,-0.1814067,-0.5555494,0.2708664,-0.001787112
0.08604287,-0.0253179,-0.4036767,0.03722044,-0.4223076,-0.2340707,0.4790778,-0.005427017,0.02220851,-0.2783227
-0.06319059,0.1802739,0.5338926,0.002633893,0.00134885,-0.2207842,0.01602497,0.1149702,-0.6334732,-0.2476696
-0.4042737,-0.3508037,0.1359624,0.4049855,-1.733238E-05,0.1030424,0.001937,0.1407226,-0.06206238,-0.2633264
;
0.5568205,-0.0005444774,-0.3638913,-0.0138058,-0.1291152,-0.04012445,-0.431614,0.1282581,-0.07898389,0.4109008
-0.4622207,0.5968326,-0.4791646,0.01936591,0.007568341,-0.08788947,0.05650573,0.4190219,0.2064983,-0.3085469
-0.2720853,-0.2960305,-0.2822921,0.1111159,-0.177218,-0.05321962,-0.2954599,0.07897812,0.1753161,0.04970844
;
