-0.2219035
0.05034584
-0.0837141
-0.4855996
0.4723047
-0.1286373
0.4560946
0.2959985
0.3446774
0.1592886
;
-0.2459465,-0.4394888,0.196599,0.01602,-0.08905393,0.1640591,0.4450126,0.4043015,0.2707806,-0.1139221
0.03602463,0.4812562,0.3936437,0.1873714,-0.1298125,0.005655706,-0.1485552,0.1000296,-0.469111,0.1982338
-0.1268085,0.2352943,-0.2173048,0.2304848,-0.4555269,-0.2156785,0.4712518,-0.1004366,-0.04844195,-0.03079051
-0.4027208,-0.07452542,-0.3218135,-0.4655355,-0.4749284,0.3971393,-0.4728361,-0.2505388,0.1095302,-0.3886925
0.193956,-0.4527218,-0.2281139,-0.09516498,-0.2430812,0.2667713,0.2571765,0.2888871,-0.03855437,-0.21841
-0.3512034,0.3307128,-0.3886691,-0.4992964,-0.4297307,-0.4635764,-0.1186314,-0.09694582,0.4270762,-0.2071646
-0.3555597,-0.05615133,-0.135735,0.2510411,-0.3241454,0.1612638,-0.4899031,0.07735091,0.1079332,0.1356184
-0.04997379,0.4408263,-0.1358796,0.09965509,-0.1009666,-0.413113,0.4025259,0.05782801,0.3821243,0.4720976
-0.3236195,-0.01499552,0.6370751,-0.08243078,-0.4769,-0.1435944,0.3246174,-0.3629781,0.365695,0.05184823
0.4018698,-0.2948055,-0.2878146,0.192103,-0.3268806,0.1444895,0.1421853,-0.3913194,-0.1467624,-0.3054359
;
-0.3313011,0.1934365,-0.09568673,0.15433,-0.3161094,0.1769919,-0.362506,0.446926,0.22066,0.09950608
-0.211963,-0.001646459,-0.465212,-0.0008146167,-0.4168934,0.2845838,-0.1213891,-0.2035198,0.4895332,0.09554356
;
-0.06459144
0.4311025
-0.3462624
0.1712874
0.01781771
-0.1002563
0.6117191
0.02409118
-0.06818701
-0.2438367
;
0.2568864,-0.3877386,0.2934242,-0.08545727,-0.216302,-0.4738766,0.834939,-0.008234228,0.3593072,0.1383474
-0.1081981,0.2863816,-0.08960754,0.1274083,0.2002688,0.003640907,0.01016853,0.3368842,-0.07597342,0.00288837
0.01513594,0.09872265,-0.04206246,-0.02386266,-0.1627097,0.2375741,-3.116034E-07,0.4931829,0.4873083,-0.1901609
-0.3263421,0.2690785,2.20674E-05,-0.1889242,-0.44848,0.09759438,-0.009728492,-0.1871234,0.2484144,-0.06559614
-0.01638199,0.0412663,0.2983966,-0.03367479,0.07768577,0.0553317,0.0003264666,0.0373252,-0.1390395,0.277967
0.007282333,0.04117664,-0.06772071,0.1624206,-0.6294519,0.06082333,-0.4097363,0.04481322,0.3761157,-0.07065329
0.4541786,-0.003899378,-0.1378892,-0.4482214,0.4242363,0.3730783,0.692605,0.3617313,0.05416889,0.4297632
0.1144428,0.2280284,0.1002755,-0.04382426,0.0003425617,-0.1485626,-0.08633251,0.03916143,0.002056969,0.01308361
0.06063108,0.01467203,-0.0207173,0.02934033,0.291818,0.5454068,-0.8187017,-0.03467066,-0.03338357,-0.3075926
0.0296787,-0.008199298,0.07117663,-0.009496813,-0.8105426,0.05264207,0.1897319,-0.4766829,-0.02048212,0.356823
;
-0.5981754,0.1251736,-0.06988364,0.001991739,0.1566739,0.1654953,-0.1378838,0.002635065,-0.2018371,-0.01745529
0.2476806,0.03326205,0.3383255,-0.2675471,-0.1096904,-0.003669729,0.2243235,0.1164289,0.1960259,0.1723032
;
-0.003493831
0.3351265
0.2150361
-0.04450486
0.06851218
0.6064854
0.434837
0.06415628
-0.005454213
-0.3311075
;
0.3204248,-0.44067,-0.09162711,-0.1556091,-0.09285594,-0.03443104,-0.03805241,0.4511356,-0.001635111,0.03927322
-0.01583079,-0.217213,-0.342634,-0.02156287,0.03094751,0.5306014,-0.05168074,0.05986649,0.305779,0.07299088
0.3614043,0.1794742,0.3090999,-0.003478477,0.2789139,-0.2366143,-0.40412,-0.2931849,-0.4612508,-0.4011201
0.1910393,0.006869629,-0.7604756,-0.9313948,0.0006614682,0.01624859,0.1483702,-0.003499982,0.01235349,0.1877746
-0.3013345,0.09007816,-0.4372582,-0.002653786,-0.1500611,-0.1676819,0.01120492,0.1058821,0.2649596,-0.1486269
0.3101789,-0.06069181,0.1365308,0.8514054,-1.391285,0.2343177,-0.305647,-0.2694843,0.4459794,0.5417959
-0.07776937,-0.04347083,-0.05654889,-0.01734624,-1.144138,0.1398715,-0.007397115,-0.1416636,-0.1261548,0.5899066
-2.254574,0.07615443,-0.2947041,-0.08197552,-0.1178827,-0.2030134,-0.2224829,-0.006522472,0.0133304,-0.9591468
0.1514617,0.6752947,0.002190393,0.006794754,0.01660365,0.3074321,0.1501698,-0.1262393,-0.4537529,-0.00338817
0.3498321,0.1330691,-0.1431037,-0.3009231,-0.2702457,0.2778818,-0.2903102,-0.2067669,-0.4664669,0.009797481
;
1.270085,-0.006179823,-0.4965142,-0.1688786,-0.4363644,0.2654352,-0.5893151,-0.1512085,-0.09832352,-0.1517684
0.3528391,0.009865862,-0.1500499,-0.4396014,0.4096625,-0.00806433,0.009391801,-0.04108888,0.09328884,-0.03084077
0.4451998,0.1604432,0.08695556,-0.0598216,0.0001413716,-0.01458945,-0.3648808,-0.1120832,-0.3413125,1.976741
;
0.06222028
-0.02382948
-0.04370397
-0.08252567
-0.01928845
0.003565119
-0.1052579
-0.1106755
-0.5724159
-0.01422782
-0.2229295
-0.01838113
-0.4572565
-0.1937681
0.1861918
-0.01787414
0.02465573
0.2866117
0.008789771
-0.07640763
0.2581263
0.2603494
0.3548776
0.2685614
0.1324624
0.3372146
-0.1393412
-0.1854368
0.4072064
-0.9779321
;
0.3399448,-0.2556545,0.4582834,-0.04619974,-0.02673033,-0.1797453,0.0225334,0.3019227,0.1748033,-0.1633639,0.08321284,-0.4337075,0.2623382,0.03005684,-0.5801913,0.3563976,0.3902856,-0.2662802,0.2513297,0.3594966,-0.08211972,-0.007431522,-1.019151,0.00419986,-0.0743276,-0.01098484,-0.06904203,0.4015795,-0.2808353,0.4153177
0.09490368,-0.1697618,-1.274557,0.2266442,-0.3758196,0.1556762,-0.3056165,-0.02862734,-0.1389379,-0.02658099,0.02810464,-0.2530573,0.1997949,1.536925,0.02681364,0.1479521,0.286759,0.1344887,0.0163975,0.0827527,0.1345716,0.02655886,0.2798893,-0.2411472,0.4607038,-0.09039786,-0.3358884,-0.06195268,-0.004879773,0.01393639
0.3107476,0.3634757,0.5617103,0.4289771,-0.05497221,-0.5667036,0.391434,0.2115348,-0.3622147,-0.2447222,0.4271078,-0.1604552,-5.30727E-05,0.1980895,-0.730122,-0.3395528,0.007688615,0.1204876,0.5429983,0.4109358,-0.00239197,0.415095,0.03180756,0.1616748,0.2210482,-0.6430585,0.3259256,-0.4006435,-0.3409014,-0.001787186
0.09134787,-0.5959339,0.3589048,0.04580494,-0.01510719,-0.7750249,0.07507157,0.07873744,0.1263755,0.3531606,0.5955931,-0.3061507,0.3157132,-0.01059171,-0.4126189,0.3219572,0.02083679,0.2369125,0.1496818,0.4002014,0.464306,-0.1350929,0.4446263,0.2262338,-0.2429366,-0.1330766,0.3068748,0.07212548,-0.05432159,0.4577053
0.3578179,-0.5452168,0.01035458,-0.4343331,0.3311712,0.3865622,0.2963418,-0.3397268,-3.841672,-0.3533682,0.3880552,0.02528816,0.1152864,-0.2831574,-0.05308907,-0.05749221,-0.03270086,0.08910362,0.3073453,-0.4974855,-0.2361918,0.03969492,-0.1536129,-0.2887795,0.1972663,-0.2363986,0.00560474,0.06964054,-0.08237861,0.01667332
0.09010922,-0.2142972,-0.1316369,-0.495216,-0.2222669,0.2772333,0.02091282,-0.2988844,0.4032955,0.04391685,-0.4985791,0.3186555,-0.09265257,0.02263635,0.4950156,-0.4190284,-0.04242245,0.03197659,0.2535862,-0.5340475,0.07162415,-0.4163158,0.1585188,-0.3181426,-6.560799E-05,0.2301444,0.1379095,0.1504479,-0.2651118,-0.03742986
-0.0007983021,-0.2554378,-0.02784633,-0.03283327,0.01088428,-0.2261371,0.3345167,-0.1111164,0.4441617,-0.3227803,0.7075945,-0.533909,0.4204813,-0.1561811,0.4368335,-0.1280286,0.1710874,0.5348914,0.3428057,-0.03849751,-0.02274664,-0.0433286,0.02381564,-0.4287609,0.7734495,0.02705742,0.1496996,-0.3324593,0.2272367,0.2879857
0.1701151,-0.006886241,-0.1226651,0.01519236,0.4482928,-0.1693573,-0.484066,-0.2940111,-0.0114906,0.1244381,-0.4408251,0.288354,-0.1471533,-0.003780686,-0.8811595,0.8434486,-0.1159052,-0.4466742,-0.7585974,0.009491876,0.00136513,-0.1742918,0.4742666,0.03041869,0.0009665998,-0.001736136,-0.06496754,-0.08803936,-0.1998943,-0.02497583
0.2177711,-0.2770648,0.3541302,0.0004582717,-0.001311115,-0.01565752,-0.02193483,0.4406705,0.2343426,-0.06174033,-0.1009063,0.1653258,-0.2624501,-0.2485902,0.01395192,1.720415,0.07216062,1.138572,0.04061138,-0.2100261,0.3262297,0.004040078,-0.01056893,-0.08283775,0.5242313,-0.05999804,0.4685526,0.005735445,0.3535792,0.2553715
0.04168628,0.1870098,-0.2391902,-0.6367775,0.01543851,-0.03520719,0.1980405,0.09743196,-0.2610108,-0.02848142,0.460972,0.07355613,-0.2157821,0.7366456,0.07203928,-0.04466087,0.06702513,-0.1458072,0.003303118,0.3819373,-0.3570683,2.080202E-05,0.4596229,-0.2126292,0.04285691,0.2783881,-0.001234124,-0.5572588,0.1574794,0.2628185
0.02041,-0.660198,0.1900935,-0.003537313,0.1262306,0.4831481,0.009075419,0.2645001,-0.01102056,0.1347852,0.2760448,-0.4100558,-0.198745,0.1190466,-0.1013252,0.006011474,-0.2770072,-0.4536852,0.4190167,0.0049998,0.4927672,0.390605,0.4458498,0.006916591,-0.02305282,0.02402988,0.1171649,-0.09904385,0.09940299,-0.4191318
-0.4991669,0.08892389,0.3793256,0.1674998,-0.259395,0.4377325,-0.5150675,0.01284634,-0.0821951,-0.06746914,0.3006538,0.1231899,0.008991539,-0.01232721,-0.357105,0.02690773,0.1041438,-0.2260763,0.9956775,0.2330534,0.1958029,-0.2972024,-0.3838205,-0.1175351,0.1192373,0.4829865,-0.3431591,-0.1936513,-0.4591638,-0.04934942
0.1660828,-0.0256723,0.4142403,0.4474094,-0.5343187,0.4755533,-0.008207667,-0.2057017,0.1667722,-0.4935818,0.0004610636,0.0585508,-0.3636404,-3.471177E-05,0.6404749,-0.01734793,-0.0561977,0.03240394,-0.1021587,-0.4804924,-0.452547,0.048631,0.168582,-0.4072392,0.02215601,0.0006748938,0.1827049,0.4312233,-0.2349327,-0.06581596
-0.4102428,0.1447081,0.1502019,0.07091028,-0.03144279,-0.2724144,-0.04399335,-0.3427309,-0.4149385,-0.3210007,1.019221,-0.01481552,-0.007738564,1.038893,-0.04092606,0.2230688,-0.2187091,0.3792384,0.04125661,-0.02972712,-0.02051824,0.009345949,1.447209,0.3914653,-0.1249847,-0.130057,-0.01790975,0.04099768,-0.1139485,0.3079201
0.09313857,0.03134814,0.7840192,-0.06843822,0.06510307,-0.4947207,0.05326074,0.2775323,-0.04997525,-0.211805,-0.1697371,0.4799039,0.08461732,0.03473173,0.2104252,0.1083492,-0.7179756,-0.003586716,0.8255836,0.4685545,0.1239858,0.456682,0.01733098,0.01634923,-0.1611418,-0.05281174,-0.04985255,-0.02754974,-0.2664027,0.1377514
-0.06995161,-0.1031179,-0.4894257,-0.2829841,0.08474622,-0.4112119,-0.1988056,-0.06422419,-0.04014686,-0.04810962,-0.263783,0.1312159,-0.1072424,0.0001141838,-0.03980654,-0.2559808,-0.02097622,0.03215461,-0.4912055,-0.007124669,0.3881034,0.009907141,0.2626893,0.3812609,0.06555352,0.3518898,1.079988E-06,-0.01035297,-0.08400638,-0.000968694
-0.1633999,0.4148674,-0.7170489,0.2395964,0.06056422,0.04670646,-0.03103558,0.05997171,0.1061305,0.002484869,-0.04847572,0.003536645,0.0002706184,-0.9942369,0.1703953,0.3891205,-0.07916341,0.1078948,-0.07939869,0.2352584,0.0004714409,0.05743641,-0.3067337,-0.02589267,-0.3829553,-0.4967149,0.1636719,0.2742042,-0.514071,-0.4578254
0.0620808,4.749002E-07,0.4115502,0.5112683,-0.5123728,0.08366474,0.008550739,-0.06245738,-0.0205442,0.1937547,-0.3221508,0.3344987,-0.003469741,0.0765501,-0.05625409,-0.1903304,-0.08311148,0.04824746,-0.3280022,-0.0998253,0.001838487,0.0009257256,-0.08093646,-0.4750675,-0.2263213,3.802634,0.1758347,-0.0004308061,0.01696664,-0.3292617
-0.103256,0.4098419,-0.0980664,-0.0480465,-0.302812,-0.1824922,0.8563093,-0.1360304,-0.3577535,0.8072377,-0.05905176,0.1256088,-0.1649572,-0.006091806,-0.5083392,0.2207018,0.08541751,0.4056542,-0.03028351,0.8645055,0.1959115,-0.0004346865,0.5869853,-0.09502771,0.4902369,0.09511418,0.02677885,-0.3534046,-0.4759736,-0.0005896408
-0.2697423,0.1472477,-0.02183551,0.2003028,-1.305312,0.7294874,-0.03524872,0.2635051,-0.101032,0.414427,-0.1809416,-0.4683797,-0.1887334,-0.165009,-0.008724024,-0.8201442,0.4096755,-0.1246788,0.4165598,-0.0002777656,0.1921166,-0.4297432,-0.003789159,0.4384689,-0.3298159,-0.1023931,0.3526365,-0.03613235,-0.02066319,-0.2351733
-0.3581378,0.4848946,0.01570641,-0.1337429,0.03773702,0.8430075,0.7469057,-0.009660188,0.1333082,-0.1720096,0.002218177,-0.0644265,0.08812362,-0.2563848,-0.5747812,-0.01901725,-0.09126183,0.3465872,0.02903107,-0.02469123,1.174455,-0.4054493,0.3471767,-0.03783974,-0.05142815,-0.06852376,0.004490684,-0.5264418,0.3598813,0.6726694
-0.02881351,0.164618,-0.1451968,-0.08216076,0.04814882,-0.1174637,-1.115202,0.3795922,-0.002492964,-0.8761092,-0.004506077,0.4195534,-0.006855618,0.003060143,-0.4502389,0.00158418,1.253311,-0.1621962,0.3051699,-0.03619656,0.009705761,-0.01176253,0.03408557,0.1893658,0.01007198,0.101121,-0.07012115,0.3850878,0.3523149,0.4020554
0.01365918,-0.3232392,0.06437561,0.01705117,-0.2317378,0.1295024,-0.3089126,-0.103142,-0.01766144,0.08945996,-0.006487933,0.092345,2.971983,0.01834936,0.07661074,0.182861,0.2148766,-0.001062095,0.2803642,0.1146922,0.004460094,-0.2725092,-0.3099492,-0.08659918,0.02430684,-0.2239787,-0.3599156,0.2327194,-0.0006066459,0.1854052
-0.03913768,0.1380118,0.253589,0.07272047,-0.04078106,-0.01229495,-0.2115224,0.009270571,-0.09442583,-0.01958812,-0.005702161,-0.1638694,0.0003460178,-0.159709,0.4947711,0.4878479,-0.3420386,-0.0001317231,-0.2440439,0.04129606,0.09960538,-0.02787501,0.1889199,-0.02053851,-0.8774006,0.4913187,-0.05163326,-0.2929953,0.07775087,0.3295553
-0.3826945,0.01119713,0.3895308,0.195786,2.713384E-05,0.1249169,-0.2619697,0.05016977,0.0005813241,0.08828348,0.008480525,0.1996949,0.135257,-0.1579558,0.02541239,0.172705,-0.04990311,0.149445,0.4367214,0.1148139,0.2263548,0.1592405,-0.3918515,-0.03656825,-0.7865408,-0.9024826,-0.2351945,0.102499,-0.02504724,-0.1267133
0.2016312,-0.007910356,-0.01564503,-0.153647,-0.002296237,-0.3872578,-0.2207773,-0.09048229,-0.2909912,-0.2586952,-0.3260671,-0.1941767,-0.05732304,-0.3854482,-0.001566858,-0.04098791,-0.1494906,0.2666265,0.007670976,-0.4724144,0.4273626,0.02632222,-0.1229835,-0.0797804,-0.08637315,0.4920292,-0.1600419,0.2790052,-0.002195851,-0.1135206
-0.1110763,0.05173498,0.1150362,-0.9704618,-0.2300346,-0.3064649,0.5253553,0.001120101,-0.1634049,0.5979451,0.3759089,0.6148723,0.2118139,-0.04473081,0.4626495,-0.06614572,0.2398085,0.2111048,0.04718235,-0.4052482,-0.0114619,0.04244374,0.1203558,-0.3767942,-0.08029789,0.3557264,-0.1153279,0.2381915,-0.3737254,-0.01110591
0.2614856,0.3228757,1.623684,0.04194683,-0.2754855,-0.3632572,-0.2456319,0.2106507,-0.4504434,-0.0187989,-0.1376873,-0.1028725,-0.31697,-0.4709461,-0.03750306,0.0009944959,0.5598277,-0.6006287,0.3687607,0.01182894,0.005438949,-0.3853984,-0.4357187,-1.451975,0.1302838,0.06398484,-0.5862449,-0.08807016,0.07474194,-0.003362973
0.4172708,-0.2179011,-0.1550784,-0.1489159,0.1899967,0.2921373,0.2223838,-0.1389931,0.3435756,-0.03077825,0.009990398,0.3543559,0.000240624,0.3931239,0.3110892,-0.3854498,-0.4549111,-0.1669653,-0.1167368,0.4349523,-0.2582345,-0.3616674,0.006836398,0.03146935,-0.3644155,0.00112147,-0.3643926,0.3634028,0.0150764,-0.004109784
-0.2318734,-0.001009524,-0.008285103,0.09880242,0.01362592,-0.004209941,-0.6512426,0.08445784,-0.4291131,0.06340946,-0.004506984,-0.3117343,0.0007799268,0.3871502,0.3334769,0.01356594,-0.02232471,0.02276854,-0.01336295,0.0340696,0.4606864,-0.1797968,-0.2361966,-0.9619467,-0.02354737,-0.009233185,-0.467101,-0.01150085,0.5963563,-0.3173981
;
-0.5920615,0.03957432,0.2600626,0.3173356,-0.02628902,0.01545814,-2.288482,-0.003122151,-0.4627186,0.3620173,-0.02013029,-0.02830283,0.004853756,-0.3220414,0.6608129,0.3119687,-0.03174561,0.01895517,-0.01882031,-0.01259908,0.4805641,0.09370743,0.4739347,0.0001149058,0.09427482,-0.05301628,0.04396123,-0.3720131,0.2048487,-0.2712896
-0.06655142,0.03076793,0.2789557,-0.0716239,0.06619638,0.1996897,-0.2082558,0.4076098,0.04613405,-0.1492703,0.03185946,0.0446602,-7.439239E-05,0.9272707,0.03154924,0.2642351,0.3105109,-0.1860587,-0.105933,-0.1093178,-0.07083364,-0.1441612,-0.3058634,-0.0001397553,0.1182141,-0.00447287,-0.051039,-0.2396424,-0.1182566,0.4381342
-0.008231731,0.4265997,0.47864,-0.7573977,-0.1292707,0.0524237,0.08312453,-0.1842116,-0.1448865,-0.2949039,0.05871553,-0.001387739,-0.0764643,-0.3807471,0.0457111,0.4499536,-0.7209527,0.05368561,-0.4718616,0.1601324,0.002652706,0.4608278,-0.4419116,-0.02236675,-0.1916642,-0.08128053,-0.1277911,0.3951831,0.04523331,0.07849856
;
0.1730922
0.315846
0.07207204
-0.03273672
-4.810954E-06
-0.4531001
-0.3146317
0.5147642
0.02841585
0.05297994
0.2372869
0.02786136
3.875527
-0.006362365
0.4083309
-0.08594621
-0.4585606
0.3971685
0.3197659
0.3342278
-0.2917708
-0.1268632
-0.2152557
-0.00216112
0.4325589
0.432799
0.3872561
0.0668276
0.3506279
0.5464424
;
-0.07663182,-0.5032925,-0.09146437,-0.0008943523,-0.3819139,-0.4983913,-0.01809477,-0.357344,0.1110802,0.09838611,0.2251854,0.008828222,0.0001941901,0.09160208,0.4621814,-0.0006630839,0.002763624,-0.0787512,0.06811601,-0.08209997,0.1511294,-0.2322252,0.2063064,-0.2115537,0.09544817,-0.0533921,0.2597421,-0.2238362,-0.04575468,0.1882427
-0.2929733,-0.1263357,-0.2718284,0.3233047,0.2986382,0.3758484,-0.3169422,-0.02193194,-0.1194191,0.4814816,-0.166477,-0.3081259,1.089092,-0.01434512,0.1441355,-0.2765995,-0.03935546,-0.0516569,0.1221415,-2.267281,0.0001358194,-0.4285177,0.04118,-0.09046262,0.2306614,0.3696567,-0.04201151,0.1318655,-0.05364762,0.06419586
0.0138639,-0.3969738,0.2148654,-0.495948,-0.02805297,0.0003359583,0.444012,-0.2269745,-0.2694081,0.02501232,-0.0001528934,0.1135265,-0.1246883,-0.4468735,-0.6032568,0.354758,0.2162211,0.002447733,-0.08832837,0.1576208,-0.2745548,0.3850549,-0.04748732,-0.1485797,0.09852289,-0.1484284,0.1967704,-0.4055462,-0.02122393,0.4744302
0.3449446,0.02487023,0.350183,-0.4703418,-0.09483906,0.002371725,1.858669,2.579547,-0.4690113,0.04388313,-0.4935142,0.06498095,-0.01167195,0.1161005,-0.1942992,-0.2100397,0.08168711,-0.01253609,-0.2650231,-0.4383147,-0.5431387,0.1129032,0.3016187,-0.1882102,0.1370976,-0.2474734,0.218501,-0.09702088,0.01973789,0.143537
-0.1741529,-0.3332312,-0.5074255,0.0003705523,-0.4948398,0.001241184,-0.2350878,-0.4083945,-0.007894337,0.4847651,-0.3549696,-0.1108355,0.02412228,0.2739686,-0.3308201,-0.0006303011,0.03228742,-0.01606843,-0.4722416,-0.1102301,-0.3545733,0.483066,-0.2164903,0.05956873,-0.07486186,0.06054065,0.3049135,-0.4101082,0.1806456,-0.3986677
0.1982399,0.03548127,-0.06897274,-0.1022061,2.910348,0.1478109,-0.2416707,-0.1398147,0.2648056,0.272076,0.4561375,-0.009715679,0.4446257,0.0006139262,-0.4310108,-0.158089,-0.01349181,0.1646151,-0.30462,0.08427611,-0.2764106,0.09139307,-0.04199334,0.03134205,0.2610207,-0.08292247,0.07978219,-0.4632871,-0.08855477,-0.01467291
0.08669525,0.137614,0.7248018,-0.169835,-0.02121186,-0.07303208,0.1343555,-0.01067902,0.3760684,-0.03447157,-0.006124897,1.304755,-0.7198483,-0.2154613,0.0001067175,0.3056328,0.2325296,0.005289048,-0.2615232,0.09077355,-0.1324812,-0.4048178,0.01927047,0.05026269,0.0886336,-1.099475,0.2865887,-0.01103369,0.3660423,0.1215687
0.06727642,0.4260727,0.5190622,-0.3560607,-0.6241401,-0.7824159,0.2684851,-0.02647478,0.1431039,0.1018991,-0.5836738,-0.2214105,-0.2886115,0.1297496,-0.1447104,0.1056181,0.003519081,-0.2502897,-0.09993743,-0.07826435,0.1559342,0.2445446,0.2208674,0.01508431,-0.09700098,0.09671572,-0.006522702,-0.159256,-0.0008667326,-0.2283634
-0.5127305,-0.5872383,0.6698859,-0.1847897,0.1712385,-0.7658475,0.4500424,-0.2922891,-0.4140568,0.02016003,0.1434966,-0.05296463,0.1374019,-0.1067321,0.2723475,0.1145709,-0.234899,-0.1128771,0.3278707,0.1517775,-0.1821026,0.01828844,-0.1544818,0.02554423,-0.4967557,0.08973262,0.02887027,0.337666,-0.01367891,-0.1313041
-0.09596445,-0.3665384,0.1494981,-0.1010821,-0.6458814,1.029567,0.09934326,-0.4539924,0.01846695,0.6043662,-0.501013,-0.03961009,-0.1645645,-0.1305115,0.3432552,0.3642374,-0.6087015,-0.0194628,0.1314491,0.06375615,0.397048,-0.2254023,-0.109849,-0.1981544,-0.03163994,-0.0691177,0.3464745,0.2570099,-0.477806,-0.08021456
-0.0003353811,-0.07678948,-0.3358836,-0.1236124,0.002433089,0.00202666,0.03279263,-0.4615686,-0.478285,-0.03101168,1.445337,0.347611,-0.5718319,0.2888781,0.5893698,-0.4916928,0.08746594,-0.2458127,0.1388092,-0.01304977,-0.2047509,0.1224712,0.3000358,0.09257004,-0.1463187,0.2619188,-0.06957427,-0.03537138,0.06423157,0.3665497
0.0216182,0.002755957,-0.3709094,0.1852403,0.08528439,0.2813705,-0.8334389,0.2052427,0.6257123,0.02060006,-0.08573133,0.02847725,0.11717,0.005494695,0.03921598,-0.04553133,-0.1685074,-0.02174288,-0.0008339829,0.3651152,-0.07391442,-0.005747616,-0.1725168,-0.08493243,-0.03106659,0.005150646,-0.1574861,-1.773787E-07,0.2137151,0.0008202208
-0.09911066,-0.01339157,0.4185289,-0.9532753,-0.2527799,0.1226488,-0.2120538,0.2870766,-1.343005,0.08758907,-0.005743284,-0.2907729,-0.1819613,-0.001275109,-0.5360654,-0.2651969,0.04506451,-0.4539204,0.1237671,0.01921438,-0.1894644,0.04668098,0.04205983,0.007022982,0.01132371,-0.004978903,-0.07941383,0.5336136,-0.25647,0.0508746
-0.375723,-0.6377907,-0.001511506,-0.135697,-0.4587922,-0.02865558,-0.3246654,-0.4341557,0.007707899,-0.1615556,0.1898967,0.2268485,0.1956507,0.4120824,9.297424E-05,-0.02502225,0.1173258,-0.2258422,0.1905851,0.4816813,0.1997847,0.8960713,-0.002164365,0.2715331,0.1331801,-0.1135709,-0.3205018,0.0682326,0.4961724,0.0577529
0.2448016,0.3599557,-2.345676,-0.02464095,0.2323665,-0.4286235,0.08805656,0.02131751,0.4414543,-0.0138363,0.2479063,0.00519088,0.03009316,-0.06513865,0.3013622,-0.007868176,0.4326661,1.019169,-0.2459836,-0.001696169,-0.0001895679,0.08569235,-0.001775095,-0.09557364,-0.2044484,-0.427132,-0.204926,0.1349477,-0.04140502,0.01205736
0.1437168,0.2734325,0.3509948,0.000102752,-0.3482468,0.008518962,0.003830956,0.02921843,0.01238548,-0.06876569,-0.04152064,-0.664797,1.401068,-0.4149179,-0.1903023,0.00416345,-0.03936582,0.01671618,0.405046,-0.1865662,-0.2028228,0.4925915,0.3218499,0.05109808,0.2442578,-1.673177,0.01367313,0.3282206,0.2349101,-0.2667994
0.6036525,0.055221,0.01415983,-0.03340986,0.2787545,0.2800368,-0.07310671,0.4297248,-0.6496966,-0.1091335,-0.0002623407,0.4418833,-0.0003799266,0.1726152,0.03008175,-0.2814495,0.3693681,0.5299355,-0.3329822,-0.3076147,-0.3123329,-0.1380239,0.01716461,0.1498456,0.0003090551,0.3337874,0.1354748,0.5350395,-0.2318198,-0.4084123
-0.1539141,-0.0665407,0.2283343,-0.04957481,0.3145998,0.05476734,-0.06162076,-0.4814714,0.1317885,-0.2237263,-0.273702,-0.4520147,0.4976977,-0.4982818,0.3558379,-0.3166313,0.07973339,0.02183763,0.003547835,0.1107576,-0.008792934,-0.0242663,0.0009301354,0.0006697073,-0.08148508,0.4851933,0.3683056,0.09805408,0.7412476,0.009164457
0.2269958,-0.005346512,-0.4070618,-0.3164048,0.009409328,0.2854732,0.2898121,0.009423712,-0.2593893,0.0403525,0.7014969,0.1077421,-0.3097438,-0.2318969,-0.1062121,0.1233056,-0.01438874,-0.33474,-0.4560973,0.01533124,0.3769298,0.3769476,0.3695325,0.05588382,0.0299396,0.1384188,0.02288747,0.1096547,-0.03815939,0.03953992
-0.04658831,-0.05178418,0.2629601,0.004723738,0.001259767,0.7684127,-1.989927E-05,-0.08018094,0.1105017,-0.1271637,-0.04690005,-0.02253903,0.3863698,0.3880829,-0.3203044,0.1056061,-0.4237772,0.03364331,-0.1991546,-0.2798208,0.04352349,-0.1981823,0.9709386,-0.0253709,-0.1221028,-0.02026458,-0.0628441,0.001243746,-0.182959,0.4245108
0.559625,0.04187916,-0.3258137,-0.01311141,-0.04712957,0.3200057,-0.1441115,0.1251117,0.08950964,1.222598,0.1159153,0.4207186,0.05486156,-0.02450585,0.1731762,0.4216027,-0.129558,0.1171464,-0.05485791,0.2282341,-0.1664279,0.1756285,0.4101448,-0.08406311,0.2648978,-0.1297214,0.00016011,-0.005797449,0.01844252,-0.0287291
0.05250932,-0.1495009,0.01689572,-0.6748831,-0.002398742,-0.04354174,0.02204448,-0.317312,-0.5082115,-0.1225215,0.02649109,-0.1437364,-0.03937115,-0.5425724,0.2559775,-0.1883563,0.08717912,0.3990452,-0.3781621,0.1127765,-0.5199541,-0.02041089,0.1966195,0.005739514,-0.02398081,-0.1536906,-0.008652988,0.4514818,0.008454594,-0.01120387
-0.001773575,0.3207941,0.01010409,-0.1671914,-0.1108809,0.3046538,-0.0334256,0.4849325,-0.4036798,-0.74618,0.003195236,-0.01112954,-0.3881003,0.3977536,-0.2159626,0.1936249,0.1584279,0.01930209,0.06664568,0.4984738,0.05589501,-0.1596313,-0.01098852,-0.09064069,0.3729161,-0.2337293,0.002146312,-0.09486505,0.2967902,0.07074625
-0.1979577,0.3216249,0.09441473,0.4348151,0.1140679,0.2715557,-0.4718522,-0.1404623,-0.05298108,0.01452294,-0.01367741,0.09705733,-0.005432543,0.4535488,-0.09015173,-0.09519048,0.1955255,0.07083172,-0.4148366,-0.01703051,-0.08164807,-0.0427658,-0.06518304,0.2019078,0.1683375,0.1735576,-0.01256927,-0.08035291,-0.01821548,0.3475875
-0.2333535,-0.06553634,-0.4777638,-0.1136352,0.1759354,0.4255309,0.502017,-0.08140779,-0.1105221,0.001276789,0.01299542,0.247793,0.2209665,0.2081987,0.2448055,-0.4791562,-0.4549994,-0.3891203,0.02429304,-0.1474412,-0.04010435,0.2071437,-0.001693947,0.1450465,0.1172847,-0.05872488,0.7225188,0.0735564,0.1074718,0.3256932
-0.02947979,0.07504841,-0.8689857,-0.1434449,-0.002107478,0.3033326,0.09758113,-0.03741475,0.1082317,-0.005246184,-0.09830825,-0.03518718,0.4761463,-7.33302,-0.1003406,0.893141,0.2138733,-0.1117951,0.3936841,-0.3025154,0.2658637,0.02680583,-0.4995593,-0.01999468,0.1981521,0.01466719,-0.01722645,-2.204859,0.2247584,0.1059793
-5.488878,-0.1075297,1.047431,-0.003736175,-0.4250436,0.005353002,-0.1529156,-0.1197326,0.05353993,-0.2315992,-0.04288214,-0.1488418,0.01193059,-0.0426628,-0.002514724,-0.4924613,0.03335773,-0.2230665,0.02449137,0.01024283,-0.02448467,-0.5343889,-0.05262238,-0.2251865,0.1425335,0.0474444,0.003846453,0.12573,-0.02982226,-0.5229665
-0.4981395,-0.07415157,0.5495818,0.03104535,-0.1781309,-0.2296622,0.09102684,-0.1348213,0.2177362,-0.09610483,0.4172002,-0.251543,0.3239042,-0.2708025,-0.02262198,0.0185923,0.05224605,0.07102708,0.5084296,0.0450075,-0.05764603,0.3859435,-0.1772113,-0.1274856,0.2022692,0.07722265,0.001098402,-0.3473908,-0.07602423,0.3811789
0.2141928,0.4000223,0.1094395,0.3113288,0.1403506,-0.09498352,0.02247797,-0.2456562,-0.01659163,-0.09186614,-0.476095,-0.005117377,-0.8437469,-0.01690685,-0.7160038,0.2562184,-0.07811505,-0.2248953,-0.3825325,-0.4636748,0.1343173,0.1567322,0.4113156,-0.01091338,-0.438628,0.1347508,0.3386304,-0.1236592,-0.6506945,0.2959282
-0.01787527,0.05907847,-0.02048217,0.03478668,-0.2987577,-0.4864016,0.1094458,0.004052476,0.1181391,-0.01335496,0.798129,0.05672697,-0.1989965,-0.5339734,-0.2415855,0.3277872,-0.5125386,0.8157974,0.3798097,0.5907618,0.2858279,0.1301525,-0.2062856,0.1461029,0.09891394,-0.4784073,0.02726599,-0.3910152,-0.02448466,0.3437263
;
-0.003900788,-0.327396,-0.2209337,0.2764225,0.02206546,-0.0690977,-0.2870796,0.7939848,0.1407634,0.4865037,-0.05421356,0.0223653,-0.1240088,0.5278678,-0.363739,-0.4041092,0.452004,0.03157676,-0.1725824,0.01109088,-0.006831784,-0.3086296,-0.1678293,0.692766,-0.07158079,-0.6771269,0.2542252,-0.0968267,0.1603905,-0.05062149
-0.813557,-0.005286832,-0.4705851,0.02631641,-0.4870751,0.02771976,0.6044427,-0.02185323,0.1163481,0.2583492,0.1637436,-0.3630557,0.2096884,-0.1048066,-0.3049989,-0.004765195,-0.06809238,0.3840865,0.06958395,0.1253938,0.2090279,-0.001286024,0.01879615,-0.4863617,-0.2787916,-0.0546357,0.08959774,-0.08492832,0.1231642,-0.09828389
0.1844562,0.146934,-0.132929,0.1802168,0.1546103,0.1319299,0.2066119,0.07763623,0.01104466,0.3851985,0.1085427,-0.05630778,-0.2040969,-1.726917,1.321012,0.007263118,0.08335918,-0.1617097,0.1960535,0.02894497,0.00113384,-0.4740124,0.02762404,-1.678591,0.146269,-0.171657,0.01096475,0.8170676,-0.2477881,-0.2465817
;
