-0.2664512
-0.08979429
-0.5112983
-0.3710136
-0.1282819
-0.03668147
-0.7021693
0.1881867
-0.7309061
0.6487693
;
0.4625815,0.1434127,0.04806147,0.3201413,-0.4740019,-0.03661149,-0.05228628,0.004438106,0.08126445,-0.4330195
0.7434881,0.446183,-0.6963043,-0.02268749,0.6296735,-0.2550722,-0.1710744,-0.4247181,0.1051283,-0.4051472
-0.4164208,-0.539358,-0.1897277,0.3551356,0.3391943,-0.03414699,0.4067317,-0.12871,-0.322391,-0.007275045
0.1685251,-0.966322,0.4507265,0.1009812,-0.06650678,-0.06345482,-2.732728E-06,-0.01090613,0.01720196,-0.06781144
0.3649136,-0.1841333,-1.535786,-0.6906751,-0.1307576,-0.2608109,-0.1190036,0.3351259,-0.005793349,0.01536769
0.002577687,0.4731559,0.4017785,-0.02827335,-0.3234773,0.07259204,-0.4114106,-0.4538307,-0.06121793,-0.08022946
-0.2971008,-0.5198187,0.01527454,-0.1550699,0.3813541,0.03886586,0.5245151,1.631998,-0.6542404,-0.3361282
-0.5342199,-0.4519219,0.04743239,0.02206012,-0.2366646,0.1308966,-0.415612,-0.09328443,0.04305252,0.06878692
-0.02559176,0.3832645,0.09123403,-0.2074404,-0.5289004,0.005330422,-1.710713,0.01229566,-0.2908482,0.008107184
9.5598E-06,-0.2026289,0.03259523,0.1050301,0.8105426,0.3176993,0.2363376,-0.05856305,0.05783552,-0.2334682
;
6.222038E-05,0.02804179,0.04175944,-0.1089664,-0.004309737,-0.09740803,0.3785754,0.2842733,-0.2593996,-0.001416168
0.1053606,-0.3345768,-0.6522487,0.03849727,-0.3937691,-0.1578187,-0.01342748,0.02193374,0.01694138,0.0002676417
;
0.004746642
0.4592437
-0.04670446
-0.1243171
-0.300158
0.009522578
-0.0157137
-0.1788686
-0.0220471
0.4994599
;
0.2341927,-0.09482653,-0.008040602,-0.5927919,-0.03641058,0.1371285,-0.5370362,-0.01425821,-0.03282209,-0.1184297
-0.1009375,-0.1273534,-0.003812023,0.1763619,-0.2036528,0.181388,-0.04987997,-0.3495566,-0.3768524,-0.4583282
0.0005406674,0.482153,-0.09001531,-0.02806879,-0.4247942,-0.2799083,0.1741244,0.0696649,0.04275905,-0.6165453
-0.1910393,-0.3202204,-0.3525424,-0.07062993,-0.1761895,0.1070207,1.57464,-0.0004583736,0.199479,-0.0800312
-0.2317158,1.367825,1.888703,0.3027582,-0.09315009,0.4025357,-0.4628775,-0.18047,-0.1393463,-0.2972729
-0.3452331,-0.2574131,-0.0008177952,-0.01626597,0.2375489,-0.1410751,-0.3748624,0.02964395,0.04743797,-0.4024047
-0.1008007,-0.1056668,-0.0002503623,0.0004598796,-0.9193686,0.487425,0.003180648,-0.1851185,1.697075,-0.173277
0.3924913,0.4691162,1.613674,0.2397487,-0.06908125,0.260501,-0.03936129,0.01736968,0.09987462,-0.0004841277
-0.4595689,-0.3799615,0.3347161,0.01285191,0.3947138,0.3397975,0.2869814,0.5017508,-0.7542758,0.006365758
-1.066212,0.5850159,-0.2585686,0.08481986,-0.4760153,-0.05048399,0.05609492,-0.1968357,0.3461351,-0.2973861
;
0.458043,0.3900133,0.006618941,0.05356842,0.0161795,-0.1964572,0.2103678,-0.007183027,0.01711606,0.01478095
0.3759274,-0.3421043,0.6883193,-0.2508209,0.1405391,0.2759027,0.01146991,0.3313207,0.2913741,-0.4373751
-0.3787723,0.004330406,-0.652166,0.1323339,-0.1196185,0.1017824,-0.2388968,0.009919005,-0.05035959,-0.1951005
;
-0.05352327
-0.2871723
-0.2492831
0.009905198
-7.600033E-08
0.2730401
-0.02761566
-0.7198682
0.02952576
-0.1965038
0.5587853
0.2653368
-0.03228483
-0.0001417634
-0.3349937
0.001649439
0.094915
-0.1380748
-0.4078692
-0.03806299
-0.1998833
-0.0129327
-0.1814732
0.4934923
-0.04022437
-0.06854326
0.5631481
0.1666521
-0.2145246
-0.07884365
;
0.02999014,-0.0009481405,0.4186364,-0.1559969,-2.243661,0.284157,0.005263986,-0.1066818,0.3314286,0.4166786,0.00962481,0.2941159,-0.05328035,0.1724694,-0.9440827,0.1666968,0.02240856,0.08904737,0.3136767,0.08376819,0.01497978,0.06444257,-0.1170307,0.1780585,0.01080384,-0.07687825,-0.3745726,0.004868029,0.003727003,0.3553352
0.4512394,-0.1259822,0.7182391,0.1740787,0.006175975,0.2988229,-0.1739021,-0.02480753,0.240132,0.1369587,0.1486248,-0.1752152,-0.009016185,0.01771729,0.2442207,-0.005385439,-0.3989345,-0.03899719,0.4095516,0.2357124,0.2804229,-0.3570731,0.2390931,-0.1144103,-0.02838721,-0.2087554,-0.02455514,0.06064177,-0.007906496,0.08805458
0.497545,0.6876017,0.3586441,0.3252748,0.007850792,-0.3343804,0.1453636,-0.1242489,-0.01442363,0.04640988,-0.1904729,-0.6026556,-0.156045,0.4086975,0.3214592,0.2821019,0.04227319,0.3167471,-0.4395555,0.2431154,0.003588933,-0.1142762,-0.0887507,0.1351648,0.09867448,-0.3842328,-0.395485,-0.7455044,-0.3101599,0.2398025
-0.1419357,-0.2462865,-0.3957117,-0.08398765,0.03663811,-0.4977584,0.860379,2.276438,0.08500594,0.4665632,-0.4021357,-0.02752944,0.3879546,-0.1211317,0.03703938,-0.06893482,0.001201502,-0.05027546,-0.5690987,-0.2960548,-0.2687857,-0.05776948,0.04326855,-0.3756272,-0.0380882,-0.003879506,-0.3028169,-0.1993386,0.4439452,0.2041699
-0.370489,0.2864234,0.02726627,0.0003705523,0.4511445,0.0004073639,-0.05595194,-0.03031581,-0.187617,-0.3200156,0.3165051,0.116549,0.2246987,0.2966949,0.02252931,0.0008932452,0.3168623,0.1260414,-0.7696992,-0.09183828,0.05185694,-0.02275908,-0.1770249,-0.03711751,0.4456921,0.2718372,-0.1916476,0.2625081,-0.1186418,-0.00514562
-0.03228849,-0.06141086,-0.1109215,0.1679909,-0.7943799,0.1528684,-0.2746161,0.07346062,-0.2680737,0.2328935,-0.4201304,-1.510728,0.04406253,-0.1002485,0.7188675,0.1374884,-0.48432,0.09167501,-0.3541005,7.627765E-05,0.4559605,0.05369288,0.3061447,-0.4087644,0.3083141,-0.1060764,-0.00199699,0.04172736,0.4742329,-0.05179765
0.1316817,-0.08905283,-0.06467809,0.007315082,-0.2734714,-0.4013941,0.1988658,-0.001897366,0.1784469,0.02420455,0.4669645,0.4350015,0.1493595,0.1714821,-0.3299688,0.07499091,-0.0001082965,-0.4239211,-0.1268069,-0.4283351,-0.7798572,0.1166014,-0.3490779,-0.09960014,-0.2114127,-0.4755546,-0.02295999,0.0836969,-0.1101285,-0.02916385
0.2062389,-0.07372431,-0.4808434,0.4357183,-0.4556948,-0.1142346,0.2349681,-0.2947334,0.08326386,-0.1366945,-0.1198266,0.4833431,0.04403848,-0.007426579,-0.08492047,-0.04949741,0.6487959,-0.09092052,0.01162812,0.04844727,-0.3698187,-0.2231558,0.3452085,0.00149836,0.03558476,-0.3726534,-0.01729061,0.1363984,-0.08136055,-0.01060057
-0.4467383,-0.3197986,0.3494679,0.4403623,-0.2708769,0.08672107,0.4917125,0.04664236,0.05900479,0.002311765,0.1031529,0.04738589,0.09148551,0.06141946,0.6192023,-0.2760391,0.6974875,-0.03244,0.001724059,0.3662524,-0.282113,0.2222687,0.6205443,-0.08278474,-0.1073771,0.1069935,0.2427711,-0.5612036,0.04964404,0.4693603
0.3590074,0.01835934,-0.8182961,0.02179251,0.0196544,-0.8770686,0.005164003,0.2593461,-1.345058E-05,-0.06977564,0.3413165,-0.2106398,-0.001360156,0.2073984,0.3327828,-0.07237071,-0.1263188,-0.08227628,-0.06721526,-0.09897495,0.2299942,-0.1900638,0.00338758,0.1081833,0.01835376,0.0291713,0.001408451,0.2446093,-5.039548E-06,0.1830948
-0.02171041,0.07932148,-1.157925,0.1663784,0.1671314,-0.0243668,-0.002951127,-0.4166663,-0.40764,1.038848,0.4179649,0.07885102,-0.1260038,-0.04182096,-0.001864619,-0.1957625,-0.05522241,-0.01071456,-0.1301311,-0.03805677,-0.1316086,-0.1239616,0.2931257,0.02369848,-0.1463187,-0.2882382,-0.0656888,0.0631941,0.455116,-0.005327368
0.03801984,0.0005814686,-0.7412128,0.07828548,0.2515154,0.04235912,-0.01035872,-0.3794192,0.159711,0.04825898,0.1026262,0.07491814,-0.0007035988,-0.05550183,0.01248742,-0.1678767,0.471915,-0.4705861,0.1989305,-0.05550583,0.05848998,0.5889698,-0.1839706,-0.2767545,0.1098994,0.003594252,-0.3559057,0.003373104,-0.05053247,-0.001206046
1.043009,-0.3489399,-0.8611392,-0.03170085,0.08737522,0.4281538,0.1004471,-0.2103056,0.387906,0.1041879,-0.1227071,-0.3368529,-0.0001809001,0.06005369,-0.006916462,0.07550114,-0.7083514,0.1746994,0.3817881,-0.002291379,-0.1650115,0.06757572,0.4358951,-0.4103703,-0.1733286,0.4076937,-0.1926354,-0.2546053,0.08783141,-0.2217773
-0.006254933,-0.01683582,-0.01959286,-0.2575991,-0.6940476,0.002219805,0.1688118,0.3097271,0.0009173998,0.9269645,0.0009313179,-0.09821745,0.004305184,0.2065735,-0.4277483,5.874534E-05,0.2738399,0.1981871,0.08676444,0.4816813,0.2984829,1.458801,0.351784,0.01242586,-0.01526573,-0.0591828,-0.05080541,0.02891225,0.2869728,-0.05705159
-0.4414603,0.1545141,0.09703852,0.005176511,-0.1108567,-0.2045867,0.2850287,0.1701263,0.06204566,-0.01888192,0.2996359,0.3189059,-0.06979722,0.02755433,0.3856973,0.029654,-0.2806914,-0.1752097,-0.005728702,0.1890222,-2.682579E-05,-0.04283431,-0.02792931,-0.04329006,0.4678564,0.3654795,-0.1167805,-0.5529687,-0.6996992,-0.002149848
0.009243169,-0.1803697,0.01546939,0.0974163,0.1484608,0.2334913,0.0383784,0.3031648,-0.6080214,-0.1132651,-0.3710744,0.4501535,0.3578327,0.09469527,-0.1615904,0.1382285,-0.2498212,-0.1792777,0.07808566,0.2969897,-0.2521399,-0.3668504,0.02693828,-0.1233549,0.313878,-0.3061442,-0.1557476,0.2637479,0.02247923,-0.04820365
0.6980847,-0.2715817,-0.017742,0.2727137,0.1425632,0.01671035,0.05644181,-0.02630155,0.01105186,0.4073403,-0.9592066,0.4897313,8.906211E-06,-0.3293692,-0.3438352,-0.01138513,-0.01067034,0.1474228,-0.3334313,0.8645315,1.589684,-0.4902264,0.01716461,0.6332083,-0.0005146366,0.7307824,0.3176922,0.3180157,0.009782016,-0.3622308
0.04301527,-0.4860728,0.4026706,0.001056148,0.1534947,0.4605776,0.2358982,-0.009980117,0.01645561,0.1447558,-0.03651483,-0.002762669,-0.3067842,-0.0003626366,0.1729996,-0.1516039,0.2024759,-0.3457048,-0.3926316,-0.06111209,0.4971878,0.2517757,0.4423214,0.249591,0.02060617,-0.3800825,-0.4632653,0.04115938,0.380778,-0.5162405
-0.2041342,0.5398718,-0.2118414,-0.445572,0.4904383,0.01688156,-0.005484332,-0.06197673,0.2007922,-0.05830115,0.1792182,0.1233346,0.03419664,-0.07164794,-0.01840856,0.4128158,-0.2466428,0.4393984,0.4127898,0.1408141,0.4195472,-0.1916591,0.01079245,0.0661261,0.04145042,-0.4005972,0.001481222,-0.4792153,-0.3160939,0.05323603
0.2191431,-0.6729463,0.005699763,-0.4822191,0.112123,0.2837278,-3.433364E-05,0.7672599,-0.2011658,0.08987289,0.01082995,0.1879584,-0.3593487,-0.3676258,1.183974,0.052359,-0.08003347,-0.4190803,-0.002051796,0.02549732,0.2857324,-0.1140326,-0.3320003,0.1024162,0.2947392,0.3351412,0.0304274,-0.4145575,0.2699257,0.06772871
1.047877,-0.482484,-0.4419185,-0.171487,0.1426395,-0.07151078,-0.1323431,0.4901961,0.3032162,-0.4412113,0.2904673,-0.1050274,0.3096425,0.2744223,-0.4936504,-0.07081026,0.2300765,0.1404943,0.03012055,-0.1407018,-0.01476177,-0.05106413,-0.3205177,-0.1562049,-0.03356797,0.07348744,-0.07950195,-0.1091331,-0.002277487,0.07468802
0.08978957,-0.004606247,-0.001636583,0.2940013,-0.1237795,0.4903946,-0.4832855,-0.3735074,0.03256148,-0.2759452,0.1618119,-0.0009747659,0.00498381,0.3068393,-0.02924699,0.3925231,0.01417084,-1.369364,-0.425727,0.1127765,0.2536175,0.01249025,0.04382378,-0.471177,-0.001853102,-0.5014015,0.2108425,0.0524102,0.4549426,0.8166986
-0.4407064,-0.7871931,-0.1057544,0.1021142,-0.7191513,0.2820953,-0.3111396,0.401987,0.2283131,0.03252274,0.3282747,0.01541237,0.4772288,-0.4442645,-0.3767224,0.1321608,0.4944935,-0.003291823,0.1257658,-0.2447398,-0.393791,-0.1459951,-0.001907647,0.5223832,-0.125246,-0.05974108,-0.2601304,-0.4564162,0.09116966,-0.05439345
-0.2355862,-0.005685529,-0.2125531,-0.4868506,0.4828737,0.01059043,0.4336346,0.04896982,-0.01577075,-0.02510494,-0.01024778,0.273998,0.00994784,1.779588,0.03098984,0.1031737,0.5153548,0.3768766,-0.2803124,0.02351007,-0.08164807,-0.006512451,0.06046307,0.01985858,-0.05682369,0.153579,-5.811374E-05,-0.006214978,0.005387974,0.1809642
0.005215506,-0.2107948,-0.4498259,-0.4964896,-0.3066652,0.2242365,-0.040404,0.2323971,3.46595E-05,0.1384978,-0.01299542,-0.04315626,-0.4802644,0.2992815,0.4690379,0.03115555,-0.377663,0.02853426,0.4272159,-0.19977,-0.06260628,-0.01089925,-0.3897755,-0.2228588,0.4396116,0.05604523,-0.1462883,-0.0139578,-0.07290424,-0.001067229
9.342458E-05,-0.2386606,-0.324531,-0.2694377,0.3761765,0.02226323,0.2649,-0.132191,0.0242396,0.4442216,-0.0002582906,-0.01024145,0.01391483,23.87787,-0.3734387,0.4402999,0.4070465,-0.02742118,-0.4303249,0.09080881,-0.2604101,-0.251127,-0.4888125,0.2273237,-0.005011105,1.022539,0.2473187,-0.1736433,0.6119844,-0.2573152
-0.4716139,-0.4911516,0.355736,0.007559976,0.02407187,0.005353002,-0.06931348,-0.1274447,-0.0005658718,-0.05979612,0.08712894,-0.222468,-0.339941,0.07946616,-0.2520406,-0.003682468,-0.0004404899,0.04713323,0.0118517,-0.0752762,0.02448467,0.3440193,-0.1975281,0.1733509,0.3197558,0.2357317,-0.3922163,-0.1242359,-0.3305731,0.3862784
-0.4749489,0.08047968,-0.01626035,-0.3291621,0.4177856,0.117777,0.0588613,-0.4828549,-0.5441446,-0.09610483,0.08488269,0.1093431,-0.09518012,0.01872209,7.971781E-06,0.3927405,-0.07515794,0.2762995,0.006416078,-0.2514933,0.0009459541,0.5569539,-0.2443476,0.1131191,0.0709905,0.2726361,-0.3556992,0.181138,0.02027761,-0.1793695
0.1113371,-0.3241352,-0.06045339,0.01319033,0.2934597,0.03207524,0.03142487,-0.8137205,-0.1917909,0.4872838,-5.571177E-05,0.07793999,-0.1989298,-0.003946501,-0.4170609,-0.4146298,0.01239628,0.13484,-0.6139166,0.03619907,-0.03413388,-0.06677908,-0.05126093,0.3822023,-0.4536616,-0.01095365,-0.1863176,-0.1149717,0.4865988,-0.2953064
0.5706972,0.3561392,0.005262084,0.001299301,0.05670696,-0.002562775,0.07749258,-0.0770192,0.03333995,0.8638249,0.0553481,-0.7567112,-0.4096558,0.4617643,-0.006691129,-0.08864063,0.3956509,-0.06095022,0.1249784,-0.8317503,0.2183144,-0.1415782,0.01312582,-0.3825901,-7.48126E-05,0.155605,-0.08493614,-0.009503197,-0.2417906,-0.06584928
;
0.5053833,0.6770833,0.4876109,0.04932362,0.2505786,0.2672931,0.7075639,0.003079437,0.5610648,0.1083689,-0.1489858,-0.3049287,0.2445431,0.02271543,-0.08602221,-0.2155214,0.4921595,-0.435908,0.214412,-0.2676816,-0.1246255,0.1167263,-0.4551326,-0.2093613,-0.02678878,0.1885963,-0.08275742,0.005574659,-0.0300156,0.2281121
-0.2739357,0.06553949,-0.2037788,0.04772801,0.1392996,0.00248455,-0.02423315,-0.02496589,-0.4680674,0.1725577,-0.05110354,0.04078399,-0.4566737,-0.02705265,-0.09313601,0.01803796,-0.2343856,0.2504029,-0.04829553,-0.461552,-0.2893425,0.003610302,-0.3169683,-0.2112843,-0.1589857,-0.06328198,0.2079172,-0.192,0.0705723,0.1941262
-0.09901149,-0.1626877,-0.3782096,0.1274921,0.026905,-0.1998978,0.2122069,-0.4356008,-0.190537,0.06893128,0.2699284,0.5303994,-0.5658773,-0.3029616,0.2456844,-0.1204786,0.4327716,0.3655753,-0.2392316,0.2562936,0.6038022,-0.6340619,0.3399018,0.1903073,-0.3008822,-0.1005441,0.1838302,0.06586877,-0.03522509,0.1610998
;
