0.1244492
0.1927925
-0.1919567
-0.01363176
-0.3042367
-0.1642299
-0.4026687
0.203367
0.2044181
0.1621574
;
0.3191797,0.05357844,0.1351905,-0.1614888,0.09537667,-0.08855242,0.02401537,0.3861439,0.1233884,0.1763102
0.2227815,-0.1092617,-0.1654591,0.0487638,-0.05643088,-0.2433726,0.2838488,0.01548356,0.1742596,0.1340387
-0.1752002,0.1369198,0.1096708,-0.09621018,0.1208636,0.03131884,0.01638681,-0.3793674,-0.2325231,0.3740414
0.03755981,-0.4057416,-0.3045162,0.1658592,-0.06815356,0.3133925,0.3888537,-0.3124447,-0.1001667,-0.06359118
-0.3873808,-0.2186291,-0.07061523,0.382905,-0.3220088,0.4520725,0.3753997,-0.38801,0.07491869,0.1591567
-0.4562237,0.4311889,-0.511214,0.1752899,-0.2416052,-0.1225751,0.06510025,-0.3192892,0.01757747,-0.4574986
-0.2221389,0.3077157,0.01281446,-0.1233005,-0.4877441,0.3565522,-0.8029463,-0.3224174,-0.3361539,-0.3035918
-0.02036172,0.4971254,-0.02113003,-0.05965418,0.09722775,0.0693149,0.203534,0.1256113,-0.4569314,0.726371
0.2779002,-0.05965859,-0.09240483,0.4691019,0.08379537,-0.1606752,0.4094207,-0.2037839,-0.2365898,0.02310365
-0.2854507,-0.5607327,0.1712266,0.1800766,0.0673731,-0.2172428,0.05714732,0.3325843,-0.4189638,-0.4817914
;
-0.2729869,0.07874447,0.04360968,0.4664968,-0.1296243,0.3547367,-0.1828139,-0.2326255,-0.3131866,0.1964073
0.2008648,0.006950557,-0.2714759,0.07707113,0.09683365,0.209383,0.2987705,0.1282146,0.4859217,0.4667546
;
-0.2219035
0.05034584
-0.0837141
-0.4855996
0.4723047
-0.1286373
0.4560946
0.2959985
0.3446774
0.1592886
;
-0.2459465,-0.4394888,0.196599,0.01602,-0.08905393,0.1640591,0.4450126,0.4043015,0.2707806,-0.1139221
0.03602463,0.4812562,0.3936437,0.1873714,-0.1298125,0.005655706,-0.1485552,0.1000296,-0.469111,0.1982338
-0.1268085,0.2352943,-0.2173048,0.2304848,-0.4555269,-0.2156785,0.4712518,-0.1004366,-0.04844195,-0.03079051
-0.4027208,-0.07452542,-0.3218135,-0.4655355,-0.4749284,0.3971393,-0.4728361,-0.2505388,0.1095302,-0.3886925
0.193956,-0.4527218,-0.2281139,-0.09516498,-0.2430812,0.2667713,0.2571765,0.2888871,-0.03855437,-0.21841
-0.3512034,0.3307128,-0.3886691,-0.4992964,-0.4297307,-0.4635764,-0.1186314,-0.09694582,0.4270762,-0.2071646
-0.3555597,-0.05615133,-0.135735,0.2510411,-0.3241454,0.1612638,-0.4899031,0.07735091,0.1079332,0.1356184
-0.04997379,0.4408263,-0.1358796,0.09965509,-0.1009666,-0.413113,0.4025259,0.05782801,0.3821243,0.4720976
-0.3236195,-0.01499552,0.6370751,-0.08243078,-0.4769,-0.1435944,0.3246174,-0.3629781,0.365695,0.05184823
0.4018698,-0.2948055,-0.2878146,0.192103,-0.3268806,0.1444895,0.1421853,-0.3913194,-0.1467624,-0.3054359
;
-0.3313011,0.1934365,-0.09568673,0.15433,-0.3161094,0.1769919,-0.362506,0.446926,0.22066,0.09950608
-0.211963,-0.001646459,-0.465212,-0.0008146167,-0.4168934,0.2845838,-0.1213891,-0.2035198,0.4895332,0.09554356
;
-0.01053614
0.06169277
-0.03229069
-0.3310285
0.5132973
0.01753863
-0.08927505
-0.0005367267
0.4102393
-0.1074331
;
-0.1009524,0.001051764,0.5770588,-0.4308295,0.5788578,-0.4865205,-0.494049,-0.7456212,-0.1902671,-0.3275729
-0.3739635,0.1884674,0.005958825,-0.1933412,-0.2823758,-0.07397693,0.3766721,-0.4488701,-0.1421949,0.5449818
-0.3153341,-0.3501382,0.239177,-0.001501896,-0.2932694,-0.2647461,0.01952525,0.1903022,0.2363386,0.1838474
-0.1424927,-0.1465896,-0.1096511,-0.3067594,-0.06765546,-0.01525597,0.2254301,0.3186042,0.1093989,-0.1709611
-0.1032256,0.006308088,0.6043363,-0.485673,0.03538687,0.1223971,0.2473208,-0.3658288,-0.1662196,0.2083608
-0.2196606,0.841609,-0.6709729,0.05751258,0.0734044,-0.07663907,0.07916301,-0.04000539,-0.2437871,0.1144682
-0.7834973,0.2799373,0.249969,0.2367031,-0.06896812,0.2897219,-0.3992382,0.1494953,0.02093429,-0.06915317
-0.006928772,-0.2247656,-0.01857114,0.007255853,2.000487,-0.4694509,0.01505082,0.4175123,0.09143335,0.3084778
-0.2181281,0.06314581,-0.1335683,-0.2343637,0.4576515,-0.1096184,-0.1615801,0.4784648,0.4117461,-0.2035548
-0.1403414,0.2842871,-0.5537846,-0.02845747,0.1295909,0.140246,-2.889118E-05,-0.2938426,0.387828,-0.003608893
;
0.6172405,0.001059387,0.01656178,-0.3771448,0.01358297,0.206778,0.08556187,-0.346593,-0.4882828,0.278658
-0.0008127357,-0.09654349,-0.2189212,0.03739051,0.03768663,-0.01368397,-0.01940142,0.06371182,-0.4477242,0.1576794
;
0.2085712
-0.435647
-0.2665472
0.2222227
-0.6477289
0.1775132
0.9659292
-0.05364406
-0.5449354
0.4380351
;
-0.4649623,0.08487742,0.5469077,-0.158802,0.08193573,-0.3915824,0.1857097,0.08275983,0.004773389,0.05952624
0.02228071,0.2870349,0.2279113,-0.371242,0.2447879,0.006592458,-0.02188822,0.05064704,-0.08827004,-0.007464588
0.04478813,0.05309974,0.2467126,0.002440615,-0.1148381,-0.3728277,-1.218997E-05,-0.2776852,-0.2626213,-0.1027977
0.01649029,-0.2981941,6.574508E-06,0.1439751,-0.5072199,-0.002358948,-0.02412983,0.1151974,-0.5137491,-0.04046931
-0.2385244,-0.06782794,-1.513432,0.008419223,0.04857756,0.01680393,-0.002562216,-0.4951593,0.3509008,-0.1353586
0.8726642,-0.710801,-0.1281229,-0.579105,-0.02774567,0.03333608,0.04270822,-0.3823781,0.04772242,-0.00118116
0.07934584,0.4288732,-0.315925,-0.2701842,0.1187536,-0.2905071,-0.1767931,-0.4907987,0.2222702,-0.860478
-0.1917221,0.003998782,-0.1323327,0.02323173,0.8523237,-0.2292174,0.125902,-0.3355417,-0.4226422,-0.005420063
0.2189737,0.04417071,0.02201306,-0.09480253,0.1663801,-0.01241857,0.4724125,0.0002974573,-0.1274463,0.4607267
0.393443,-0.432785,-0.1579069,-0.307663,-0.04542722,-0.02477289,0.1389174,0.5248898,0.4734225,-0.3219217
;
0.032168,-0.3672647,0.1753883,-0.2618206,0.07940024,0.2464455,0.09437414,0.3667907,0.4638344,0.4270077
-0.0001472234,0.1086324,-0.0007449196,-0.4455296,0.7390909,-0.1761069,0.3829886,-0.008123503,0.004555878,-0.3220339
;
0.1870315
0.1059645
0.09626789
-0.1278974
0.6096404
-0.6697873
0.1754233
0.01613945
-0.001327967
0.6318029
;
-0.2948998,0.2466502,-0.1285556,-0.1379421,0.2675068,0.3662423,-0.3546767,0.4334259,-0.04961104,0.01718885
0.316628,-0.0007100352,-0.1178313,0.1711707,0.1056216,0.4329249,-0.09553384,0.3164146,-0.05980941,-0.6473165
0.1071425,0.06127602,-0.01048917,-0.06202962,0.118497,0.04799408,0.3921846,0.4296457,0.2892093,0.02886266
0.09970902,-0.03099515,0.03454197,0.7767707,-0.0006647157,-0.09519468,-0.4108813,-0.4623672,-0.07252507,0.1308702
-0.05721899,-0.158561,-0.1385874,-0.008977112,-0.1479514,-0.1849119,0.4876744,0.3048633,-1.770914,0.03734666
0.2195114,0.3091553,0.1065392,0.4585299,0.08118656,-0.4005682,0.4106085,0.5450298,0.02028948,-0.5363242
-0.8271346,0.4688604,-0.2613334,0.04867989,0.3622962,0.02347354,-0.3459841,-0.07326192,-0.4056917,-0.3461972
-0.5370049,-0.1427665,0.3677973,-0.008252782,0.1406148,0.1672935,0.3753044,0.145986,-0.1344926,0.1022516
0.2612066,0.0017555,-0.2376938,0.1863179,0.03266874,-0.04227141,-0.1413762,-0.124084,-0.1823413,0.2106654
0.139525,-0.427176,-0.0005720962,0.0684489,0.3719406,-0.008790912,0.3169069,-1.487436,0.575044,0.09817523
;
0.06529588,-0.2142121,0.2769495,0.03762912,-0.1317415,0.44169,-0.219533,-0.2623519,0.2442984,-0.6893142
0.008494904,-0.004058676,-0.258253,-0.2205603,-0.07936972,0.06057614,-0.3701213,-0.1312456,-0.4691952,0.02881503
-0.07769789,0.2673827,0.05905249,0.2441035,0.03462061,-0.07613128,-0.664329,0.4483114,-0.3593066,-0.004435607
;
-0.01492891
-1.145459
0.4589547
0.007597586
-0.0260091
0.4679929
-0.03179139
0.1360776
0.03613574
0.475885
-0.3574857
-0.08715598
0.1851961
-0.1415282
0.434128
0.2739557
-0.6029359
0.07164362
-0.2913675
-0.1113891
-0.003422232
-0.3076819
0.4369728
0.1519041
-0.3070755
-0.3065282
0.5167452
0.433576
-0.0102785
0.36202
;
-0.01484456,0.9611355,0.1306876,0.3321502,-0.1664296,0.1031636,0.5608143,0.2690469,-0.4540024,0.02022702,0.3211918,-1.009973,0.02026589,-0.2865287,-0.2370193,0.1233371,-0.01315433,0.1689296,0.4573815,0.1742186,0.0183626,-0.0736739,-0.06504158,0.02956191,-0.07977727,-0.007925212,-0.4198431,0.9429584,0.2735931,0.1700117
-0.07178731,-0.01723255,-0.2518847,0.4365458,0.1303668,0.0990992,-0.2087372,0.1176837,-0.1140525,-0.3503051,0.4134999,-1.011953,-0.4385472,0.03361449,-0.02376395,0.2771719,-0.01758878,0.3478643,-0.007213092,0.08581096,-0.03703065,0.5533869,0.05684406,-0.07254165,-0.1773848,-0.4415078,-0.09568332,0.07285148,0.1566183,0.1634738
-0.4227891,-0.2495735,0.2614495,-0.2120686,0.4448228,-0.02179001,-0.3496589,-0.04904369,-0.04681412,-0.4333411,-0.1481614,-0.08944478,0.03906117,-0.1063718,-0.3728854,0.8147448,0.4739407,0.3515997,0.4494173,-0.007604649,0.2257867,0.2304321,0.08832186,0.127468,-0.2489632,-0.1559227,-0.2492532,-0.4835444,0.01214748,0.2646664
-0.4416521,0.3039706,-0.02243471,-0.4430281,-0.01961589,-0.0167783,0.3577014,-0.5330968,0.4974256,0.2921728,0.08578819,0.3471819,-0.1230808,0.2469263,-0.07614225,-0.3159868,0.4227984,-0.007714263,0.366322,0.2925471,0.08798993,0.8796088,0.2089376,0.08396751,-0.4063576,-0.4303044,-0.02259022,-0.01248065,-0.1461316,-0.1747733
-0.4460214,0.006040315,-0.1322136,0.06717417,0.009213386,-0.3346707,-0.2020919,-0.7880535,-0.5708433,0.04395002,-0.08025526,0.04247981,-0.06020958,0.02347771,0.008526443,-0.08524674,-0.0126838,0.2005926,-1.262938,0.2821003,0.02686518,0.05987474,-0.3440013,0.2632005,-0.01046241,0.1963547,-0.05010623,2.056006,0.1707659,-0.4317256
0.2835737,0.07178169,0.002285846,0.1173992,-0.01637132,-0.1611527,0.08257978,0.4068808,0.1573474,0.3736238,-0.03429104,0.09835964,-0.1125841,0.03961423,0.1533525,0.2928185,0.05236246,-0.3692104,-7.726774E-05,-0.1205352,0.4597026,-0.3373729,-0.007917292,-0.1251784,0.0890891,0.426555,-0.001122689,0.6114003,0.2475232,-0.1817117
0.3811427,-0.2505827,-0.2809165,0.2961625,-0.1825933,-0.1178883,-0.02268022,-0.0003543294,0.2482029,-0.1928744,-0.03287156,0.3231962,0.02874273,-0.2002006,0.1899991,0.4311213,-0.4426427,-0.3228128,0.2958281,0.3018626,-0.114037,0.03950704,1.465387,0.2962482,0.3595806,-0.002815392,0.2570878,0.03320907,-0.1534659,0.812664
-0.1663259,-0.6690814,-0.3205619,-0.7408648,-0.4045519,-0.1550381,-0.4028503,-0.0101216,0.2867693,0.5614462,-1.260386,-0.404649,0.9379623,-0.2251482,0.4780272,0.0853073,-0.4343019,0.0006786858,-0.1997927,0.3207483,0.6682959,0.2017606,0.2008192,-0.03518373,-0.01903786,-1.538899,-0.4411248,0.5409932,-0.02499523,-0.004026424
-0.4871131,-0.2743402,0.2028828,-0.1314905,0.04519429,-0.09350544,0.04269115,0.482751,-0.2297467,0.05454764,-0.4834895,-0.4226937,0.04176933,0.1318011,-0.009578124,-0.222854,-0.1521973,-0.01156415,0.01144532,0.2831951,-0.01706114,-0.4039838,0.1000478,0.04209211,0.3707032,-0.4803906,0.101278,0.01311588,-0.001943368,-0.006782575
1.168344,-0.04929534,-0.1021337,0.1169216,-0.0259766,-0.4171139,-0.3783828,0.183565,0.4501472,-0.1613769,-0.1010228,0.2194732,0.4132243,-0.6243745,-0.3766507,-0.1785882,-0.3487483,0.3169427,0.0147381,-0.04350644,0.682004,-0.01209631,0.03756195,-0.4146968,-0.9549116,0.03161477,-0.1634509,0.4204339,0.1774369,0.001301323
-0.3764758,0.2212519,-0.00972369,0.01855249,-0.3001919,0.1541965,0.8457161,-0.4540195,0.2187611,-0.03162777,-0.1555784,0.321643,-0.0363452,0.3437648,-0.03726071,-0.4040699,0.02163341,-0.3239766,0.309449,0.08842704,0.4277482,-0.01156042,0.294813,-0.1678028,0.3603922,-0.3858919,-0.3968105,-0.07768001,0.1472682,-0.1650262
0.01471605,0.1908278,-0.4510628,-0.5241075,0.01318244,-0.0130927,-0.7699169,0.2611887,-0.136323,-0.05823344,0.02947695,-0.2863042,-0.2659571,0.003970819,-0.2625409,0.005478818,-0.7170328,0.2840249,0.3682984,0.4507833,-0.07864221,0.001495048,0.4206628,0.3054607,-1.543735E-06,0.05814438,-0.08888608,-0.3393198,0.2223993,0.1511167
-0.3465728,-0.3078029,0.03965636,-0.7858425,-0.08412295,-0.339645,0.4478347,-0.05097906,-0.4128644,-0.3369091,-0.007205546,0.006817644,-0.00168821,-0.0861913,0.2042369,-0.2455596,0.01909737,-0.4066496,0.08129127,0.1808184,0.217836,-0.2923211,-0.06274384,0.7729687,-0.4226506,-0.2559972,0.02021448,-1.031505,0.186637,0.2703742
-0.08688289,0.1360092,-0.1530178,0.01193915,0.0236665,-0.08698729,0.3951697,0.02729534,0.459705,0.1919302,0.2681736,0.7593819,-0.6896978,-0.3643181,0.2338927,-0.3037571,-0.1942686,-0.4291788,-0.119042,-0.04517863,0.2151367,-0.04251612,-0.02645606,0.003291559,-0.10363,0.133899,-0.06794626,0.1284513,-0.03254176,0.00136237
0.1071941,-0.5818285,0.2878501,-0.393703,-0.02205553,0.2092345,0.05068427,-0.4873464,-0.405229,-0.3216966,0.1938589,0.1342763,0.01821647,-0.3906404,-0.002942516,-0.3785856,0.1404582,0.3755523,-0.261646,0.417826,0.2367432,-0.04025069,-0.05244102,0.5377887,0.0511325,0.6667354,-0.1179859,0.1137376,0.9088593,0.07292253
0.2861604,0.04697034,0.2159893,0.002891937,-1.613234,-0.2597481,-0.0062978,0.1429139,-0.05788681,0.1786627,0.04057027,-0.4243284,0.4397898,-0.03813447,0.03712515,-0.1067562,-0.2681662,0.04668259,-0.01119922,0.6173146,-0.008070213,0.6188129,0.4306159,0.4719099,0.3466066,-0.002754731,-0.1625312,-0.01310235,0.3437809,0.008077908
-0.1587812,0.3554132,0.07522111,0.1622645,0.9073564,0.005839957,0.286593,-0.01296469,-0.355062,0.002633962,-0.1884599,0.2721714,-0.1406941,-0.7264631,-0.1020544,-0.3315145,0.01583892,-0.02847828,-0.1220223,-0.2576308,0.4092356,-0.005604811,-0.3380605,0.4073997,-0.3413944,-0.4575089,0.01630503,-0.1926522,-0.3186745,-0.0009544781
-0.3578248,0.0009455391,0.1680385,-0.2639424,-0.01277506,0.3736578,-0.2356809,-0.9205705,0.1263678,0.02935485,0.05480248,-0.2237733,0.06164819,0.00378497,0.2662659,-0.01663714,0.3361458,-0.731743,-0.1777378,0.4981345,-0.2436453,0.3012058,-0.2653795,-0.1098182,0.3565352,-0.03318113,-0.0200852,-0.4344957,-0.1434038,0.2214241
0.1243308,0.1188495,0.3260645,0.4303241,-0.02192674,-1.764945,0.06227034,0.3934937,0.02273512,-0.007943166,0.1371222,0.09478533,0.1816163,0.1406494,-0.4841642,0.00045677,0.6163889,0.398504,0.1568514,0.8605499,0.3558792,-0.3026631,0.1159441,-0.00153426,0.031003,-0.04889532,-0.5029134,0.2665687,-0.01031577,0.3740382
0.009073914,-0.2891343,0.1066131,-0.0683297,-0.002275122,0.2185016,0.0419989,0.01381117,0.5252982,-0.03900833,0.3978502,0.1036519,0.07183432,0.1251968,-0.1151834,-0.7073922,-0.1621935,0.2061383,-0.3204353,-0.02559161,-0.05588165,0.07264362,-0.2840592,-0.2454975,0.05562675,0.3398851,-0.04253498,-0.07425517,0.02553683,-0.1289268
0.2976717,-0.5753499,0.01607078,0.03169815,-0.3560126,0.01195271,0.0202896,-0.3267046,0.07249277,0.05640024,0.1950898,0.418775,0.127867,-0.05184575,-0.03159915,0.2879899,-0.0812223,-0.4454613,1.361838,0.01393481,-0.03595119,-0.1127004,-0.01123586,-0.46202,-0.0007493168,0.1674469,0.1205706,-0.07399439,0.2629544,0.0631408
0.2411914,-0.3900998,1.24109,1.366933,0.0385768,0.00939256,-0.4629033,0.07292038,-0.12505,-0.2577526,-0.1097597,0.4838061,0.0096016,-0.2433424,-0.08945352,-0.1817268,0.1535241,-0.3430803,-0.04346715,0.2892837,-0.2228138,0.1440759,-0.1009374,-0.4111539,0.06321496,0.8826961,0.1363188,0.1438354,-0.03698483,0.4913951
-0.01596193,-0.4651933,0.02455537,0.4411732,0.339409,-0.3313919,0.2503041,-0.0005914232,0.17856,-0.2737691,-0.4067485,0.3364913,0.3840425,0.05775342,-0.1647771,0.02153875,0.0002098138,-0.06539536,-0.08441633,0.3575728,-0.06405554,0.3004344,-0.5211331,0.001590285,0.02579309,0.3030865,-0.001502605,0.1519739,0.481714,0.1965452
-0.1088627,0.04741584,0.112726,-0.2365081,0.1754169,0.824235,-0.3309911,-0.1142309,-0.005062554,-0.1813274,0.003905225,0.1749313,3.463894,0.2299653,-0.04594648,-0.531655,-0.4014666,0.3241348,-0.1778964,-0.01314074,-0.4518386,-0.2528659,-0.04283259,0.007288873,-0.2994636,0.2363129,-0.2002001,-0.6687905,0.1569171,0.1742849
-1.293939,-0.01194581,-0.2024463,-0.4587687,-0.169381,0.2229049,0.001644825,-0.05520314,0.3908668,-0.2387956,-0.2402447,0.4084274,0.273421,0.05759507,0.0875787,0.02543602,-0.3368092,-0.08114614,0.494554,0.009141329,-0.00177067,-0.0002925349,-0.03093373,0.2068415,-0.02875943,0.01510353,-0.004694576,0.2955502,-0.02828218,0.1707741
-0.3714904,-0.0248592,0.2348933,0.06153983,0.4090997,-0.01086394,0.02880059,-0.9855106,0.1733136,0.2061643,-0.03279709,0.2356868,0.4967823,0.006942083,0.7596807,-0.1020225,-0.04753405,0.01946314,-0.4412614,-0.1369345,0.04331085,-0.2851265,0.01058012,-0.3269734,0.120238,-0.3262206,1.184086,0.221501,0.6046335,-0.1098179
-1.186061,-0.04513212,-0.2210222,0.4117476,0.1330964,0.1167231,0.1415017,-0.7440842,0.00650043,0.3119309,0.06658167,-0.1846763,0.01224252,0.09132492,0.3668693,-0.03830558,-0.5042057,-0.1087686,0.2100577,0.01829153,0.4459624,0.07044078,-0.1351122,-0.03282878,-0.3343778,-0.2334968,-0.2274105,-0.7041584,-0.2566005,-0.001906626
0.6087177,0.04526285,0.08609182,-0.329476,0.3762544,-0.6370652,-0.06600462,0.2240797,-0.4473826,0.5152645,-0.3544745,2.751651E-05,-0.2934642,-0.3474077,0.156771,0.2246541,0.07919019,-0.2261947,0.4854205,-0.3532075,-0.01186099,-0.03833152,-0.4684029,0.1441363,0.5160148,0.2568723,-0.0774508,0.2059882,0.2731209,0.007655462
-0.003527188,-0.001018112,-0.01903957,-0.3384266,0.1268457,-0.02135145,-1.054413,0.03887266,0.5714633,-0.3254313,1.631633,-0.1090353,0.2037564,1.327043,-0.001147937,0.3849146,-0.04380479,0.4133971,-0.03981102,-0.1370257,-0.009675721,0.2275017,0.5342715,-0.4554844,0.3793525,-0.4103775,0.4360938,-0.3250835,-0.004885343,0.2567407
-0.04957101,-0.5051005,-0.007928931,0.7480777,-0.3511014,0.5692405,0.3409337,-0.791665,0.2845691,-0.01283725,-0.3859367,0.3797696,-0.04951419,-0.1123399,-0.01647772,-0.2747885,-0.005261697,0.4306827,0.2184135,-0.0004227409,-0.2775329,-0.2922051,-0.2163213,0.2624105,0.2412178,0.04060324,-0.05058366,0.1064457,0.1332968,-0.4931523
;
-0.03743618,0.1425124,0.4588265,0.3675182,-0.52142,0.0222376,-0.2673941,-0.264995,0.008771976,0.09900939,-0.02753641,-3.042665,-0.4993938,0.4453003,0.4633553,0.3179343,-0.5296684,0.4081459,0.6879728,-0.4397051,-0.02878338,-0.4698418,0.4284365,0.1204172,0.3595772,0.01872319,-0.05795604,0.1137247,0.07537738,0.1539217
-0.1059771,-0.002411634,-0.3223896,-0.4686328,-0.1428299,-0.4990211,0.4863684,-0.4408627,0.08811883,0.1214023,0.03680134,-0.3763251,-0.2212457,0.3704367,0.02351049,-0.06009191,0.7630386,-0.01497731,0.06271917,-0.3285313,-0.108727,0.4979517,0.0320496,0.001377499,0.3907006,0.1852262,-0.6933793,0.01140192,-0.3001878,-0.02662438
0.2638346,0.4668475,-0.05784124,-0.07882938,-0.2342061,0.07129771,-0.297077,0.4277387,0.08925062,-0.2440463,0.4103812,-0.3327156,0.5292221,-0.4330266,-0.1524327,-0.2530114,-0.3011565,0.6145738,0.05258502,-0.1353893,-0.2506264,0.0002308959,0.1164195,0.3388308,0.121485,1.187404,0.02604662,0.07357806,-0.2259924,-0.3116232
;
0.2713378
0.2165954
0.6319675
0.4495015
-0.2638954
0.7369512
0.04095954
-0.1929684
-0.1520433
-0.3955412
0.4611027
0.076632
-0.1216131
-1.248165
0.05867722
0.0419055
0.1679836
-0.3119541
-0.9471054
0.4737259
-0.7928472
-0.1016619
-0.498314
0.4588517
0.02894038
0.03911082
0.02864123
-0.2043254
0.06519838
0.2283442
;
-0.3713065,-0.02837654,-0.3731095,-0.3878365,0.1496582,-0.1056299,0.6905565,-0.2204261,0.03919083,-0.001972537,-0.4828571,-0.3287063,0.2261094,0.1820768,0.5232707,0.0590221,-0.2338577,0.001036101,-0.05634138,0.6565945,-0.07837716,0.2165483,-0.04991958,0.1067976,-0.4229115,0.6180183,-0.1368137,-0.01387674,-0.3781658,-0.6513915
0.1235422,0.04349929,0.1531132,0.005779497,-0.1902162,0.2961394,0.005721211,0.005423286,0.1776884,-0.2160682,-0.2368602,0.482,-0.173342,0.7478307,-0.3351497,-0.4697368,-0.2578368,-0.05236857,-0.0227285,0.5445426,0.774245,-0.4104589,0.2386243,0.3119811,0.2961833,0.3429712,-0.2608567,0.3414913,-0.01330996,-0.6342946
-0.04387126,0.0001468245,0.208958,-0.1663093,0.242809,0.1064945,-0.3362688,0.06841268,-0.3948061,-0.04553965,0.01997033,0.0155448,-0.8169411,-0.09560683,-0.2293503,0.1133572,-0.1595027,-0.4311899,0.2284137,0.1548169,0.4245864,0.4134861,-0.2916174,-0.08481926,0.2900857,-0.3469092,-0.04799349,-0.1947392,0.0002398878,0.2552465
0.01725305,-0.588777,0.5680246,-0.006346102,0.9402999,-0.3647956,-1.51671,-0.001321371,0.276054,-0.009081095,0.07517357,-0.29811,-1.060242,0.1862882,0.01032637,0.08240926,-0.4080727,0.09992235,-0.3120134,-0.765057,0.7964909,0.1201345,0.002873361,-0.0833078,0.2106757,-0.9895364,0.1414256,-0.02511114,0.1200548,-0.2457379
0.454384,-0.4436742,-0.06394492,0.4562528,-0.1239583,-0.04902918,-0.09100167,-0.4790541,0.2374408,0.8304931,0.1718582,0.1668276,0.02924722,-0.008120325,-0.03094086,-0.1475426,-0.3756221,-0.4991431,-0.2750785,-0.2821561,0.2818259,0.05355899,-0.1500791,-0.002369445,-0.2879089,0.0789775,-0.1323711,-0.1336017,0.02995098,0.330242
-0.2077798,0.3448277,0.006606348,0.1283226,0.1814493,0.1918812,-0.08043259,0.4510734,0.002452305,0.02276331,-0.2922156,-0.007904949,-0.02703639,0.113044,0.1207273,0.008222337,-0.6593468,0.04612257,0.1107653,-0.0942235,-0.6768298,0.4885235,-0.06109336,-0.2190552,0.3781774,-0.4728087,-0.1006674,0.2008432,0.3971803,-0.0124575
0.01547434,0.03962538,0.3870324,0.128712,-0.1871412,0.05415672,0.09639692,0.4721113,-0.05168581,0.03094471,1.597497,0.1831351,0.3100968,0.08105411,0.1413291,0.03706735,0.1359356,0.2191225,-0.190398,-0.08087832,0.06690534,-0.4414773,0.2193612,0.3612595,-0.8275457,0.08923198,0.02892882,-0.232087,0.08058608,0.1127892
0.3058056,-0.0671666,-0.5460365,0.4098082,0.2984233,-0.07381457,-0.1140776,-0.02599416,0.07497498,0.1417854,-0.3482759,0.02211143,0.3754484,-0.216759,0.3100549,-0.5311715,-0.02967006,-0.2054864,-0.1535756,0.1712869,-0.006975114,0.03672953,-1.414459,-0.4782412,0.1386154,-0.09591395,-0.01862202,-1.569925,-0.04058547,0.1192455
-0.1585167,0.04068466,0.2885236,0.3684522,-0.1122905,0.02910644,0.4362104,0.0150649,-0.4551368,-0.3999748,0.2416601,0.01308106,-0.4387065,-0.0487658,0.2987961,0.04706055,0.7011698,0.08085207,-0.6643505,-0.01153017,0.01595503,0.1634301,0.274914,-0.02326145,-0.3831017,-0.08211619,-0.02105994,-0.3635278,0.01669483,-0.3695208
-0.0215338,-0.03995346,0.45907,-0.3927158,0.01698718,0.5969131,0.3946925,-0.05265747,0.1874239,-0.006019542,0.7051507,0.4700036,0.02488822,0.4842716,-0.04938328,0.4191007,0.3152933,-0.03113206,0.00217553,0.16401,0.007652686,0.623452,-0.03769472,0.1170357,-0.2739414,0.1363889,-0.185215,0.09183709,0.2797771,-0.02092835
-0.1740593,-0.3496865,-0.08251017,-0.01758157,0.3139538,-0.3903234,0.3480705,0.1807614,0.1106757,0.1726793,-0.4015191,0.1922611,-0.2242873,0.007608517,-0.2571533,0.005119509,-0.2388753,-0.005455927,-0.2364054,-0.05305721,-0.9178839,0.5029278,-0.383155,0.1279735,0.2962618,0.3543222,-0.09919678,-0.2553871,0.1421434,-0.02279155
-0.8365252,-0.1356759,0.1895913,0.4550046,0.180701,0.09125394,0.4976979,0.3464332,0.1717075,-0.4563478,-0.04494636,0.002881564,-0.04438269,0.1742309,-0.4360746,-0.2259635,0.05449349,-0.4771205,0.3362584,0.2335022,0.3610957,-0.008281718,-0.04529607,-0.04752193,-0.3844827,0.06255192,-0.002297218,-0.08467728,0.4943531,0.2173407
-0.4986839,0.4871756,-0.08265673,-0.1362513,-0.07867151,-0.1977446,0.005053561,-0.3858757,0.4728799,0.05088204,0.06388575,0.9641966,0.07082681,-0.2840049,-0.1880916,0.3216144,-0.177962,0.005187276,0.3281397,-0.4805888,-0.04525334,-0.1949149,0.06685907,0.189723,-0.02075799,-0.2876803,-0.0469895,0.3756185,0.1933544,-0.8322439
-0.2775297,0.3444047,-0.4412545,-0.1073351,0.2569691,-0.4120521,0.148507,-0.3764812,-0.6487527,0.3803212,0.1384213,0.2874159,0.216316,0.0001441051,-0.1484889,0.1426101,0.02292926,0.3992668,-0.4999209,0.1240399,-0.08192557,0.002374528,-0.09735157,0.4682485,-0.3231525,0.4079472,0.05526417,0.5907362,-0.02322948,-0.1334048
-0.4046686,-0.2232648,-0.272686,0.4172552,-0.1459012,-0.02001911,-0.001220959,-0.1643489,-0.2275567,-0.5119985,0.2958833,0.4379951,-0.2700052,-0.01195635,0.03693897,-0.05364674,0.1679134,-0.178625,-0.6473867,-0.7360036,-0.1184662,0.7314368,-0.2996967,0.01982612,-0.1772588,0.1369007,0.07106302,-0.1575883,0.364735,-0.6178138
0.1517033,0.1464774,0.04678863,0.3148115,0.1869857,-0.418186,-0.01173334,0.07907873,0.08258878,-0.3621827,0.08413143,-0.177868,0.3487146,-0.2206472,-0.1247335,-0.3592496,0.3914571,0.4174683,0.2710619,0.3631468,0.1738988,-0.164466,-0.136182,0.2472635,-0.7957484,-0.05861078,0.1298869,-0.001263756,0.2056181,-0.09269397
0.8209305,0.3188583,0.03910193,0.01324826,0.009787986,0.3769448,-0.1159129,-0.3302745,-0.2507819,0.2053125,0.5959138,0.07869826,-0.03175467,0.1436729,0.327381,-0.3483427,-0.2371241,0.217667,-0.1499118,-0.5504508,0.002818794,-0.08025519,-0.2492195,0.05049028,-0.2742581,0.006407917,-0.3450661,0.6169975,-0.1415496,0.1687683
0.5687354,-0.4032396,0.01791733,0.2658621,-0.6242008,-0.374804,-0.1132206,0.6346496,-0.3166488,-0.1370979,-0.06829406,-0.2474108,0.3006769,-0.1378158,-0.2953721,-0.0495543,0.3897052,0.09187511,-0.4347036,-0.3346957,0.009465396,0.05697235,-0.03727357,-0.007897479,0.7644718,-1.326375,0.1490921,-0.1553871,0.2055157,0.26321
0.4415458,-0.8116982,-0.1582488,-0.05075961,-0.006439065,-0.3141929,-0.0409438,-0.1670557,0.2104568,-0.330002,-0.4228047,-0.4314317,0.1649572,-0.02356237,-0.6020537,-0.2396514,0.3292857,-0.01775443,0.299398,0.4965781,-0.3208454,-0.2403702,0.001006026,-0.1705828,0.6589706,-0.4391793,0.1140513,0.2672106,-0.4191038,0.2933513
-0.9037825,-0.2996216,-0.8493882,-0.2957475,-0.1726018,0.2542125,0.1400009,0.3829877,-0.6941627,0.1311059,0.06554711,0.1552351,-0.2915288,-0.241693,0.2316974,0.3844296,-0.2143229,0.4446553,0.0881436,0.9234067,1.151553,0.2297975,-0.2231809,0.2121791,-0.03933853,-0.8524299,0.2148274,-0.2958851,-0.6062927,-0.587345
-0.1373186,-0.1506316,-0.2025944,-0.00365929,0.08967319,0.2253187,-0.006527245,-2.169555,0.5897436,0.6848822,0.2121382,-0.1189022,-0.3830694,0.3151293,0.5100736,0.2386521,0.008213783,0.2115155,0.2641934,0.4744568,0.4011864,-0.07081369,0.1012843,-0.664292,0.1806129,0.1682464,0.02689257,-0.3122091,0.2426949,0.6390006
-0.02383299,-0.03204006,0.2110693,0.005032761,0.2808229,-0.8616061,-0.6347597,-0.14824,0.2694948,0.2069881,-0.07643503,-0.2292456,0.2153717,-0.3543576,0.4679416,0.0673279,-0.1284938,-0.2256804,-0.1639493,0.2039962,0.08143586,-3.142723,0.296488,0.2845567,0.2326654,-0.01574247,-0.07012115,-0.2021843,0.02537937,0.03682801
-0.06387861,-0.4266689,0.04314914,-0.01724251,-0.129993,-0.03061566,-0.03351751,-0.1697274,0.1664452,0.6619611,-0.003484572,0.1568507,0.1994336,-0.02091461,-0.2756571,0.1877371,0.06202834,-0.2736044,0.4316081,0.6578524,-0.3206083,0.6260585,-0.322365,-0.05433836,-0.01156205,0.1626283,-0.4459026,0.02892219,0.007118523,-0.2978826
-0.6294428,0.6347798,-0.4022164,0.2435939,-0.2188913,0.1129083,-0.4972296,0.1517941,0.0538457,-0.2116968,0.3580374,0.04803845,-0.1631511,0.326262,0.4314784,-0.5647444,-0.03735773,0.4740195,0.3391315,-0.06809392,0.4650289,-0.08801359,0.09240097,-0.08387137,-0.3931015,-0.8518717,-0.1107201,0.2383687,0.2373267,-0.3086995
-0.499994,-0.04670662,0.2401279,-0.1572903,-0.06575928,0.3781736,-0.1088658,-0.3549496,-0.3746811,0.2982341,-0.6587585,0.07337243,-0.03307067,0.2418346,-0.1054443,-0.1668674,-0.02096146,-0.09801073,0.2594342,-0.4084572,0.1030951,0.05690791,0.6986164,-0.04024471,-0.1496978,0.1583412,-0.36299,0.3809848,0.1932862,0.2776122
0.1246384,0.001705351,-0.2491621,0.06509282,0.02227151,0.001355934,0.1359594,-0.1390718,0.3473685,0.7981653,0.1665086,-0.7391689,0.07989448,0.004793547,-0.55756,-0.4752703,-2.105503,0.3997628,0.3786749,0.0174576,0.4124951,0.353348,0.2437629,0.1929558,-0.3381207,-0.1577544,-0.2135911,0.3201283,-0.2417513,0.9891477
-0.1732156,0.03966058,0.07529434,-0.1991739,-0.2434343,0.3885427,-0.1096191,-0.338048,0.08245108,0.1719677,-0.05761206,0.2375474,0.1014333,-0.2413534,0.2763279,-0.1249322,-0.4511034,-0.07422746,0.03804,0.03415745,-0.1896245,0.2981702,-0.2318145,0.4046792,-0.3860753,0.2670417,0.3202956,-0.2344057,-0.07961041,0.004508555
0.1706107,-0.2128655,-0.4069576,-0.6974984,0.3023909,0.4205077,0.4647772,0.03114718,-0.698432,0.4250167,-1.260163,0.1627555,0.003780154,-0.05481273,0.6721185,-0.1204818,-0.4434394,-0.08607727,-0.01413964,-0.247763,-0.2996166,0.370212,-0.1728947,-0.2224679,-0.1333882,0.3939043,0.05684767,0.7555672,1.694718,-0.07600194
-0.01867844,-0.2270723,0.1101693,-0.1640075,0.08218959,-0.4306359,0.3071921,0.1993843,-0.7237615,0.3027508,-0.2280355,0.2670317,0.4174712,-0.5834411,-0.1090586,-0.06397689,0.4708568,0.4679269,0.376564,-0.2888579,-0.0459984,-0.04451602,0.07268205,0.08338317,0.01043772,0.02194493,0.2726714,0.113775,-0.9774313,-0.03723248
-0.1638624,0.02800113,-0.02074477,-0.1984478,0.4349815,0.02730452,0.003239839,-0.9313865,-0.03168926,-0.5182952,0.2460302,0.004083395,0.6052957,0.09611131,-0.281704,0.6869493,0.3347285,0.1534529,-0.4331005,0.002609023,0.4019473,0.6420628,-0.06194776,-0.1550636,-0.6627843,0.3774375,-0.1087138,0.1140341,-0.1817903,-0.003042277
;
0.1937153,0.06505778,0.2197287,-0.6561083,-0.3869605,0.1774758,0.0577603,0.4302068,-0.02897071,1.167201,-0.03304595,-0.7876756,-0.3503621,0.3359725,0.2060762,0.05052668,0.353036,-0.4375747,0.06750276,-0.151731,0.4392954,-0.05186075,0.0150567,0.03597516,-0.002654755,-0.04032357,0.4862339,-0.08641832,-0.005606997,0.3833023
0.09083519,-0.2236905,0.1994659,0.2317046,-0.1099081,0.5321702,-0.401091,0.07899361,-0.4104981,-0.9894628,-0.3785661,0.01447364,0.2672857,-0.04192292,0.4997646,-0.4661403,-0.2081381,0.05352273,-0.2160266,-0.1836707,-0.8041015,0.6430668,-0.2488067,-0.3809956,-0.1162786,0.2053031,-0.007034796,0.06835133,-0.6991343,-0.117164
-0.0374002,0.04176217,0.2192729,-0.147521,0.4849693,0.3343925,-0.03688331,0.2478438,-0.2749978,0.08231398,-0.4922713,-0.2220512,-0.4797467,0.4459647,-0.5556616,0.3949081,0.05660409,-0.4757288,0.001471638,-0.09284848,0.4528887,-0.1604943,-0.02835584,-1.338319,-0.2294212,0.3831398,0.5623978,-0.2259925,-0.00196374,0.5808938
;
-0.03535299
-0.3090857
0.4842876
-0.06321301
0.03981353
-0.0006305545
-0.3757918
0.2405505
-0.1398625
0.4574194
-0.03904739
-0.8756855
0.6212363
0.03763838
-0.4615874
-0.01689504
0.04700226
-0.06429333
0.2045448
0.1002402
-0.06201206
0.8081722
-0.2429361
-0.006548272
0.182785
0.4995176
0.278192
-0.3654404
0.3748574
0.3678164
;
-0.02362701,-0.3675481,0.2201226,-0.139714,0.07783879,-0.04515149,-0.5941353,1.375195,0.3740117,0.0584927,-0.3664436,-0.1541014,0.06132811,0.1428456,-0.2667975,-0.2374239,-0.206715,0.0351359,0.2397146,0.1738127,0.03037281,0.5311587,-0.2991196,-0.4178879,0.07376703,0.1297486,0.1421494,-0.1768614,-0.380996,-0.1182579
-0.3682318,-0.08683938,0.2505667,0.04328269,-0.3677622,0.3538527,0.009064039,0.05688943,-0.01072675,-0.06023933,0.02402048,-0.7766665,-0.7084744,0.539089,-0.008920277,0.5427718,0.489364,0.4875379,-0.009356439,-0.3009366,0.06604427,-0.04782293,-0.449415,-0.2995406,-0.1730596,-0.2148845,0.04530273,-0.2095491,0.1142337,0.1519712
0.06063582,0.1150946,-0.2736743,0.09012842,0.6195175,-0.08577315,0.03339055,0.01486743,0.3987603,0.1243145,0.001845844,0.2487635,-0.09863845,-0.3073571,-0.2662359,0.07213178,-0.3841332,0.3719795,-0.1569615,0.1809102,-1.060665,0.004243155,0.2939975,-0.4777688,0.1056549,-0.00856049,0.5830676,0.4662778,-0.273613,-0.7543622
0.2218784,0.4155167,0.3620617,-0.005523338,0.09990181,0.02252924,-0.01643336,-0.2658703,0.07597977,0.3684114,0.03569442,0.5712656,-0.2464801,-0.1448447,0.1272832,-0.002927519,-0.4227463,-0.05262607,-0.3984174,-0.02747766,-0.3962672,-0.1768423,-0.05793298,-0.1324872,0.2818561,-0.1795846,-0.03943616,-0.0250838,0.05346495,0.05068856
0.5874572,0.1571352,1.005851,0.6758575,-0.0271197,-0.128509,-0.0442185,-0.001997211,-0.4210924,-0.5893776,-0.7543367,-0.2448497,0.02091678,0.07204988,-0.06434399,-0.1882235,-0.06134051,-0.01728113,-0.4722416,-0.1645993,-0.07204433,0.08530146,0.04701191,-0.01330244,-0.006379189,0.4913845,-0.0163401,-0.06685704,0.04369188,0.22464
-0.369131,-0.5691375,-0.01206474,-0.2146195,0.4791884,-0.1297688,-0.1440606,0.1106459,-0.4389024,-0.03222138,-0.1371513,0.3353318,-0.3542501,-0.2564315,0.599219,-0.1587393,0.02475549,-0.2279958,-0.4583913,-0.1460583,-0.04642562,0.2602085,-0.02436005,-0.05141479,-0.4028201,0.09690715,-0.288958,0.5410475,0.7233533,-0.007020288
-0.2729366,-0.3380383,0.2958418,0.1988411,0.1965634,-0.3603984,-0.3683422,-0.5697454,-0.2286813,-0.3271747,0.08889516,0.6871852,-0.005422581,-0.1267731,-0.02932344,-0.3536679,0.2613593,-0.01376199,0.4079486,0.1379738,-0.02995514,0.1512098,4.875666E-05,-0.436887,0.7842886,-0.05339947,0.4579294,-0.1257614,0.04460301,-0.6378472
0.1598232,-0.5379661,0.04782618,0.6846797,-0.3515182,-0.7030024,0.1106599,0.3926862,-0.5800146,-0.2000443,0.4993115,0.4114578,0.09452707,-0.4972677,0.1057822,-0.6184435,-0.1079367,0.6085635,-0.1245263,0.262496,-0.2654927,-0.3969957,0.3909998,-0.02873337,-0.2626094,-0.3172799,-0.1045994,-0.5097818,0.01103595,-0.5188663
1.138135E-05,0.4014631,0.3698235,-0.4735347,-0.1265916,-0.2298405,0.02259389,0.2748358,-0.01946646,-0.03708667,-0.01929262,0.06476504,-0.6864349,-1.956518E-05,0.314658,-0.4001896,0.1528073,-0.280027,-0.2837586,-0.003577174,-0.5502563,-0.3412059,-0.431172,0.4329489,0.1390679,-0.4585522,-0.05115423,0.1792383,-0.2657949,-0.4432358
0.2839162,0.135512,-0.4306746,-0.07421881,0.03395512,-0.784816,-0.008221862,-0.3652687,-0.8693132,0.4526575,0.04129714,-0.01328808,-0.2725609,-0.05000361,0.02567321,0.2535336,1.156745,-0.1849163,-0.03028245,0.4151376,-0.4767908,-0.007015372,-0.2716641,0.3712962,-0.02262055,-0.08021334,0.8218059,0.1578754,0.4717937,0.04063875
-0.5335385,0.005663995,0.1488115,-0.1143287,0.06958783,-0.272894,0.04406983,-0.02346985,0.1436835,0.005722533,-0.1296525,-0.3657005,-0.385506,0.4120921,-0.04992713,-0.9061696,-0.6121536,0.04121697,0.152543,0.0009356347,-0.4064443,0.02586468,0.106997,0.4725693,-0.2675087,0.03389256,0.2290663,-0.1203898,0.01362551,0.3379327
-0.4513285,0.03379494,0.0002798961,-0.656568,0.05786278,-0.2579027,0.3282557,0.03995999,-0.5798136,0.2947875,0.2897788,0.0204379,0.1562306,1.266155,0.1093017,-0.03527343,-0.2998019,-0.1279051,0.06764581,0.2380391,-0.1870665,0.2592811,0.1167968,0.1352422,0.05325622,-0.05621321,0.2972319,0.3899504,-0.1422195,0.005355299
-0.002790169,0.02958158,0.7591289,0.009573133,-0.5041054,1.006839,-0.1751212,-0.2036657,0.3583685,-0.2819908,0.009410163,0.3235326,1.004332,-0.5280527,-0.1141698,-0.08368188,0.1163478,0.001294398,-0.03537628,0.2371499,0.03449994,-0.09176658,-0.1385717,-0.2665446,-0.0835976,0.1988814,0.3735777,-0.5336136,-0.01362485,0.04524064
-0.8681782,0.3227268,1.759108,-0.4603417,-1.264578,-0.1216506,0.006040029,0.002960503,0.06558391,0.3785846,-0.1721649,0.1668469,0.05512124,-0.4602465,-2.178159E-05,-0.4282925,-0.02199607,-0.04302698,-0.1177227,0.2399517,0.1917986,-1.026833,0.1955092,-0.003702072,0.2549469,0.2373537,0.3870285,0.1744324,0.2608672,-0.2306441
0.1449075,0.329244,0.4789276,0.08272332,0.1113807,0.4780695,-0.522432,-0.0303209,0.4052014,-0.7053238,0.00190692,-0.02021307,0.8309858,0.02122539,0.4559847,0.7021734,-0.05409163,-0.4781319,-0.323577,0.002758116,0.1867499,0.1616621,-0.2473122,0.6845634,-0.4988871,-0.2146334,0.02028597,-0.4862864,1.233619,0.08038332
-0.002640123,-0.3353585,-0.310123,0.4081181,0.002076237,0.7703666,-0.4472125,0.5162393,0.01581442,0.09637477,-0.3567518,0.02803212,-0.1372702,-0.1350665,-0.3238791,-0.07134052,-0.03342042,-0.2510031,0.0415877,-0.3461317,-0.3169725,0.6000439,-0.1864719,-1.098547,-0.1721978,-0.5520471,-0.03200036,0.1643762,0.02304772,0.04734254
-0.1275044,0.6813725,-0.007094311,0.1253666,0.4437749,-1.484488,-0.1828267,0.09542494,0.4601632,0.02084466,0.02182745,0.1051777,0.8295884,0.06038642,-0.3492732,-0.005987122,0.05343435,-0.2098794,-0.3613704,0.3201103,0.1339564,-0.2565369,-0.1240103,-0.3506023,-6.510274E-05,0.7255493,-0.5488971,-0.1052563,-0.1197707,-0.4644349
-0.4032062,0.2301395,0.4554841,0.4997473,0.04535844,0.5401394,0.4840615,0.1081772,0.04249618,0.370433,0.09270865,0.4260395,0.4236094,-0.08239835,0.3693195,0.2778647,0.06560928,-0.01984888,-0.002946454,-0.2448688,-0.06129843,-0.3330202,-0.4851536,0.03210006,0.01141352,-1.196148,0.1104401,0.1051596,0.6967786,0.443599
-0.2333224,0.3728718,0.1665165,-0.03169522,0.1092285,-0.1692791,0.02478112,-0.2631842,-0.2345484,-0.392164,-0.1082956,-0.0121662,0.107201,-0.3441716,-0.08907229,0.5671387,-0.01215157,0.06846372,0.1453236,-0.2867887,-0.09193733,-0.03451846,-0.0003038638,-0.002581619,-0.2137384,0.1821781,0.01322506,-0.6234314,0.06741792,-0.3754017
0.4203315,-0.344411,-0.4033577,-0.1404164,-0.1428439,-0.1001854,0.0005560034,0.02335512,0.289246,-0.5199506,-0.4096181,0.0124001,0.07003855,0.2605367,0.5845929,-0.05694517,0.3831147,-0.05793383,-0.1228252,0.006347273,-0.2239296,0.232241,-0.5472586,-0.09036952,-0.06879225,-0.03082502,0.07043499,-0.4904392,0.000250336,-0.01189305
0.21443,-0.1581853,0.1036701,0.376021,0.3842307,0.2855878,-0.0648126,-1.094399,-0.2293091,-0.122548,0.07599486,-0.08242208,-0.03779608,-0.004412669,-0.1576083,0.006510632,-0.005278764,-0.4646779,1.038024,0.1469592,-0.1029349,0.4485431,0.05527109,0.1266167,-0.2301825,-0.492613,0.005510747,-0.1469408,0.01616059,-0.01390813
-0.1060658,-0.3883747,-0.2480858,-0.4494716,0.3057736,-0.1266063,-0.3975929,0.4324331,-1.134514,-0.06202882,-0.1182854,0.09380645,0.00984011,-0.34609,0.1638781,-0.4345894,0.5702268,0.04911827,-0.3704112,0.02609186,-0.1803378,-0.7337641,-0.1584002,0.4468765,0.01581816,0.0195598,-0.0615887,0.9971596,-0.4870394,0.05749991
0.4984237,0.0708892,-0.4018568,-0.04738094,-0.1464272,-0.4378542,0.1679729,0.481422,0.2586017,0.3134353,0.3242995,-0.03983015,0.2029229,0.4834188,0.2746308,-0.05152913,0.09746747,0.4514704,-0.1718031,0.1621671,-0.2004525,-0.3769946,0.3825197,0.4263327,-0.01276123,0.2267773,1.565575,0.09273334,-0.3683709,-0.2007751
0.3574709,-0.007109955,-0.2549819,-0.3010176,-0.01591269,0.4024247,0.1669609,0.001778543,0.02913279,-0.4286249,0.3654737,-0.1552444,0.2615457,0.3846862,0.08810622,0.1152031,0.134314,-0.1949909,0.1007509,0.02291425,-0.2494468,0.1377158,-0.3815751,0.02010518,-0.003259525,-0.9977171,-0.461291,-0.1965604,0.1073771,0.393283
-0.03898623,-0.1046623,-0.05206986,-0.3104671,-0.3974966,0.07180208,-0.08908588,-0.350278,-0.03819209,-0.01978535,0.2932736,0.4897861,0.07515103,0.3438632,-0.05739066,0.1820667,-0.07449013,-0.4297861,-0.3583791,-0.2588513,-0.2294861,-0.4296702,0.06931152,-0.2888733,-0.01379472,-0.2881977,-0.4399026,-0.06109781,-0.3985829,0.4902456
-0.07477172,0.2834679,0.3796083,-0.4312338,0.4655379,-0.6964902,-0.01087324,0.3948081,-0.4234325,-0.4152966,0.3338093,0.3282743,0.04163021,0.8043945,0.4041289,-0.3871591,-0.3370835,-0.01561447,-0.5413977,0.1554982,-0.06218474,-1.053865,-0.1639677,-0.4689164,-0.1808753,0.2165717,-0.01464399,0.2349218,-0.001190974,0.1355596
-0.3020515,-0.3681525,0.2157814,0.01885734,-0.3765092,0.02177757,0.3676657,0.04525784,-0.05781039,-0.3996814,-0.1220098,0.1652314,0.09935042,-0.2586794,0.007945658,0.3279885,0.02628353,0.1775323,-0.0551483,-0.01938075,-0.1907802,-0.1491892,0.1055323,0.2559609,-0.4216402,0.09866891,-0.07882005,0.6068147,0.1814041,0.501325
0.09984698,0.2564987,-0.2642046,0.58824,0.2399164,0.2993248,-0.00946128,-0.2659826,-0.3368089,-0.1325132,0.2572434,0.3300492,-0.2115851,-0.2537589,-0.4916216,-0.0007114097,0.07748204,0.4353242,0.4948572,0.1261948,0.04732282,0.06358105,-0.5866064,-0.01131314,0.2260108,-0.2973055,0.01843793,-0.2819816,-1.238044,-0.06889278
0.3964531,-0.09220005,0.4394246,-0.02916476,0.01585568,0.0373804,-0.04260473,0.6801209,-0.2843705,-0.09684283,-0.07173681,-0.8255703,0.3297923,0.2362539,0.3504384,-0.05797808,-0.1133872,-0.4738859,-0.06300408,-0.06750523,0.3382287,0.4166056,0.07925753,3.937415E-05,-0.1809575,0.01609164,-0.1535558,-0.3611441,-0.4302038,0.2476432
-0.5422024,-0.2640927,0.4603462,0.06064142,0.09139043,-0.2997169,-0.4330138,-1.009012,-0.2618718,-0.260251,0.01330622,1.006286,-0.005730491,0.8631077,0.04708631,0.6480995,-0.3962949,0.1414827,-0.9844848,-0.437287,0.02010878,-0.3583456,-0.1993832,0.2489512,-0.4153861,-0.08379566,0.2826455,-0.3452229,-0.1537327,-0.279431
;
1.533213,-0.1122444,0.1589979,-0.1761782,0.001733282,-0.3855908,-0.35163,-0.144648,-0.3795756,-0.02375311,0.07748623,-0.2625859,-0.01847019,0.08473911,0.05903476,0.0001557978,0.4231923,0.09028208,0.2355989,0.1572475,0.01355999,0.552514,0.02825648,0.2197051,-0.2011901,0.007566434,0.3391281,0.6768566,0.4957795,-0.06770462
-0.2843,0.04941342,-0.06099069,0.3489177,0.02769481,0.0008270058,-0.5203896,-0.2164821,0.08164463,0.2562481,0.1834826,-0.308863,0.001336758,0.06190878,-0.1163829,-0.05806982,0.1919722,0.1709242,0.5164896,-0.3506685,0.1402724,-0.339341,-0.09220523,0.3147237,0.2942109,-0.165078,-0.2757586,-0.4583629,1.140738,0.01563495
-0.2585207,-0.2060494,-0.03525883,-0.2203651,-0.4504467,-0.2052554,-0.002257093,-0.3590509,-0.2585683,-0.4216199,-0.1907461,-0.06648093,0.7999889,0.1645827,-0.2220759,0.7949663,0.1304005,0.03625564,-0.08060356,-0.02497075,-0.2349449,-0.2936119,-0.8660757,0.4123424,-0.05801016,-0.6137096,0.01320141,0.1233516,0.3810219,0.2595816
;
