-0.3292172
-0.3223584
-0.2379008
-0.1712874
-0.001537845
-0.1109261
-0.1820232
-0.3172351
0.3406004
0.6487693
;
-0.641223,-0.3877386,0.3459703,0.06676623,-0.2935627,-0.00568831,0.1211134,-0.008234228,0.3593072,0.2092185
-0.1464661,0.3415335,0.07441675,-0.1199889,-0.1855579,0.1869773,-0.01218649,0.2229035,-0.01427866,-0.2155333
0.001565091,-0.09872265,0.4165441,0.1267409,-0.1883752,0.639544,-1.430617E-07,0.4931829,-0.3953934,0.3923104
-0.7042783,0.414582,2.20674E-05,-0.2422709,0.44848,-0.143788,-0.009728492,-0.1871234,0.2484144,0.09280036
-0.01638199,0.07472305,-0.2880691,-0.08479589,-0.1897647,0.03459391,0.0003264666,0.0373252,-0.05474042,0.09100178
0.002119369,0.02930999,0.4621111,0.2360208,-0.562908,0.04733162,0.4097363,0.09403902,-0.3948121,-0.3205993
0.3705512,-0.004667475,0.01537997,0.56047,-0.4242363,-0.009359787,1.180424,0.3617313,0.0593149,0.0731016
0.3776389,-0.2280284,-0.1846819,-0.300032,0.0003425617,-0.3684189,0.1099159,-0.03916143,0.001391285,-0.07077134
0.03059334,-0.6645225,-0.07332368,0.4249816,0.3027557,-0.7664073,-0.2068893,-0.03335672,-0.08300573,-0.7732099
0.01056187,-0.04935331,-0.07117663,-0.3501696,0.8105426,0.05264207,0.2238752,-0.3070415,-0.05783552,0.1731004
;
-0.02808228,-0.06341902,0.14125,-0.1448923,0.1917026,-0.1500559,-0.006401055,-0.005201516,-0.2018371,-0.0329445
-5.339963E-07,0.01831931,-0.119698,0.1961341,-0.02621496,0.252514,0.4593889,0.04551858,0.01692905,-0.6399861
;
-0.004746642
6.05912E-05
-0.02125257
0.1243171
-0.1764997
-0.006218668
0.01992245
-0.03854994
0.0004218971
0.2487988
;
-0.4692377,-0.2536004,-0.1778795,-0.123735,0.2460082,-0.01610423,-0.02664021,0.01425821,-0.2550658,0.03927322
-0.4160081,0.3253176,-0.4189287,0.002840591,0.0001572825,0.273218,0.1668726,0.4114271,0.2806685,0.2531645
0.1770124,0.04347362,0.06070278,-0.003539996,-0.2789139,-0.7832639,-0.03966844,-0.1780146,0.1542117,-0.7615179
-0.09875143,-0.006869629,-2.090015,-0.4062926,-0.2628343,0.003060276,0.4000356,0.003499982,0.01964701,-0.409053
-0.1599863,0.02039499,-0.6791133,-0.002653786,-0.01560604,-0.1676819,-0.2461264,0.1059412,0.2737648,-0.3449503
0.3101789,-0.01988713,0.027623,0.8514054,-0.2151787,-0.3672013,-0.08240348,-0.282252,-0.1408347,0.5417959
0.07776937,0.2868733,0.004930568,0.0005659987,-1.144138,-0.1398715,0.4231563,-0.2384468,-0.2415315,0.1141004
3.679415,0.03269818,0.2661418,-0.3307562,0.1936196,-0.2030134,0.1938085,0.1990719,-0.00473649,1.843766
-0.3444665,-1.270416,0.3572816,0.006794754,-0.01627891,-0.29258,-0.4073541,-0.1262393,0.1909398,0.3904959
0.357399,-0.3593626,0.008815995,0.04651874,-0.1487066,0.1039112,-0.2903102,-0.2216271,-0.2367684,-0.3443325
;
0.007989947,-0.01810986,0.03180367,0.2692907,-0.4363644,0.3203377,0.5893151,-0.3970869,0.01159491,-0.3247765
-0.003064714,-0.1842737,-0.02672218,0.3989981,-0.09616047,-0.1257026,-0.1901471,-0.01941574,-0.09328884,0.03084077
-0.247989,-0.1604432,0.04753932,0.2255821,-0.2024711,-0.3459972,-0.06380741,0.2264151,-0.5817496,-0.1940553
;
0.05006806
-0.02382948
0.02981049
-0.326689
-0.02347657
-0.003565119
0.6065437
-0.1106755
0.5724159
0.01422782
0.2229295
-0.184066
-0.298429
-0.1220508
-0.04032491
0.2802628
-0.3502537
-0.3355904
0.413304
-0.0802834
0.2667384
0.002336294
0.3548776
-0.1580777
0.4267875
0.3993565
-0.1393412
0.4569339
-0.3658841
0.1528987
;
-0.1069407,-0.2556545,1.253703,-0.4569587,0.04628038,0.1797453,-0.002403812,0.3653567,-0.03611666,-0.9013571,0.377806,-0.350606,0.3451216,0.6013809,-0.4680929,-0.337173,-0.005209478,-0.3018575,-0.2778072,-0.3694431,-0.2776037,-0.01785463,-6.768824,0.007805176,-0.0743276,-0.01098484,0.03098646,0.4015795,0.3746915,-0.3926973
-0.2360124,0.2790789,-0.1106595,-0.07838837,-0.3758196,-0.1425186,-0.06904477,-0.05369956,0.1181452,-0.03746345,-0.2408791,0.3203196,-0.1997949,-0.037157,0.0877371,-0.1479521,0.1298402,-0.1392586,-0.0163975,0.4951364,-0.1993462,-0.04067924,-0.2217496,-0.4733588,0.4607038,-0.09039786,-0.4599613,0.06195268,-0.004879773,0.3541828
-0.02714556,-0.4545543,-0.0002705743,0.4827991,-0.05953628,0.5667036,0.8983331,-0.0175196,-0.2109328,-0.5457996,0.5300869,0.4810044,0.548708,-0.6877833,-0.730122,0.636026,-0.1802395,-0.04554155,0.1183812,0.4109358,-0.001266034,-0.415095,0.03180756,0.0443309,0.2517512,0.1627531,0.2461343,-0.02987573,0.5708786,-0.001787186
0.03038382,0.1508816,0.0965038,0.04580494,-0.01286035,0.3735406,0.1127634,-0.1045856,0.04651501,0.09565897,0.1034819,0.02499765,-0.3157132,0.01330131,-0.4126189,-0.1100403,-0.07650475,0.01554489,0.05398053,0.2627337,0.464306,0.1350929,0.2243742,0.067662,-0.1270451,0.2513012,0.1638935,-0.496974,-0.008392822,0.2083292
0.3100046,0.3089064,-0.2041854,-0.4826575,-0.3311712,-0.8882296,0.4462992,-1.330111,-7.333469,-0.2146997,0.3578497,0.00663694,-0.2829605,-0.2352318,-0.06597134,-0.005442722,0.02947694,-0.112878,0.1039316,0.008337556,-0.8155409,0.2688305,0.01818782,-0.1721522,0.3893322,0.5011854,0.003852501,0.8464478,0.0779906,-0.01277994
0.1369599,-1.015653,0.4444101,0.6446733,0.2771209,0.655344,-0.2137635,0.01748968,-0.208011,0.06116134,0.338792,0.5489684,-0.177604,-0.03915953,-0.4950156,-0.1967262,0.7092069,-0.1547719,0.06678009,-0.1655398,-0.2338397,-0.1836511,-0.2072763,-0.2470997,0.06089394,-0.3142394,0.0680756,-0.7614191,-0.5499135,0.08393303
0.02940307,0.1995838,-0.001227699,-0.004433806,0.5884576,-0.2261371,-0.04633443,0.3268098,0.1297258,-0.3932464,1.381602,-0.4025948,-0.2466951,0.0452091,0.6264491,0.1297409,-0.1526034,0.2279131,0.2974821,0.01473695,0.002101024,-0.4668614,0.1614246,-0.4811028,0.1157356,0.2451871,0.1898186,0.2003692,-0.1969705,-0.473388
0.06860288,-0.006886241,-0.002202571,-0.0113506,0.4482928,0.09942486,0.2514727,-0.3462203,-0.212631,-0.1258825,-0.003954709,-0.2927369,-0.1422094,0.2388875,0.9204539,1.67351,0.06676048,-0.1125694,-1.451164,0.1646219,-0.123844,0.129761,0.005409992,0.04752652,-0.1383043,0.001736136,-0.02514012,-0.03129664,-0.5188095,0.05742437
0.2402802,0.2744229,0.06637126,0.432556,-0.001966121,0.01236725,0.4063476,0.4213381,-0.08158793,0.09933573,-0.189589,0.2447892,0.3505725,-0.2145955,0.0008172599,1.35664,0.07216062,0.2164297,6.618962E-05,-0.3112313,0.1941915,0.001654112,-0.3104721,-0.1125916,0.005998086,-0.07884496,-0.329731,0.003775587,-0.07296187,0.2825308
0.304741,0.1870098,0.1448822,1.100068,-0.1201068,0.09915096,-0.4962864,0.2475267,0.0380531,-0.03434041,1.026301,4.862293E-05,0.4297903,-0.0778394,0.0565117,-0.494642,0.05049471,-0.09263176,-0.004559183,-0.2536258,-0.1337401,-0.278877,-0.2981407,-0.2126292,-0.04285691,-0.03211515,0.4648626,1.011665,0.1574794,-0.04644418
-0.0772013,-0.1154519,0.07063104,-0.09905297,-0.03914326,0.3082185,0.2211694,-0.4231091,-0.421294,-0.06878832,0.04749352,0.370611,-0.198745,-0.3493357,-0.2647374,0.006569639,-0.1521373,0.40662,0.07354774,0.002464129,-0.2461507,0.00633961,0.1920971,-0.006916591,0.0508756,-0.03316123,0.02379694,0.1743329,-0.0001583015,-0.419625
0.4991669,0.05095805,-0.1949985,0.1224899,0.1426139,-0.1263333,-0.255721,0.0006683252,-0.3236867,-0.01589732,0.3006538,-0.3870211,-0.4353795,-0.01449748,0.4057703,-0.02690773,0.3835025,-0.2512312,-0.6694596,-0.238757,0.1958029,0.0796326,-0.1525166,-0.04774654,0.2776105,0.889887,0.2976563,-0.06641236,-0.2407915,-0.0330116
-0.5553026,0.6484066,-0.3123353,-0.1334619,-0.1357301,0.2105688,-0.002470276,0.0005830879,-0.3429984,0.229107,-0.0004610636,0.2102681,-0.4873145,3.471177E-05,-0.6404749,-0.003114358,0.04479966,-0.1288499,-0.04913976,-0.4804924,-1.093323,0.3219552,0.1567629,-0.004599988,-0.4357797,0.08435702,0.002153547,-0.6772966,0.4688537,-0.155684
-0.5554805,0.1058396,0.1502019,-0.2732037,0.08610791,-0.2724144,0.05145305,-0.0219168,0.147975,0.7807233,-0.3552133,-0.01481552,0.3370683,1.038893,0.3033186,0.001044251,0.2187091,0.4903061,0.6273068,-0.01586293,0.002491764,0.009345949,0.9326845,0.2171903,-0.1317428,0.2100294,-0.03472509,0.08173647,-0.170785,0.3079201
0.02388484,0.05010189,0.9232072,-0.06843822,0.06510307,0.213224,0.01395827,0.05386327,-0.2637938,-0.211805,0.3628328,-0.6193867,0.1525601,0.4670535,0.4059046,0.01211495,0.349544,-0.003586716,-0.5222129,0.4685545,0.2056537,0.3155119,0.1142439,0.01199587,-0.2511805,-0.4356432,0.007587053,0.004513491,-0.007312119,0.142012
0.1490671,-0.3494314,-0.1855137,0.003650783,-0.1664867,0.8881567,-0.2926589,-0.07275239,-0.4283621,0.04450597,0.01886355,-0.0827674,0.4240414,0.000134343,0.04769877,-0.2559808,0.02090933,-0.008055753,-0.01401561,0.4106174,-0.1445757,0.2169037,0.04045669,0.01300169,-0.1542277,0.007273438,1.079988E-06,-0.4963874,0.4125512,0.3525043
-0.05921608,-0.6070305,-0.1211423,0.3102919,-0.01761574,-0.1277611,-0.03699537,-0.2048026,-0.1061305,0.0005121935,-0.2093496,-0.01210405,0.0001184084,0.4038828,0.1703953,0.3115801,0.00507109,0.025947,0.1064803,0.1143838,-0.4931146,-0.08016896,0.08594397,-0.3720984,-0.1012468,-0.4152459,-0.1636719,0.3316611,-0.3987813,0.4281418
-0.0620808,0.4527718,-0.0586313,-0.1100922,-0.5504537,0.2859002,0.01781324,-0.2197086,0.4301041,-0.4644334,-0.1036956,-0.143421,-0.003469741,0.01336888,-0.05625409,0.02410921,0.03197793,0.08574799,0.0488672,-0.476316,0.004908105,0.08551687,0.008906463,-0.1449476,-0.2740763,0.4794249,-0.3057449,0.07780335,-0.4295743,-0.3013468
-0.1776088,-0.006928358,0.1910536,0.06604683,-0.3035548,-0.1886378,-0.3879589,-0.2167965,-0.4625013,-0.3763655,0.4359441,-0.1256088,-0.03234678,-0.01383073,-0.5083392,0.9040793,-0.1591811,0.04880622,-0.01655813,-0.007201703,-0.163282,-0.000381165,-0.08665067,-0.006140659,0.2562397,0.1684358,-0.3262852,-0.4484838,-0.4759736,0.1813899
-0.07061905,-0.7015369,0.215391,0.4941192,0.1468553,0.2362554,0.1506098,-0.4044297,0.4714535,0.414427,-0.02947873,0.2612156,0.03001907,-0.05619698,-0.002197453,-0.2114506,0.1428106,-0.4393225,-1.137345,0.000276925,-0.228336,-0.103626,0.3066458,0.2237521,-0.1552274,-0.4474638,-0.1816402,-0.0001471488,0.2950584,-0.1082241
0.3663601,-0.02236884,0.01138433,0.05337401,0.03773702,-0.3974992,-0.5026259,-0.005409549,0.07861511,0.3921437,-0.08746309,0.0644265,0.1142181,-0.004742589,-0.5167009,0.01751694,0.1101828,-0.1162542,-0.1004637,0.04153259,-1.664555,0.02004148,0.3127091,0.4080843,0.2298342,0.4676034,0.03570952,-0.6289518,-0.1630609,-0.4943449
-0.0214756,-0.06978849,0.07381155,-0.6923143,0.04948285,-0.197888,-1.104304,-0.05175297,-0.002492964,-0.0003986194,-0.004506077,-0.06164747,0.01277651,0.0002390798,0.4935202,0.00158418,0.1601026,0.4382265,0.558927,-0.2234901,0.003532891,0.00403632,0.03380385,0.04477275,0.0005024517,-0.02794617,0.03209722,0.227045,0.3523149,0.3387088
0.01578862,0.3232392,-0.06005009,-0.002435368,0.4469085,0.1295024,-0.4706062,0.2615318,0.007729314,0.4497117,0.001117951,0.6676816,-0.4123019,0.07407206,-0.05403832,-0.182861,-0.1647658,0.1770335,0.2803642,0.1271424,-0.6023733,0.04933423,-0.3099492,0.2451079,0.07565969,0.3560957,-0.3853087,0.2477721,0.01562692,0.4841212
-0.0337179,-0.05049254,-0.2283001,-0.1573448,-0.3508174,0.4983328,0.3814884,0.00848863,0.2595465,-0.006226679,-0.0003619012,-0.111321,-0.0005095098,0.1811586,0.5336107,0.1194565,0.3420386,0.09570219,-0.05512386,0.04129606,0.0004565918,0.033976,-0.01787607,-0.04586456,-0.6184916,-0.1131867,-0.3715872,0.4963312,0.0410984,0.0856904
-0.3163674,0.2910452,-0.3895308,-0.4296225,2.986947E-05,0.5608376,0.4170741,0.08504485,0.0005429347,0.05290979,-0.4761587,0.1511047,0.1981053,-0.2047778,0.4491836,0.07205778,0.04990311,0.05262333,-0.4367214,0.2899835,0.1664889,-0.2293719,-0.4959624,-0.1335343,-0.7865408,2.323901,0.3250512,0.02815988,0.0183055,-0.1666451
-0.2016312,-0.4581388,-0.4577315,0.2723779,0.1367019,-0.2447906,0.437345,-0.116559,-0.469204,-0.1990402,0.01773226,-0.4714173,0.05516485,-0.03790218,-0.0160709,-0.06124259,0.3639297,0.1907689,-0.2070195,0.01482041,-0.144716,-0.1838142,0.3927615,-0.0797804,-0.04718635,0.06496156,-0.1148236,0.002124256,-0.0001929755,-0.0225319
-0.1110763,-0.2157198,-0.2267247,0.2511683,0.006386136,0.267049,-0.3157571,-0.004858772,-0.01928595,-0.286927,0.1164805,-0.3822941,0.1526683,-0.04473081,0.8193056,-0.02745196,0.2398085,0.6755403,0.3619487,0.2755231,0.0765335,-0.04244374,0.1740561,0.3951743,0.1530242,0.3076273,0.03528219,-0.1722179,-0.08439891,-0.0115523
0.5582958,0.5950817,0.2409576,0.1253843,-0.1428436,0.03880562,-0.141673,-0.1362767,0.4504434,-0.04002839,-0.03234964,-0.06326872,-0.6217065,0.4599748,-0.4295854,0.4184694,-0.4012469,0.1138025,-0.03440496,0.003491104,0.001628575,-0.6131194,-0.2280539,-3.659954,-0.5882397,0.06398484,-0.2036256,0.3053117,0.03841524,0.1186017
-0.1881632,-0.08165935,0.02405173,0.2268399,0.07211971,0.3398998,-0.434553,0.3710658,0.2261254,-0.2949743,0.3221299,-0.6469455,-0.001025594,0.03922147,-0.2533797,-0.3854498,-0.2114409,0.2445407,-0.5905986,-0.001770259,-0.3380749,0.2077498,0.273895,-0.01840256,-0.09107009,-0.05363244,0.3173829,-0.04380418,-0.3843211,0.003230494
0.2875226,0.4440869,-0.01266977,-0.2577351,0.07593966,0.2215122,-0.06758544,-0.07875091,-0.01624459,0.2760783,0.002419814,0.003811268,-0.001593611,-0.4436733,-0.3744944,0.2467204,-0.3155528,0.0576184,0.006732859,0.0479125,0.764993,0.1797968,-0.3326519,-0.2312302,-0.3298768,-0.009930264,0.5095289,0.01957333,-2.726361,-0.358297
;
-0.5920615,0.01333272,-0.2397242,0.3173356,0.02628902,-0.0002120595,-0.3906105,0.003122151,-0.409581,0.5529125,-0.02013029,0.01251323,-0.1031432,-0.1724568,0.101096,0.2102594,-0.06079569,0.01895517,-0.01882031,-0.01259908,-0.4312159,0.008184147,0.08825302,0.3053135,-0.2684445,-0.06393769,0.007519688,0.4749234,-0.2048487,0.2712896
-0.01027722,0.02996423,-0.008886221,0.2010391,0.06619638,-0.1354764,0.09585982,0.3233067,-0.01003828,-0.2199141,-0.03185946,0.01424637,-8.496626E-05,0.03299926,0.02349258,0.2771521,-0.3105109,-0.1860587,0.3457478,-0.08175392,-0.05220578,-0.08567337,-0.04622418,0.0001397553,0.07212754,0.03095049,0.3268886,-0.006492176,-0.1480389,0.3108778
-0.01514354,-0.4265997,-0.47864,-0.03610343,0.465695,0.006292745,0.08312453,-0.03717704,0.1177695,-0.202004,0.004883508,0.0004907981,0.05897605,0.3807471,-0.1882768,0.02845723,-0.331336,0.118779,0.6227721,-0.0123809,-0.00276524,0.07021046,0.3902073,0.2024075,0.3295058,0.07419648,-0.00868655,-0.2174772,-0.1607726,0.2156819
;
0.04842799
0.3268112
0.1328455
0.02075883
-3.485595E-06
0.1698682
-0.2674642
1.000898
-0.289598
-0.05297994
0.1393616
-0.008188381
-0.1882508
0.0007705412
0.3785288
0.4342487
-0.1094411
-0.0660091
0.3197659
0.02158264
0.3365798
-0.1496205
-0.2152557
0.00216112
0.2282678
-0.7734042
0.1959449
-0.0169526
0.08493111
-0.1941974
;
-0.2182115,-0.5032925,0.09146437,-0.1559969,0.499102,-0.01418072,-0.5130447,-0.02783032,0.0861496,-0.1065142,-0.1376779,0.2989099,-0.2505391,0.2228507,-0.3690116,-0.0006630839,0.004181174,-0.2830527,0.003579737,-0.08209997,-0.01096592,-0.3541662,-0.1002716,-0.2115537,0.09544817,-0.0533921,0.01299233,0.05208725,-0.04575468,0.04282522
0.1415167,0.002369106,0.2718284,0.3233047,0.05455726,-0.2996709,0.1824793,-0.02193194,-0.0455026,0.4814816,0.1486248,0.2410124,-0.3743658,0.0171765,-0.0784623,-0.1848992,0.03935546,0.1074435,0.361347,-0.3185933,-0.2268103,0.001327271,0.04383519,0.1882806,0.2628419,0.3696567,0.08194494,0.01450629,-0.1713843,-0.07338207
-0.008222526,-0.4072547,0.0957759,-0.6806956,-0.04591471,0.0005759568,0.9190528,-0.1242489,-0.1110237,0.02044693,-0.0002935809,-0.3030469,0.05606142,-0.4468735,-0.7627094,-0.5453308,0.4223228,0.001926957,-0.08832837,0.06159023,-0.2745548,0.3850549,-0.04748732,0.1485797,-0.1682552,-0.05107621,0.395485,-0.1821289,0.402663,0.2148508
0.1749944,0.2462865,-0.2847176,-0.2592185,-0.2780288,0.001165402,1.858669,2.579547,0.5554787,-0.04388313,0.2722943,-0.2280444,-0.01517767,0.1161005,0.1942992,-0.2100397,-0.1614863,-0.02330125,0.4345793,0.2885993,-0.241509,0.4408313,0.168444,-0.3393003,0.161729,0.2474734,0.1310493,-0.2050824,0.02471638,-0.143537
-0.008548993,0.3332312,-0.4912414,0.0003705523,-0.7632891,-0.001241184,-0.03757202,0.1330154,0.2231093,0.6441281,-0.3549696,-0.0303136,-0.3516991,-0.2739686,-0.1173182,-0.0004667054,-0.3168623,0.1850931,-0.8986536,-0.1102301,-0.3730929,-0.3030455,-0.03370261,0.03711751,-0.3124601,0.02623438,0.3049135,-0.1797863,-0.2776952,-0.02744275
-0.3012934,0.03548127,0.1002589,0.02968107,0.09805512,-0.16163,-0.4538696,0.03523917,-0.4937406,-0.3874371,0.4561375,0.5498648,-0.5725676,0.0006139262,-0.4310108,-0.1374884,0.3337929,0.1646151,-0.1702094,-0.001818105,0.4015849,-0.01680421,-0.01307591,-0.3317858,-0.2610207,-0.07896418,-0.07419366,-0.01767777,0.08855477,-0.01467291
-0.08669525,0.08905283,1.040263,-0.04991633,0.5206374,-0.07303208,-0.4920118,-0.01067902,-0.3760684,-0.04138244,-9.350666E-05,0.1458483,-1.123046,-0.2618296,0.0001008407,-0.2970015,0.2904474,-0.3121232,0.3301587,-0.09077355,-0.0317868,0.3963072,-0.1647912,0.2985195,-0.2380482,-1.636982,0.531541,-0.01103369,-0.07228976,-0.2555034
0.1177961,-0.5012178,0.1216338,-0.1872961,-0.9715381,0.7500499,0.4433198,0.005499222,0.4939155,0.1018991,-0.143884,-0.1173101,-0.06575745,0.01035374,0.1447104,0.4655753,0.00140178,0.4380681,0.5442026,0.07826435,-0.05437798,0.2076641,0.2208674,0.002410063,-0.06198546,0.04263102,0.01729061,-0.2186778,0.0007271217,-0.2283634
0.5127305,-0.3197986,0.427512,0.2852863,0.1712385,1.445241,-0.4500424,-0.2922891,0.6662754,0.001565091,0.2479793,0.09372165,0.1284648,-0.4603163,0.2060387,0.3808222,0.3690861,0.05565767,-0.01389311,0.2474123,-0.1821026,-0.3710366,-0.1330271,0.05078755,-0.1756099,-0.11586,0.02083,0.2511668,-0.01367891,-0.2460749
0.1587846,-0.427104,0.2742146,-0.07803406,0.1809755,0.3663952,0.09934326,-0.4539924,0.0008578968,0.3909934,-0.501013,0.4033402,-0.2712908,-0.1305115,0.1419729,0.2293597,0.5708439,-0.450546,0.1957911,-0.06375615,-0.419601,-0.2494925,0.002094314,-0.2054515,0.06453572,0.1028987,0.2313748,0.2570099,0.477806,-0.1511799
0.3742253,-0.006371668,-0.3131771,-0.1236124,0.003527813,0.00202666,-0.008488553,-0.5774878,-0.478285,0.05889406,0.3641607,0.3050164,-0.1197992,-0.2888781,0.5893698,-0.3470598,0.05604658,-0.2458127,0.07582451,-0.01304977,-0.499988,0.02986736,0.2793353,0.406402,-0.1463187,0.2619188,-0.06957427,0.3981634,-0.06423157,0.000881406
0.06336945,0.001494127,-0.4367752,-0.05939931,-0.0596686,0.05969325,-0.08774201,-0.2052427,-0.343985,-0.02949653,0.1687994,0.02847725,0.1706356,-0.121747,0.03921598,0.1678767,0.2277391,0.4202805,-0.1685092,-0.3651152,-0.06860518,-0.4347728,0.1734699,-0.08493243,0.494235,-0.005150646,0.4079419,1.945951E-07,0.6510604,0.0008202208
-0.1127618,-0.01339157,-0.4182305,-3.530377,-0.2527799,0.1226488,-0.02362313,0.08102307,-0.08143741,0.08758907,0.005743284,-0.4478149,0.04898113,-0.4398877,-0.7639189,-0.2665877,0.04506451,0.02140778,-0.3319106,0.001473012,-0.0965604,0.08561216,0.252612,0.335564,0.2294288,0.2921408,0.07941383,-0.5336136,-0.3376793,-0.2493687
-0.4310123,-1.058831,-0.07361537,-0.135697,-0.4587922,0.00354337,0.1126965,-0.4729027,0.2610139,0.4302689,0.1898967,-0.08167899,0.01595944,0.4120824,9.297424E-05,0.04019705,-0.3046186,-0.05090417,0.06162119,0.4816813,0.1997847,-0.8960713,-0.002164365,0.5034207,0.1570409,0.0368842,-0.3205018,0.05695548,0.5944079,0.1132781
0.6879185,0.1425704,2.345676,-0.04425731,0.3031312,-0.04581193,-0.01925577,0.02782957,-0.1028615,0.2847575,0.05716816,0.3189059,-0.03167859,0.08423599,0.4258424,0.4434446,-0.4326661,-1.019169,0.3101178,-0.4409827,-7.327365E-06,0.08569235,0.280899,0.4968929,-0.437646,0.3550025,-0.350337,-0.06768515,-0.05507249,0.01205736
-0.01825655,0.2449466,-0.4999628,0.0001128304,0.526857,0.002345228,-0.09387773,0.08039372,0.01054825,-0.08742136,-0.04152064,-0.3718218,1.477086,-0.2595772,-0.2791079,-0.1801422,-0.03567632,-0.01411104,0.02744002,0.164071,-0.2028228,0.1927055,0.0759713,0.07458971,-0.2314027,-0.8062907,0.01367313,0.03551334,-0.07580577,-0.06636158
0.6036525,0.1554012,0.02729074,-0.03132262,0.1035579,0.4209919,0.1992766,-0.02495913,-0.1032645,-0.1453899,-0.0002623407,-0.1290772,-0.0002844383,-0.3078976,0.03008175,-0.05648501,0.6839859,-0.07450341,0.528331,-0.005925844,-0.08611156,0.4016309,0.01716461,-0.7310073,0.0003090551,0.7307824,-0.4548895,0.5465192,-0.001695812,0.04191166
-0.1539141,-0.1037702,-0.2283343,-0.210962,0.1628768,0.422989,-0.06162076,0.1440111,-0.2059505,-0.2237263,-0.08297724,-0.4300123,-0.56892,-0.01811941,0.1854902,-0.3166313,-0.001974074,0.1411714,0.003547835,0.02556468,-0.001104101,0.0242663,0.14027,-0.5109671,0.1099442,0.1142785,0.3683056,0.03435943,-0.1618018,0.009164457
-0.2621059,-0.005346512,-0.2408404,0.344438,0.009409328,-0.4798216,-0.1081534,-0.005397578,-0.2226241,0.1148838,1.35957,0.1077421,-0.3097438,-0.1171057,-0.1062121,0.1279718,-0.01438874,-0.33474,0.4879568,0.009622403,0.3769298,-0.5873032,-0.07408509,0.09852093,-0.008393926,0.4386472,0.001556933,0.1695651,0.09173566,-0.2117776
-0.04658831,0.3850528,-0.2511222,0.004723738,0.4813697,0.7684127,-1.989927E-05,0.4688017,0.1105017,-0.05268009,-0.0416044,-0.02253903,0.3863698,0.07508744,-0.6134703,-0.4951342,-0.3278213,0.3158078,-0.05997826,-0.3610377,-0.04352349,-0.3642074,0.4507041,-0.009365837,-0.1221028,-0.0001406746,-0.2629131,0.001243746,-0.1899121,-0.08706328
-0.7883393,-0.01365592,-0.04233515,-0.009983119,-0.05030562,0.4974619,-0.2633767,-0.1251117,-0.08950964,0.4169873,-0.1032023,0.4207186,-0.05486156,-0.02450585,-0.1636816,-0.02612354,0.129558,0.02839913,0.4426632,-0.4202317,-0.2205536,-0.4033841,0.3772599,0.01847257,0.1254797,-0.2156313,0.0002867983,-0.002421439,0.01252657,-0.004004369
0.3757466,-0.1696854,-0.07279295,0.6015682,-0.002398742,-0.04339726,0.02204448,-0.08350743,-0.8575072,0.2914454,-0.1483082,-0.0002459517,-0.05017259,-0.2035443,0.4300624,0.002128837,0.02185616,-0.7382811,-0.3781621,0.1127765,-0.4304296,-0.02041089,-0.4113725,0.005739514,-0.04125488,-0.05202228,-0.0001164761,0.04987627,-0.01424472,0.05000502
0.001773575,0.09775984,0.3334566,0.07768599,0.4038105,0.6891875,0.01617909,0.4023995,-0.3442464,0.5078383,0.5224249,-0.06722208,1.041286,-0.3977536,-0.3597299,0.2116069,-0.1584279,0.01930209,0.4679251,0.1917623,0.05117092,0.2334121,-0.01953921,0.1904886,0.3444555,-0.2337293,-0.002146312,-0.09486505,-0.3539584,0.05358098
-0.1979577,0.4960891,0.09441473,0.4348151,0.1071618,-0.3507849,-0.7220901,-0.1667262,-0.02896489,0.01452294,-0.01367741,0.0378569,-0.004694782,0.5145696,-0.0307646,0.09519048,0.3047501,0.056896,-0.4148366,0.06089346,-0.02394539,0.0177002,-0.06518304,0.2019078,0.2368082,0.1077873,-0.01507191,0.03777985,-0.0264484,0.3475875
-0.2333535,-0.1744261,0.4777638,-0.1136352,-0.1683931,-0.4255309,0.2942394,-0.2325672,-0.1105221,7.718369E-05,0.01299542,0.247793,0.06059127,-0.3984157,0.3435977,-0.457918,0.09374717,-0.2716607,-0.4345976,0.2354435,-0.0306101,0.09487929,0.3897755,0.1109535,0.1172847,-0.08083378,0.7225188,-0.0735564,-0.1144125,0.1133984
-0.3224372,-0.02833612,-0.3650253,-0.7396325,-0.08494633,0.3033326,-0.2649,-0.003081767,-0.4900237,-0.08480781,-0.1145028,0.02801589,-0.01560331,-11.82011,0.01414755,-0.3298154,0.3225111,-0.001697593,0.7209383,-0.3025154,-0.3932302,0.02680583,-0.14064,-0.3680879,-0.1981521,0.05880708,-0.01722645,-0.3644449,0.3153669,0.003115823
5.488878,0.1075297,0.002687056,-0.003736175,-0.1039933,-0.005353002,0.05045479,-0.1197326,0.005878959,0.2647209,-0.04597704,-0.05690479,0.005331944,-0.0426628,-0.002514724,0.4924613,0.0332603,-0.1470044,0.03671514,-0.01992313,-0.02448467,0.3006531,0.06542951,-0.004599485,0.0004278133,0.09444806,0.007336337,-0.1242359,-0.01704923,0.1137068
-0.483569,0.001603363,-0.1749942,0.06852868,-0.1781309,0.3967176,0.09102684,0.09655625,-0.00126233,-0.4946419,0.5767501,0.4689538,0.1406882,-0.133514,-0.02262198,0.007261405,-0.05224605,0.3333887,0.7902891,0.1227985,-0.001544532,0.3859435,-0.337575,-0.1274856,-0.1129141,0.01972978,0.4124266,-0.3473908,0.3581086,-0.0119485
-0.2141928,-0.2873688,0.000983175,0.8268733,0.3054205,-0.09498352,0.02247797,-0.2787964,-0.02345896,0.05266213,-0.476095,-0.002961262,-0.2854052,-0.026624,-1.132266,-0.3928329,0.1193414,0.3861219,-0.3825325,0.871263,0.1455062,-0.1567322,-0.1428799,-0.2815207,-0.4421965,0.01095365,-0.002907164,0.1365923,0.2975546,-0.2959282
0.2822597,0.2668005,-0.02048217,-0.05342381,-0.2987577,-0.2274334,-0.1329601,-0.2392913,-0.1459243,0.09292717,1.03434,-0.2306533,0.1871111,0.288571,0.005210742,0.2127565,-0.3483714,0.7115471,0.4656724,0.01806596,-0.1678877,0.3705137,-0.02404276,-0.1620809,0.09891394,0.4365195,0.1036184,-0.7735783,-0.1761382,0.5102764
;
-0.003900788,0.1923432,0.2056399,0.003334327,-0.4438735,0.0690977,0.06695204,-1.108855,0.02055442,0.5530569,0.0001376207,0.03455726,0.2345288,0.1247925,0.07536989,-0.0145652,0.1763245,0.03157676,-0.1725824,-0.02467217,-0.003356418,0.2063935,0.4677454,0.3566377,0.07158079,0.8506053,-0.04148245,0.0968267,0.0300156,-0.05062149
-0.02213367,-0.0946424,-0.001910646,-0.01874149,-0.3472007,0.03578717,0.07692701,0.02185323,0.1163481,0.2583492,-0.1637436,0.5229954,0.2525976,-0.3954515,0.1432445,-0.004765195,0.3044751,-0.04666389,-0.4062597,-0.002252201,7.077357E-05,-0.001286024,0.01394306,0.29139,-0.2943051,0.02899871,0.0242062,0.1429777,0.1231642,0.107795
0.1844562,0.1839059,0.2367492,-0.05523092,-0.190034,-0.2156063,-0.01015179,0.3122405,0.04467575,0.005509365,-0.1813727,-0.2877584,0.01930944,0.139435,-0.5506608,0.00624041,0.08335918,-0.04379428,-0.270622,0.006874255,0.2485473,-0.7327322,-0.04559487,0.1375941,-0.2510096,-0.1155542,-0.1047092,0.4934188,-0.1075225,0.3052154
;
