0.2586278
-0.3129191
-0.009724096
-0.2374479
-0.2838796
0.007112625
-0.29264
-0.09301855
-0.5169051
-0.3116848
;
-0.8256661,0.08112261,0.1583481,-0.360617,-0.01189391,0.3206944,-0.2002886,0.7239531,0.1300497,0.6102195
-0.1935143,0.005214966,0.4322248,-0.4197257,-0.2547822,0.1987918,0.09502345,-0.5854592,-0.1741605,-0.006700432
0.3808214,-0.2925853,0.7639912,0.009513006,-0.0274185,-0.03037018,0.3023937,-0.468379,-0.09446834,-0.3352945
0.1383906,0.05590277,0.03052749,-0.1304031,-0.1946569,0.02250077,-0.2084348,-0.09540325,-5.086325E-05,0.4690655
0.3623696,0.2612392,0.3758138,-0.1346886,-0.1714953,-0.004854689,0.007754028,-0.2280046,0.1841081,0.06846497
-0.0009313217,-1.305102,-0.1275559,0.02679355,-0.2926474,-0.4074626,0.4927773,0.3435882,-0.1861214,-0.2781328
0.1438985,-0.08466524,0.2818248,-0.2851971,-0.1518664,0.4744596,-0.2542548,-0.00572732,0.06334215,-0.6008991
-0.209689,0.001736376,-0.5361151,0.08522076,-0.2357497,0.00449415,0.03895627,-0.007425156,-0.328714,0.3359272
-0.1306015,0.2536621,0.394209,-0.2607731,0.02866975,-0.04979486,0.01794012,-0.1063464,0.2153623,0.3898661
0.1195317,0.01226634,0.2776356,-0.1235458,0.002866328,0.3010711,0.1137145,-0.1015829,-0.01561707,0.1492388
;
0.0008100851,0.0009483954,-0.2773753,0.0001499199,-0.437129,-0.04382297,0.1630118,0.02944726,-0.4961349,-0.09906775
0.02743249,0.4023808,0.01430348,0.1013227,0.1332146,-0.9258704,-0.1884927,-0.07703191,-0.2037129,0.01533836
;
-0.01606106
0.9559886
-0.1780252
0.1904477
0.0579607
0.06335421
-0.03976637
-0.05513812
0.08511735
-0.02133068
;
-0.1202717,0.1660377,0.4418622,-0.04060408,-0.3812981,0.4578242,0.353043,-0.6521415,0.08760802,0.3528002
-0.1228614,-0.4875596,-0.06451014,-0.3600022,0.3076409,0.485721,-0.9185148,-0.1662955,0.1899279,-0.2809875
0.06069503,-0.1021426,0.3098258,-0.6693822,-0.2784401,0.4924002,0.1336084,0.1373869,0.4051135,-0.1928766
-0.000423152,0.08969248,0.07605273,-0.03062321,-0.0298102,0.2509885,-0.6378669,-0.2089411,0.3460703,0.06446725
0.001650989,-0.2726026,0.07210237,2.906405,0.03266752,0.08088966,-0.5799656,0.3801818,-0.1520999,-0.009544395
-0.1368707,-0.06524939,-0.00186344,0.1640498,-0.08079092,-0.07720729,-6.339735E-05,0.00983047,0.04539806,-0.5641452
-0.2394054,0.01552281,0.000380658,-0.2151321,0.263932,-0.4220332,-0.1814067,-0.5555494,-0.2708664,-0.003177934
0.3320963,-0.02639467,-0.4036767,0.08201569,-0.4223076,-0.2340707,-0.1758648,-0.005427017,0.02220851,-0.2783227
-0.09224108,0.3272463,-0.5338926,-0.1089244,-0.00134885,0.4392107,-0.08701915,0.1149702,-1.016749,0.2413711
-0.4042737,0.4230614,0.1359624,0.01695684,-1.733238E-05,0.203085,-0.02191919,0.1407226,-0.06206238,-0.2107201
;
0.230157,-0.0007589496,0.1144477,-0.0138058,-0.1291152,0.04012445,-0.431614,0.1282581,-0.09701684,-0.08153726
-0.1210965,-0.1497637,-0.4791646,0.01936591,0.007568341,0.26585,0.05650573,0.3831258,-0.1476549,-0.3085469
-0.0786113,-0.04227728,-0.01509744,-0.0507943,0.177218,-0.05321962,-0.3535082,-0.147002,-0.1753161,-0.2062411
;
