0.2689872
0.08931886
-0.1120082
0.7274184
-0.3118986
0.009255516
-0.183485
-0.02245927
0.4724691
0.4818614
;
0.2863561,0.7588177,0.4373001,0.2314676,0.1590016,0.0987836,0.3350068,-0.3312378,0.1100235,0.03985924
-0.1935143,-0.01733819,0.3849239,0.01496226,0.4360741,0.1844101,0.2368957,-0.3514442,-0.05298036,-0.05825737
-0.05680941,-0.2925853,0.3883545,0.01550275,0.03178756,0.6739832,0.4348191,0.0313259,0.07065183,0.2969853
0.1310899,0.04011931,0.3280757,-0.1304031,-0.3489343,0.06383803,-0.1232359,-0.02028292,-4.859498E-05,0.03233418
0.09524582,0.08801168,-0.07417875,0.09961972,-0.04930692,0.01015129,-0.2847781,-0.2769599,-0.02655018,-0.4842701
0.0009313217,-0.3556786,-0.2320271,0.3857849,-0.5073641,-0.1291655,0.09215731,0.4532594,-0.1472375,0.2065009
0.02450516,-0.1894488,-0.3147098,0.179593,0.1835104,-0.2420895,-0.2542548,-0.01339739,0.05375614,0.4075954
-0.4666613,0.001607901,-0.4241598,0.411384,-0.07798398,0.005179255,0.4507402,-0.01970363,0.008507669,0.159048
0.268021,0.2187727,-0.4087696,0.01318184,0.04776782,0.01184288,0.1144447,-0.3967047,-0.4775907,-0.0002645345
-0.6025108,0.6512137,0.02343991,-0.3600487,0.1663713,-0.3419138,-0.317938,-0.1588342,-0.2886129,-0.02541459
;
0.1209916,-0.03465116,-0.3548424,0.0003011526,0.02943962,-0.07837767,0.01011115,0.7425427,-0.4961349,-0.000159105
0.06659204,0.03114065,-0.0806822,-0.464164,0.07198316,0.226068,-0.04014048,0.05287808,-0.04108077,0.2154369
;
-0.003733753
-0.780682
-0.1780252
0.1099646
0.1981376
-0.05266109
0.07027751
-0.08132751
-0.3431782
-0.02133068
;
-0.09757961,0.09122614,-0.175742,0.002992566,-0.276731,-0.0001700252,0.4768778,-0.3286998,0.09151373,0.437588
0.1228614,-0.4963819,0.06451014,-0.4816434,0.00673359,0.3321283,0.9185148,0.01213344,0.08998626,-0.02876569
0.09459942,-0.1238156,0.1584769,-0.0909735,-0.1776066,0.2288296,-0.4740887,-0.0657111,0.1095966,0.6524592
-0.3687487,0.1231467,-0.4502027,0.04563534,0.002743879,-0.3748602,-0.8901835,0.3541573,0.3460703,-0.06446725
0.4933207,0.2353444,0.07210237,1.241633,-0.01927629,0.07427245,-0.1744887,0.03088856,0.01235015,-0.4740449
0.1368707,0.005541697,0.00165269,0.1296422,-0.03225366,0.004408993,-2.843889E-05,0.0098238,-0.09037759,-0.002882882
0.0002931507,0.02918644,-0.000380658,-0.0002275159,-0.4664392,-0.4220332,-0.3222064,-0.4040042,0.266309,-0.003448407
0.08604287,0.0253179,-0.09214228,0.328644,-0.4870035,0.1928708,0.4790778,-0.008263206,0.07572187,-0.05399087
0.04347502,0.1802739,0.2120301,-0.003934599,0.00134885,-0.023264,-0.01758917,-0.1149702,-0.6334732,0.1521122
-0.9063413,0.009438717,0.251158,0.4049855,1.733238E-05,0.06769125,0.01084191,0.1407226,-0.06206238,-0.4797714
;
-0.3121164,-0.0009261842,0.2247699,0.0138058,0.1598679,-0.04012445,-0.4742293,-0.000198692,-0.2147412,-0.1758701
0.1210965,0.0504094,-0.4791646,0.1025963,0.007568341,0.09059769,-0.03519855,-0.6465566,0.2064983,-0.02573724
-0.20156,-0.04227728,0.2822921,-0.0001732142,-0.177218,-0.05321962,-0.3242496,0.06110298,0.1753161,0.186645
;
