-0.1216921
-1.272197
-0.2154568
-0.07919844
0.401803
-0.3784991
0.07889611
-0.2639849
0.03262569
0.3087321
;
-0.8513871,-0.4384421,0.2103779,-0.3107193,-0.0878889,-0.2233889,-0.3656149,-0.7708091,-0.1736057,0.07109529
0.1740376,-0.1155832,0.01391656,-0.482119,-0.01668816,-0.05502862,0.2475365,0.0005245341,0.2117659,0.04769164
0.05686725,-0.1776778,-0.1696624,-0.01485702,-0.4797262,-0.001659367,0.2632221,-0.003652758,-0.1851976,-0.475379
-0.1812686,-2.374573E-05,0.3332224,0.2315701,-3.625655E-05,-0.4554942,-0.103397,-2.823691E-06,0.2551582,-0.4284383
0.02704367,0.4451697,0.2288269,0.1363562,-0.2828591,0.06848747,0.030832,0.1507342,0.2845418,0.09244954
-0.01058966,0.1946995,-0.04417604,0.4839714,-0.0004859704,-0.2048307,-0.2467019,-0.001481775,-0.01432883,0.0492932
-0.1351379,0.2722956,0.08836657,0.01010516,-0.04537132,0.1304606,0.0637632,0.511262,-0.7429757,-0.1978517
-0.4212476,-0.07707544,-0.2971886,-0.2121135,-0.2744102,-0.313652,1.039281,-0.3214271,1.215259,-0.231765
-0.03647104,0.1200809,0.396663,0.2651008,-0.5226507,-0.3415115,-0.4062157,-0.02202861,0.05001003,-0.04754167
-0.0007328709,0.3926809,0.2166023,0.01822308,0.21794,-0.01101331,-0.3337024,0.06870264,-0.2277107,-0.3702137
;
1.208643,-0.1435305,0.1830245,0.05692116,0.1902009,-0.7019239,0.0006267971,-0.2866632,-0.4670088,0.0233645
1.329589,-0.0003710063,-0.002674671,0.1322632,-0.2361737,-0.02053927,-0.1404281,-0.4052582,0.2450373,0.004695304
;
0.1776532
-0.09081608
-0.09865922
-0.01604043
-0.2514861
-0.1181941
0.06721267
0.3577568
-0.1995327
-0.2440209
;
0.437191,-0.2761382,-0.0308858,-0.0006554675,0.0005054387,0.3324461,-0.3499193,-0.3696988,-0.1335508,0.1067458
0.05897957,-0.4642687,-0.1034402,0.01165277,0.02064003,-0.11749,-0.09717461,0.4291431,0.0004201863,-0.00490193
-0.01925403,0.08250386,-0.002980333,0.05178849,0.1599701,-0.2562634,-0.05691129,-0.06471565,-0.1063706,-0.09175856
0.006106952,-0.02022939,-0.5027638,0.004576017,0.3076237,-0.05199236,-0.4028007,-0.04739681,0.04524972,-0.09373182
0.1761992,-0.2312842,-0.003042703,0.1469899,-0.1507161,0.3779227,-0.1685554,-0.2356555,-0.1199195,-0.02832413
-0.4473248,0.3785151,-0.1731878,0.1093783,-0.02987893,0.2029825,-0.01689011,0.2628885,0.08941634,-0.2164456
0.565153,0.4384542,-0.3272216,-0.1196385,-0.2971849,-0.07037705,1.309655,-0.6659576,0.00131262,0.4243764
-1.558846,0.1051375,-0.4045838,0.2144863,0.1303362,0.09431106,-0.4867325,0.009238109,0.04656108,-0.1902709
0.5703774,-0.5584035,0.05850822,-0.02588237,-0.01747866,0.2050497,0.4328047,-0.006887019,0.04436607,0.1877622
0.02034348,-0.3169703,0.007318119,-0.4015499,-2.844548E-06,-0.3997934,-0.5100951,0.06610049,-0.005846861,0.3449125
;
0.4658655,-0.1153741,0.0009183733,0.1862368,0.004759581,0.00415335,0.01175838,0.108166,0.1453678,0.1187292
-0.09755975,-0.006237501,-0.3522553,-0.1040476,0.009625513,0.0672353,0.04868822,-0.1982072,0.0002288852,-0.06277276
0.006721383,-0.01615614,0.09707647,0.02520841,0.1162594,0.0562396,0.08200328,0.008629387,-0.01036184,0.7511683
;
