0.2586278
0.4649791
-0.009724096
-0.3809853
-0.2838796
-0.007112625
-0.29264
-0.09301855
-0.5169051
-0.3116848
;
-0.8256661,0.04444535,-1.24805,-0.2565093,0.006575916,0.4556738,-0.09169976,0.7239531,0.1300497,0.3003204
-0.1935143,0.005214966,0.4322248,0.4197257,-0.2943863,0.1987918,0.1317126,0.3107487,0.01087469,-0.05825737
0.2097806,-0.2925853,0.7639912,0.009513006,-0.344926,0.02357204,0.4905292,-0.468379,-0.09446834,-0.2229947
-0.1383906,0.05590277,0.03052749,-0.1304031,-0.1946569,0.03633862,0.158898,-0.09540325,-5.086325E-05,-0.2032136
0.04931231,0.2612392,0.3758138,-0.1346886,0.4504385,-0.004854689,-0.007754028,-0.06642848,-0.1675792,-0.06846497
-0.0009313217,-0.1804337,-0.1275559,0.05857998,-0.2926474,0.4074626,-0.09215731,0.5176386,-0.1861214,0.2781328
-0.1438985,-0.08466524,0.2818248,-0.2851971,-0.2886762,0.4744596,0.5251896,-0.00572732,0.1047544,-0.6008991
-0.209689,0.001736376,0.5361151,0.4407771,-0.2357497,0.00449415,-0.3684257,-0.001183502,0.01045167,0.3359272
-0.246698,0.2536621,-0.1998464,0.02988975,0.01598581,-0.04146471,-0.03522155,-0.1063464,0.2153623,-0.3840399
0.1195317,-0.01226634,0.00954634,0.6108792,0.002866328,-0.397563,0.1137145,-0.1560093,-0.01561707,0.1492388
;
0.0008100851,-0.1637092,-0.009422737,0.0001499199,-0.01186616,-0.05043625,0.1630118,0.02944726,-0.4961349,-0.1093461
0.02743249,0.4023808,0.01430348,-0.3653609,-0.2345404,0.9258704,-0.2577437,0.02128655,0.013776,0.01533836
;
-0.01606106
-0.1367954
0.06939773
0.3855907
-0.3303068
0.2459475
-0.09560283
-0.08132751
-0.3431782
0.4107642
;
-0.1522712,0.09122614,0.1492393,0.3537486,-0.2119919,0.4601156,0.5190356,-0.3286998,0.07909606,0.4914954
-0.4119506,0.1171887,0.06451014,0.4376004,-0.05463737,0.3321283,-0.9185148,0.3951502,0.1755629,-0.01121121
-0.161656,0.1595232,0.3098258,0.3506681,-0.4183729,-0.09700117,0.2129105,-0.1373869,0.2343967,-0.6524592
-0.0004748879,0.08969248,-0.4502027,0.02794101,0.002743879,0.2519508,-0.4753835,0.4670319,0.3460703,0.06446725
0.5790398,0.4928045,0.07210237,1.241633,-0.02587861,-0.1278034,-0.3560533,-0.1031142,-0.2518904,-0.002573195
0.1747676,0.3372962,-0.00425759,0.1314238,0.1341415,0.4148923,-9.731053E-05,0.00983047,0.1388147,0.5641452
-0.3122222,-0.01552281,-0.000380658,0.1771843,-0.01288432,-0.4220332,-0.1814067,-0.5555494,0.06405073,-0.002125189
0.07158325,-0.0253179,-0.4036767,0.03722044,0.4480797,-0.2340707,-0.4790778,-0.008520314,0.02220851,-0.2783227
-0.07355589,0.1802739,0.5338926,0.002633893,0.00134885,0.2914829,0.008184956,-0.1691812,-0.3613566,-0.1426959
-0.3099982,-0.3508037,-0.1359624,0.4049855,-1.733238E-05,0.1030424,-0.001937,0.1407226,-0.06206238,-0.2633264
;
0.7106877,-0.3271021,-0.3638913,-0.0138058,-0.1088302,0.04012445,-0.431614,-0.284965,0.4106386,0.007107198
-0.4622207,0.5968326,-0.4791646,-0.03575718,0.007568341,0.08788947,0.05650573,-0.3988955,-0.4825046,-0.3085469
-0.2720853,0.4810146,-0.2822921,0.1822148,-0.006532233,-0.05321962,-0.2954599,-0.07897812,0.1753161,0.04970844
;
