0.3859662
0.3059388
-0.009724096
-0.7274184
-0.09584671
0.01524531
-0.29264
0.3934333
0.2734653
-0.3326994
;
-0.5233796,0.06270834,0.674857,-0.4295456,0.008628251,-0.05747402,0.9244437,0.4825323,0.05522979,-0.4112802
-0.1935143,-0.005214966,0.1971534,0.4197257,-0.2547822,-0.1750653,-0.129363,-0.3514442,0.2951915,-0.05825737
0.2097806,-0.2925853,0.3883545,-0.005451535,0.04630762,-0.03037018,0.3991163,0.009211754,0.09446834,0.2969853
0.1383906,0.05590277,0.553692,-0.1304031,-0.1946569,0.02250077,-0.192578,-0.09540325,-9.308031E-05,-0.03233418
-0.3565245,0.2612392,0.07417875,-0.4472133,-0.3159016,-0.2062292,0.06414251,0.3392823,-0.01271582,-0.101301
-0.0009313217,-0.3556786,-0.3142338,0.02679355,-0.2926474,-0.2559611,-0.09215731,-0.2657326,-0.1861214,-0.2065009
0.01714867,-0.07380718,0.2818248,-0.2851971,-0.1258305,0.3885771,0.2542548,-0.00572732,0.06334215,-0.6008991
-0.3200245,-0.002357197,-0.5361151,0.3848374,-0.216155,0.005179255,0.03895627,-0.01970363,0.008507669,0.3448815
-0.1202354,0.3515909,0.394209,0.02988975,0.02866975,-0.04146471,0.8114674,-0.3967047,0.4775907,-0.002906452
0.4707044,0.01226634,0.1672318,0.4320284,-0.298636,-0.1576751,-0.228533,-0.150442,-0.01561707,0.1492388
;
-0.02475172,-0.03465116,-0.2773753,0.0005795673,-0.01186616,-0.05043625,-0.01113259,0.02944726,-0.4961349,-0.4168998
0.07193733,-0.06699778,0.01208952,-0.464164,-0.2026825,0.4643099,-0.03495195,0.02128655,0.013776,0.01533836
;
-0.0138896
-0.780682
0.1780252
0.1099646
0.4837242
0.1829686
0.03801315
-0.3521407
-0.01411314
-0.02133068
;
-0.09757961,0.1020828,-0.1492393,0.3537486,-0.2119919,-0.0001700252,0.353043,-0.2557675,0.031625,0.437588
0.1415586,-0.4963819,0.06451014,0.4376004,0.05463737,0.3321283,-0.1867219,-0.3951502,0.08998626,-0.02876569
0.07455844,0.1663816,0.3098258,0.472243,-0.4936755,0.2288296,-0.1336084,-0.1373869,0.6833594,-1.292849
-0.3687487,-0.08969248,-0.2318327,0.02794101,0.0006875687,-0.2634979,-0.4753835,0.4670319,0.278396,0.06446725
0.2789392,-0.2726026,-0.2662073,2.681526,-0.008141839,0.15087,0.2567589,0.5370258,-0.1520999,-0.1876146
-0.2224741,-0.2042257,-0.002658597,0.03029568,0.05900557,0.4148923,-2.856468E-05,0.00983047,-0.09037759,0.3852272
0.0002931507,0.01552281,-2.49303E-05,0.01606296,0.09653594,0.3901744,-0.1814067,-0.5555494,-0.2708664,-0.001768887
0.08604287,-0.0253179,0.09214228,0.03722044,-0.07781225,0.2340707,0.2226428,0.005427017,0.02220851,-0.05399087
-0.04347502,0.1802739,-0.3042775,-0.002633893,-0.01975788,0.2207842,-0.01602497,-0.1149702,0.9809454,-0.2629781
1.320451,-0.128085,0.1359624,0.4049855,-1.733238E-05,-0.1030424,-0.003380566,0.1407226,-0.04541231,-0.2633264
;
-0.3121164,0.0007989788,0.4696205,0.0138058,-0.1941955,-0.07593556,0.5090833,6.500116E-05,-0.02179424,-0.1988392
-0.005384982,0.5968326,-0.4791646,0.01936591,0.3997358,-0.1531589,-0.05650573,-0.2799006,0.2064983,0.08406204
-0.3904848,-0.04227728,-0.2822921,0.1111159,-0.177218,-0.05321962,0.4514008,0.1180722,0.2857436,0.05119474
;
