0.3056928
0.01494745
-0.4797853
-0.3781289
-0.0155955
5.331529E-05
-0.3656501
0.1692102
-0.1420615
-0.01651248
;
0.4465038,-0.05748855,0.08382735,-0.03293321,-0.001330657,0.2605141,-0.1192512,0.3956612,-0.2647209,0.02739127
0.1745283,-0.2703899,0.4752845,0.4237215,-0.1908543,0.1007672,-0.1256388,0.3517862,0.04802007,-0.4922986
0.009966552,0.03649022,0.8103881,-0.1140582,-0.03401521,0.3410085,0.3945208,-0.03087649,-0.525327,0.4223911
0.7124164,-0.06909272,-0.2978294,0.06914002,-0.1949437,0.328207,-0.6684169,-0.05561703,4.859498E-05,0.2316508
0.08784705,0.1753417,0.04449345,-0.01327522,-0.03447573,0.1891838,-0.1212838,-0.3278242,-0.3092357,-0.342278
0.002021504,0.005441681,0.001092066,-0.222625,-0.1339708,0.1291655,0.2447543,-0.2929915,0.01566794,0.2077137
-0.06629819,-0.3124281,-0.2818248,0.2148815,0.2510325,-0.1976498,0.561174,-0.2393001,0.07947594,0.0004759436
-0.03433858,0.07411858,0.1090418,-0.3182409,0.1165596,-0.4795116,-0.6707016,0.2660539,-1.248782,-0.1781339
-0.03348884,-0.4094349,-0.167983,-0.03608097,0.04776782,0.8897035,-0.3709626,-0.08727742,0.8613613,0.04849547
-0.1321576,0.04351198,0.340185,-0.2871822,0.2936502,0.03136459,0.08540834,0.1620532,0.2105031,-0.3008893
;
0.1566005,0.06778139,-0.03359765,-0.1867931,-0.02162952,0.05596412,-0.2099603,0.4991688,-0.3606876,-0.001893222
0.4141409,-0.5248642,-0.0806822,-0.222123,-0.0696248,0.2443993,-0.01958235,0.0791198,0.2991753,0.0001058158
;
-0.2855582
0.4795233
0.4430819
-0.09882513
-0.2454736
0.08097336
0.04537442
-0.227206
0.03245486
0.08333449
;
-0.4666282,-0.1889167,0.007985764,0.4905744,-0.2214348,-0.0004838538,0.3722242,-0.1402025,-0.2073945,-0.08870596
-0.4197215,0.4500788,-0.6417661,0.3549371,-0.09141047,-0.001361476,-0.4474177,-0.1120279,-0.08998626,-0.01721786
-0.1117465,0.2442772,0.05996865,0.1129499,0.4997468,0.2823117,0.1308865,-0.1666878,0.09687944,0.1896449
0.0971331,-0.1103067,0.09238969,0.04947232,0.001827143,0.2191784,-0.0483084,-0.4670319,-0.2938602,0.003694747
-0.141118,-0.3499265,0.02284646,1.345057,0.04648884,-0.1836613,0.3538532,-0.2345222,-0.01274026,-0.4204396
0.05804487,-0.2322794,0.002500745,-0.03006361,-0.2793256,0.007426152,-5.008484E-05,0.03813157,0.2221397,-0.03062015
-0.005441542,0.1056706,0.2863477,-0.0001706016,0.3221201,-0.4917578,-0.2554312,0.009643018,0.3464273,-0.08887345
0.4630009,-0.4445118,0.0003305728,0.002376053,-0.1495501,0.3466585,-0.3822815,0.04867617,0.02292985,0.08267707
-0.04655083,-0.1085094,-0.2810513,-0.05243803,0.5475292,-0.01435322,0.07519116,-0.07408603,-1.514175,-0.4497098
-0.02370945,0.328914,0.2984239,0.007490901,0.02718898,0.1988702,0.4424138,-0.2188826,0.3810378,-0.2633264
;
-0.3440993,-0.02426249,0.1165784,0.02891643,0.398228,0.1694245,-0.3487059,-0.00229689,0.165689,-0.1507134
0.2549534,-0.01705048,0.1349289,0.4583536,-0.05583242,0.2469835,0.03150773,-0.4684449,0.4754639,0.04113178
0.005084217,-0.06423117,-0.04130295,-0.001107884,-0.3040199,0.9033563,-0.06745165,0.06701424,0.04460799,0.3582377
;
