-0.4926555
0.5482842
0.2016443
-0.6045628
-0.4607101
-0.002350328
-0.004732328
0.2140303
0.2528715
-0.07202282
;
-0.04695501,0.490896,-0.07338501,-0.3966669,0.2934415,0.002946198,0.3275303,1.096742,0.2004628,0.3067145
-0.003617164,4.192051E-05,-0.1826593,0.3712694,-0.04095981,0.1751095,0.01025903,0.07512345,-0.07381313,0.04904932
0.4614432,-0.08869105,0.4029392,0.381822,-0.2791871,0.02883223,-0.3565657,-0.02995265,0.4531423,0.08363268
-0.2882313,0.001562851,-0.03052749,0.4814852,-0.1663792,0.02842379,-0.1271696,-2.823691E-06,-0.3921858,0.3512829
-0.08163067,-0.0499565,-0.3182963,-0.2523029,0.4443853,-0.2049279,0.1381095,-0.4236276,-0.143575,-0.3632929
-0.1106051,0.822404,0.2007723,0.2183803,-0.06683248,1.236775,-0.06074029,0.04035643,1.051428E-05,0.03265053
-0.001699028,0.02920355,0.4188245,0.2541145,-0.06629325,0.05872019,-0.01205215,-0.1373739,1.014875,0.3006434
-0.2566147,-0.1771978,-0.4493804,-1.243609,0.07331177,-0.01538295,-0.4072275,0.3589504,-0.6302221,0.5044909
0.04253978,0.1880658,0.0001637034,-0.4385717,-0.01248476,-0.07115643,6.680063E-05,-0.1496813,-0.3131578,-0.4817653
0.05009111,-0.008815541,-0.1362011,-0.4260267,0.3512596,0.6843755,-0.05559313,0.0638765,-0.09182082,-0.1973009
;
-0.004718348,0.1609282,-0.3459016,-0.468093,0.1067083,0.05422741,-0.6340275,-0.0003603334,0.4267761,0.1617272
0.8374093,-0.0132778,0.01820546,0.0936774,-0.01451801,-0.5185877,-0.1084097,0.0008191466,-0.0992653,0.006064038
;
-0.02229504
-0.4060521
0.4510833
0.1055086
-0.09395809
-0.1808905
-0.1746982
0.08132751
0.001114959
0.02504016
;
-0.2646731,-0.10362,0.1998045,-0.01674896,-0.05761939,0.053154,0.4636661,-0.3232684,-0.693015,0.2318206
0.05453795,-0.3909304,-0.03242344,-0.06713168,0.1111999,0.1135702,0.161743,-0.2704483,0.008898987,-0.01121121
-0.3756551,0.2689204,-0.009374586,0.1471611,0.08065537,0.01705195,-0.05304059,-0.02409106,-0.2229696,-0.0609702
0.3336871,0.06241995,0.007176382,0.1953174,0.3149036,0.249197,0.0615775,0.08911543,0.06203697,-0.01362281
1.189721,-0.2271535,-0.05189455,-1.098381,0.4503806,0.01201661,-0.2254839,-0.1404977,-0.2518904,0.01809295
0.1265455,-0.05728837,-0.2387257,-0.06877093,0.007232482,-0.2029825,0.04255766,-0.006582844,-0.1148633,1.368724
-0.3251233,-0.3320349,-0.0005793577,1.260664,-0.4877927,0.07013007,0.3284044,-0.4801211,0.4334021,0.1079244
0.07158325,0.3119242,0.005492151,0.06606103,0.4030961,-0.3634295,0.7016516,-0.2334896,0.02220851,-1.235256
-0.1350785,-0.03444903,-0.1481071,0.686166,0.001514893,0.3858018,-0.3768724,0.8168468,-0.05190699,-0.26009
0.1870769,-0.5307448,0.3454011,-0.6565723,-2.497543E-06,0.4435462,-0.003363626,-0.3669252,-0.07124358,-0.004993028
;
-0.4491863,0.05255268,-0.7584081,0.003141885,0.4458275,-0.07061812,0.06268723,0.05458581,-0.4106386,0.0089714
0.03674465,-0.02788609,-0.3522553,0.03994333,-0.005514992,-0.06368977,0.1666922,-0.3988955,-0.7212662,0.07461445
0.2720853,0.148327,0.2758819,0.0989458,0.0458215,-0.2835376,-0.6422331,-0.1465768,0.01459222,0.001865022
;
