-0.2219035
0.05034584
-0.0837141
-0.4855996
0.4723047
-0.1286373
0.4560946
0.2959985
0.3446774
0.1592886
;
-0.2459465,-0.4394888,0.196599,0.01602,-0.08905393,0.1640591,0.4450126,0.4043015,0.2707806,-0.1139221
0.03602463,0.4812562,0.3936437,0.1873714,-0.1298125,0.005655706,-0.1485552,0.1000296,-0.469111,0.1982338
-0.1268085,0.2352943,-0.2173048,0.2304848,-0.4555269,-0.2156785,0.4712518,-0.1004366,-0.04844195,-0.03079051
-0.4027208,-0.07452542,-0.3218135,-0.4655355,-0.4749284,0.3971393,-0.4728361,-0.2505388,0.1095302,-0.3886925
0.193956,-0.4527218,-0.2281139,-0.09516498,-0.2430812,0.2667713,0.2571765,0.2888871,-0.03855437,-0.21841
-0.3512034,0.3307128,-0.3886691,-0.4992964,-0.4297307,-0.4635764,-0.1186314,-0.09694582,0.4270762,-0.2071646
-0.3555597,-0.05615133,-0.135735,0.2510411,-0.3241454,0.1612638,-0.4899031,0.07735091,0.1079332,0.1356184
-0.04997379,0.4408263,-0.1358796,0.09965509,-0.1009666,-0.413113,0.4025259,0.05782801,0.3821243,0.4720976
-0.3236195,-0.01499552,0.6370751,-0.08243078,-0.4769,-0.1435944,0.3246174,-0.3629781,0.365695,0.05184823
0.4018698,-0.2948055,-0.2878146,0.192103,-0.3268806,0.1444895,0.1421853,-0.3913194,-0.1467624,-0.3054359
;
-0.3313011,0.1934365,-0.09568673,0.15433,-0.3161094,0.1769919,-0.362506,0.446926,0.22066,0.09950608
-0.211963,-0.001646459,-0.465212,-0.0008146167,-0.4168934,0.2845838,-0.1213891,-0.2035198,0.4895332,0.09554356
;
-0.01053614
0.06169277
-0.03229069
-0.3310285
0.5132973
0.01753863
-0.08927505
-0.0005367267
-0.4102393
-0.1074331
;
-0.1009524,0.001051764,0.5770588,-0.4308295,0.5788578,-0.4865205,-0.494049,-0.7456212,-0.1902671,-0.3275729
-0.3739635,0.1884674,0.005958825,0.1933412,-0.2823758,-0.07397693,0.3766721,-0.4488701,0.1421949,0.5449818
0.3153341,-0.3501382,0.239177,-0.001501896,-0.2932694,-0.2647461,0.01952525,0.1903022,0.3389012,0.1838474
-0.1424927,-0.1758038,-0.1096511,-0.3067594,-0.06765546,-0.01525597,0.2254301,0.3186042,0.1093989,-0.2729096
-0.1032256,0.006308088,0.3002171,-0.485673,0.03538687,0.1223971,0.2473208,-0.3658288,-0.1662196,-0.2083608
-0.2196606,0.841609,-0.6709729,0.05751258,0.001120867,-0.07663907,0.07916301,-0.04000539,-0.2437871,0.1144682
-0.7834973,0.2799373,0.249969,0.2367031,-0.06896812,-0.3041785,-0.4393828,0.1494953,-0.02164851,-0.08644225
-0.006928772,-0.3275031,-0.01857114,0.007255853,0.2586371,-0.4694509,0.02223609,0.4175123,0.09143335,0.3084778
-0.2181281,0.06314581,-0.1335683,-0.2343637,0.4576515,-0.1096184,-0.1615801,0.4784648,0.4117461,-0.2035548
-0.1403414,0.2842871,-0.5537846,-0.02845747,0.1295909,0.140246,-2.889118E-05,-0.2632033,0.4187818,0.003608893
;
0.6172405,0.001059387,0.01656178,-0.3771448,0.026765,0.1516421,0.08556187,-0.346593,-0.4882828,0.278658
-0.0008127357,-0.09654349,-0.2189212,0.03739051,0.04004533,-0.01368397,0.01940142,0.06371182,-0.4477242,-0.1458511
;
0.2085712
-0.435647
-0.2665472
0.2222227
-0.1532782
0.08656739
0.9659292
-0.00766331
-0.5449354
-0.09210271
;
-0.4649623,0.09856158,-0.04101151,-0.245814,0.08193573,0.6726742,-0.1987674,0.08275983,0.004773389,0.05952624
0.0008948849,0.2870349,-6.856209E-06,-0.371242,0.2447879,0.006592458,-0.02323407,-0.05064704,-0.06350774,-0.007464588
0.04478813,0.08530108,0.2467126,0.004197778,0.1148381,-0.3728277,-1.218997E-05,0.2776852,-0.2626213,-0.1027977
0.004522922,-0.2981941,5.427357E-06,0.243427,0.1500335,-0.0001521543,0.02412983,-0.1151974,-0.5137491,-0.04046931
-0.05767729,-0.03769704,-3.467134,0.008419223,0.09498814,0.01680393,-0.001560461,-0.8825486,0.3509008,-0.1353586
0.8726642,-0.710801,-0.1281229,-0.579105,-0.02774567,-0.03333608,-0.03553103,-0.3823781,-0.04772242,-0.001853838
0.07934584,0.4288732,-0.315925,-0.2701842,0.1187536,0.2905071,-0.1799534,-0.5475025,-0.1205824,-0.860478
-0.2393201,0.003998782,0.1323327,0.05325013,0.8523237,-0.2292174,0.125902,-0.3355417,-0.02131906,-0.005420063
0.2189737,0.02672476,0.05307684,-0.2558134,0.1663801,-0.005398209,0.4724125,-0.0005771152,-0.1274463,0.4607267
0.393443,-0.2494569,-0.1579069,-0.3553715,-0.04542722,0.02477289,0.1389174,0.5248898,0.4734225,-0.3219217
;
-0.032168,-0.3672647,-0.1753883,-0.1660921,0.07940024,0.2464455,0.09437414,0.3667907,0.4638344,-0.4270077
-0.0001472234,0.1086324,-0.3489186,0.4455296,0.1993299,-0.1761069,0.3829886,0.008123503,0.004555878,-0.3220339
;
0.1870315
-0.3178645
0.09626789
-0.3093001
0.6096404
-0.01605609
0.3178102
0.01613945
-0.001327967
0.3730644
;
0.2948998,0.2899053,-0.1285556,-0.1379421,0.2675068,0.3662423,-0.6268133,0.4334259,-0.1693965,0.01718885
0.316628,-0.0007100352,0.3425037,0.1711707,0.1056216,0.4329249,-0.04411631,0.3164146,0.05980941,-0.6473165
0.1071425,0.06127602,-0.01048917,-0.3480235,0.118497,0.04799408,-0.3921846,0.4296457,0.2892093,0.02886266
0.120727,-0.4433825,-0.4595816,0.7767707,0.0006647157,-0.09519468,-0.2339709,-0.05907724,-0.07252507,0.1308702
0.2499956,-0.158561,-0.1385874,-0.008977112,-0.1479514,-0.1849119,0.0623346,0.3048633,-0.2600253,0.03734666
0.2195114,0.3091553,-0.4356022,0.4585299,0.0788258,-0.4005682,0.2410617,0.5450298,0.02028948,-0.4991803
-0.8271346,-0.002251796,-0.2248583,0.04867989,0.3622962,0.02347354,0.3459841,-0.07326192,-0.4056917,-0.3461972
-0.4998035,-0.1427665,0.3677973,-0.008252782,0.1406148,0.1672935,0.3753044,0.1702031,-0.1344926,0.1310181
-0.2612066,0.0017555,-0.2376938,0.1863179,0.03266874,-0.04227141,-0.1413762,-0.124084,-0.1823413,0.2106654
-0.139525,-0.427176,-0.0005720962,0.0684489,0.3719406,-0.008790912,0.4625853,-0.9773192,0.4867163,0.1639822
;
0.06498438,-0.2142121,0.09082817,0.04232654,-0.2142173,0.44169,-0.219533,-0.2623519,0.2710025,-0.6893142
0.008494904,-0.004179988,-0.246029,-0.2205603,-0.07936972,0.06057614,-0.3701213,-0.1312456,-0.4691952,0.02881503
-0.05447767,0.4513671,0.05905249,0.2441035,-0.4515191,-0.07613128,-0.664329,0.8277068,-0.3593066,-0.001861727
;
-0.01864284
-1.145459
0.7123554
0.3628981
-0.0260091
-0.2594979
0.03179139
0.1360776
-0.03613574
-0.475885
-0.3574857
-0.1320408
-0.1851961
-0.1415282
0.434128
0.2739557
-0.6029359
-0.4980487
0.2913675
-0.1113891
-0.1051382
-0.3076819
0.4369728
0.1519041
0.2192269
-0.3065282
0.5167452
0.433576
-0.0102785
0.3886593
;
-0.01484456,0.9611355,0.1306876,0.3321502,-0.1664296,0.01660514,0.5608143,0.2690469,-0.7422645,0.1567341,0.3211918,-0.6020789,0.02410466,-0.2865287,-0.2370193,0.1233371,0.01315433,0.2961705,0.7844908,0.09788054,0.0183626,-0.0736739,-0.06504158,0.02956191,0.4424303,0.007925212,-0.4198431,0.9429584,0.2735931,0.07013266
-0.07178731,0.01723255,-0.2518847,0.4365458,-0.1303668,0.0990992,0.2417158,-0.2021561,-0.1140525,-0.004433474,0.4134999,-1.011953,-0.0637901,-0.02585794,-0.5255573,0.2771719,-0.01758878,0.3478643,-0.007213092,0.08581096,-0.03703065,0.5533869,0.05684406,0.07254165,0.1773848,-0.4513147,-0.03946421,0.2357504,-0.1566183,0.1634738
0.5637813,0.2495735,0.1224494,-0.2120686,0.4448228,-0.02179001,-0.2307021,0.04904369,0.04681412,0.159561,-0.1481614,-0.08944478,0.03906117,-0.1584669,-0.01750468,0.8147448,0.4739407,0.3515997,-0.1164505,0.008640653,0.07233761,0.2304321,0.3271857,0.127468,-0.2489632,0.423118,-0.2492532,-0.4835444,-0.01148435,0.2646664
0.07352135,0.3039706,-0.002812381,0.3899121,-0.06382424,-0.0167783,0.1082144,-0.2191786,0.4974256,0.2921728,0.08578819,-0.3471819,-0.1230808,0.2469263,-0.07614225,0.3159868,0.4227984,-0.007714263,0.366322,0.343593,0.2893642,0.5495201,0.2089376,0.08396751,-0.4063576,0.4070208,-0.02259022,0.01248065,-0.1461316,-0.1747733
-0.4460214,0.006040315,-0.1322136,0.06717417,0.009213386,-0.3346707,0.2020919,0.7880535,-0.5708433,-0.04395002,-0.04931965,-0.04247981,-0.06020958,0.07096976,0.008526443,-0.08524674,-0.0126838,-0.1189846,-0.9736391,0.3085749,-0.02686518,0.05299354,-0.2099583,0.2632005,6.571582E-05,0.1963547,-0.05010623,0.7658104,0.1390837,-0.8992413
-0.3411511,0.07178169,-0.2126527,0.1939107,-0.01637132,0.1611527,0.08257978,0.4068808,0.1224153,0.7075401,-0.03429104,-0.3911083,-0.1125841,0.07153329,0.1533525,0.2928185,0.05236246,-0.5311149,-2.244321E-05,-0.1205352,0.01816571,-0.2342317,-0.007917292,0.4403187,0.0890891,-0.6590119,-0.001122689,0.6114003,-0.4661769,-0.751939
0.3811427,-0.2505827,-0.2809165,-0.2961625,0.1825933,-0.1178883,0.8779426,-0.000296925,0.2482029,-0.1380924,0.03287156,0.3231962,0.02874273,0.2002006,0.1168109,-0.5801716,-0.4426427,-0.3228128,0.2958281,-0.005586117,-0.114037,0.03950704,1.465387,0.5116919,0.04771677,0.002815392,0.2570878,-0.03320907,-0.1534659,0.812664
0.08527114,-0.3870766,-0.1192318,-0.7408648,-0.4045519,-0.1550381,-0.2211659,-0.0101216,0.2867693,0.4753687,-1.260386,0.03929108,0.6870435,0.2251482,0.4780272,-0.1131157,-0.4343019,0.06877869,0.1509378,0.3207483,0.6682959,-0.2017606,0.1238139,-0.03518373,-0.03806894,-0.7619829,-0.4411248,0.0488803,0.4577312,-0.02037348
-0.3607423,-0.1044256,0.2028828,-0.1964898,0.04519429,0.1382464,0.2178538,-0.3968546,-0.2297467,0.4286705,-0.4834895,-0.4226937,0.2391823,0.1229138,-0.009578124,-0.222854,-0.1521973,0.01156415,0.01144532,0.2831951,-0.01706114,-0.3461516,0.04533974,0.04209211,0.3707032,0.2256745,0.101278,0.009725234,-0.001943368,-0.006782575
-1.168344,0.01275052,-0.1021337,0.1169216,-0.01632186,-0.4171139,-0.3783828,-0.1977465,0.4501472,0.1613769,-0.1010228,0.2194732,0.4132243,-0.4056036,-0.3766507,-0.1785882,-0.3487483,-0.2693578,0.1583361,-0.03200084,0.682004,0.07006627,-0.03756195,-0.3583554,-0.9549116,0.03161477,0.1794578,0.4204339,0.313957,0.003589636
-0.3764758,0.2212519,0.00972369,0.01592653,-0.3001919,-0.04452984,0.4781144,-0.4540195,0.2957702,-0.02092072,-0.1364752,0.321643,-0.0363452,-0.3918045,-0.03726071,-0.4040699,-0.4765755,-0.3239766,0.309449,0.08842704,-0.4591082,-0.2884761,0.294813,-0.1678028,0.3603922,-0.3858919,-0.2375038,-0.04391323,0.1472682,-0.04665545
0.01471605,0.1857559,-0.4510628,0.5241075,0.01318244,-0.0130927,0.02949822,0.2611887,-0.2480505,-0.05823344,-0.2603778,-0.2863042,-0.2659571,-0.04195756,-0.2625409,0.07873754,-0.2976728,-0.2840249,0.3682984,0.4507833,-0.07864221,0.1387009,0.4206628,0.4224572,1.543735E-06,0.05814438,-0.1438586,-0.3393198,0.2223993,0.007627092
-0.1779116,0.4212136,0.05382081,-0.7858425,-0.1318502,-0.339645,0.4478347,0.05097906,-0.4128644,-0.3369091,-0.007205546,0.2756151,-0.00168821,-0.0861913,0.2042369,-0.2455596,-0.005811989,-0.4066496,0.08168675,0.1808184,0.217836,-0.2923211,-0.06274384,0.4655862,-0.4226506,0.2559972,0.01555532,-1.031505,-0.186637,0.2703742
-0.1439042,0.1360092,0.1530178,-0.03615122,0.02984935,-0.08698729,0.3951697,0.09515606,0.4262887,-0.2702514,0.2681736,0.7593819,0.1410677,-0.5780677,0.2338927,0.4605064,-0.04214817,-0.005136408,-0.119042,-0.3023891,0.2420178,-0.04251612,-0.03251657,0.003291559,0.10363,0.133899,0.2220266,-0.1284513,-0.03254176,0.00136237
0.1071941,-0.5818285,0.2878501,-0.393703,-0.06100401,0.2092345,0.05068427,-0.4873464,-0.405229,0.2418808,0.1938589,0.1342763,0.1962309,-0.3906404,-0.03892971,0.03974768,0.001631193,0.3755523,-0.261646,0.417826,0.2367432,-0.4949678,-0.05244102,0.5377887,-0.0511325,-0.6667354,-0.1078685,0.1137376,0.1241544,0.07292253
0.2861604,0.05901776,0.2159893,0.002891937,-1.613234,-0.2597481,-0.0062978,-0.008062196,-0.02454931,0.4894511,0.04057027,0.1554441,0.4397898,-0.07051729,0.03712515,-0.1067562,-0.2681662,0.01306003,0.01094275,-0.6173146,-0.008070213,0.4065745,0.4306159,0.4719099,-0.3466066,0.0002861495,-0.1625312,-0.01310235,0.3437809,0.008077908
-0.09089106,0.3554132,0.07522111,-0.1622645,-0.9073564,0.001009251,0.4617027,-0.006682384,-0.355062,0.002633962,0.03793401,0.2721714,-0.1742814,-0.7264631,-0.1094037,0.457913,0.01583892,0.02847828,-0.02215048,-0.2576308,0.3881621,-0.005604811,0.3380605,-0.4073997,-0.3413944,0.4575089,0.01630503,0.1926522,0.3186745,0.0009544781
-0.3578248,-0.0009455391,0.1680385,0.2639424,-0.01277506,0.3736578,-0.2356809,-0.9205705,0.04092532,0.0228338,0.05480248,-0.2237733,0.06164819,-0.7387877,0.2662659,0.01663714,0.3361458,-0.731743,-0.1571956,-0.1270879,-0.0006457489,0.3012058,-0.2653795,-0.4523103,0.2465013,-0.03318113,-0.0200852,0.3099276,0.1224346,0.04913469
0.1243308,0.1188495,0.3260645,0.4303241,-0.02192674,-0.916302,0.136942,0.3934937,0.02273512,-0.007943166,-0.1371222,-0.1690243,-1.851751,0.1406494,-0.4841642,-0.318535,0.9817597,0.398504,0.2525562,0.09743589,0.2115469,-0.0117106,-0.1410387,-0.00153426,0.031003,0.06043545,0.2764566,-0.1284794,-0.01031577,0.3740382
0.009073914,-0.3038545,-0.1066131,-0.0683297,-0.00119107,-0.2185016,-0.08820742,-0.01381117,0.1947973,-0.03900833,0.4728148,0.1036519,0.3176203,0.2322648,-0.1722986,-0.7073922,0.01304613,0.1364823,-0.3204353,-0.02559161,-0.4393619,-0.07264362,-0.4373809,-0.3522004,0.05562675,0.8787425,-0.04253498,-0.07425517,0.02553683,0.1289268
0.3590954,-0.5753499,0.01607078,-0.03169815,-0.1361739,0.6373092,0.001905691,-0.3267046,0.07249277,0.05640024,0.3408334,0.418775,0.127867,-0.05184575,-0.03159915,0.2879899,-0.0812223,-0.4454613,0.9746007,-0.4328768,0.03595119,-0.1910519,-0.04006851,-0.46202,-0.0006197926,0.1674469,0.3675189,0.008374812,-0.2629544,0.0631408
-0.4985727,0.4114666,1.094931,1.366933,0.0385768,0.0131232,0.6800507,-0.2101361,0.12505,-0.2577526,-0.06693166,0.02712624,-0.0096016,-0.2433424,-0.08945352,-0.1817268,0.1535241,-0.3622912,-0.04346715,-0.2892837,-0.2228138,0.2288633,-0.1009374,-0.6147833,0.06321496,0.8826961,0.1363188,-0.1438354,-0.02264374,-0.3757348
0.05925261,-0.4651933,0.02455537,0.4411732,-0.03017879,-0.1715136,-0.2717375,-0.0005914232,-0.499339,-0.2737691,-0.4067485,-0.3291935,0.3840425,0.05775342,-0.1647771,-0.02153875,0.000114594,-0.04500037,-0.01013995,0.3575728,0.06405554,-0.5486872,-0.5211331,0.0009733,0.04162848,0.4706478,-0.001502605,0.1519739,0.4357393,-0.1965452
-0.1037469,0.04741584,0.112726,-0.2365081,-0.3042405,0.5865921,0.3309911,-0.1388035,-0.005213462,-0.1813274,0.026595,0.1749313,3.463894,0.2299653,-0.04594648,-0.531655,0.4014666,0.3241348,-0.4923937,0.01314074,0.001027156,-0.2528659,-0.06948607,0.007288873,0.4825904,-0.2363129,-0.2002001,0.2049236,-0.2977598,0.26603
-1.309183,-0.01194581,-0.2024463,0.4587687,-0.169381,0.2229049,0.001644825,0.05520314,-0.3908668,-0.2387956,-0.2402447,0.6520997,0.273421,0.2511991,0.09921352,0.5206678,-0.1600112,-0.08114614,0.494554,0.008418237,-0.001823726,0.0002925349,-0.03093373,0.1952884,-0.02875943,-0.01510353,0.3264689,0.2955502,-0.001820626,0.1707741
-0.3714904,-0.06694224,0.4407256,0.06153983,0.2709573,-0.04250103,-0.02880059,-0.9855106,-0.386249,0.2061643,-0.03279709,-0.05466264,0.4967823,0.006942083,0.7596807,-0.01152491,0.04753405,0.01946314,0.3456128,-0.1369345,0.04331085,-0.2024527,0.01058012,-0.3269734,0.120238,-0.3262206,0.314754,0.4066064,0.4258187,0.1098179
-0.5452245,-0.08034345,-0.2210222,0.3445691,0.1330964,0.4777502,-0.2140456,-0.7440842,0.00650043,-0.06502314,0.06658167,0.1846763,0.01224252,0.09132492,0.2240716,0.02649776,-0.1187285,0.06886515,0.3151977,-0.02386775,0.000692766,-0.03226801,-0.1351122,-0.03282878,-0.2653028,0.2334968,-0.2274105,-0.4971818,-0.2566005,-0.001906626
0.6087177,0.04526285,0.08609182,-0.329476,0.1836539,-0.6370652,-0.06600462,0.2240797,-0.6512461,0.5152645,0.3544745,2.751651E-05,-0.6833062,0.3474077,-0.156771,0.2246541,-0.332827,-0.2261947,-0.4854205,0.227382,-0.01186099,-0.03833152,-0.4684029,-0.1441363,0.448277,0.2568723,-0.0774508,0.3671599,0.007170207,0.01513284
0.2608265,-0.1342975,-0.01903957,-0.3384266,-0.1268457,-0.02135145,-1.054413,-0.02981929,0.3585636,-0.6484875,0.09120148,0.1090353,0.2037564,0.02838796,-0.001147937,-0.3849146,-0.04380479,0.5888313,-0.03981102,0.183573,0.3340234,0.2275017,0.5342715,0.4554844,-0.3793525,-0.4103775,0.01416439,-0.3250835,0.004885343,0.2737965
0.04957101,-0.5051005,-0.007928931,0.7480777,-0.5160628,0.5692405,-0.08993588,-0.1920593,-0.4897952,-0.01283725,0.3859367,-0.2711721,-0.08363995,-0.1123399,0.008381164,-0.3176675,-0.24755,0.06164595,0.2184135,-0.0002426221,0.1348404,0.2922051,-0.02203022,0.2624105,0.2412178,-0.06650021,0.05058366,-0.04645878,-0.01379049,-0.4931523
;
0.05268137,-0.1425124,0.4573731,-0.3675182,-0.5284501,0.2741815,0.2673941,-0.264995,-0.008771976,0.09900939,-0.005911466,-3.042665,-0.4993938,0.4453003,0.4633553,0.2140852,-0.5296684,0.02031814,0.6879728,0.4397051,-0.02878338,-0.4698418,0.4284365,0.1204172,-0.2798432,0.002512716,-0.1040053,0.1043452,0.07537738,-0.1539217
-0.1059771,-0.01993971,0.2316639,0.06919646,-0.1428299,-0.4052293,0.4863684,-0.4408627,0.08811883,-0.1214023,0.02719433,0.3763251,-0.2212457,0.3925934,0.08261953,-0.06009191,0.7630386,-0.716814,-0.1448584,0.197281,-0.108727,-1.017352,0.04690665,-0.001377499,0.4754789,-0.1308022,-0.6933793,0.006199704,-0.3001878,-0.005057257
0.2638346,0.4668475,-0.05784124,-0.07882938,-0.2342061,0.2611095,-0.4668028,0.7447917,-0.08925062,-0.2440463,-0.3459629,-0.166713,0.5292221,0.4330266,-0.1524327,-0.161555,-0.1715887,0.4924886,0.05258502,-0.2157034,-0.2436434,0.0002308959,0.1164195,-0.4493158,0.3175972,1.187404,0.02604662,0.07357806,-0.1750962,-0.2056101
;
0.2713378
0.01287162
0.6319675
-0.3826141
0.02840227
0.09891249
0.04095954
-0.1929684
-0.3429803
-0.7759277
-0.1591582
0.07406417
0.1216131
0.03137022
0.1275253
0.0419055
0.4902743
-0.3119541
-0.4897431
-0.72853
-0.4287829
-0.03000267
-0.169092
0.929287
0.02085954
0.02467589
0.198057
-0.4849563
0.06519838
-0.1314533
;
-0.05337183,-0.02629316,-0.2450815,-0.02480269,-0.1057981,0.1056299,0.3519885,-0.3541348,-0.1367066,-0.04593533,-0.1820294,0.01064762,0.2261094,0.1298436,-0.08659869,0.08538888,-0.2338577,0.007962851,-0.2955221,0.4263597,0.2270293,0.02934493,-0.03287032,-0.06027768,-0.5255307,-0.5196967,-0.4726037,-0.01679442,-0.002312423,-0.3571979
-0.1235813,-0.0361084,0.391937,0.07682747,0.04879597,0.4191029,0.02015989,-0.0007415768,0.6428042,-0.1339882,0.6245278,0.7820821,0.2591773,0.4212962,-0.6676825,-0.1695333,-0.1894912,-0.01155773,-0.4320027,0.5445426,0.2131584,-0.03446443,-0.2045184,-0.3119811,0.04435243,-0.03979225,0.02848653,-0.4950035,-0.01330996,-0.2124669
0.1645521,-0.0002575404,0.3224845,-0.1737017,0.242809,-0.1836539,0.2779219,-0.06841268,0.2788954,0.04888179,0.01997033,-0.01156392,1.340142,-0.1395025,0.1610033,0.05887372,0.4771284,-0.01937892,-0.1484355,-0.4413764,-0.3987655,0.4134861,-0.042025,0.08481926,0.3777008,-0.004486551,0.0004936649,0.4006435,0.002434746,-0.2552465
-0.4063076,-0.2533291,0.2264299,-0.008160786,0.07593393,-0.3647956,0.8367978,-0.2540797,0.4872897,0.001405649,0.07517357,0.05266911,-1.030722,0.1862882,0.2221289,0.3219572,0.2237726,0.3420348,-0.326405,0.765057,-0.1847801,0.1628883,-0.1330171,0.1327264,-0.2520211,-1.155984,0.07201471,-0.1556992,0.1060795,0.2996967
-0.4407791,-0.2800927,-0.001172413,0.02152481,-0.1239583,-0.002320298,-0.09100167,0.5156323,0.413925,-0.008130372,-0.8013355,-0.494679,-0.02924722,0.005744222,-0.03094086,-0.2153268,-0.2279233,-0.3413739,0.01828784,-0.1156787,-0.4168533,-0.03414814,-0.2855932,-0.001478232,0.3074178,0.1023388,-0.1025303,-0.1919821,0.05303913,-0.003574421
-0.1175051,0.1025992,0.1212203,0.147328,0.4585202,0.1918812,-0.08043259,-0.005935079,-0.03369111,-0.03543242,-0.2922156,-0.07934469,-0.02703639,0.003346978,0.1021941,-0.2907955,0.08164638,-0.04612257,0.1453341,-0.2568585,0.4486774,0.8789161,0.3724017,-0.132126,0.4118042,-0.6224948,-0.06181367,-0.0305329,0.2313418,-0.04561204
0.02849688,0.09256119,0.2394537,0.03065171,0.3356502,0.05415672,-0.1712207,-0.04505426,-0.05168581,0.5031731,0.7089208,-0.2898208,-0.3100968,-0.384843,-0.2420845,0.4516075,0.1874437,-0.4028834,0.07127132,0.424083,0.03229411,0.005840916,0.3811368,0.3612595,-0.472826,-0.03242075,-0.02892882,-0.2867812,0.1331496,0.1127892
-0.3058056,-0.04857486,0.136575,-0.4926578,0.4003778,-0.3813329,-0.3575609,-0.03240672,-0.1038713,-0.3207524,-0.3482759,-0.1890935,0.404407,-0.2552192,-0.6779718,-0.5311715,-0.3768124,-0.3176281,0.004693687,0.1712869,0.006975114,-0.03184491,-0.3972558,1.049997,0.1685968,-0.005643351,-0.342846,0.1358019,-0.1342105,-0.367499
-0.4676614,-0.02725118,0.3315558,-0.02726376,-0.3203282,-0.05997181,-0.004064733,0.02736993,-0.3497798,0.3999748,0.03944299,1.472877,-0.2998562,-0.1074771,0.0991324,-0.1306451,0.4425009,-0.4540954,0.6643505,0.01153017,0.3921849,0.1634301,-0.06210488,0.04227385,0.06483608,0.07763606,0.1411694,-0.004664555,-0.1184437,0.2017882
0.09657907,0.3500267,0.09537429,-0.3920224,0.132699,-0.53534,-0.3946925,0.2966051,-0.4023783,-0.007132861,0.57486,0.673795,0.02488822,0.9496782,0.07013231,0.4276936,0.4898407,0.1787042,0.2801396,0.06846279,0.0130437,0.3188602,-0.4971898,0.1170357,0.2739414,0.07674982,-0.3519741,0.03725625,0.3672422,-0.01121045
-0.225381,-0.3496865,-0.5636277,-0.2447023,0.3139538,-0.6514924,0.4977174,0.1873028,-0.01702124,-0.1726793,-0.4118986,0.2237768,-0.08967083,-0.2816703,-0.485832,0.008598061,-0.2388753,0.3000361,-0.3482006,0.1043334,0.9178839,-0.5306802,1.150482,-0.1279735,-0.1431616,0.2268324,-0.1739804,-0.07253683,0.2323908,-0.02279155
-0.2210836,-0.1516798,-0.2195433,-0.4550046,0.02640443,0.09125394,-0.4246676,0.3530238,-0.4024004,-0.4154046,0.1129519,0.002594711,0.04438269,-0.1615168,0.4360746,-0.2259635,-0.2194985,-0.2653873,-0.4771677,0.2235638,0.4552695,0.008281718,0.08884499,-0.07599322,0.3844827,0.9375137,-0.003161424,0.1664622,-0.398167,-0.1183447
-0.4986839,0.1996994,-0.1755016,-0.0202179,0.07867151,-0.1977446,-0.005053561,0.05189239,0.4728799,0.1108456,-0.003392853,0.6008339,-0.081694,-0.004504967,0.07261975,0.3216144,-0.288305,-0.18633,-0.8648466,0.2787013,-0.04525334,-0.08872837,0.05796874,0.4716028,0.02075799,-0.09906286,-0.2358113,0.3756185,0.1933544,-0.002261341
-0.3105402,0.05007321,-0.02400963,-0.07739695,-0.02548462,0.239259,-0.2894308,0.9630355,-0.6487527,0.399788,0.4216665,0.2874159,-0.7560645,-0.4357699,0.2846601,0.1016041,-0.2699951,0.321189,-0.473428,0.2300984,-0.3789194,0.002374528,0.4727383,0.3914653,-0.4132368,0.2811717,0.009189029,-0.2564629,0.03744503,-0.599429
-0.04438739,-0.2232648,-0.272686,0.08877331,-0.1459012,0.03110968,-0.1804532,-0.4045661,-0.2261205,-0.3508683,0.5712442,-0.4379951,-0.2700052,0.4895731,-0.4564973,0.05364674,-0.06074504,0.1880434,-0.4178455,-0.2085314,-0.003337444,0.6103478,-0.04029769,0.06564637,-0.1772588,0.8392583,-0.3050963,-0.02908736,-0.2130647,-0.05237048
0.1517033,0.1467605,0.04678863,0.5547459,-0.494507,-0.3900151,0.3507898,-0.0495987,-0.1583293,0.01762593,0.0333672,0.3235185,0.3487146,-0.3557264,-0.5686451,0.1281886,0.7654783,0.1141723,-0.6345335,0.3631468,-0.08850601,0.3656301,0.2413095,0.0797351,0.1133197,0.1498346,0.09365207,-0.0009106451,0.113952,-0.07261702
0.4895698,0.1886683,0.2749331,-0.00461957,0.04286331,-0.4718919,-0.9196507,-0.4498838,0.06917876,0.3918505,0.3810812,-0.05446018,0.01325176,-0.2431601,-0.4850926,-0.01117712,-0.2371241,-0.3969512,0.3936732,-0.1786756,0.0006151201,0.1335685,-0.09296528,-0.06115013,0.007254183,0.008854756,0.4106601,0.32389,0.1021233,-0.1687683
0.1389542,7.728932E-05,0.09504801,-0.2539208,-0.3847376,0.4468558,-0.2611278,0.3623014,-0.03018901,0.2704926,-0.2070919,-0.1894412,0.1994559,0.03912806,0.2454975,-0.1128982,0.5341626,0.2446976,-0.562742,0.7750815,0.04749425,0.2601708,-0.02777007,-0.4154001,0.7644718,1.326375,-0.257378,0.1529496,0.01087177,0.2212712
0.0767927,0.4098419,0.1726699,-0.4660197,-0.005581406,-0.5727935,-0.7047036,-0.3785837,0.3045108,-0.422874,-0.517647,0.02512307,-0.02309006,0.4564275,-0.02577805,-0.465245,0.3314474,-0.01775443,0.01974112,0.3397408,0.1982086,-0.04431546,0.001006026,0.04167373,0.4161419,0.4157015,-0.2438174,-0.5168608,0.3294069,0.2933513
0.4585131,0.1049665,0.05640692,0.4828191,0.620277,-0.6661699,-0.07855352,-0.2105981,-0.4187324,0.03776329,-0.03809065,-0.2576451,-0.3988322,-0.241693,0.3598014,-0.6629953,0.2143229,-0.3207719,0.001187241,-0.2458767,1.258754,0.1978196,-0.5449861,-0.2286172,-0.02928575,-0.8524299,-0.2148274,0.1285772,-0.7368292,-0.587345
0.198904,-0.1506316,0.2052263,-0.03520055,0.09716798,-0.06203908,0.403806,1.512952,0.4544933,0.01570636,-0.346822,-0.03995836,0.2515397,0.04199718,0.4918086,-0.2718052,-0.008213783,0.4372271,0.009629324,-6.563935E-05,0.4011864,-0.07081369,0.02817518,0.04229446,0.1806129,-0.1682464,0.02142814,-0.1955529,-0.1976801,0.3863519
0.01609828,-0.1823457,-0.07966352,0.3285911,0.08990175,0.3856581,0.466791,0.3921563,0.1969168,0.465537,0.04123399,-0.01904741,-0.2153717,-0.3543576,-0.836861,0.06566392,-0.1708994,-0.1007222,0.2466337,0.6201363,-0.1753588,-1.320481,-0.6768407,0.2455946,0.01796552,-0.384671,0.01310067,-0.811579,0.02692356,0.004088637
-0.2374433,-0.4266689,-0.3025252,-7.230203E-05,-0.01663052,-0.008539136,-0.05942781,0.1697274,-0.07709042,0.2368306,0.003484572,0.1568507,-0.06096107,-0.4195187,0.3185639,0.01080057,0.4977987,0.1209586,0.2360076,-0.1168986,-0.04564427,0.6260585,-0.5782384,0.08349365,0.007629529,-0.01529234,-0.1610067,0.02892219,0.0003690891,-0.1852617
0.4625661,0.08680547,0.1964818,-0.1528752,0.2192132,-0.4981772,-0.4972296,-0.09408634,-0.07504004,-0.2116968,-0.4368398,0.4024893,-0.01003641,0.05628989,0.001779539,-0.5392953,-0.006405292,-0.3242995,-0.3477519,0.2465619,0.4902006,0.08801359,-0.1680975,0.08855038,-0.007619672,0.9353624,0.4011418,0.01370825,0.5527217,0.009055743
0.499994,-0.0321689,0.1293723,-0.1548641,0.1354374,-0.1704873,0.2994441,-0.2775936,0.3746811,0.4465837,-0.27969,-0.4932705,-0.03473006,-0.4745698,-0.326767,-0.4223877,0.07652663,0.6194552,0.2594342,0.2192995,0.08735363,-0.1173717,0.6986164,-0.146759,0.4203306,0.6353439,0.090159,0.3809848,0.09150833,0.317409
-0.1246384,-0.003349478,0.38519,-0.1006241,0.03011166,0.0004769557,0.645157,0.1390718,-0.3944135,0.06026584,0.2534036,-0.6850539,0.007253157,0.1303915,-0.2304226,-0.4438006,-1.815026,0.3014147,0.460338,0.02920797,-0.01381058,0.04144621,0.2437629,0.4120395,-0.08075824,-0.1577544,-0.3620285,0.7974848,-0.2659828,0.7090614
-0.3496181,0.03966058,0.07529434,-0.1991739,0.4378109,0.3885427,0.3747147,-0.338048,-0.6795717,0.1719677,-0.006249538,0.4084399,0.02752846,0.3957958,0.929944,-0.1249322,-0.04649437,0.1961909,0.2607906,0.04674845,-0.1896245,0.213581,0.2201396,0.4046792,0.4861658,0.1760915,-0.2174135,-0.00969207,-0.1044788,0.002566958
0.1706107,-0.2128655,0.04159452,-0.4004014,0.3023909,-0.02758105,0.4234883,-0.2544507,0.698432,0.07849909,0.30594,0.08796442,-0.01582028,0.05481273,-0.1411218,-0.01701079,-0.974082,-0.01899139,-0.4927078,0.2336298,-0.2996166,-0.370212,0.1728947,-0.2224679,0.09284717,0.2874812,0.1479195,1.205882,1.994345,-0.07600194
-0.007099464,-0.1921881,0.8450388,0.1640075,0.03234317,0.1712168,0.0766715,0.1340861,0.3120756,0.1901133,-0.2280355,-0.236457,-0.2221501,-0.326052,-0.1090586,-0.06397689,0.1046178,-0.4679269,-0.09232707,0.2048166,0.03674042,0.04451602,-0.02123477,-0.3576944,0.4958925,0.02194493,0.1429432,0.113775,-0.2715358,0.02237801
0.02130662,-0.02800113,0.3124887,-0.3912034,0.471215,0.02730452,-0.02880092,0.223108,0.01731283,0.07511548,-0.4618988,0.03691298,0.4517281,-0.1072047,-0.510909,-0.4939803,0.3347285,-0.009054787,-0.038784,-0.002609023,0.4296943,0.1783649,-0.06194776,-0.1550636,0.3540897,-2.808499,0.0005684628,0.1692033,-5.481541E-06,-0.003042277
;
0.1937153,0.0708276,-0.4845424,-0.1154621,0.3869605,0.489388,-0.03212597,-0.2574638,0.7647125,1.167201,-0.4676703,-0.1106138,-0.1425621,-0.3316301,-0.2060762,0.05052668,-0.1293093,-0.2957119,-0.06750276,-0.06407774,-0.8626595,0.2083927,-0.02229577,0.1344889,-0.2703347,-0.04032357,-0.4235972,-0.3823645,-0.06746615,-0.1142279
-0.06591272,0.5880529,-0.270126,0.2301109,0.08276638,0.4147992,-0.7213435,-0.07494789,-0.1211555,0.004300452,0.3501387,-0.04452189,0.2535368,-0.4550325,-0.4997646,-0.01897295,0.3332112,0.008805078,0.3052342,0.2102944,-0.7699636,0.7873881,-0.026796,-0.103388,0.3518866,0.379989,0.007094826,0.06835133,-0.0119283,-0.006784592
0.1886189,0.1899667,0.1354951,-0.08427614,0.4484837,0.3343925,-0.4034743,0.6235856,0.1731379,0.00121258,-0.09087022,-0.0003060068,0.3702429,0.4459647,-0.2814374,0.3949081,0.06302872,0.3380913,-0.1774912,0.1723176,0.4528887,0.2968017,-0.02901529,-0.2484968,-0.1322361,0.04811954,-0.3193763,-0.4129598,0.004052324,0.6936195
;
-0.03864256
-0.2719379
0.4842876
-0.06321301
0.02544992
-0.0006305545
-0.3757918
-0.2405505
0.2995258
-0.006985009
-0.03904739
-0.8756855
0.6212363
0.1044498
-0.4615874
-0.0317932
0.04700226
0.001095719
0.2045448
0.004130091
-0.08323611
0.8081722
-0.4529063
-0.006548272
0.182785
0.4995176
-0.278192
-0.3654404
0.3748574
0.3678164
;
-0.02362701,-0.1421863,0.2940474,0.2607954,0.4341102,-0.04515149,0.5941353,-1.375195,0.2287607,0.1699768,-0.3664436,-0.1541014,-0.06132811,0.04284587,-0.2667975,-0.2374239,-0.07684862,-0.0351359,-0.2397146,-0.1738127,0.03037281,0.5311587,-0.2991196,-0.3774812,-0.2745813,0.1297486,-0.1421494,-0.1259659,-0.380996,-0.02515667
-0.3682318,-0.4289814,-0.1624162,0.0751486,-0.3338201,0.3538527,0.009064039,0.1120861,-0.01072675,-0.06023933,0.02402048,0.7766665,0.7084744,0.3001491,0.2583911,0.5427718,0.489364,0.4875379,0.009356439,-0.1725111,-0.3622357,-0.04782293,-0.449415,0.2995406,-0.1730596,-0.04580742,-0.04530273,-0.0679737,0.1142337,0.05927056
0.04873165,-0.1002833,-0.2736743,0.09163648,0.6195175,0.2463729,0.04066675,0.01486743,0.1946275,-0.1261624,0.001845844,0.2487635,-0.2427033,-0.3073571,0.2811648,-0.360226,0.3841332,0.3719795,-0.1569615,0.1461873,-1.060665,0.004243155,-0.2939975,0.4777688,0.1261545,-0.02741479,0.003390972,0.5406677,-0.09560016,-0.7543622
-0.27661,0.4155167,-0.01591475,-0.005523338,-0.09990181,0.009187674,-0.01517802,-0.2658703,0.07597977,0.392725,0.03569442,0.5712656,-0.2464801,-0.2441893,-0.0991241,-0.009696305,-0.1363102,-0.05262607,0.003668923,-0.02747766,-0.3962672,-0.01728327,-0.3351215,-0.1324872,0.1084693,-0.1795846,-0.03943616,-0.02295,0.05346495,-0.2824861
0.5874572,0.1571352,0.7672241,0.6758575,0.6677408,-0.128509,0.02358811,0.001032406,-0.4210924,0.5893776,-0.7543367,0.2448497,0.02091678,-0.04730757,-0.3957375,-0.1882235,-0.06134051,-0.01728113,-0.4722416,-0.1149674,0.3151839,0.08530146,0.04701191,-0.00816635,-0.006379189,0.4831232,-0.02162019,-0.06685704,0.04369188,-0.3055068
-0.369131,-0.5691375,-0.07612044,-0.2146195,0.4791884,-0.2833301,-0.1954033,-0.1106459,-0.4389024,0.03222138,-0.1371513,0.1969153,-0.3542501,-0.2564315,0.599219,-0.1587393,0.02475549,0.2279958,0.4976579,0.005159676,-0.04642562,0.3121647,-0.02436005,-0.03134205,-0.3451278,0.09690715,0.288958,-0.08347201,0.7233533,-0.01959701
-0.2729366,-0.1517953,-0.4518096,0.1988411,-0.1965634,-0.3603984,-0.3683422,-0.5697454,-0.2286813,-0.09046525,0.08889516,-0.8399221,-0.004611254,-0.1052191,0.02932344,-0.3536679,0.219571,-0.01959798,-0.4079486,0.09530924,0.02995514,0.1512098,-0.0001252188,0.436887,0.07046176,-0.05339947,0.4579294,-0.1257614,-0.04460301,0.6378472
0.1598232,0.2869848,0.1133722,0.6846797,-0.3515182,0.2113558,0.2861366,0.3926862,-0.2199391,-0.2000443,-0.4993115,0.4114578,0.1083739,-0.4972677,0.2372513,-0.1246307,-0.1389343,0.6085635,-0.09296475,0.262496,-0.2654927,0.2240348,0.3909998,-0.02873337,-0.2626094,-0.3172799,-0.02964997,0.5097818,0.01308354,-0.5188663
0.0003907122,0.4014631,-0.05652255,0.142308,-0.2269454,-0.2871327,-0.01639539,0.2748358,-0.0283833,-0.03708667,-0.01929262,-0.0215575,-0.1453195,-1.956518E-05,-0.4864109,-0.4001896,0.7731476,-0.3487697,-0.5403851,-0.0129688,0.5502563,-0.3412059,0.00914079,0.4329489,0.0184655,-0.4585522,-0.05115423,0.1792383,-0.2657949,-0.2662146
0.2839162,0.135512,-0.2151334,-0.07421881,0.03362024,-0.784816,-0.008221862,-0.3652687,0.3013399,0.4526575,0.04129714,-0.01328808,-0.02288728,-0.3900944,0.04725149,-0.2535336,1.156745,-0.1849163,0.02598646,0.04016259,-0.4767908,-0.007015372,-0.2716641,0.1130654,0.02262055,-0.1326877,0.8218059,-0.02488347,-0.6637593,0.07371853
0.4693291,0.03384322,0.1488115,-0.03788361,0.09111317,0.272894,-0.112405,-0.3603236,0.1802309,0.005722533,-0.1296525,-0.3657005,-0.3722103,0.4120921,-0.04992713,-0.8688226,-0.6121536,0.04121697,0.2312587,0.0009356347,0.4907101,0.02586468,0.106997,-1.714499,-0.2675087,0.09971398,0.3857544,-0.07374045,0.01362551,-0.03855535
-0.4513285,0.03379494,0.0002798961,-0.656568,-0.05786278,-0.2113486,0.3282557,0.4828864,-0.560489,0.2947875,0.3017001,0.0204379,0.3316168,1.266155,0.2276421,-0.03527343,0.1618272,-0.1279051,0.06764581,0.4754395,-0.09466269,0.2592811,0.09338377,0.1352422,0.05325622,-0.08767983,0.2972319,0.3899504,-0.1422195,0.005355299
-0.001540228,0.02714613,0.7591289,0.009573133,-0.5041054,1.006839,-0.2442256,-0.2036657,0.1293466,-0.2819908,0.009410163,0.3235326,1.004332,-0.5280527,-0.1141698,0.006938681,0.1163478,0.001294398,-0.03537628,-0.459221,0.00968405,-0.08382589,-0.1385717,-0.2665446,-0.08704909,0.1988814,-0.2786892,-0.5336136,0.1372599,0.03501597
0.8681782,0.3227268,2.75529,-0.2929844,-0.9396533,-0.04645203,0.006040029,0.002960503,0.06558391,0.3785846,-0.1721649,0.4876426,0.2198241,0.2628578,-2.178159E-05,-0.08654653,-0.04947239,-0.04302698,-0.1177227,0.2546847,0.1917986,-1.026833,-0.1955092,-0.003702072,0.2549469,-0.4147403,0.3870285,0.22484,0.2608672,-0.2306441
0.1786378,0.329244,-0.6827766,0.08272332,-0.1293547,-0.2657934,-0.6026476,-0.0303209,0.4052014,-0.7053238,-0.00190692,-0.4169232,-0.4841915,0.2561201,0.4559847,0.40321,-0.1390904,-1.383545,-0.323577,0.002758116,0.1867499,0.1616621,-0.2473122,0.6845634,-0.4988871,0.2146334,0.02028597,-0.4862864,0.7755161,0.1071575
0.002640123,-0.7051936,-0.310123,-0.3624807,0.0002403263,0.7703666,-0.4472125,-0.5162393,-0.2932154,0.09637477,0.1628282,0.02803212,-0.1981265,-0.1444959,0.3238791,-0.07134052,0.1044965,0.2510031,0.03248206,-0.2874306,-0.3169725,0.6000439,-0.1864719,-1.098547,0.01839196,-0.5520471,-0.07025188,0.1065601,0.1394858,0.3941938
-0.1275044,0.3912295,-0.01009221,0.1253666,0.2867053,-1.484488,-0.1828267,0.09542494,0.4601632,-0.02084466,0.02182745,0.03452691,0.8295884,-0.06038642,-0.7562605,-0.005987122,-0.1273628,0.3180484,0.3613704,0.3201103,0.4591658,-0.2565369,-0.5592878,-0.3859411,-6.510274E-05,0.7255493,-0.5488971,-0.1052563,-0.1197707,-0.4644349
-0.4032062,0.2301395,0.2860017,0.4997473,0.04535844,-0.138316,0.06571165,0.1081772,0.04249618,-0.370433,-0.0008917737,0.4260395,0.4236094,-0.08239835,-0.4104736,0.2778647,-0.06560928,-0.01984888,-0.002946454,-0.2448688,0.04887991,-0.3330202,0.08061272,0.01496674,0.006837557,-0.6249072,0.1241312,0.1051596,0.6967786,-0.443599
-0.2333224,-0.3728718,0.04092633,-0.03169522,0.02376479,-0.3241981,0.3229929,-0.2532382,-0.2345484,-0.392164,0.1031458,-0.0121662,-0.107201,-0.3441716,-0.08907229,0.5671387,-0.01223264,0.06846372,-0.2426668,-0.2867887,-0.003143781,-0.06128067,-0.0003038638,-0.2015083,-0.2137384,-0.1821781,-0.01322506,-0.6234314,0.06741792,-0.4777059
-0.1083249,0.344411,-0.4033577,-0.1404164,-0.1428439,-0.1001854,0.0005560034,-0.02335512,-0.1431743,-0.5199506,-0.0121019,-0.008731644,-0.1185258,0.2605367,0.9197516,-0.05694517,-0.3831147,-0.05793383,-0.1228252,0.006347273,-0.2239296,0.232241,-0.5472586,0.06299978,-0.2582129,-0.03082502,0.07043499,0.4904392,0.001125495,-0.01269036
0.1747537,-0.1581853,0.1036701,0.376021,0.3842307,0.2855878,0.0648126,-0.9916025,-0.2293091,-0.122548,0.1284541,0.8183571,-0.03779608,-0.004412669,-0.1576083,0.200566,-0.1210863,0.4646779,0.5736222,0.2136532,-0.1500778,0.4485431,0.05527109,0.1266167,-0.2301825,-0.4056941,-0.005510747,-0.1469408,0.01616059,-0.01390813
0.1060658,-0.5380106,-0.2480858,0.4494716,-0.4377435,0.1266063,-0.3975929,0.4324331,-0.8421788,-0.02637471,0.1070783,0.001151058,-0.3191857,0.4131281,0.1638781,-0.4345894,0.8005479,0.04911827,-0.3704112,-0.02609186,-0.4236242,-0.4960235,-0.1584002,0.4519951,0.01581816,0.03154417,-0.0615887,0.9971596,-0.4870394,0.05749991
0.04761711,0.0708892,0.3455338,0.05574998,-0.1464272,0.01518506,0.09149152,0.1779274,0.2586017,0.2207159,0.06603706,-0.05296534,0.04173464,0.1723316,-0.1907576,-0.05152913,1.022552,0.4514704,-0.1718031,-0.1621671,-0.2004525,-0.3769946,0.1935916,-0.08392578,-0.01276123,-0.2267773,0.8291046,0.09273334,-0.3683709,-0.2007751
0.2589128,-0.007109955,-0.0965029,0.1586798,-0.008139499,0.4024247,0.1669609,0.001778543,0.02913279,-0.5925903,0.3654737,-0.1552444,0.2615457,0.5686021,-0.6871727,0.1152031,0.134314,-0.1949909,0.4803088,0.004122247,0.472176,0.1377158,0.4721823,0.02010518,-0.001115865,-0.6037236,0.3250425,-0.1965604,0.1073771,0.09657
-0.03898623,-0.1523478,-0.05206986,-0.2023997,-0.3974966,0.07180208,0.08908588,-0.350278,-0.03819209,-0.01978535,0.3008893,-0.4897861,-0.01710564,0.3438632,-0.05739066,0.1613351,0.1564081,-0.4297861,-0.503303,-0.2588513,-0.2294861,0.3041369,-0.05838054,-0.5094269,-0.01379472,0.1007176,0.4399026,-0.06062699,0.3853133,0.4902456
-0.07477172,0.2834679,0.3796083,-0.4312338,0.4655379,-0.3674539,0.4471698,0.8833923,-0.1457122,0.4152966,0.3338093,-0.2839285,0.03175652,0.8043945,0.4041289,-0.3871591,-0.3370835,-0.01561447,-0.5864533,-0.1554982,-0.06218474,-1.053865,-0.1639677,0.4689164,-0.2704474,0.1309345,-0.01464399,0.5020778,0.001378394,-0.413738
-0.3600858,-0.3681525,0.3902654,0.01885734,-0.07376859,0.02177757,-0.3676657,-0.04525784,-0.05781039,-0.3996814,-0.006636542,0.1652314,0.09935042,-0.2586794,-0.3826839,-0.4581722,0.01232715,-0.4549737,0.0006044699,-0.01938075,-0.1907802,-0.1491892,0.1055323,0.2559609,-0.001361711,0.09866891,-0.07882005,0.6068147,0.1491618,-0.2435262
0.09984698,-0.3508461,-0.2642046,-0.58824,0.2399164,0.2993248,-0.00946128,0.2659826,-0.4946312,0.1325132,-0.2572434,-0.3497032,0.2930485,-0.2537589,0.8198875,-0.0007562743,0.07748204,0.4353242,0.06939258,-0.1261948,0.04732282,-0.4973742,-0.5866064,-0.01131314,0.2260108,0.08179003,0.03323613,-0.1953978,-1.238044,-0.06889278
-0.3964531,-0.06110903,-0.4394246,-0.02916476,-0.01585568,0.0373804,-0.2318882,0.6801209,-0.2843705,-0.09684283,0.3498499,-0.8255703,0.3297923,0.2362539,-0.2314207,-0.05797808,-0.1133872,-0.4738859,-0.3005116,-0.06750523,0.3382287,0.4166056,0.07925753,3.937415E-05,-0.09586032,0.00266208,-0.1401633,0.007629731,-0.4302038,0.2476432
-0.06308454,-0.2640927,-0.4301225,0.06064142,0.1021969,-0.2997169,-0.5018162,-0.15264,-0.2618718,0.1917369,-0.01330622,1.006286,-0.005730491,-0.8631077,-0.08230033,-0.6480995,0.3962949,0.1414827,0.9844848,-0.437287,0.02010878,0.3495023,-0.1841132,0.3178329,-0.9107358,-0.08379566,0.4946966,-0.05476109,-0.7712202,-0.279431
;
1.533213,-0.0273071,0.1589979,0.1761782,0.002774885,0.149643,-0.35163,-0.144648,-0.3795756,-0.02375311,-0.2114284,-0.2625859,-0.03154504,0.08237854,0.05903476,0.0001557978,0.4231923,-0.09028208,0.2355989,0.1572475,0.1686441,0.552514,0.02825648,0.3677205,-0.4531529,0.007566434,0.3391281,-0.6768566,0.2481367,-0.06770462
-0.5044937,0.09040906,-0.06099069,0.3489177,0.3189316,-0.0004360253,0.5203896,0.2164821,0.0415842,-0.2562481,0.1834826,-0.308863,-0.001336758,0.06190878,-0.1163829,-0.05806982,0.1919722,-0.01505464,0.5164896,-0.1537853,0.1636426,-0.339341,-0.09220523,0.3147237,-0.2942109,0.165078,0.005851024,-0.4583629,1.140738,-0.3482558
-0.3787737,0.2533161,-0.2813779,0.0656392,-0.4504467,-0.1941786,-0.002257093,-0.3590509,-0.4475302,0.2799884,0.1076514,-0.06648093,0.4700679,0.1645827,-0.03347358,-0.7949663,0.1304005,0.03625564,0.08060356,-0.02517798,-0.2349449,-0.003343952,-0.5189019,0.4123424,-0.08886853,-0.6137096,-0.01320141,0.2703457,0.216034,0.4285024
;
