0.4772229
0.08931886
-0.149018
0.3689888
-0.01473458
1.508843E-05
-0.183485
0.1561992
-0.4724691
0.003472645
;
-0.3777948,0.7588177,0.4237678,0.03293321,0.4665685,-0.252964,0.3350068,-0.3312378,0.1100235,0.08646964
-0.1935143,0.009724677,-0.3849239,-0.2420482,0.2547822,0.1007672,-0.129363,0.3729408,0.2951915,-0.04386357
-0.5408199,0.2925853,0.4785815,-0.1140582,-0.001928318,-0.6739832,0.460772,0.0313259,-0.2288558,0.8728019
0.327111,0.04011931,-0.3280757,-0.06914002,0.1085246,-0.001501143,-0.1223918,-0.09540325,-4.859498E-05,0.03233418
0.0521161,0.1753417,0.07417875,0.0336602,-0.04930692,0.2354066,0.06722513,-0.2769599,0.1495048,-0.1565271
-0.002021504,-0.04968761,-0.0003992968,0.08168474,-0.2602681,0.1291655,-0.06826304,-0.2657326,-0.1472375,-0.2065009
0.01714867,-0.209706,-0.2818248,0.2413658,-0.1394795,-0.1522872,0.2542548,0.01147761,0.06334215,-0.4955962
0.1446912,0.001068442,-0.2849222,-0.411384,-0.07798398,0.003042321,-0.4550606,-0.01992148,-1.252598,-0.1376649
0.2533553,0.1440241,0.0004466628,0.0162892,0.04776782,0.03789259,0.3709626,-0.134005,-0.4775907,-0.001790697
0.6029734,0.6512137,0.1746954,-0.2871822,-0.4371682,-0.3419138,0.07059259,0.1588342,-0.2886129,-0.02792477
;
-0.0003170363,-0.06778139,-0.1706892,-0.003600022,0.0866044,-0.2994988,-0.01113259,0.4769394,-0.3283113,-0.004220687
-0.6233587,-0.0220168,0.0806822,0.1822942,0.1977168,0.2716796,-0.03162439,0.05287808,0.8017457,-0.1076227
;
0.001060473
0.6660581
1.130482
-0.1809535
-0.3991414
-0.3925661
0.004050818
0.6196417
0.4074486
0.4317703
;
0.2088522,0.2732272,-0.007985764,-0.005397744,-0.2214348,-0.0001700252,-0.3905975,0.3638811,-0.5572016,-0.002978227
0.01130151,0.753498,-0.3106294,0.2689749,-0.00673359,0.3627106,-0.03594146,0.2096311,0.02583252,0.2781644
-0.03957704,0.08615167,0.1923405,0.6714861,-0.4997468,-0.008868923,0.1308865,-0.1631604,-0.4395373,0.3695611
0.2831064,-0.1103067,-0.1589862,-0.3758303,0.001827143,-0.6400305,-0.4816884,0.4670319,0.0499815,0.001463645
-0.4380599,0.4247019,-0.1039462,1.841687,0.05211296,-0.01065982,-0.2434192,-0.1239117,0.07001871,-0.3426942
-0.06796215,-0.42212,0.00165269,0.340068,-0.2870494,0.004408993,-2.843889E-05,0.01316456,0.0003309612,-0.005437644
0.0001328361,0.1249654,0.006193408,0.0002065491,-0.1133284,-0.2668497,-0.5055565,0.4998726,0.1265508,0.01486787
0.1256571,0.0253179,0.09214228,-0.001866148,-0.2258618,0.1131523,-0.2290531,-0.07136212,0.2587997,0.05399087
0.003025718,-0.05257768,-0.04192467,-0.2226455,-0.4888235,-0.01435322,0.01602497,-0.1149702,-0.6334732,-0.25624
-0.02370945,-0.328914,0.2984239,0.4686815,0.002377422,0.1988702,0.4424138,-0.1909633,0.2256448,-0.4021209
;
0.2374112,0.003553239,-0.1165784,0.02471417,0.1598679,-0.4189408,0.0881782,0.5787491,0.2326379,-0.1507134
-0.2549534,0.01705048,-0.4791646,0.1010079,0.1306584,0.4358847,0.03158322,0.414338,0.4754639,-0.04995651
0.3381245,0.06423117,-0.0736355,0.1235715,0.03136913,0.2835311,-0.3242496,0.02741946,0.1753161,-0.222021
;
