-0.2219035
0.05034584
-0.0837141
-0.4855996
0.4723047
-0.1286373
0.4560946
0.2959985
0.3446774
0.1592886
;
-0.2459465,-0.4394888,0.196599,0.01602,-0.08905393,0.1640591,0.4450126,0.4043015,0.2707806,-0.1139221
0.03602463,0.4812562,0.3936437,0.1873714,-0.1298125,0.005655706,-0.1485552,0.1000296,-0.469111,0.1982338
-0.1268085,0.2352943,-0.2173048,0.2304848,-0.4555269,-0.2156785,0.4712518,-0.1004366,-0.04844195,-0.03079051
-0.4027208,-0.07452542,-0.3218135,-0.4655355,-0.4749284,0.3971393,-0.4728361,-0.2505388,0.1095302,-0.3886925
0.193956,-0.4527218,-0.2281139,-0.09516498,-0.2430812,0.2667713,0.2571765,0.2888871,-0.03855437,-0.21841
-0.3512034,0.3307128,-0.3886691,-0.4992964,-0.4297307,-0.4635764,-0.1186314,-0.09694582,0.4270762,-0.2071646
-0.3555597,-0.05615133,-0.135735,0.2510411,-0.3241454,0.1612638,-0.4899031,0.07735091,0.1079332,0.1356184
-0.04997379,0.4408263,-0.1358796,0.09965509,-0.1009666,-0.413113,0.4025259,0.05782801,0.3821243,0.4720976
-0.3236195,-0.01499552,0.6370751,-0.08243078,-0.4769,-0.1435944,0.3246174,-0.3629781,0.365695,0.05184823
0.4018698,-0.2948055,-0.2878146,0.192103,-0.3268806,0.1444895,0.1421853,-0.3913194,-0.1467624,-0.3054359
;
-0.3313011,0.1934365,-0.09568673,0.15433,-0.3161094,0.1769919,-0.362506,0.446926,0.22066,0.09950608
-0.211963,-0.001646459,-0.465212,-0.0008146167,-0.4168934,0.2845838,-0.1213891,-0.2035198,0.4895332,0.09554356
;
0.0007427959
-0.4413929
-0.3735145
0.3310285
0.4085623
0.2197387
-0.2932525
0.01853637
0.2761115
-0.1778901
;
-0.04375806,-0.4243253,0.04929378,0.1626565,0.3383637,-0.03490537,0.04164845,0.2267377,-0.004092101,0.4334674
0.2925746,-0.302974,0.2504185,-0.9405864,-0.02306096,-0.01438634,0.5063318,0.04000208,0.4503678,0.1279492
0.3163904,0.2778025,-0.4684694,0.190242,0.007387091,0.326595,-0.19946,-1.948716,0.4389458,-0.1837708
0.4764222,0.1541134,-0.01850155,0.637771,0.02557531,-0.04124522,0.1195677,-0.001535951,0.1206249,0.01021047
-0.1426747,0.01162756,-0.1096461,0.3639629,0.007513199,0.08839726,-0.336002,-0.4641129,0.4617732,-0.1123345
-0.4225149,-0.2666635,0.2553772,0.06943492,0.0006022236,0.001115262,0.001485815,0.007915275,-0.2018695,0.3819681
-0.3983799,-0.1287423,-0.005248083,0.08315551,-0.2444657,0.212878,0.1595816,0.9026335,0.1738477,0.2250553
-0.3622262,0.1223066,-0.2523339,-0.3721799,4.754299,-0.1914446,-0.02822837,0.05754039,-0.1374654,0.3653257
0.2167896,-0.3622918,0.591924,0.1420165,-0.01078794,-0.06016063,0.1616827,-0.1008769,0.1318386,0.490219
0.1925123,0.4010171,0.6645339,0.224409,0.103029,-0.6049282,-2.239703E-05,-0.3303998,0.3737366,-0.006157327
;
-0.1776148,-0.151809,-0.2442992,-0.276699,-0.2187155,-0.2638456,0.3128575,0.01003347,0.3670231,0.4644985
-0.09846033,0.04154576,0.07539166,0.3798905,0.02072333,0.3234082,-0.4117454,0.03610283,-0.780427,0.1576794
;
0.2855482
-0.005781714
-0.3898981
0.1748937
0.1403813
-0.1715085
0.3027314
-0.3089748
-0.6731198
0.3730187
;
-0.4897238,0.1191905,0.4878703,-0.1028417,0.1970132,0.4867432,-0.05474525,-0.02197735,0.002401726,0.250481
0.3263131,-0.4172821,-0.5627044,0.2075378,-0.1648244,0.02007163,-0.002467358,0.04614057,0.4483377,-0.06171038
0.03119231,-0.09831757,-0.03152603,-0.137791,-0.06631466,-0.4658305,-1.510873E-06,0.1422613,0.2987595,-0.02878576
-0.2605937,-1.061651,2.642134E-05,0.1889242,-0.8139866,-0.003203949,-0.1308771,0.2673186,0.03814802,-0.06961364
-0.0286706,-0.3298204,-0.356805,0.1186522,0.4741568,-0.3322212,-0.0003264666,-0.1760831,-0.4858595,0.05376014
-0.0402342,-0.1192201,-0.01918608,0.09884918,-0.1232554,-0.03333608,-0.4080424,0.4588302,-0.2023757,0.1584079
0.3371022,-0.5101258,0.4150213,0.1302985,-0.03895205,-0.2069586,-1.06025,0.359136,-0.04492432,0.02337002
0.02566819,-0.06452411,-0.4386392,-0.09576022,0.006139273,0.2672063,-0.48672,-0.03916143,-0.001391285,0.2373308
0.4396009,-0.01192314,-0.1699373,-0.5586273,-0.06446056,0.3238928,0.05866582,-0.1866553,0.02680464,-0.4076842
-0.2851189,-0.01588732,0.06061572,0.06711688,-0.3819261,-0.06331941,0.1528982,-0.3851291,0.02927886,1.302295
;
-0.7147443,-0.4050282,0.02447431,-0.005916803,-0.09459245,-0.4474104,-0.3380569,0.01740418,-0.1735976,-0.1792406
-3.515719E-07,0.1288547,-0.09767459,-0.06743449,-0.08694881,-0.1667239,0.0007182383,0.238081,-0.2936365,0.2878187
;
-0.003493831
-0.3007854
-0.2150361
-0.00136963
0.06851218
0.07001678
0.1754233
-0.06330627
0.1973326
0.3381664
;
-0.3593741,-0.44067,0.4579641,-0.46316,0.4135088,-0.01450836,-0.02537795,0.01119362,-0.472182,-0.2656332
0.2634056,0.3916447,-0.004692455,-0.003871824,-0.4234959,-0.6771738,-0.1482638,-0.4969767,-0.08099386,-0.04502541
-0.3614043,0.01494721,0.6492354,-0.4525329,0.03327158,-0.05728656,-0.121606,-0.2740053,0.1375856,-0.01028007
-0.1910393,0.1074165,-0.4090462,0.6414338,-0.0006972251,-0.01523332,0.5890707,-0.02567057,0.0199675,-0.1877746
-0.003621946,-0.3511361,-0.2080211,0.03306299,0.0276973,-0.3445143,-0.01619235,0.2901663,1.770914,0.2638798
0.2622837,1.878585E-05,0.1207433,0.2374768,-0.07909536,-0.2580044,-0.3179047,0.2441762,0.001056304,0.2719143
-0.06556784,-0.1665799,-0.0006521535,-0.01581893,-0.2917909,-0.3498369,0.01960808,1.313638,0.3424068,-0.3277111
1.835479,0.371111,0.09625365,0.5348833,-0.2278031,-0.4665283,-0.1571555,0.02878278,0.1382884,0.3734282
-0.1977292,-0.1171236,0.00217084,0.01111634,-0.02704908,-0.001586939,0.1875883,0.1262393,0.1823413,-0.002013812
0.2503943,0.259134,-0.2821158,0.3402311,0.3719406,-0.4826543,-0.3425821,0.1750138,-0.239974,0.01072918
;
-0.5059423,-0.08364845,-0.4813408,0.04917739,0.1673177,-0.1026754,-0.4725,-0.3759309,-0.003400404,-0.1389718
-0.2497306,-0.006603137,0.4686429,-0.1003516,0.4164984,-0.2125975,0.3405243,-0.06787944,-0.4547585,0.07353316
-0.2576676,0.7734979,-0.08695556,0.1064948,0.0001483511,-0.1034908,0.3857116,0.4263933,0.3747989,0.4325818
;
-0.01440302
0.2285819
0.6716121
-0.08252567
-0.01121563
0.003565119
0.06822046
-0.09772998
-0.4249259
-0.8900005
0.4023682
-0.3048741
0.4407619
-0.4793591
0.1861918
0.2601573
0.1677085
-0.1090718
0.4538674
-0.07640763
0.05048031
0.07944983
0.9796763
0.223561
0.01601108
-0.3372146
0.2558063
-0.2025042
-0.06519838
-0.1826605
;
0.3480847,0.02629316,-0.402375,0.4908522,-0.007407417,-0.4160303,0.01135583,0.339107,-0.1748033,0.3331563,0.09634769,0.4337075,0.2261094,0.04592687,0.2577024,0.05256912,0.2185672,0.2662802,0.07054096,-0.7425021,-0.08211972,-0.004076825,0.3490141,0.3780668,0.4344479,0.07300629,0.3008366,0.1106383,-0.1409253,-0.4153177
0.066423,-0.2767483,0.772119,0.2266442,-0.3758196,-0.3088751,-0.2155664,0.2037152,0.4077988,-0.2301772,0.01527339,0.7820821,0.1997949,-0.6703553,-0.2331097,0.1479521,0.286759,0.3429435,0.0163975,-0.2962003,-0.04943369,-0.2792083,-0.1442834,-0.08611525,0.4607038,0.2523218,0.05839683,-0.2967715,0.02243885,-0.1330237
-0.3107476,-0.1682068,-0.3224845,-0.01092413,-0.03828782,-0.7439068,-0.1475097,0.2115348,0.4715297,0.04888179,0.121319,-0.2079991,-0.02910865,-0.2413277,-0.730122,-0.4415532,0.2002064,-0.03849338,-0.2074137,-0.3084892,0.07278779,0.415095,-0.05577073,-0.6368445,-0.08492652,-0.4428928,-0.3539495,-0.4006435,0.004553892,0.02701041
-0.04067473,-0.1367833,0.2250851,0.2489155,-0.2711254,0.1371699,-0.07590991,-0.3042752,-0.1251417,-0.2641009,-0.01408952,0.1320988,-0.3963063,-0.5105089,-0.2540849,-0.3219572,0.02083679,0.2366746,-0.1959829,-0.2512025,-0.8646041,-0.06942831,0.4446263,-0.3777531,0.352891,0.1733584,0.4526241,0.168201,-0.2328201,-0.4577053
-0.4994915,0.4619662,0.05156726,0.3022861,0.1182471,-0.3865622,0.5810709,0.2434261,-2.062187,0.3533682,0.08142108,0.01052707,-0.1077851,-0.401483,-0.281231,0.3419908,-0.1750511,0.07033729,-0.05217952,-0.05710086,0.3848821,-0.3517995,-0.7347897,-0.1717914,0.2056599,0.202189,0.01073745,0.09168805,-0.06169774,-0.06320184
-0.09010922,0.1764057,-0.1316369,0.1671966,-0.01337954,0.09817477,0.05444205,0.3159455,0.1081626,0.05157596,-0.6362342,0.3119556,-0.4360958,0.3441168,-0.4950156,-0.02816945,0.4019858,-0.05556267,0.2440935,-0.2574033,0.02258441,-0.4229237,-0.04095775,0.07446909,-0.003572604,-0.1189149,-0.03417064,-0.1282515,0.2063269,-0.04337523
0.016491,-0.4002,-0.7680662,-0.1686655,0.2528396,0.08851051,-0.1712207,0.0586579,0.2277789,0.3912956,0.3612982,-0.01573431,-0.278301,0.03778924,-0.3889613,-0.09971815,-0.3218561,0.2960061,0.05322888,0.2806323,0.02274664,-0.02206558,-0.3334988,0.4761927,0.2022815,-0.01066583,-0.1422673,-0.00564152,0.1156798,0.1688424
0.1510159,-0.3942062,-0.1226651,0.2829964,0.5474256,0.1208625,-0.3761021,0.4043854,0.06947798,-0.1244381,-0.0366674,-0.1900164,-0.1471533,-0.006573683,-0.6083006,-0.2944169,0.0606969,-0.422441,-0.4762646,-0.01713121,-0.01176873,-0.07267326,0.3745513,0.3786436,-0.002844553,-0.002004262,-0.1579311,-0.07454097,0.04258877,-0.09927317
-0.286512,-0.06679162,-0.05530477,-0.0009212508,0.003078912,-0.1253579,-0.08191758,0.4406705,-0.2343426,-0.1312886,0.09774011,0.7154934,-0.2624501,-0.2485902,0.3080003,-0.463263,0.003907875,-0.3905923,-0.3655819,-0.1121174,0.4648762,0.0002285114,0.02589517,-0.1978867,0.3117948,0.08010459,0.4685526,0.004664555,0.1516688,-0.2362454
-0.05283423,-0.1337201,0.2391902,0.6116128,-0.4613492,-0.2375849,-0.1172956,0.2090469,0.3397886,0.0620424,0.08429831,0.258224,0.03049255,-0.3826718,-0.3193117,-0.2229176,0.1178314,-0.09237629,-0.02445364,0.3208847,0.003642202,0.4373946,-0.5505603,-0.022201,0.007687594,-0.007157639,-0.04278087,0.6023465,1.34843,-0.05391116
0.1210874,0.4738076,-0.1940972,-0.06440796,-0.02451976,-0.9339969,0.009075419,0.1955465,-0.006972332,-0.04730807,-0.3623321,0.2240611,0.2867136,0.07738875,-0.3910599,0.4173072,-0.2770072,0.1916324,0.313898,0.0049998,-1.211695,0.5252553,0.4458498,-0.004978077,-0.117753,-0.07758671,-0.08796195,0.342154,-0.286074,-0.002714297
0.4991669,0.01052702,-0.04799432,0.09094711,0.2770346,-0.002732481,-0.6554705,0.02825492,0.2714587,0.1069829,-0.3220472,0.06645875,0.008991539,-0.2359387,-0.09390491,0.001148522,-0.1601316,-0.2260763,0.9956775,0.2726272,0.1958029,0.07551982,0.001993067,0.110622,0.277043,-0.4566988,-0.09791082,0.1936513,-0.1697131,-0.03065725
0.1660828,-0.3073072,0.233216,-0.3278157,0.1018625,-0.09739672,-0.005053561,-0.01826341,-0.02773965,-0.1550471,0.0008838628,-0.2804577,-0.0579496,0.0007795229,0.4055912,-0.1704931,0.06021822,0.1186334,-0.3807945,-0.01051766,-0.2608043,-0.06959897,-0.3579711,0.1296743,0.001987902,-0.4830019,0.5522236,0.4167895,-0.0112875,-0.2016873
0.3183588,0.03696471,0.2265942,0.03549408,0.07949664,0.1298913,0.03111255,1.197412,-0.4149385,-0.3271019,0.006082975,0.001463673,0.007738564,0.6377092,0.07220649,0.02815692,0.3342277,0.3792384,-0.2330447,-0.02255005,-0.2183418,0.1359435,-0.2294321,0.3914653,-0.1249847,-0.1916867,-0.2883431,0.4825277,-0.2194507,-0.1095002
0.1211668,0.03134814,0.7840192,-0.06843822,-0.3479526,-0.01477578,-0.4590771,0.1003838,0.3724754,-0.1499172,-0.5208313,0.4741935,0.1122717,0.1680144,0.1622055,0.1427106,0.9139231,-0.05973127,-0.339143,0.3159547,0.003337444,0.05027765,0.03755261,-0.07545751,1.102892,0.08344605,-0.02101658,0.05594401,-0.4965287,-0.1377514
0.1020229,0.005964926,0.01432422,0.1494452,0.1180742,0.4112119,-0.01610847,-0.03313283,-0.4669688,-0.02230841,-0.02897432,-0.2000849,0.03995902,0.004580851,0.004372861,-0.06212896,-0.03458043,-0.1177422,0.3972999,-0.005548894,-0.2612611,-0.2471838,0.2545558,-0.1643537,1.394126,-0.4903487,8.522058E-05,-0.01393266,-0.1163034,0.05534917
-0.1148019,-0.4214854,0.3518149,0.0002148317,-0.1540233,-0.07703114,-0.04341811,-0.6847473,0.1224321,0.005538948,0.05653334,0.003536645,-0.003428188,0.9942369,0.07789355,-0.5810136,-0.36262,0.3280709,-0.4448154,0.3741307,0.0004714409,-0.3476689,-0.1945546,0.114785,-0.08702332,-0.01286232,-0.1468698,0.429655,-0.4249224,-0.3415264
-0.09332639,3.209567E-05,-0.05476362,0.3323197,-0.5123728,0.3745544,0.04043802,0.3266382,-0.0205442,-0.2937495,0.2401972,-0.3793684,-0.001238115,0.04369849,-0.2536165,0.003854811,0.4049173,-0.01906412,0.2080359,0.09730435,0.007220907,-0.3943144,0.08093646,-0.3504809,-0.262463,-4.558852,-0.3920336,-0.0003138129,-0.2234237,-0.05994941
0.1255254,-0.4098419,0.1160936,0.3868002,0.302812,0.3757613,0.3619343,0.3022551,-0.08586752,-0.4577465,-0.3826215,-0.4041193,0.1649572,-0.008616063,-0.06245548,0.4181724,0.3314474,0.005081844,0.002425856,-0.3939515,0.1959115,0.005892919,-0.001758106,0.3420398,0.01779029,-0.1750306,0.02449155,0.2289166,0.1205195,0.1727662
0.1045057,-0.402343,0.8038867,-0.390668,-0.398701,-0.9178144,-0.1866328,-0.1703199,0.4310353,0.03776329,0.1633626,-0.0910117,0.4429904,0.02143611,-0.008724024,0.8201442,0.01622888,-0.1246788,0.4165598,0.0002777656,3.398541,0.4130873,-0.03296397,-0.3230351,-0.05364426,1.195822,0.7670436,0.06025261,0.1720659,0.2721102
-0.47967,-0.1905735,0.01079783,-0.1239623,-0.1218467,0.0706425,0.1418122,0.0584831,-0.4143722,-0.2501764,-0.2610479,-0.03709418,0.63561,0.1969089,-0.7574119,0.02326022,0.4249881,0.3465872,0.03435026,-0.0178762,0.6057634,0.1118884,0.1667129,0.03928115,-0.03981113,-0.7738186,0.002766103,-0.4166859,-0.0546546,-0.08320617
-0.0499678,0.002265036,0.1117188,-0.2903658,-0.01515311,-0.3449944,-0.4825248,0.01285033,-0.1566641,-0.4406783,0.09416118,-0.01939998,-0.08048971,-0.004808724,0.396167,0.004507115,0.2090989,-0.08753282,-0.3922329,-0.8167731,0.2182474,0.09534638,-0.03408557,0.2186407,0.01007198,-0.1002113,-0.07012115,0.1486093,-0.1329887,0.6423402
-0.03887233,-0.2580758,-0.0002142047,0.1023906,-0.1995952,0.05900634,-0.2327028,-0.103142,-0.0981371,-0.06237274,-0.001385328,0.5360821,0.7265558,-0.02091461,-0.6519398,-0.1856791,-1.441693,0.129141,0.3233026,0.1168986,-0.03861755,-0.5161313,-0.3099492,0.478431,0.02435094,0.4569317,0.124254,0.2560647,-0.3232195,0.03702635
0.4942679,-0.2991763,0.3139821,-0.5070277,0.4565495,-0.1350121,0.1820355,-0.02283127,0.07294101,-0.1467381,0.255422,0.3911823,0.003436681,-0.2550768,0.4500849,0.05139142,-0.01657198,-0.01539652,-0.1447004,0.008111491,-0.07700795,0.4016303,-0.1079205,0.08601862,0.1777025,0.8518717,-0.3214195,-0.1649219,0.07775087,0.3295553
-0.01086204,0.01709749,-0.04293102,0.195786,-0.06784357,0.3266738,0.6981078,-0.0004159156,0.3427607,0.7114614,-0.2657048,0.175551,0.08543921,-0.07593697,0.09268929,0.1038373,-0.07652663,0.1076548,0.2605298,0.01832462,0.5681981,-0.4774337,0.4149667,0.2041283,0.05980362,0.6639253,0.7762793,0.01469354,-0.008529455,-0.05456065
-0.2859275,-0.00537428,-0.2298561,0.153647,0.03604556,-0.3642158,0.004257659,0.09048229,-0.2909912,-0.448269,0.3260671,-0.3573192,-0.09142916,-0.4940776,-0.001157701,-0.1352823,-3.452617,0.3014147,0.008616842,-0.002018748,-0.01381058,0.02988594,-0.3477292,0.1148524,-0.08525115,0.6708643,-0.3620285,0.00302216,-0.005218279,-0.4250758
-0.54014,0.05173498,0.06494743,-0.5238914,0.06792027,0.3150238,-0.3861617,-0.0006539384,-0.4137598,0.4049851,0.4203875,0.2119701,-0.1868811,-0.1056746,0.2785757,-0.05097009,-0.08800633,-0.4002336,-0.3740006,0.4346398,-0.07890838,0.2617287,0.1534466,0.3571594,0.08029789,0.01193031,0.2244593,0.05862603,0.1758988,0.009933488
0.1706107,0.10888,-0.8269845,-0.1701316,0.2754855,0.1909344,-0.2582556,-0.04003352,-0.2810841,0.1608373,-0.05600133,-0.4958768,-0.4297568,-0.2958314,-0.1795233,-0.004360795,0.5598277,0.001394224,0.3515173,0.06261463,-0.1524687,-0.370212,0.4357187,-0.6257144,-0.1302838,-0.06398484,-0.5914693,0.1526574,0.7609097,-0.003362973
0.005615501,0.1851265,0.1478878,-0.3560554,-0.2622288,-0.1698601,0.1479102,-0.220146,-0.1069575,-0.01748586,-0.1632442,0.4588293,0.09125987,0.3655688,-0.1274348,0.3854498,-0.246868,0.4781307,-0.1167368,0.4578575,-0.01688945,-0.1852704,-0.1648758,0.03146935,0.1781684,-0.04765128,0.2281438,0.03193904,-0.09725701,-0.004109784
-0.2036846,-0.001009524,0.3895363,-0.486343,0.3104087,0.0156074,-0.4405125,0.02755493,0.3568345,0.0526711,-0.009675561,0.2311592,0.6473086,-0.1422326,0.002370677,-0.01015734,0.2126225,0.208573,-0.03246874,0.004332642,0.4606864,-0.1783649,0.4330305,-0.49074,-0.06314319,-0.01240726,-0.03446037,-0.008759069,0.5963563,-0.2200865
;
-0.5920615,0.07825094,0.06073929,-0.1399934,-0.0454029,-0.3718376,-0.8314661,0.003122151,0.4226305,0.3691353,-0.0329426,-0.6558192,0.006346047,-0.5323275,0.4655761,0.0176515,0.03174561,0.1085214,0.02234021,0.03584834,-0.3245989,-0.370684,0.02358419,0.0001149058,0.02019006,-0.06071264,0.06115853,0.4747834,0.2048487,-0.1119989
-0.06655142,-0.4063607,0.1088001,0.1709253,-0.3659245,-0.2925042,0.1466792,0.01487939,0.7507116,0.09869476,0.2481339,0.02625549,-0.03186564,-0.7234126,0.02497894,-0.2642351,-0.2465668,0.0152586,0.5020138,0.3930072,-0.4952404,-0.01853227,-0.026796,-0.04023311,0.02995284,-0.00447287,-0.00649069,-0.0170187,0.1182566,-0.4381342
-0.005249241,-0.3108968,-0.1354951,-0.3886364,0.281837,0.02828916,0.1031518,-0.08634422,-0.1731379,-0.01626857,-0.1049862,0.02596875,0.2488248,0.2780571,-0.0077914,0.003920191,-0.03641421,-0.05368561,-0.0450222,0.1601324,1.271587,-0.00748632,0.03779882,-0.2364518,-0.0564875,-0.000227529,-0.173291,-0.453216,0.4906518,0.01845187
;
-0.1730922
-0.0815323
0.06156186
-0.03273672
-0.01166087
0.5466768
0.2140168
-0.4673157
0.364517
0.07701749
-0.02560812
0.3591526
3.875527
-0.008619707
-0.1299954
-0.02954165
0.4269823
-0.3787487
-0.1313215
0.3192981
-0.2985827
0.1603236
0.3741243
-0.1749553
0.4798571
-0.2877771
0.4898526
-0.005908489
0.6794013
0.3678164
;
0.04316165,-0.3675481,-0.4849362,-0.0008943523,0.1341138,-0.03679746,-0.9465703,-1.527108,-0.9351249,-0.1253475,0.01049318,-0.159134,-0.06772274,-0.261299,-0.1079046,0.3359292,0.0483212,0.1193478,-0.2709756,-0.2169359,-0.3893914,-0.1034583,-0.175287,0.4415739,-0.07097428,-0.3263187,-0.4653175,0.2064819,-0.4927492,0.02848559
0.4951739,0.03935245,-0.04530615,-0.05990769,-0.4763986,-0.2205101,-0.4152429,0.03845703,-0.08564073,-0.1751296,0.4120964,0.2173209,0.7266518,0.1725731,0.05852014,0.2765995,-0.3527915,0.828519,-0.009356439,0.1725111,0.1842604,0.1379903,-0.2080414,-0.4248207,-0.2200842,-0.1646866,-0.04530273,-0.2435349,-0.04813462,0.005820292
0.07957138,0.006586346,0.02191368,-0.06615765,0.4487251,0.02065279,0.1312413,0.4512709,0.3531692,-0.2303444,0.0001174132,0.1478168,0.3403219,0.3554038,0.2662359,-0.7878929,-0.01105712,0.001905226,-0.3187685,0.07427283,-1.060665,0.0004127535,-0.1093429,0.05319631,-0.04960306,0.04411191,-0.765152,-0.1752187,-0.01385061,0.527538
0.2293151,0.1891085,-0.01436597,-0.2206297,-0.0116021,0.002371725,0.4500551,0.4687578,-0.4136382,-0.3321329,-0.02356167,0.008934915,0.4360546,-0.7565486,0.002888677,-0.0122842,-0.4731679,0.1547235,-0.3530176,-0.3326781,-0.7222149,0.8582521,0.04010724,-0.1324872,-0.1258369,-0.5982495,0.03500096,0.0355869,-0.05346495,-0.3914105
-0.1570945,0.1558569,-0.2320983,0.06940485,-0.3368472,-0.02103164,-0.1644792,-0.001172156,-0.1198341,-0.5893776,0.08148462,0.2252265,0.004274368,0.0201532,-0.3170149,0.09561187,1.230894,-0.09944779,-0.4722416,0.2499422,0.04901072,-0.4860075,0.03810464,0.3501863,0.08067928,0.7823769,0.04138374,-0.372565,0.09779289,0.01966972
0.4403386,-0.03548127,-0.002836163,-0.09162664,1.688912,0.2814243,0.085136,-0.199807,0.8123255,0.02002848,0.5588817,0.3042706,0.3910738,-0.0009773752,0.9462324,-0.2287918,-0.01051499,-0.2660768,0.3891398,-0.1460583,-0.3296229,-0.01247478,-0.0351739,0.03134205,0.1315927,0.02350848,0.4925402,0.04290324,0.9194127,-0.06453615
-0.3022952,-0.3380383,0.7248018,0.4601325,-0.02121186,-0.1020419,0.2503365,0.0382746,0.4477193,-0.3271747,0.08889516,-1.304755,-0.008276857,-0.5411368,-0.03066685,-0.3175176,0.3598123,0.01091136,0.8901824,-0.09077355,0.1908507,0.1379361,0.09143697,0.006825864,-0.5056719,-0.1050552,0.3618752,0.1074307,0.02996363,0.6378472
0.01814849,0.07718361,0.7420766,-0.3560607,0.1766659,-0.4795195,0.1353039,0.3015541,0.3216158,-0.1209705,-0.2247728,0.3587434,0.02104348,-0.02126835,0.4351352,-0.02910477,-0.09216469,-0.2638399,0.1673312,-0.6110712,-0.4551595,-0.2445446,-0.2909348,-0.04503185,-0.3153957,0.06650382,-0.1553765,-0.34305,0.02591333,-0.08395834
0.09972078,0.5872383,0.3863436,0.1696243,0.2399971,0.007651784,0.3366368,-0.341374,0.005466918,-0.006804508,-0.001741976,0.3183186,0.3900538,-0.1460577,-0.02640202,0.1361215,-0.09690124,0.1581602,-0.2837586,0.1362664,-0.5326127,0.1162851,-0.1329942,-0.1851023,0.2132175,-0.1172345,-0.05130128,0.01627056,-0.06733168,0.2955695
-0.08544227,-0.003597889,-0.4103801,0.1036961,-0.279848,-0.6143512,0.00276917,-0.4539924,0.5678022,-0.2752184,-0.007827794,-0.01328808,-0.05995083,-0.09900898,0.1512292,0.005720807,0.1165077,-0.774677,-0.2872915,0.09300666,1.384755,-0.7961941,-0.4076972,0.2208974,0.1451194,-0.2027125,0.6677412,-0.1821455,-0.1842385,-0.4769127
0.4427783,-0.1601761,0.4444222,0.01233777,0.003682474,-0.006059136,0.07816377,0.04050842,0.0109778,0.4145896,0.7368461,-0.06474122,-0.1486907,0.3921885,-0.04230421,0.3091079,-0.4029646,-0.04121697,0.2312587,-0.1476942,-0.3910558,-0.4639093,-0.4927579,0.5576622,0.6067895,-0.3703905,-0.2057369,0.4895171,-0.2531073,-0.03855535
-0.3967873,0.1352428,0.3709094,0.1116078,0.08704021,-0.2813705,0.07632884,0.1569593,-0.5798136,-0.004852831,-0.4738247,0.002579314,0.01686972,-0.3341311,1.073038,-0.4944187,-0.3607132,0.5895558,-0.001465539,0.3651152,-0.07842153,-0.1221897,-0.09338377,-0.006751075,-0.1316955,-0.00478137,0.3208897,-0.002254953,-0.3899548,0.002649111
0.2479769,-0.1323337,-0.1597161,-0.387234,0.06234711,0.3939058,0.2679947,0.322413,0.5835924,0.2168193,-0.009410163,0.2907729,0.1478041,0.4850391,-0.05893308,-0.7832028,0.3176416,0.001294398,-0.03239458,1.008345,0.04861662,0.2271738,-0.006428044,-0.2665446,0.2531039,0.01462628,0.2009812,-0.5336136,0.2703578,0.2133341
-0.3048524,-0.2499961,0.1332881,-0.07388324,0.4450651,0.4348001,-0.1660883,-0.2151738,0.411918,0.3785846,-0.04634777,0.8478207,-0.1958113,-0.7629299,0.000225454,0.2785915,0.00487242,0.06039548,0.23139,0.2399517,-0.1917986,0.09567028,-0.009594142,-0.262629,-0.297879,0.1407005,0.4891207,0.1646689,0.4597582,0.112435
-0.2423189,-0.1209105,0.6108769,0.3497014,0.3001853,-0.06767083,-0.5217884,-0.01447873,0.2028733,-0.0475799,0.003856873,-0.07959511,0.264945,-0.4986166,0.3169572,0.002003283,-0.02999384,-0.4867647,0.186403,3.521651E-06,0.04088422,-0.07648346,-0.1834942,0.04639153,-0.4988871,0.1130869,-0.1512548,0.1045379,-0.04140502,-0.05878979
0.00124884,0.4456792,-0.1122981,0.1483727,-0.3909988,-0.01585072,-0.01039311,-0.1796247,-1.138197,-0.04285989,-0.4043236,0.0884735,-0.7031395,-0.06557459,-0.3238791,0.4964421,-0.03936582,-0.487725,0.002290342,0.1424676,-0.03114094,-0.1357419,-0.07312442,0.101901,0.02344517,-0.926714,0.005278544,-0.7064736,0.3030554,-0.07248914
-0.1498711,-0.1339306,-0.01009221,-0.02730777,0.113717,-0.2794559,-0.03085703,0.322906,0.5490755,-0.1185488,0.0001675132,0.03056996,-0.0008978244,0.1775626,0.4778489,0.0444079,0.06060725,0.3687765,-0.004256291,0.3076147,0.0759638,0.0003927984,0.3815024,-0.3859411,0.00021409,1.309773,-0.01027375,0.4100437,0.1637407,-0.1154098
-0.182595,-0.02974978,0.09007118,-0.5359284,-0.01756873,0.106999,0.5710992,-0.2278197,-0.01937189,0.1573598,0.2576081,-0.2828548,-0.1484072,-0.007315096,-0.07291535,0.1461587,-0.06072396,0.05332328,-0.2313005,-0.1837552,-0.05034095,0.0242663,-0.004877691,0.001574508,0.1348753,-0.2332681,-0.1064009,0.1403926,0.7412476,0.17163
-0.4286731,0.1985976,0.1664632,-0.06258203,0.129176,0.04355055,-0.3407292,-0.01478499,0.07789658,0.1134506,-0.2356923,-0.5867323,0.135002,-0.4870477,-0.08574521,-0.406445,-0.4813886,-0.2404313,0.4517347,0.5875622,-0.1139169,0.03240427,0.4913971,-0.6738484,-0.2369372,0.014029,-0.06741577,0.4797747,0.403451,0.02856603
-0.04674136,0.09361898,0.2663733,0.06044692,-0.05242056,-0.3820094,-0.2224444,0.04980512,-0.1082692,0.06273192,-1.240289,0.4122193,0.6187504,0.000919834,0.0240594,0.4267277,1.956072,-0.05341839,-0.4747556,0.2798208,0.7574946,0.4554111,-0.6710059,0.04610258,-0.1221028,0.02329509,-0.2934754,-0.3052236,-0.1963562,-0.2611264
-0.02986225,-0.1304726,-0.2671069,0.2361104,-0.1477353,0.06875876,0.1441115,0.3714845,-0.4507306,-0.4668429,0.2285834,-0.4608809,-0.05486156,-0.1509816,-0.03807472,0.1563506,0.0430261,-0.3096074,0.07913053,0.2151879,-0.2820885,1.27865,0.3495292,-0.2563654,-0.1378147,0.7180461,0.005234639,-0.1333196,0.01013751,-0.03165439
0.02104551,-0.114013,0.1255652,-0.0008056136,-0.002398742,-0.1898004,0.06587686,0.04032549,-0.7542558,0.3323492,0.4635483,0.001007598,-0.3677203,-2.018227,0.1638781,0.3380351,-0.7380885,0.01352451,-0.2251426,0.07356399,0.4087243,-0.4144144,0.6789801,-0.1502931,0.04117817,0.3343731,0.444768,-0.6523937,-0.2389854,-0.1468263
0.1662271,-0.0698547,-0.0211962,-0.05429681,0.0709312,0.1024023,-0.128995,-0.3009354,0.01040695,-0.2207159,-0.003195236,0.4132529,0.08224517,0.7480493,-0.009601556,0.2098237,0.1584279,-0.005544841,-0.137926,-0.4035646,-0.2635286,-0.3769946,-0.5514264,-0.487608,-0.3729161,0.002156844,0.01366154,0.1393701,0.01265587,-0.1319008
-0.4719748,-0.3168408,0.08043173,-0.2374041,-0.0331756,0.4505994,0.2910969,0.04326278,0.05141568,-0.04914137,0.03716644,0.06562668,0.02141737,-0.5064255,-0.09363558,0.1793577,-0.2297456,0.0007954728,0.8485853,-0.02302279,0.1035998,0.01045651,-0.2565753,-0.03133238,0.001187966,-0.1133888,0.1070125,-0.08678517,0.465359,0.01204826
0.2721566,-0.2948547,0.0164475,-0.4823137,-0.04735124,0.014213,-0.2363459,-0.2942761,-0.1105221,0.0003024429,-0.03486489,0.8077646,-0.1322024,-0.2081987,0.09769124,-0.2370465,0.6030578,-0.4375579,-0.3488084,-1.272388,0.2294861,0.2632058,0.02499383,0.4011231,0.0007752801,0.3371331,-0.6214609,-0.06062699,-0.08478552,-0.1314996
-0.10139,0.03888015,-0.3519607,0.1130193,0.001853609,-0.2303723,0.3106529,-0.03472471,0.1012107,-0.1405048,0.3351982,0.909413,-0.02480474,3.579446,-0.2982231,-0.001081896,-0.0005363783,-0.01021902,0.5602602,-0.009396899,0.03515773,-0.04847721,0.4995593,-0.4689164,-0.006133235,0.07912236,-0.09438962,0.5020778,0.1777315,0.1059793
0.003333044,-0.2255314,0.746817,-0.01560662,-0.1255306,-0.02143321,-0.3292712,0.1734562,0.05781039,0.1617857,-0.2211364,0.3313827,0.09935042,0.2369116,0.001569435,0.4853966,-0.04925936,0.1775323,0.06198126,-0.001103766,0.4540587,-0.0001079889,-0.2711356,-0.1537313,0.2966502,0.1806592,-0.3248903,0.006732276,-0.1352745,0.1418149
-0.05822569,-0.04366785,0.407932,-0.3762892,0.04961203,-0.2936062,-0.497236,-0.1669096,0.143585,-0.2632405,0.1372816,0.1349585,0.1912608,0.1054947,1.530491,-0.2233546,0.02598763,0.04840879,-0.4693961,2.346225,-0.07285727,0.3585355,0.5866064,-0.0163689,0.4955078,-0.01000669,0.2910602,0.00215257,-1.860627,0.03126317
-0.06635825,-0.001409451,-0.04777926,0.1612395,0.2471007,-0.0384207,0.04260473,-0.03698951,0.01659163,0.314414,0.159924,-0.1209722,0.3088852,0.8363174,-0.2890337,-0.08538999,0.139634,-0.4061005,-0.1090201,-0.1871178,0.5608739,0.09693655,0.09129065,0.1289489,-0.08606731,0.32839,-0.6578328,0.001796932,0.5981979,0.510459
0.0763538,-0.3480709,1.020615,0.08676565,0.2882899,-0.07470332,-0.2369129,0.283169,0.1169686,-0.1706618,-0.8597428,-0.09551392,0.2873183,-0.002156015,-0.1843494,0.2541891,0.03611261,0.09215254,0.9844848,0.4894464,-0.134357,-0.3583456,-0.07602854,0.5191817,-0.3816288,-0.01775887,0.06333154,0.2860766,0.3411051,0.05088129
;
-0.01369774,-0.004826843,-0.1763148,0.06432544,0.03436178,0.1301128,-0.4977072,-0.02705122,0.0002335723,-0.008678886,-0.1327248,-0.03242415,0.0209344,-0.4993259,-0.01901268,0.7810141,0.3770921,0.4946749,0.01627557,0.1287065,0.1162661,-0.2856791,-0.04458393,0.2197051,0.1037879,-0.1568344,-0.003308527,-0.0757413,0.4345027,-0.05062149
-0.6413991,0.02107312,0.2611527,0.2125447,-0.3039593,0.00932517,-0.3740736,0.03597731,-0.156455,-0.2886759,-0.3472594,-0.6348772,-0.000985701,-0.652427,-0.01350887,0.01121557,-0.1760244,-0.2755544,-0.1841245,0.250623,-0.1067185,-0.001286024,-0.07803092,-0.4524764,-0.5784569,0.04073588,0.05463026,-0.4583629,-0.1886006,-0.05001226
0.005335333,-0.02314539,0.009435475,-0.0876133,0.2043034,0.03892065,-0.2426745,-0.09090204,0.4329079,0.545334,-0.1884531,0.06506961,-0.04100277,1.387188,-1.02303,0.0932427,-0.007823249,-0.2246554,0.06991619,0.0747297,0.01975051,0.4614972,0.0302221,-0.8161961,-0.0712602,-2.215304,-0.01838334,-0.1383052,0.1263715,-0.3436075
;
