0.1244492
0.1927925
-0.1919567
-0.01363176
-0.3042367
-0.1642299
-0.4026687
0.203367
0.2044181
0.1621574
;
0.3191797,0.05357844,0.1351905,-0.1614888,0.09537667,-0.08855242,0.02401537,0.3861439,0.1233884,0.1763102
0.2227815,-0.1092617,-0.1654591,0.0487638,-0.05643088,-0.2433726,0.2838488,0.01548356,0.1742596,0.1340387
-0.1752002,0.1369198,0.1096708,-0.09621018,0.1208636,0.03131884,0.01638681,-0.3793674,-0.2325231,0.3740414
0.03755981,-0.4057416,-0.3045162,0.1658592,-0.06815356,0.3133925,0.3888537,-0.3124447,-0.1001667,-0.06359118
-0.3873808,-0.2186291,-0.07061523,0.382905,-0.3220088,0.4520725,0.3753997,-0.38801,0.07491869,0.1591567
-0.4562237,0.4311889,-0.511214,0.1752899,-0.2416052,-0.1225751,0.06510025,-0.3192892,0.01757747,-0.4574986
-0.2221389,0.3077157,0.01281446,-0.1233005,-0.4877441,0.3565522,-0.8029463,-0.3224174,-0.3361539,-0.3035918
-0.02036172,0.4971254,-0.02113003,-0.05965418,0.09722775,0.0693149,0.203534,0.1256113,-0.4569314,0.726371
0.2779002,-0.05965859,-0.09240483,0.4691019,0.08379537,-0.1606752,0.4094207,-0.2037839,-0.2365898,0.02310365
-0.2854507,-0.5607327,0.1712266,0.1800766,0.0673731,-0.2172428,0.05714732,0.3325843,-0.4189638,-0.4817914
;
-0.2729869,0.07874447,0.04360968,0.4664968,-0.1296243,0.3547367,-0.1828139,-0.2326255,-0.3131866,0.1964073
0.2008648,0.006950557,-0.2714759,0.07707113,0.09683365,0.209383,0.2987705,0.1282146,0.4859217,0.4667546
;
-0.2219035
0.05034584
-0.0837141
-0.4855996
0.4723047
-0.1286373
0.4560946
0.2959985
0.3446774
0.1592886
;
-0.2459465,-0.4394888,0.196599,0.01602,-0.08905393,0.1640591,0.4450126,0.4043015,0.2707806,-0.1139221
0.03602463,0.4812562,0.3936437,0.1873714,-0.1298125,0.005655706,-0.1485552,0.1000296,-0.469111,0.1982338
-0.1268085,0.2352943,-0.2173048,0.2304848,-0.4555269,-0.2156785,0.4712518,-0.1004366,-0.04844195,-0.03079051
-0.4027208,-0.07452542,-0.3218135,-0.4655355,-0.4749284,0.3971393,-0.4728361,-0.2505388,0.1095302,-0.3886925
0.193956,-0.4527218,-0.2281139,-0.09516498,-0.2430812,0.2667713,0.2571765,0.2888871,-0.03855437,-0.21841
-0.3512034,0.3307128,-0.3886691,-0.4992964,-0.4297307,-0.4635764,-0.1186314,-0.09694582,0.4270762,-0.2071646
-0.3555597,-0.05615133,-0.135735,0.2510411,-0.3241454,0.1612638,-0.4899031,0.07735091,0.1079332,0.1356184
-0.04997379,0.4408263,-0.1358796,0.09965509,-0.1009666,-0.413113,0.4025259,0.05782801,0.3821243,0.4720976
-0.3236195,-0.01499552,0.6370751,-0.08243078,-0.4769,-0.1435944,0.3246174,-0.3629781,0.365695,0.05184823
0.4018698,-0.2948055,-0.2878146,0.192103,-0.3268806,0.1444895,0.1421853,-0.3913194,-0.1467624,-0.3054359
;
-0.3313011,0.1934365,-0.09568673,0.15433,-0.3161094,0.1769919,-0.362506,0.446926,0.22066,0.09950608
-0.211963,-0.001646459,-0.465212,-0.0008146167,-0.4168934,0.2845838,-0.1213891,-0.2035198,0.4895332,0.09554356
;
-0.01053614
0.06169277
-0.03229069
-0.4828154
0.5132973
0.2729042
-0.2614757
-0.0005367267
0.3825891
0.1860741
;
0.107443,0.001581352,0.3620839,-0.4308295,0.5788578,-0.4065162,-0.494049,-0.7456212,0.1902671,-0.3275729
-0.2066231,-0.1884674,0.005659294,-0.1933412,0.002048672,-0.07397693,-0.1998405,-0.4488701,-0.1421949,0.3205632
-0.3186725,0.2747577,0.239177,-0.05352408,-0.2896873,-0.2647461,0.01952525,0.1903022,0.1364953,0.1838474
-0.09249815,-0.7719085,0.05950189,-0.3067594,-0.04498938,-0.01525597,0.2665432,0.1010754,0.1093989,-0.1709611
-0.1032256,0.01553768,0.4669873,0.485673,0.03538687,0.1223971,0.2473208,0.3658288,0.1819783,0.2083608
-0.2196606,-0.841609,-0.6709729,0.2783015,-0.102558,-0.07663907,0.05327503,-0.04000539,-0.2437871,0.1144682
0.5660028,0.2799373,0.249969,0.3479797,-0.06896812,0.237361,-0.3992382,0.1494953,0.02659478,-0.06915317
-0.006928772,-0.2247656,0.02986909,0.005926833,2.225216,-0.2954854,0.01089206,0.4175123,0.1359272,0.3084778
-0.106154,0.06314581,-0.1335683,-0.1581479,0.4576515,0.1096184,-0.1615801,0.4784648,-0.4117461,-0.2035548
-0.1819112,0.4496528,-0.5537846,-0.02845747,-0.007857952,0.140246,-0.0005794981,-0.2938426,-0.007113159,0.01550274
;
0.6172405,0.0005730644,0.02272955,-0.3771448,0.01165598,0.2702318,0.08556187,-0.346593,-0.4882828,0.278658
-0.00108749,-0.09654349,-0.2189212,0.03739051,0.2382466,0.008604749,0.1548345,-0.1205733,0.02999936,-0.1576794
;
0.4797507
0.435647
-0.2665472
-0.3551299
-0.6477289
0.1775132
0.9659292
-0.05364406
-0.4388852
-0.09210271
;
-0.3750768,0.08487742,0.4571787,-0.158802,0.08193573,-0.3915824,-0.1987674,0.2431315,0.004773389,0.2074262
0.02228071,0.2870349,-0.003167248,-0.371242,0.2447879,0.006592458,-0.02323407,-0.05064704,-0.06350774,-0.007464588
0.04478813,-0.05309974,0.3464971,0.002898267,-0.1148381,-0.3728277,-1.218997E-05,-0.2776852,-0.2626213,-0.1027977
-0.01649029,-0.2981941,5.427357E-06,0.1439751,-0.009084284,-0.04753107,-0.02412983,-0.1284412,-0.5137491,-0.04046931
-0.2385244,-0.03769704,-3.467134,0.008419223,0.04857756,0.01680393,-0.001560461,0.08103047,0.2552224,-0.1353586
0.4606725,-0.4216328,-0.1281229,-1.07256,0.02774567,0.03333608,0.03553103,-0.3823781,0.04772242,-0.00118116
0.4792932,0.4288732,-0.315925,-0.2701842,0.1187536,-0.2905071,-0.1767931,0.4907987,0.2222702,-0.860478
0.3582923,-0.003998782,-0.1323327,0.07220619,0.8523237,-0.1138344,0.2291801,-0.3355417,-0.02131906,0.005420063
0.2362388,0.1678149,0.02201306,-0.174192,-0.1099835,-0.01241857,0.4724125,0.0002974573,-0.1145265,0.5838763
0.393443,-0.3091868,-0.1579069,-0.307663,0.1723238,0.01513513,0.1389174,0.5248898,0.4734225,-0.3219217
;
-0.032168,-0.3672647,-0.1753883,-0.2618206,0.07940024,0.4829459,0.04774877,0.3667907,0.4638344,0.4270077
-0.0001472234,0.1086324,-0.2105742,-0.2110594,0.4641867,-0.1761069,0.3829886,-0.008123503,0.004555878,-0.3220339
;
-0.07822839
0.03079502
0.1207887
-0.1278974
0.6096404
0.3338437
0.2085715
0.0810414
-0.06526376
-0.5115132
;
0.00321516,-0.4458214,0.07351734,0.02681655,-0.0790059,0.007998577,-0.2038684,-0.1232739,-0.09032062,-0.01718885
-0.3669118,-0.1755567,-0.6562982,-0.05646523,-1.119757,0.3491592,0.4220946,0.339758,0.05980941,0.3834549
0.331099,0.0522651,-0.0001398804,0.2712635,-0.118497,-0.2800407,-0.001319025,-0.2583517,0.04904636,-0.3320936
-0.2509325,0.03020483,-0.02362437,-0.1223177,-0.2549407,0.2562741,0.1110881,-0.06794579,-0.1574197,0.005519299
0.4450152,0.1135831,-0.1385874,0.02387579,0.274907,0.002819093,-0.1063804,0.5970237,-1.986379,0.03734666
-0.1265349,0.09952895,-0.12796,-0.275828,0.1316985,0.412974,-0.3877977,-0.2859374,0.280134,0.07622629
-0.8271346,-0.2094002,-0.4197737,-0.2368848,0.3622962,-0.3498267,0.3459841,0.03180201,-0.02121207,0.001166165
0.299738,-0.08746678,0.01659166,-0.0388835,0.09252506,-0.06114577,0.300736,-0.1267138,0.006376139,0.1703076
-0.275638,-0.3893347,0.2376938,-0.4313101,0.3083813,-0.04227141,0.1059623,0.124084,-0.3506804,0.1707945
-0.139525,0.01205389,-0.3328481,-0.1225565,0.1576133,-0.2327351,0.110859,-1.117514,0.5845833,0.2760756
;
-0.1747495,0.2142121,-0.5724736,0.03762912,0.4914277,0.44169,-0.1649571,-0.07937177,-0.2973682,0.002101362
-0.2909068,0.008208573,-0.4939915,0.2205603,-0.1256281,0.1808722,0.4285107,-0.3899778,-0.4691952,0.3023493
-0.05290468,0.2795376,0.05905249,-0.2847404,0.04207128,0.208388,-0.5869949,-0.3780624,-0.0210138,0.01462968
;
-0.01864284
-1.145459
-0.02315435
0.007597586
-0.002040466
0.03054269
0.03179139
-0.03227848
0.1510184
0.475885
0.188215
-0.08715598
0.1851961
-0.08161106
0.434128
0.2739557
-0.08525584
0.07164362
0.2913675
-0.1114148
-0.1051382
-0.3076819
-0.4369728
0.1519041
-1.949719
-0.3065282
0.5167452
0.433576
-0.0102785
0.324147
;
-0.01484456,0.9611355,0.1633134,0.3321502,0.1758498,0.1031636,0.5608143,0.2690469,-0.7422645,0.02022702,0.3211918,-0.451215,0.02026589,-0.2865287,-0.2370193,0.1233371,-0.01315433,0.04413233,0.4573815,0.09788054,0.0183626,-0.0736739,-0.2517507,0.02956191,-0.07977727,0.007925212,-0.4198431,0.8001736,0.2735931,0.1700117
-0.07756642,0.01723255,-0.2518847,-0.2151926,0.1303668,0.0990992,0.2417158,0.2021561,-0.1140525,-0.1185781,0.4134999,-1.011953,-0.2357061,0.03361449,-0.5255573,0.2771719,-0.01758878,0.2467429,-0.007213092,0.08581096,-0.03703065,0.5533869,0.03319814,-0.26244,-0.1773848,-0.4415078,-0.09568332,-0.1134747,0.1566183,0.1634738
0.4647981,0.2495735,0.2614495,-0.2120686,0.4448228,-0.02179001,-0.2307021,-0.04904369,-0.04681412,0.2035221,-0.1481614,-0.1330933,0.03906117,-0.1063718,-0.3401071,0.8147448,0.4739407,0.3515997,0.4494173,-0.007604649,0.07233761,0.2304321,-0.3271857,0.127468,-0.2489632,-0.1559227,-0.2492532,-0.4424205,-0.01148435,-0.2646664
0.07352135,0.3039706,-0.03918405,0.3899121,-0.06382424,-0.0167783,0.1082144,-0.4044498,0.4974256,0.2921728,0.08578819,0.6712328,-0.1632014,0.2469263,-0.07614225,-0.3159868,0.4227984,-0.007714263,0.366322,0.2925471,0.2893642,0.5495201,0.2089376,0.08396751,-0.4063576,-0.4303044,-0.02259022,-0.02472409,-0.1461316,-0.1747733
-0.4460214,0.006040315,-0.1322136,0.1088132,0.009728908,-0.2160413,0.4032864,-0.4846635,-0.5708433,0.04395002,-0.04931965,-0.04247981,-0.06020958,0.02347771,0.008526443,-0.08524674,-0.0126838,-0.2005926,-0.4886899,0.2821003,-0.02918579,0.05987474,-0.2099583,0.2766581,-0.04878285,0.1963547,-0.05010623,1.150485,0.09126256,-0.8992413
-0.2728833,0.07178169,0.0008991361,0.1375288,-0.01637132,0.1611527,0.08257978,-0.4068808,0.1573474,0.3736238,-0.03429104,-0.3911083,0.1125841,0.07153329,0.1533525,0.3067514,0.06097895,-0.3692104,-7.726774E-05,-0.1205352,0.5075974,-0.2342317,-0.04163998,-0.1498406,0.0890891,-0.426555,-0.001122689,0.6114003,-0.4661769,0.09690654
0.3811427,-0.2505827,-0.2809165,0.2961625,-0.1825933,-0.1178883,0.5506634,-0.0004291022,0.2482029,-0.1928744,-0.03287156,0.2268314,0.02874273,0.2002006,0.1168109,0.5801716,-0.4426427,-0.3228128,0.2958281,-0.02612144,-0.114037,0.03950704,-0.2385473,0.07005967,0.3595806,0.002815392,0.2418913,0.3633226,-0.1534659,0.812664
0.1449723,-0.3870766,-0.3205619,-0.1333399,-0.4045519,-0.1550381,-0.2211659,-0.0101216,0.2867693,0.5614462,-1.260386,0.06459051,0.480657,-0.2251482,0.4780272,0.0853073,-0.4343019,0.0006786858,-0.3435663,0.2466273,0.6682959,-0.2017606,0.2008192,-0.03518373,-0.01903786,-0.7619829,-0.4411248,0.5409932,-0.03896935,-0.02037348
-0.4871131,-0.2743402,-0.2028828,-0.3710856,0.04519429,0.09350544,-0.2178538,-0.3968546,-0.2297467,0.2926766,-0.4834895,-0.6267283,-0.04176933,0.241336,-0.00619882,-0.222854,-0.1521973,0.3314467,0.01144532,0.2831951,-0.01706114,-0.3461516,0.1000478,0.04720603,0.3707032,0.4803906,0.101278,0.009641134,-0.001943368,-0.006782575
-0.6452895,0.04929534,-0.1021337,0.3683389,-0.3021458,-0.4171139,-0.3783828,0.183565,-0.4501472,0.2512305,-0.3156376,0.2194732,0.4132243,-0.4056036,-0.3766507,-0.1785882,-0.3487483,0.3169427,0.1583361,-0.04350644,0.682004,0.1240494,0.03756195,-0.4146968,-0.9549116,0.04964954,-0.2210908,0.4204339,0.1774369,0.003589636
-0.3764758,0.2212519,0.00972369,0.3115984,-0.3001919,-0.0417311,0.4781144,-0.4540195,0.2187611,-0.02092072,-0.03374645,-0.103064,-0.0363452,0.3437648,-0.03726071,-0.237,0.02163341,-0.3239766,-0.309449,0.08842704,-0.320439,-0.2884761,0.3258924,-0.1678028,0.3603922,-0.3858919,-0.2375038,-0.04391323,0.1821357,-0.2809553
0.01735085,-0.4645648,0.4510628,0.5241075,0.3302749,-0.0130927,0.0778715,-0.001798942,-0.3619306,-0.05823344,0.2603778,-0.1592856,-0.2659571,0.003970819,-0.2625409,0.07873754,-0.7170328,0.2840249,0.3682984,-0.4507833,-0.3694713,0.421021,0.4078346,0.3784912,1.543735E-06,0.2747959,-0.08888608,-0.3393198,0.2223993,0.1511167
0.3465728,-0.02781807,0.0210397,-0.7858425,-0.08412295,-0.339645,0.09755132,-0.05097906,-0.4128644,0.03587419,-0.007205546,0.01085122,-0.00168821,-0.0861913,0.2105208,-0.2455596,0.01909737,0.4066496,0.4521711,0.1808184,0.217836,-0.2923211,-0.04279722,0.4655862,-0.4226506,0.2559972,0.01555532,-0.4626491,0.186637,0.2703742
-0.08688289,0.1360092,-0.1530178,-0.1538534,0.02984935,-0.08698729,0.3951697,0.09515606,-0.459705,-0.2702514,0.2681736,0.4530053,-0.1263698,-0.3643181,0.2338927,0.1522391,-0.1942686,0.2294392,-0.119042,-0.3023891,0.2103083,0.04251612,-0.02645606,0.0004652942,0.2420469,0.133899,-0.06794626,0.09551617,-0.03254176,0.001439251
0.1071941,0.5818285,0.2878501,-0.393703,-0.0258204,0.2092345,-0.05068427,-0.4873464,-0.405229,-0.3216966,0.1938589,0.1342763,-0.01821647,-0.3906404,-0.03892971,-0.1187843,0.1404582,0.3755523,0.3993585,0.417826,-0.2367432,-0.4949678,0.3213876,0.5377887,0.2594561,-0.6667354,-0.1078685,0.1137376,-0.9088593,0.07292253
0.07972823,0.04697034,0.2159893,0.002891937,-1.613234,-0.2597481,-0.0062978,-0.0112058,-0.05788681,0.6706253,0.04057027,0.1656705,0.4397898,-0.03813447,0.03712515,-0.1067562,0.009529511,0.01307349,-0.01094275,0.6173146,-0.008070213,0.4065745,0.4306159,0.4719099,0.02941526,-0.002754731,-0.1625312,-0.01310235,0.3437809,0.008077908
-0.09089106,0.3554132,0.07522111,-0.1622645,-0.9073564,0.005839957,0.286593,-0.006682384,-0.355062,0.002633962,-0.1884599,0.2721714,-0.1406941,-0.7264631,-0.1094037,0.3554602,0.01583892,0.02847828,-0.09897994,-0.1399314,0.7405062,-0.005604811,-0.3899235,-0.4073997,-0.3413944,-0.4575089,-0.01630503,0.2104583,-0.1911526,0.0009544781
-0.3578248,-0.0009455391,-0.1680385,0.2639424,-0.3079056,0.5078218,-0.2356809,-0.9205705,0.04092532,0.0228338,0.05480248,-0.2237733,0.06164819,-0.00378497,0.2662659,-0.01663714,0.3361458,0.4986292,-0.1571956,-0.1270879,-0.0006457489,0.1467546,0.2653795,-0.4523103,0.3565352,-0.03318113,-0.0200852,-0.3099276,-0.1224346,0.2214241
0.1243308,0.1188495,-0.3260645,0.4303241,-0.02192674,-0.916302,-0.1781783,0.3934937,0.02273512,-0.007943166,-0.1371222,0.09478533,-1.851751,0.1406494,-0.4841642,0.00045677,0.9817597,0.398504,0.2525562,0.8605499,0.3558792,-0.3473446,-0.1159441,-0.002216353,0.031003,-0.06043545,-0.2764566,-0.2584673,-0.01031577,0.3740382
0.009073914,-0.3038545,0.1066131,-0.0683297,-0.00119107,0.2185016,0.02665722,-0.01381117,-0.2634656,-0.03900833,0.4728148,0.1036519,0.3532511,0.1251968,-0.1722986,-0.7073922,0.01304613,0.2061383,-0.2205994,-0.02559161,-0.05588165,0.05792171,-0.2840592,-0.2454975,-0.4991368,-0.8787425,-0.04253498,-0.07425517,0.02553683,-0.09591848
0.2976717,-0.3105969,0.01607078,-0.03169815,0.3560126,0.6373092,0.0202896,-0.3267046,0.07249277,0.1656608,0.3408334,0.6420614,0.127867,-0.06146461,-0.03159915,0.2879899,-0.0812223,-0.4454613,0.9746007,0.01393481,0.03595119,-0.1915737,0.04006851,-0.46202,-0.0007493168,0.1674469,0.1205706,-0.07399439,-0.2629544,0.0631408
-0.4985727,0.4114666,1.094931,1.366933,0.0385768,0.00939256,0.7877972,-0.1189247,0.2909951,-0.2577526,-0.06693166,0.02712624,-0.0096016,-0.2433424,-0.08945352,-0.3522508,0.09537728,-0.33416,0.04346715,0.3879732,0.1125366,0.1440759,0.1009374,-0.4111539,0.06321496,0.8826961,0.1363188,0.1438354,-0.02264374,-0.3757348
-0.06760967,-0.4651933,0.02455537,-0.001819981,-0.05133623,-0.1715136,0.2503041,-0.0005914232,-0.499339,-0.2737691,-0.4067485,0.09133307,0.3840425,0.05680031,-0.1647771,0.02153875,0.000114594,-0.04500037,-0.05295151,0.3575728,-0.06405554,0.5486872,0.5211331,0.001462119,0.005222487,0.3030865,-0.001502605,0.1519739,0.481714,0.01683944
-0.1037469,0.07324758,0.1100234,0.1256579,-0.1754169,0.824235,0.5450036,-0.1142309,-0.0230405,-0.2382239,0.026595,0.1749313,-0.4769665,0.2299653,-0.04594648,-0.531655,0.4014666,0.2068766,-0.4923937,-0.01318719,0.001027156,-0.2528659,-0.04283259,-0.007288873,-0.2994636,0.2363129,-0.2002001,-0.2604659,0.1569171,0.4835143
1.293939,-0.01194581,-0.2024463,0.5885622,-0.169381,-0.2229049,0.001644825,0.02891222,0.5085968,0.2387956,-0.3734302,0.4084274,-0.132863,0.7871923,0.09921352,0.5206678,-0.6046327,-0.08114614,0.494554,0.01938634,-0.008143019,-0.00902397,-0.03093373,0.2068415,-0.05941492,-0.01510353,-0.004694576,0.2955502,-0.02828218,0.1707741
-0.3714904,-0.06694224,0.2348933,0.06153983,0.4079804,-0.01086394,-0.02880059,-0.9855106,0.2568493,0.2061643,-0.04174625,-0.2356868,0.4967823,0.006942083,0.7596807,-0.1020225,0.04753405,0.01946314,-0.01167642,0.06962691,0.04331085,-0.2851265,0.01058012,0.03627625,0.120238,-0.3262206,0.314754,0.1452418,0.4258187,0.1098179
-1.079544,-0.04513212,-0.2210222,0.131809,0.2923878,0.1167231,-0.2140456,0.2144251,0.00650043,-0.06502314,0.06658167,0.1846763,0.01541188,0.09132492,-0.2240716,0.1001663,-0.2555203,-0.1786671,0.2100577,0.01829153,0.000692766,0.07044078,-0.1351122,-0.03282878,-0.3343778,0.2334968,-0.2274105,-0.7041584,0.2566005,-0.001906626
0.6087177,0.04526285,0.08609182,-0.4575512,0.3762544,-0.6370652,-0.06600462,0.2240797,-0.4473826,0.5152645,0.3544745,2.751651E-05,-0.04615772,0.06181876,-0.3062501,0.2623478,0.07919019,-0.2261947,-0.4854205,0.227382,-0.01186099,-0.03833152,-0.4684029,-0.1325269,0.5160148,0.2568723,-0.0774508,0.2059882,0.2731209,0.007655462
-0.503038,-0.0008032371,-0.01903957,-0.3384266,-0.4033597,0.4363469,-1.054413,-0.03887266,-0.2584884,-0.4224644,2.118845,0.1090353,0.2037564,1.327043,-0.2063708,0.304708,-0.04380479,0.2830275,-0.03981102,-0.1370257,-0.009675721,0.2275017,0.5342715,-0.4554844,-0.3793525,-0.4103775,0.4360938,-0.3820381,0.004885343,0.2809271
0.04957101,-0.5051005,-0.02918303,0.7480777,-0.3347814,0.5692405,-0.08993588,-0.3960747,-0.2845691,0.01283725,0.3859367,-0.6003488,0.03677458,-0.04296001,-0.02605341,-0.1972918,-0.005261697,0.4306827,0.2184135,0.0002426221,0.270436,-0.2922051,-0.2163213,0.2624105,-0.06680518,0.04060324,-0.05058366,-0.1064457,-0.01379049,-0.4931523
;
0.05268137,0.1425124,0.4588265,0.3675182,-0.52142,-0.2053981,-0.1961814,-0.264995,0.008771976,0.09900939,-0.02753641,-0.04382163,-0.5440789,0.4453003,0.4633553,0.3179343,-0.6118276,0.4081459,-0.3093171,-0.4397051,-0.02878338,-0.4698418,0.4284365,0.1204172,0.3595772,0.01872319,0.1040053,0.1137247,0.07537738,0.1539217
0.1059771,0.01993971,-0.2045361,0.06919646,-0.1428299,-0.4052293,0.08262404,-0.4408627,0.08811883,-0.1214023,0.1076428,-0.3763251,-0.2212457,0.398989,0.05981068,-0.06009191,0.7630386,-0.4255168,0.06271917,0.3285313,-0.108727,-1.431788,0.04229639,0.001377499,0.3907006,-0.3498133,-0.6933793,0.01140192,-0.3001878,-0.02662438
0.2638346,0.4665648,-0.05784124,0.07882938,-0.1658238,0.2611095,-0.3522511,0.4277387,0.08925062,-0.2440463,0.4103812,0.01448792,0.6271362,0.4330266,-0.1524327,-0.161555,-0.1715887,0.4924886,0.05258502,-0.1353893,-0.07917434,0.0002308959,0.06587023,0.04043265,0.3181978,1.187404,0.02604662,0.07357806,-0.1750962,-0.2368895
;
0.2713378
0.01287162
0.6319675
-0.3826141
0.4719675
-0.09891249
0.04095954
-0.1929684
-0.3429803
-0.7759277
-0.1591582
0.07406417
0.1216131
1.248165
0.1275253
0.0419055
0.1679836
-0.3119541
-1.907458
-0.5027274
-0.4287829
-0.03000267
-0.498314
0.8155798
0.02085954
0.02467589
0.198057
-0.4849563
0.06519838
-0.4116443
;
-0.05337183,-0.02629316,-0.2450815,0.02480269,-0.1057981,0.1056299,0.3519885,-0.3541348,-0.1102607,0.04593533,-0.1820294,0.01064762,0.2261094,0.1298436,0.2596977,0.05101455,-0.2338577,0.007962851,0.1752747,0.4263597,-0.6576286,0.02934493,-0.529889,-0.1067976,-0.5255307,-0.6180183,-0.4726037,-0.01007616,-0.002312423,-0.6513915
-0.1235813,-0.0361084,0.391937,0.07682747,0.04879597,0.4761692,0.02015989,-0.0007415768,0.6428042,-0.1339882,0.4759021,0.7820821,0.2591773,0.624038,-0.6676825,-0.09117931,-0.1894912,-0.01155773,-0.09987169,0.5445426,-0.2131584,-0.03446443,-0.2045184,-0.3119811,0.2961833,-0.05222701,0.02848653,-0.4950035,-0.01330996,-0.6342946
0.05118901,-0.0002575404,-0.3224845,-0.1737017,0.242809,-0.1836539,0.2779219,-0.06841268,-0.2788954,0.04888179,0.01997033,0.01156392,1.340142,-0.1395025,-0.2293503,0.05887372,-0.4771284,-0.03438104,-0.1484355,-0.4413764,-0.3987655,0.4134861,-0.042025,-0.08481926,0.3777008,-0.004486551,0.0004936649,0.4006435,0.002434746,-0.2552465
-0.4063076,-0.2367252,0.2264299,-0.008160786,0.1590037,-0.3647956,0.8367978,-0.2540797,0.4872897,0.001405649,0.07517357,0.05266911,-1.030722,0.1862882,0.008827031,0.3219572,0.2237726,0.3420348,-0.3120134,0.765057,-0.1847801,0.1628883,0.002873361,-0.08952442,0.2106757,-1.155984,0.07201471,0.1556992,0.1060795,0.2996967
-0.4407791,-0.4436742,-0.001172413,0.02152481,-0.1239583,-0.002320298,-0.09100167,0.5156323,0.2568144,-0.008130372,-0.8013355,0.2195097,-0.02924722,0.005744222,-0.03094086,-0.2153268,-0.2279233,0.3413739,0.01828784,-0.1156787,-0.1532603,-0.05355899,-0.2855932,-0.001478232,0.3074178,-0.1023388,-0.1025303,-0.1919821,0.15161,-0.003574421
-0.3246335,-0.1025992,0.1212203,0.147328,0.5771607,0.1918812,-0.08043259,-0.007655203,-0.03369111,-0.02276331,-0.2922156,-0.001670134,-0.02703639,0.3441168,0.1021941,-0.2979919,0.08164638,0.04612257,0.1453341,-0.2568585,0.4486774,0.4885235,-0.08053605,-0.2278701,0.01114671,-0.6224948,-0.06181367,-0.0305329,0.6784121,0.04561204
0.02849688,0.09256119,0.3870324,0.08131996,0.3356502,0.05415672,-0.1712207,-0.04505426,-0.05168581,0.5031731,0.8695166,-0.1661005,-0.3100968,-0.2090598,-0.1413291,0.4516075,0.1874437,-0.4028834,0.07127132,-0.424083,0.02250467,-0.005840916,0.3811368,0.3612595,-0.472826,-0.02368337,0.02892882,-0.2867812,0.08058608,0.1127892
-0.3058056,-0.04857486,0.07901412,0.4926578,0.4003778,-0.07381457,-0.2881864,-0.02751775,-0.1038713,0.3207524,-0.3482759,-0.1890935,0.3299472,-0.2552192,-0.4482988,-0.5311715,-0.3768124,0.8660848,-0.4520147,0.1712869,0.006975114,-0.1493557,-0.7892128,-1.049997,0.1685968,-0.005643351,-0.009379271,0.4040333,-0.04058547,-0.367499
-0.4676614,-0.06808799,-0.2885236,0.02726376,-0.3203282,-0.06032173,-0.003409316,0.0150649,0.3497798,0.3999748,-0.03944299,1.472877,-0.2998562,-0.1074771,-0.07789749,0.04706055,0.4425009,-0.4540954,-0.6643505,0.01153017,0.3921849,0.1634301,-0.06210488,0.04227385,0.06483608,0.07763606,0.1411694,0.004664555,-0.1184437,0.2017882
0.235711,0.3500267,0.09537429,-0.3920224,0.2943293,0.53534,-0.3946925,0.06127135,-0.4023783,-0.007132861,0.57486,0.673795,0.02488822,0.9496782,0.07013231,0.4276936,0.4898407,-0.03833346,0.2821132,0.1260236,0.0130437,-0.3188602,0.5505603,0.1170357,0.2739414,0.07674982,0.3519741,0.03725625,0.3672422,-0.03588553
-0.225381,-0.3496865,-0.5636277,-0.01758157,0.3139538,-0.6514924,0.4977174,0.1873028,-0.006972332,-0.1726793,-0.4118986,0.1367551,-0.07348996,-0.2816703,-0.2571533,-0.017445,-0.2388753,-0.0720934,-0.2364054,0.0571202,-0.9178839,0.5306802,1.150482,0.1279735,-0.1431616,0.2268324,-0.1739804,-0.2553871,0.2323908,-0.02279155
-0.2955341,-0.1516798,-0.2573209,0.4550046,0.02640443,0.09125394,-0.4246676,0.4762195,0.13631,-0.4154046,0.1129519,0.005167469,0.04438269,0.05499785,0.4360746,-0.2259635,-0.2194985,0.3348683,-0.4771677,-0.2235638,0.4552695,0.008281718,0.08884499,-0.07599322,0.3844827,0.5815052,-0.003161424,0.1664622,-0.398167,-0.1183447
-0.4986839,-0.1996994,-0.1755016,-0.1922552,0.07867151,-0.1977446,-0.005053561,0.05189239,0.4728799,0.09531773,-0.003392853,0.4462124,-0.07082681,0.004504967,-0.1880916,0.3216144,-0.288305,-0.1963177,-0.8648466,0.2787013,-0.04525334,-0.08872837,0.2465819,0.4716028,-0.02075799,-0.09906286,-0.2358113,0.3756185,0.1933544,-0.002261341
-0.2775297,-0.03559003,-0.02400963,-0.07739695,0.2569691,-0.1371311,0.148507,0.9173204,-0.6487527,0.399788,0.4216665,0.2874159,0.2684249,-0.4357699,0.2846601,0.4333556,-0.2699951,0.321189,-0.473428,0.2300984,-0.3789194,0.002374528,-0.09735157,0.3914653,-0.3231525,-0.2811717,0.04792132,-0.2564629,-0.03744503,0.0949606
-0.3304224,-0.2232648,-0.272686,0.08877331,-0.1459012,0.02001911,-0.1804532,-0.4045661,-0.2261205,-0.3508683,0.5712442,0.4379951,-0.2700052,0.0301006,0.4416413,0.05364674,-0.07881302,0.1880434,-0.4178455,-0.164889,-0.003337444,0.6103478,-0.04029769,0.06564637,-0.1772588,0.8392583,-0.3050963,0.02908736,0.2130647,-0.6178138
0.1517033,0.1467605,0.04678863,0.5547459,-0.3848926,0.3350778,0.3507898,-0.0495987,-0.06590066,-0.01762593,0.02897432,0.213397,0.3487146,-0.3557264,-0.5686451,-0.1281886,0.3914571,0.1141723,-0.3199885,0.3631468,0.1738988,-0.1726771,0.2413095,0.0797351,1.817487,-0.4903487,0.09365207,-0.0009106451,0.113952,-0.09269397
0.4895698,0.1193857,-0.03910193,-0.00461957,0.04286331,-0.4718919,-0.9196507,-0.4498838,-0.2023792,0.3918505,0.3810812,-0.05446018,0.01325176,-0.2431601,0.1962494,-0.01117712,-0.2371241,0.3969512,0.3936732,-0.1786756,0.004423782,-0.1335685,-0.09296528,-0.06115013,-0.002306333,0.008854756,-0.4106601,0.32389,0.1021233,-0.1687683
0.1389542,7.728932E-05,0.09504801,0.2539208,-0.3847376,0.4468558,-0.0630446,0.3623014,-0.03018901,0.2704926,-0.7193235,-0.310552,0.1225131,0.4577754,0.2454975,-0.09435382,0.5341626,0.2446976,-0.562742,0.493223,-0.04749425,0.2601708,-0.03727357,0.4154001,0.7644718,1.326375,0.1490921,0.1529496,0.01087177,-0.2212712
0.283674,-0.4098419,-0.1726699,-0.4660197,-0.005581406,-0.3141929,-0.7047036,-0.4629456,0.3045108,-0.330002,-0.4228047,0.03908607,-0.02309006,0.02615748,-0.02577805,-0.465245,0.3314474,-0.01775443,0.01974112,0.3397408,0.1982086,-0.04431546,0.001006026,-0.04167373,0.2696526,0.4157015,-0.2438174,-0.5168608,0.3294069,0.2933513
0.4585131,0.1049665,-0.3622776,0.2957475,0.620277,0.3972454,-0.07855352,-0.2105981,-0.4187324,0.03776329,-0.03809065,-0.2576451,-0.3988322,-0.241693,0.3598014,-0.6629953,0.2143229,-0.4421817,0.1220607,-0.2458767,1.258754,0.1978196,-0.5449861,-0.2286172,-0.02928575,-0.8524299,-0.2148274,0.1285772,-0.7368292,-0.587345
0.198904,-0.1506316,-0.1333686,-0.03520055,0.08967319,-0.06203908,0.403806,1.512952,0.4544933,0.0316678,0.2121382,-0.1658277,-0.2515397,0.04199718,0.3617569,-0.2386521,-0.008213783,0.3388716,0.009629324,-6.563935E-05,0.4011864,-0.07081369,-0.4157785,0.04229446,0.1806129,-0.1682464,0.02142814,-0.2667971,-0.137262,0.3863519
-0.02383299,-0.1823457,-0.07966352,0.005903256,0.08990175,0.3856581,0.2846724,0.2461366,0.1969168,0.465537,0.04123399,-0.01904741,-0.2153717,-0.3543576,-0.836861,0.06566392,-0.1708994,-0.2799942,0.2466337,0.3330267,-0.1753588,-1.485391,-0.6768407,0.2455946,0.01796552,-0.384671,-0.07012115,-0.4163054,-0.02692356,0.004088637
-0.2374433,-0.4266689,-0.3025252,-7.230203E-05,-0.01663052,-0.05702234,-0.05942781,0.1697274,-0.09490067,0.2368306,-0.003484572,0.1568507,0.1994336,-0.02091461,-0.3185639,0.04204951,0.4977987,0.004166005,0.2360076,-0.1168986,-0.04564427,0.6260585,-0.3099492,-0.1116305,-0.01156205,-0.01529234,-0.08419927,0.02892219,0.0003690891,-0.1852617
-0.4625661,0.08680547,0.4022164,-0.1528752,0.2192132,-0.07952668,-0.4972296,-0.09408634,-0.07504004,-0.2116968,-0.4368398,0.04803845,-0.02409424,0.05628989,0.001779539,-0.6836442,-0.03500468,0.4254225,-0.3477519,-0.06809392,0.2520087,-0.08801359,0.1680975,0.08855038,0.007619672,0.8518717,0.4011418,0.01370825,0.3696958,0.009055743
0.499994,-0.0321689,0.4133186,-0.1548641,0.1354374,-0.1704873,0.2994441,-0.2775936,0.3746811,0.4465837,-0.27969,-0.4932705,-0.0184175,-0.4745698,-0.326767,0.07991034,0.07652663,0.3938322,0.2594342,0.2192995,0.08735363,-0.1173717,0.6986164,-0.1133117,-0.1672756,0.6353439,0.090159,0.3809848,0.09150833,0.317409
-0.1246384,-0.003349478,0.38519,-0.1006241,0.03011166,0.0003963978,0.645157,-0.1390718,-0.3944135,0.06026584,0.2534036,-0.6850539,0.3478523,0.1303915,-0.2304226,-0.4438006,-1.815026,0.3014147,0.460338,0.02920797,-0.01381058,0.2674198,0.2437629,0.4120395,-0.08075824,-0.1577544,-0.3620285,0.7974848,-0.2659828,-0.7090614
0.2594142,0.03966058,0.07529434,-0.1991739,0.4378109,0.3885427,0.3747147,-0.338048,-0.6795717,0.1719677,-0.4571941,0.4084399,0.02752846,-0.3957958,0.929944,-0.1249322,-0.04649437,0.1961909,0.2607906,0.04674845,-0.1896245,0.213581,-0.120777,0.4046792,0.4861658,0.1760915,-0.2174135,-0.00969207,-0.07961041,0.006498626
0.1706107,-0.2128655,0.04159452,-0.4004014,0.3023909,-0.02758105,0.1205181,-0.1796307,0.698432,0.07849909,0.30594,0.08796442,-0.01582028,-0.05481273,0.4828215,-0.01701079,-0.974082,-0.01089967,-0.3312016,-0.07728559,-0.2996166,-0.370212,0.1728947,-0.2224679,0.09284717,0.2874812,-0.1924126,0.7555672,1.994345,-0.07600194
-0.007099464,-0.1921881,-0.1101693,0.1640075,-0.3504989,0.08219558,0.0766715,0.1052101,0.3120756,0.1901133,-0.2280355,-0.236457,-0.2221501,0.2765805,-0.1090586,-0.06397689,0.1461259,-0.4679269,-0.09232707,0.2048166,0.0665969,-0.04451602,0.02123477,0.08338317,0.4958925,-0.02194493,0.1429432,0.113775,-0.2715358,0.04981452
0.03803809,-0.02800113,0.3124887,-0.3912034,0.471215,0.02730452,0.3146415,0.5488345,0.01731283,0.07511548,-0.4618988,0.03691298,0.6473086,-0.1072047,-0.2841592,0.4939803,0.3347285,0.009054787,-0.038784,-0.002609023,0.4296943,0.1783649,-0.06194776,-0.1550636,0.3540897,-1.897047,0.0005684628,0.1140341,-0.1915937,-0.003042277
;
0.1937153,0.0708276,-0.4845424,-0.1154621,0.3869605,0.489388,0.02045521,-0.2574638,0.7647125,1.167201,-0.3554373,0.7876756,0.02805818,-0.3316301,-0.2060762,0.05052668,0.1293093,-0.2957119,0.06750276,-0.06407774,0.4392954,0.2083927,-0.02229577,0.1344889,-0.2703347,-0.04032357,-0.4235972,-0.3823645,-0.06746615,-0.1142279
-0.06591272,0.5880529,-0.270126,-0.2301109,0.1099081,0.4147992,-0.7213435,-0.07494789,-0.1211555,0.003028692,0.4105166,0.03869266,0.2535368,-0.006397758,-0.4997646,0.01897295,-0.2081381,0.008805078,0.4865755,0.1584533,-0.4866192,0.6430668,-0.026796,-0.103388,0.3518866,0.2053031,0.007094826,0.06835133,-0.06040709,-0.01029676
-0.05917001,0.1899667,0.1354951,0.08427614,0.1737157,0.3343925,-0.4034743,0.6235856,-0.1731379,0.007872188,-0.4764598,-0.0003060068,0.2488248,0.4459647,-0.0877886,0.3949081,0.06302872,-0.3380913,-0.1774912,0.1723176,0.4528887,0.2968017,-0.02901529,-1.338319,-0.1322361,0.04811954,0.5912208,-0.2259925,0.004052324,0.6936195
;
-0.0775379
-0.01212577
0.8564222
-0.02198971
0.02898845
0.02376757
0.000117899
-0.4473294
0.4768828
-0.1155404
0.2337193
-0.1490484
4.899005
0.03173408
-0.3805043
-0.03097276
0.1879541
0.03572193
0.006070469
0.803537
0.3058615
0.003341066
-0.4810643
-0.6318461
-0.41432
-0.1930744
0.6736313
-0.05003875
0.1379276
0.0007922229
;
-0.007705898,-0.7621529,0.2116365,-0.300064,-0.03815501,-0.4352578,0.4178687,-0.2842934,0.857105,0.007346262,-0.8207626,-0.1900186,-0.3320003,-0.3791617,-0.156805,-0.3389215,0.3673742,0.474236,0.4228098,0.1307821,-0.3436821,0.468112,-0.007250726,0.8359793,0.5718217,0.340611,-0.04460074,0.2675987,0.6852391,0.3653928
0.3333569,0.006289676,-0.1124162,-0.1097102,-0.2227805,-0.1269463,-0.4651501,0.03956077,-0.07401975,0.2580971,0.7389803,-0.3456171,0.009118602,-0.474043,0.09519357,0.2025834,-0.3288447,0.3963829,0.3110121,0.00176893,0.04071073,0.08581051,-0.6879916,-0.3959154,-0.203851,-0.4924315,0.1385067,0.8897687,-2.374587,0.1147218
-0.01472617,0.2401004,0.1638035,-0.3157652,0.005002201,0.009200841,-0.2272658,0.2631549,0.04738761,0.4614695,0.3730322,-0.1292272,0.1095534,-0.4257981,-0.2613268,0.008994454,-0.334884,0.001373813,0.5816447,0.09345178,0.2293925,0.1914349,-0.003944789,0.156402,-0.1515191,-0.4215484,-0.1574187,-0.04436569,0.1619455,-0.001411333
-0.01368223,0.03619033,0.08695652,-1.026452,0.1011645,0.4374961,-0.3750644,0.03014116,-0.4549758,0.3421302,0.01468162,0.03035855,-0.03817453,0.2830884,0.2655966,-0.03294855,-0.3766356,0.01154148,0.003659601,-0.05927843,-0.1837717,-0.4930506,0.04935965,0.1862999,-0.1160497,-0.02034498,0.6340337,-0.2735533,0.4015692,0.1428519
-0.2030473,0.2150233,-0.3571144,-0.1506306,0.02409199,-0.5347379,-0.03572189,0.4991011,0.3176025,0.005343603,0.01948553,0.4939156,0.2872905,0.2283943,0.4578201,-0.03261486,-0.1911991,-0.4100631,0.4944242,0.003068645,0.415418,-0.0338883,0.2931082,-0.1554951,-0.3743119,-0.3720701,0.00197091,0.6157324,-0.1457219,-0.1679178
-0.4361093,0.06501991,0.1817589,0.2623943,-0.4686247,0.1350069,0.1737834,-0.09648173,-0.0009208647,0.01843901,0.1898891,-0.01120813,0.0004281051,-0.1263625,0.4328616,-0.04176867,-0.02529755,0.3322792,0.03544133,0.133925,-0.4185101,0.3488857,-0.4218459,0.04282138,0.5750347,0.09067535,-0.4372951,-0.3598945,-0.1043535,-0.1165247
-0.2075008,-0.01857881,-0.002505693,-0.3966251,0.4043339,0.002153109,-0.4373619,-0.2799514,-0.03454216,-0.008750975,0.8188838,-0.4517008,0.05464833,-0.04938982,-0.2494826,0.7101207,-0.4735249,-0.2175864,-0.5624932,-0.272742,0.7530555,0.1598531,-0.4246464,0.1068975,-0.3474615,0.2683278,0.02612999,0.3295259,-0.1495614,0.006544042
0.3016268,0.1827147,-0.4083925,-0.07470226,-0.1860957,-0.0003797156,0.21449,-0.01770407,0.2100944,-0.07005969,0.7714853,0.2838676,0.1115569,-0.0373686,0.1158665,-0.4916263,0.09492564,0.006473007,0.02661282,-0.09483128,0.4681633,-0.09279484,-0.1471446,-0.3573244,-0.3972371,0.2207634,0.6336117,-0.008780583,0.06810814,0.6288052
0.390301,-0.04258662,0.4009656,-0.0059366,0.1543147,0.2252708,0.09644312,-0.4143645,0.148108,0.2698578,-0.03218099,-0.7236838,0.0103275,0.1570343,0.004464735,0.1910827,-0.2297636,0.4589927,0.4497198,0.006260018,-0.1876519,0.1042494,0.3147102,-0.0886519,0.1507044,-0.2262548,0.2855861,0.02289454,-0.04610168,0.1378186
0.5683411,-0.5256967,0.06847046,-0.3913417,0.01551753,2.043986,-0.2579592,-0.1425552,-0.1237112,0.578627,0.8186547,-0.4483668,0.09727782,0.6094055,-0.2911755,0.01528972,-0.2353415,-0.5683537,-0.291877,-0.1093181,-0.4753631,0.3487806,0.06007832,0.4901961,-0.2454456,0.2509054,0.2535586,-0.3384966,-0.4122206,-0.12664
-0.4017584,-0.1599589,-0.01391488,-0.07527586,0.08859688,0.3063061,-0.2972653,0.5782787,0.3260202,-0.06424055,-0.4521657,0.09191356,-0.14342,-0.3370215,0.4163823,0.393558,0.03333704,0.4318801,-0.005990708,0.008877791,-0.009356685,0.0627492,0.02559298,0.5310079,0.7196015,-0.1805849,-0.4752512,0.1825269,0.02394336,-0.1021671
-0.2755839,0.4515442,-0.4661455,0.2717623,0.2100357,-0.03635702,-0.4509804,-0.1563485,0.04083961,0.05530457,-0.06317061,0.2634809,0.4540062,-0.00335439,-0.08528452,0.2516519,-0.2826071,0.4213935,0.454886,-0.1387007,-0.4667161,0.5311481,-0.7885157,-0.5411369,0.0573135,0.2233969,0.1522151,-0.2869802,-0.3794211,-0.4612451
-0.1091244,0.2933767,0.4707124,0.1230051,0.1987727,-0.4746692,0.1768153,-0.2971553,1.64904,0.09681958,-0.4776334,0.5035381,0.04317269,0.3696941,-0.06416816,0.0134745,0.2387459,0.241817,0.00238198,-0.3273976,-0.4697275,-0.6965372,0.2275721,-0.03088386,-0.0087945,0.567201,-0.08975486,-0.3610828,0.4951339,0.5837165
-0.3633161,0.02238273,-0.0453788,-0.4148163,-0.2436197,0.04960911,0.1061212,0.4845089,-0.04554859,0.617375,0.002950391,-0.09687984,0.1396678,0.09206575,0.1182517,-0.1412886,-0.1314634,-0.09770942,0.607825,-0.1043176,-0.4117333,0.1928854,0.1796157,0.1645134,0.1489727,-0.05400005,-0.3197978,-0.7952785,-0.1253254,0.3157381
0.374642,-0.2698569,-0.3159233,-0.692086,0.008260952,-0.3521055,-0.02211659,-0.00153319,-0.003814021,-0.1186588,0.4661644,-0.07945239,0.01695481,-0.8417735,-0.2918372,0.4633242,-0.3735293,0.02633165,-0.0003102191,0.3113296,-0.587543,-0.4326913,-0.3452228,-0.2721999,-0.07209034,0.3080025,0.002434568,-0.3716646,0.02724663,0.3558642
0.04062706,-0.4493414,-0.1851823,1.377659,-0.6213757,0.006235699,-0.02054688,0.1170439,0.009673554,-0.0232974,0.001329404,0.04772918,-0.235197,-0.37726,-0.004940169,0.6510502,0.07985301,0.08539981,0.1391331,-0.2066996,0.03517673,0.1367112,0.2582188,0.3849312,0.0150153,0.1079539,0.361419,0.004252142,-0.002415717,0.001342973
-0.7582658,-0.1505286,0.1420943,-0.2479935,-0.03594275,0.1013196,0.330826,0.06962731,-0.09864801,-0.1911718,-0.007855819,-0.3839713,-0.195565,-0.0006435961,0.002097275,-0.008396556,-0.483844,0.4770636,-0.04653174,-0.06780954,-0.6419777,-0.2232305,-0.4055932,0.3565105,0.2572532,-0.8066614,-0.4733844,-0.1853895,-0.4337021,0.3155006
-0.2897317,0.2151581,0.186708,-0.6338909,-0.2900754,-0.1075066,-0.2632353,-0.246682,0.1818584,0.4915515,0.3708119,0.1634629,-0.1941178,0.4070684,-0.0391589,-0.1113466,-0.102211,-0.14759,-0.3991908,0.3428514,-0.2696112,0.687354,-0.04524969,-0.001224748,-0.5890729,0.3302238,0.2267979,0.05317425,0.01672338,0.035777
-0.0393706,-0.1956191,0.2105482,0.03153544,0.1352942,-0.08464321,0.4112145,0.1170529,-0.2559495,-2.282986,0.3916259,0.08881442,-0.0442981,-0.05442405,0.09557658,-0.1034889,-0.2110449,0.002999697,0.1442296,-0.2251747,0.08321515,0.2109331,-0.01436485,0.4546559,0.211399,-0.02015287,0.156047,0.2792076,-0.3375076,0.02788385
-0.007638744,0.0003189948,-0.02710452,-0.04801556,0.4257954,-0.003536699,0.5061688,-0.1466812,0.3364867,0.04064121,-0.04529062,-0.2208229,0.3891107,-0.200343,-0.01979253,0.4929386,0.01207596,0.08039271,-0.7324119,-0.2731689,0.826893,-0.8404238,-0.1881689,-0.2704026,0.423673,0.09543878,-0.08656176,0.05054924,0.1898895,-0.3061196
0.0815938,-0.1098557,-0.01947393,0.1189166,-0.23629,0.3081945,0.3841864,-0.0101842,-0.01707183,-0.6697354,0.07032152,0.04223569,0.1971299,-0.008046259,0.4483626,0.05066912,-0.0008403659,-0.1779149,0.3726179,-0.1294893,0.09225649,-0.5384051,0.2223116,-0.03046702,-0.1179246,0.6558648,0.2517584,0.4841329,-0.5656978,-0.0477154
0.02350724,0.314954,-0.04711229,-0.8387221,-0.2958742,-0.2120572,0.2605681,-0.4195771,-0.0014879,-0.01760274,0.156369,0.4943126,-0.06780156,0.2176568,0.2219829,-0.1236044,-0.3345032,-0.1122469,-0.4932378,-0.4021271,0.01273088,0.3551818,0.2640053,-0.2800384,0.6535088,0.3338504,-0.1597823,-0.03702069,0.3149482,-0.3032279
-0.006868131,0.01381308,0.4713522,-0.002024323,0.4285357,0.2597846,-0.3819635,-0.07428781,-0.005785927,0.200734,-0.08492619,-0.6176091,0.2173512,-0.7565519,0.01739341,-0.4465945,0.4924755,0.4130095,-0.003550035,0.1305149,-0.102491,-0.06661028,0.7461748,1.049958,-0.04461169,0.02647921,0.2104716,-0.6864743,0.08816016,0.3791198
-0.006049207,-0.1927255,0.07173689,0.4405122,-0.5321476,-0.3934766,0.4805029,0.00660642,0.2602675,-0.1513823,0.3084779,-0.01031883,-0.003114156,-0.1579954,-0.2541124,0.1705894,-1.349009,-0.4972748,0.009919498,0.2377056,-0.4459211,0.7520548,0.2879108,-0.2382358,-0.3315941,-0.09087539,-0.3559941,0.08186692,-0.02416797,-0.2882819
-0.1951909,-0.1410891,0.2998118,-0.09078936,-0.1917037,0.111765,-0.0002550916,0.5179716,0.0208136,0.2494397,0.2950395,0.5606512,0.005937456,0.05971523,-0.338764,-0.08332007,0.2091085,-0.07841831,0.2264894,0.009505694,-0.1822253,-0.2539142,0.2521808,0.08896885,0.4136213,-0.1614694,0.0006975162,-0.125608,-0.1323177,-0.2221034
-0.4947175,-0.04578849,-0.4346188,-0.5967759,0.4374514,-0.1098031,0.2851723,0.2441058,0.04785292,0.3562991,-0.09488541,-0.1961813,-0.4247373,-0.2695351,-0.06866551,-0.1505567,-0.004247366,0.10338,0.9119008,0.2560288,0.2077695,-0.002237488,-0.9123337,0.02497104,0.0003631976,-0.1111514,0.07050496,0.0004096985,-0.5007392,0.01274868
-0.04020363,1.54062,-0.4682128,-0.4516715,-0.1581933,-0.144832,0.4660344,0.0782997,0.2635466,-0.202199,0.003728272,0.4722227,0.3853773,0.03356725,0.07888359,0.1363631,0.418908,0.1308458,0.04248618,0.2397632,-0.009119804,-0.004191152,-0.004822609,-0.0418498,-0.4783624,-0.5113646,-0.07179609,0.4305239,-0.02534802,-0.4835367
0.08755844,-0.04912608,-0.153819,-0.07736856,-0.08529992,-0.05543437,0.1437127,-0.1403453,-0.095732,-0.181001,0.1412839,0.1158232,-0.04232262,0.03763603,0.00454745,-0.1897213,-0.1474082,-0.01205002,-0.3796196,0.1242796,-0.3776563,-0.04854949,-0.1101229,0.2773718,-0.3586901,-0.05453509,-0.6749087,0.1670997,0.1826659,-0.1585278
0.2068511,0.1007557,-0.4265492,-0.2162287,0.4097854,-0.02374404,-0.08142532,-0.4953942,0.004092049,1.006046,0.3106351,0.5144896,0.01378414,-0.313473,-0.1050772,0.4882962,-0.0811886,0.2057546,0.03175721,0.09855622,-0.06998042,-0.08652391,0.4426067,-0.3839958,0.2751637,0.2470604,-0.4288795,-0.1499818,-0.5822425,-0.2265055
0.3212992,-0.2615033,-0.1276109,-0.2140997,0.03496159,0.5386983,0.06250598,0.4134576,0.4925491,0.01810473,0.1847174,-0.3769661,0.2263311,-0.02105183,0.05470514,0.4072142,0.1840896,-0.04491347,-0.1427914,0.5459275,-0.4157161,-0.111513,0.3404744,0.2932298,0.1064884,0.4854853,-0.301826,-0.4016606,-0.07676274,-0.1092105
;
-0.4565631,0.03033721,-0.108898,0.2426303,0.7115198,0.1590519,0.1549124,-0.0494042,-0.1344692,-0.3205661,0.3010837,0.03445114,-0.1437896,0.06206903,-0.526834,-0.0703084,0.0528978,0.4188044,-0.4798832,0.2590985,-1.21725,0.3769699,-0.2517613,0.1275843,0.0127097,-0.1109633,-0.4491087,0.1556687,-0.1198582,0.002327832
0.4027712,0.6114887,0.3241212,-0.02673215,-0.6587477,0.2488429,0.09097806,-0.08564478,-0.01347848,-0.3690157,0.1145666,0.5120661,0.0594359,0.4311178,-0.01996404,-0.0424088,0.01504481,0.0295125,-0.02760524,0.1616296,0.2326946,0.00250215,-0.09817475,0.2146264,0.2603946,0.002133686,-0.4369394,-0.001040404,-0.1378962,4.012092E-05
0.2948796,-0.1943052,-0.2609349,0.1650175,-0.7356005,-0.4439439,0.2585305,0.2241283,0.4232138,-0.2100301,0.1808381,-0.0523258,0.1682215,-0.3385943,-0.006542325,-0.08018478,-0.214521,1.197495,0.1944833,0.4799636,-0.008200081,0.1933032,0.008848862,0.2288395,0.00324156,0.06945223,-0.5131463,-0.10962,-0.2549734,0.1487454
;
-0.03864256
-0.3090857
0.4842876
-0.1038549
0.02544992
-0.0006305545
-0.3757918
0.2405505
0.07632125
-0.1202393
-0.03904739
-0.8756855
0.6212363
0.0231728
-0.4615874
-0.01689504
0.04700226
0.000554502
0.2045448
0.1002402
0.06201206
0.8081722
-0.4529063
-0.006548272
0.182785
0.4995176
0.278192
-0.3654404
0.3748574
0.3678164
;
0.02362701,0.01130182,0.2201226,-0.1557936,-0.07783879,-0.04515149,0.5941353,1.375195,0.2287607,0.1699768,-0.3664436,-0.1541014,-0.06132811,0.1428456,-0.2667975,-0.2374239,-0.206715,-0.0351359,0.2397146,-0.1738127,0.03037281,0.5311587,-0.2991196,-0.3750919,0.09453863,0.1297486,-0.1421494,-0.1259659,0.380996,-0.02515667
-0.3682318,-0.4289814,-0.1624162,0.04328269,-0.3338201,0.3538527,0.01021144,0.05688943,-0.01072675,-0.06023933,0.02402048,0.7766665,0.7084744,0.3001491,-0.03639058,0.5427718,0.4078097,0.4875379,0.009356439,-0.1725111,-0.3622357,-0.04782293,-0.449415,0.2995406,-0.1730596,-0.04580742,-0.04530273,-0.2095491,0.1142337,0.1311602
0.04873165,-0.1002833,0.2736743,-0.09163648,0.6195175,-0.08577315,0.03339055,0.01486743,0.3987603,-0.1261624,0.001845844,0.2487635,-0.2427033,-0.3073571,-0.2662359,0.1356089,0.3841332,0.3719795,-0.1569615,0.1809102,-1.060665,0.004243155,-0.2939975,0.4777688,0.1261545,-0.01229055,0.5830676,0.4662778,0.07458176,-0.7543622
-0.27661,0.4155167,0.01277582,-0.005523338,-0.09990181,0.02252924,-0.01517802,-0.2658703,0.07597977,0.392725,0.03569442,0.5712656,-0.2464801,-0.1448447,-0.0991241,-0.009696305,-0.4227463,-0.05262607,-0.003668923,-0.02747766,-0.3962672,-0.1768423,-0.1486741,-0.1324872,0.2818561,-0.1795846,-0.03943616,-0.0250838,0.05346495,-0.05068856
0.5874572,0.1571352,0.7672241,1.072333,0.3368472,-0.128509,-0.02358811,-0.001032406,-0.4210924,-0.5893776,-0.7543367,-0.2448497,0.02091678,-0.04730757,-0.06434399,-0.1882235,-0.06134051,-0.01728113,-0.4722416,-0.2622268,-0.07204433,0.08530146,0.04701191,0.00816635,-0.006654847,0.4913845,-0.05038816,-0.09071988,0.04369188,-0.3055068
-0.369131,-0.5691375,-0.07612044,-0.3945738,0.4791884,-0.4863603,-0.1954033,0.1106459,-0.4389024,0.03650538,-0.1371513,0.1368815,-0.3542501,-0.2564315,0.950076,-0.1587393,0.02475549,0.2279958,-0.4583913,-0.1460583,-0.04642562,0.3121647,-0.02436005,-0.03134205,-0.3451278,0.09690715,0.288958,0.5410475,-0.7233533,-0.03199444
-0.2405186,-0.3380383,-0.4518096,0.1988411,-0.1965634,-0.3603984,-0.3683422,-1.137317,-0.2286813,-0.3271747,0.170696,0.6871852,-0.004611254,-0.1052191,0.02932344,0.3536679,0.2613593,-0.01959798,0.4079486,0.09530924,0.02995514,0.1512098,-0.0001252188,0.436887,0.4011696,-0.05339947,0.4579294,-0.1257614,-0.04460301,0.6378472
0.1598232,-0.2869848,0.8517211,0.6846797,-0.3515182,0.7030024,0.2861366,0.3926862,-0.5800146,-0.2000443,-0.4993115,0.4114578,0.09452707,-0.4972677,0.2372513,-0.3750306,0.1079367,0.07366127,-0.09296475,0.262496,-0.2654927,-0.3100536,0.3909998,-0.02873337,-0.2626094,-0.3172799,-0.06747293,0.5097818,0.01308354,-0.5188663
0.0003907122,0.4014631,-0.05652255,0.09490822,-0.2269454,-0.2298405,0.01639539,0.2748358,-0.01946646,-0.03708667,-0.01929262,-0.0215575,-0.6864349,-1.956518E-05,0.01880301,-0.4001896,-0.7731476,-0.280027,-0.2837586,-0.0129688,-0.6241948,-0.3412059,-0.431172,0.4329489,0.1390679,-0.4585522,-0.05115423,0.1792383,-0.2657949,-0.2662146
0.2839162,0.135512,-0.3364534,-0.07421881,0.03362024,-0.784816,-0.008221862,-0.3652687,-0.47754,0.4526575,0.04129714,-0.01328808,-0.2725609,-0.3900944,0.02567321,-0.2535336,-1.156745,-0.1849163,0.03028245,0.02205244,-0.4767908,-0.007015372,-0.2716641,0.1130654,-0.02262055,-0.1326877,0.8218059,-0.3108176,0.215339,0.04063875
0.4702814,0.005663995,0.1488115,-0.1143287,0.06958783,-0.272894,-0.04406983,-0.3603236,0.1436835,0.005722533,-0.1296525,0.3657005,-0.385506,0.4120921,-0.04992713,-0.8688226,-0.6121536,0.04121697,0.2312587,0.0009356347,0.4907101,0.02586468,0.106997,-1.714499,-0.2675087,0.1755693,0.2290663,-0.1203898,0.01362551,-0.03855535
-0.4513285,0.03379494,0.0002798961,-0.656568,0.05786278,-0.2579027,0.3282557,0.4828864,-0.5798136,0.2947875,0.0825165,0.0204379,0.1562306,1.266155,1.073038,-0.03527343,-0.1618272,-0.1279051,0.06764581,0.2380391,-0.09466269,0.2592811,0.09338377,0.1352422,0.05325622,-0.08767983,0.2972319,0.3899504,-0.1422195,0.005355299
-0.002790169,0.01729643,0.7591289,0.009573133,-0.5041054,-1.006839,0.1751212,-0.2036657,0.1293466,-0.2819908,0.009410163,0.3235326,1.004332,-0.5280527,-0.1183529,0.006938681,0.1163478,0.001294398,-0.03537628,-0.459221,0.03449994,-0.08382589,-0.1385717,-0.2665446,-0.0835976,0.1988814,-0.2786892,-0.5336136,0.1372599,0.03501597
-0.8681782,0.3227268,1.759108,0.4603417,-1.364528,-0.4389603,0.006040029,0.002960503,0.01745204,0.3785846,-0.1721649,0.4876426,0.05512124,-0.4602465,-2.178159E-05,-0.4282925,-0.04947239,-0.04302698,-0.1177227,0.2399517,0.1917986,-1.026833,-0.1955092,-0.003702072,0.2549469,0.2373537,0.3870285,0.1744324,0.2608672,-0.2306441
0.1786378,0.329244,0.6827766,0.08272332,0.1113807,0.2657934,-0.522432,-0.0303209,0.4052014,-0.7053238,0.00190692,0.4169232,-0.4841915,0.02122539,0.4559847,0.7021734,-0.3026278,-0.7421749,-0.323577,0.002758116,0.1867499,0.1616621,-0.2473122,0.6845634,-0.4988871,0.2146334,0.02028597,-0.4862864,0.7755161,0.1071575
0.002640123,-0.7051936,-0.310123,0.3624807,0.002076237,0.7703666,-0.4472125,-0.5162393,0.04320932,0.09637477,0.3567518,0.02803212,-0.1981265,-0.1444959,-0.3238791,-0.1135936,-0.03342042,-0.2510031,0.03248206,-0.2874306,-0.3169725,-0.6000439,-0.1864719,-0.5755329,0.01839196,-0.5520471,-0.07025188,0.1643762,0.1394858,0.04734254
-0.1275044,0.6813725,-0.01009221,0.1253666,0.2253876,-1.484488,-0.1828267,0.09542494,0.4601632,-0.02084466,0.02182745,0.1051777,0.8295884,-0.06038642,-0.4778489,-0.005987122,-0.1273628,-0.2098794,0.3788725,0.3201103,0.1339564,-0.2565369,-0.9543844,0.6002943,-6.510274E-05,0.7255493,-0.5488971,-0.1052563,-0.1197707,-0.4644349
-0.4032062,0.2301395,0.2860017,0.4997473,0.04535844,0.3201055,0.06571165,0.1081772,0.04249618,-0.370433,0.0008917737,0.4260395,0.4236094,-0.08239835,0.3693195,0.2778647,-0.06560928,-0.01984888,-0.002946454,-0.2448688,0.04887991,-0.3330202,-0.4851536,0.03210006,0.01141352,-0.749087,0.1104401,0.1051596,0.6967786,0.443599
-0.2333224,-0.3728718,0.02945453,-0.03169522,0.1092285,-0.1692791,0.1824775,-0.2631842,-0.2345484,-0.392164,-0.1031458,-0.0121662,0.107201,-0.3441716,-0.08907229,0.5671387,-0.01223264,0.06846372,-0.2426668,-0.2867887,-0.09193733,-0.06128067,-0.0003038638,-0.001529549,-0.2137384,0.1821781,0.01322506,-0.6234314,0.06741792,-0.4777059
-0.2280056,-0.344411,-0.4033577,-0.08568268,-0.1428439,-0.1001854,0.0005560034,-0.02335512,-0.1431743,-0.5199506,-0.4096181,-0.0124001,0.1185258,0.2605367,0.5845929,-0.05694517,0.3831147,-0.05793383,-0.1228252,0.006347273,-0.2239296,0.232241,-0.5472586,0.06299978,-0.06879225,-0.03082502,0.07043499,-0.4904392,0.001125495,-0.01189305
0.1747537,-0.1581853,0.1036701,0.376021,0.3842307,-0.01547831,0.0648126,-0.9916025,-0.2293091,-0.122548,0.1284541,0.8183571,-0.03779608,-0.004412669,-0.1576083,0.1563506,-0.1106229,0.4646779,0.5736222,0.1469592,0.1029349,0.4485431,-0.05527109,0.1266167,-0.2301825,-0.492613,0.005510747,-0.1469408,0.01616059,-0.01390813
-0.1060658,-0.5380106,-0.2480858,0.4494716,-0.3057736,-0.1266063,-0.3975929,0.4907983,-0.8421788,-0.056696,-0.1182854,0.0007034395,-0.00984011,1.299239,0.1638781,-0.7860545,0.8005479,0.04911827,-0.3704112,-0.02609186,0.1803378,-0.5383725,-0.2300681,0.4519951,0.01581816,0.0195598,-0.0615887,0.9971596,-0.4870394,0.05749991
0.4984237,0.0708892,0.3455338,0.05574998,-0.1464272,-0.3467726,0.1679729,0.3009354,0.2586017,0.2207159,0.06603706,-0.03983015,0.2029229,0.4834188,-0.1907576,-0.05152913,0.5217518,0.4514704,-0.1718031,-0.1807111,-0.2004525,-0.3769946,0.1935916,0.4263327,-0.01276123,0.2267773,0.8291046,0.09273334,-0.3683709,-0.2007751
0.3574709,-0.007109955,0.0965029,-0.3010176,-0.008139499,0.4024247,0.1669609,0.001778543,0.02913279,-0.3890332,0.3654737,-0.1552444,0.2615457,0.3846862,-0.6871727,0.1152031,0.134314,-0.1949909,-0.1007509,0.02302279,-0.2494468,0.1377158,0.3196254,0.02010518,-0.003219387,-0.2858524,0.3250425,-0.1965604,0.1073771,0.2344717
-0.03898623,-0.1523478,0.05206986,-0.2023997,-0.1791651,-0.07180208,-0.08908588,-0.350278,-0.03819209,-0.01978535,0.2932736,-0.4897861,0.06564253,0.3438632,-0.05739066,0.1820667,0.07449013,-0.4297861,-0.3583791,-0.2588513,-0.2294861,-0.4296702,0.06931152,-0.2888733,-0.01379472,-0.2881977,-0.4399026,-0.06629791,0.4794024,0.6085172
-0.07477172,0.2834679,0.3796083,0.4312338,-0.4655379,-0.3674539,-0.01087324,0.8833923,-0.1457122,0.4152966,0.3338093,0.2839285,0.04163021,0.8043945,0.4041289,-0.3871591,-0.3370835,-0.01561447,-0.5413977,-0.1554982,-0.06218474,-1.053865,-0.1639677,-0.4689164,-0.1808753,0.1309345,-0.01464399,0.5020778,-0.001190974,0.1355596
-0.04898518,-0.3681525,-0.03337568,0.01885734,-0.3765092,0.02177757,-0.3676657,0.04525784,-0.05781039,-0.3996814,-0.1220098,0.1652314,0.4199475,-0.2586794,0.007945658,0.3279885,-0.01754798,0.1775323,0.0006044699,-0.01938075,-0.1907802,-0.1491892,0.1055323,0.2559609,-0.001361711,0.09866891,-0.07882005,0.6068147,0.1491618,1.111065
0.09984698,0.3508461,-0.2642046,-0.58824,-0.2399164,-0.2993248,-0.00946128,0.2659826,-0.3368089,-0.1325132,-0.2572434,-0.3300492,-0.2115851,-0.2537589,0.8198875,-0.0007114097,0.07748204,0.4353242,0.06939258,0.1261948,0.04732282,-0.4973742,-0.5866064,-0.01131314,0.2260108,0.2973055,0.01843793,-0.2819816,-1.238044,-0.06889278
-0.3964531,-0.09220005,-0.4394246,-0.02916476,0.01585568,0.0373804,-0.04260473,0.6801209,-0.2843705,-0.1103296,-0.07173681,-0.8255703,0.3297923,0.4226212,-0.2314207,-0.05797808,-0.1133872,-0.4738859,-0.06300408,-0.06750523,0.3382287,0.4166056,0.07925753,3.937415E-05,-0.1809575,0.01609164,-0.1535558,0.007629731,-0.4302038,0.2476432
-0.1828254,0.2640927,0.4603462,0.1110858,0.09139043,-0.2997169,-0.4330138,-1.009012,-0.2618718,-0.1917369,0.01330622,1.006286,-0.005730491,0.8631077,0.08230033,-0.2885628,0.3962949,0.1414827,0.9844848,-0.437287,0.02010878,-0.3583456,-0.1253237,0.09728128,-0.9107358,0.08379566,0.2826455,-0.05476109,-1.378959,-0.279431
;
1.533213,-0.07224356,0.1589979,-0.1761782,0.002774885,-0.149643,-0.35163,-0.144648,0.4342903,-0.02375311,-0.2114284,-0.2625859,-0.03154504,0.08473911,0.05903476,0.0001557978,0.4231923,-0.09028208,0.2355989,0.1572475,0.1686441,0.552514,0.02825648,0.2197051,-0.4759781,0.007566434,0.3391281,0.6768566,0.1317099,-0.06770462
-0.5044937,0.04941342,-0.06099069,0.3489177,0.3189316,-0.0004360253,-0.5203896,0.2164821,0.0415842,-0.2562481,0.1834826,-0.308863,0.001336758,0.06190878,-0.1163829,-0.05806982,0.1919722,0.1709242,0.5164896,-0.3506685,0.1402724,-0.339341,-0.09220523,0.3147237,0.2942109,0.165078,0.005851024,-0.4583629,1.140738,-0.3482558
-0.2585207,0.2999322,0.007336913,-0.2203651,-0.4504467,-0.1941786,-0.002257093,-0.3590509,-0.2585683,-0.2799884,-0.1076514,-0.06648093,0.4700679,0.1645827,-0.2220759,0.7949663,0.1304005,0.03625564,-0.08060356,-0.02517798,-0.2349449,-0.003343952,-0.5189019,0.4123424,-0.05801016,-0.6137096,0.01320141,0.1233516,0.216034,0.2595816
;
