0.02421026
0.3609059
0.4143177
0.4158506
0.0003187459
-0.0001584149
2.549672
0.1117784
-0.2294315
-0.1618322
;
-0.1908934,0.4245229,0.04806147,-0.203451,0.4651186,0.0474227,-0.05357641,0.01098464,-0.2433183,-0.119026
-0.7434881,-0.1411151,0.4122281,-0.02268749,-0.003379273,-0.2566353,0.0656612,-0.2485301,0.2483247,0.6954893
-0.245624,0.05723679,0.119251,-0.2378108,-0.04950391,-0.03057249,-0.09001905,-0.08932687,0.3860468,0.2830304
-0.01361138,1.822181,0.5416106,-0.0007377575,0.06353294,0.1099964,0.3594069,0.1585044,-4.859498E-05,0.1120599
0.1758723,-0.1753417,-0.1899871,0.4198779,0.1505571,0.00878668,0.501211,0.3278242,0.5009984,-0.4382678
-0.1742576,0.8595767,0.4228631,0.1806177,0.003971201,0.4421697,-0.2378806,-0.08753095,-0.2081971,-0.3092443
0.4336401,0.2288501,0.009692817,-0.003173671,0.5895106,-0.4140871,0.6623664,1.128316,0.04860956,-0.1699685
-0.4876025,0.1364192,0.1090418,-0.4871402,0.2366646,-0.2192601,0.01486109,0.008082284,-0.0007353961,0.4323574
0.07660276,0.1683758,0.1119744,-0.4473679,0.1702436,0.3353996,-0.1387677,0.4544379,0.1525438,-0.0005834662
3.00591E-06,-0.04351198,-0.02490766,0.01167528,-0.1641179,0.03235464,-0.39169,0.8953128,0.4130689,-0.02926029
;
0.0221269,-0.6363986,-0.187342,-0.1089664,-0.003400965,-0.255536,0.08738726,0.08475879,0.006815598,0.01985263
3.162626E-08,0.1161186,-0.1245757,0.02034597,0.09173452,-0.41145,-0.01958235,-0.04079677,0.07750757,0.0006317963
;
0.2637215
-0.5039958
0.3694212
0.07280529
0.128319
-0.009589016
0.1527473
-0.1788686
0.1080251
-0.1342824
;
0.3871545,0.2525983,0.01200565,-0.07224172,0.04895818,-0.1829523,-0.02937073,-0.3098507,0.07195264,0.1081257
0.1143216,-0.4409953,0.4705343,-0.09809643,0.1934965,0.1287779,0.06454305,0.06918982,-0.1228088,0.05320472
-0.0350737,0.1542893,0.01502706,-0.01632798,-0.156684,0.1928121,-0.3234999,-0.02622282,0.05285254,0.05118519
-0.03728843,-0.1281736,0.1403492,0.07335813,-0.4603443,0.4644034,-0.0296697,-0.4768932,0.1178452,0.1217476
0.5460367,-0.3271388,0.05880457,0.223986,0.246228,0.06278387,-0.2944535,0.1472869,-0.080805,0.2015468
-0.2105689,0.0373784,0.002500745,0.04489976,-0.6084265,0.3073944,0.0001947098,0.001102988,0.05140245,0.03056165
-0.1468251,0.3284919,-0.03742094,0.0001554427,4.142549,-0.06040686,-0.1356801,-0.1851185,0.232901,-0.06329939
-0.5107852,0.02113175,-0.2763069,-0.002834619,-0.199419,-0.1723379,0.3232338,-0.1057707,-0.2487881,0.1780452
-0.07578665,-0.6165749,0.4112723,0.04667618,-0.04381553,0.07893164,-0.03855539,0.2786797,-1.230253,0.1700827
-1.066212,-0.1947971,-0.07819858,-0.2263458,0.2974155,-0.03875297,-0.25281,0.04599321,0.311018,0.02186102
;
0.7630364,0.4026306,0.1662948,0.1300481,-0.07572375,0.09792627,0.8923954,0.004895558,0.06070384,0.05383044
0.09753063,-0.3421043,0.01066558,-0.135709,0.2901472,-0.2524379,0.07070655,0.06850068,0.06581549,0.1084037
0.3646537,0.7439725,-0.913311,0.003163746,0.6840717,0.4780014,0.1390253,0.3868893,0.2407657,-0.01438816
;
0.0215016
0.003643094
-0.754765
-0.1382387
1.275989E-07
0.4518076
0.08837897
0.4282086
0.03748427
0.5001617
0.09511334
0.0007489963
-0.3512474
0.0003129669
-0.2806017
0.0004042154
-0.1358375
0.1178969
0.03809589
-0.1031308
-0.6497183
-0.01638994
0.389487
0.003605185
-0.1161137
0.2494534
0.04191362
-0.4536033
-0.1013234
-0.1654191
;
-0.008587538,-0.154826,-0.2861601,0.0413372,0.03175134,-0.8532118,0.8154619,0.4755368,-0.2740849,-0.04982718,-0.1403683,-0.01186253,0.05031877,-0.07962374,-0.4114543,-0.4636548,-0.1325971,0.439761,-0.01301154,0.5516236,0.03655746,0.4571233,-0.3545721,-0.07660609,0.003664379,-0.02042357,-0.1571491,0.4071839,0.3854644,0.3267211
-0.1183063,0.03178964,0.142037,-0.1070857,0.7090318,0.1550109,-0.0667918,-0.06606288,-0.747394,0.09213126,-0.4439572,0.2220928,0.02177244,-0.419118,-0.0510555,0.4731134,0.1849054,-0.2845484,0.01852149,0.2533393,-0.07815307,0.04352401,-0.7007892,0.0008683528,-0.3582592,0.2733886,-0.4480951,0.01443309,0.3782987,0.08941537
-0.05546445,0.4421143,-0.2106277,0.7537485,0.2321447,0.9135053,-0.1273687,-0.4825479,-0.4594771,-0.4422467,-0.0666825,-0.4914098,-0.2744484,0.7156314,0.3338514,-0.006414899,-0.2482236,0.218143,-0.1176897,0.403571,0.09262782,0.02433354,0.07762503,0.004484535,-0.1598238,-0.09334809,-0.4676654,-0.6317312,-0.01267668,-0.4530206
-0.08300691,-0.1608037,-0.08259584,-0.0644539,0.9514093,0.0478253,0.4883745,0.3753688,-0.2265399,-0.4357578,-0.06790042,0.3382421,-0.4019341,0.1864385,0.2405798,0.0604081,0.4890766,-0.0003509486,-0.6962629,-0.01042409,-0.4838789,0.0170473,-0.3605931,-0.4917972,-0.2727115,0.06071315,0.8109409,-0.4466704,0.2618002,0.8993219
0.008548993,0.3959333,0.216611,-0.346597,0.2231031,0.02737099,-0.2962259,-0.07313114,-0.03959614,0.1973754,0.1010217,0.2495797,-1.264836,0.3658168,-0.1163576,0.3579506,-0.004774203,-0.1520284,-0.5320321,0.3970134,0.3150352,-0.5300936,-0.2527394,0.01634463,-0.3146313,-0.1942919,0.39873,-0.007583185,0.706356,-0.2152025
-0.9537184,-0.2309482,-0.2900685,-0.05660284,0.1013484,0.06420784,0.1344896,-0.07404181,0.1607632,0.04196853,0.0916627,0.1490499,0.05373279,0.08392826,-0.308476,-0.3725317,-0.1607092,0.1587009,0.2883712,0.07308666,-0.005804099,0.1290973,-0.2063342,-0.2645285,0.2684696,-0.2001455,-0.4868985,0.2780935,0.1058242,-0.07652506
-0.4675224,0.01656434,0.002533863,-0.1415386,0.1618169,-0.04544455,-0.5453243,0.4046179,-0.01236063,-0.4251519,-0.5227758,0.3171712,-0.07926996,-0.1091824,0.1880842,0.1284841,0.0027316,1.871925,-0.1724197,0.3967905,-0.999312,0.4823998,-0.3821204,-0.223679,-0.1749195,-0.006193286,-0.3952048,-0.2105806,0.002914869,-0.1959312
-0.01408216,-0.01486265,0.5106946,-0.06258906,0.4252586,-0.1735168,0.04166296,-0.003339469,0.08567744,0.2184119,0.155321,-0.05166298,-0.3127812,-0.0176869,0.008688411,0.1874235,-0.3348341,0.0483472,0.002221344,-0.7415299,-0.4972318,-0.2231558,0.1954958,-0.3093361,-0.1833223,-0.7730536,0.3960018,-0.2379446,0.1813511,-0.02190774
0.1556716,-0.2535627,0.5611772,-0.09099394,0.08561748,0.1133583,0.08013099,-0.2451392,0.3895495,0.003221929,0.4098473,-0.6946495,0.8023298,0.07775641,0.1034915,-0.00354907,0.009755744,0.1709094,-0.1639804,-0.3569801,0.1162201,-0.1213086,0.1205956,-0.03281793,-0.4420512,0.4120771,-0.411406,-0.5808278,-0.0361206,0.3261179
0.3970274,0.641202,-0.04972716,-0.02616511,0.2160327,-0.8293315,0.3469009,0.08874722,-0.2695433,0.3011256,0.7873481,0.1445846,0.1733303,-0.3228173,0.3997309,0.05935642,0.06423476,-0.3859749,-0.3965188,-0.1892421,-0.1589537,0.1396349,-0.1519387,0.004510493,-1.395063,0.4030201,0.004206039,-0.3323979,0.000582408,-0.2188619
0.02171041,-0.03935736,0.0821446,-0.4266845,-0.02167298,-0.001989989,0.001990244,-0.2954525,0.1512419,0.4240665,-0.02866298,-0.5988314,0.3486453,0.3100185,-0.0006110511,-0.4716794,0.1419298,0.1572178,0.3806581,-0.4371113,-0.2566224,0.4790468,1.806783E-05,-0.02949064,-0.2113188,-0.3860901,0.1200355,-0.3269941,0.2022946,0.02578562
-0.04052909,0.3496362,-0.2303553,0.04994968,0.2309878,-0.3032079,0.004558771,-0.009253959,0.4285773,0.03143396,0.02841968,-0.01927848,0.01424009,0.2876655,0.4105589,-0.2796972,0.3874583,0.1821593,0.05225671,0.352031,0.08048899,-0.01180023,0.06243187,0.4345846,0.4711622,-0.3958447,-0.2211011,-0.2918081,-0.2139407,-0.4913549
0.07052022,-0.09266609,0.3765244,-0.3499916,0.03967104,0.2477893,0.3253422,-0.06330221,0.1805335,0.2441617,-0.0431899,0.1957112,0.04010445,0.3498802,-0.1748309,-0.09591764,-0.0413579,0.09085667,-0.1855311,-0.6245106,0.005734925,-0.4423534,-0.4330233,-0.04365607,0.08884376,0.0007470528,-0.1921381,-0.4126581,-0.5031141,0.2479008
-0.2169177,-0.3105756,-0.008054633,-0.3449564,-0.4625792,-0.003637482,-0.0002130914,-0.1879553,-0.0004498566,-0.05800967,-0.09320676,-0.4473203,-0.138616,-0.1024413,-0.3991081,0.05419952,0.2523342,-0.02283679,0.3310864,0.3326207,0.04046737,-1.983944,0.2526214,-0.01092139,-0.4115125,0.03849087,-0.2166394,0.4956194,-0.00390398,0.006358546
0.4116672,0.8231885,0.0124804,0.7842563,-0.007727119,-0.3458638,-0.01596567,-0.06887937,-0.01796751,0.1168463,0.04588665,0.4606934,0.2284156,-0.03419738,0.3600776,-0.242954,0.2003865,-0.2928095,0.2735977,0.08468217,-0.06344986,0.0980044,-0.0253568,1.550008,-0.2895766,-0.1903145,0.01136857,0.2441174,0.4686007,0.01393883
0.0007978674,-0.2930652,0.00135159,0.03887129,-0.298956,-0.004621963,0.06118758,0.4699538,-0.02113084,0.9978986,-0.2931424,0.2902944,0.380427,-0.3732348,-0.4626999,-0.02874143,-0.1400517,0.004683618,0.1170699,0.1243814,-0.003646562,0.08351965,0.2094216,-0.4359647,0.01555984,0.03828944,-0.0176642,-0.4715786,0.00578016,0.0489527
0.2325498,-0.04747703,-0.02867285,0.4657937,0.1045702,0.09827109,-0.08445118,-0.3104559,-0.6807354,-0.0450688,0.1243142,-0.01767486,-0.04413848,0.3308082,-0.115936,-0.0002668575,0.2084721,-0.1142865,-0.2726737,1.71625,-0.2640898,-0.1831405,-0.288588,0.05624748,-0.2833087,0.07748716,-0.0009940494,0.004968019,0.2977896,-0.05182919
-0.0745898,-0.4330071,-0.1773827,-0.009666901,0.2139176,-0.04476139,-0.003519716,-0.1585084,-0.01596638,-0.4148815,-0.4348502,0.004871711,0.1899775,-0.01788423,0.1323844,-0.009378291,0.7344378,0.1664938,0.1938299,0.009182437,0.9364457,0.09176368,0.4038464,0.332846,-0.2617481,1.707667,0.4039142,-0.3014494,0.2984455,0.4779331
-0.3478136,-0.0251388,0.02272934,-0.002624094,0.2896689,0.1912473,-0.3011845,-0.01331553,-0.1614471,0.3524207,-0.328243,-0.2377207,-0.04209434,-0.2260715,-5.026291E-05,0.2085898,0.1737332,0.1215556,0.0221638,-0.3869604,0.1857428,0.255989,0.4959663,0.3183881,0.01127012,0.03962131,0.07174975,-0.01641835,-0.3899107,-0.4041245
0.2239418,0.6729463,0.2234096,0.0009580869,0.3360561,-0.2737818,-0.3037527,-0.04035741,-0.1077384,-0.2607793,0.3813511,-0.3864177,0.115668,0.06085531,0.4564359,-0.052359,-0.05296554,0.09043317,-7.464058E-06,-0.01339924,0.01173266,-0.8346767,-0.0004981356,0.08531029,-0.000931522,-0.2945917,-0.4092065,0.3265181,-0.1414446,0.04392916
0.1104832,0.2355506,-0.2608648,0.00831061,0.3162358,-0.2223694,0.0936133,0.4474033,-0.04431611,0.09539723,0.4927062,-0.3168221,-0.0818786,-0.256977,0.06365424,-0.03265742,0.06078535,0.2696523,0.003901417,-0.271762,-0.05760582,0.06653458,-0.4292127,0.1817422,-0.1120656,-0.3632149,0.06477513,0.4937749,-0.005247804,-0.1865962
0.7145731,-0.2970328,-0.03547472,0.1199077,0.4913421,0.1195017,0.08434011,0.0001330837,0.293142,0.1846026,-0.2468253,0.2521707,0.220787,1.328715,-0.3335303,0.09473384,0.5919009,-0.1998109,-0.005324821,-0.1356542,0.4781102,3.353771E-05,-0.3845718,-0.3812553,0.4283375,2.626983,0.01497208,0.6324211,-0.02898763,-0.2154448
0.2364209,-0.03124764,0.3797656,-0.1043399,0.02529685,-0.04045826,0.3576615,-0.08083826,0.5465552,0.01866385,-0.3457161,-0.04633671,0.4772288,0.4828775,0.6684487,-0.1494002,-0.142033,0.02119921,-0.1795227,-0.02128594,-0.03433707,0.5590072,-0.0002416477,0.09808166,-0.07894186,-0.4385762,0.1369928,-0.5252028,-0.07061365,-0.3312081
-0.003414112,0.003442774,0.001965143,0.2403695,-0.03864618,0.4754704,0.03227861,0.1396209,0.1281921,0.9731889,-0.4625188,-0.5805902,-0.2324625,-1.662608,-0.1251717,-0.07665461,-0.2649279,0.2269635,-0.1270289,-0.3262228,-0.2352556,-0.001876031,0.07196677,0.02197274,0.03405942,-0.03356806,0.6904732,0.0004088312,0.05153786,-0.02493292
0.009571027,0.1269468,-0.4647257,-0.775345,-0.01115173,-0.1667313,0.03327654,-0.3728915,-0.1482875,-1.550645,0.09024953,0.07787063,-0.3070685,-0.00879925,-0.06818317,0.1682849,-0.07247752,-0.102181,-0.1293577,-0.3440526,0.08522328,-0.005220475,0.4654626,0.09387799,0.4161324,0.5893303,-0.2844849,0.09662491,0.06285661,0.000162267
-2.322445E-05,-0.4260079,0.1123851,0.08481318,-0.5620936,-0.0004801915,-0.009871988,0.4595244,0.2399038,0.2831212,-0.08945582,-0.2473789,-0.1515694,0.2925322,-0.02791196,-0.5374273,-0.2851059,-0.2429652,0.7727578,-0.05252878,-0.0419324,-0.1982785,-0.05862425,0.4977542,-0.08737689,-0.0137257,0.1501946,0.277844,-1.54822,-0.2221447
-0.4839884,0.07948213,-0.1242033,0.0002521391,0.04122262,0.4899669,0.3831604,0.2495809,0.1053466,-0.1726505,0.1560709,-0.01212593,-0.1075168,0.007304095,-0.01856044,-0.0001203248,0.7055262,0.2319581,-0.7573473,-0.2443326,0.01170798,0.1008489,-0.4593209,-0.1656273,0.1726728,0.1696611,-0.02451247,-0.03949672,-0.5448512,0.2096305
-0.2960949,-0.4782983,0.07141147,-1.211364,-0.3077188,-0.03007544,-0.11386,-0.2623245,0.3992716,-0.3284642,-0.1737244,-0.06372941,0.06898408,0.7080048,-2.560131E-06,0.4732561,0.126892,0.1271164,-0.4721566,0.001334117,-0.2658951,-0.05842754,0.1930526,0.1671597,0.2895193,0.1877739,0.4334247,-0.04369544,0.002365923,-0.05622833
0.0008557847,0.1080536,0.1772575,0.3820233,0.9399379,0.1558721,0.06156105,0.4890646,0.2130604,-0.3521488,-0.1699534,0.418745,0.02477401,0.190873,-0.7970531,0.6851168,-0.2059197,0.0434262,0.03911322,0.08641547,-0.4667923,0.3845463,0.1540018,0.3472754,-0.0008457055,-0.3093269,0.05708999,0.1647539,0.1309354,0.4116194
0.065379,-0.1254736,0.1099007,-0.7325211,0.0539659,0.08404326,-0.02822187,-0.008752593,0.03441699,0.1011692,0.4155687,0.2383014,-0.5501644,-0.8564442,-0.8251472,0.06245305,0.001185241,0.002784434,0.06627545,-0.1022167,-0.3937635,0.02287868,-0.1208021,-0.1379412,-0.8159168,-0.007450932,0.003585137,0.035918,-0.395973,0.05011325
;
-0.1443945,-0.2478306,-0.1280576,0.319443,-0.01299364,-0.6616703,0.08223832,-1.510195,-0.2623383,-0.02017361,0.1489858,0.2892005,-0.313296,0.004177205,-0.4582762,-0.1147229,-0.2716483,-0.5083914,-0.01737195,0.134824,0.2570385,-0.1916327,0.01882156,0.1918632,0.01687522,0.01046816,0.3716868,0.01886932,0.01058211,0.3230546
0.5059953,-0.008737861,-0.07538635,-0.02013737,0.06423777,-0.4242068,0.3589677,0.1553844,0.3906475,0.04314727,0.2795804,-0.4091054,-0.002850834,0.1183381,0.1374135,-0.2368792,-0.3630214,0.1373532,0.07717265,0.2254722,-0.3240891,-0.4917394,-0.03412873,0.0291118,0.6725423,0.2796264,0.09728674,-0.3361341,-0.02345355,0.3069344
-0.1403529,0.03316415,0.4308966,-0.1322367,0.4496698,-0.4186171,-0.2524774,-0.02919978,0.5867791,0.04980839,0.4215052,0.425686,0.6897165,-0.0002195289,-0.1265563,0.3282592,0.9790735,-0.08251712,-0.01145835,-0.02487332,-0.9398435,0.02704215,0.05594391,-0.2268469,-0.3955547,0.03147775,-0.1895803,0.3747224,2.228143,0.004909738
;
