0.1712899
-0.0210728
-0.1929516
-0.1712874
0.01781771
0.1510542
-0.1375758
0.02409118
0.06818701
-0.6487693
;
0.2161852,-0.1396198,-0.05431676,0.08545727,0.4165121,-0.5628788,0.1668964,-0.02857369,0.3593072,0.1383474
-0.1081981,0.4172821,0.08960754,-0.1199889,0.2002688,0.2351341,0.01218649,-0.5436298,-1.031067E-05,-0.1451524
0.0008740184,0.09872265,-0.4331544,-0.04702257,-0.1201484,-0.639544,-3.116034E-07,0.4931829,0.4873083,0.3923104
0.08789892,0.2502233,9.438733E-07,-0.1889242,0.3482429,-0.143788,-0.009728492,-0.1871234,0.2484144,-0.0399869
0.1354911,-0.0412663,-0.2880691,-0.08479589,-0.3712983,0.03459391,0.0003264666,0.0373252,-0.1390395,0.3095608
0.01348853,0.02930999,-0.01470633,0.1624206,-0.6294519,0.03285773,-0.009129941,0.04481322,-0.4038347,-0.5294914
-0.2265652,-0.002861463,0.05864424,-0.4392134,-0.4242363,0.01625779,1.212466,0.3617313,0.0593149,-0.08729653
0.08655611,0.2280284,0.2637289,0.4829797,0.0003425617,0.04780748,-0.08633251,-0.03916143,-0.001391285,-0.1909505
0.03059334,-0.3254821,0.1300797,-0.4249816,0.3027557,-0.7664073,-1.809235,-0.03335672,0.3938912,-0.4084513
0.0296787,-0.08564606,0.07117663,0.1924707,-0.8105426,0.4403235,0.423106,-0.8105671,-0.02048212,-0.1071835
;
-1.107472,0.06341902,0.1080309,-0.002588128,0.2461841,0.1984083,-0.1378838,-0.002635065,-0.2018371,0.01410904
5.339963E-07,-0.1085463,-0.08134414,-0.4109252,0.4360369,-0.01159798,-0.4866339,-0.2462147,0.1960259,-0.0612223
;
-0.004746642
0.02079603
-0.04670446
-0.04450486
-0.1764997
-0.004078374
0.375746
0.04198097
-0.005454213
0.2487988
;
-0.3204248,-0.2536004,0.2371489,-0.1556091,-0.09285594,-0.03443104,-0.04932076,0.6831135,-0.2550658,-0.03927322
-0.1706817,-0.217213,-0.4189287,0.0852738,0.0001572825,0.4308569,-0.4151297,0.2556338,0.2806685,0.430636
0.1770124,0.1794742,-0.03422433,-0.003478477,-0.2789139,-0.4088094,0.1381516,0.2749863,-0.1176111,-0.4011201
-0.1910393,0.006869629,-1.456711,0.4062926,-0.3557162,0.01624859,0.1892623,0.003499982,0.01964701,-0.409053
-0.1599863,0.09007816,-0.6791133,-0.002653786,-0.0843484,-0.1676819,0.01084342,0.1058821,0.2737648,-0.8379901
0.3101789,-0.06069181,0.1365308,0.8514054,2.510521,-0.1175019,-0.08240348,-0.2694843,0.1408347,0.5417959
-0.07776937,0.2868733,-0.008578266,0.0005659987,-1.144138,-0.1398715,0.3318588,-0.2748687,-0.2415315,0.1118679
-3.679415,0.03269818,-0.2661418,-0.09221745,-0.1178827,-0.2030134,0.2224829,-0.01429859,-0.0133304,-0.9591468
-0.211982,-1.270416,0.001960256,0.006794754,0.01660365,0.3074321,-0.1851333,-0.1262393,0.3778188,-0.00338817
0.357399,0.3593626,0.06294589,-0.3009231,-0.1487066,0.2778818,-0.2903102,0.3961878,-0.8689679,0.005767965
;
-0.1067806,0.2157235,-0.01372445,-0.1688786,-0.4363644,0.2654352,0.5893151,0.2919086,0.01159491,0.1517684
0.007838482,-0.1842737,-0.02672218,0.4396014,-0.09616047,0.1015561,0.01146991,-0.02030649,-0.09328884,-0.03084077
-0.247989,0.1604432,0.04753932,0.02229233,2.33687E-06,-0.01458945,-0.06380741,0.0475301,-0.5817496,1.806143
;
0.05006806
-0.02382948
0.02987693
-0.04199632
-0.02347657
-0.003565119
-0.03049555
-0.1106755
-0.5724159
-0.01422782
0.2229295
-0.3465663
-0.1512185
-0.1483864
-0.1861918
0.6027541
0.0430191
-0.4840355
0.006871946
0.07640763
0.2386829
0.2126614
0.3548776
0.2685614
-0.35788
0.3372146
-0.1393412
-0.4569339
1.518614
-0.2407788
;
-0.02547599,0.2556545,0.8981969,0.03065301,0.04628038,0.1797453,-0.0225334,-0.3627985,0.1748033,-0.5931739,-0.1421002,-0.4337075,-0.2623382,-0.376318,-0.4680929,-0.3563976,-0.04013684,0.4068514,0.2632174,0.3694431,0.1966382,-0.007431522,-2.760765,0.01765472,-0.0743276,-0.01098484,-0.2413973,0.4015795,0.2808353,0.3926973
-0.4994995,-0.2790789,-0.4938959,-0.1212073,-0.3758196,0.1556762,-0.3056165,-0.05369956,0.3445641,-0.02658099,-0.03820177,-0.2132346,0.1997949,-0.2992235,0.09513834,-0.1479521,0.286759,-0.1344887,0.0163975,0.4951364,-0.143785,0.04067924,-0.4961542,0.2411472,-0.4607038,-0.09039786,-0.3358884,0.06195268,-0.004879773,0.2174142
-0.3107476,0.4545543,-0.4917674,0.4827991,-0.05497221,-0.2255027,0.6888971,0.2529651,-0.1172466,-0.3822167,-0.5300869,-0.4810044,-5.30727E-05,-0.09792107,-0.730122,-0.6108002,0.2784114,0.04767934,-0.1183812,0.4109358,-0.00133264,-0.415095,0.03180756,0.0443309,0.03799029,-0.5703634,-0.1094967,-0.1955325,-0.3409014,0.001787186
0.07058488,0.1254015,-0.0965038,0.04580494,-0.01286035,0.1971678,0.1421988,0.07873744,0.04945585,0.04490823,0.08045579,-0.3061507,0.3157132,-0.01330131,-0.4126189,-0.3219572,-0.1356694,0.2369125,0.1496818,-0.1943915,0.464306,-0.1350929,0.6301443,0.2262338,0.1270451,0.1330766,-0.1638935,-0.8837883,-0.05432159,-0.3640773
0.3578179,0.4652318,0.01035458,-0.4826575,0.3311712,0.3865622,0.2963418,-0.3397268,-3.841672,-0.3533682,-0.1904034,0.00663694,-0.4995631,-0.2831574,0.03785896,0.05749221,-0.03270086,-0.08910362,0.2418512,0.008337556,-0.4411708,-0.03969492,0.006627181,0.4065419,0.3893322,0.2803347,0.00560474,0.4524314,0.04508885,0.01667332
0.09010922,-0.4076386,0.004568636,-0.495216,0.1996215,0.3337232,0.02091282,0.08209614,0.4032955,0.4920517,-0.513218,0.5489684,0.09265257,0.02263635,0.4950156,-0.1023696,0.3995296,-0.03197659,0.03395182,0.9601014,-0.3507772,-0.1836511,0.02212045,-0.3181426,0.1043301,0.09578644,-0.1294924,0.108532,-0.5499135,-0.2405676
0.1303069,0.1995838,-0.001227699,-0.003441184,0.5884576,-0.2261371,0.1634911,-0.1679675,0.2583948,0.1595658,1.381602,0.282577,-0.2466951,0.1680756,0.4368335,-0.2526411,0.2989534,-0.01808863,-0.1623286,-0.03849751,-0.02274664,-0.4668614,0.08703108,-0.4287609,0.2813213,0.02705742,-0.1555341,-0.2003692,0.5234506,-0.473388
0.1701151,-0.006886241,-0.1522774,-0.3046126,0.4482928,-0.1673772,0.3764786,-0.2194371,-0.2859426,0.1258825,-0.5238093,0.08837265,0.1471533,0.1731471,0.8811595,-0.8434486,0.2351149,-0.4466742,-0.7585974,0.3952645,-0.01744193,0.1742918,0.005409992,0.03041869,-0.0006166144,0.001736136,-0.08615047,-0.04801936,-0.1998943,-0.05742437
0.174641,-0.03792018,0.06637126,0.432556,-0.001311115,0.01565752,-0.2854508,0.4406705,-0.282903,-0.06174033,0.4393612,0.2447892,-0.3505725,-0.2485902,-0.01217477,1.35664,-0.07216062,-0.2127419,0.04061138,-0.4902759,0.2510823,0.001654112,0.5358074,-0.06201409,0.01404963,-0.2972413,-0.30634,0.003775587,-0.3811592,-0.2395286
0.6154299,-0.1870098,0.2391902,0.6367775,0.01543851,0.1772358,-0.4962864,0.09743196,-0.2610108,0.2992949,0.4338407,0.0003624924,0.2157821,0.2591618,-0.04894611,-0.494642,0.06702513,0.1458072,-0.06408256,-0.3969345,0.1337401,-0.04544341,0.2981407,-0.2126292,-0.04285691,0.03211515,-0.5505663,0.5572588,0.1574794,-0.07629136
-0.09539956,-0.3137521,-0.2466283,0.4581341,0.2170533,0.3082185,-0.2211694,0.3147134,0.01102056,0.06878832,-0.8708669,-0.370611,0.198745,0.1190466,-0.1891708,0.006011474,0.1838724,0.2159216,0.6051472,0.3041772,0.6464211,0.265614,0.2193199,0.006916591,0.02305282,-0.02402988,0.02379694,0.1743329,0.1509774,-0.419625
-0.4991669,0.08892389,-0.1949985,0.1674998,0.4664042,-0.2324818,0.4500031,-0.006827489,-0.3236867,-0.06746914,0.3006538,0.1595104,-0.04711475,-0.1350049,0.07492453,0.02690773,-0.4835089,0.2260763,-0.9956775,0.2365528,-0.4665707,-0.3536144,-0.3838205,-0.1175351,-0.4755512,0.4829865,-0.3431591,-0.06641236,0.4591638,-0.04934942
0.2705184,0.4867083,0.4993421,-0.1334619,-0.3310853,0.07105583,0.002470276,0.0005830879,0.3429984,-0.4935818,0.2425583,-0.195266,-0.6082283,-3.471177E-05,0.6404749,-0.003179102,-0.0561977,-0.4999951,-0.02595606,-0.4804924,-0.7630116,0.177737,0.168582,0.004599988,0.02215601,0.0006748938,0.01111529,-0.6772966,-0.4688537,-0.1901093
-0.4102428,0.1447081,0.1502019,-0.1146579,-0.03144279,-0.2724144,-0.08370115,-0.0219168,0.2713462,0.2932701,1.019221,-0.01481552,-0.007738564,1.038893,-0.04092606,0.02086918,-0.2187091,0.4903061,0.3608049,-0.01586293,0.02051824,0.009345949,0.9326845,-0.2171903,-0.1317428,-0.130057,-0.03472509,-0.4381059,0.1139485,0.3079201
0.09313857,0.03134814,0.9232072,-0.06843822,-0.06510307,0.109331,0.01395827,0.05386327,-0.4104275,-0.211805,0.1697371,-0.6193867,0.08461732,0.02444325,0.2104252,0.05792671,0.7179756,0.003586716,0.2792003,0.4685545,0.2056537,-0.456682,0.01733098,-0.01634923,-0.1611418,0.05281174,0.04985255,-0.02754974,0.2664027,0.109737
0.06995161,-0.474371,-0.1855137,0.5190311,0.1258747,-0.7071438,0.06387633,-0.07751736,-0.2126755,-0.04810962,-0.263783,-0.05688447,-0.00193633,0.0001141838,-0.03980654,0.2559808,-0.02097622,0.003610978,0.2414012,0.4106174,0.4165103,0.009907141,0.04045669,-0.01300169,-0.2790089,0.02225665,-1.079988E-06,-0.01035297,0.08400638,0.1776409
-0.04844235,0.3849209,-1.161596,0.2395964,0.01761574,-0.2460008,-0.03699537,-0.01020523,-0.1061305,0.002484869,-0.2093496,0.01527187,0.000164699,-0.9942369,0.1703953,-0.3891205,-0.003837562,0.02658817,-0.1246558,0.1143838,-0.0004714409,-0.4893311,-0.08427023,-0.1147583,-0.2636653,-0.4152459,-0.1636719,-0.412826,-0.3481683,0.4578254
-0.0620808,0.1012306,0.0586313,-0.2417718,-0.5504537,0.2859002,0.009382478,-0.04967708,-0.3420662,0.1937547,-0.003291524,-0.3344987,-0.003469741,0.01336888,0.05625409,-0.2915875,0.02576884,0.04824746,0.07876299,-0.476316,0.00219979,0.08551687,-0.02252944,-0.4750675,-0.2513472,3.802634,0.3057449,0.04227489,0.01123561,-0.3292617
-0.103256,-0.04192013,-0.0980664,0.06604683,-0.302812,0.1886378,0.8563093,-0.2167965,0.3577535,-0.02344733,0.4359441,0.1256088,-0.03234678,-0.004605969,-0.5083392,0.2207018,0.07649297,0.4056542,-0.01655813,-0.007201703,-0.06205219,-0.0004346865,0.5869853,-0.09502771,0.3779514,0.09614345,0.01444276,-0.4484838,-0.4759736,-0.001236694
0.2697423,0.4987967,-0.3754019,-0.03778533,-1.305312,1.068343,0.1838831,0.1231405,0.4723709,0.414427,-0.01058518,-0.261235,0.06222178,-0.165009,-0.003186084,-0.3295991,0.4522552,0.6898918,0.3392618,0.0002777656,0.4237889,-0.103626,0.3066458,0.4384689,-0.1311144,-0.03228491,0.3946784,-0.02064654,0.2950584,0.2351733
-0.07382666,-0.03194088,0.01138433,0.1337429,0.03773702,0.7287803,-0.7469057,0.01169209,0.4143722,-0.1720096,-0.2196876,-0.0644265,0.1142181,-0.01449658,-0.5747812,0.01901725,0.3886425,-0.3465872,0.05308061,-0.02908057,-1.664555,-0.02476332,0.2436641,-0.006992971,-0.05142815,-0.2564245,-0.04994199,0.4166859,-0.1630609,0.4943449
-0.02881351,0.1552083,-0.07381155,-0.1306476,0.04814882,-0.1174637,-1.115202,0.06844693,-0.003793667,0.003031313,-0.004506077,0.4195534,-0.01277651,0.0004775844,0.3692403,0.00158418,-1.253311,0.1621962,-0.01897174,-0.01845943,0.002593268,-0.01176253,0.03380385,0.1893658,0.006144027,-0.002581303,0.07012115,0.227045,0.3523149,0.3387088
0.01578862,-0.3232392,0.02058305,-0.225612,-0.2317378,-0.1295024,-0.4706062,-0.005594764,0.2180644,0.3362705,-0.001117951,0.3515742,2.971983,0.4941251,-0.2416163,0.182861,-0.406654,0.2973878,-0.2803642,-0.1146922,-0.4653424,0.04933423,-0.3099492,0.3684331,-0.0422787,0.4144772,0.3599156,0.7055241,0.1334765,0.49124
-0.04078406,-0.05049254,0.2283001,0.04588293,-0.3508174,0.4135153,-0.301741,0.00848863,0.1651442,-0.01199309,-0.005702161,-0.1274271,-0.0003460178,0.1811586,0.5336107,-0.05139142,0.3420386,0.0001317231,-0.2277696,0.04129606,-0.009601558,-0.01911579,0.01787607,-0.02307536,-0.7285665,0.05575219,-0.2037329,-0.4963312,0.0410984,0.3295553
-0.3826945,0.008473108,0.3895308,-0.4296225,2.713384E-05,0.558816,0.2619697,0.08504485,0.0005813241,0.1561626,0.008480525,0.1996949,0.135257,-0.1579558,-0.4491836,-0.3598746,0.04990311,0.05262333,0.4438694,0.003685837,0.07725616,-0.1592405,-0.3766835,-0.03038288,-0.7865408,1.665369,0.2351945,0.02354095,0.4228979,-0.4149179
0.2016312,-0.007910356,-0.4577315,0.2723779,-9.997864E-05,-0.3872578,-0.3538443,-0.09048229,-0.5328555,-0.2003747,0.01017088,-0.3733898,-0.04931292,-0.6960716,-0.04712039,-0.03542284,-0.400368,-0.3255246,0.003477654,0.01482041,-0.780951,-0.1838142,0.3864658,-0.0797804,0.08637315,0.3432333,-0.08625704,0.00191492,0.0001929755,-0.1135206
-0.1110763,0.05173498,0.02208528,0.9704618,-0.2690067,-0.1400781,0.4543537,-0.00734812,-0.01928595,0.2438896,-0.3759089,0.6148723,-0.437199,-0.04473081,-0.6933439,-0.07982735,0.2398085,0.3651479,0.005627573,-0.6919708,-0.04905524,0.04244374,0.1203558,-0.3951743,0.08029789,-0.4420556,-0.03528219,0.2381915,-0.08930019,-0.1231139
0.2848226,0.3228757,0.2409576,0.04194683,-0.2754855,0.03880562,-0.1983309,-0.2106507,0.4504434,-0.009608714,-0.1376873,-0.06326872,-0.6217065,-0.4709461,-0.2189081,0.4184694,-0.003589332,0.6006287,0.4614669,-0.006331793,0.005438949,-0.370212,-0.2280539,-1.873754,0.03103249,-0.4478077,0.5862449,-0.08807016,0.1020926,-0.112918
0.3716374,0.4159389,0.1282807,-0.1489159,0.3266038,-0.07803494,0.434553,0.369188,0.3290327,-0.01687275,-0.4414253,0.4813196,0.000410469,0.03922147,-0.2533797,-0.3854498,-0.4549111,-0.1791196,-0.4268533,0.4349523,-0.3847603,0.2077498,-0.3748342,0.03146935,-0.06182414,-0.3305454,0.3643926,0.04380418,0.01858065,0.001640497
0.3401465,-0.0001008811,0.008403825,0.09880242,0.01362592,0.2215122,-0.03877928,0.07179671,-0.4291131,0.06248931,0.001528645,-0.08325844,0.0005406028,0.3871502,-0.3744944,0.01356594,-0.02687317,0.04032077,-0.01336295,0.02635622,0.764993,-0.1797968,-0.2361966,1.680154,-0.4850653,0.009802476,0.3997897,0.02632695,-0.9886206,-0.3173981
;
-0.4737462,0.03957432,0.373598,0.3173356,-0.02628902,0.003309502,3.610433,0.003122151,0.2609608,0.5529125,-0.02013029,-0.02830283,-0.4885608,0.2230375,0.6608129,0.2102594,-0.03337293,-0.01895517,-0.01882031,-0.01259908,0.03584176,0.09370743,0.4739347,2.253732E-05,-0.09427482,-0.05301628,0.03169505,-0.3377662,0.2048487,0.2712896
0.1010665,-0.02015083,-0.2789557,-0.2010391,0.06619638,0.1996897,-0.09585982,0.2508592,0.04613405,-0.0005251841,0.03185946,0.0446602,-7.439239E-05,0.9272707,0.02349258,0.1565333,0.3105109,-0.1860587,-0.3457478,-0.1211465,-0.07083364,-0.1441612,-0.3058634,0.0001397553,-0.1182141,0.008219557,-0.01253229,-0.01424798,-0.1480389,-0.3108778
-0.008231731,0.4265997,0.47864,-0.3966876,0.465695,0.006292745,0.08312453,0.45188,0.4441648,0.4536112,0.05871553,-0.001387739,-0.06944573,-0.3807471,-0.0077914,0.3193904,-0.3195137,0.05368561,0.8633066,0.1601324,0.00276524,0.009498946,0.4419116,0.2540348,0.4318743,-0.07419648,-0.1277911,-0.3951831,0.08937818,0.07849856
;
0.103783
-0.3942071
-0.1328455
-0.04986235
-6.525103E-06
-0.4531001
-0.2674642
0.5147642
0.02841585
0.01221314
0.2372869
0.008188381
3.875527
-0.0007705412
-0.1963132
-0.1202668
0.5851322
0.3971685
0.443522
0.1834403
-0.2917708
-0.1268632
-0.2152557
-0.00216112
0.4325589
0.432799
-0.3872561
0.0668276
0.5926325
0.1510219
;
-0.03656475,-0.5032925,0.09146437,0.1964727,-0.4083565,-0.4983913,0.03600939,0.357344,0.0861496,0.09838611,0.193314,0.01163337,-0.4873902,-0.1307772,0.3380078,-0.0006630839,0.002763624,-0.0787512,0.06811601,0.08209997,0.1539911,-0.1640443,0.2042885,-0.2115537,0.09544817,-0.0533921,0.2597421,0.05208725,-0.2626829,0.1545984
0.4026008,-0.1307512,-0.2718284,0.3983454,0.2986382,-0.4753803,-0.01606637,-0.02193194,-0.1194191,0.159081,-0.1486248,-0.3081259,1.089092,-0.01434512,0.05946691,-0.2765995,-0.03935546,-0.07824681,0.361347,-2.267281,-0.4138572,0.03119236,0.04118,-0.09046262,0.1894521,0.3696567,-0.05273741,0.1318655,0.1713843,0.07614893
-0.007712967,-0.3969738,0.2148654,-0.3653797,0.02805297,0.0003359583,0.9190528,-0.3627443,0.3996049,0.02501232,-0.05867249,0.1135265,0.1246883,-0.4468735,-0.6032568,0.354758,0.2162211,0.4930987,0.1394033,0.1576208,0.2745548,0.04961763,-0.04748732,-0.1485797,-0.09852289,-0.1484284,0.1967704,-0.4055462,-0.02122393,0.2272192
0.2035673,0.02487023,-0.350183,-0.08308366,0.4533119,0.002371725,1.858669,2.579547,-0.5554787,0.04388313,-0.4935142,-0.06498095,-0.01517767,0.1161005,-0.1942992,-0.2100397,-0.1293805,-0.01253609,-0.2650231,-0.4383147,-1.027954,0.08381907,0.2954261,0.1882102,-0.3690102,-0.1412614,0.07639729,-0.09702088,0.4939467,0.143537
0.008548993,0.3332312,-0.5074255,0.0003705523,-0.6134866,-0.001241184,-0.1546347,0.2556312,-0.2618631,-0.6179752,-0.3549696,-0.07242538,-0.3590153,0.3385858,-0.2915992,0.0006303011,-0.03228742,-0.004360586,-0.4722416,-0.1102301,-0.3640811,0.483066,-0.2164903,0.03519099,0.09942123,0.06054065,0.3049135,-0.4101082,0.05110151,-0.1968797
0.1127585,0.02985134,-0.08341652,0.1022061,3.695702,0.1478109,-0.4008051,-0.03523917,-0.4937406,-0.4677404,0.4561375,0.009715679,-0.2670126,0.0006139262,-0.4310108,-0.1339088,-0.01349181,0.1646151,0.30462,0.08427611,-0.2764106,0.09139307,-0.01307591,0.02790972,0.121157,-0.08292247,0.0394756,0.4632871,-0.05110012,-0.01467291
0.08669525,0.137614,0.7248018,-0.3784908,-0.00840747,-0.07303208,0.002988585,-0.01067902,0.03446561,-0.03447157,-0.0001845528,-1.304755,-0.7198483,-0.4089476,-0.0001008407,0.3056328,0.2325296,-0.1925207,-0.2615232,0.3412025,-0.1324812,0.3232497,-0.3818363,0.225044,-0.0886336,-1.099475,0.2865887,-0.01103369,0.2365011,0.1215687
0.06727642,0.5012178,0.5190622,-0.3560607,-0.6241401,0.7824159,0.2684851,-0.040519,0.0367103,0.1018991,-0.5836738,-0.1173101,-0.1298302,0.05685465,-0.1447104,0.1056181,0.003519081,-0.2502897,0.2654258,0.1529508,0.0546669,0.2445446,0.2208674,0.01508431,-0.04297476,0.09671572,-0.006522702,-0.159256,0.3784823,-0.2283634
-0.5289986,-0.03748053,0.1993692,-0.1847897,-0.1712385,-1.306584,0.2412788,-0.2922891,-0.4894351,0.001115121,0.1434966,0.3085201,0.1284648,-0.3718864,0.2060387,-0.1932676,0.4434787,-0.09189373,0.3278707,0.1517775,0.04397136,0.3339636,-0.1544818,0.05404023,-0.5756648,0.202422,0.02887027,0.07854179,-0.01367891,-0.2460749
-0.09596445,0.427104,0.1494981,0.159148,-0.6458814,0.1540157,0.09934326,-0.4539924,0.01846695,-0.04242033,-0.501013,0.03961009,-0.1645645,-0.1305115,0.0189436,0.3642374,-0.2382028,-0.0319787,0.1314491,0.06375615,-0.397048,-0.2494925,0.002094314,-0.1981544,-0.03438641,-0.01783586,0.3464745,0.2570099,-0.477806,-0.1511799
-0.0003353811,0.07678948,-0.3358836,-0.1236124,0.0004542267,0.00202666,-0.03279263,-0.3661787,-0.478285,-0.03101168,1.445337,0.347611,-0.5718319,0.2629558,0.5893698,0.4916928,0.113533,-0.2458127,0.07582451,-0.01304977,-0.2047509,0.0535073,-0.3000358,-0.09257004,0.1463187,0.2619188,-0.06957427,0.02147367,0.06423157,0.001484689
0.0216182,0.002755957,0.03036362,0.1852403,0.08528439,0.05969325,-0.7020382,0.3345863,0.6257123,0.02060006,0.08573133,0.02847725,0.11717,-0.4426894,0.03921598,-0.04553133,-0.1685074,-0.02174288,-0.0008339829,0.3790409,-0.06419254,-0.005747616,0.1725168,-0.08493243,-0.03106659,0.005150646,0.4539524,-3.083465E-07,0.2137151,-0.0008202208
-0.09911066,-0.01339157,0.4185289,-0.9532753,-0.2527799,0.1226488,-0.2120538,0.2111231,-1.343005,-0.08758907,-0.005743284,-0.2907729,0.06192189,-0.2420959,-0.5360654,-0.3999169,0.04506451,0.4539204,0.1237671,0.007708474,-0.1630142,0.04668098,-0.05965284,0.007022982,-0.2294288,-0.004978903,-0.07941383,-0.5336136,-0.3307715,0.320623
-0.375723,-0.6377907,-0.08477312,-0.135697,-0.4587922,-0.01658595,-0.3339578,-0.4341557,0.007707899,0.4085026,0.1898967,0.08167899,0.1956507,0.4120824,9.297424E-05,-0.01734337,-0.4961548,-0.02654169,0.1905851,0.4816813,0.1997847,0.8960713,-0.002164365,0.5034207,0.1228531,0.1135709,-0.3205018,0.04282858,0.4961724,0.06143658
-0.2448016,0.3092114,-2.345676,0.04425731,0.3646138,-0.4286235,-0.08805656,0.03685058,0.4414543,-0.0138363,-0.1749073,0.1166694,-0.03009316,-0.3707001,0.4258424,-0.4434446,-0.4326661,-0.1791852,-0.2459836,-0.002077222,-0.0003183661,0.1180905,0.1842495,-0.09557364,-0.2044484,0.3699813,0.350337,0.1349477,0.06906885,0.01892153
-0.4161999,0.1602183,-0.8600459,-0.000102752,-0.3482468,0.01369031,0.003830956,0.03935746,-0.3277669,-0.01538509,0.04152064,-0.664797,1.401068,-0.4381798,-0.1903023,0.00416345,0.009417713,0.08861107,0.3321451,0.1865662,-0.2028228,0.5541399,-0.459994,0.05109808,-0.1229066,-0.4830927,0.01367313,-0.243845,0.2349101,-0.009021703
0.2248238,0.055221,0.01415983,-0.03340986,0.2787545,0.4209919,-0.1044375,0.4297248,-0.6496966,-0.1091335,-0.0002623407,0.6072606,-0.0005382905,0.3078976,0.02159842,-0.07131244,0.02064674,0.5299355,-0.3329822,-0.04892872,-0.3885458,-0.1380239,0.01716461,0.1498456,0.0001990442,0.538847,0.4601514,0.8217739,-0.2318198,-0.04191166
-0.1539141,-0.07572006,0.2283343,-0.04957481,0.2457879,-0.05476734,-0.06358856,-0.4814714,0.1317885,-0.2237263,-0.273702,-0.1965305,1.768337,-0.09819527,0.3186347,-0.3166313,0.07973339,0.02183763,-0.1746268,0.3781916,-0.005981016,0.0242663,0.0009301354,-0.0006697073,-0.1099442,0.2868352,-0.3683056,0.08300371,0.7412476,0.009164457
0.2269958,-0.005346512,0.2408404,-0.3164048,0.009409328,0.4215996,0.2898121,0.009423712,0.02920169,0.05859192,0.8198525,0.1077421,0.1814024,-0.4133223,-0.1062121,-0.2641225,-0.01438874,-0.33474,-0.4560973,0.01533124,0.3769298,-0.5873032,0.07408509,0.05588382,-0.0299396,0.04397731,0.02288747,-0.005395019,-0.03815939,-0.03953992
-0.04658831,-0.05178418,0.2629601,0.004723738,0.001259767,0.7684127,-1.989927E-05,0.06646258,0.1105017,-0.1271637,-0.005701823,-0.02253903,0.3863698,0.03780318,-0.1820748,-0.1056061,-0.2042406,0.03364331,-0.03004488,-0.3610377,0.04352349,-0.1981823,-0.2005696,-0.0253709,-0.1221028,-0.000603707,-0.0628441,-0.001243746,0.3290594,0.1364025
0.559625,0.04187916,-0.3258137,-0.02473597,-0.04712957,0.3871482,-0.1441115,0.2216394,0.08950964,1.222598,0.2158054,0.4207186,0.05486156,0.02450585,-0.00967915,0.01923074,-0.4171096,0.1171464,-0.07344206,0.2282341,-0.1664279,0.3962779,0.4101448,0.1753615,0.08900278,-0.422266,-0.0002867983,-0.00876838,0.008192658,-0.04133401
0.1782688,-0.02996892,0.01689572,-1.085921,-0.002398742,-0.04354174,0.03681525,-0.317312,-0.5082115,-0.2914454,0.3056805,-0.1437364,-0.03937115,-0.2401135,0.2559775,-0.1883563,0.08976768,-1.019195,-0.3781621,0.1127765,-0.4304296,-0.02041089,0.1966195,0.005739514,0.02398081,-0.1162331,-0.008652988,0.4294926,0.008454594,-0.01120387
-0.001773575,-0.09775984,0.01010409,0.1671914,-0.1108809,0.592683,0.01617909,0.4849325,0.3910328,0.3936515,-0.2316077,-0.2930839,-0.5932746,0.3977536,-0.2159626,-0.0007378834,0.1584279,0.01848329,0.06664568,0.4552369,-0.05589501,0.1596313,-0.01098852,-0.09064069,0.3729161,-0.2337293,0.002164041,-0.09486505,0.2967902,0.07074625
-0.3866429,0.3216249,0.09441473,0.4348151,0.3801961,0.2715557,-0.4718522,-0.1667262,-0.01023263,0.01452294,-0.01367741,-0.09705733,0.005432543,0.828925,-0.09015173,-0.09519048,0.001067621,0.07083172,-0.4148366,0.03467268,-0.02100323,0.01473617,-0.06518304,0.2019078,-0.1683375,-0.148865,-0.01134627,-0.02333373,0.3948376,0.3475875
-0.2333535,0.2806889,-0.4777638,-0.1136352,0.1759354,-0.4255309,0.2942394,-0.0563789,-0.1021791,0.001276789,0.01299542,0.247793,0.03860836,-0.2081987,0.2448055,0.4791562,-0.6199375,-0.3891203,0.006743848,-0.1474412,-0.02050741,0.0555906,-0.2359418,0.1450465,-0.0533852,0.3610344,0.7225188,-0.0735564,0.1074718,0.3256932
-0.02947979,0.07504841,-0.2092472,-0.1267425,-0.002107478,0.3033326,-0.2649,-0.03741475,0.1082317,0.2647424,-0.09830825,-0.03518718,0.2372757,7.33302,-0.1065485,0.893141,-0.2138733,-0.09121867,0.7209383,-0.3025154,0.2658637,0.01576629,-0.4995593,-0.01337285,0.1981521,-0.01466719,-0.01722645,-0.3644449,0.2247584,-0.1059793
-5.488878,-0.1075297,1.669781,-0.003736175,0.0694742,-0.2297966,-0.02819274,-0.1197326,0.05353993,-0.2315992,-0.04689216,-0.1488418,0.01193059,-0.0426628,-0.002514724,-0.9097446,0.03335773,0.2230665,0.02449137,0.01024283,-0.02448467,0.3006531,0.09370296,-0.2251865,0.0005941598,0.09444806,0.003846453,0.1242359,-0.02982226,-0.5642182
-0.3112944,0.07415157,-0.3280481,0.06852868,-0.1781309,0.2053134,0.03046708,-0.1348213,0.2177362,-0.09610483,0.4172002,-0.251543,-0.2232711,-0.051748,0.02262198,0.006792792,0.05224605,-0.1075828,0.4670156,-0.02085263,-0.05764603,0.6294428,-0.1772113,-0.1274856,0.2022692,0.01972978,0.001098402,0.4919937,0.2068882,0.3811789
-0.1549699,0.4000223,0.000983175,0.5270095,0.3054205,-0.309208,0.02247797,0.2456562,-0.01659163,0.09186614,-0.476095,-0.05783039,0.327131,-0.02192104,-0.7160038,-0.3235749,-0.07811505,-0.2248953,-0.46483,0.871263,-0.1685205,0.307264,0.4113156,-0.01091338,0.4421965,0.1347508,0.04621492,-0.1236592,-0.6506945,-0.4605688
0.01787527,0.05907847,-0.02048217,0.03478668,0.2987577,-0.4864016,0.1329601,0.004052476,-0.1181391,-0.113973,0.798129,-0.01281112,-0.06319442,-0.5339734,-0.2415855,0.2127565,-0.1692272,0.8157974,0.4656724,0.2401128,0.2858279,0.1301525,-0.2062856,-0.08121768,0.09891394,-0.4784073,0.02726599,-0.3910152,0.01979386,0.3437263
;
-0.003900788,-0.327396,-0.2209337,0.2764225,-0.2540436,0.0690977,-0.2870796,-0.3093243,0.4640119,0.4865037,0.09818357,-0.0223653,0.1963684,0.8263813,-0.4176468,-0.4041092,-0.452004,0.03157676,-0.1725824,0.1043202,-0.003356418,-0.3086296,-0.1678293,0.6025925,-0.07158079,-0.9630169,0.2542252,0.4487669,0.0300156,-0.05062149
-0.114276,0.3396634,-0.4705851,0.01874149,-0.4870751,0.02771976,-0.6044427,-0.02185323,0.1163481,-0.2583492,0.1637436,-0.3630557,0.2096884,-0.3954515,-0.3049989,-0.004765195,-0.06809238,-0.09151977,-0.4062597,0.1253938,0.2090279,-0.001286024,-0.4747549,-0.4863617,-0.2787916,-0.08886369,0.1547772,-0.08492832,0.1231642,-0.09828389
0.1844562,0.146934,0.2639931,-0.08686422,0.1546103,0.1319299,0.02988003,0.2230256,0.01104466,0.3851985,-0.1085427,-0.09606718,-0.3634277,0.3801469,0.2008118,0.0006856404,0.08335918,-0.1617097,0.270622,0.02894497,0.344784,-0.8748858,-0.04559487,-0.01599116,-0.2510096,-0.1098397,-0.01096475,0.8170676,-0.2223931,-0.3517389
;
