-0.2219035
0.05034584
-0.0837141
-0.4855996
0.4723047
-0.1286373
0.4560946
0.2959985
0.3446774
0.1592886
;
-0.2459465,-0.4394888,0.196599,0.01602,-0.08905393,0.1640591,0.4450126,0.4043015,0.2707806,-0.1139221
0.03602463,0.4812562,0.3936437,0.1873714,-0.1298125,0.005655706,-0.1485552,0.1000296,-0.469111,0.1982338
-0.1268085,0.2352943,-0.2173048,0.2304848,-0.4555269,-0.2156785,0.4712518,-0.1004366,-0.04844195,-0.03079051
-0.4027208,-0.07452542,-0.3218135,-0.4655355,-0.4749284,0.3971393,-0.4728361,-0.2505388,0.1095302,-0.3886925
0.193956,-0.4527218,-0.2281139,-0.09516498,-0.2430812,0.2667713,0.2571765,0.2888871,-0.03855437,-0.21841
-0.3512034,0.3307128,-0.3886691,-0.4992964,-0.4297307,-0.4635764,-0.1186314,-0.09694582,0.4270762,-0.2071646
-0.3555597,-0.05615133,-0.135735,0.2510411,-0.3241454,0.1612638,-0.4899031,0.07735091,0.1079332,0.1356184
-0.04997379,0.4408263,-0.1358796,0.09965509,-0.1009666,-0.413113,0.4025259,0.05782801,0.3821243,0.4720976
-0.3236195,-0.01499552,0.6370751,-0.08243078,-0.4769,-0.1435944,0.3246174,-0.3629781,0.365695,0.05184823
0.4018698,-0.2948055,-0.2878146,0.192103,-0.3268806,0.1444895,0.1421853,-0.3913194,-0.1467624,-0.3054359
;
-0.3313011,0.1934365,-0.09568673,0.15433,-0.3161094,0.1769919,-0.362506,0.446926,0.22066,0.09950608
-0.211963,-0.001646459,-0.465212,-0.0008146167,-0.4168934,0.2845838,-0.1213891,-0.2035198,0.4895332,0.09554356
;
0.01065515
0.4413929
-0.02443513
0.3310285
0.5132973
-0.1228105
0.06155704
0.05445671
-0.4102393
-0.01589834
;
-0.07100738,0.0005453475,-0.04929378,-0.4308295,0.2921119,-0.1842147,-0.1687606,0.9040396,-0.004092101,-0.2558648
-0.3739635,0.302974,0.2829093,-0.4719659,-0.03444153,-0.01438634,-0.2936767,0.04000208,-0.07826418,0.1279492
-0.3212409,0.2778025,0.1966289,0.190242,0.2256838,0.05920647,-0.08839445,0.610961,0.4389458,0.0523042
0.470453,0.1457891,-0.02403538,-0.637771,-0.05695126,-0.04124522,0.1195677,-0.0331916,0.1093989,-0.9505586
-0.1426747,0.01162756,-0.4845847,0.3639629,0.05512514,0.1223971,0.4199259,0.4641129,0.7181749,-0.2849398
-0.4280635,-0.07056165,-0.3881456,0.4500486,-0.0006022236,0.002828651,0.07867908,-0.007915275,0.01934105,0.3778755
-2.114654,-0.1946965,-0.0131768,-0.2367031,-0.4915265,-0.06121596,-0.239043,0.7950737,-0.5166169,0.2250553
-0.3622262,-0.1223066,0.0162075,-0.233209,4.754299,0.6316583,0.02822837,-0.6750379,-0.1374654,-0.2570356
-0.2549917,-0.2951103,0.591924,0.2766773,-0.04883486,-0.2580696,0.1005966,-0.07451339,0.4920012,-0.2035548
-0.1925123,0.2693796,0.5537846,0.3652613,0.4978528,0.3632407,-2.889118E-05,-0.3303998,0.3737366,-0.009406635
;
-0.1776148,0.001981727,-0.01656178,0.276699,0.4914839,0.2638456,0.2951313,0.4296795,0.3670231,0.1674816
0.1719123,-0.06014754,0.02588214,-0.4851722,0.02072333,0.01368397,0.303694,0.03610283,-0.4477242,0.1576794
;
0.2085712
-0.03880179
2.117712
-0.09557108
0.4823524
0.1830905
-0.3218545
0.2245686
-0.002047233
0.3730187
;
0.00883101,0.1191905,0.09133167,-0.1028417,-0.216815,4.483293,0.466146,-0.01272941,-0.002401726,-0.2526846
0.1558765,0.008070091,-0.5627044,0.4434518,-1.062885,0.006219089,0.1769494,0.07145614,0.1168985,-0.06171038
-0.1195848,0.01621144,0.4739184,0.1415929,-0.04756441,-0.9044338,-5.442979E-06,-0.4936979,0.3240411,-0.3428763
-0.01301975,1.061651,1.722957E-05,0.2892005,-0.1305958,-0.002445167,0.3571972,0.3040667,-0.08292673,-0.09882492
0.1012293,-0.1055933,0.1523457,0.2545083,-0.4137255,0.03242264,-0.0003264666,-0.3975739,-0.9112189,-0.05832094
0.8726642,0.00823999,-0.01918608,-0.04497408,-0.1292205,-0.03333608,-0.4080424,-0.3823781,-0.03998191,0.3206046
-0.1103697,-0.4782097,-0.05739224,-0.5269646,-0.04445723,-0.2905071,0.02378194,-0.2122963,-0.2493708,-0.07610278
-0.05598283,-0.138303,0.5866199,-0.04138941,0.006139273,-0.2659557,-0.1446277,0.02237022,0.001391285,-0.03893393
0.4396009,0.07402974,0.01732867,-0.2597525,-0.07693261,0.04837223,0.08729929,-0.0007366367,0.0175795,0.4076842
-0.2706716,-0.01588732,-0.2701824,-0.2920302,0.3762736,-0.02477289,0.00173185,0.4064509,0.1134616,-0.9232883
;
-0.4643656,-0.579239,-0.4728296,-0.004897124,-0.4346391,-0.2464455,0.3380569,0.01740418,1.268834,0.1789826
0.3540876,-0.1288547,0.07063214,0.04140311,-0.08694881,-0.1647661,0.0003151144,-0.008123503,-0.01016206,-0.1279598
;
0.1887709
-0.04328488
0.09626789
-0.00136963
0.09997743
-0.1363299
0.1754233
-0.02466029
0.00176665
-0.2815037
;
0.02803235,-0.211327,0.2351562,0.46316,0.0346498,-0.01450836,-0.02537795,0.04381631,-0.5733192,0.1402164
0.4917871,0.01037104,0.1178313,-0.01585418,-0.09396725,0.6771738,-0.09553384,-0.4969767,-0.5461056,0.3353933
-0.05753752,0.1941436,0.1144007,-0.09935877,-0.1962574,-0.05728656,0.08958167,-0.2740053,0.1375856,-0.01028007
0.1910393,0.1074165,0.020808,-0.5035638,-0.0006972251,-0.02793079,-0.6004129,-0.1473285,-0.0712164,-0.1451212
-0.007168105,-0.4313575,-0.08530721,0.03306299,0.0276973,-0.3445143,0.423943,0.167394,1.770914,0.2638798
0.001584961,1.878585E-05,0.1506824,0.8148079,-0.07909536,-0.2580044,-0.5671888,0.1536626,0.001056304,-0.5363242
-0.1947628,0.2556914,-0.000547318,-0.01046509,0.3622962,0.02347354,-0.07468265,0.8169039,0.3424068,0.3277111
-1.038103,0.1952785,0.09625365,0.2144466,0.01745778,0.2944875,-0.2722355,0.07027146,0.1382884,-0.1464649
0.0350637,0.151858,0.02043399,0.01111634,-0.02704908,-0.02974363,0.1508953,0.1262393,-0.1823413,0.1499017
-0.2503943,0.3607262,-0.2095961,0.3402311,0.3719406,-0.01713954,-0.4285032,-0.1750138,-0.216561,0.05151131
;
-0.3237803,-0.5097576,0.5030687,0.04917739,0.2082667,0.007234334,-0.2749402,0.3247552,-0.03888886,0.861226
0.4091864,-0.006603137,-0.258253,-0.1003516,0.4164984,-0.1949508,-0.3854938,0.1312456,-0.4547585,0.04203515
-0.7255968,0.7075308,-0.08695556,0.08113515,0.3141781,0.3251978,0.3857116,-1.467296,-0.09409481,-0.004435607
;
-0.02374351
-0.02250582
0.2032183
-0.007597586
0.1446015
-0.1782659
0.03179139
-0.1360776
0.00428785
0.06820637
-0.1956878
-0.0699749
0.0003941284
0.05840129
0.2557501
0.2739557
-0.06762391
0.2807089
-0.481503
-0.4752389
-0.7279573
0.05087469
-2.257397
0.1519041
-0.3070755
0.09663492
-0.2657062
0.3292105
-0.0007420873
-0.3963775
;
-0.0317853,0.5753177,-0.3966439,0.0001594065,-0.1664296,0.117926,0.03208488,-0.1882223,-0.5147084,0.4975009,0.4306654,0.04583436,-0.3187209,-0.294812,-0.2370193,0.03857768,-0.01491506,-0.09394592,-0.06392391,0.4538587,-0.02910254,-0.007165521,0.002037534,-0.03946224,-0.7105702,-0.02679811,-0.1728727,1.674519,-0.02634697,-0.3602027
0.114099,-0.01723255,0.1023586,-0.4758051,-0.1679891,0.2904549,0.3618053,-0.4251803,0.01977839,-0.3503051,-0.2883695,-1.998859,-0.4385472,-0.04281646,-0.02376395,0.3124439,-0.01520696,-1.484871,0.1811713,0.002655969,-0.1068189,-0.08500478,-0.02270557,0.4484185,-0.4392475,0.5119926,-0.09568332,0.0135207,-0.01578852,0.03440587
-0.1790259,0.004704949,-0.2614495,-0.3493321,-0.4081292,-0.02876186,0.497882,0.07143544,0.410931,-0.1355093,-0.3740065,-0.01606637,-0.142306,-0.04873085,0.6916982,0.2453854,-0.1427022,0.2863457,0.08399308,-0.086215,0.3583716,-0.001845554,0.08832186,-0.127468,0.2356855,0.05598789,0.1761326,-0.01458424,0.4590611,0.2100128
-0.3272179,-0.01163649,0.003798306,0.1677473,-0.0984676,-0.001913627,0.01843419,0.780378,-0.440428,-0.2609253,0.4714836,-0.6620965,0.1906628,0.4807344,-0.3329551,0.9109139,0.3724751,-0.208801,0.366322,0.5007496,0.002278992,0.3234731,0.1554818,-0.1900651,-0.6021463,0.08627869,-0.01309397,0.0006700557,-0.09968251,0.03322081
-0.0002744519,0.006040315,-0.009366282,0.1198687,-0.1243276,0.5585122,0.01588804,0.0009922229,-0.5708433,-0.0444789,-0.342996,0.09519538,-0.2904414,0.611528,0.001703715,0.1189037,0.00241052,0.3005596,-2.351743,-0.0002682203,-0.08284539,-0.02808824,-0.3440013,0.2632005,-0.01058524,0.3827428,-0.0808486,-0.05509847,0.0893634,-0.23988
0.003548306,0.03927427,0.0008626788,-0.1173992,-0.09239131,-0.1611527,-0.05847058,-0.2350844,-0.2308802,0.001066124,-0.03429104,0.1767183,-0.1125841,-0.03961423,0.2173918,0.2466611,0.3643516,0.6607893,0.05266098,0.2740495,-0.1053103,-0.01818504,-0.2160504,0.1800947,-0.006989983,0.426555,-0.08519024,0.6114003,0.4267231,-0.02132759
0.156895,-0.2505827,-0.04329376,-0.1408987,0.03027016,-0.2538801,-0.3911699,-0.0002321393,0.2659917,0.1928744,0.03287156,0.6321838,0.2697717,0.04420909,0.06541745,-0.4311213,-0.08468474,-0.3228128,0.6187825,-0.3018626,-0.3394789,-0.4471943,4.673683,0.5741041,0.1729526,-0.004302875,0.03699755,-0.03534463,-0.05304056,-0.812664
0.2577497,-0.1829396,0.1024751,-0.1401755,-0.0954321,0.07833287,-0.008270538,-0.06652743,0.001464043,-0.3370479,0.2027079,-0.1331419,0.9379623,-0.2909982,-0.2646631,0.02872812,-0.7265737,-0.5442806,0.01987555,0.3207483,0.2112018,-0.2793157,-0.2303001,-0.4001836,-0.02487557,-2.801897,0.05298182,0.5409932,-0.074799,-0.1324179
-0.1332244,-0.4033683,-0.3840656,-0.2505188,-0.01258868,0.03833563,0.07671887,0.482751,-0.4828924,-0.05454764,-0.4834895,0.4623559,-0.0248819,0.01067441,0.02027601,0.222854,-0.00919425,-0.0001683111,-0.01958897,-0.2831951,0.07015875,-0.0685396,0.1000478,0.2406815,-0.05182642,0.07815653,0.04528481,0.1344942,0.008732963,0.01057876
-0.1256866,-0.08241554,-0.2450709,-0.1149486,-0.03567215,0.0589167,0.3125889,-0.003217399,-0.4299601,-0.250653,0.2501049,0.006535833,-0.2328212,0.2951628,-0.3766507,0.2995692,-0.406078,-0.3169427,-0.02901727,0.06164778,0.3858536,-0.1117247,0.01510582,-0.3378109,0.9549116,-0.1083769,-0.1634509,0.5403928,-0.2914813,0.001715014
-0.140681,0.3705096,0.8053637,0.01206257,-0.05883906,0.225202,1.158615,-0.1095991,0.4216999,-0.03162777,-0.08894857,-1.664469,-0.3162984,0.3971012,0.2706668,0.2634321,0.1802498,-0.06247956,-0.2722254,0.02248499,-0.02794629,0.01727125,-0.1406081,-0.06994581,0.3603922,-0.3050954,-0.1800606,-0.05544362,-0.06407118,0.3067728
-0.01471605,0.1908278,-0.4510628,0.8255066,-0.2974169,-0.2451656,-0.02754855,0.07218929,0.2823733,0.05823344,0.3401791,0.3776149,-0.004802883,-0.0006602553,-0.2625409,-0.2366795,-1.455074,0.457144,0.5534565,-0.1348322,-0.1220978,-1.490342E-05,1.44631,-0.1614939,-0.3278017,0.01359314,-0.2577856,-0.2788452,-0.3067867,-0.198736
-0.3264954,-0.01732935,0.01948185,0.3908966,0.08412295,0.08285566,-0.4478347,0.06766373,0.5611643,-0.06599706,0.151459,0.6776179,-0.2578483,0.05693602,0.03020316,0.4850045,0.0589126,0.2099891,0.009476094,0.3580955,0.04824499,-0.2810893,0.04665214,-0.1825964,0.151043,0.05165947,0.02021448,0.8460688,0.3345359,0.06848305
-0.1728307,0.5847422,-0.1367052,0.01575746,-0.0236665,0.03235851,-0.04356509,-0.05085798,0.7794802,-0.8492329,0.3007052,-0.1479463,-1.988886,-0.3643181,0.2338927,-0.4677048,-0.1568823,0.4291788,-0.128684,0.1045498,-0.4193696,-0.0001799135,-0.03162017,0.0007385421,0.03976795,0.008075563,-0.459245,0.05904829,-0.05085824,0.1128083
-0.849651,0.07403868,-0.1358454,-0.393703,-0.0626992,-0.2092345,-0.05068427,0.9187512,-0.448365,-0.3476223,0.1603579,0.4229597,-0.1189438,-0.3906404,-0.002942516,0.1554214,0.06083873,0.3755523,-0.4102315,-0.02078468,0.006421715,-0.06519979,0.05244102,-0.7840487,0.08564828,0.3895463,-0.009188622,-0.07293592,-1.394916,0.06947857
-0.1116112,-0.04697034,0.3159441,-0.03440871,-0.005401076,0.1241306,-0.0062978,0.7030434,0.3963891,-0.05499103,0.430961,0.4243284,0.7170498,0.09293056,0.5111619,0.4697824,0.6420159,0.0012801,0.0001165099,-0.3412335,0.1427364,-1.123026,0.1312392,-0.4835395,0.3466066,-0.001138085,-0.01246399,-0.2803028,-0.3672169,-0.01123985
-0.1148519,0.4319089,0.1247821,-0.289269,0.2504466,-0.01195027,-0.443691,-0.0167408,-0.355062,-0.1696512,0.240092,-0.08113343,0.2962137,0.7264631,0.0399521,0.489835,0.01768109,0.02847828,-0.1220223,0.2343652,0.6477051,0.2614346,-0.04015161,-0.2759967,0.4168506,-0.02859871,0.3413745,0.1926522,-0.08862772,-0.3180256
0.3924447,0.0008773089,-0.06490269,0.1014459,0.2472902,0.01312059,0.2754125,-0.4752178,0.1091209,0.03899987,0.01515014,-0.149255,0.04918169,0.00378497,0.2662659,-0.309332,0.3228066,-1.110894,-0.1238209,-0.04824489,-0.005288768,0.3986792,0.01856321,-0.2546029,0.4868002,-0.3200617,-0.004939599,0.4344957,0.4730051,0.2314354
0.1257376,0.4150715,0.3756648,0.3099129,0.3615472,0.3795055,-0.06227034,0.4318807,0.006764987,0.1910221,-0.1086117,0.02593674,-0.1758698,-0.9221388,-0.4650421,-0.08414286,-0.205316,0.4419821,0.1568514,-0.4218094,0.3558792,0.01163425,-0.1159441,0.5379528,0.3726656,0.08696266,-0.5029134,0.1653251,0.01031577,0.2600366
0.2037564,0.09659559,0.1066131,0.0683297,0.002275122,8.575784E-05,0.02145821,-0.1521421,0.07894832,0.01207175,0.07044971,0.3210602,0.1137537,-0.3470351,0.2296755,-0.05557066,-0.0795038,-0.1030219,0.3713076,0.4763123,0.4803185,0.2239026,-0.3043284,-0.3493555,0.3184388,0.3091248,-0.001914103,-0.004205466,0.01503671,-0.07414875
-0.3743492,0.390286,-0.09424405,0.3233558,-0.3929968,-0.02022099,0.07277073,1.007652,0.07249277,-0.009894408,-0.1587315,0.418775,-0.02963646,-0.2291521,0.02339144,0.4579074,0.01685586,-0.1465543,1.361838,0.08320242,-0.2765046,0.03306974,0.01123586,1.275861,0.0006514811,-0.1662923,0.01403267,-0.01178078,0.05119996,0.2716935
0.2986379,-0.1061851,-0.2824829,0.3699479,0.02549201,0.00939256,0.2836552,-0.02103623,0.1098356,-0.3676357,1.257453,-0.4838061,0.009241668,0.009387058,-0.09322295,-0.336136,0.1535241,0.08914346,0.0833474,0.3108831,-0.2228138,0.0163083,0.1009374,0.1234784,0.04483087,0.03108204,0.02317376,-0.09604794,-0.3528038,0.3063278
-0.02164567,0.004904654,-0.03736428,0.2025571,-0.1557536,-0.8335772,0.01479758,0.0007871584,0.17856,0.3834256,0.1840473,-0.02746651,-0.1166825,0.03763061,-0.1647771,0.1055869,-0.3322244,-0.09007451,-0.08441633,-0.003879216,0.06405554,-0.3592325,-0.5745377,-0.001590285,0.004140457,0.3217492,-0.481954,0.1519739,-0.04628741,-0.2655193
0.09526393,-0.06042998,7.21192E-05,-0.2365081,0.1754169,-1.465033,0.3309911,0.1296535,0.1863865,-0.01169521,0.3094553,0.3747065,3.463894,0.01436463,-0.0762649,0.9616453,-0.1342716,-0.01963392,0.152869,0.01314074,-0.8716211,0.3281802,-0.005206698,0.01446676,0.119056,0.3523206,0.1485783,-0.6687905,-0.06097176,-0.03188868
-1.293939,0.01194581,0.6272145,0.4587687,0.2060795,-0.2473962,0.03762656,-0.01179773,-0.4231788,-0.09619258,-0.2215701,0.1102503,0.0982365,0.02511388,0.0875787,0.0268933,-0.3181899,-0.05246025,0.3680167,0.02024765,-0.001716937,-0.0004553276,-0.4162521,0.3236898,-0.02875943,0.01510353,0.3615271,-0.5491962,-0.1638381,0.3731863
-0.2422977,-0.02140148,0.3749368,0.3755397,-0.1658907,0.2287917,-0.005928189,0.7497398,0.123117,-0.2406729,-0.0440721,-0.2531043,-0.3987995,0.007274874,0.6837584,-0.02832433,-0.2845943,0.01946314,-0.6261178,-0.4332086,-0.1179553,-0.5231321,0.001656342,0.03214651,-0.3853618,0.02121914,-0.2021155,-0.3036386,0.3887587,-0.02864297
-0.1275281,0.1115389,0.003773631,-0.04972246,0.1084853,0.1906845,-0.08303159,0.389853,-0.009472609,0.09569293,0.1040012,-0.3165706,-0.01020826,0.05826819,0.3465561,-0.2017305,-0.002884866,-0.3053877,-0.1553325,0.03104764,0.1888712,-0.3413862,0.03738505,-0.1156012,0.926981,0.2543391,0.4144213,-0.7041584,0.4418755,-0.0001714253
0.8449748,-0.4742185,0.01412855,0.1585444,-0.1957176,-0.2250188,0.3021659,0.3203758,0.1818514,0.4626825,0.3986768,1.465187E-06,-0.1712854,-0.104094,-0.2343825,0.317988,-0.03027194,0.4514441,-0.4480007,-0.3667671,0.4641619,-0.380934,-0.4684029,-0.1112609,0.3815032,-0.2322044,0.0774508,0.3585221,0.1733913,0.006079957
-1.249187E-05,-0.001018112,0.02508615,-0.1742898,0.1269777,0.0006030869,-0.2078941,-0.2731198,0.7776067,0.3175841,0.4897719,0.3940998,0.1129507,-1.246551,-0.002323863,0.3849353,-0.4654738,0.2554579,-0.01073427,0.09173024,-0.2481974,0.7743708,0.3041327,-0.6465462,-0.3793525,0.8183309,0.1333213,-0.07990617,-0.004885343,-0.2567407
-0.2864074,-0.2531581,-0.007928931,-0.7480777,-0.09897876,0.3684091,0.3409337,0.2740588,-0.5475231,0.007149824,-0.3234735,0.3797696,0.0109963,-0.2223554,-0.002521114,-0.01317042,0.03169127,-0.1814267,-0.03049345,0.0007432301,-0.1025087,0.02098292,-0.2313359,0.5237026,0.1231999,0.0102165,0.06103042,1.043053,-0.193612,-0.09886211
;
0.2520814,0.4750447,0.3752931,0.4104627,0.0002601164,0.4846269,-0.03962125,-0.1618988,0.002133084,-0.09900939,0.050071,-3.304221,0.4993938,-0.4453003,0.2840965,0.1597202,-0.1790787,0.08955044,-0.5147353,-0.9466142,-0.02878338,-0.07101959,-0.6498457,0.1309584,0.02719596,-0.351244,0.116204,0.1560832,-0.001882851,0.0263004
-0.1225211,-0.3579433,-0.4462653,-0.4686328,0.1428299,-0.3748744,-0.336056,-0.4408627,-0.08811883,0.01751596,0.04335412,0.1037358,-0.02406804,0.3704367,0.2489791,0.05770427,0.6179687,-0.8089704,-0.06271917,-0.4718122,0.08479862,0.01487745,0.02282117,-0.3173252,0.1748785,0.3782705,0.3021077,-0.1119408,0.03766608,-0.294133
-0.2638346,0.4668475,0.03850994,-0.07882938,0.185759,-0.05712353,-0.3604033,0.4277387,-0.09158888,0.3210459,-0.2704937,-0.4231242,0.06896981,-0.4330266,-0.1524327,0.01912762,-0.1230875,0.144429,-0.1297372,0.06463534,-0.2506264,0.0002308959,-0.01162829,-0.2057232,-0.2908117,0.1324341,-0.03955238,0.3319936,0.2259924,-0.3116232
;
0.01440302
0.2285819
0.6319675
0.08252567
0.1023152
0.05972461
0.06822046
0.09772998
-0.3429803
-0.4900446
0.02578597
0.7975688
-0.4407619
-0.4793591
0.1861918
0.008205305
0.3887223
-0.07517868
0.1340601
-0.126409
0.5893315
0.07944983
-0.498314
0.01169022
-0.02085954
-0.3372146
0.2558063
-0.2025042
0.06519838
-0.8510574
;
-0.05337183,-0.02629316,0.402375,0.02480269,-0.02062954,-0.5051389,-0.4272228,0.339107,0.05439635,-0.4758005,-0.09634769,0.4337075,-0.2261094,0.1435509,-0.298799,0.05256912,0.1109807,-0.3478338,-0.3797541,0.7425021,-0.1048366,-0.02934493,0.6288567,0.1954137,0.2901745,0.07300629,0.441007,-0.3755029,0.1048021,0.6291512
0.0415103,-0.03114155,0.4095287,0.2559444,-0.05995348,-0.2364071,-0.1502574,0.2037152,-0.2585962,-0.2301772,0.01527339,0.7820821,0.1997949,0.2026271,0.03363809,0.1479521,-0.1804976,0.3009276,0.0163975,0.03614675,-0.04943369,-0.01515298,-0.2045184,0.08611525,0.4607038,0.05222701,0.05839683,-0.2967715,-0.02243885,0.1330237
0.3107476,-0.1682068,-0.3224845,0.1571151,-0.02481547,0.05495244,-0.07808417,0.2115348,0.4715297,0.04888179,0.5012718,0.9052851,0.6037799,-0.2413277,-0.3651584,0.2986069,-0.3993596,-0.03849338,-0.2074137,-0.3084892,0.7016205,0.415095,0.05577073,-0.09824193,-0.07612817,0.007138591,0.4761964,-0.4006435,0.002760893,0.02701041
0.1095317,-0.1068289,0.1339662,0.2489155,-0.03542048,0.3647956,-0.08817218,-0.3252782,0.2780823,0.001298471,0.01278893,0.08082043,-0.1537912,0.02818879,-0.6052574,-0.3219572,0.2237726,-0.1208021,0.1959829,0.00185646,0.8646041,0.06942831,0.009976495,-0.3777531,-0.5447872,0.1975785,0.4526241,0.2368208,-0.1879424,0.1279711
-0.5750828,-0.4619662,-0.06659963,-0.03402551,0.2151927,-0.3865622,0.4070456,0.2434261,-1.190564,-0.3533682,1.306101,-0.04826218,-0.1077851,0.2736402,-0.281231,0.06854802,0.1074683,0.07033729,-1.311523,-0.09778244,0.1458179,0.001661253,-0.7537608,-0.1308488,0.2056599,-0.202189,0.01073745,0.1632701,-0.04403605,-0.01817089
-0.09010922,0.1025992,0.1316369,0.1630599,0.01337954,0.08400319,-0.4084498,-0.01255726,0.1081626,-0.05157596,-0.2922156,-0.1357827,-0.4360958,0.3441168,-0.172452,-0.02816945,0.01882902,0.04824684,0.2394844,0.002017975,0.01231273,-0.0921956,-0.05147877,-0.07446909,-0.003572604,0.08926016,-0.03417064,-0.1256155,0.2063269,-0.4285834
0.016491,-0.3399101,-0.7680662,-0.1036159,0.06670576,0.05415672,-0.1712207,0.04405978,0.07881813,-0.04191443,0.3612982,0.1047982,-0.4487696,0.0501071,-0.3889613,0.09971815,0.3218561,0.2960061,0.2349003,0.2806323,0.01968844,-0.009706265,-0.1099556,-0.4761927,0.3228858,0.02705742,0.4328461,-0.00564152,0.1156839,0.1688424
-0.1041556,-0.3819599,-0.2611181,0.1464971,0.365021,0.05246412,0.2678988,0.4043854,-0.06947798,-0.1648063,-0.03290896,0.1900164,-0.4836764,-0.1624928,-0.6083006,0.2944169,0.0606969,0.03937254,-0.4762646,-0.1104071,-0.01176873,-0.1493557,0.3163062,-1.049997,-0.002844553,-0.002070721,0.3568107,-0.04801936,0.1998943,-0.367499
0.3257513,0.3107791,0.04257721,-0.005771425,0.07960226,-0.08213469,-0.08191758,0.4406705,-0.08416516,0.290866,0.3047213,1.472877,-0.2624501,-0.1609029,0.3080003,-0.463263,0.7053489,-0.2695003,0.2178351,0.06845659,0.3921849,0.003442466,-0.02589517,-0.1966217,0.06424348,-0.1157248,0.3474662,0.004664555,-0.1516688,0.2362454
-0.05283423,-0.2816004,-0.272833,-0.5061209,-0.4613492,-0.6970151,-0.1103759,-0.2090469,0.4714563,0.384802,0.08429831,0.258224,0.02488822,-0.2697877,0.0993076,-0.4524494,0.1178314,-0.1718895,0.02878056,0.1857034,0.004939181,0.4373946,-0.5505603,-0.3517323,0.04285691,-0.05331482,0.0272594,-0.5572588,1.34843,0.05391116
-0.1167354,-0.1738117,-0.1079473,-0.07614702,0.1262306,-0.9337381,-0.02459918,0.4449089,0.006972332,-0.04544268,-0.3623321,-0.3995754,-0.1230464,0.06871778,-0.3910599,0.4173072,-0.02613717,0.4188659,-0.387192,0.0049998,0.3658637,0.5252553,1.644793,-0.004978077,0.07171243,0.2268324,-0.2710184,0.342154,-0.5376282,0.0180028
0.4991669,0.09402339,0.3489687,0.3794427,-0.1025401,-0.006955059,0.6554705,0.02825492,0.2714587,0.06746914,0.1129519,-0.4933238,-0.008991539,-0.144698,0.509114,-0.2612309,-0.05179995,-0.2260763,-0.9956775,-0.03572196,-0.1958029,0.008281718,0.001993067,0.110622,0.277043,0.4566988,-0.3488978,0.1320985,-0.1697131,-0.03065725
0.1660828,0.3073072,0.06137544,-0.3278157,0.247172,0.09739672,0.005053561,-0.2140417,-0.0260914,-0.09423083,0.0008838628,-0.2804577,-0.07778985,0.006948014,0.1148236,-0.1638154,0.3101329,0.1186334,-0.2850509,-0.01051766,0.1860861,-0.7859139,-0.3052622,0.1255772,0.001987902,-0.219026,0.05277442,0.1914685,-0.0112875,-0.0001430963
-0.1446075,0.03696471,0.2265942,-0.07056135,0.1514635,-0.269599,0.0201843,1.06409,0.4149385,-0.3271019,0.01393559,-0.458624,-0.007738564,0.6377092,0.3019041,0.0006536253,-0.3342277,-0.321189,-0.2330447,-0.02972712,-0.3309646,-0.2553151,-0.1506247,0.3914653,-0.4014682,-0.3626455,-0.2883431,0.3420618,-0.2194507,-0.3941
-0.06581027,0.03134814,-0.7840192,0.06843822,0.3479526,-0.01477578,-0.4590771,0.0227533,0.4211534,0.1499172,-0.3922555,0.4741935,0.08461732,0.09834615,0.1205902,0.1030155,0.3015816,-0.2811362,-0.4146857,0.281603,0.003337444,0.05027765,-0.06285123,0.06564637,0.663636,0.08344605,0.09679905,-0.02908736,-0.07771779,-0.3823365
0.1020229,0.02497944,0.01888692,-0.4767269,0.1180742,0.3234205,0.006703258,-0.01727744,-0.02487606,0.08197755,-0.02897432,0.2113941,0.03995902,0.004580851,0.3358845,-0.05841747,-0.02097622,-0.01018447,-0.201134,0.1518361,-0.2612611,-0.2471838,0.4663585,-0.1643537,1.046363,-0.4903487,-8.522058E-05,-0.01597189,-0.02576009,0.1281247
-0.1633999,0.4214854,0.009220078,0.006780465,0.02566309,-0.08564033,-0.09349686,-0.04514372,0.2095868,-0.005538948,0.2317134,-0.01108691,-0.003428188,0.8061046,0.1945688,0.5810136,0.2069827,0.08494173,-0.1125822,0.1786756,0.0004714409,-0.3476689,-0.3067337,-0.040958,0.0002684029,-0.01286232,-0.6302036,0.429655,-0.2349138,0.3987889
0.2166093,9.187698E-05,-0.05476362,-0.339801,-0.8806136,-0.05884129,0.02642159,0.6662852,-0.0205442,0.03619748,-0.2420911,-0.310552,-0.001238115,0.04369849,0.2536165,0.01267903,-0.5341626,-0.05033457,-0.461314,0.05252313,0.007220907,-0.3943144,-0.06077005,0.9827158,0.1383347,-2.47065,0.3920336,-0.0003138129,-0.2234237,-0.1250703
0.1255254,-0.4098419,-0.1137783,-0.3868002,0.3220836,-0.07306276,0.8563093,0.4289285,0.3805618,0.5752914,-0.3826215,0.3508978,0.1649572,-0.05848549,-0.03441929,0.425499,-0.3314474,-0.01775443,0.01585134,0.4232898,-0.3188798,0.005892919,-0.001758106,0.1877571,0.2696526,-0.1750306,0.02449155,0.2289166,-0.265328,0.1609463
0.06399471,-0.4517919,0.3432598,0.4352628,-0.4294883,-0.3256463,-0.1026874,-0.1703199,0.3115259,0.03776329,0.1633626,0.1503003,0.4429904,0.3981397,-0.005991007,-0.8201442,0.01622888,0.1456357,0.4165598,0.0002777656,-1.604882,0.4130873,-0.3283149,-0.5468176,0.02689591,1.195822,0.7670436,-0.06025261,0.1720659,0.2721102
-0.3481004,0.2247703,0.1127475,-0.1239623,-0.2493353,-0.3897794,-0.1005164,0.4069345,-0.3010627,-0.2501764,-0.4068933,-0.03709418,0.63561,0.3151293,0.3814601,0.01233765,0.3242655,0.3465872,0.01900367,-0.0178762,0.4117349,0.2748259,-0.3467421,0.03928115,0.03981113,-0.4675518,0.002766103,-0.4166859,-0.0546546,-0.06582464
-0.04220058,-0.6642296,0.1451968,-0.4089684,0.3873649,0.184254,-0.4825248,0.01285033,-0.1566641,0.4406783,0.06433719,-0.03532463,-0.08048971,-0.8284475,0.3187082,-0.004507115,0.1003534,0.2799942,-0.3922329,-0.8167731,-0.2182474,0.08369213,-0.367717,0.1186882,0.01715132,-0.1002113,-0.07012115,0.06833889,-0.1827956,0.3756711
-0.02464026,-0.3329461,-0.0004128814,1.179177,-0.1995952,0.05900634,-0.05942781,0.103142,-0.0981371,-0.06237274,-0.003484572,0.2788985,-0.3854204,-0.02091461,-0.393023,-0.1856791,0.943673,-0.2273799,-0.26539,0.1168986,-0.005263507,-0.4090741,0.3099492,-0.02648237,-0.02435094,-0.4569317,-0.124254,0.2560647,0.0003209687,0.03702635
0.06611329,0.08680547,0.3139821,-0.2669727,-0.3441402,-0.1350121,-0.1820355,-0.01609204,0.07294101,-0.07932212,-0.4000347,-0.09296034,0.1047559,-0.04638829,0.2610632,-0.05139142,-0.2709285,-0.014943,-0.3997624,-0.04759718,-0.07700795,-0.1477148,-0.1079205,0.08601862,0.1062635,0.8518717,-0.4950806,-0.1649219,0.04693989,0.3295553
-0.499994,0.2197455,0.008150827,0.2169819,0.1354374,0.488332,0.6981078,0.0004159156,-0.3427607,0.7114614,-0.2826522,1.0543,0.08543921,-0.3797592,-0.09268929,-0.1038373,-0.07652663,0.1076548,0.2605298,0.01832462,-0.6289929,0.1592405,0.4908254,0.1133117,0.4892598,0.6639253,0.4916416,0.3809848,-0.005758936,-0.06845444
-0.4118278,-0.00537428,0.1794987,-0.153647,0.03604556,-0.3642158,-0.1131967,-0.1390718,-0.6202552,-0.4602326,0.3260671,-0.02821384,0.3743468,0.482193,-0.1394428,-0.1352823,1.815026,0.3014147,0.01294494,-0.01004418,-0.01381058,0.1892241,-0.006302709,-0.4556071,0.06010771,-0.4154651,-0.3620285,0.004652228,0.1652952,-0.4250758
-0.54014,0.03966058,0.06494743,-0.6606323,-0.1360298,0.3150238,-0.3861617,0.2422622,-0.1586957,-0.306529,-0.4203875,0.4084399,-0.1868811,-0.1056746,0.680846,0.05097009,-0.05887238,-0.1658385,-0.3740006,0.4346398,-0.07890838,0.2617287,-0.1534466,-0.1291947,-0.08029789,-0.270138,-0.2244593,0.10301,-0.00249928,0.01130491
-0.1706107,-0.1328146,0.8269845,-0.1701316,0.3567364,-0.2289012,-0.06885427,-0.03432757,0.9300752,0.2704567,-0.2847105,-0.7756745,-0.1660492,0.05481273,-0.1815708,-0.004360795,-0.5598277,0.005259526,0.1641376,0.06261463,-0.1524687,-0.370212,0.4357187,-0.6257144,-0.1302838,-0.09015477,-0.5914693,0.4677699,0.7609097,0.003362973
-0.004952301,-1.257705,-0.2980917,-0.3560554,0.1929542,0.2206846,-0.000283454,-0.220146,-0.1069575,-0.02426887,-0.1632442,-0.07826048,-0.1243509,-0.2649842,-0.1274348,0.3854498,-0.1417293,0.7790853,-0.1167368,0.006986456,-0.01688945,0.1852704,-0.006836398,0.4750392,0.2704369,-0.04765128,0.2281438,0.03193904,-0.05475968,-0.003605857
-0.3789611,0.3082455,0.008285103,0.6089417,0.2393598,0.02730452,-0.2261965,0.6418122,0.4444478,0.07511548,-0.2609847,0.5012474,0.6473086,-0.001895167,0.03587252,-0.004302904,0.1677863,0.005698894,-0.03246874,-0.004332642,-0.07569891,-0.1783649,0.07658663,0.4139371,-0.06314319,0.01240726,0.0003137827,-0.3783926,0.5963563,-0.3676529
;
-0.5920615,0.07825094,0.06073929,-0.09852246,0.0454029,-0.3718376,-0.8314661,0.003122151,-0.01894075,0.2835894,0.2293417,0.3363642,0.1238156,-2.204412,0.04165131,-0.0176515,0.2471337,0.2957119,-0.1180656,0.05189568,-0.3245989,-0.2029773,0.02358419,0.07551973,-0.5995811,0.0766973,0.1549542,0.2972826,0.06746615,-0.08404133
-0.06655142,1.06557,0.001567617,0.1709253,-0.132051,0.2925042,0.00536937,0.01487939,0.1860189,0.1376611,0.1731762,0.0364586,-0.04541722,-0.418542,0.02497894,-0.2642351,-0.2465668,-0.4071522,0.5020138,-0.3930072,-0.4952404,-0.07110213,-0.026796,-0.04023311,-0.3974823,-0.2053031,0.01058657,-0.08970243,0.1182566,-0.273343
-0.05917001,0.3108968,-0.1354951,-0.1261011,-0.281837,0.02828916,0.0595789,0.08634422,-0.1731379,0.04898363,-0.1049862,0.3216084,0.2488248,0.4459647,-0.00896735,0.3949081,0.0192797,-0.05368561,-0.0450222,0.1723176,0.7926322,0.00748632,-0.02901529,-0.327025,0.03184491,-0.01179731,0.501734,-0.2846543,-0.4906518,0.2240516
;
-0.09234708
-0.005822682
-0.06156186
-0.039619
0.0005385246
0.5466768
-0.7817523
-0.4673157
0.364517
0.07701749
0.02560812
0.4270612
3.875527
-0.07328707
-0.1299954
-0.02101376
0.1144174
0.3430816
-0.1313215
0.3192981
-0.2985827
-0.2185885
-0.4426172
-0.00216112
0.1890966
0.009579563
-0.4898526
0.005908489
0.6794013
-0.3678164
;
0.04316165,-0.3675481,-0.2201737,0.004418792,-0.3644298,-0.3823029,0.9465703,-1.527108,-0.9351249,0.1253475,-0.01049318,-0.159134,-0.06772274,-0.05242121,-0.1079046,0.2374239,-0.0483212,0.1193478,0.2709756,-0.1738127,0.05759096,-0.1606702,-0.4203699,0.4415739,-0.09453863,-0.1432555,-0.4005219,0.2064819,0.07083863,0.02848559
0.4951739,0.05579903,-0.1395818,-0.05990769,-0.4763986,-0.3147345,0.1337333,0.03845703,0.0001018147,-0.1751296,-0.02402048,0.2173209,0.683828,0.1725731,0.01843634,0.2765995,-0.1164682,0.828519,-0.009356439,0.1725111,-0.1842604,-0.1379903,-0.1043809,-0.4295969,0.3648134,-0.1646866,-0.04530273,-0.2901486,0.04085356,0.2804712
0.07957138,0.006586346,0.02191368,-0.06615765,-0.0797874,-0.02065279,0.06928069,-0.4512709,0.3283644,0.2303444,0.001845844,-0.8851876,0.2570995,0.3073571,0.2662359,0.04067713,-0.05972759,0.001905226,-0.3187685,0.07427283,-1.060665,0.0004127535,-0.1653263,0.8247851,-0.3145329,-0.04501207,-0.765152,0.1752187,-0.01385061,0.527538
-0.2240828,0.1891085,-0.06425511,0.2206297,-0.001691759,0.001389584,0.4500551,0.5631845,0.4136382,-0.3321329,-0.01797532,0.008934915,0.4360546,-0.7565486,0.03129522,-0.0122842,0.4731679,0.3200996,0.3530176,0.05056311,-0.7222149,0.9042045,-0.04010724,0.1324872,-0.1258369,-0.5982495,0.02539495,0.0355869,-0.05346495,-0.05407055
0.5874572,0.3496527,0.2320983,0.06940485,0.3368472,-0.01314198,0.2056206,-0.001126109,-0.1198341,-0.5893776,0.4348948,0.3506365,0.04055333,0.0201532,0.2752723,0.09561187,0.620243,-0.1165923,-0.4722416,-0.1692865,0.04901072,-0.4860075,-0.03810464,0.6188956,-0.4179559,-0.7823769,-0.04138374,-0.372565,0.1129035,0.02052257
0.4403386,0.3087133,-0.002836163,-0.111372,-1.688912,0.2814243,-0.2916368,0.4361614,0.8123255,0.09901069,0.4114827,0.3042706,-0.3910738,-0.0009773752,0.9462324,-0.247662,-0.008504332,-0.2660768,0.2798221,-0.1460583,-0.3296229,-0.2755791,-0.0351739,0.03134205,0.4661437,0.09690715,0.4925402,0.188809,0.9194127,-0.06453615
-0.274129,-0.3380383,0.7248018,-0.02353727,-0.02121186,-0.08416814,-0.2503365,0.02745861,-0.4477193,-0.3271747,0.08889516,1.304755,-0.008276857,-0.5411368,-0.03066685,-0.3175176,-0.3598123,0.009939373,0.5856759,-0.09077355,0.111359,0.3873962,0.000729794,-0.006825864,-0.5056719,0.07032179,0.3618752,0.1074307,-0.04072994,0.6378472
0.1363321,0.07718361,0.7420766,-0.3560607,-0.03834696,-0.2416058,0.1353039,0.05882734,0.7277241,-0.1018991,-0.4993115,0.3587434,-0.3862113,0.02126835,0.384402,0.02910477,0.09216469,-0.3153863,0.1481598,0.4209361,-0.4551595,-0.03439835,-0.6915792,-0.00672071,-0.3153957,-0.0181116,-0.1276305,0.34305,-0.02591333,-0.08395834
0.09972078,0.5872383,0.3863436,0.1016701,0.2399971,-0.2438557,0.3366368,0.4124383,0.005466918,0.006804508,-0.001741976,0.3183186,0.3900538,2.083615E-06,0.02640202,-0.1361215,0.4509467,-0.280027,-0.2837586,0.1362664,-0.5326127,-0.2106385,-0.1329942,0.1989003,0.3043109,-0.1172345,-0.05130128,-0.01688987,0.06733168,-0.07755063
-0.06563231,-0.003597889,0.2569252,0.1036961,-0.3740739,0.4034481,0.008221862,-0.4539924,-0.003371775,-0.3671555,-0.02315574,-0.01328808,-0.07161852,-0.09900898,0.08663872,0.005720807,0.1165077,-0.774677,0.2872915,0.0742957,0.7914375,-0.3989575,-0.09060173,-0.1632839,-0.129381,-0.417135,0.8218059,-0.3108176,-0.1842385,0.02684957
0.2522828,0.2248202,0.4444222,0.06609469,0.002784398,-0.166153,-0.3796697,0.04050842,0.2672499,0.0005253782,0.4197231,-0.03700893,0.1486907,-0.3921885,0.3651654,-1.613067,0.06204444,0.04121697,0.2312587,0.2008506,0.4907101,-0.4639093,-0.4652343,0.5576622,0.6067895,-0.3703905,-0.2290663,0.1335732,-0.2531073,-0.03855535
-0.03866929,-0.02781522,0.3709094,0.1116078,0.04841083,-0.2813705,-0.2581141,0.4828864,-0.5798136,0.3012343,-0.4738247,0.002579314,0.2476633,0.3341311,1.073038,-0.001453629,-0.05662149,0.2360324,-0.001356855,-0.3651152,-0.06949296,-0.1221897,-0.09338377,-0.006751075,0.1175498,-0.00478137,-0.3208897,0.3899504,0.2573623,0.005539885
-0.1336473,0.372248,-1.32303,0.387234,0.2527799,0.3939058,-0.2120538,0.3512253,0.4491901,0.2168193,0.009410163,0.493829,0.1478041,0.286643,-0.08495849,0.8381625,0.3176416,-0.001294398,-0.0218719,0.6181599,-0.4587348,0.2271738,0.02770877,-0.2665446,0.2531039,-0.2931861,0.5822158,-0.5336136,0.2038537,0.2133341
-1.484688,-0.1840039,-3.255581,-0.07388324,-0.4120972,0.4348001,0.6707373,-0.2428507,-0.2309746,0.3785846,-0.05393916,0.9682139,-0.15369,0.3195678,-0.000225454,0.3942522,-0.00487242,-0.05080922,0.23139,0.2399517,-0.1917986,-1.026833,0.01826264,-0.262629,0.3276143,0.1407005,0.4891207,0.1646689,-0.008245624,0.112435
-0.006777204,-0.1209105,-0.5130324,0.3497014,0.1113807,0.4031041,0.5217884,-0.0129406,0.2028733,0.05996317,0.002565559,-0.04837455,0.4841915,-0.4986166,0.3169572,-0.951212,-0.02999384,-0.4867647,0.3938234,3.521651E-06,0.1169707,-0.1009743,-0.1800975,0.04639153,-0.4988871,0.5104394,0.03236356,-0.1045379,-0.04140502,-0.09913555
0.00124884,-0.7051936,-0.05642922,0.1483727,-0.3909988,-0.01585072,-0.01039311,-0.1796247,-1.138197,0.04285989,-0.4043236,0.9417686,-0.7031395,0.006943992,0.3238791,0.01139671,-0.03342042,0.487725,0.01070054,-0.02032413,-0.03114094,-0.1357419,-0.07312442,-0.08381466,0.02845996,0.7662686,0.01941747,-0.4703053,0.06955448,-0.07248914
-0.1498711,0.6407934,-0.01009221,-0.02730777,-0.113717,0.6748013,-0.0244146,0.322906,0.4664806,-0.1090798,0.0003119391,-0.03056996,0.001706909,0.1775626,0.4778489,0.3809011,-0.2464938,0.01048011,-0.3813436,0.3201103,-0.4675511,-0.0003927984,0.1404095,-0.3859411,0.00021409,1.309773,-0.01027375,0.3389263,0.1637407,-0.07226698
0.182595,-0.01522879,0.09007118,-0.5359284,-0.322751,0.106999,0.3288199,-0.1081772,0.01937189,-0.1573598,0.03417748,-0.2828548,-0.1484072,-0.007315096,-0.05118246,0.1461587,-0.06072396,0.05332328,-0.2313005,-0.2074044,-0.05034095,0.06249937,-0.03799778,0.001574508,0.1348753,-0.3170778,-0.1064009,0.009843208,0.7412476,0.17163
-0.0550465,0.3751992,0.02945453,-0.06258203,-0.129176,-0.08758048,-0.2769808,-0.1527132,0.07789658,0.1134506,0.241335,0.5867323,-0.135002,0.144438,-0.08574521,-0.406445,0.4813886,-0.2404313,0.4517347,-0.3561903,0.1139169,-0.06804609,0.04796976,-0.6828225,-0.2156723,0.4992175,-0.06741577,0.4797747,0.403451,0.02348866
-0.04674136,-0.09361898,0.725119,0.06044692,-0.05242056,0.2858248,0.001446796,0.04980512,-0.1082692,-0.06273192,-0.6329227,0.0135907,0.3863698,0.000919834,0.0240594,0.2110469,1.511684,-0.1481857,-0.4747556,0.2798208,0.7574946,0.4554111,0.6958594,-0.3955195,0.0524619,-0.1472136,0.08958355,-0.4578198,-0.01629595,-0.6633604
-0.02986225,-0.1304726,-0.1039087,0.4273545,-0.1477353,0.06875876,-0.6582745,-0.6556575,-0.2293091,-0.4668429,0.1159153,-0.4608809,-0.03779608,0.1780112,0.03807472,0.1563506,0.0430261,-0.3096074,-0.2623531,0.1596975,-0.2820885,1.27865,0.3495292,-0.2187212,-0.1747438,-0.3711684,0.005234639,-0.08578855,0.01760543,-0.03165439
-0.1838969,0.5267884,0.09364384,-0.0008056136,-0.001260941,-0.1266063,0.06587686,0.04032549,-1.101945,-0.2081355,0.3571513,0.001007598,0.3677203,-2.018227,-0.1638781,0.3380351,-0.7380885,0.01352451,-0.4746875,0.4750922,0.4087243,0.4144144,0.3692684,-0.1502931,0.03469798,-0.002815367,-0.02787359,-0.3341113,-0.2389854,0.4291461
-0.4984237,-0.0708892,0.3455338,-0.03315308,0.1307375,-0.1024023,0.1679729,-0.3009354,0.008237898,-0.2207159,-0.008480145,0.4132529,0.08224517,0.5814235,0.005446414,0.1808901,0.1584279,0.4750527,-0.137926,0.1621671,-0.2635286,-0.3769946,-0.5514264,-0.487608,0.3935896,-0.002156844,0.015315,-0.1393701,-0.00720357,-0.1319008
0.237687,-0.3168408,-0.1480236,-0.2374041,-0.285126,0.4505994,0.09855735,0.2701535,0.05298108,-0.09730226,0.03716644,0.06562668,0.01797521,-0.1630927,-0.09363558,0.1793577,0.08351401,0.0007954728,0.377749,-0.02302279,-0.5244342,0.06509457,0.2565753,-0.001542956,0.001187966,0.2983366,0.2910983,-0.08035291,-0.4942473,0.179375
0.2413766,0.2948547,-0.2559922,-0.4391018,-0.2013292,0.014213,0.2494542,0.2942761,0.1105221,-0.0003024429,-0.03486489,0.8077646,-0.1322024,-0.2081987,0.2099564,0.2370465,-0.6030578,-0.4375579,0.3583791,-0.7301341,0.2294861,-0.009288371,-0.02499383,-0.4011231,0.0007752801,0.3371331,-0.6214609,-0.06062699,-0.08478552,0.1314996
-0.3924489,0.03888015,-0.5683774,0.5725645,-0.001853609,-0.2303723,0.2054852,-0.03472471,0.1012107,-0.1284507,0.09991045,0.909413,-0.1781383,3.579446,-0.7702601,-0.001081896,-0.2632128,-0.01021902,0.4259126,-0.009396899,0.03515773,0.04847721,0.0004176921,-0.4689164,0.006133235,0.07912236,0.01012899,0.5020778,0.1777315,0.1059793
-0.1867637,-0.3791709,-0.746817,0.01560662,-0.1255306,-0.02143321,0.02732315,0.7467438,-0.05781039,-0.3996814,0.2211364,-0.2764443,0.09935042,-0.2291806,0.001569435,0.4853966,-0.04925936,0.1775323,0.06198126,-0.002038901,0.4540587,-0.0001079889,-0.2711356,0.5830405,0.001090606,-0.207195,0.3248903,0.6068147,-0.1352745,0.1418149
0.006107697,-0.04366785,0.4538538,-0.3762892,0.04961203,-0.2936062,-0.2735983,0.2659826,0.143585,0.001206809,-0.1372816,0.1685294,0.3601028,0.1054947,0.7871222,0.2233546,0.02598763,0.04840879,-0.4693961,0.7880732,0.07285727,0.3585355,0.5866064,-0.0163689,0.4955078,-0.01000669,0.2910602,-0.002161351,-1.860627,-0.5364538
-0.386773,-0.001409451,-0.4840343,0.1612395,0.01585568,-0.0384207,-0.04260473,-0.02198492,0.01659163,-0.2432791,-0.159924,0.1209722,0.3088852,0.8363174,-0.7160038,-0.08538999,-0.139634,0.4061005,-0.06300408,-0.402045,0.5608739,0.08817261,0.03161384,-0.06859499,-0.08706189,0.32839,-0.3386304,0.001796932,-0.5981979,0.4064023
0.0763538,0.365374,-1.020615,0.08676565,-0.216341,-0.4488276,-0.04908898,0.283169,0.1169686,-0.1706618,-0.3480065,-0.2965264,0.2873183,-0.002156015,0.05506418,0.2541891,0.03611261,0.06257147,-0.9844848,0.4894464,-0.134357,-0.3583456,-0.07602854,0.5191817,-1.411723,0.01775887,0.06333154,-0.1436404,0.3411051,0.4920132
;
-0.007080269,-0.07224356,-0.09186745,0.09119731,0.001818815,0.2373866,-0.4977072,0.01768502,0.0002335723,-0.03504576,-0.1327248,-0.03242415,0.01482054,0.3732462,-0.01901268,0.0001835665,-0.03537673,-0.1366972,0.02703098,0.1507742,0.1728783,-0.380266,-0.04458393,-0.2197051,0.1037879,0.3285908,-0.01086408,0.0757413,0.1317099,-0.06783125
-0.6413991,0.02107312,-0.1782044,0.1239291,0.3915055,0.00932517,0.2660021,0.1591778,-0.156455,0.2886759,-0.2265212,0.2653046,-0.000985701,-0.06190878,-0.2113661,0.01121557,-0.1760244,-0.2755544,0.1841245,0.1475053,0.1067185,-0.001480039,-0.07803092,-0.3962243,-0.5784569,0.02718502,0.03106633,-0.4583629,-0.1886006,-0.05001226
0.005335333,-0.06224758,0.009435475,-0.0876133,0.2079875,0.03892065,-0.3698722,-0.09507885,-0.4329079,-0.2799884,-0.1884531,0.06506961,-0.04100277,0.7794133,-0.5249691,0.0932427,-0.007823249,-0.06332818,0.06991619,0.04094157,0.02117748,0.4614972,0.0302221,-0.8161961,-0.04668359,-2.215304,-0.01320141,-0.3984305,0.1639038,-0.2595816
;
