0.1770944
1.434369
-0.1550719
0.07919844
0.01540753
-0.4071704
0.2219898
-0.4335107
0.04854941
-0.3198313
;
-0.5153768,-0.2779944,0.3168162,-0.1189683,0.0487085,-0.001654175,-0.4412053,-1.495597,-0.1150739,0.1475239
0.0362127,0.2419166,0.08986201,-0.4890803,0.01668816,-0.002081918,0.3292601,-0.02282447,-0.1512845,-0.5973537
-0.001395384,0.3927522,-0.3665471,0.1023199,-0.4677101,-0.173767,0.07685643,-0.0009157444,0.02315311,-0.6181582
-0.001159814,-0.007612432,0.3332224,0.244142,-1.994248E-06,-0.1068229,0.4402597,-0.4247105,0.3810196,-0.1538857
0.02704367,0.05896383,0.003421408,0.02547431,-0.0866403,0.004662958,0.4740328,-0.1471114,0.1941758,-0.01855832
0.0205163,-0.2250426,-0.02054354,-0.4636415,-0.0004859704,0.3357118,-0.009545889,0.004065918,-0.008982249,0.02478852
-0.1641932,-0.4588173,-0.2900326,0.01888096,0.04537132,-0.2214134,-0.3174686,0.1452137,-0.08823906,0.03795844
0.2436328,0.01201802,-0.3042674,0.1186014,-0.02515159,-0.2631507,-1.150996,0.06728879,0.1431843,-0.4823067
-0.02754457,0.0005973164,0.4608236,0.3473756,-0.02292794,0.3546751,0.1387259,-0.02202861,0.3073939,-0.05881393
-0.05956703,0.3926809,-0.05985969,-0.0173314,0.160168,-0.02311278,-0.5192,0.018252,0.1701562,0.3556097
;
-0.3037913,-0.06369892,0.1151042,0.004668029,0.07822009,-0.44911,0.1230674,-0.4003237,-0.05245126,0.2246984
1.640737,-0.1576434,-0.1669094,-0.3559682,0.1373767,0.4888266,0.3361479,0.01756878,-0.2379834,-0.006282017
;
-0.4236188
0.09081608
0.1631645
0.06774154
-0.1118401
0.1843282
-0.2262526
-0.07133359
0.1770627
0.05331105
;
0.0007646555,-0.3210014,0.0308858,0.0002678421,-5.300509E-05,0.1172581,-0.4714909,-0.01973052,-0.01903169,-0.1067458
-0.09750608,0.4026848,-0.0263622,-0.01165277,0.004593234,0.07947563,0.2132618,0.3672295,0.00107187,0.4108273
0.01013191,-0.08250386,0.005398158,0.3085312,0.1599701,-0.05314456,-0.1486913,-0.06471565,-0.07280436,-0.2381334
-0.1917018,0.0002116854,-0.255345,0.002908823,0.09668513,-0.4111896,-0.4239194,-0.03548497,0.3353747,-0.4639354
0.2179238,0.008946067,0.003264085,0.08242683,-0.1507161,-0.1932697,0.2322938,0.02980751,-0.009739361,-0.5092753
-0.2963536,-0.3494899,-0.1507312,-0.4295911,-0.01619726,0.4270529,0.004346923,0.005989395,0.09955043,-0.4144071
0.3914915,-0.1409687,-0.2314931,-0.4160517,-0.3216541,-0.04926057,1.963901,-1.325625,0.1513512,-0.4057989
-0.2814363,0.1051375,-9.565419E-05,-0.2303475,-0.8282844,0.09431106,-0.3440094,-0.4079807,-0.08704372,-0.4995725
-1.010475,-0.1789916,0.02854677,-0.8117692,0.1575258,0.1531378,-0.8343056,-0.2052934,0.125223,-0.6331905
-0.0222477,0.3449407,-0.1809736,-0.02190715,-0.087668,-0.2110722,-0.2572878,0.164242,-0.2827684,-0.4958079
;
-0.05665192,0.1101272,-0.2739196,-0.3718646,-0.7155379,-0.008231883,0.01175838,-0.009346556,0.6688443,0.1663869
-0.08741066,0.1555334,0.1360054,0.1040476,0.294557,0.1811055,-0.2069442,-0.09513918,0.0007899256,0.0521467
0.05897635,-0.1417459,0.3133549,0.4861911,-0.1773823,0.2602799,0.09943419,-0.01538935,-0.3709944,-0.847775
;
