-0.2219035
0.05034584
-0.0837141
-0.4855996
0.4723047
-0.1286373
0.4560946
0.2959985
0.3446774
0.1592886
;
-0.2459465,-0.4394888,0.196599,0.01602,-0.08905393,0.1640591,0.4450126,0.4043015,0.2707806,-0.1139221
0.03602463,0.4812562,0.3936437,0.1873714,-0.1298125,0.005655706,-0.1485552,0.1000296,-0.469111,0.1982338
-0.1268085,0.2352943,-0.2173048,0.2304848,-0.4555269,-0.2156785,0.4712518,-0.1004366,-0.04844195,-0.03079051
-0.4027208,-0.07452542,-0.3218135,-0.4655355,-0.4749284,0.3971393,-0.4728361,-0.2505388,0.1095302,-0.3886925
0.193956,-0.4527218,-0.2281139,-0.09516498,-0.2430812,0.2667713,0.2571765,0.2888871,-0.03855437,-0.21841
-0.3512034,0.3307128,-0.3886691,-0.4992964,-0.4297307,-0.4635764,-0.1186314,-0.09694582,0.4270762,-0.2071646
-0.3555597,-0.05615133,-0.135735,0.2510411,-0.3241454,0.1612638,-0.4899031,0.07735091,0.1079332,0.1356184
-0.04997379,0.4408263,-0.1358796,0.09965509,-0.1009666,-0.413113,0.4025259,0.05782801,0.3821243,0.4720976
-0.3236195,-0.01499552,0.6370751,-0.08243078,-0.4769,-0.1435944,0.3246174,-0.3629781,0.365695,0.05184823
0.4018698,-0.2948055,-0.2878146,0.192103,-0.3268806,0.1444895,0.1421853,-0.3913194,-0.1467624,-0.3054359
;
-0.3313011,0.1934365,-0.09568673,0.15433,-0.3161094,0.1769919,-0.362506,0.446926,0.22066,0.09950608
-0.211963,-0.001646459,-0.465212,-0.0008146167,-0.4168934,0.2845838,-0.1213891,-0.2035198,0.4895332,0.09554356
;
0.01065515
0.4413929
0.02443513
0.4802878
0.5132973
0.1228105
0.007788676
0.2179623
-0.4102393
-0.2999163
;
-0.07100738,0.0005453475,-0.04929378,0.1848823,-0.851752,-0.1172221,-0.2796513,0.9040396,-0.00440282,0.3256668
-0.3739635,0.5412468,0.2829093,-0.4719659,-0.03444153,-0.01438634,0.2936767,-0.01521626,-0.07826418,0.1167685
0.3212409,0.2778025,0.1028184,0.2264408,0.2256838,0.05920647,-0.2265696,0.610961,0.331862,0.0523042
-0.470453,0.09430844,-0.09363616,-0.637771,-0.05695126,-0.04124522,0.1174367,-0.0331916,0.1093989,-0.2505246
-0.1426747,-0.4304252,0.9560168,0.3639629,0.05512514,0.1223971,0.4199259,0.1082307,0.7181749,-0.2849398
-0.3448285,-0.07056165,-0.3038355,0.4500486,0.0006022236,-0.002828651,0.07867908,-0.007915275,0.01934105,0.3778755
-2.114654,-0.2680789,-0.0131768,0.2367031,-0.1463619,-0.06121596,-0.239043,0.7950737,-0.215167,0.2250553
-0.2876383,-0.1223066,0.0162075,-0.4993824,4.754299,0.6316583,0.02822837,-0.1696014,-0.1374654,-0.2570356
-0.2549917,0.2951103,0.4395006,0.2766773,-0.04883486,-0.2580696,0.06165826,-0.4784648,0.726466,-0.2035548
-0.1925123,0.2693796,0.9596887,0.3652613,0.4978528,0.3632407,-2.889118E-05,-0.3303998,0.3737366,-0.001446653
;
-0.1776148,0.001981727,0.4767776,0.276699,0.4914839,-0.4758061,0.2951313,0.3603183,0.3670231,0.233341
0.1719123,-0.06949516,0.02588214,-0.4851722,0.02072333,0.01368397,0.4583288,0.03610283,-0.521949,0.1576794
;
0.2247212
-0.005650938
2.117712
-0.005485642
0.1403813
0.1830905
-0.2275156
-0.2699187
-0.6731198
0.3730187
;
-0.004417926,0.1191905,-0.09133167,-0.1028417,-0.1381015,0.977093,-0.05474525,-0.02197735,0.002401726,-0.3292933
-0.1878708,-0.325703,-0.5627044,0.3515723,0.1648244,0.01153808,0.2411319,-0.04614057,0.1168985,-0.06171038
0.02420729,-0.3622336,-0.03152603,-0.137791,-0.04756441,-0.4658305,-1.905726E-06,-0.1775031,0.2987595,0.02219469
-0.2605937,1.061651,1.722957E-05,0.1889242,-0.426572,-0.003203949,-0.3571972,0.5087816,0.03814802,0.006182015
-0.04114554,0.1055933,-0.3857718,0.1186522,0.4741568,0.03242264,-0.0003264666,-0.4005843,-0.9112189,0.04189303
0.0402342,0.00823999,0.01918608,0.06265076,0.3755983,-0.03333608,-0.4080424,0.3019419,0.03998191,0.1584079
0.09085451,-0.5101258,-0.4841592,-0.1302985,0.03895205,-0.2212795,-0.4487896,-0.2122963,-0.04492432,-0.02337002
-0.02566819,-0.06452411,0.5866199,-0.05065382,0.006139273,0.2672063,-0.2679789,-0.03916143,-0.001391285,-0.1286721
0.4396009,-0.01192314,0.03615361,-0.5586273,-0.1399103,0.01222409,0.08729929,-0.0007366367,-0.1143034,-0.4076842
-0.2851189,-0.01588732,0.02696951,-0.0006325923,-0.3819261,-0.02361738,0.1829369,0.4064509,0.147064,-1.647239
;
-0.4643656,-0.579239,-0.4728296,0.005916803,-0.2990643,-0.4474104,-0.3380569,0.01740418,0.3595871,-0.1789826
-3.515719E-07,0.1288547,-0.09767459,0.4948679,-0.08694881,-0.1667239,0.0003628833,-0.008123503,0.1768925,0.2390449
;
0.1887709
-0.04328488
0.1672578
0.00136963
-0.0372464
-0.1174053
0.1754233
0.03828174
0.00176665
-0.2815037
;
-0.1436411,-0.44067,-0.3812579,0.46316,0.02659213,-0.01450836,-0.02537795,0.01119362,-0.5733192,0.4701131
0.4917871,0.06784207,-0.07084052,-0.01585418,-0.09396725,-0.6501665,-0.09553384,-0.4969767,-0.5461056,0.3353933
-0.05753752,0.01494721,-0.1144007,-0.3771522,-0.431864,-0.05728656,-0.1722117,-0.2740053,0.1375856,-0.01028007
0.1910393,0.1074165,-0.0004903874,-0.3038553,-0.0006972251,-0.01523332,0.6004129,-0.02804544,0.0712164,-0.1877746
-0.004860925,-0.3511361,-0.08530721,0.03306299,0.04876669,-0.3445143,0.07154707,0.2901663,1.770914,0.2638798
0.00341638,4.345204E-06,0.1506824,-0.8148079,-0.0651807,0.2580044,0.3236464,0.1536626,0.001056304,0.2719143
-0.1947628,0.2556914,-1.284753E-05,-0.01046509,0.6570521,-0.6342212,0.07468265,1.143184,0.3424068,0.3277111
-1.038103,0.1952785,0.4186344,0.2144466,-0.2278031,0.2504312,0.01449031,0.08617864,0.1382884,0.1820687
-0.1977292,0.4862212,0.02043399,-0.01111634,0.02704908,-0.02974363,0.1875883,0.1262393,0.1823413,-0.1158014
0.2503943,0.3607262,-0.2821158,0.3402311,0.3719406,-0.2811925,-0.05277585,-0.05900949,-0.2915186,0.01072918
;
-0.5766302,-0.08364845,-0.4813408,0.04917739,-0.2082667,-0.1026754,-0.4725,0.3759309,-0.03888886,0.861226
-0.4091864,-0.006603137,0.258253,-0.1242885,0.4164984,-0.3845021,-0.3854938,0.01574393,-0.4547585,0.03873321
-0.2218413,0.737002,-0.08695556,-0.08113515,0.1860922,-0.2889301,0.3857116,-1.467296,-0.1118379,-0.2711096
;
-0.04747807
-0.02250582
-0.3475528
-0.003618075
0.07295341
0.3841884
-0.03179139
-0.05686206
-0.00428785
0.1175828
-0.1554038
-0.0699749
0.0005416143
-0.2982566
0.2557501
0.4762877
-0.01564664
-0.7277555
-0.481503
0.4752389
0.06637857
0.1130774
-3.292276
0.2801341
-0.3070755
-0.3699324
-0.6230229
0.6573185
0.0007420873
-0.3963775
;
0.05391407,0.4320006,-0.3966439,0.3133639,-0.0662104,0.02570345,0.0626807,0.1609334,0.4480178,0.4975009,-0.3990389,0.05668955,0.06339616,0.294812,-0.2370193,0.03857768,0.01491506,0.09394592,-0.06305867,0.4538587,-0.04523484,-0.007165521,-0.006335914,0.01876456,0.07871884,-0.04964575,0.3545665,-1.674519,-0.2595463,0.173515
-0.114099,-0.02028139,0.1861916,0.4758051,-0.1679891,0.2904549,0.3618053,0.3026602,0.01977839,0.3503051,-0.4627727,-1.998859,0.4385472,-0.04281646,-0.02376395,0.4094943,-0.01758878,-1.484871,-0.2665699,0.002655969,-0.2114313,0.2129546,0.1211646,0.4484185,0.2543381,0.5119926,-0.09568332,-0.0135207,-0.001641483,0.02176552
-0.1790259,0.4154042,-0.2614495,-0.3493321,-0.4081292,-0.02374162,0.9521921,-0.1255877,0.410931,-0.2219367,0.6822122,-0.1027443,-0.142306,-0.04873085,0.870979,-0.01708275,-0.2841134,-0.1840644,0.08547592,-0.086215,0.3583716,-0.002987493,0.08832186,-0.1367018,0.1794468,0.2559118,0.4347073,0.01458424,0.4590611,0.247235
-0.3272179,-0.01163649,0.005548154,0.1677473,-0.0984676,-0.001913627,0.01687416,-0.2719187,-0.440428,-0.3268659,0.1062194,-0.0425927,-0.1906628,0.4807344,-0.3329551,0.9109139,0.3724751,-0.208801,0.06398765,0.5007496,0.003432108,0.01585168,0.4674819,-0.3245878,-0.6021463,0.1395676,-0.01309397,0.0006700557,-0.1739979,0.0394765
0.0002744519,0.001119665,-0.009366282,0.1198687,-0.7397986,0.5585122,0.6035058,0.0009922229,-0.4430244,0.0444789,3.86952E-05,0.05260296,-0.09431593,0.7156826,0.2931337,0.3393077,0.002591129,-0.3005596,2.351743,-0.5825625,-0.04743927,-0.03238449,-0.3440013,0.2632005,-0.01236209,-0.3827428,0.2413701,-0.05509847,0.03920621,0.3028207
0.0621324,0.004531832,0.0009878121,-0.1173992,0.3962945,0.2108867,0.07980198,0.2350844,-0.02156702,0.01663619,-0.03429104,0.1767183,-0.1125841,-0.03961423,0.2986766,0.2466611,0.3643516,0.4808019,-0.3406746,0.2740495,-0.3743845,0.01818504,0.1948013,-0.01441184,-0.01137964,0.8344576,-0.4547235,0.3307616,-0.4267231,-0.02060145
-0.3039162,-0.7845264,-0.07993469,-0.1408987,-0.03027016,-0.06567699,0.05900724,0.0002321393,-0.2659917,-0.190738,0.03287156,0.6321838,0.4803096,0.1810239,0.06125149,-0.4311213,-0.0937019,-0.2072825,0.3430726,-0.3018626,-0.2669306,0.1143454,0.4323679,0.1503432,0.1729526,-0.004302875,0.02653211,-0.002467094,-0.0009402204,0.812664
0.1933901,-0.133633,0.1165479,-0.1401755,0.4955372,0.09730757,0.3888125,-0.2702906,-0.001464043,-0.02153889,-0.3765208,-0.1331419,0.4505242,-0.2909982,-0.2646631,0.1077113,1.37214,0.7393099,-0.4939568,0.3207483,-0.2112018,0.2793157,-0.2431243,-0.1100958,-0.00824209,-0.06419355,-0.05298182,0.5409932,-0.07841723,-0.2178185
-0.1332244,-0.7792,-0.3840656,-0.491597,-0.01258868,0.01767427,0.09349523,-0.1405578,-0.4873565,-0.01693976,-0.4130315,0.1816598,-0.03836775,0.01067441,0.02027601,0.1966967,-0.00919425,-0.0001683111,-0.01958897,-0.2831951,0.08220248,-0.0685396,-0.1000478,-0.2406815,0.3977058,-0.07815653,0.3296716,0.01001283,0.04998523,0.01162813
0.05720558,-0.08241554,0.3275722,0.1149486,-0.0259766,0.07007177,-0.3125889,0.1284168,0.04521472,0.2679839,0.4751186,0.006535833,-0.197344,0.2811611,-0.3766507,-0.2179682,-0.3064397,-0.0512349,0.01814282,-0.01093679,0.7320727,-0.1117247,0.3556571,-0.5355296,0.9549116,-0.3119977,0.1634509,1.049044,0.06648403,-0.00301314
-0.2257021,-0.2379236,0.04672402,0.007018636,0.2935073,-0.225202,-0.9931347,-0.1095991,0.5951621,-0.03162777,0.08894857,-1.664469,-0.3162984,0.4796391,-0.2706668,-0.1743635,0.4489081,-0.06247956,0.001633584,0.08842704,0.02794629,0.01727125,-0.1251659,-0.06994581,0.4701754,-0.3050954,-0.204401,0.401098,-0.1798193,0.4985816
-0.006819302,0.1309424,-0.6689748,0.6047301,0.2974169,-0.2451656,0.02754855,-0.07218929,0.2823733,0.05823344,0.3594596,0.3776149,0.2675324,-0.004049026,-0.2625409,-0.1415794,-1.455074,0.457144,-0.1405827,0.1588473,-0.1220978,-0.4179108,0.4783095,-0.1614939,-0.3278017,0.2176275,-0.2168465,0.2130629,-0.05536908,0.06279677
-0.3264954,-0.08037692,-0.02077263,-0.04462855,0.08412295,0.02207661,-0.4478347,-0.06766373,0.5611643,-0.05788175,0.1048907,-0.1977837,0.1181123,-0.09869379,0.03020316,0.7005089,-0.0589126,-0.2232115,0.009476094,0.2187695,0.04824499,-0.2997272,0.3202861,0.1825964,-0.151043,-0.04348153,0.1112279,0.8460688,-0.186637,0.06848305
-0.1408236,0.01213618,-0.472446,0.01797084,-0.07147513,0.03537311,-0.3019753,0.05085798,0.7794802,0.4423567,-0.3007052,0.004195176,-1.988886,0.3366749,0.2338927,-0.4677048,-0.1568823,0.4291788,-0.3937712,0.06700113,0.2524651,0.0002963107,-0.04105064,0.5778155,0.00867864,-0.08844589,-0.02645131,0.09999479,0.1347531,-0.4497552
-0.6048078,0.9557024,-0.1358454,0.393703,-0.0626992,0.2092345,-0.05068427,0.9187512,-0.05436954,0.3476223,0.2191854,-0.05127245,-0.1189438,0.7046472,-0.002942516,0.1554214,0.179853,0.3755523,-0.4102315,0.3851256,-0.1213815,-0.06519979,0.05244102,-1.275076,0.08564828,0.3895463,-0.009188622,0.07293592,-1.614582,0.02328348
0.1116112,-0.1075816,0.3159441,-0.007121866,0.2226759,0.1109285,-0.1700787,0.006755868,0.3963891,-0.2444364,0.430961,0.3205938,-0.0873273,-0.4758282,0.008861936,0.3348117,0.5344682,0.001636343,0.0001165099,-0.2847342,0.1334709,-0.2175038,0.1327155,-0.7372835,0.5299553,-0.001138085,-0.01246399,-0.3237348,-0.3672169,-0.01123985
-0.02682346,0.146978,0.1247821,-0.5045292,0.2504466,0.01195027,-0.286593,-0.001154381,-0.355062,-0.001153688,0.02263531,-0.001950649,0.2962137,-0.1213771,1.023824,0.489835,0.01048178,0.02847828,-0.3314302,0.2975264,0.6477051,0.2614346,-0.04015161,-0.3351635,0.009784341,-0.3883615,-0.5190809,-0.1926522,-0.08862772,-0.7582616
0.3578248,0.2463072,-0.1847356,0.05022947,-0.04188579,-0.01312059,-0.2960907,-0.4752178,-0.05413796,-0.4002322,0.01515014,0.04835974,0.04918169,0.00378497,0.2662659,-0.309332,-0.04796284,-0.3984994,0.2401234,0.04824489,-0.005288768,0.3986792,0.01856321,-0.2546029,0.3565352,0.07251877,-0.0006856188,-0.2645,0.4730051,0.09581654
0.2069645,0.4150715,0.5458929,0.04779861,-0.01799637,0.02449948,-0.06227034,-0.4318807,0.006764987,-0.1910221,0.150468,0.03090193,0.01334831,-0.9221388,-0.206451,-0.08414286,0.3194746,0.4419821,-0.1568514,-0.477633,0.4234514,-0.068262,0.2258254,0.5379528,-0.2339628,0.08696266,-0.5029134,0.1653251,0.002736329,-0.2575669
0.1233321,0.2519212,0.1066131,0.008350627,-0.003032442,-0.0002929819,0.03958914,-0.1521421,0.00591845,-0.03081042,0.08570233,0.3210602,-0.09132208,0.3470351,0.2296755,-0.05557066,-0.0795038,-0.1020169,-0.3713076,-0.4763123,0.4986919,0.0910101,-0.2840592,-0.01944882,0.3184388,0.4041007,0.001914103,-0.004205466,-0.009017661,0.07414875
0.3743492,0.7610296,0.06091919,0.3233558,0.1934944,-0.1592047,0.0318021,1.007652,-0.07249277,-0.009894408,0.1466503,0.3676679,0.02963646,-0.02978029,0.02339144,0.4579074,-0.2345937,0.1465543,1.361838,-0.04287386,-0.2765046,0.03306974,-0.02178245,-1.275861,-0.0006514811,0.6031914,0.01403267,-0.01746547,0.04889557,0.2716935
-0.2986379,-0.4667044,0.5576655,-0.02584046,0.02549201,-0.00939256,-0.2836552,0.01319845,0.1098356,0.1162843,0.5771406,-0.4838061,0.009241668,0.07631528,0.1688272,-0.336136,0.2428417,-0.03069681,0.0833474,0.3108831,0.4414071,-0.001000689,0.1009374,0.4274499,0.04483087,0.03108204,0.02317376,-0.1097494,-0.2450022,0.1791787
-0.02164567,0.004904654,-0.03736428,0.3076228,0.1557536,-0.8335772,0.01479758,0.0007871584,0.17856,0.2955295,0.1840473,-0.02746651,0.1166825,0.03763061,0.2516591,-0.3766961,-0.4783984,-0.09007451,-0.03531561,-0.003879216,-0.06405554,-0.3935741,-0.4521879,-0.001590285,0.006892116,0.3217492,0.1373031,0.2333729,-0.04628741,-0.02368521
0.06095558,-0.06042998,0.0001038116,-0.2365081,-0.1754169,-0.09110361,0.2024225,0.1296535,0.3108304,0.7431256,0.3094553,-0.02355522,-3.463894,-0.01436463,-0.4083997,0.9616453,-0.01057773,-0.2915094,0.152869,0.01314074,-0.8716211,-0.1895687,-0.005206698,-0.01446676,0.119056,-0.3523206,-0.1509191,0.6687905,-0.06097176,0.03188868
1.293939,0.01194581,-0.8723049,-0.4587687,0.1527822,-0.4264244,0.002467565,-0.01179773,-0.4231788,-0.2354947,0.2215701,-0.3533518,-0.0982365,0.2656609,0.0875787,-0.1618358,-0.3181899,-0.4199384,0.3680167,0.01004214,-0.0003680487,0.2252318,-0.4162521,0.3236898,-0.03686467,-0.01510353,0.3145004,-0.5491962,-0.2899436,0.007098377
0.2422977,0.02140148,0.3749368,0.06423471,0.09203535,0.2287917,-0.005928189,0.7497398,-0.2032979,-0.4224764,0.0440721,-0.2450605,-0.3987995,-0.007274874,0.6837584,-0.03995543,0.1326402,0.01946314,-0.5331322,-0.4332086,-0.05513448,-0.5231321,-0.001196973,0.0609805,-0.7108973,0.02121914,0.8340752,-0.3036386,0.0467765,-0.02864297
-0.1275281,-0.007815421,0.1917778,-0.04972246,0.04229957,0.2864704,-0.08303159,0.2601665,-0.01079656,-0.1554702,0.1040012,-0.3801041,0.007120319,-0.05826819,0.2716866,-0.8751287,0.4460032,0.2387531,-0.1553325,0.03104764,0.1066589,-0.2316007,0.03738505,-0.0778696,0.4211836,0.005805643,-0.4144213,0.8353613,0.3410338,0.0001714253
0.8449748,-0.5497311,0.006876327,0.1882718,-0.1957176,-0.2250188,0.3866996,-0.3203758,0.1818514,0.4626825,-0.1708726,1.258047E-06,0.1312815,-0.04877273,0.2345669,-0.4363016,-0.015692,0.1595329,0.4480007,-0.02816776,0.4641619,-0.380934,-0.4781923,0.1112609,-0.3815032,-0.2322044,-0.101329,-0.006522339,0.8872562,0.002044937
-1.93722E-05,-0.001588528,0.02508615,-0.1066103,0.1269777,0.0009351452,0.1171871,-0.2731198,0.7776067,-0.2624065,-0.4897719,-0.4704616,0.1129507,2.177583,-0.002323863,0.3849353,-0.3225349,0.09422964,-0.3700775,-0.1057924,-0.1810944,0.7814698,-0.04762954,0.4707479,-0.1872645,0.8183309,-0.1333213,0.07990617,-0.003522156,-0.2567407
-0.2864074,0.2531581,-0.007928931,-0.5548118,-0.06221144,0.07700785,-0.3409337,0.2740588,0.5475231,0.01245951,0.3234735,-0.1796198,-0.01472858,-0.3779069,-5.283245E-05,0.1860243,0.170691,-0.2581714,0.03049345,0.0007432301,0.1025087,0.005310692,-0.3807051,-0.5237026,0.006758943,-0.4137105,0.03642296,1.043053,-0.2916811,-0.4789739
;
0.2520814,-0.2511138,0.3752931,-0.01433462,0.0001811286,0.4504813,-0.01339894,-0.1791816,0.002133084,-0.1203082,-0.1146222,-5.364273,0.09817404,0.4453003,-0.2840965,0.1597202,-0.1790787,0.1065428,-0.868175,-0.5730948,-0.02878338,0.07101959,-0.120725,0.08667722,0.02719596,0.2118707,-0.1026142,0.06221929,-0.2925086,-0.4011174
0.08678919,-0.3579433,-0.1372809,-0.2628639,-0.1428299,-0.3748744,-0.336056,-0.4408627,-0.08811883,0.01751596,0.04749889,0.19773,0.4500785,-0.155577,-0.2489791,0.03988659,0.05578989,-0.470892,-0.07756582,-0.291473,-0.08479862,0.01487745,0.02282117,0.3478305,-0.08339775,-1.266457,0.4628884,-0.01018693,0.8447977,-0.294133
0.007562993,0.539841,0.03850994,-0.07882938,-0.4966697,-0.05712353,-0.3290739,0.4277387,0.09158888,0.3210459,0.2598619,-0.09667238,0.06896981,0.1673153,-0.1906241,-0.01912762,-0.1230875,0.144429,0.1190558,-0.06124301,-0.2506264,0.0002212834,-0.006528937,0.04227573,-0.2777639,0.2460215,-0.0331836,0.3319936,-0.2259924,0.5818703
;
0.4808723
-0.4184826
0.6319675
-0.006532169
0.03737182
0.05500665
0.06822046
0.09772998
-0.2269026
-0.7204953
-0.4023682
0.7975688
-0.4407619
-0.4793591
0.1861918
0.008205305
0.700039
-0.1090718
0.1717361
-0.2497906
0.5893315
0.07944983
-0.341292
0.01169022
-0.01601108
-0.2282727
0.2558063
-0.2025042
-0.06519838
-0.6827413
;
-0.08050386,0.02629316,-0.402375,0.02480269,-0.02062954,-0.5051389,-0.4536752,0.138878,0.02302226,-0.3873467,-0.09634769,0.1362814,-0.2261094,0.1435509,-0.2017347,0.05256912,0.2185672,-0.2662802,-0.3797541,0.7425021,-0.4128926,-0.01199664,0.6288567,0.1954137,-0.2901745,0.07300629,0.441007,0.09314981,0.1048021,-0.3390307
0.066423,-0.229048,0.772119,0.2056901,-0.3758196,-0.2364071,-0.1502574,-0.4017452,0.4077988,-0.2301772,-0.01527339,0.7820821,0.1997949,-0.2116686,0.01181272,0.1479521,0.1804976,0.3009276,0.0163975,-0.2962003,-0.04943369,-0.01515298,0.3404557,0.1197763,0.4607038,0.05222701,0.05839683,-0.2967715,0.02243885,0.1330237
0.321683,-0.1682068,-0.3224845,0.09579895,-0.02481547,-0.2494114,-0.1475097,-0.3239954,0.4715297,0.04888179,0.5012718,0.9052851,-0.1391081,-0.2413277,-0.3651584,0.4790843,-0.5576715,-0.03849338,-0.2074137,-0.3084892,0.04116436,0.415095,0.05577073,-0.09824193,-0.07612817,0.007138591,0.6070685,-0.4006435,0.002859429,-0.02701041
0.1095317,-0.1068289,0.1339662,0.04110295,-0.06237479,0.3647956,-0.08817218,-0.3252782,0.4387224,0.001298471,0.01278893,0.08082043,-0.1537912,0.02818879,-0.1910889,-0.3219572,-0.02083679,0.1208021,-0.1959829,0.00185646,1.146674,0.06942831,0.009976495,-0.3777531,0.5447872,0.1975785,0.4526241,0.1385106,-0.2328201,-0.4577053
-0.5750828,-0.4619662,0.05156726,-0.0355875,0.1224863,-0.3865622,0.4070456,0.2466777,-1.190564,0.3533682,2.30042,-0.04826218,-0.1077851,-0.401483,-0.5461692,-0.06854802,0.1074683,0.07033729,-0.3073453,-0.09778244,-0.3848821,-0.3517995,-0.3935809,0.1308488,0.2056599,-0.202189,-0.01073745,0.09168805,-0.02012897,-0.02791298
-0.09010922,0.334844,0.1316369,0.1630599,-0.01337954,0.08400319,-0.05444205,-0.01255726,0.1081626,0.05157596,-0.3768286,0.3119556,-0.4360958,-0.3441168,-0.1521377,-0.02816945,0.01882902,0.05385766,-0.2394844,0.002017975,0.01850818,-0.4229237,-0.2745303,-0.295002,-0.003572604,0.08926016,-0.03417064,-0.0907908,0.2063269,-0.4285834
0.01635354,-0.3399101,-0.7680662,-0.1686655,0.08117448,0.05415672,-0.1712207,-0.04405978,0.07881813,0.3912956,0.3612982,0.04447907,-0.4487696,0.0501071,0.3889613,0.09971815,0.3218561,-0.2960061,0.2138641,0.2806323,0.03079863,-0.02206558,0.1099556,0.4761927,0.3228858,0.02705742,0.4328461,-0.00564152,0.1156798,0.1688424
-0.1510159,-0.3819599,0.2611181,0.2829964,0.365021,0.08586846,0.2689216,0.4043854,0.06947798,-0.1244381,-0.03290896,0.1900164,-0.779,-0.006573683,-0.8076913,0.3165643,0.0606969,0.03937254,-0.4762646,-0.1104071,-0.01176873,0.02735331,0.3745513,-0.2176028,-0.002844553,-0.002070721,-0.1579311,-0.04801936,0.1998943,-0.367499
0.3257513,0.1553869,0.04257721,-0.007442961,0.07960226,-0.1508582,-0.08191758,0.4406705,-0.3890243,0.4044387,0.4105938,1.472877,-0.4675621,-0.1609029,0.5739331,-0.463263,0.7053489,-0.2695003,-0.2178351,0.06845659,0.3921849,0.003422216,-0.02589517,-0.1966217,0.1111608,-0.1929972,0.3474662,0.004664555,0.1516688,0.2362454
0.4944969,-0.2816004,-0.2391902,-0.5061209,-0.4613492,-0.6970151,-0.1103759,0.3639992,0.4714563,-0.2639263,0.08429831,-0.258224,0.02488822,-0.3826718,-0.04647133,-0.4524494,0.1178314,-0.2674901,0.03979819,0.2211228,0.003642202,0.1119575,-0.5505603,-0.3517323,0.04285691,-0.005335405,-0.04278087,0.5572588,1.34843,0.05391116
-0.1167354,-0.1738117,0.3487678,-0.07614702,-0.1262306,-1.085022,0.009075419,0.1955465,-0.006972332,-0.02657223,-0.3623321,-0.3995754,-0.1230464,0.06871778,-0.3910599,0.4173072,-0.2770072,0.06061607,-0.387192,0.0049998,0.3658637,0.5252553,1.644793,-0.004978077,0.07171243,0.2268324,-0.2710184,0.342154,-0.5989466,0.0180028
0.4991669,0.09402339,-0.1742344,0.09178311,0.2514313,0.203421,-0.6554705,0.02825492,0.2714587,0.06746914,0.3728181,-0.4689015,0.0002988527,-0.114686,0.509114,0.1893536,0.1746247,-0.01761535,-1.538216,0.2726272,-0.1958029,0.1411429,0.001993067,0.110622,0.277043,-0.4566988,-0.3488978,0.3448586,-0.3359791,-0.03065725
0.1660828,0.3073072,0.4506426,-0.3278157,0.247172,-0.09739672,0.005053561,-0.2140417,0.02166246,-0.09423083,0.0008838628,-0.2804577,-0.2999982,0.006948014,-0.1479729,-0.1638154,0.05014213,0.1186334,-0.3807945,-0.004196209,0.2608043,0.7859139,-0.3052622,-0.3431481,0.001987902,-0.006633461,0.4100802,0.2682071,-0.0112875,-0.0002261381
-0.1446075,0.03696471,0.2265942,-0.07056135,0.1514635,-0.1298913,0.0201843,1.648863,0.4149385,-0.3271019,0.008728052,0.4544767,-0.007738564,0.6377092,-0.1773803,0.0006536253,0.3410954,-0.4051449,-0.2330447,-0.02972712,-0.2183418,-0.2553151,-0.1506247,-0.3055871,-0.4014682,-0.1159715,-0.2883431,0.6636696,-0.2194507,-0.3941
-0.06581027,0.03134814,-0.7840192,-0.06843822,0.3563175,-0.01477578,-0.4590771,-0.4193183,0.4211534,-0.1499172,-0.3922555,0.4741935,0.08461732,0.3431509,-0.1622055,0.1030155,0.5689166,-0.2811362,-0.4146857,0.3159547,0.003337444,-0.3248535,0.06285123,-0.07545751,0.663636,0.08344605,-0.04985255,0.02908736,-0.4965287,-0.3823365
0.1020229,0.005044671,0.01888692,-0.4767269,-0.4282724,0.3234205,-0.01263465,0.03313283,-0.04019615,0.1085982,-0.02897432,0.2113941,0.03995902,0.004580851,-0.1782909,-0.06212896,-0.02097622,-0.01018447,0.3972999,0.1518361,-0.2612611,-0.2471838,0.4969601,-0.1643537,1.046363,-0.4903487,0.0001321026,-0.01393266,-0.02576009,-0.02360458
-0.1633999,-0.4214854,0.009220078,0.2309987,-0.4874058,0.07703114,-0.04341811,-0.2486596,0.2095868,-0.005538948,0.2317134,-0.003536645,-0.003428188,0.8061046,0.07789355,0.5810136,-0.36262,0.08494173,-0.1125822,0.192785,-0.0004714409,-0.3476689,-0.3067337,-0.040958,-0.3440287,-0.01286232,-0.7272644,0.429655,-0.2349138,-0.3987889
0.09332639,3.209567E-05,-0.05476362,-0.5112683,-0.8806136,-0.3745544,0.2799991,0.6662852,-0.02160704,0.03619748,-0.2420911,-0.310552,-0.001238115,0.04369849,0.0148477,0.01267903,-0.3504981,-0.05033457,-0.3986591,0.09730435,0.007220907,0.3422183,-0.01105827,-0.3504809,0.1383347,-4.079296,0.5640383,-0.0003138129,-0.2234237,-0.1250703
-0.2803534,-0.5465409,-0.1137783,-0.6993538,0.3220836,-0.3757613,0.8563093,0.4289285,0.3955201,0.5752914,0.3826215,0.3508978,0.05907816,-0.01391669,-0.03441929,0.3596375,-0.3314474,-0.005834826,0.01585134,-0.3939515,-0.005595998,0.005892919,0.0660395,0.1877571,-0.06279856,0.4564513,0.02449155,0.2289166,-0.2469429,0.1727662
0.06399471,-0.4517919,0.4328534,0.4352628,-0.4294883,-0.9178144,-0.1866328,-0.1703199,0.4310353,0.03776329,0.1633626,-0.05606526,0.4429904,0.3981397,-0.005991007,-0.8201442,0.01622888,-0.1246788,0.4165598,-0.0002777656,-1.604882,0.4130873,-0.3283149,-0.3230351,0.01279782,1.195822,0.7670436,0.3955642,0.2581555,0.2721102
-0.3200011,0.2247703,0.01079783,-0.1239623,-0.4876894,-0.3897794,0.1189465,0.4069345,-0.4701826,-0.2501764,-0.4068933,-0.03709418,0.63561,0.3151293,0.7574119,0.02326022,0.4296055,0.3465872,0.01900367,0.2408795,0.4117349,0.2748259,-0.3467421,0.03928115,-0.03981113,-0.4675518,-0.002766103,-0.4166859,-0.0546546,-0.08320617
-0.02881351,-0.6642296,0.1451968,-0.4089684,0.3873649,0.184254,-0.4825248,0.01285033,-0.1566641,0.4406783,0.1105547,0.4102867,-0.08048971,-0.8284475,0.396167,-0.004507115,0.1494668,-0.08753282,0.38556,-0.8167731,-0.2182474,0.08369213,-0.1445923,0.1186882,0.4589646,-0.1002113,0.003658712,0.08220796,-0.1336247,0.6423402
-0.02464026,-0.5754503,-0.0004128814,0.1842054,-0.1995952,-0.05900634,0.02951765,0.103142,-0.0981371,-0.06237274,-0.003484572,0.5360821,-0.7265558,-0.02091461,-0.6519398,-0.1856791,1.441693,-0.2273799,-0.26539,0.1168986,-0.005263507,-0.5161313,-0.3099492,-0.05724475,0.007342532,0.4569317,-0.124254,0.2560647,0.0003209687,0.03702635
0.06611329,0.1380118,0.3139821,-0.5070277,-0.3291079,-0.1350121,0.1820355,-0.01609204,0.2018155,-0.07932212,-0.4000347,-0.01299328,0.1396831,-0.1986471,-0.1470814,-0.05139142,0.2709285,-0.014943,-0.1447004,-0.04759718,-0.07700795,-0.2050859,-0.1079205,0.08601862,0.1481946,1.031855,-0.4950806,-0.1649219,0.04693989,0.3295553
-0.499994,0.2346009,0.005184596,0.2169819,0.06784357,0.488332,1.214547,-0.0004159156,-0.3427607,0.7114614,-0.2826522,0.175551,-0.08543921,0.1602046,-0.09268929,-0.1038373,-0.07652663,0.1076548,0.2605298,0.01832462,-0.6289929,0.1089639,0.4908254,0.1683141,0.4892598,0.6639253,0.4916416,-0.01469354,-0.005758936,-0.1267133
0.4118278,-0.00537428,0.1794987,-0.153647,0.03604556,-0.3642158,-0.1131967,-0.171452,-0.6202552,-0.4602326,0.3260671,-0.4056062,0.1418314,-0.4940776,-0.2534814,-0.1352823,2.44432,0.3014147,0.008616842,-0.01004418,-0.01381058,0.02632222,0.490571,-0.4556071,0.06010771,0.4154651,-0.3620285,0.001917488,0.1652952,-0.4250758
-0.54014,0.03966058,0.06494743,-0.6606323,-0.06792027,0.3150238,-0.3861617,-0.2257741,-0.1586957,0.4049851,-0.4203875,0.4084399,-0.1868811,0.01602656,0.3446136,-0.05097009,-0.05887238,-0.1658385,-0.3740006,0.4346398,-0.07890838,0.300577,-0.1534466,-0.1291947,-0.08029789,-0.2152705,0.2244593,0.1384963,-0.00249928,0.01130491
0.1706107,-0.1328146,0.8269845,-0.1701316,-0.2042926,-0.4613746,-0.2582556,-0.03432757,-0.2612464,0.2704567,-0.05600133,-0.4958768,0.2978631,-0.4709461,-0.1815708,-0.004360795,-0.5598277,0.005259526,0.1641376,-0.06261463,-0.1524687,-0.370212,0.4357187,-0.6126055,-0.09452129,-0.3598931,-0.5914693,-0.4677699,0.7609097,0.002795335
-0.002912093,-0.2190445,-0.2980917,-0.3560554,0.2622288,-0.0959593,-0.273322,-0.220146,-0.1069575,-0.01748586,-0.1632442,-0.07826048,-0.4439093,0.2649842,0.1274348,0.3854498,-0.1652245,0.7790853,-0.1167368,-0.003431823,-0.01688945,-0.2729933,-0.006836398,-0.2590327,0.2704369,0.1757238,0.2281438,0.008376916,0.07791954,-0.003605857
-0.2036846,0.3082455,0.008285103,0.6089417,0.2393598,0.01233975,-0.3434249,0.6418122,0.4444478,0.132638,0.2609847,0.5012474,0.6473086,-0.1422326,0.02284014,-0.004302904,0.1677863,0.005698894,0.0669753,-0.006267003,-0.07569891,-0.1783649,0.01572443,-0.4139371,-0.06314319,-0.01240726,0.0003137827,-0.3783926,0.5963563,0.3676529
;
-0.5920615,0.07825094,0.06073929,-0.41416,-0.0454029,-0.3718376,0.8314661,0.002735295,-0.01894075,0.2835894,-0.0329426,0.5140676,0.1238156,0.3220414,-0.04165131,0.0176515,0.2471337,0.2666217,0.1159396,0.05189568,-0.3245989,-0.3246891,0.02073978,0.02960106,-0.02236646,0.0766973,0.06115853,0.4747834,-0.2048487,-0.1121034
-0.06655142,1.06557,0.001567617,0.1709253,0.2736632,0.2925042,0.08477527,-0.01487939,-0.1860189,0.1376611,0.1731762,0.0364586,0.04541722,-0.7234126,0.02497894,-0.2642351,-0.2465668,0.002690274,0.5020138,-0.175882,-0.4952404,-0.01853227,-0.026796,-0.04023311,-0.4496073,-0.2053031,0.01058657,-0.08970243,0.1194988,-0.4381342
-0.05917001,0.3108968,-0.1354951,-0.3886364,-0.281837,0.02828916,0.1031518,0.08634422,0.2161562,0.03086485,-0.1049862,0.02210933,0.2488248,0.4459647,-0.00896735,0.003920191,0.0192797,0.1445875,-0.0450222,0.1723176,0.5157539,-0.00748632,-0.03390915,0.1695058,0.06019122,-0.01179731,0.173291,-0.2846543,0.4906518,0.01845187
;
-0.1730922
-0.0022911
0.06156186
0.03273672
0.0005385246
0.1882887
0.2140168
-0.4673157
0.364517
0.1468292
0.02560812
0.4270612
3.875527
-0.07328707
-0.249008
-0.02101376
0.1144174
0.3430816
-0.1313215
0.3192981
-0.4510661
-0.2185885
-0.4426172
-0.00216112
0.4798571
0.009579563
-0.4898526
0.005908489
0.6794013
-0.3678164
;
0.04316165,0.3675481,-0.2201737,0.004418792,-0.2201903,-0.3823029,0.9465703,-1.527108,-0.9351249,0.1253475,-0.01049318,-0.159134,-0.1077031,-0.05242121,-0.1079046,0.2374239,0.0483212,0.1193478,0.2709756,-0.1738127,0.2114817,0.1606702,-0.4203699,0.4415739,-0.09453863,-0.1432555,-0.4005219,0.2064819,0.0005147673,0.02848559
0.4951739,-0.03935245,-0.1395818,-0.05990769,-0.4763986,-0.2205101,-0.1556639,0.03845703,0.2145302,-0.1751296,-0.006599679,0.2173209,0.683828,0.1725731,0.01843634,0.2765995,-0.1164682,0.828519,-0.009356439,0.1725111,-0.1842604,-0.1379903,-0.1043809,-0.4295969,0.3648134,0.1646866,-0.04530273,-0.2901486,0.300119,0.2804712
0.07957138,0.006586346,0.02191368,-0.06615765,-0.0797874,-0.02065279,0.1312413,-0.4512709,0.3283644,-0.2303444,0.001845844,-0.8851876,0.2570995,0.3554038,0.2662359,0.04067713,-0.05972759,0.001905226,-0.3187685,0.07427283,-1.060665,0.0004127535,-0.1653263,0.1107612,-0.09274858,-0.04501207,-0.765152,0.1752187,-0.01385061,0.527538
-0.2293151,0.1891085,-0.06425511,0.2206297,-0.001691759,-0.3622695,0.4500551,0.5631845,0.4136382,-0.3321329,-0.01734753,0.008934915,0.4360546,-0.7565486,0.03129522,-0.0122842,0.4731679,0.5815527,0.3530176,0.05486086,-0.7222149,0.9042045,0.04010724,0.1324872,-0.1258369,-0.5982495,0.06757171,0.0355869,-0.05346495,-0.05407055
0.5874572,0.3665824,-0.2320983,0.06940485,0.3368472,-0.01314198,0.469921,-0.001126109,-0.1198341,-0.5893776,0.4348948,0.3506365,0.04055333,0.0201532,0.2752723,0.09561187,1.230894,-0.1165923,-0.4722416,-0.1692865,0.04901072,-0.4860075,-0.03810464,0.6188956,-0.4179559,-0.7823769,-0.04138374,-0.372565,0.1129035,0.02052257
0.4403386,0.3087133,-0.002836163,-0.111372,-1.688912,0.2814243,0.336983,0.4361614,0.8123255,0.09901069,0.4114827,0.3042706,0.3910738,-0.0009773752,0.2306951,-0.247662,-0.008504332,-0.2660768,0.2798221,-0.1460583,-0.0393971,-0.2755791,-0.0351739,0.03134205,0.4661437,0.01558193,0.4925402,-0.188809,0.9194127,-0.06453615
-0.321978,-0.3380383,1.28731,-0.02353727,-0.02121186,-0.08416814,-0.2503365,0.0382746,-0.4477193,-0.3271747,0.08889516,1.304755,-0.008276857,0.07125002,-0.03066685,-0.3175176,-0.3598123,0.009939373,0.5856759,-0.09077355,0.111359,0.3873962,0.000729794,0.006825864,-0.5056719,0.07032179,0.3618752,0.1074307,-0.04072994,0.6378472
0.1321342,0.07718361,0.7420766,-0.2552888,-0.3434564,-0.2416058,0.1353039,0.05882734,0.3216158,-0.1018991,-0.4993115,0.3587434,-0.5383204,0.001812172,0.384402,0.02910477,0.09216469,-0.3153863,0.1481598,-0.4209361,-0.4551595,-0.03439835,-0.6915792,-0.00672071,-0.3153957,-0.0181116,-0.02462433,0.34305,-0.02591333,-0.08395834
0.09972078,0.5872383,0.3863436,0.1016701,-0.4031968,-0.2438557,0.3366368,0.4124383,-0.005466918,-0.006804508,-0.001741976,0.3183186,0.3900538,2.083615E-06,0.02640202,-0.1361215,0.8114851,0.280027,-0.2837586,-0.08320194,-0.06624991,0.2106385,-0.1329942,0.1989003,0.2132175,-0.1172345,0.2490253,-0.01627056,0.06733168,-0.1087129
-0.06563231,0.003597889,0.2569252,0.1036961,0.3760554,0.4034481,0.01278416,-0.4539924,-0.003371775,-0.380743,-0.02315574,-0.01328808,-0.07161852,-0.09900898,0.08663872,0.005720807,0.1165077,-0.774677,0.2872915,0.06365758,1.384755,-0.3989575,-0.09060173,-0.1632839,-0.129381,-0.417135,0.8218059,-0.3108176,-0.1842385,0.02684957
0.2522828,-0.4134194,0.4444222,0.06609469,0.002784398,-0.166153,-0.3796697,0.04050842,0.2672499,0.0005253782,0.4197231,-0.04098493,-0.1486907,-0.3921885,-0.09345371,-1.613067,0.06204444,0.04121697,0.2312587,0.2008506,-0.4907101,-0.4639093,-0.4652343,0.5576622,0.6067895,-0.3703905,-0.2308344,0.2869016,-0.2531073,-0.03855535
-0.03866929,-0.02781522,0.3709094,0.1116078,0.04841083,-0.2813705,0.2581141,0.4828864,-0.5798136,0.3012343,0.4738247,0.002579314,0.2476633,-0.3341311,1.073038,-0.001453629,-0.05662149,0.4902587,0.001356855,-0.3651152,-0.06949296,-0.1221897,-0.09338377,-0.006751075,0.1175498,-0.00478137,0.3208897,0.1273876,0.2573623,0.002649111
0.1336473,-0.3953863,-1.32303,-0.387234,0.2527799,0.3939058,-0.2120538,0.3512253,0.4491901,0.2168193,-0.009410163,0.493829,0.1478041,0.286643,-0.08495849,0.7832028,0.3176416,-0.001294398,-0.0218719,0.6181599,-0.4587348,0.2271738,0.02770877,-0.2665446,0.2531039,-0.1977182,1.110176,-0.5336136,0.2038537,0.2133341
-2.680343,-0.1840039,-3.255581,-0.07388324,-0.4120972,0.4348001,-0.6707373,-0.3657742,-0.2309746,0.3785846,-0.05393916,0.9682139,-0.15369,0.4661067,-0.000225454,0.3942522,0.00487242,-0.06039548,0.23139,0.2399517,-0.1635909,-1.026833,0.01826264,-0.262629,0.3276143,0.1407005,0.4891207,0.2914686,-0.008245624,0.112435
0.3764094,-0.1209105,-0.5130324,0.3497014,-0.3001853,0.4031041,0.5217884,-0.0129406,0.2028733,0.05996317,0.002565559,-0.04837455,0.264945,-0.4986166,0.3169572,-0.951212,-0.02999384,-0.4867647,0.3938234,-3.521651E-06,0.1169707,-0.1009743,-0.1800975,0.04639153,-0.4988871,0.1130869,0.03236356,-0.1045379,-0.04140502,-0.05878979
0.00124884,-0.7051936,-0.05642922,0.1483727,0.3909988,-0.01585072,-0.01039311,-0.1796247,-1.138197,0.04285989,-0.4043236,0.9417686,-0.7031395,0.005885017,-0.3238791,0.01230453,-0.03342042,0.487725,0.01070054,-0.02032413,-0.03114094,-0.1357419,-0.2689642,0.08381466,0.02845996,0.926714,0.01941747,-0.4703053,0.06955448,-0.07248914
-0.1498711,0.6407934,-0.01009221,-0.02730777,-0.113717,0.6748013,0.0244146,0.322906,0.5490755,0.1090798,0.0003119391,0.03056996,-0.0008978244,0.1775626,0.4778489,0.3809011,-0.2464938,0.1322005,-0.3813436,0.4167966,-0.3663237,0.0003927984,-0.1404095,-0.3859411,0.00021409,1.309773,-0.01027375,0.3618328,0.1637407,-0.07226698
0.182595,-0.01522879,0.09007118,-0.5359284,-0.322751,0.106999,0.3288199,-0.1081772,-0.01937189,-0.1573598,0.03417748,-0.2828548,-0.1484072,-0.007315096,-0.07291535,0.1461587,-0.06072396,0.05332328,-0.2313005,-0.2074044,-0.05034095,0.0242663,-0.03799778,0.001574508,-0.1348753,-0.3170778,-0.1064009,-0.0157233,0.7412476,0.17163
-0.0550465,0.3751992,0.01675952,-0.06258203,-0.129176,-0.08758048,-0.2769808,0.1527132,0.07789658,0.1134506,0.1859786,0.5867323,-0.135002,0.144438,-0.08574521,-0.406445,0.4813886,-0.2404313,0.4517347,-0.3561903,0.1139169,-0.06804609,0.04796976,-0.7569778,-0.2156723,0.4992175,-0.06741577,0.4797747,0.403451,0.02348866
-0.04674136,0.09361898,0.725119,-0.06044692,-0.05242056,0.2858248,0.001446796,0.04980512,-0.08258833,-0.06273192,-0.6329227,0.009365048,0.3817748,0.000919834,0.0240594,0.1193252,1.956072,-0.1481857,-0.4747556,0.2798208,0.7574946,0.4554111,0.4024307,0.04610258,0.0524619,-0.1472136,0.08958355,-0.4578198,-0.001714193,-0.6633604
-0.02986225,-0.1304726,-0.1039087,0.2361104,-0.1477353,0.06875876,-0.6582745,0.6556575,-0.2293091,-0.4668429,0.1159153,-0.4608809,-0.03779608,0.1509816,0.03807472,0.1563506,0.0430261,-0.3096074,0.08888169,0.2151879,-0.2820885,1.27865,0.3495292,-0.1248158,-0.1378147,-0.1831911,0.005234639,-0.08578855,0.01760543,-0.00705996
-0.1838969,0.5267884,0.09364384,-0.0008056136,-0.001260941,-0.1266063,0.06587686,0.04032549,-1.101945,-0.2081355,0.07316393,0.001007598,0.3677203,-2.018227,-0.1638781,0.3380351,-0.7380885,0.01352451,-0.4746875,0.4750922,0.4087243,-0.4144144,0.3692684,-0.2615782,0.07926468,-0.002815367,-0.02787359,-0.3341113,-0.2389854,0.4291461
0.1813378,-0.0708892,0.1604757,-0.03315308,0.0129934,-0.1024023,0.1679729,-0.3009354,0.008237898,-0.2207159,-0.008480145,0.4132529,0.08224517,0.5814235,0.005446414,0.2098237,0.1584279,-0.00605831,-0.137926,0.1621671,-0.2635286,-0.3769946,-0.5514264,-0.487608,0.3935896,-0.002156844,0.007172464,0.1393701,-0.00720357,-0.1319008
0.4029291,-0.344209,-0.1480236,-0.2374041,-0.1211956,0.4505994,-0.09855735,0.04326278,0.05298108,-0.04914137,0.03716644,0.06562668,0.01797521,-0.2794665,-0.09363558,0.1793577,-0.08351401,0.0007954728,0.2622456,-0.02302279,-0.5244342,0.06509457,-0.2565753,-0.001542956,0.001187966,0.2983366,0.2910983,-0.08035291,-0.4942473,0.179375
0.2413766,0.2948547,-0.2559922,-0.4391018,-0.04735124,0.014213,-0.2494542,0.2942761,0.1105221,-0.0003024429,-0.03486489,0.8077646,-0.1322024,-0.2081987,0.2462611,0.2370465,-0.09075981,-0.4375579,0.3583791,-0.7301341,-0.2294861,0.2632058,0.02499383,-0.4011231,0.0007752801,0.3371331,-0.6214609,-0.06062699,-0.08478552,0.1314996
-0.3924489,0.03888015,-0.5683774,0.5725645,-0.001853609,0.2303723,0.2054852,-0.001540174,0.03000105,-0.1284507,0.09991045,0.909413,-0.1781383,3.579446,-0.7702601,-0.001081896,0.2632128,-0.01238528,0.4259126,0.3628998,0.03515773,0.04847721,0.0004176921,-0.4689164,0.006133235,0.07912236,0.01012899,0.5020778,0.1777315,0.1059793
-0.1867637,-0.3329266,-0.746817,0.01560662,-0.1255306,-0.02143321,-0.2278695,0.1734562,-0.05781039,-0.3996814,0.2211364,-0.2764443,0.09935042,-0.2291806,-0.2538673,0.4853966,-0.04925936,0.1775323,-0.06198126,-0.002038901,0.4540587,-0.0001079889,0.2711356,0.5830405,0.2306098,0.207195,0.3248903,0.6068147,-0.1352745,0.1418149
-0.05822569,-0.04366785,0.4538538,-0.3762892,0.04961203,-0.1152192,-0.2735983,0.2659826,0.143585,-0.001206809,-0.1372816,0.1685294,0.3601028,0.1054947,0.7871222,0.2233546,0.02598763,0.04840879,-0.4693961,0.7880732,-0.05857361,0.1551412,0.5866064,-0.0163689,0.4955078,-0.01000669,0.2910602,-0.004102729,-1.860627,-0.5364538
-0.06635825,-0.001409451,-0.04777926,0.1612395,0.01585568,-0.0384207,-0.04260473,-0.02198492,0.01659163,-0.3691314,-0.159924,0.1209722,0.3088852,0.8363174,-0.5604012,-0.08538999,-0.139634,-0.4061005,-0.1090201,-0.402045,0.5608739,0.08817261,0.03161384,-0.06859499,-0.08706189,0.32839,-0.3386304,0.001796932,-0.5981979,0.4064023
0.0763538,0.365374,-1.020615,0.08676565,-0.216341,-0.4488276,-0.0521609,0.283169,0.1169686,-0.1706618,-0.3480065,-0.2965264,0.2873183,-0.002156015,0.05506418,0.2541891,0.03611261,0.09215254,-0.9844848,0.4894464,-0.134357,-0.3583456,-0.07602854,0.5191817,-1.411723,0.01775887,0.06333154,-0.2804157,0.3411051,0.4920132
;
-0.007080269,-0.07224356,-0.09186745,0.09119731,0.001818815,0.2373866,-0.4977072,0.02705122,0.0002335723,-0.03504576,-0.1327248,-0.03242415,0.01482054,0.504477,-0.01901268,0.0001835665,0.2693629,-0.1366972,0.02703098,0.1507742,0.1728783,-0.380266,-0.04458393,0.2197051,0.1037879,0.3285908,-0.01086408,0.0757413,0.1317099,-0.05062149
-0.6413991,0.02107312,-0.1782044,0.1239291,0.3915055,0.00932517,0.5201982,0.03076226,-0.156455,0.2886759,-0.2265212,-0.4446557,-0.000985701,-0.06190878,-0.2113661,0.01121557,-0.1760244,-0.2755544,0.1841245,0.1475053,0.1977594,-0.001480039,-0.07803092,-0.3962243,-0.5784569,0.02718502,0.03106633,-0.4583629,-0.1886006,-0.05001226
0.005335333,-0.06224758,0.009435475,-0.0876133,0.2079875,0.03892065,-0.2426745,-0.09507885,-0.4329079,-0.3586938,-0.1884531,0.1069421,-0.04100277,0.7794133,-1.02303,0.0932427,-0.007823249,-0.06332818,0.06991619,0.04094157,0.02117748,-0.4614972,0.0302221,-0.8161961,-0.0712602,-2.215304,-0.01320141,-0.07364293,0.1639038,-0.2595816
;
