0.02609384
-0.5482842
0.2576855
0.07146186
0.4607101
-0.7923443
0.2080884
0.03334277
0.06404645
-0.5651718
;
-0.2006852,0.06904477,-0.07338501,-0.8098556,-0.2362604,-0.05328077,0.107275,-0.4912548,0.1796191,0.02322026
-0.4582267,-0.1463691,0.4935333,0.7420022,0.3458638,-0.1044804,0.1358603,0.08721747,-0.1388736,0.03116596
0.3006686,0.2167113,-0.2199026,0.01149975,-0.3216389,-0.2643574,-0.383423,-0.09950072,-0.3536993,-0.02166253
-0.3969959,-0.001562851,0.2610584,0.3527184,3.606702E-05,0.01584879,-0.008037319,-2.823691E-06,0.02760887,0.2965057
0.1092174,0.001897654,0.2779299,-0.2523029,0.8355025,0.01826384,-0.02803429,0.00537788,0.488492,-0.2513947
-0.1663044,0.8207451,0.1308502,-0.4035838,0.3123771,0.1561772,-0.02000501,-0.05602722,0.193943,0.07666395
0.2937264,0.1540092,-0.06915468,0.3705821,0.05329278,-0.04674321,-0.01205215,0.02267486,-0.8331273,-0.07268351
-0.2566147,0.04117024,-0.4692626,-0.001695519,0.0178859,0.4149384,0.6082417,0.3589504,0.6302221,-0.2234729
6.119026E-06,0.4470966,-0.0001592325,-0.03636898,-0.1382549,-0.03416584,-0.0005227625,0.0128397,-0.05001003,0.375793
-0.001036138,0.008815541,-0.2667521,-0.3934312,0.04267889,-0.1283523,0.008554518,0.0006133914,-0.07812429,-0.1995804
;
0.02963585,0.01815933,-0.4000032,-0.131399,0.9915413,0.1376988,-0.3766145,-0.4083454,-0.1336396,0.3208357
1.273505,-0.0132778,-0.05511297,0.07434094,0.1120756,0.455987,0.3034232,-0.2775348,0.001813004,0.007680766
;
0.01122434
-0.4707709
-0.08484893
-0.1307554
-0.02984412
0.3325108
0.6131973
0.1269402
0.0004412785
-0.06667715
;
0.08721917,0.2761382,0.4947316,0.01430884,0.1053964,-0.1016102,1.053633,-0.3378392,-0.2414957,0.1293657
-0.04118032,0.8883096,0.06297749,-0.1284897,-0.376962,0.04617277,0.2805747,0.2704483,0.0004709955,0.3756961
-0.04989201,0.2689204,-0.002980333,-0.1388171,0.03277761,-0.007482625,0.3500087,-0.003034819,-0.06506271,-0.04033536
0.3397565,0.1172927,0.08236522,-0.01129379,-0.002815914,-0.05199236,0.3598711,0.5229308,0.15132,-8.541751E-05
1.189721,0.02888918,0.1022069,-0.129159,0.01903429,0.003757308,-0.5451502,0.180784,-0.001070888,-0.005542576
-0.9058421,0.1082961,0.161749,-0.1209034,-0.229175,-0.2029825,-0.03140241,0.009536009,-0.1148633,0.4470109
-0.1953395,0.04939085,-0.3002623,-0.2332657,0.02696363,-0.07013007,0.3852074,-0.3739606,0.1107895,0.1235447
0.2620302,0.1140202,-0.002817518,-0.4349782,-0.6334574,-0.1730632,0.227919,-0.1604381,0.002289354,0.09456378
-0.2580806,-0.1667889,0.0362347,-0.0185471,0.1811336,-0.1177151,-0.1031098,0.8168468,0.195034,-0.4025302
0.4318596,0.4148208,-0.3846048,0.4606662,3.480976E-06,-0.0001847471,-0.005633,0.7560194,0.3356185,-0.2345359
;
-0.06128889,-0.06078611,0.07431084,0.003141885,0.2768385,-0.06534342,-0.009205589,0.02425408,-0.1747401,-0.1739961
-0.1466848,-0.01596671,0.3522553,0.01413599,0.008305354,0.06598169,-0.01508051,-0.0218315,-0.2111604,-0.09727329
-0.2089743,0.1082425,0.5677286,-0.0989458,-0.3694785,-0.5450163,-0.0703997,0.1019385,-0.01615939,-0.01214403
;
