-0.3292172
-0.3223584
-0.2379008
-0.1712874
-0.001537845
-0.1109261
-0.1820232
-0.3172351
0.3406004
0.6487693
;
-0.641223,-0.3877386,0.3459703,0.06676623,-0.2935627,-0.00568831,0.1211134,-0.008234228,0.3593072,0.2092185
-0.1464661,0.3415335,0.07441675,-0.1199889,-0.1855579,0.1869773,-0.01218649,0.2229035,-0.01427866,-0.2155333
0.001565091,-0.09872265,0.4165441,0.1267409,-0.1883752,0.639544,-1.430617E-07,0.4931829,-0.3953934,0.3923104
-0.7042783,0.414582,2.20674E-05,-0.2422709,0.44848,-0.143788,-0.009728492,-0.1871234,0.2484144,0.09280036
-0.01638199,0.07472305,-0.2880691,-0.08479589,-0.1897647,0.03459391,0.0003264666,0.0373252,-0.05474042,0.09100178
0.002119369,0.02930999,0.4621111,0.2360208,-0.562908,0.04733162,0.4097363,0.09403902,-0.3948121,-0.3205993
0.3705512,-0.004667475,0.01537997,0.56047,-0.4242363,-0.009359787,1.180424,0.3617313,0.0593149,0.0731016
0.3776389,-0.2280284,-0.1846819,-0.300032,0.0003425617,-0.3684189,0.1099159,-0.03916143,0.001391285,-0.07077134
0.03059334,-0.6645225,-0.07332368,0.4249816,0.3027557,-0.7664073,-0.2068893,-0.03335672,-0.08300573,-0.7732099
0.01056187,-0.04935331,-0.07117663,-0.3501696,0.8105426,0.05264207,0.2238752,-0.3070415,-0.05783552,0.1731004
;
-0.02808228,-0.06341902,0.14125,-0.1448923,0.1917026,-0.1500559,-0.006401055,-0.005201516,-0.2018371,-0.0329445
-5.339963E-07,0.01831931,-0.119698,0.1961341,-0.02621496,0.252514,0.4593889,0.04551858,0.01692905,-0.6399861
;
-0.004746642
0.01669088
-0.04670446
0.1243171
-0.07451089
-0.006218668
0.01329342
-0.04198097
0.3468461
0.009511391
;
-0.4692377,-0.2536004,0.3885678,-0.07402814,-0.09285594,-0.01791753,-0.06349684,0.01425821,0.2914684,-0.03927322
-0.128494,-0.3253176,-0.114357,-0.08618157,0.0001572825,0.07567465,0.4151297,0.4114271,0.2806685,0.430636
-0.1770124,0.03439575,0.06070278,-0.00350902,-0.2789139,-0.7310348,-0.1381516,-0.1780146,-0.1542117,-0.6032211
-0.2502357,0.006869629,-2.090015,0.4062926,0.2050025,-0.002574512,0.4000356,0.003499982,0.01964701,-0.7943245
-0.1599863,0.02039499,0.1608611,-0.002653786,-0.0843484,-0.1676819,-0.2461264,0.1059412,0.2737648,0.3124992
0.4533913,0.01988713,0.02434247,-1.239345,0.07236701,-0.3542626,0.3418639,-0.2694843,-0.1408347,0.5417959
0.04870725,0.2868733,-0.006976089,0.0005659987,-2.005884,-0.2678168,-0.005743563,-0.2384468,-0.2415315,0.01474682
-0.5991362,0.1095824,-0.2661418,-0.01560413,-0.1936196,-0.2030134,0.1780878,0.01429859,-0.00473649,0.793837
-0.1608132,-0.5916907,-0.001960256,-0.02002074,-0.01660365,-0.29258,-0.4073541,-0.1262393,0.3778188,0.006388605
0.357399,0.3593626,0.1920625,0.04651874,-0.1487066,0.2005307,-0.2903102,-0.2216271,-0.2367684,0.2590955
;
0.01262912,-0.005979985,0.03180367,-0.1688786,-0.4363644,0.2654352,0.5893151,0.03653592,0.01159491,0.02657574
0.3713198,-0.1396472,-0.2419751,0.007625639,-0.09616047,0.1592429,0.01146991,0.01359433,-0.124003,0.03084077
-0.247989,-0.1604432,0.04753932,0.04117101,-0.02329723,0.4712152,-0.06380741,0.2511494,-0.7384366,1.356501
;
0.05006806
-0.02382948
0.02981049
-0.326689
-0.02347657
-0.003565119
0.6065437
-0.1106755
0.5724159
0.01422782
0.2229295
-0.184066
-0.298429
-0.1220508
-0.04032491
0.2802628
-0.3502537
-0.3355904
0.413304
-0.0802834
0.2667384
0.002336294
0.3548776
-0.1580777
0.4267875
0.3993565
-0.1393412
0.4569339
-0.3658841
0.1528987
;
-0.1069407,-0.2556545,-1.253703,-0.4569587,0.068243,0.1797453,-0.002403812,0.3653567,-0.03611666,-0.9013571,0.377806,-0.350606,0.2061934,0.6013809,-0.4680929,0.443585,-0.005209478,-0.3018575,-0.2778072,-0.3694431,-0.2776037,-0.01785463,-6.768824,0.007805176,-0.0743276,-0.01098484,0.03098646,0.4015795,0.3746915,-0.3926973
-0.2360124,0.2790789,-0.0586957,-0.07838837,-0.3758196,-0.1425186,-0.06904477,-0.05369956,0.1181452,-0.03746345,-0.2408791,0.3203196,-0.1997949,-0.01453094,0.0877371,-0.1479521,0.1298402,-0.1392586,-0.0163975,-0.4951364,-0.1993462,-0.04067924,-0.2217496,-0.4733588,0.4607038,-0.373826,-0.4599613,0.06195268,-0.004879773,0.3541828
-0.02714556,-0.4545543,-0.0002705743,0.4827991,-0.0955074,0.5667036,0.8983331,-0.0175196,-0.2109328,-0.5457996,0.5300869,0.4810044,0.548708,-0.6877833,-0.730122,0.636026,-0.1802395,-0.05064129,0.1183812,0.4109358,-0.001266034,-0.415095,0.3345476,0.0443309,0.142242,0.1627531,0.2461343,-0.02987573,0.5708786,-0.001787186
0.03038382,0.1508816,0.0965038,0.04580494,-0.01286035,0.3735406,0.1127634,-0.1045856,0.04651501,0.09565897,0.1034819,0.272105,-0.3157132,0.01330131,-0.4126189,-0.1100403,-0.07650475,0.01554489,-0.3697666,0.2627337,0.464306,0.1350929,0.2243742,0.067662,-0.1270451,0.2513012,0.1638935,-0.496974,-0.008392822,0.278137
0.3100046,0.3089064,-0.2041854,-0.4826575,-0.3311712,-0.8882296,0.4462992,-1.330111,-11.39408,-0.2146997,0.3578497,0.00663694,-0.2829605,-0.2352318,-0.06597134,-0.005442722,0.02947694,-0.112878,0.1039316,0.008337556,-0.8155409,0.2688305,0.01818782,-0.1721522,0.3893322,0.5011854,0.003852501,0.8464478,0.0779906,-0.01277994
0.1369599,-1.015653,0.4444101,0.4947189,0.2771209,0.655344,-0.2137635,0.01748968,-0.1342898,0.06116134,0.338792,0.5489684,-0.177604,0.03915953,-0.4950156,-0.1967262,0.7092069,-0.1547719,0.06678009,-0.1655398,-0.2338397,-0.1836511,-0.2072763,-0.2470997,0.06089394,0.3237991,0.0680756,-0.7614191,-0.5499135,0.08393303
0.02940307,0.1995838,-0.001227699,-0.004433806,0.5884576,-0.2261371,0.04633443,0.3268098,0.1297258,0.1296812,1.381602,-0.4025948,0.2466951,0.0452091,0.6264491,0.1297409,-0.1526034,0.2279131,0.2974821,0.01473695,0.002101024,-0.4668614,0.1614246,-0.8019465,0.1157356,0.2451871,0.1898186,0.2003692,-0.1969705,-0.473388
0.06860288,-0.006886241,-0.002202571,-0.0113506,0.4482928,0.09942486,0.2514727,-0.3462203,-0.212631,-0.1258825,-0.003954709,-0.2927369,-0.1422094,0.2388875,0.9204539,1.67351,0.06676048,-0.1125694,-1.451164,0.1646219,-0.123844,0.129761,0.005409992,0.04752652,-0.1383043,0.001736136,-0.02514012,-0.03129664,-0.5188095,0.05742437
0.2402802,0.2744229,0.06637126,0.432556,-0.001966121,0.01236725,0.4063476,0.4213381,-0.08158793,0.09933573,-0.189589,0.2447892,0.3505725,-0.2145955,0.0008172599,1.35664,0.07216062,0.2164297,2.908321E-05,-0.3112313,0.1941915,0.001654112,0.3104721,-0.1125916,0.005998086,-0.07884496,-0.329731,0.003775587,-0.07296187,0.2825308
0.304741,0.1870098,0.1448822,1.100068,-0.1201068,0.09915096,-0.4962864,0.2475267,0.03165613,-0.03434041,1.026301,4.862293E-05,0.4297903,-0.09021514,0.0565117,-0.494642,0.05049471,-0.09263176,-0.004559183,-0.2536258,-0.1337401,-0.278877,-0.2981407,-0.2126292,-0.04285691,-0.03211515,0.4648626,1.011665,0.1574794,-0.04644418
-0.0772013,-0.1154519,0.07063104,-0.09905297,-0.03914326,0.3082185,0.2211694,-0.4231091,-0.421294,-0.06878832,0.04749352,0.370611,-0.198745,-0.3493357,-0.2647374,0.006569639,-0.1521373,0.40662,0.07354774,0.002464129,-0.2461507,0.00633961,0.1920971,-0.1160801,0.0508756,0.377382,0.02379694,0.1743329,-0.0002647887,-0.419625
-0.3441259,0.05095805,-0.1949985,0.1224899,0.1426139,-0.1263333,-0.255721,0.0006683252,-0.3236867,-0.01589732,0.3006538,-0.3870211,-0.4353795,-0.01449748,0.4057703,-0.02690773,0.3835025,0.2512312,-0.6694596,-0.238757,0.229965,0.0796326,-0.1525166,-0.04774654,0.2776105,0.889887,0.2976563,-0.06641236,-0.2407915,0.0330116
-0.5553026,0.6484066,-0.3123353,-0.1334619,-0.1357301,0.2105688,-0.002470276,0.0005830879,-0.3429984,0.229107,-0.0004610636,0.2102681,-0.4873145,3.421292E-05,-0.6404749,-0.003114358,0.04479966,-0.1288499,-0.04913976,-0.4804924,-1.093323,0.3219552,0.1567629,-0.004599988,-0.4357797,0.08435702,0.002153547,-0.6772966,0.4688537,-0.155684
-0.5554805,0.1058396,0.1502019,-0.2732037,0.08610791,-0.2724144,0.05145305,-0.0219168,0.147975,0.01875443,-0.02994378,-0.01481552,0.3370683,1.038893,0.3033186,0.001044251,0.2187091,0.4903061,0.6273068,-0.01586293,0.002491764,0.009345949,0.9326845,0.2171903,-0.1317428,-0.2100294,-0.03472509,0.08173647,-0.170785,0.2261298
0.02388484,0.05010189,0.9232072,-0.06843822,0.06510307,0.213224,0.01395827,0.05386327,-0.2637938,-0.211805,0.3628328,-0.6193867,0.1525601,0.4670535,0.4059046,0.01211495,0.349544,-0.003586716,-0.5222129,0.4685545,0.2056537,0.3155119,0.1142439,0.01199587,-0.461993,-0.4356432,0.007587053,0.004513491,-0.007312119,0.142012
0.1490671,-0.3497428,-0.1855137,0.003650783,0.1994232,0.8881567,-0.2926589,-0.07275239,-0.4283621,0.04450597,0.01886355,-0.0827674,0.4240414,0.000134343,0.04769877,-0.2559808,0.02090933,0.1857518,0.2144782,0.4106174,-0.1445757,0.2169037,0.04045669,0.01300169,-0.1542277,0.007273438,1.079988E-06,-0.4963874,0.4125512,0.3525043
-0.05921608,-0.6070305,-0.1211423,0.3102919,-0.01761574,-0.1277611,-0.03699537,-0.2048026,-0.1061305,0.0005121935,-0.2702869,-0.01210405,0.0001184084,0.4038828,0.1703953,0.3115801,0.00507109,0.025947,0.1064803,0.1143838,-0.4931146,-0.08016896,0.08594397,-0.3720984,-0.1012468,-0.4152459,-0.1636719,0.3316611,-0.3987813,0.4281418
-0.0620808,0.4527718,-0.0586313,-0.1100922,-0.5504537,0.2859002,0.01781324,-0.2197086,0.4301041,-0.4644334,-0.1036956,-0.143421,-0.003469741,0.01336888,-0.05625409,-0.3483906,0.03197793,0.08574799,0.0488672,-0.476316,0.004908105,0.08551687,0.008906463,-0.1449476,-0.2740763,0.4794249,-0.3057449,0.07780335,-0.4295743,-0.5857646
-0.1776088,-0.006928358,0.1910536,0.06604683,-0.3035548,-0.1886378,-0.3879589,-0.2167965,-0.4625013,-0.3763655,0.4359441,-0.1256088,-0.03234678,-0.01383073,-0.5083392,0.9040793,-0.1591811,0.04880622,-0.01655813,-0.007201703,-0.163282,-0.000381165,-0.4898682,-0.006140659,0.2562397,0.1684358,-0.3262852,-0.4484838,-0.4759736,0.1813899
-0.4237896,-0.7015369,0.215391,0.4941192,0.1468553,-0.3117136,0.1506098,-0.4044297,0.4714535,0.414427,-0.02947873,0.2612156,0.4547211,-0.05619698,-0.001759776,0.2114506,0.1428106,-0.4393225,-1.137345,0.000276925,-0.228336,-0.103626,0.3066458,0.2237521,-0.1552274,-0.4474638,-0.1816402,-0.0001471488,0.2950584,-0.1082241
0.3663601,-0.02236884,0.01138433,0.05337401,0.03773702,-0.3974992,-0.5026259,-0.005409549,0.07861511,-0.3921437,-0.08746309,0.0644265,0.1142181,-0.004742589,-0.5167009,0.01751694,0.1101828,-0.1162542,-0.1004637,0.04711463,-0.5656698,0.02004148,0.3127091,0.4080843,0.2298342,0.4957918,0.03570952,-0.6289518,-0.1502461,0.4943449
-0.0214756,-0.06978849,0.07381155,-0.6923143,0.04948285,-0.1960751,-1.104304,-0.05175297,-0.002492964,-0.0003986194,-0.004506077,-0.06164747,0.01277651,0.0002390798,0.05081481,0.00158418,0.1601026,0.4382265,0.558927,-0.2234901,0.003532891,0.00403632,0.03380385,0.04477275,0.0005024517,-0.02794617,0.03209722,0.227045,0.3523149,0.3387088
-0.3682045,0.3232392,-0.06005009,-0.002435368,0.4469085,0.1295024,-0.4706062,0.2615318,0.007729314,0.4497117,0.001117951,1.242169,-0.4123019,0.07407206,-0.05403832,-0.182861,-0.1647658,0.1770335,0.2803642,0.1271424,-0.6023733,0.04933423,-0.3099492,0.2451079,0.07565969,0.3560957,-0.3853087,0.2477721,-0.01562692,0.4841212
-0.0337179,-0.05049254,-0.2283001,-0.1573448,-0.3508174,0.01630656,0.3814884,0.00848863,0.2595465,-0.006226679,-0.0003619012,0.2673349,-0.0005095098,0.1811586,0.5336107,0.1194565,0.3420386,0.09570219,-0.05512386,0.04129606,0.0004565918,0.033976,-0.01787607,-0.04586456,-0.6184916,-0.1131867,-0.3715872,0.4963312,0.0410984,0.0856904
0.3163674,0.2910452,-0.5620947,-0.4296225,2.986947E-05,0.5608376,0.4170741,0.08504485,0.0005429347,0.05290979,-0.4761587,0.1511047,0.1981053,-0.2047778,0.4491836,0.07205778,0.04990311,0.05262333,-0.4367214,0.2899835,0.1664889,-0.2293719,-0.4959624,-0.1335343,-0.7865408,2.323901,0.3250512,0.02815988,0.0183055,-0.2624007
-0.2016312,-0.4581388,-0.4577315,0.2723779,0.1367019,-0.2447906,0.437345,-0.116559,-0.469204,-0.1990402,0.01773226,-0.4714173,0.05516485,-0.03790218,-0.0160709,-0.04256014,0.3639297,0.1907689,-0.3836349,0.01482041,-0.144716,-0.1838142,0.3927615,-0.0797804,-0.04718635,0.06496156,-0.1148236,0.002124256,-0.0001929755,-0.0225319
-0.1110763,-0.2157198,0.1685424,0.2511683,0.006386136,0.267049,-0.3157571,-0.004858772,-0.01928595,0.286927,0.1164805,-0.3822941,0.1526683,-0.04473081,0.8193056,-0.02745196,0.2398085,0.6755403,0.3619487,0.03202721,0.0765335,-0.04244374,0.1740561,0.3951743,0.1530242,0.3076273,0.03528219,-0.1722179,-0.08439891,0.0115523
0.5582958,0.3912198,0.2409576,0.1253843,-0.1428436,0.03880562,-0.141673,-0.1362767,-0.4504434,-0.04002839,-0.03234964,-0.06326872,-0.6217065,0.4599748,-0.4295854,0.4184694,-0.4012469,0.1138025,-0.03440496,0.003491104,0.001628575,0.2375208,-0.2280539,-3.659954,-0.5882397,0.06398484,-0.2036256,0.3053117,0.03841524,0.1186017
-0.1881632,-0.08165935,0.02405173,0.2268399,0.07211971,0.3398998,-0.434553,0.3710658,0.2261254,-0.3786697,0.3221299,-0.6469455,-0.001025594,0.03922147,-0.2533797,-0.3854498,-0.2114409,0.2445407,-0.5905986,-0.001770259,-0.3380749,0.2077498,0.273895,-0.01840256,0.09107009,-0.05363244,0.3173829,-0.04380418,0.3843211,0.003230494
0.2875226,0.4440869,-0.01266977,0.218292,0.07593966,0.2215122,-0.06758544,-0.07875091,-0.01624459,0.2760783,0.002419814,0.003811268,-0.001593611,-0.4436733,-0.3744944,0.2467204,-0.3155528,0.0576184,0.006732859,0.0479125,0.764993,0.1797968,-0.3326519,-0.2312302,-0.3057931,-0.009930264,0.5095289,0.01957333,-2.726361,-0.358297
;
-0.5920615,0.01333272,-0.2397242,0.3173356,0.02628902,-0.0003983926,-0.3906105,0.003122151,-0.409581,0.5529125,-0.02013029,0.01251323,-0.1031432,-0.1724568,0.101096,0.2102594,-0.06079569,0.01895517,-0.01882031,-0.01259908,-0.4312159,0.008184147,0.08825302,0.3053135,-0.2684445,-0.06393769,0.007519688,0.4749234,-0.360312,0.2712896
-0.01027722,-0.4376422,-0.008886221,0.2010391,0.06619638,-0.1354764,0.1155379,0.3233067,-0.01003828,-0.2199141,-0.03185946,0.01424637,-8.496626E-05,0.03299926,0.02349258,0.2771521,-0.3105109,-0.1860587,0.3457478,-0.08175392,-0.05220578,0.08567337,-0.04622418,0.0001397553,0.07212754,0.03095049,0.3268886,-0.006492176,-0.1480389,0.3108778
-0.01514354,-0.4265997,-0.47864,-0.03610343,0.465695,0.006292745,0.08312453,-0.03717704,0.1177695,-0.202004,0.004883508,0.0004907981,0.05897605,0.3807471,-0.2529817,0.02845723,-0.331336,0.118779,0.6227721,-0.0123809,-0.00276524,0.07021046,0.3902073,0.2024075,0.3295058,0.07419648,-0.00868655,-0.2174772,-0.1607726,0.2156819
;
0.04842799
0.4680878
0.1328455
-0.01413099
-3.515329E-06
0.4531001
-0.2674642
0.00754675
-0.2677246
0.3435822
0.273622
-0.01355184
-0.1882508
0.00113048
-0.3785288
-0.09448861
0.7688243
0.0660091
0.3197659
-0.307707
-0.07396172
0.04900346
-0.2152557
-0.004209427
-0.455982
0.8093295
0.1959449
-0.01319459
0.2694364
-0.07792662
;
-0.03656475,0.4233452,0.03487047,-0.08725431,0.499102,-0.01418072,0.01809477,-0.02783032,0.0861496,-0.09838611,-0.0567545,0.2989099,0.2505391,-0.04450682,-0.7375502,0.0006630839,0.00585605,0.2830527,0.006378173,0.08209997,-0.3365984,-0.3541662,-0.02507504,0.2115537,0.09544817,-0.0533921,-0.01299233,-0.3227262,-0.04575468,0.1545984
-0.3076403,0.002369106,0.2718284,0.3533888,0.08260836,0.3985996,-0.1824793,-0.03021348,0.1194191,0.4814816,0.1486248,0.2410124,1.089092,0.0171765,0.1146579,-0.5110286,-0.004443347,-0.05716115,-0.361347,0.3185933,0.09542277,0.001327271,0.04383519,0.1882806,0.2628419,0.1812925,-0.08194494,-0.1095803,-0.3464596,0.06419586
-0.02502478,0.4072547,0.0957759,-0.6806956,0.04591471,0.0003359583,0.9190528,-0.1534024,-0.1110237,0.3508241,-0.0002909109,0.3030469,0.05606142,-0.2961346,-0.6032568,-0.4985081,0.4223228,0.02828956,-0.08832837,0.1044349,-0.2745548,0.3850549,-0.04748732,0.1485797,0.1682552,0.05107621,0.3449312,-0.1821289,0.402663,0.2148508
0.1749944,0.03831023,-0.08620517,-0.4609655,-0.2155132,-0.002371725,1.858669,2.579547,0.9291559,-0.04388313,0.1897894,0.2280444,-0.01517767,-0.1161005,0.1322671,-0.2100397,-0.1614863,-0.01228787,-0.4345793,-0.2885993,-0.1289918,-0.1091215,-0.1535711,0.1882102,0.161729,-0.2474734,-0.218501,-0.1375861,0.06322866,0.143537
-0.008548993,0.3332312,-0.5074255,0.00120471,-0.7632891,-0.001241184,-0.2350878,0.1330154,-0.2545282,0.6441281,0.199416,-0.07242538,-0.3590153,-0.2739686,-0.2225448,0.1516842,-0.04182453,-0.1147709,-0.2138791,-0.1102301,-0.2443915,-0.483066,-0.03370261,0.03711751,0.02142936,0.02623438,0.3049135,0.1797863,-0.2776952,-0.02744275
-0.3012934,0.03548127,0.1002589,0.05159679,1.042277,-0.16163,-0.4538696,-0.001768346,0.4937406,-0.07446486,0.4561375,0.5498648,-0.5725676,0.0004392937,-0.5195283,-0.1339088,0.3337929,-0.1646151,-0.4011243,0.03397865,-0.1214322,-0.01680421,-0.01307591,-0.02790972,0.2610207,-0.05369817,-0.07419366,-0.01605992,0.0825364,-0.01467291
-0.08669525,0.1407371,0.7248018,0.1290157,-0.3322145,-0.1660498,-0.3818432,-0.2591949,-0.4125292,-0.04138244,-9.350666E-05,-0.1984563,-0.7198483,-0.2154613,0.0001008407,-0.2970015,0.1504106,0.006891449,-0.4699683,-0.2594247,-0.0317868,-0.3963072,-0.1647912,0.09763776,0.2380482,-1.099475,-0.07356149,-0.01103369,-0.03535745,0.1040274
0.1177961,0.5012178,-0.3498447,-0.1333254,-0.9398347,-0.3744874,0.4336488,-0.005499222,0.4939155,0.1018991,-0.5836738,-0.1173101,-0.09564973,0.03845849,0.1447104,0.3350208,0.00140178,-0.4380681,-0.5442026,0.0169973,-0.2237963,0.2076641,0.2208674,0.01508431,-0.04297476,0.09671572,0.01265888,-0.159256,0.0007271217,0.2283634
0.5127305,0.01145834,0.427512,0.2852863,0.1712385,-0.05296898,0.4500424,-0.2922891,0.6662754,0.001565091,0.2479793,-0.05072385,-0.1284648,0.1067321,-0.2060387,0.002680414,0.3690861,-0.05565767,-0.01287968,-0.1517775,0.1821026,-1.396263,0.1544818,0.05078755,-0.2046292,-0.11586,-0.01570684,0.2511668,-0.01367891,0.2460749
-0.04480895,-0.427104,0.2742146,-0.04649836,0.1347049,0.46683,0.09934326,-0.4539924,0.0108689,-0.6043662,-0.4091171,0.4033402,-0.2712908,-0.1305115,0.0002189128,0.3642374,0.3733158,-0.450546,0.1957911,-0.06375615,0.4606792,-0.2494925,0.002094314,-0.2054515,-0.03438641,0.0691177,0.2313748,0.2570099,0.5396215,-0.1511799
0.3742253,-0.006371668,-0.4879737,-0.1236124,-6.021576E-05,0.0005444525,0.3015248,-0.4615686,-0.478285,-0.0450349,-0.3641607,0.3330267,-0.5718319,0.2888781,0.5893698,-0.5049503,0.3564259,-0.2458127,0.07582451,-0.02604199,-0.2047509,0.0247025,0.2793353,0.406402,-0.1133605,0.06684476,-0.06957427,-0.4563788,-0.1048235,-0.285203
0.06336945,0.001494127,-0.3709094,-0.01400138,-0.08696733,0.1400559,-0.05592281,-0.2052427,0.343985,0.02949653,0.115428,-0.02847725,0.1706356,0.3593123,0.03921598,0.1678767,-0.0560343,-0.02174288,-0.0008400655,-0.3651152,-0.06860518,-0.4347728,0.1725168,-0.08493243,0.494235,-0.005150646,-0.4079419,8.078561E-08,0.4825354,-0.0008202208
-0.1127618,-0.01339157,-0.353338,-0.4632142,-0.2527799,0.3796383,-0.1690603,0.03892911,-2.024591,-0.08758907,-0.005743284,-0.4478149,0.03629595,-0.09958225,0.2060692,-0.2665877,0.04959387,0.02140778,-0.3319106,0.01921438,0.08878237,0.4865115,-0.05965284,0.007022982,0.2294288,-0.007984232,-0.07941383,0.4619488,0.3376793,-0.2493687
0.2200382,-1.058831,-0.08477312,-0.135697,-0.4587922,-0.00354337,-0.1696563,-0.8867046,-0.3191985,0.4302689,0.1898967,0.02693652,0.01595944,0.3342787,9.297424E-05,-0.1674471,0.3046186,-0.05090417,0.1462837,0.08478314,0.1997847,-0.8960713,-0.002591443,0.5034207,0.1918225,-0.1135709,-0.3205018,0.03098053,0.5944079,0.0232176
0.6879185,0.5113565,-2.345676,-0.04425731,0.3646138,0.04574448,-0.1635955,0.04425612,-0.233584,0.1663387,0.1107434,0.1808329,-0.03167859,0.0863271,0.4258424,0.2823921,-0.4326661,-1.019169,0.04669036,-0.4409827,-7.327365E-06,0.08569235,0.1842495,-0.04824863,-0.2044484,-0.427132,0.350337,-0.06768515,0.2628473,0.02057129
-0.01825655,0.1018024,-0.4999628,0.000102752,0.526857,0.00461269,-0.003830956,0.06606624,0.01054825,-0.08742136,-0.04152064,-0.4219584,1.863861,-0.4435084,0.00894568,-0.2232316,0.03567632,0.01671618,0.1176036,0.3544274,-0.2326097,0.1927055,-0.0759713,0.03968725,0.2885133,-0.2387719,0.01367313,0.03551334,-0.2349101,0.4301556
0.6036525,-0.283491,0.01415983,-0.05223839,0.056794,0.4209919,-0.1992766,0.2652603,0.1032645,-0.1453899,-0.2417074,0.1290772,-0.0002844383,-0.3078976,0.04499847,-0.3706154,0.3693681,0.128962,0.528331,-0.2460481,-0.08611156,-0.1380239,0.01716461,-0.3691524,0.0003090551,0.7307824,-0.4548895,-0.5465192,-0.2318198,-0.04191166
-0.1455066,-0.1045294,0.2283343,-0.210962,0.1628768,0.422989,-0.06162076,-0.4814714,0.2059505,-0.2237263,0.08297724,-0.281081,-0.56892,-0.02699997,0.1400192,0.3166313,-0.0009985648,-0.02183763,0.003547835,0.02556468,0.4108541,0.0242663,-0.0009301354,0.05483888,-0.08155584,0.1321281,0.2920257,-0.3073741,-0.2659589,0.3778241
0.3831664,0.005346512,0.2408404,-0.3164048,0.2813343,0.4798216,-0.1081534,-0.009423712,0.2226241,0.1976561,0.3825552,0.1077421,-0.09023487,-0.4133223,-0.1062121,0.1807466,-0.01246094,-0.33474,0.4879568,-0.01533124,0.3769298,-0.1819265,-0.07408509,0.09852093,-0.005154689,0.2060295,-0.2606723,-0.3487276,0.2858845,-0.3915997
-0.04658831,-0.1982965,-0.09693121,0.004723738,0.4813697,1.12898,-1.989927E-05,-0.08018094,0.1105017,0.05268009,0.0416044,-0.04311845,0.3863698,0.06323449,-0.6134703,-0.2161722,-0.2042406,-0.02834275,0.05519541,-0.3610377,0.04352349,-0.07461604,0.5579706,-0.02622599,-0.1221028,-0.000603707,0.0628441,0.001476062,0.1852614,-0.1364025
-0.7883393,-0.01365592,-0.3258137,-0.02602619,-0.05030562,0.1642877,0.2185991,-0.1251117,-0.08950964,0.04621662,-0.1159153,-0.4884918,0.05486156,-0.02450585,-0.2719664,0.03787065,0.2361042,0.3545082,0.4426632,0.1206315,-0.2205536,-0.4033841,0.3772599,0.01849094,0.1254797,0.1297214,0.0002867983,-0.005797449,0.01252657,-0.004004369
0.3757466,-0.1495009,-0.4624993,-0.6015682,-0.002385538,-0.002162246,0.04138201,-0.08350743,-0.5082115,0.5072097,0.6402844,-0.1437364,-0.03937115,-0.2035443,-0.2812126,0.002128837,0.02185616,-0.7382811,-0.3781621,-0.1127765,0.4304296,-0.02041089,-0.2471255,0.005739514,0.04125488,0.06252886,-0.01592231,0.06906694,-0.008454594,0.05000502
0.001773575,-0.09775984,0.01010409,0.3428519,0.06795555,0.6891875,-0.2342232,0.4023995,-0.3442464,0.4424092,0.5224249,-0.06722208,0.4954413,-0.3977536,-0.4972932,0.2116069,0.03281331,0.01930209,0.4679251,0.1585255,0.07473218,0.03780245,-0.01098852,0.1904886,0.3444555,-0.06442339,0.03309482,-0.09486505,-0.3539584,0.09405933
-0.008635067,0.4960891,0.1383722,0.4348151,0.1071618,0.2803624,-0.7220901,-0.1667262,-0.02896489,0.01452294,-0.02721771,0.0378569,-0.002586251,-0.462404,-0.05641896,0.09519048,-0.1314885,-0.056896,-0.4148366,0.09097625,-0.08164807,0.0177002,-0.06518304,-0.06555468,-0.1683375,0.1077873,-0.01134627,0.3710051,-0.05259988,0.3475875
-0.2333535,-0.09695983,-0.4777638,-0.1136352,-0.2518862,0.4255309,0.2942394,-0.2323971,-0.06849235,-0.04894763,0.01299542,0.247793,0.06059127,0.3984157,0.1751578,0.4791562,-0.1500445,0.01731932,-0.2415595,0.1398373,-0.05130626,0.05066286,0.3917809,-0.1109535,0.1172847,-0.1937293,0.7225188,0.0735564,-0.01390608,0.1133984
0.02947979,0.02833612,-0.2313132,-0.2918492,-0.08494633,0.3033326,-0.296881,-0.003081767,0.3701215,-0.08480781,-0.09830825,-0.1074423,-0.01560331,-8.588206,-0.08759969,-0.3298154,0.3225111,-0.01210986,0.7209383,-0.3025154,0.3386081,-0.2228702,-0.2248346,0.1912134,-0.1981521,-0.01466719,-0.01722645,-0.3644449,0.2247584,0.1701444
5.488878,0.1075297,-0.0003081172,-0.003736175,-0.1039933,-0.1268923,-0.1529156,-0.139605,0.005878959,0.2441246,0.04597704,-0.2021157,0.3006525,-0.01549449,-0.4512929,0.4924613,0.0332603,0.1470044,0.02517973,0.01260598,-0.01931248,0.3367175,0.0908452,0.05583224,0.0007601916,0.0428974,0.007477541,-0.1242359,-0.02982226,0.2149336
-0.483569,0.001603363,0.5495818,0.06852868,-0.1781309,-0.2053134,0.09102684,0.09655625,-0.01924997,-0.09610483,0.4172002,-0.2315127,0.1723629,-0.1203035,0.02262198,0.007261405,0.05224605,0.3333887,0.5024494,0.1227985,-0.001544532,0.3859435,-0.1255874,-0.1274856,0.2917005,0.01972978,0.002737667,0.09770942,0.2781,-0.01014417
-0.2141928,-0.4000223,0.000983175,0.08425349,0.02377924,-0.09498352,0.02247797,0.3528546,0.01659163,-0.08826895,-0.476095,-0.002961262,-0.1827064,-0.026624,-1.132266,0.6387511,-0.07811505,-0.4772832,-0.3825325,-0.871263,-0.1263749,-0.1045986,-0.2508234,-0.02268237,0.4421965,0.08933225,-0.3660525,0.1365923,0.2975546,-0.2959282
0.2822597,0.2668005,0.3115884,-0.05342381,-0.2987577,-0.3838456,-0.1329601,0.01095229,-0.1459243,0.09292717,1.03434,-0.1883903,-0.06703056,-0.5339734,0.4553596,0.3563972,-0.3483714,0.7115471,0.4656724,0.004908561,-0.1678877,0.3705137,0.02404276,-0.2216578,0.127013,0.4365195,0.03482635,-0.7735783,-0.213793,0.8652256
;
0.3990871,0.2534023,-0.05773503,0.003334327,0.4438735,0.0690977,0.06695204,1.108855,0.5823723,0.3143527,0.0001122935,-0.03901872,0.2345288,0.002516634,-0.2808501,-0.1113524,0.3495441,0.03157676,-0.1725824,0.1043202,-0.000344965,-0.1462836,0.4677454,0.3566377,-0.07158079,-0.4564672,-0.04148245,0.0968267,0.03790509,-0.3182722
-0.153292,-0.362464,-0.001910646,-0.02626917,0.317126,0.4457477,0.07692701,0.02185323,0.1163481,0.2583492,-0.2475604,0.5229954,0.2525976,-0.3954515,-0.1432445,0.2390154,-0.06809238,-0.08130449,-0.4062597,-0.1830092,0.2090279,-0.2941891,0.01394306,0.1784548,-0.2943051,0.04735869,0.05582794,0.1429777,-0.1231642,-0.107795
0.1844562,0.07681987,0.1846079,-0.3498876,0.1904377,-0.1676992,-0.008162864,0.01172855,-0.488783,-0.3205849,0.1085427,-0.1861001,-0.4063842,-0.139435,-0.5506608,0.00624041,0.05824561,-0.1617097,-0.270622,0.006874255,0.08460628,0.7327322,-0.04559487,0.1375941,-0.2510096,-0.04086849,0.03434563,0.2708433,-0.2223931,-0.3517389
;
