0.4772229
0.449609
-0.0550003
0.4151284
-0.01473458
1.508843E-05
0.2617677
0.1561992
-0.4211118
0.003472645
;
-0.3777948,0.1028099,1.260642,0.03293321,0.4665685,-0.252964,-0.3350068,-0.3312378,-0.1100235,0.08646964
-0.04891076,0.006009458,-0.3849239,-0.2420482,0.2547822,-0.1007672,0.129363,0.5016025,0.5815718,-0.04386357
-0.5408199,0.2925853,-0.4785815,-0.1140582,-0.001746664,-0.6739832,0.460772,0.0313259,0.2288558,-0.8728019
0.1610651,0.09573089,0.3280757,-0.0361344,-0.1085246,-0.001501143,-0.1223918,-0.09540325,9.535735E-05,0.05536697
0.0521161,0.327457,-0.1176213,0.0336602,0.2679389,0.4915065,0.06722513,-0.2769599,-0.3773923,-0.3666254
-0.002021504,-0.04968761,-0.0003992968,0.1034017,-0.3321473,0.1291655,-0.06826304,-0.2657326,0.1472375,-0.2065009
0.01143559,-0.209706,-0.3955123,0.04099911,-0.1394795,-0.1522872,0.2542548,0.3387859,0.06334215,0.2975667
0.1446912,0.001068442,-0.2849222,-0.411384,-0.03831631,0.003042321,-0.4232802,0.04509217,-1.252598,-0.1376649
0.2533553,-0.1440241,0.0004466628,0.003629989,0.04724378,0.4100487,0.3709626,-0.134005,0.4775907,-0.001790697
0.7087593,0.2011678,0.3846852,-0.5276979,-0.4371682,-0.3419138,0.07059259,0.1588342,-0.2886129,-0.02792477
;
-0.0003170363,-0.06778139,-0.1706892,-0.4402388,0.0866044,-0.2994988,-0.01113259,0.8766498,-0.3283113,0.004220687
0.4208272,-0.03016297,0.1310953,-0.1955163,0.1977168,0.4294253,-0.1312439,0.05287808,-0.7549348,-0.2042271
;
-0.01606106
0.4563385
0.5490724
-0.07684841
0.195995
-0.1529493
0.01788221
-0.7160661
0.4074486
-0.00967662
;
-0.09757961,0.371214,-0.007985764,-0.005397744,-0.2214348,-0.0001700252,0.6791979,0.1605296,0.04631394,-0.06183389
0.06619482,0.5617275,-0.3106294,-0.4816434,0.00673359,0.3321283,0.0272364,0.01213344,0.08998626,-0.02876569
-0.09459942,0.1130828,0.1923405,-0.1483547,-0.4997468,0.2288296,-0.4748052,-0.1631604,-0.5656382,-0.6524592
-0.3687487,0.08969248,-0.3076087,0.02794101,0.002743879,0.3748602,-0.4753835,0.4670319,0.3460703,0.006553281
0.3817559,0.2353444,0.07210237,1.241633,-0.2940693,-0.07427245,0.2461919,-0.03088856,0.02916588,-0.3426942
-0.06796215,0.42212,0.00165269,0.340068,-0.03225366,0.004408993,-2.843889E-05,0.009248008,0.09037759,-0.005437644
0.0002931507,-0.05401962,0.006193408,-0.0001771136,0.1133284,-0.4220332,-0.3697616,-0.282756,0.2680561,-0.001787112
0.07197145,-0.0253179,0.09214228,0.09588988,-0.4870035,0.4901032,-0.2290531,-0.005427017,0.2587997,0.05399087
-0.04818302,0.0313912,0.2120301,-0.03538893,0.003162245,-0.023264,-0.01602497,-0.1149702,-0.6334732,-0.2831583
-0.02370945,0.1185436,0.3192416,0.4686815,-8.984405E-06,0.06769125,0.01084191,0.2030865,-0.06206238,-0.2633264
;
0.2374112,-0.003553239,0.1183829,0.02471417,0.1598679,0.1694245,-0.4667885,-0.0007701572,0.04674126,-0.1507134
-0.1210965,-0.005788863,-0.9179191,0.1010079,0.1306584,0.1736618,0.01795231,0.414338,0.4754639,-0.02573724
-0.7316859,0.01399448,-0.04017916,-0.0001732142,0.2601473,-0.2169651,-0.3242496,0.06701424,0.1753161,0.186645
;
