0.1244492
0.1927925
-0.1919567
-0.01363176
-0.3042367
-0.1642299
-0.4026687
0.203367
0.2044181
0.1621574
;
0.3191797,0.05357844,0.1351905,-0.1614888,0.09537667,-0.08855242,0.02401537,0.3861439,0.1233884,0.1763102
0.2227815,-0.1092617,-0.1654591,0.0487638,-0.05643088,-0.2433726,0.2838488,0.01548356,0.1742596,0.1340387
-0.1752002,0.1369198,0.1096708,-0.09621018,0.1208636,0.03131884,0.01638681,-0.3793674,-0.2325231,0.3740414
0.03755981,-0.4057416,-0.3045162,0.1658592,-0.06815356,0.3133925,0.3888537,-0.3124447,-0.1001667,-0.06359118
-0.3873808,-0.2186291,-0.07061523,0.382905,-0.3220088,0.4520725,0.3753997,-0.38801,0.07491869,0.1591567
-0.4562237,0.4311889,-0.511214,0.1752899,-0.2416052,-0.1225751,0.06510025,-0.3192892,0.01757747,-0.4574986
-0.2221389,0.3077157,0.01281446,-0.1233005,-0.4877441,0.3565522,-0.8029463,-0.3224174,-0.3361539,-0.3035918
-0.02036172,0.4971254,-0.02113003,-0.05965418,0.09722775,0.0693149,0.203534,0.1256113,-0.4569314,0.726371
0.2779002,-0.05965859,-0.09240483,0.4691019,0.08379537,-0.1606752,0.4094207,-0.2037839,-0.2365898,0.02310365
-0.2854507,-0.5607327,0.1712266,0.1800766,0.0673731,-0.2172428,0.05714732,0.3325843,-0.4189638,-0.4817914
;
-0.2729869,0.07874447,0.04360968,0.4664968,-0.1296243,0.3547367,-0.1828139,-0.2326255,-0.3131866,0.1964073
0.2008648,0.006950557,-0.2714759,0.07707113,0.09683365,0.209383,0.2987705,0.1282146,0.4859217,0.4667546
;
-0.2219035
0.05034584
-0.0837141
-0.4855996
0.4723047
-0.1286373
0.4560946
0.2959985
0.3446774
0.1592886
;
-0.2459465,-0.4394888,0.196599,0.01602,-0.08905393,0.1640591,0.4450126,0.4043015,0.2707806,-0.1139221
0.03602463,0.4812562,0.3936437,0.1873714,-0.1298125,0.005655706,-0.1485552,0.1000296,-0.469111,0.1982338
-0.1268085,0.2352943,-0.2173048,0.2304848,-0.4555269,-0.2156785,0.4712518,-0.1004366,-0.04844195,-0.03079051
-0.4027208,-0.07452542,-0.3218135,-0.4655355,-0.4749284,0.3971393,-0.4728361,-0.2505388,0.1095302,-0.3886925
0.193956,-0.4527218,-0.2281139,-0.09516498,-0.2430812,0.2667713,0.2571765,0.2888871,-0.03855437,-0.21841
-0.3512034,0.3307128,-0.3886691,-0.4992964,-0.4297307,-0.4635764,-0.1186314,-0.09694582,0.4270762,-0.2071646
-0.3555597,-0.05615133,-0.135735,0.2510411,-0.3241454,0.1612638,-0.4899031,0.07735091,0.1079332,0.1356184
-0.04997379,0.4408263,-0.1358796,0.09965509,-0.1009666,-0.413113,0.4025259,0.05782801,0.3821243,0.4720976
-0.3236195,-0.01499552,0.6370751,-0.08243078,-0.4769,-0.1435944,0.3246174,-0.3629781,0.365695,0.05184823
0.4018698,-0.2948055,-0.2878146,0.192103,-0.3268806,0.1444895,0.1421853,-0.3913194,-0.1467624,-0.3054359
;
-0.3313011,0.1934365,-0.09568673,0.15433,-0.3161094,0.1769919,-0.362506,0.446926,0.22066,0.09950608
-0.211963,-0.001646459,-0.465212,-0.0008146167,-0.4168934,0.2845838,-0.1213891,-0.2035198,0.4895332,0.09554356
;
-0.1000193
-0.0913366
-0.01701409
-0.4828154
0.4073412
-0.1664179
0.2614757
0.09736103
-0.02946211
0.342102
;
-0.6220357,0.04345272,0.5599104,-0.4308295,-0.6032152,0.3807739,0.1678812,-0.01601099,0.1907986,-0.294293
-0.3344444,0.1003941,0.3428623,0.266802,0.4988307,0.08623471,-0.09298795,-0.03757421,0.05402592,0.2756321
-0.2716462,-0.1335003,-0.3707023,0.04754258,-0.2225084,0.4693397,0.09427375,0.1526724,-0.1364953,-0.4013084
0.06058259,0.7731483,0.2865853,0.1400594,0.037107,0.2560424,0.0831134,-0.1528819,-0.196813,-0.4119276
1.570256,-0.4613354,0.4744412,-0.2055908,-0.03538687,-0.05045384,-0.06020302,-0.006890413,-0.5921079,0.09328804
0.1993956,0.3954397,0.1695329,0.08166952,0.03137493,-0.2466711,-0.4166434,-0.1117461,-0.1896027,0.06912203
-0.8286196,0.3815094,0.1256276,0.2221286,0.06424166,-0.2428011,-0.01625012,-0.1027423,0.06733184,-0.09550291
-0.4181973,-1.002444,-0.2022958,-0.1504817,0.4631144,-0.005178025,0.1173097,-0.4175123,0.4181378,-0.3208364
0.1870315,0.1748183,-0.03033772,-0.3532456,-0.4576515,0.213979,-0.4427929,-0.2434261,0.3974998,0.004523294
-0.06423146,0.2660451,0.2304365,0.04694922,-0.3650082,-0.06074611,-0.0005794981,-0.3436729,-0.4762374,0.9568462
;
-0.3115789,0.4185773,0.1553464,-0.2145541,0.1449117,0.203561,-0.05389204,0.5264225,-0.05147439,0.278658
-0.007690251,0.001859626,-0.006803552,0.03955865,-0.2284586,0.02387947,-0.2753423,0.0967892,-0.0165295,-0.2291919
;
0.1441618
-0.01420015
-0.1735337
0.2368675
-0.324746
2.005684E-05
-0.9659292
-0.0163614
-0.5753419
0.04297939
;
0.08912322,-0.1077602,0.5165067,0.2770462,0.3646965,1.629766,-0.1987674,-0.04019594,0.1363394,-0.253516
-0.02027634,-0.2703694,-0.003167248,-0.5752162,0.2447879,0.2642467,-0.01465874,0.05064704,-0.4814372,-0.1218194
-0.04478813,-0.03471188,0.4355725,0.3715579,-0.2343504,0.2107498,-0.0002617098,-0.1405556,-0.2468829,0.1968889
0.01791228,-0.2653242,0.0001350832,0.1301916,0.4989517,0.01475304,-0.07062428,-0.004511893,-0.5059544,0.04046931
0.06190301,0.03632063,0.9259586,-0.1542905,0.4220811,-0.01680393,-0.03281604,0.5529655,-0.05613232,-0.1972704
-0.2783763,-0.4216328,0.1101449,-0.4057919,-0.2387162,-0.4926502,-0.3144825,-0.0297155,0.19449,-0.01426041
0.4543042,0.02780329,-0.2707187,0.1927819,0.3973751,-0.007622475,0.1767931,-0.03489625,0.2222702,0.1626611
-0.3353299,-0.01194725,0.09935593,-0.07220619,-1.310382,0.6857957,0.2391358,-0.07519072,0.2265113,0.005062192
-0.7125977,0.08359181,0.1121104,0.1342218,-0.0120729,-0.5356046,-0.178869,0.4328749,0.421842,0.4903606
0.06321901,0.002252347,0.08483148,-0.4587387,0.0354597,0.001413013,-0.1389174,0.0143066,-0.3203308,0.8568892
;
-0.08168074,0.2832232,0.1234665,0.02839874,0.4667965,0.2464455,0.08425201,0.5494258,-0.4676489,-0.4270077
0.2182585,-0.07336175,-0.1425119,0.193992,-1.982049,0.6009603,0.3227191,-0.001952511,0.005029843,0.3220339
;
-0.1314523
0.4063674
-0.4499872
-0.2049913
0.1303718
-0.3863611
0.06890601
-0.04362899
-0.01414484
0.3144037
;
0.456077,-0.347155,0.2387973,0.008834183,0.4837112,0.2509331,-0.1637514,-0.4160643,0.3130765,0.1290157
0.1012511,-0.07908779,-0.3669535,0.3625871,-0.04562038,0.3979177,0.2190908,-0.1030121,-0.2625548,-0.4641974
0.3434324,-0.4210981,0.2182318,0.1270358,0.2097267,-0.428499,0.2207622,0.2064129,-0.3113163,0.3845419
-0.1846097,0.186493,0.07486361,0.142988,0.2609658,-0.2145014,0.3513004,-0.4023502,0.4474088,0.3676983
-0.05886537,-0.3189206,-0.395199,0.4391161,0.0003884435,-0.2130713,-0.3969427,0.3468854,-0.3904685,-0.4421014
0.1022508,0.2525636,0.311677,-0.007638395,0.02293733,-0.3079,0.1331276,-0.3387549,-0.3066946,0.00706929
0.4722465,-0.1195098,0.1152052,-0.3472825,-0.4955108,0.4315569,0.4916254,0.4569426,0.4310998,-0.2960039
-0.4270051,0.06264335,0.2622401,-0.1664848,-0.106052,-0.1870798,0.1744084,-0.4821742,0.03475744,-0.0854463
-0.1754549,0.2687271,-0.2958734,-0.06039447,0.2942293,0.2284125,0.2463742,0.2048482,-0.2392685,0.4934454
-0.4596817,0.06037706,0.117202,-0.0491789,-0.4264224,-0.1354802,0.005328,-0.417686,-0.242182,-0.09661537
;
0.4186138,0.01559907,0.4288195,0.290511,0.08170444,0.172342,0.3085687,-0.4029275,-0.3699639,-0.4414948
0.3935667,0.2345894,-0.04554826,-0.402963,0.3070002,-0.01486236,-0.2685691,0.2934654,-0.07218999,0.4658247
;
-0.2440435
0.01653979
-0.1040935
-0.1996161
-0.1744781
-0.06473464
0.2910048
0.1956321
0.1355394
0.04928406
;
-0.02350161,-0.0529525,0.1939141,0.3600992,-0.003361452,-0.8037828,0.1826102,-1.070866,0.411978,0.7686856
-0.0477857,0.02624854,0.03715681,-0.0004193756,0.05547529,0.1512954,0.4763786,0.3381343,-0.6084578,0.3118166
0.001385323,-0.6403497,5.475161E-05,-0.4516243,-0.007976156,0.07318518,-0.4153891,-0.04320455,0.1542046,0.03897578
0.2288508,0.37412,0.1756862,-0.02776499,-0.1165769,0.218134,0.1561317,-0.2423174,-0.03545041,0.4993953
-0.2304444,-0.4109031,0.06082128,0.4699258,-0.3985707,-0.6266971,0.1357086,0.609626,-0.06991308,0.2126046
1.770597,-0.1505026,0.4410658,-0.03883868,-0.02886909,-0.007729745,0.01764985,-0.2271983,0.03589927,-0.1986827
-0.4502438,-0.07246596,0.03636249,0.03520587,0.8164735,0.4821318,0.4932799,-0.01043,0.6056585,-0.07229847
-0.4735286,-0.2647965,0.2085757,0.09975309,0.05802268,0.1629505,0.02626172,0.1495494,-0.09628414,-0.03117772
-0.06380133,0.1248565,-0.04881548,0.000224293,0.3124695,-0.03074232,0.1990058,-0.1360809,0.4600822,0.1892599
-0.0008341221,-0.4669536,0.2913384,0.486828,0.2036117,-0.2553942,-0.4656816,-0.02395767,0.3095912,0.9472048
;
-0.06824099,0.2847395,-0.00248563,-0.01749171,-0.008940806,-0.3323977,-0.2489561,-0.008096443,-0.06935553,-0.01607299
0.122245,-0.3968763,0.2522827,-0.6589248,0.0611415,0.4059312,-0.4450992,0.02933849,-0.5451215,0.05783319
;
-0.07822839
-0.1059645
-0.09626789
-0.1278974
0.6096404
0.3338437
0.1754233
0.1349007
-0.07933027
0.5115132
;
0.005324081,0.2466502,-0.2413893,0.09401445,-0.0790059,-0.08129936,-0.3546767,0.03492469,-0.09032062,0.01718885
-0.1712043,-0.004175902,0.3518378,-0.1711707,0.601661,-0.3207666,-0.221141,0.1291264,0.05980941,-0.3913065
0.2124301,0.06127602,-0.01048917,0.3480235,-0.118497,0.6944035,0.001319025,-0.1669336,0.2575593,-0.4070353
-0.5748113,0.02503242,-0.02362437,-0.132253,0.03967224,-0.1871615,0.4108813,0.06794579,-0.03654138,-0.01357109
0.05721899,-0.1135831,-0.1385874,-0.1105004,0.06661677,0.01132876,-0.4343539,0.5970237,1.038834,0.03734666
0.1265349,-0.09952895,-0.4607934,0.275828,0.1042593,0.4005682,0.4106085,-0.2859374,0.280134,-0.2819043
-0.8271346,-0.2094002,0.2248583,-0.2368848,-0.3622962,0.01624161,-0.3459841,0.03180201,-0.4247134,0.183902
-0.4458646,-0.2556286,0.01830165,-0.05051567,0.09243068,0.1269454,0.1641883,0.1099682,0.004237865,-0.1703076
0.1488795,0.001460827,0.2376938,0.02125913,0.020017,-0.04227141,0.1413762,-0.124084,-0.3506804,-0.1707945
-0.139525,0.01205389,-0.002444765,0.1225565,-0.1332592,-0.2327351,0.3195744,-1.117514,0.3465323,-0.2117707
;
0.1371409,-0.2224699,-0.2769495,0.03762912,0.2559814,-0.44169,-0.219533,-0.2623519,0.2710025,0.4356382
-0.2909068,-1.016757,0.258253,0.2205603,-0.1256281,0.1808722,0.4285107,-0.2354921,-0.4691952,0.3023493
-0.05290468,-0.2010676,0.05905249,-0.2847404,-0.03462061,-0.3086088,-0.5869949,-0.2706926,0.0210138,-0.01462968
;
-0.5666897
-0.1846282
-0.1015458
0.006927322
-0.03217238
0.3637678
0.03179139
0.01416358
0.1510184
0.1378276
0.3574857
-0.2795752
-0.1479552
-0.07976281
0.007855302
-0.2739557
-0.07033363
0.1641204
-0.06459742
0.1055021
0.07711612
0.08609802
0.4867346
-0.4176896
-0.05349454
0.3065282
-0.2670759
0.4221944
-0.1787025
0.4963722
;
-0.005166884,-0.03278977,-0.1633134,0.01503909,-0.3947381,0.1754665,0.1359029,-0.2690469,-0.2055933,-0.3055494,0.1921289,0.05619796,0.04372197,-1.284029,0.2370193,0.1233371,-0.1292613,-0.05283469,0.0110851,0.0871883,-0.004259273,-0.2479866,0.1939434,0.02956191,0.05880874,0.007925212,0.4873837,-0.3801341,-0.3151613,0.1700117
-0.2029625,-0.1150344,0.1922695,-0.2206115,-0.1303668,-0.08355702,-0.2408015,0.2021561,-0.02798386,0.09377798,-0.4134999,-0.2039586,-0.2326134,-0.03361449,0.3296278,-0.2771719,-0.1441011,-0.2467429,-0.01389698,-0.1811498,-0.1233923,0.4845466,-0.2148766,-0.26244,-0.3081289,-0.6044484,0.09568332,-0.2622881,-0.06262928,0.3136216
0.560974,-0.1292404,0.386971,-2.492662E-05,-0.198228,-0.4511888,-0.4124081,-0.04904369,0.07169694,-0.2334381,-0.1162071,-0.1225169,-0.1861771,-0.007114797,-0.02055593,-0.3012626,-0.1045609,0.2883577,-0.3750476,0.01052921,0.0944349,0.1976808,-0.055519,0.01796001,-0.2704082,-0.2056081,-0.3775013,-0.3590212,-0.0115372,0.2646664
0.1945413,-0.173741,0.1012179,0.0611691,0.3769089,-0.0167783,-0.1997313,0.16282,-0.24927,0.1008874,-0.8399565,0.6068342,-0.01780546,-0.01949255,-0.01936317,0.1928272,0.2845515,0.4852884,-0.5005403,-0.4919057,-0.1269084,0.5495201,0.3096142,0.4087439,-0.5145923,0.191701,0.2608031,0.4921361,-0.2159847,0.2562733
0.4482201,-0.0008264713,-0.06970496,-0.1088132,0.2974638,-0.3492311,-0.1549916,0.7880535,-0.5708433,0.6210337,-0.06958308,-0.1636408,-0.0878474,0.02103728,-0.02004852,0.04052476,-0.02635644,-0.2004874,0.4692099,0.1224578,0.08397287,0.1866324,-0.2099583,-0.1484232,-0.472125,0.1756454,-0.2033406,1.346836,-0.5024751,0.2868108
0.1549755,0.3088038,-0.00116625,0.1762555,-0.009369425,-0.1843725,0.06444019,0.1633788,0.1661825,0.3198608,-0.4773258,-0.1646753,-0.3285955,0.07490851,-0.08173646,0.2385374,0.1858018,0.02483689,-0.0003985763,-0.4645384,0.3855503,-0.03291625,0.2430198,-0.1409832,-0.205192,-0.0006776584,-0.003745201,-0.4535967,-0.03385759,-0.2633281
0.004210293,-0.2275192,-0.5635148,0.2961625,-0.1901786,0.008587189,0.322221,-0.0004645219,0.2482029,0.3559154,0.1890343,0.2375012,-0.2897581,-0.07754308,0.03647482,-0.4655054,-0.04003714,-0.445096,0.126517,-0.02612144,0.1368098,0.454728,0.4632195,0.07005967,0.02905279,-0.3611914,0.4900945,-0.05663918,1.093524,0.812664
-0.08261673,0.4714513,-0.03777882,0.7408648,0.3402015,0.02140647,0.3534452,-0.0101216,-0.001535952,0.1479363,-0.4827581,0.1282409,0.8320464,-0.01583012,-0.1157111,0.04387964,-0.006673276,-0.0121351,0.1735432,-0.1074031,0.4136418,0.02255388,-0.3444166,0.4745176,0.05774553,0.02505848,0.4336559,-0.6209642,0.03896935,-0.07218148
-0.09365255,-0.0009358048,0.1777348,0.3562924,0.04519429,-0.09350544,0.6145275,0.1018227,-0.3139488,-0.2926766,0.265525,-0.393494,-0.04176933,-0.07670496,-0.009578124,0.222854,0.09167089,0.5496033,-0.08651914,0.1903838,-0.009152442,-0.2008984,-0.01581715,0.6271489,-0.4406641,0.0941667,-0.03160506,-0.2297822,-0.3265054,-0.03803352
-0.29392,-0.269608,-0.01059522,-0.04629682,0.22461,-0.4016967,0.002238836,-0.4017509,0.4501472,0.0002402534,0.2196888,0.2194732,0.9862278,-0.2522302,0.2284842,0.07123072,0.3759233,-0.3691432,0.09692264,0.04350644,0.1387694,-0.134302,-0.4521276,-0.1752837,-0.3662778,-0.1663795,0.2210908,0.4204339,-0.2644368,0.4463028
-0.1958163,0.3111434,0.3806307,0.2234401,-1.1738,0.4747742,-0.02925648,-0.2173223,0.1065755,0.03505094,-0.3573617,0.7208945,0.0363452,0.3437648,0.05408907,-0.6958343,0.03523988,-0.2802245,0.08824819,-0.4011315,4.963084E-05,-0.2415234,-0.294813,-0.1678028,-0.3511151,-0.0235685,0.06758823,0.1729241,0.1946682,-0.216575
-0.1293693,0.01137584,-0.00915633,0.465052,-0.0161661,0.02202847,1.32972,-0.001798942,0.04343516,0.01249117,0.1052151,0.07138711,0.4503318,-0.008361502,0.08650219,0.1268201,-0.3927621,-0.2909293,0.3148178,-0.01135807,-0.03807506,0.1082583,0.4194471,0.2954645,-0.001850026,-0.8267574,0.1708806,1.025416,-0.0001609267,0.008465588
0.9718707,0.03477598,0.01008306,0.3717654,-0.1401549,-1.440262,0.00180603,-0.07552063,-0.2202066,-0.345554,-0.6363523,0.03846994,0.2888254,-0.2351445,0.3689917,-0.4816262,0.01909737,-0.09058937,-0.05826084,-0.006635827,0.01988818,0.7666394,-0.4447353,-0.3064693,-0.1760475,0.2116195,-0.1476814,-0.5299001,-0.07304966,0.2703742
-0.08688289,-0.1360092,0.2235389,-0.309726,0.02984935,0.09521379,-0.4330995,0.07220957,0.3600125,0.1224449,0.4707448,-0.3938446,-0.130817,0.3643181,0.2926267,-0.1801224,-0.1942686,0.1182998,-0.198883,-0.3171203,0.4516844,0.026651,0.1535852,0.1418133,-0.2245836,0.4312114,-0.1099597,0.0203372,0.3223608,0.7010546
0.03074986,0.2286826,-0.427894,0.393703,-0.1373733,-0.2092345,-0.02417951,0.3357185,-0.405229,-0.03414532,-0.363026,-0.5611629,-0.3190051,-0.3906404,0.007546721,-0.2222466,-0.02946395,-0.01423857,0.08158739,0.308043,0.2367432,-0.07815821,-0.08037757,0.3434142,0.1972821,0.1548226,0.4084834,0.06502293,-0.6364207,-0.2068513
-0.0671317,0.02240207,-0.6494062,0.002891937,1.572594,-0.2597481,-0.370674,-0.008941802,0.09245149,0.4639031,-0.08685703,0.1656705,1.683164,-0.4380251,-0.2917494,-0.121196,0.02551325,0.02685544,-0.3110869,0.4387489,0.3625332,0.1624289,-0.03240622,-0.1984875,0.2800388,0.1919687,0.06838304,-0.01310235,0.3783341,-0.003624965
-0.4178468,0.3554132,0.3946383,0.1182519,-0.04262477,0.01694966,0.5392329,0.03366169,-0.04112172,-0.2557214,-0.1884599,0.3520596,0.1406016,-0.1538915,0.566157,-0.2410436,-0.2001457,-0.03574612,-0.09897994,-0.5350982,0.4092356,0.01457022,-0.3807129,-0.3250684,-0.05862751,-0.02474923,-0.02189858,0.3039865,0.3163709,-0.209199
0.3437924,-0.001136243,-0.2781132,0.02622253,-0.07963495,1.773594,-0.4597062,-0.1123477,-0.009900123,0.7352629,0.05480248,-0.2237733,-0.2614912,-0.1313041,0.01738477,-0.06084523,0.4408349,0.2877805,0.236886,-0.08998447,-0.003027695,0.2631946,0.009103462,0.1659073,-0.2324603,-0.03169197,-0.02319209,-0.1550497,0.1403651,-0.01183234
0.08928758,0.2206272,0.06140751,0.01835534,-0.2037688,-0.916302,-0.3246886,0.1586983,-0.4943646,-0.1235492,0.04248881,-0.158838,-1.05145,0.1391582,-0.07272917,0.0006132557,0.3744681,0.05529147,0.2144883,0.321249,-0.3558792,-0.3473446,-0.2747361,-0.03130529,-0.09978727,-0.06713464,0.6979975,0.004019195,-0.4788146,0.4688727
-0.03452514,-0.1755568,0.03784776,-0.1677466,-0.003864825,-0.2213721,-0.3106453,-0.02992308,-0.5252982,0.3274359,0.4744132,-0.1275478,0.3145358,0.0257917,0.2238704,-0.3781085,0.2467235,-0.9051605,0.2205994,-0.4446437,0.05588165,0.05792171,-0.2240339,0.3210449,-0.2181311,-1.402541,-0.03294832,0.4057429,-0.02553683,-0.09591848
0.2976717,0.3105969,-0.3778886,-0.03169815,-0.0007974938,7.903052E-05,0.1579171,0.00720491,-0.04979362,-0.376199,-0.1434557,0.1403209,-0.02150514,-0.06146461,-0.0575446,0.2879899,-0.09425133,-0.2281108,-1.036748,-0.127277,0.02020161,0.3924831,0.5600195,0.2438109,-0.0006539196,-0.2609724,0.02215559,0.01771432,0.3371218,0.1252994
0.04749197,0.02919778,1.909605,-0.7052087,0.1098706,-0.09690168,0.4427299,-0.08474316,0.2909951,-0.1451728,0.4963326,0.0356313,-0.01848484,-0.2433424,-0.3085046,-0.2206919,0.07430584,-0.33416,-0.2985265,-0.4357463,-0.4404051,0.1440759,0.1009374,0.01007373,-0.2992127,-0.8826961,0.444755,0.3316773,0.01301112,-0.09301251
0.4220953,0.03472489,0.2087631,-0.003788395,-0.2598866,0.254609,-0.01463036,0.1166803,-0.3814806,-0.3958239,-0.4071847,-0.4626517,0.3840425,-0.06711674,-0.2423922,0.4310652,-0.004414762,-0.04500037,-0.7960333,-0.02329756,-0.1108995,-0.1080774,-0.8114985,-0.1604001,0.4188943,0.1030399,0.05303113,0.1867302,0.316119,0.2622178
0.1037469,-0.01915335,-0.6198964,0.04997641,-0.1754169,0.6067398,0.3761089,-0.0911585,0.3437045,-0.1813274,0.2282556,-0.2410745,0.02671528,0.2299653,-0.08280879,-0.36801,-0.384028,0.5630037,-0.3344343,-0.006844922,-0.006750359,-0.2659778,-0.07185262,0.1200284,-0.03301037,-0.1583888,-0.08165088,-0.1488271,0.266661,0.3081913
-0.1537843,-0.03233092,-0.2417857,-0.01156574,-0.2405922,0.217153,-0.001285561,0.1865134,0.2161612,-0.2567692,0.31126,0.03596514,0.02847701,0.478618,0.19481,0.4376165,-0.6646711,-0.1006223,0.494554,0.3669987,-0.4321941,0.305882,-0.01936841,-0.01777137,0.2016919,0.2184421,-0.02318501,0.1122164,-0.02828218,-0.1707741
-0.04032699,-0.1292398,0.0299946,-0.01580978,0.4090997,-0.02836153,0.3055052,-0.3812555,-0.3088816,-0.4156393,-0.03279709,-0.2396896,-0.7046752,0.412574,0.8334479,-0.4017744,0.475091,0.002636739,-0.01167642,0.0366818,0.256238,-0.1463628,0.1952114,0.01812496,0.120238,-0.1178252,-0.4918789,0.3049474,-0.3775891,-0.1396172
-0.7992613,0.06089371,0.01187513,0.1216705,-0.4737346,0.1608099,-0.2017089,-0.3034004,0.1166802,-0.05593246,-0.4222192,-0.01440543,-0.1154442,-0.136124,-0.1362713,-0.1479695,0.006862223,0.09633566,-0.1314201,0.05260045,0.000692766,-0.5059774,-0.1038747,0.06645852,-0.3343778,-0.6540713,0.0124807,0.7041584,-0.2566005,-0.2543164
0.7266923,0.004021197,0.08609182,-0.02398757,0.3762544,0.08726855,0.09456686,-0.1920281,0.3890324,0.4253056,0.4084607,-0.2366984,0.05833079,0.2366278,-0.2002478,-0.06530749,0.2905039,0.01416074,-0.004784937,-0.05149128,-0.1001119,-0.4331218,0.3468558,-0.6034877,0.3076473,-0.5711218,-0.0774508,0.3783105,-0.6039138,-0.477217
-0.503038,-0.00222379,0.09176642,-0.1149467,0.09785862,0.2293824,-1.306188,0.495155,-0.01792722,0.2496801,0.6462895,0.007000479,-0.4059496,-0.9565896,0.0257352,-0.3242294,-0.1223554,-0.2357885,-0.4645076,0.08936211,-0.009675721,-0.2275017,0.3606276,-0.2003449,-0.5166854,-0.6783976,-0.06820112,-0.4225447,-0.009196103,0.2809271
0.1509527,-0.5051005,-0.02610169,-0.1953852,0.1037587,0.5692405,0.2308502,-0.0009961724,-0.2950608,0.3273191,0.123623,-0.05050953,-0.4354049,-0.06250028,-0.02605341,-0.2476835,-0.3531388,-0.1894799,0.3977623,0.0002426221,0.2367881,-0.1135863,0.2703949,0.09577083,1.622018,0.2973647,-0.1443917,0.002481996,-0.007166389,0.1990553
;
0.1627077,0.2599908,-0.749335,0.03254586,-0.2689482,-0.07945559,-0.01864368,0.05176121,-0.02598393,0.1023316,-0.1071234,-0.04861027,0.07835992,0.3403266,0.009108666,-0.4933096,-0.3466051,-0.3677026,-0.5922913,0.01449395,-0.2468144,-0.7905853,-0.06897655,0.01861074,-0.120853,-0.3086714,0.1003784,0.05736589,-0.09189993,0.09239887
0.0717449,0.1864325,-0.8633839,-0.5617561,0.2373983,-0.3015103,0.3816824,0.02779084,0.04036334,-0.1176709,-0.221985,0.3442409,-0.4363343,-0.0251934,0.01155513,0.5541764,-0.2949702,-0.3008554,-0.09503657,0.3285313,-0.1687031,-0.6874461,-0.1771976,0.0008789686,-0.1349251,0.0713734,0.3511535,-0.01894236,0.484317,-0.4717462
0.3396693,-0.2749754,0.2294885,-0.02958804,0.4118252,0.8114135,-0.3820914,-0.2696421,0.1102126,0.4209361,0.2452761,-0.1549415,0.4266996,0.4330266,-0.1626005,-0.3774691,-0.7226224,-0.3466307,0.05258502,-0.1357926,-0.996049,0.001402419,0.06587023,0.2449244,0.1500878,0.6427221,0.01751177,0.03410743,-0.3486004,-0.8391046
;
-0.3114985
-0.2913584
0.1119402
0.4069575
0.2865065
-0.2695069
0.2060207
-0.2737571
-0.2994174
-0.3884324
-0.05744511
-0.1456822
0.2345236
0.1419817
0.1837187
-0.1061037
0.04266864
-0.2008346
-0.01139385
-0.3787528
-0.1747811
0.1140011
-0.1656552
0.1310377
0.2946421
-0.4222643
0.1105905
-0.3852081
-0.1018538
-0.2094108
;
0.2465967,0.4466906,0.1357725,-0.3227365,-0.4592537,0.09083277,-0.1799427,-0.3488156,0.1656271,0.1850855,-0.1876369,0.3743384,0.2707516,-0.4291878,-0.4249318,-0.4660546,0.01441377,0.2332612,0.279175,-0.354102,-0.3584133,0.3033788,-0.4185539,-0.1328306,-0.3276541,0.2304396,-0.01206011,-0.3741428,-0.5364851,-0.4530818
-0.1681218,0.3026613,-0.345786,0.2146597,-0.4982909,0.02224559,-0.2277123,-0.1556903,-0.3287349,-0.07297128,0.4499333,-0.3397851,0.4677676,-0.1524088,0.3901361,0.1140612,-0.381442,-0.3524213,-0.1227555,0.01357776,-0.3466787,-0.3425024,0.2063926,-0.108365,0.04184359,0.0446077,0.1587967,0.3834771,-0.1424544,0.1339852
-0.326431,0.4089438,0.1296756,-0.226186,0.06824356,-0.3606948,0.4101262,-0.4179611,0.001008451,0.3769886,-0.3843245,-0.02989739,0.3481408,-0.4219348,0.1017063,0.2113122,0.2701175,-0.4466903,-0.3238288,-0.2555009,-0.1032214,0.4632986,-0.1834671,0.4286073,0.3357253,-0.4275635,0.1210381,-0.3369542,0.2718545,0.4721565
-0.4425206,-0.4289529,-0.4858866,0.03764433,0.01288217,0.100982,-0.06972092,-0.2841552,0.4692928,0.3675088,-0.1426242,0.245519,0.3268166,-0.07593995,0.4321313,-0.1926463,0.384153,0.4120049,-0.2890376,0.4385576,-0.4040442,0.2922642,0.2843795,0.3909185,0.009030759,-0.1382659,0.1890329,-0.4299228,0.0743682,-0.4644146
0.2869816,0.3696908,0.1248963,-0.1286322,-0.171966,0.4139122,-0.3446163,-0.3632803,-0.1192474,-0.4412622,0.2696755,0.3811334,-0.4390442,0.4784353,-0.2442817,0.4348434,0.1499387,-0.4730562,0.07213134,0.0526368,0.1200909,0.106066,-0.1453487,-0.03810531,-0.1877888,0.2200293,0.4965625,-0.2747296,-0.2543781,0.3127466
-0.190014,0.2849751,-0.337395,-0.4346782,0.1574079,-0.3823547,-0.2877493,-0.2366429,0.2256157,-0.288964,0.06807107,0.1403868,0.403034,-0.4392933,-0.4962186,-0.09300619,-0.0178569,-0.4244541,-0.4152125,-0.1891317,0.4102184,0.03189653,-0.05012852,0.2222445,0.3459597,-0.09476858,0.2090303,0.1283235,0.3179986,0.4282454
0.08428842,-0.4982592,0.290529,-0.3678312,-0.2998121,0.4355026,-0.1206302,0.480309,0.1800374,0.1115238,-0.4486303,0.07696134,-0.004341424,0.3164724,-0.302487,0.3593436,0.275504,-0.09394389,-0.2444764,-0.2027079,-0.3935876,0.4207385,-0.2151781,0.3710136,-0.2780792,0.3949767,0.3142557,-0.4443555,0.2484203,-0.04559421
-0.00983423,0.007576287,0.4253824,-0.183937,-0.048919,-0.05532581,0.3051571,0.02523263,-0.08868843,0.4603449,0.2260954,0.4713504,-0.1418663,0.2346032,0.2741766,0.1211719,0.2643583,0.1164265,-0.05017906,-0.0528776,0.4630735,-0.1346299,0.07956129,-0.06995827,0.4877199,0.263436,-0.2013168,0.1172804,-0.4278448,-0.3545713
-0.2556221,0.3928341,0.0550105,-0.4638215,-0.4965886,0.05158287,0.1853405,0.483798,-0.2094019,0.1806294,-0.2121863,-0.1595376,0.2976681,0.08086652,-0.1861562,-0.0001011265,-0.2589676,-0.4784135,-0.007582366,0.3550427,-0.4273397,0.02215618,-0.4289874,-0.4468703,-0.3709326,-0.3303852,0.07883006,-0.4223233,0.2141322,-0.3056461
-0.3760512,-0.4972324,-0.04036313,0.3094596,-0.2981064,0.04585749,-0.148274,0.4566665,0.2750686,-0.4443723,0.3421439,-0.09573323,-0.38425,0.498897,0.02628225,0.03652149,-0.255583,0.2889781,0.4816688,-0.274615,-0.4478577,0.01193053,-0.07819623,-0.2910757,-0.2638339,0.4830556,-0.2446923,0.1066162,0.02932411,0.186133
-0.05187315,-0.3214784,-0.1641505,-0.401353,0.3204963,0.01519901,0.1702048,0.1736051,-0.149913,0.3220307,0.1831567,-0.08714193,0.2615644,0.4186211,0.04192191,-0.1077979,-0.1642658,0.02941952,-0.112035,0.4434378,-0.3204968,0.2969816,-0.2784584,0.1278498,0.2799668,-0.4817469,0.4517175,0.009347498,0.4389055,-0.1276267
-0.03853816,0.1094819,0.233237,0.4999855,0.06739837,-0.3638307,-0.3199848,0.07234699,0.305951,-0.008982718,0.2635506,-0.3778044,-0.4410455,-0.06226689,0.4449937,-0.006251991,0.3430552,0.1517007,-0.1392459,0.4312692,-0.491066,-0.1861352,-0.4859287,-0.1168947,-0.1599219,-0.009871066,-0.1395996,0.4144167,-0.1530665,0.06852108
-0.1749722,-0.02770978,0.3316003,-0.1622844,-0.0291298,0.1963011,0.107383,0.3511266,0.3936836,0.3999031,0.04675144,0.4443336,-0.4162885,-0.4236045,0.2122654,-0.2370717,0.2249014,0.09007818,-0.0652588,-0.4501779,-0.2513117,-0.4897089,0.0108798,-0.03283554,-0.3004471,-0.3076804,-0.02048796,-0.3069237,-0.1290249,-0.242205
0.4966422,0.2917681,0.2072559,0.4202226,0.3590254,0.0427461,-0.2255169,-0.6450834,0.4452068,0.3910421,-0.2880943,0.08648556,0.4388199,0.4718877,-0.3646301,-0.2918849,0.02214199,0.0659911,0.2955739,0.1350024,-0.06600505,0.3832049,0.3475879,0.06117135,0.2753384,-0.1922687,0.1179373,0.18803,0.3081626,0.1149153
0.4946296,-0.3677701,-0.3665673,-0.266924,0.2679642,0.1684972,0.009525597,-0.1508275,-0.4041969,-0.4174557,0.1347099,-0.2745429,0.04806322,0.3213998,0.3501025,-0.4338295,0.03351992,0.1760213,0.1873962,0.3976417,0.1730444,0.4819659,-0.333197,0.1624278,0.04739338,0.2083298,0.4127203,-0.3250455,0.146618,0.1640963
-0.385196,0.005791366,0.3634795,0.2111615,0.2509706,0.4666508,-0.01876372,-0.4700423,-0.24812,0.1802546,0.4280075,-0.2493991,-0.2755141,0.009214025,-0.03922504,-0.3879682,0.1376141,-0.4776173,0.3019564,0.4350618,-0.4244013,0.0008205771,-0.2934204,0.08107728,-0.05517691,0.1321497,-0.4664102,-0.161524,0.03303839,0.1370767
0.3600513,-0.2807714,-0.2297203,-0.4426951,-0.1502936,0.3229036,-0.3901573,-0.2400431,-0.04450589,0.144029,-0.03490788,0.07796496,-0.4227358,0.1873618,-0.3821175,0.003683507,-0.3687272,0.2147058,0.007258236,0.09831363,0.4675472,-0.1648545,-0.1598218,-0.3890028,-0.1987809,0.4057854,0.4527102,0.003581345,0.0665186,-0.1588184
-0.1431375,-0.2079174,-0.4919693,-0.4206675,0.2700131,0.225829,-0.09632176,0.4701316,0.4093823,0.4712043,0.1149098,-0.4901558,-0.1214932,-0.3319041,0.2514695,0.02269608,-0.1605138,-0.2179168,0.01937586,-0.2870345,-0.07483715,-0.1492115,0.3229318,0.2361431,0.06080872,-0.2797616,0.282642,0.1171142,0.08989471,0.07850307
-0.1968579,-0.396423,0.3731909,0.4210371,-0.4370496,0.3849065,0.4907634,-0.436587,-0.2621802,-0.3937659,-0.2501442,-0.3213639,-0.04572672,-0.345013,0.08479565,-0.4131858,0.4196885,-0.3107105,-0.3104172,0.1603064,0.2276735,-0.485543,-0.06909829,0.4147642,-0.2592189,-0.2538112,-0.1535179,-0.00811547,-0.2195633,0.3680283
-0.3502948,-0.09561402,-0.3818473,-0.2058372,-0.03898424,0.4352896,-0.009165943,0.1672728,-0.05188578,-0.02951235,-0.2351411,-0.1796066,0.4396136,0.1297552,0.04505438,-0.173428,-0.3178766,0.2564189,0.1818244,0.4238064,0.362114,-0.1831539,-0.265419,-0.184384,-0.4886192,-0.1322048,-0.3137553,0.3276834,-0.1366911,0.4502907
0.3257179,-0.1714311,-0.4337336,0.09210128,-0.04696065,0.1204563,0.1953348,-0.1912195,-0.3774613,0.4697524,0.1078135,-0.05226094,0.3267801,0.1153335,0.2039252,0.3090287,0.06868523,-0.2210627,-0.3910897,-0.1720373,-0.1972004,0.1389708,0.441702,-0.06296581,0.1915289,0.1447776,-0.2913716,-0.2726538,0.4051813,-0.1070011
0.2920183,0.1427525,0.01065415,0.03968793,-0.181254,-0.4390686,0.2641704,-0.1065878,-0.1709811,-0.09059733,0.1671852,-0.3242321,0.3353752,0.005500149,-0.422267,0.3202975,-0.01050236,-0.4033774,0.4411598,-0.4133618,0.3316528,-0.2002671,0.476136,0.06994981,-0.3460399,-0.2062741,-0.4010845,-0.4237456,0.03004152,0.4247082
0.3297861,0.3349192,-0.4364122,-0.4973668,0.4398096,0.2274211,-0.4405785,-0.236597,0.3843839,-0.1826407,-0.4308392,0.08918029,-0.4111469,0.1938736,0.4748904,0.2315889,-0.05256301,0.3327805,-0.5670047,-0.3422207,0.1642505,-0.0290888,0.3098027,0.2725641,0.209809,-0.4873497,0.422666,-0.4327011,-0.3715076,0.4117696
0.09655279,0.2200781,-0.3778032,-0.04097337,0.427472,0.1962911,-0.3389801,-0.4142596,0.1656471,-0.1081697,0.408717,-0.2405713,-0.3419141,0.2845438,0.3469354,-0.184177,0.06625515,-0.2668462,0.3010617,-0.2567773,-0.1543141,0.3650922,-0.1284001,-0.1698901,0.1505033,-0.02015108,-0.1605189,-0.3760772,-0.2360037,-0.4197205
0.06149656,0.06491393,0.07772881,-0.3332561,0.2719567,-0.4694371,0.4677769,0.4881276,-0.01612085,0.4311111,0.30682,-0.1934844,0.08617538,-0.1047794,0.3208507,0.3194176,-0.1694371,-0.1528797,-0.4410723,0.03067309,-0.3913486,-0.4396137,-0.358445,-0.3039922,-0.269663,-0.4731641,0.04890686,-0.08453411,0.01499003,-0.1245711
0.0237655,0.4973737,-0.06418675,-0.2422256,0.06675023,-0.3352964,-0.2976812,0.397007,0.421334,0.3893657,0.2830099,0.4416236,-0.3142885,-0.1588487,0.416537,-0.1330121,-0.2874585,0.3645716,-0.4865702,-0.1208264,0.4762403,0.006215751,0.3411431,-0.1657253,0.206061,-0.4901917,0.07309729,0.2843453,0.1752477,-0.1711224
-0.4400407,0.1602442,0.3457539,-0.402993,-0.1025773,-0.1833108,0.1007184,-0.261649,0.468495,-0.1194944,0.1334041,0.08059841,-0.356737,0.6496777,0.06572306,0.1790904,0.413511,0.2176047,-0.310374,-0.1565593,-0.2076083,-0.2193787,-0.1924407,0.4314812,-0.6202036,-0.4416745,-0.0840047,-0.1943912,-0.03215057,0.3835961
-0.01715761,0.07841986,0.3453103,0.483881,0.2994831,-0.07403296,-0.1572432,0.2761649,0.3780172,-0.4517256,-0.2115451,-0.3751084,-0.1518266,0.02350694,0.2854799,-0.1125976,0.4784629,-0.1190785,0.02894312,-0.3514282,0.09386271,0.1224876,0.161434,0.06817919,-0.2662911,-0.4599675,-0.4472188,0.08731228,0.4765593,-0.5904387
-0.4155077,-0.3543336,0.3702923,-0.04694217,0.4847186,0.4183844,-0.3138278,0.007962525,-0.3459083,-0.3727549,-0.3994524,0.4218282,0.1266835,0.4151751,-0.05118209,0.2206256,-0.4633542,-0.1015653,-0.1690847,0.2768151,0.3333818,0.4909551,-0.2177905,-0.1401365,0.4975796,-0.2631086,-0.2531264,-0.2251201,-0.2534267,0.4409939
-0.3608681,-0.4599264,-0.4258627,0.1953294,0.4706275,0.1760977,-0.2567497,0.1258663,-0.06588942,-0.06319684,0.2328247,0.3039953,-0.330708,-0.1250388,0.3563585,0.3031069,0.1824008,0.2901442,0.3442661,-0.2858856,-0.4219573,-0.3850896,0.1883579,0.4212269,0.4223529,0.3752679,0.2797852,0.390638,-0.09117478,0.2247274
;
-0.1564167,0.390977,-0.108327,0.02232748,-0.2270762,0.4138379,-0.308945,0.4852347,0.2454634,0.2200118,0.3832994,-0.01329738,-0.2922362,0.4574809,-0.4570323,0.4785693,-0.4645452,0.2402719,0.4951257,0.1026012,-0.1611912,-0.1869279,0.1850505,0.2114084,0.1103794,0.4058841,-0.1979228,0.1050184,-0.1809824,-0.05118304
0.2113439,-0.270908,-0.2929255,0.4530736,-0.4975218,0.3953624,-0.1965885,-0.0001074195,-0.2362822,-0.4034513,0.45629,0.3984288,0.4732141,0.286442,-0.006395741,-0.1254414,-0.4125397,0.4744782,0.1840056,0.2508986,-0.3507351,-0.03842443,0.1997808,-0.3867128,0.4272436,-0.6339147,-0.09812516,-0.1099642,0.05542439,0.1263213
-0.2156348,-0.1619546,-0.01233798,-0.175526,0.006469429,-0.277223,-0.2915431,-0.07653445,-0.298045,0.1828008,-0.2382374,-0.3955586,0.348199,-0.4485875,-0.3805354,-0.3807697,-0.172123,-0.3460028,-0.02506644,-0.128794,0.02029794,0.1357661,-0.4438047,-0.289399,0.1566819,0.3276303,0.4579538,-0.009357728,0.1953753,-0.197823
;
-0.2713378
0.2165954
0.6319675
0.3826141
0.3305489
-0.5016649
0.04095954
-0.07869919
-0.3429803
-0.3955412
-0.1845969
0.076632
-0.1216131
-1.248165
0.0903815
0.1319189
0.1679836
-0.3119541
-1.195243
-0.4737259
-0.4287829
-0.1016619
-0.2407676
0.2289907
0.02085954
0.02948042
0.198057
-0.119792
0.06519838
-0.4116443
;
0.0786323,-0.07576317,-0.2450815,0.02480269,-0.1057981,0.1056299,0.2781945,-0.339107,0.03919083,-0.04593533,-0.5294758,0.007582709,0.2389686,0.1820768,0.128171,0.05101455,-0.2338577,-0.0347963,-0.3309461,0.4263597,0.1006031,0.04811818,-0.4261282,0.1067976,-0.4229115,-0.6180183,-0.1442793,-0.01387674,-0.001599133,-0.6513915
0.1235422,-0.522201,0.391937,0.06249337,0.1902162,0.2961394,-0.01038922,0.003179723,0.1776884,0.2160682,-0.0329065,-0.482,-0.2784058,0.624038,-0.6676825,-0.1662166,-0.1894912,-0.4996604,-0.07160923,0.5445426,0.2131584,-0.2802415,0.2045184,0.3119811,0.2961833,-0.05222701,0.4541528,-0.4950035,-0.01330996,-0.6342946
-0.1403942,-0.0001468245,-0.208958,-0.1663093,0.242809,0.2190714,-0.3933475,-0.2567177,-0.09248064,0.02505401,0.01997033,0.01156392,0.3292646,0.1370553,0.2981387,0.05887372,-0.1595027,-0.03273227,-0.1484355,0.1548169,-0.4035528,0.1967633,-0.2916174,-0.08481926,-0.3346328,-0.1045948,0.0746929,-0.2873349,0.002434746,-0.2552465
0.02834233,-0.7222164,0.4484295,-0.008160786,0.9402999,-0.3647956,-0.8367978,0.001321371,0.4872897,0.003006067,0.07517357,0.2582629,-1.060242,0.1862882,0.008827031,0.4759625,0.1240918,0.2419669,-0.3120134,0.765057,0.7964909,0.1201345,0.002873361,-0.07917052,0.301634,-1.155984,0.1414256,0.1556992,0.1200548,0.1470699
-0.3875202,-0.4436742,-0.1294203,0.02152481,-0.1239583,-0.02876187,-0.09100167,0.5156323,0.4318568,0.01580902,0.8013355,0.08441073,-0.0007853042,-0.007013394,-0.03094086,-0.1475426,-0.261983,0.3413739,0.01828784,0.1652014,-0.07449925,-0.05355899,-0.1500791,0.001478232,-0.3074178,0.05505392,-0.1025303,-0.3239417,0.1058688,-0.330242
0.2077798,-0.1025992,-0.1589983,0.06953608,1.075521,-0.1918812,-0.08043259,-0.3286684,-0.003426705,-0.02276331,-0.2922156,-0.007904949,-0.1234515,0.3441168,0.0283543,-0.2979919,-0.6593468,0.04612257,0.1453341,0.07083696,0.4486774,0.4885235,-0.06109336,0.2190552,-0.4570636,-0.6224948,-0.1006674,0.2008432,-0.3717724,0.02929653
0.01547434,0.09256119,0.3870324,0.08131996,0.1871412,0.05415672,-0.1577417,0.4721113,-0.09560901,0.0378398,0.8695166,0.1661005,-0.3100968,0.2145637,0.1413291,0.4516075,0.1874437,-0.253353,0.07127132,-0.08079046,0.1017784,-0.005840916,0.1028974,0.3612595,-0.6447323,-0.08923198,-0.02892882,-0.3193648,0.08058608,0.1127892
-0.3058056,-0.0416343,-0.05736083,0.3182833,0.4003778,-0.07381457,0.2881864,-0.02599416,0.1038713,0.3261707,-0.3482759,-0.1890935,0.4110231,0.2314519,-0.7638927,-0.3154862,-0.2603422,-0.4526815,-0.4520147,0.1934531,0.1887518,-0.1107684,-1.668656,0.2863582,0.1685968,-0.07774355,-0.009379271,1.569925,0.04058547,0.1192455
-0.4676614,-0.0801256,0.2885236,0.07088028,-0.1122905,0.1917674,-0.003409316,-0.0150649,0.07546812,-0.207968,-0.03293433,1.472877,-0.2998562,-0.1052945,0.2139716,0.1766142,0.7011698,0.08085207,-0.6643505,-0.1568177,0.2189039,0.1634301,0.3909757,0.03909162,0.4063519,-0.12528,-0.02105994,-0.004664555,-0.1184437,-0.1691036
-0.0215338,0.03995346,-0.3470699,-0.3927158,0.2142613,0.5969131,0.3946925,0.03828964,-0.1874239,0.007327616,0.57486,0.673795,0.02488822,-0.5346034,0.7484443,0.2094427,0.3152933,-0.03833346,0.2821132,0.282833,0.01822034,-0.2224406,0.03769472,0.1170357,-0.4707381,-0.07674982,0.3380674,-0.2823873,-0.4516551,-0.2949071
0.1167354,-0.1487685,0.3929105,-0.01758157,0.3139538,-0.3903234,0.4977174,0.1873028,0.01118587,-0.1726793,-0.4118986,0.1137275,-0.2242873,0.2185695,0.2571533,-0.005119509,-0.2388753,-0.1081791,-0.2364054,0.05305721,-0.9178839,0.5306802,1.150482,0.1279735,-0.1762489,0.2268324,-0.1359822,-0.2553871,0.292262,-0.02279155
-0.4192604,0.1516798,-0.2573209,0.4550046,0.02640443,0.09125394,-0.4246676,0.3464332,0.1788871,0.369783,-0.1129519,0.03785721,0.04438269,0.05499785,-0.4360746,-0.3069663,0.2221738,-0.3767015,-0.3362584,0.2235638,0.4310461,0.006517036,0.07003802,-0.07679739,0.3844827,0.3150048,-0.4375057,-0.08467728,-0.2023899,-0.1183447
-0.4986839,0.4871756,-0.1755016,-0.1362513,0.07867151,0.1977446,-0.005053561,0.05189239,0.4728799,0.05088204,-0.1115605,0.4462124,0.07082681,0.004504967,0.1880916,0.1002787,-0.177962,-0.1963177,-0.5631215,-0.282876,0.3443055,0.1949149,0.1938988,0.1572487,-0.02075799,-0.2876803,0.3191692,0.001396248,0.1933544,0.6021672
-0.2775297,-0.1863087,0.4048603,-0.1073351,0.2569691,-0.1371311,0.148507,0.3764812,-0.6487527,0.2980388,0.1384213,0.1608783,0.216316,-0.001844337,-0.3726019,0.4333556,0.1567338,0.321189,-0.4026445,0.1412508,-0.08192557,0.01239139,-0.09735157,0.4682485,-0.195651,0.2811717,0.04792132,0.5907362,-0.02322948,0.1353778
-0.3304224,0.530434,-0.2143898,-0.4704396,-0.1438634,-0.02001911,0.003163916,-0.3053557,-0.1607497,0.4296042,0.5712442,-0.4379951,-0.2700052,0.04588166,-0.4927061,0.05364674,0.05827659,-0.1880434,-0.4178455,0.0324232,0.09432501,0.3810007,-0.4296723,0.06564637,-0.1772588,0.09279204,0.03811089,0.3593001,0.1445373,-0.6178138
-0.2199838,0.2571304,0.04678863,0.3136883,-0.2978903,-0.768903,0.3507898,-0.0495987,0.08717583,-0.3621827,0.06662661,0.213397,0.3487146,-0.3557264,-0.7602645,-0.1281886,0.3914571,0.4174683,-0.2710619,0.2869062,0.1738988,-0.3982196,0.2413095,-0.2472635,-1.218347,-0.05946106,0.001818269,-0.0003110351,-0.2884737,-0.09269397
0.4895698,0.3188583,0.04704052,-0.01324826,0.04286331,-0.4990959,-0.2995087,-0.3302745,-0.2507819,0.2053125,0.3810812,0.03551907,0.03175467,-0.2431601,0.5209481,-0.01117712,-0.2371241,0.05774635,0.3936732,-0.5504508,0.004423782,-0.2414774,-0.1906911,0.0770181,-0.002306333,0.06532758,-0.4106601,0.32389,-0.1415496,-0.1687683
0.4530752,7.728932E-05,0.09504801,0.2658621,-0.3847376,-0.1418131,0.1098798,-0.3623014,0.2735695,0.1370979,-0.4461724,-0.4667946,0.2713317,-0.2574076,0.2454975,-0.08311562,0.5341626,0.09187511,-0.4347036,-0.6209721,0.07983545,0.2081998,-0.2899325,-0.2002444,0.7644718,1.326375,0.1490921,0.1529496,0.2055157,-0.308584
0.2170303,-0.4098419,-0.3491566,-0.4660197,-0.005581406,-0.3141929,-0.7047036,-0.9431764,0.3045108,0.330002,-0.4228047,0.03908607,0.1649572,0.2641203,-0.412004,0.2396514,0.3292857,-0.01775443,0.01974112,-0.2585144,0.346213,-0.5106801,0.001006026,0.1705828,0.2696526,-0.437081,-0.1244462,-0.2672106,-0.4191038,0.2933513
-0.9037825,-0.02089065,0.598677,-0.2957475,0.3339593,-0.2542125,0.4277613,0.2105981,-0.08881074,-0.05745212,-0.03809065,0.2576451,0.1430204,-0.241693,-0.3598014,0.6629953,0.2143229,0.4446553,0.1514812,-0.6948469,0.6773621,0.2297975,-0.2231809,-0.01501087,-0.003219928,-0.8524299,0.2148274,-0.2958851,-0.9551814,-0.587345
0.356703,-0.1506316,-0.1929563,-0.02017111,0.08967319,0.4136559,-0.4873908,-1.160584,0.2608423,0.6848822,0.2121382,-0.1189022,-0.2515397,0.3151293,0.3617569,0.2386521,-0.008213783,-0.3364969,0.314405,-6.563935E-05,0.4011864,-0.1867231,0.2617532,-0.664292,0.1806129,0.405409,0.02142814,-0.2667971,0.2426949,0.3863519
-0.02383299,-0.005180582,0.1716425,-0.005032761,0.2808229,0.3856581,0.4869244,0.1528684,0.496509,0.2746024,-0.1714041,-0.1096299,-0.02238718,-0.3543576,-0.836861,0.3342861,-0.1663384,0.2256804,-0.02088958,0.4243971,-0.08143586,-1.485391,-0.6768407,0.0694594,-0.08275624,-0.4514242,-0.07012115,-0.4717008,0.02175814,0.02273303
-0.06387861,-0.4266689,-0.04314914,-0.0001287246,-0.129993,-0.03061566,-0.05942781,0.1697274,0.1664452,0.6619611,-0.003484572,0.1568507,0.2520546,-0.02091461,-0.3185639,0.4241898,0.06202834,-0.1771647,0.2360076,0.480122,0.03061511,-0.6260585,0.168539,-0.2546455,-0.01156205,-0.2502349,-0.08419927,0.02892219,0.007118523,-0.1852617
-0.4625661,0.2367126,0.01746067,-0.09360403,0.2192132,-0.07952668,-0.4972296,-0.1517941,-0.3899664,-0.2116968,0.3580374,0.04803845,-0.1047559,0.04350253,0.04175169,-0.3697417,-0.03500468,0.4254225,-0.3319027,-0.06809392,-0.3218586,-0.08801359,-0.2313112,0.08855038,-0.3931015,0.8518717,-0.4011418,0.2383687,-0.3833914,0.3086995
-0.02202842,-0.04670662,0.1563334,-0.1548641,-0.044774,0.4278885,-0.1088658,-0.209935,0.3746811,-0.4465837,-0.2709514,-0.4932705,-0.0184175,0.3086121,0.2414569,0.07991034,-0.1449216,-0.09801073,0.2594342,0.2192995,0.02951581,0.1173717,0.2777538,-0.1133117,-0.1672756,0.08157986,0.090159,0.1952794,0.09150833,-0.1049583
-0.1246384,0.003349478,0.2491621,-0.04658112,0.03011166,0.001003205,-0.02381486,-0.1390718,-0.3944135,0.7981653,0.1665086,-0.3745061,0.2350338,0.1681183,0.55756,0.4438006,-1.347305,0.3997628,0.2047348,0.0174576,-0.01248611,0.353348,0.2437629,0.4120395,-0.1142199,0.1577544,-0.4661703,0.7974848,-0.3304996,0.7090614
-0.2594142,0.03966058,0.07529434,-0.1991739,-0.256119,0.3885427,-0.2219235,-0.338048,0.6795717,0.1719677,0.4571941,0.3669897,0.1014333,-0.3957958,0.929944,-0.1249322,-0.04025979,0.2228191,0.0001156633,0.04674845,-0.1896245,-0.213581,-0.120777,0.4046792,0.3860753,0.1656525,0.2174135,-0.3215888,-0.07961041,0.004508555
0.1410006,-0.1307645,0.8069836,-0.4004014,0.3023909,-0.464173,0.4434385,0.03114718,-0.698432,0.3062035,-1.260163,0.08796442,-0.01582028,-0.09037237,0.4828215,0.0520944,-0.974082,-0.08607727,-0.3312016,0.1493279,-0.2996166,-0.370212,0.1728947,-0.2224679,-0.05204219,0.2717056,0.1924126,-0.7555672,1.746771,-0.05371113
-0.01543766,-0.1688077,-0.1101693,-0.1640075,0.02452288,-0.4306359,-0.4500843,-0.2619824,-0.4312001,0.1901133,-0.2280355,0.2670317,-0.4174712,0.379443,0.1090586,-0.2007545,0.1461259,-0.4679269,-0.09232707,0.3119373,0.04644734,0.04451602,0.0484254,-0.08338317,-0.0104629,-0.02194493,0.1429432,-0.3629115,-0.5359603,-0.04981452
0.2333643,-0.08613493,-0.3720111,-0.429336,-0.1635682,-0.02730452,0.01058511,0.5488345,0.4319149,-0.5182952,0.2460302,-0.002028256,0.6473086,-0.05967162,-0.281704,-0.0199296,0.1181062,0.15601,-0.4331005,-0.0008502558,0.4019473,-0.6420628,-0.09069341,-0.1353361,0.3718919,-1.000899,0.02620367,0.4036821,-0.02550827,-0.003042277
;
0.1937153,0.1469633,-0.4845424,-0.3543487,-0.3869605,-0.2050988,-0.1148253,0.2651949,-0.1028151,0.6128892,0.03304595,-1.419073,0.2873998,-0.3316301,-0.2060762,0.05052668,0.353036,0.2957119,0.06750276,-0.06790481,0.0229457,-0.2277315,0.02229577,-0.001975351,-0.002654755,-0.3586854,-0.09801251,-0.1154976,0.07199091,-0.08348402
-0.0421231,-0.2236905,0.270126,0.01158012,-0.1099081,0.5321702,-0.4694257,0.07899361,-0.1211555,-0.9894628,0.3847258,0.03869266,0.4008598,-0.04154061,-0.4997646,0.2503898,-0.2081381,0.06083101,-0.2418932,0.1836707,-0.4866192,0.6430668,0.01511399,-0.103388,-0.1895301,0.2053031,0.04613736,0.06835133,-0.4447415,0.01029676
-0.05917001,0.04176217,0.1708031,-0.1939847,0.4849693,0.3343925,-0.2023398,-0.6235856,0.1731379,0.3098351,-0.2482848,0.002502194,-0.4797467,0.4459647,0.1435405,-0.3949081,0.05660409,-0.02704948,0.001471638,-0.09284848,0.4528887,-0.1604943,0.02901529,-0.751155,-0.1322361,-0.3044895,0.5623978,0.3972694,0.004052324,0.6936195
;
-0.0697889
-0.01201016
0.4515336
-0.02198971
0.02898845
0.02555832
0.000117899
0.3974096
0.8325779
0.03183403
-0.2607614
-0.2538418
4.113466
0.2586836
-0.3805043
0.07767063
0.1879541
0.2199713
0.006289063
0.3956782
-0.4268774
0.05025699
-0.4810643
-0.6318461
-0.4232317
-0.2527757
0.4809703
0.4206872
-0.1379276
-0.03416808
;
-0.03769678,-0.6270226,-0.419032,0.06626111,0.03815501,-0.377488,-0.403582,0.2025539,0.5607301,0.007346262,0.4547713,-0.1173405,-0.4370155,0.08131624,0.156805,-0.3389215,-0.2254918,0.474236,0.1230854,0.09678806,-0.1967404,0.468112,0.4424971,0.8359793,0.4296451,0.4631853,0.04460074,-0.2675987,0.6852391,-0.1708816
-0.2573848,0.006289676,-0.09177404,-0.7616693,-0.1355326,-0.3654635,0.05690938,0.03367813,0.1169144,2.874896,0.3961391,0.3179766,0.009118602,0.03475638,0.09519357,0.2025834,-0.8102397,-0.27223,0.3110121,-0.001132529,0.03210849,-0.1192471,-0.5090579,0.08126536,0.203851,-0.4214871,-0.1385067,0.5233355,-1.381388,-0.12672
0.2901231,0.1770226,0.3300075,-0.631595,0.005002201,0.009200841,-0.3091539,0.2631549,-0.08747488,-0.07622153,0.3730322,-0.1292272,0.1095534,-0.4257981,0.4109893,-0.008994454,-0.2586147,0.2788962,-0.3493302,0.05334118,0.5005189,-0.4009338,0.003884508,0.156402,0.09952074,-0.4215484,-0.1574187,-0.03328189,-0.1562683,0.2318168
-0.01368223,0.03619033,0.08695652,0.3572788,0.2633013,0.4374961,0.3750644,-0.1098419,0.4549758,0.06352401,-0.07490729,0.02178087,-0.07232667,0.2830884,-0.04391354,0.4762504,-0.3766356,0.005838215,0.4425905,0.09112,-0.1660293,-0.5057457,0.08767963,0.1862999,-0.5264551,-0.02034498,0.3344547,0.3856503,-0.4015692,0.1428519
-0.08178259,-0.1527054,-0.3571144,-0.08275951,-0.02409199,0.1767908,-0.03477785,-0.3292246,0.3176025,0.005343603,0.005278192,-0.6056287,0.2244996,-0.4958981,0.4578201,-0.04202494,-0.2242365,-0.3965074,0.41247,0.003068645,0.415418,0.3519698,0.3113961,-0.1554951,-0.1352395,0.3720701,0.2727979,-0.5417885,-0.1457219,-0.4358019
0.3427951,-0.2515539,0.1817589,0.1532341,-0.4686247,-0.6533104,0.3912202,-0.1957332,0.0009208647,0.01326075,0.1898891,-0.01377454,-0.001090817,-0.1477188,0.4328616,-0.05429071,-0.02529755,-0.3322792,0.03544133,-0.01783429,-0.5895585,0.2626638,0.4218459,0.2249001,-0.5419732,0.13185,-0.130383,0.01145174,0.2782933,-0.1165247
-0.1920557,-0.01857881,-0.001430939,-0.3140239,-0.8855782,-0.03112355,-0.4373619,-0.3459198,-0.04556887,-0.03575081,0.3628485,0.2705095,-0.1619003,-0.04938982,0.3494043,1.408293,0.0208471,-0.1999463,-0.5624932,0.4188187,0.7530555,-0.4486417,-0.4246464,0.1936452,0.316883,-0.007718148,0.03559785,0.1781425,-0.004133733,0.004728895
-0.6185817,-0.1501255,0.3020456,-0.06797739,0.3358221,-0.0003797156,-0.08521143,0.3912465,-0.1877399,0.4018002,0.7714853,0.2838676,0.07330963,-0.09217066,-0.2822689,0.4916263,0.09492564,-0.06674337,-0.02661282,-0.09483128,0.03655869,-0.6694942,-0.08611853,0.03232904,0.289965,0.2742712,-0.8278515,-0.05226916,-0.04898208,-0.6288052
-0.2540561,-0.04258662,0.4009656,0.0169661,-0.08253497,-0.3890029,0.09644312,-0.4143645,-0.08034939,-0.4671022,0.07048321,-0.4090917,0.03395228,0.2869809,-0.003402149,0.1910827,-0.4103068,0.4589927,-0.03793588,0.009540975,0.1407562,-0.08196194,0.01257159,-0.1044095,-0.02403992,-0.2262548,-0.2890439,0.02289454,-0.4570415,-0.3298161
-0.388272,-0.5256967,-0.04376137,0.3913417,0.4515676,3.265664,-0.4867543,0.1425552,-0.3915924,0.6532871,-0.4389288,-0.4455135,0.1848986,0.6094055,-0.1647485,0.4018121,0.1087922,-0.5683537,0.4797676,-0.05555266,-0.4753631,-0.1691628,0.06007832,-0.4228086,0.2454456,-0.351981,-0.1751729,-0.7859808,-0.4122206,-0.2046917
0.3641792,-0.09404951,-0.01391488,-0.1081389,0.184285,-0.1054991,0.08014498,0.8920184,0.3260202,-0.1576806,0.03339034,-0.5961701,-0.06236017,0.6863393,0.3428565,-0.393558,0.292221,-0.3107089,-0.005990708,0.009448884,-0.009844293,0.0627492,0.02559298,-0.4769539,0.4634826,-0.1805849,-0.4752512,-0.03782042,-0.2958419,-0.08869221
-0.4391896,-0.03523821,0.001052312,0.2717623,0.07734025,0.08858389,0.520493,-0.1563485,0.1502865,0.2383213,-0.2640666,-0.2634809,0.1445386,0.003209412,-0.08528452,-0.4315889,0.2826071,0.1507986,-0.431677,0.05571598,0.1310626,-0.004642629,-0.7885157,-0.3840628,-0.4095089,-0.2087929,0.1522151,0.2299052,-0.6858178,0.2975084
-0.1594794,-0.2933767,-0.08449318,0.2815467,0.01547651,0.4956219,0.0006589527,-0.2971553,1.270107,0.09681958,0.6094909,0.02049013,-0.03503489,0.4682176,0.06416816,0.02981788,0.3039395,0.4119497,0.00238198,-0.3273976,0.3535873,-0.2121421,-0.2275721,0.0412101,-0.0087945,0.3786567,0.08975486,0.3610828,-0.4209999,0.3560978
-0.1816952,0.02238273,-0.2294589,-0.4148163,0.2214579,0.03282183,-0.3537827,0.8810338,0.04554859,0.359285,0.002950391,-0.05934066,-0.2254104,-0.09206575,0.1182517,-0.4523767,-0.1314634,0.09770942,0.3575844,-0.07854149,0.4117333,0.227645,0.1867886,0.1484964,0.02277433,-0.4805312,-0.2079999,0.4144562,0.5350164,-0.1131696
0.374642,-0.2698569,-0.3159233,0.4460555,0.04626334,-0.4072749,-0.2677844,-0.0001390764,0.003814021,0.1083397,0.08218884,-0.1487852,0.07502717,0.4890046,0.8397667,0.4633242,0.3735293,-0.3153004,0.0003102191,0.3581407,0.005534589,-0.4326913,-0.3452228,-0.2957692,-0.0333355,-0.955399,0.002434568,-0.3716646,0.6959845,0.3587191
0.04062706,-0.4493414,-0.1851823,0.7927855,-0.2785748,0.006235699,-0.01462369,-0.2430919,-0.3159489,-0.0232974,-0.07434168,0.02783138,-0.1525947,-0.37726,-0.06328255,-0.6510502,0.1412425,-0.03364855,0.1945235,0.4589648,-0.04087608,-0.07284299,0.2582188,0.1983889,0.0150153,-0.2229166,0.361419,0.002296489,-0.07229263,0.04871012
-0.7582658,-0.06590325,0.1531249,-0.2024399,-0.2003345,0.2644168,0.330826,0.105515,-0.3434316,-0.4999747,-0.0155983,-0.1648133,0.06192319,0.0006435961,0.003409803,-0.02034777,-0.483844,-0.04936025,0.2410666,0.0434193,-0.3911549,-0.2072566,-0.4939377,0.05174611,-0.06537651,-0.2833341,-0.6666429,-0.1853895,-0.4337021,-0.4173319
-0.1157816,-0.06679529,0.186708,-0.6338909,0.2900754,0.3885666,0.6806229,-0.08164197,0.1818584,0.4915515,-0.1729517,0.1634629,-0.1941178,0.4070684,0.1412613,-0.1113466,0.05588284,-0.14759,-0.3991908,-0.5481697,-0.2696112,0.497633,-0.04524969,-0.01065284,0.2043805,0.1656034,0.3559383,0.05317425,0.09964502,-0.653303
-0.0393706,0.2215578,0.1202451,0.08984791,-0.1337849,-0.08464321,-0.4112145,-0.4748624,-0.1177664,1.235758,-0.2641061,-0.08881442,-0.06072778,-0.06113452,0.09557658,-0.05821032,0.2110449,-0.01932223,-0.1973654,0.1325899,-0.1009246,0.1329968,-0.01436485,-0.4546559,0.1301044,0.2100273,0.156047,0.4560662,0.3375076,0.0297191
0.007638744,-0.001420647,0.1004588,-0.04801556,0.4257954,-0.01639313,0.3389369,-0.1466812,0.3364867,0.4554758,0.03002562,0.4306266,0.6532174,0.05074063,-0.0104666,-0.0001538472,0.01207596,0.1781967,-0.7324119,-0.2348353,-0.1477793,-0.8404238,-0.09650713,-0.3787051,-0.423673,-0.7496596,-0.305081,0.09836584,0.1203227,0.3061196
-0.0815938,0.3510148,-0.01947393,0.1031906,0.23629,0.4073672,-0.3143988,0.03404662,-0.02967125,0.6697354,0.1097116,0.6969133,0.1971299,0.008046259,0.4483626,0.09384578,0.01323298,0.1779149,0.2687601,-0.4744149,-0.1403218,-0.5384051,0.5149412,-0.4559624,-0.1179246,-0.4322367,-0.3361143,-0.4841329,0.1837418,-0.0477154
0.01188662,0.314954,-0.4765144,-0.4981912,0.5306927,0.2120572,0.5828112,-0.2207232,-0.0014879,-0.01760274,0.156369,0.06584901,0.05455369,-0.2176568,0.3473321,0.161095,-0.01184188,-0.1122469,-0.4651626,-0.4946302,0.01273088,-0.5462891,1.018219,0.3464708,-0.6535088,0.3338504,-0.1987756,-0.4771593,0.463539,-0.0404399
0.2120178,0.02297006,-0.2825882,0.33352,-0.141562,0.2743709,-0.3881326,-0.07856899,-0.005785927,0.4754664,-0.08492619,-0.3704421,-0.09099215,-0.4532098,-0.04370624,0.4836557,-0.4932678,0.4130095,-0.00225395,-0.1417652,-0.2629775,-0.06661028,-0.1168852,-0.871317,0.4846095,0.04675926,0.3388396,0.6864743,0.2136228,0.8870988
0.003505697,-0.2433901,-0.1456415,0.4405122,0.4498629,-0.0932292,-0.2860718,0.01216541,0.1560403,0.1824976,0.2245896,0.03416615,0.01705949,0.08506507,-0.18176,0.02627968,-1.724418,-0.003065116,0.01809853,-0.4036416,-0.2506435,-0.7520548,0.2879108,-0.2382358,0.2396557,0.09087539,-0.3559941,0.08186692,0.09121852,0.4149269
-0.4365401,-0.1410891,-0.006153947,-0.05498594,-0.09511595,-0.111765,0.005464556,0.3653071,-0.08250433,0.2494397,0.2950395,0.4191221,0.003495599,-0.05971523,0.275689,0.002786833,-0.07475525,0.07841831,-0.008916626,-0.009505694,0.2300368,-0.2539142,0.2432569,0.3181993,-0.4136213,-0.1614694,-0.3849723,-0.09742327,0.1190361,-0.2221034
0.03099719,-0.07341274,0.041297,-0.3023561,0.3122085,0.1388879,0.3344634,0.3908554,0.08743876,-0.04189928,-0.8794929,-0.05708333,0.633153,-0.2695351,-0.1770008,-0.1505567,-0.003007673,-0.3261294,0.4576263,0.2560288,0.2077695,-0.01200448,0.3020357,0.01939676,0.3970457,-0.08146673,0.6551325,0.01809938,-0.5987381,0.01274868
0.04020363,1.102851,-0.3774654,-0.006096144,-0.1581933,0.144832,-0.4660344,0.0782997,0.2635466,-0.7242584,0.008153643,0.1418162,0.3853773,-0.2954543,-0.008842512,0.07084862,0.1364932,0.1308458,0.105468,0.4448184,0.009340238,0.1088471,-0.007975392,0.0418498,-0.2322186,0.5113646,-0.1391546,-0.06650932,0.2633505,-0.4835367
-0.678938,-0.04912608,-0.153819,0.002741505,0.05534784,0.2453416,0.3086668,0.1129748,-0.4734412,-0.4683439,0.3620677,0.1158232,-0.04232262,0.05770868,0.3590333,0.1428839,-0.1094531,-0.02100352,0.247529,0.1242796,0.333145,0.04854949,-0.3433084,0.2773718,0.4147407,-0.05453509,-0.07462543,-0.008891679,-0.09384209,0.9238417
0.1974627,-0.02112049,-0.4265492,0.4576938,-0.0349471,-0.1237553,0.1056296,-0.4953942,0.4620124,-0.1453167,-0.215883,0.4109522,-0.02511209,-0.313473,0.1050772,-0.04669099,0.07867354,0.391149,0.2142889,-0.09855622,-0.06998042,-0.08652391,-0.4426067,0.05985502,0.2507801,0.2470604,0.338231,-0.1499818,0.4310427,0.4964621
0.3212992,0.3243243,-1.552276,0.2149315,0.08283412,0.4373927,0.06250598,0.072299,-0.01251423,0.08626705,0.4254224,0.3769661,0.06720013,-0.02105183,0.2730715,0.4072142,-1.035583,-0.2044145,-0.1427914,0.4475756,-0.9581113,-0.2731123,-0.3404744,-0.2932298,0.2430242,-0.1546922,-0.009810047,0.2205786,0.3221998,0.05872048
;
-6.428528E-05,0.280092,-0.03561201,0.1393214,0.6342812,0.2329482,-0.1382932,-0.4080385,0.1115397,0.09843972,0.739461,-0.1124741,-0.14848,0.509653,-0.9498778,-0.04131126,0.03879558,0.2097794,-0.2371245,0.4595462,-0.9322717,0.4579774,-0.0952369,-0.1275843,-0.0127097,0.1109633,-0.2027142,-0.1835636,-0.1198582,0.003819204
0.2647059,0.4703171,-0.385946,-0.2222054,-0.4684467,0.07287651,0.0823627,-0.1903014,-0.1870014,-0.3690157,0.1145666,-0.5120661,0.4502798,-0.1175327,-0.01996404,0.2848271,0.03244644,0.4063607,-0.2050263,-0.557672,0.2326946,0.002192647,0.414324,-0.5542069,0.1895653,-0.3143579,-0.4369394,-0.001040404,-0.3787041,-0.232373
-0.3924426,-0.4495804,-0.04018323,-0.1268628,-0.8763286,-0.4439439,0.2595544,0.1941606,0.1742042,-0.1232918,-0.1100974,-0.04755865,0.1682215,-0.201199,0.01954533,0.002036167,-0.03210324,1.197495,0.1944833,0.5574257,0.1157632,0.009418507,0.01484855,0.2288395,0.009196736,0.2332162,-0.3030218,-0.1088768,-0.2549734,0.1487454
;
0.1101848
-0.5673935
-0.04725515
-0.4012345
0.02544992
0.2462741
0.6593357
-0.4313172
-0.4279221
0.008955896
-0.5660763
-0.05367316
0.2397892
0.05686104
0.07920033
0.03654391
-0.09809858
-0.3430816
0.4327255
-0.02545955
0.08358493
0.3166313
-0.4529063
-0.006548272
0.3223025
0.8065842
0.1956242
-0.1514535
0.01677474
0.4383755
;
0.03870551,0.7738144,0.3349372,0.01931538,0.05286269,0.5530335,-0.3531262,-0.005777895,0.2505,0.5749517,-0.3664436,-0.04393463,-0.06827991,0.4110722,0.01702958,0.1851512,-0.3413657,-0.02235543,0.3914702,0.1738127,-0.23253,0.3848809,0.03981664,-0.1251997,-0.2252243,-0.04669983,0.1421494,0.06295234,0.05351859,-0.04645874
0.4600435,0.3869773,0.4799209,0.4231091,-0.5754985,0.614116,-0.03817088,-0.3104687,-0.2704054,0.04498563,-0.04618829,-1.375669,-0.1021211,0.42026,0.04235043,-0.2478029,-0.445789,0.5285298,0.01687811,0.8500363,-0.02057048,-0.009043916,0.5808389,0.03682327,0.005794554,-0.1453297,-0.1623492,-0.1400862,-0.1505069,0.3108659
0.672143,-0.1158684,-0.2736743,0.6725736,-0.07213204,-0.5176033,0.1720358,-0.07253462,0.4342443,-0.2121104,0.1816904,0.03975505,-0.3656065,0.01207227,0.6824535,0.07213178,-0.8494491,0.3719795,0.1569615,-0.01796702,0.8259961,-0.23518,-0.3145809,-0.6833115,0.2248959,-0.2449753,-0.4334538,0.008478828,0.07458176,-0.4202358
0.1512882,0.4155167,-0.0009989701,-0.01019165,-0.02111622,0.4139569,0.07621554,0.2160986,0.03519751,0.2837043,-0.2050905,-0.3879473,-0.2464801,0.03240639,-0.3252702,0.4070473,0.4227463,-0.2320108,0.3815351,0.1525132,0.01673571,0.4219394,0.1084455,0.09836377,0.2229842,-0.07545412,-0.3829659,-0.2007343,-0.1404591,-0.05068856
-0.4389303,1.103372,0.04597793,-0.571205,0.3238826,-0.2524888,-0.04433495,-0.0007028997,-0.1628424,-0.01346637,-0.7588555,0.2206547,-0.1125511,-0.004201056,-0.06434399,-0.1882235,-0.3590486,0.471101,-0.4722416,0.3623635,0.1968969,0.0008930627,-0.0006899238,-0.008141926,0.2953373,-0.4075914,-0.006278783,-0.01036409,0.01860993,-0.154331
0.007703404,0.3116454,0.3761084,0.2215731,-0.7905858,0.2833301,0.4614126,-0.1292918,0.2882067,-0.2638819,0.7199725,0.02657312,-0.002305312,-0.1450913,0.3001254,-0.05343836,0.04017683,-0.3526744,-0.7170142,0.418389,-0.2102986,-0.06473893,-0.0546288,0.09633104,-0.3451278,-0.07344526,0.1342072,-0.3575392,-0.7343408,-0.07892078
-0.3662603,-0.1306372,0.4751158,0.4153614,0.05289755,0.02124393,0.2416041,0.5697454,0.1762829,-0.3271747,-0.1135815,-0.05841425,-0.004611254,-0.3089485,0.02932344,0.2279858,0.03383959,0.2661083,-0.4079486,0.4274166,-0.2263188,-0.05680302,-0.002633035,-0.4962963,-0.2074501,0.3009615,0.2322998,-0.08258408,0.1343998,-0.3658243
0.0004152876,-0.1446795,0.4203047,-1.331297,0.3812534,0.3840534,-0.1280152,0.2769043,-0.03125226,0.2415083,-0.5870786,0.1066084,-0.006837308,0.07387397,0.0295914,-0.7287146,0.3972285,0.3153863,0.4892151,-0.1955345,0.04648072,0.4588829,0.3032485,0.05206468,0.1402378,-0.1618061,0.3384002,-0.7138623,-0.0001988714,-0.9834651
0.02557141,0.2854204,-0.05652255,-0.01060611,0.4950442,-0.2998782,-0.1249656,0.06390266,-0.1952886,-0.2941577,0.2197413,-0.02937906,0.5254699,-1.956518E-05,-0.1380809,-0.1300763,0.7731476,-0.009634149,-0.3369682,-0.2037917,-0.5326127,-0.1046324,0.1016736,0.2000097,0.1530049,0.5338424,0.05278773,-0.2814784,-0.4376834,-0.0623367
0.2182392,-0.135512,0.2280049,-0.2863991,0.2940804,-0.4987689,-0.002461112,0.3652687,0.2391945,-0.4526575,0.04129714,0.006663553,-0.2552173,0.2116588,0.2150634,-0.05772299,-0.2901938,-0.1849163,0.04731244,-0.3265097,-0.2515489,0.02385322,0.09954447,-0.03404087,-0.4229444,0.1615602,-0.4864935,-0.2002026,0.7709751,0.3062012
0.7318006,0.02443304,0.0704758,-0.4279167,0.4372511,0.1732986,-0.05515921,0.3899244,-0.4593067,0.005722533,-0.2561602,0.3948833,0.07542807,-0.0995937,0.1041804,-0.4682139,0.394118,0.1492171,0.1055689,-0.006410496,0.3392668,0.2800443,0.106997,-1.455008,-0.004984796,0.09025139,-0.2290663,0.3380034,0.02626563,-0.5191191
0.3858658,0.5273943,-0.0002595032,-0.2737688,0.2179317,-0.2579027,-0.3282557,-0.3739369,-0.07691962,-0.4357176,0.392329,0.3808271,0.1562306,-0.2861789,0.6037861,-0.1284439,-0.4945499,-0.07814105,0.0138039,0.2380391,-0.1562142,0.1299797,0.04156512,0.04278702,-0.3631986,0.370151,-0.471864,0.3467375,0.1446971,0.3894005
0.3570591,-0.007580182,0.3078324,0.4570225,0.9881845,-0.05333145,0.1751212,-0.2384577,0.05247742,-0.4856893,0.3589045,0.364023,0.6440396,-0.470974,0.6457463,0.246979,0.3966957,0.02596204,-0.02098694,0.1666081,0.3200853,-0.04310216,0.4473608,0.1950306,-0.3669202,-0.05598625,0.009814322,0.2839914,0.3800904,-0.005368888
-0.2354091,-0.000139257,-0.6247061,0.04000815,-0.9396533,0.4549646,0.3104264,0.2041721,0.143326,-0.2223769,-0.1721649,0.3924881,0.3513361,-0.5770075,-0.00133527,0.4625452,-0.4834911,0.0884283,-0.1386213,0.4533625,0.06184691,0.6601062,-0.2889457,-0.03035383,-0.01034134,0.005968034,-0.2542846,-0.0715038,-0.1338087,-0.4349504
-0.2376543,0.3455598,0.6501561,0.02836411,-0.3884009,0.143403,-1.190746,-0.004746234,-0.1971259,0.4095824,-0.1793975,-0.223888,-0.2641946,-0.2875139,0.3931239,-0.1409571,-0.008992133,-0.07497195,-0.6066548,-0.0001043872,0.05611283,0.2985871,0.1412886,-0.3593276,-0.4135893,0.2749351,0.06203741,0.5733886,0.006061018,-0.7381445
0.01327442,-0.3569686,0.310123,0.4400933,-0.002076237,-1.230997,0.2513353,-0.4383744,0.4462532,0.7698658,-0.06113213,0.2711064,-0.1413381,0.3213534,-0.03695291,0.3513895,-0.06654274,-0.3280553,0.3477562,0.1914717,0.2129439,-0.7123815,0.3643553,0.3503067,0.1150934,0.4262941,0.9302325,0.2254106,0.3454802,-0.3299335
-0.1327059,0.8199524,0.07938064,-0.2616331,0.1188762,-0.6144151,-0.3551674,0.1142631,0.2190911,-0.6690949,0.1829722,0.30904,0.4169264,0.02096339,-0.5387801,-0.005987122,-0.03039603,-0.7046731,-0.01649538,-0.003407141,0.1089404,-0.222212,-0.02825695,0.4245724,0.0001528981,-0.7255493,0.001617079,0.08001822,-0.2564992,-0.1869328
-0.295526,0.2301395,-0.04723055,-0.4462341,0.03083293,-0.1962608,0.03858593,0.03046232,-0.04249618,0.05049806,0.001337725,0.4260395,0.0003459255,-0.3828874,-0.09089116,0.4747499,0.3883713,0.4463019,-0.02570266,-0.5096774,-0.04235199,-0.05523686,-0.4851536,-0.3292434,0.4551634,0.5621678,-0.4272668,0.1051596,-0.86683,-0.3241197
0.3907961,0.2211706,-0.3364102,-0.04727472,-0.293737,0.09025082,0.2138482,0.2631842,0.1422431,-0.1435482,-0.1035685,0.464057,0.2577964,-0.307935,-0.153261,-0.4673505,-0.4315793,-0.08190697,0.1459952,0.3823975,0.1177073,-0.2775729,0.02137406,-0.008034462,-0.3658221,-0.2771589,0.0188608,-0.3863047,-0.1644251,-0.2508895
0.1594643,0.7028813,0.01304203,-0.4805191,-0.06300159,-0.4774069,0.1071836,0.02335512,0.1453171,-0.4323839,0.4279567,0.1402382,0.07380445,0.2605367,-0.4142444,0.08806747,-0.3367512,-0.05793383,-0.2372765,0.01350705,0.2239296,0.1544719,0.3321903,0.238401,-0.11395,0.1302496,-0.1295209,-0.005016081,0.00504204,-0.6633604
0.1314077,-0.09412224,0.1196259,-0.32775,0.03292237,0.06272405,0.2195298,-0.3680552,0.2293091,0.6878181,0.2594526,0.6451395,0.03779608,-0.08062992,-0.2273955,0.0004618327,0.03713087,-0.07583217,0.3461806,0.7567406,0.1029349,-0.06073147,-0.3003381,0.4857296,0.09281124,0.04435868,-0.05040549,-0.2177915,-0.1028056,-0.01634859
0.02161762,-0.4983979,-0.02437979,-0.01806987,0.4040729,0.1849616,-0.1192439,0.02756139,-0.6442757,0.3806846,0.2739529,0.00820801,0.2606033,-0.5292715,0.1553608,0.7854599,-0.2435406,0.02505147,-0.1054548,-0.3223004,-0.6969589,-0.2837576,-0.02360834,0.2108301,0.002126825,0.08069486,0.006874683,-0.6466988,-0.04229928,-0.05749991
0.01275164,0.3909676,-0.4202678,-0.09938885,-0.3143802,-0.4353099,-0.4949777,0.6905763,0.4034991,0.1586649,-0.06603706,-0.2122607,0.0853127,0.3527805,-0.2340152,-0.4120204,1.41273,-0.1089406,-0.1697614,0.3012509,0.2004525,-0.4660013,-0.1451772,0.05382947,0.3882899,0.3206063,0.4706405,0.4163218,0.00720357,0.1482312
0.2430881,0.05090071,0.2419446,-1.150798,-0.4566568,0.07192732,0.32232,-0.001778543,-0.004752616,0.4102007,0.0581127,-0.2144195,0.4535477,0.2058233,0.4699427,-0.0485976,-0.1714576,0.4193167,0.3827565,0.4607235,-0.3982402,0.1527903,0.1163958,-0.08323461,-0.109302,0.6037236,1.503662,0.3069457,-0.006592867,0.5835769
0.01629512,-0.4321275,-0.2901605,-0.2023997,-0.106153,-0.1318769,0.1969566,-0.4649878,0.03819209,-0.1644426,-0.203983,0.001200057,0.05039811,0.0770379,-0.3368798,-0.3840679,0.07449013,-0.4121714,0.2113024,0.5105534,0.2831956,0.326245,-0.3183221,0.07787628,0.0170066,-0.7188792,0.6457039,-0.4716237,0.2739675,0.2642641
-0.09589514,-0.6405764,0.03260261,0.07145941,0.0431357,0.611539,-0.06280647,-0.1229106,-0.4949083,-0.1622651,0.4616712,-1.657961,-0.3934475,0.6189219,-0.2094721,-0.1990777,0.4681869,0.2749207,-0.2745055,1.155425,0.2101142,-0.4862786,0.001105576,-0.3246576,0.4023677,0.07685272,0.002613734,0.437327,-0.00304505,0.1017544
-0.3528834,-0.0051992,-0.02569467,0.02969425,0.3453959,0.04647209,-0.01636576,0.8907643,-0.2411236,-0.3996814,0.1346089,-0.0940215,0.4289346,-0.2231208,0.006455094,-0.4456675,0.08033127,-0.3498964,0.2730674,-0.05129176,-0.1907802,-0.009256736,0.0006855936,0.2559609,-0.05235163,0.1787609,-0.3286898,-0.4429577,-0.4046568,-0.2460509
0.03071266,0.02271463,0.004005291,-0.407933,-0.2399164,0.001374974,0.3996466,0.1156527,-0.2411706,-0.4405749,-0.2572434,0.01702195,0.3130924,0.08736611,0.1191841,-0.011809,0.4762025,0.1440828,0.3716186,-0.4878082,0.2434269,-0.1547151,0.5866064,0.01963692,-0.8977169,0.02097142,0.02395287,-0.1044796,-0.9656839,0.06889278
0.7268998,-0.2151328,0.01674218,0.001498269,0.007718766,0.2243502,-0.2658466,-0.4512066,-0.542345,0.01003484,-0.1681682,0.2302454,-0.05046484,-0.002552488,-1.785748,-0.1718988,-0.4942009,0.04072277,-0.2674726,0.3901376,-0.06159602,-0.2967163,0.08565058,0.01488964,0.1809575,0.1120632,0.8454724,0.1306663,0.313909,-0.02890264
-0.3073548,-0.2477413,0.4603462,0.09404367,-0.5318363,-0.1980408,-0.02216372,0.8861493,-0.1340068,-0.3854607,-0.2102709,-0.8104328,0.02913792,-0.2728544,0.05861421,0.7617337,-0.3099957,0.03528144,0.5767664,0.1280933,0.02339757,0.443942,0.3145949,-0.06355,0.05937289,0.1403709,0.06240676,-0.1436404,-0.03174271,-0.2418751
;
0.747209,0.1550841,-0.3602745,-0.06694287,-0.3757966,0.2163265,0.07749932,0.5140482,0.01468556,-0.6669654,-0.4773641,-0.06604749,-0.4526668,-0.05336706,0.1479907,0.006401528,0.04649888,0.08633441,-0.08678144,-0.1865184,0.05742295,0.4214231,-0.04124613,-0.2197051,0.377964,0.4105517,0.3180475,0.1048426,0.1815339,-0.06770462
-0.1540842,0.03859809,-0.04816612,-0.2917933,0.2057805,-0.3394269,-0.3414583,0.2164821,-0.2441322,0.1583294,-0.07449335,0.006080568,-0.01523475,-0.3652896,0.4985391,-0.005287826,0.2099597,0.06803554,-0.3527082,0.3105875,0.1402724,0.00287205,0.07839216,0.4620483,0.2942109,-0.3217162,-0.0007776193,-0.02752557,-1.140738,0.04649536
-0.0009383148,-0.4847365,0.4517446,0.2836881,0.1424086,-0.09250019,0.3099052,-0.07854851,0.01425184,-0.3296938,0.1076514,-0.263748,1.031291,0.0675051,-0.2220759,0.7787806,-0.09071766,-0.04620317,-0.2581221,-0.08818406,-0.1547593,0.2422874,0.7280917,-0.4491959,0.8956839,-0.4189309,0.01320141,0.1233516,0.2367921,0.02108723
;
