-0.4394601
-0.3223584
-0.2379008
-0.1712874
-0.0002914395
-0.1109261
-0.3375701
0.1906627
0.3406004
0.3242865
;
-0.4985564,0.420504,0.3459703,0.06676623,-0.2935627,-0.03723254,0.1782418,-0.008234228,0.2906308,0.439612
-0.3932884,0.3415335,0.07441675,-0.1359052,-0.1855579,0.1869773,-0.0120421,-0.4028724,-0.01427866,-0.2155333
0.001565091,0.09872265,0.5212131,-0.1390417,-0.1818556,0.8769814,-8.30607E-08,0.4931829,-0.6477107,-0.3923104
-0.7042783,0.6299258,0.4610354,-0.0894137,0.44848,-0.143788,-0.009728492,0.1871234,0.2484144,0.1614686
-0.01638199,0.07472305,-0.4672103,-0.08479589,-0.1897647,-0.08358973,0.2619982,0.0373252,-0.1010398,0.3095608
-0.2138152,0.02930999,0.3734057,0.2360208,-0.4874002,0.04733162,-0.1686758,-0.09403902,-0.7180791,-0.4726917
0.5118764,-0.004667475,0.01537997,0.56047,-0.4242363,0.009359787,0.3470312,0.3688277,0.0532002,0.1717214
0.3776389,-0.2280284,-0.1846819,-0.1691114,-0.2423368,0.3684189,0.1099159,0.03916143,0.001391285,-0.07077134
0.01344732,-0.6645225,-0.07332368,-0.4499727,-0.3027557,0.1382165,1.809235,-0.05612503,-0.1440264,-0.4579526
0.009180302,0.04935331,0.3842934,-0.3501696,0.8105426,0.09359556,0.2549148,0.4294654,-0.05783552,0.2274286
;
-0.02808228,0.4460211,0.14125,-0.1448923,0.2461841,-0.2184076,-0.3209771,-0.003620591,-0.4005601,-0.01593369
-5.339963E-07,0.01831931,-0.119698,-0.1961341,-0.02621496,0.252514,-0.1204543,-0.04551858,0.4374932,0.6399861
;
-0.004746642
-0.2597456
0.04670446
0.1243171
-0.06326789
-0.006218668
-0.4126
-0.04198097
0.4836533
0.03210789
;
-0.4692377,0.08223253,-0.3885678,-0.03137179,-0.09285594,0.01622628,-0.1138068,0.01425821,-0.2914684,-0.04341349
0.128494,0.3253176,0.08276538,0.08370894,-0.2092325,-0.07567465,0.3703802,-0.3879403,0.5366443,0.1303636
0.01592761,0.1794742,0.06070278,-0.00350902,-0.2789139,-0.4088094,-0.06689451,0.01430577,-0.1542117,-0.6216388
-0.1910393,-0.006869629,-2.090015,0.4062926,0.2050025,0.002574512,0.4000356,0.003499982,0.01964701,0.497517
0.1599863,0.01170439,-0.3533919,-0.002653786,-0.0843484,0.07737724,-0.2461264,0.1939199,0.2737648,0.3124992
-0.3101789,0.01623649,0.02434247,0.8514054,-0.01170965,-0.1175019,-0.08240348,0.08261921,-0.1408347,0.5417959
0.05002683,0.4881138,-0.006810068,0.0004439826,-2.005884,-0.2678168,-0.0008009033,0.2384468,0.4884694,-0.2215829
-0.455233,0.1095824,-1.175826,-0.1246674,-0.2921389,-0.2030134,0.2292842,0.01137159,-0.00473649,1.66
-0.1608132,-0.5916907,-0.3672673,-0.01285191,-0.2456389,-0.5673172,0.2869814,0.1262393,-0.2238849,0.1387839
0.357399,0.3593626,0.06063456,0.04651874,-0.1487066,0.03555707,0.3108114,-0.3925982,-0.2367684,-0.30595
;
0.01262912,0.51043,-0.004039694,-0.1688786,0.4075942,0.2654352,0.5893151,-0.3970869,0.0163813,0.02657574
0.00321137,0.1396472,0.2624522,-0.007625639,-0.09616047,-0.06530601,0.01146991,-0.01941574,-0.09328884,0.03084077
-0.2047353,0.1604432,-0.3192364,0.04117101,-0.02329723,0.4712152,-0.06380741,-0.3431019,0.4555427,0.2133852
;
0.02720615
-0.1177071
-0.02981049
0.4297769
-0.006409929
-0.003565119
-0.003412546
-0.09491368
-0.5724159
-0.01422782
0.2229295
0.4587986
-0.026741
-0.2130021
-0.1239609
0.2629834
0.280122
-0.3995197
-0.2408939
0.08718544
-0.3464582
0.001777526
-0.1575771
-0.1580777
-0.35788
0.6413963
-0.4001453
-0.525346
-0.002985749
-0.2407788
;
0.4202623,0.4814413,0.2856308,-0.01546552,0.03558508,-0.101351,-0.0225334,-0.3653567,0.0006683469,-0.9013571,-0.2293609,0.3292807,-0.2623382,-0.006330441,0.4680929,-0.3563976,-0.001477846,-0.2422827,0.06222949,-0.3694431,0.2189482,0.007431522,0.04201039,-0.01765472,-0.09299362,-0.01098484,0.1442859,0.6389766,0.2808353,-0.2638723
-0.193715,0.4402803,-0.1106595,-0.139781,-0.4942864,-0.180478,0.02837824,-0.05369956,0.4230751,-0.03907276,0.008829892,0.2132346,0.1997949,-0.2992235,0.01622911,0.05118988,-0.106396,0.1344887,-0.2141522,0.3877923,-0.01146116,0.02327627,-0.4589134,0.9325896,0.4607038,0.09039786,0.07945675,0.03515707,0.1259959,0.3541828
-0.5052165,0.4545543,-0.001085872,0.4827991,-0.06652781,0.5667036,0.2842749,-0.2392905,0.03865576,-0.4056479,-0.4887546,0.06029893,0.9499146,-0.4499192,-0.09655203,0.4149365,-0.2501018,0.01511898,-0.2555608,0.4767164,0.002152894,-0.6409025,0.03180756,-0.0443309,0.4088213,0.07113057,-0.2041997,0.0670107,0.1902808,0.05476719
0.0209348,0.1508816,0.3072035,-0.3040902,-0.01286035,0.1971678,-0.1421988,-0.115108,-0.09256291,0.0857439,-0.6594509,0.1426562,0.3364613,-0.01330131,-0.1661707,-0.3219572,-0.09985077,0.2369125,-0.03584588,-0.1437332,0.464306,-0.1350929,-0.0290356,-0.067662,-0.05301512,0.4773549,0.1638935,0.9580652,0.1021264,-0.2711973
-0.2541572,-0.2630191,0.01035458,-0.4826575,-0.5599941,0.3809451,0.4462992,0.4638612,-3.841672,0.333755,-0.250877,0.00663694,0.4369256,-0.1988024,0.04727077,-0.005442722,0.0292521,-0.112878,-0.1224113,0.003511535,-0.4411708,-0.03969492,0.01147202,0.340253,-0.3893322,-0.3312343,0.01059783,-0.265599,0.2659154,0.01667332
0.01626386,-0.4076386,0.003690018,-0.495216,0.2146827,0.3873557,-0.1808431,-0.0003113597,0.4603291,0.05688244,-0.513218,-0.2019072,0.09265257,0.008308261,0.1449295,-0.1023696,0.6363509,-0.207388,0.1209398,0.9601014,0.03771217,0.1096219,-0.02212045,-0.2685965,-0.2827326,-0.5589331,0.03287565,0.2113578,0.5499135,-0.03647069
0.03214446,0.1995838,-0.001227699,-0.09826928,-0.3878255,-0.2261371,0.1634911,0.3268098,0.02213544,0.1848744,-1.872817,-0.8568679,0.2466951,0.0452091,0.1900041,0.05460292,-0.123697,0.2279131,-0.09225159,0.02033739,0.0004943538,-0.4668614,0.317463,0.002682847,0.1116613,-0.4643929,-0.1555341,-0.2451641,-0.5234506,-0.473388
0.1701151,-0.01259765,-0.002202571,0.01244932,0.06585451,-0.004669821,-0.2364772,-0.05103237,-0.08680615,0.7454894,-0.5238093,-0.4871238,0.1471533,-0.03167695,0.2080964,0.8434486,0.06676048,0.1125694,0.7585974,0.3952645,0.1614768,0.184648,0.006065619,-0.04752652,-3.767948E-05,0.001736136,0.04277986,-0.06143254,-0.06820469,0.05742437
0.2497763,0.03792018,0.06637126,0.3177458,-0.001311115,0.03101045,-0.3976709,0.09404176,-0.1495097,-0.06174033,0.189589,-0.3495952,-0.1275422,-0.2485902,-0.001518002,2.484898,-0.1257004,-0.360577,0.04061138,0.6490446,-0.4877656,0.001654112,-0.4363087,-0.4521929,-0.2208377,0.2972413,0.8583376,-0.002885579,-0.2335004,-0.2760117
-0.3048972,0.1870098,0.1448822,0.6367775,0.3021491,-0.09915096,-0.599163,0.2328727,0.5471081,0.04579873,-1.026301,-0.3475509,0.3395689,0.06850223,0.0565117,-0.8013943,0.1661329,-0.05388639,-0.004559183,-0.008702169,0.4720876,-0.07162625,-0.03605731,-0.2126292,-0.04285691,-0.03211515,-0.2952988,-0.2924614,0.1574794,-0.07629136
-0.2422329,0.1963943,-0.01387152,0.02353325,-0.2170533,-0.4289172,-0.3484257,-0.3248608,0.1007765,0.06878832,-0.6809739,-0.204008,0.006691045,0.03932267,0.427708,0.006011474,0.03462801,0.2965306,0.4519248,-0.4612179,0.6464211,0.2252893,0.1609398,-0.008403945,0.02305282,-0.02402988,-0.001289847,0.02608453,0.1584848,-0.2999726
0.3408783,-0.01237983,0.1949985,0.1755184,-0.2363152,-0.1263333,-0.6114386,0.001313907,-0.03801183,-0.06265364,0.3006538,-0.2562512,-0.2238246,0.01449748,0.4685062,0.02690773,-0.4835089,0.2448585,-0.9956775,-0.238757,0.2412298,0.1000443,-0.1524979,-0.3762709,-0.2776105,0.05114599,-0.3431591,-0.06641236,-0.05807787,-0.0330116
-0.3714616,0.6484066,-0.3123353,-0.247974,-0.5427877,-0.06900471,0.001664692,0.0006583994,0.3429984,-0.2493954,0.0004610636,0.2102681,0.9726744,-8.090503E-05,0.6404749,0.001117551,-0.08398575,-0.1288499,-0.02595606,-0.2436472,-0.6945643,0.177737,0.02876002,-0.004599988,0.02215601,-0.01743563,0.002153547,0.6772966,0.4688537,0.1901093
0.2362382,0.06364319,0.1502019,-0.3943462,-0.03169196,-0.3518361,-0.07477311,-0.01851914,-0.1370084,-1.345774,0.4444457,-0.02941358,-0.3317791,0.9411677,0.1556558,-0.001082561,-0.2187091,0.3144736,0.3608049,-0.01174818,0.003012982,0.009345949,0.01167595,0.2573431,-0.2079759,0.2740158,0.03472509,0.4381059,-0.419172,0.4198854
0.06625276,-0.1685966,-0.3810587,0.06843822,0.06510307,0.109331,0.01395827,-0.08464211,-0.5541482,0.211805,0.06107217,0.5996427,-0.2934805,-0.03718251,0.2104252,0.05792671,-0.1815651,0.003586716,-0.5222129,-0.4685545,-0.1591865,0.3155119,-0.1486642,-0.01634923,0.4145568,0.02242607,0.0102594,-0.317774,-0.4692039,0.4648614
-0.2058211,0.8898485,-0.2126346,0.05690247,-0.1258747,-0.7071438,-0.0381761,0.03725829,0.418201,0.04810962,-0.263783,0.05688447,0.00193633,0.0001523336,-0.2135383,-0.1431611,0.05261352,-0.008055753,0.413344,-0.07355168,0.1499556,-0.3567475,0.008108611,-0.2676114,-0.4061629,0.02225665,-0.2160531,-0.3263214,-1.437585,0.1878168
0.1909811,-0.06370261,0.4058003,0.2395964,0.01761574,-0.09303151,0.06250425,0.2916214,-0.08181839,0.002484869,-0.6764625,-0.001894045,-0.000164699,-0.1849753,0.3809192,0.3115801,0.003837562,0.025947,-0.3434733,0.1143838,0.02263194,0.09184271,-0.08427023,-0.3006298,-0.1886579,0.0184651,-0.2660831,-0.412826,-0.3481683,-0.4578254
-0.109335,0.01980054,0.3429759,0.4916145,-0.5504537,0.2859002,0.01629419,-0.3294137,-0.2734636,-0.879235,-0.399718,-0.09669761,-0.0008070053,-0.01336888,-0.05625409,0.2419752,0.02576884,0.05925154,0.005220479,-0.476316,0.004200303,0.03850288,-0.06280098,-0.5751558,-0.3367681,0.3055369,0.5585483,0.04227489,0.1435542,0.2807299
-0.1776088,0.006928358,-0.0980664,0.06604683,0.302812,0.4599671,0.8563093,-0.04393059,0.04124188,0.0158692,0.4359441,0.09421162,-0.005635436,-0.01383073,-0.151488,0.9402084,-0.2614704,-0.2564657,-0.01655813,-0.007201703,-0.1807917,-0.0004346865,0.06587525,-0.008922368,-1.573042,0.09614345,-0.5841221,-0.1274888,-0.4759736,0.0003255144
0.4331311,-0.02162336,0.1811201,-0.03778533,0.3448274,0.2362554,0.2940865,0.321155,0.7413482,0.414427,-0.06647947,-0.2612156,0.06222178,-0.1350776,-0.002197453,-0.29921,-0.4687465,-0.4393225,-1.137345,6.251311E-05,-0.2316539,-0.01005955,-0.3360338,0.02607936,-0.03400628,-0.4474638,0.5628213,0.02064654,0.7192596,0.2351733
0.2275444,-0.009795932,0.01138433,0.02139916,0.02133342,-0.3374918,-0.8022377,0.01169209,0.2656209,0.1281949,0.009031259,0.0644265,0.1142181,0.02368215,-0.9187784,0.01901725,0.1101828,-0.3746634,0.1704593,0.1867896,-0.312904,0.02476332,-0.2705103,-0.05463189,0.6074634,0.2564245,-0.04752281,-0.01005179,0.5190596,-0.7073882
-0.0214756,0.1349395,-0.08613893,-0.306477,0.04948285,-0.197888,-0.07657796,-0.02393872,0.001689923,0.07728333,-0.2381776,0.5812114,-0.01277651,0.2254619,0.689673,0.00158418,0.1601026,0.09388316,0.4715333,0.006288697,-0.005113285,-0.01176253,-0.04235791,-0.06514914,0.007226928,-0.007570317,0.03626446,0.1189992,0.330709,0.2849273
0.01578862,0.3232392,0.07145661,-0.002492762,0.194718,0.001821642,-0.4706062,-0.1653362,0.2180644,0.425775,0.04469675,-0.3515742,-0.9760392,0.4463059,-0.03914434,0.182861,-0.4418039,-0.1098876,0.2803642,-0.03301603,-0.3122442,0.05610384,0.08166707,0.3878487,-0.1039478,0.3381549,0.5796922,0.3963647,0.1334765,0.4422306
-0.04078406,-0.2461458,0.2283001,-0.08888514,-0.01030954,0.4983328,-0.0026418,0.006646607,0.1651442,-0.009664224,0.2094314,-0.3573707,-0.0005095098,-0.1811586,0.5336107,0.04599035,0.1134451,0.09570219,-0.1240485,0.04129606,0.01085911,0.112097,0.02309515,-0.03707984,-0.7285665,-0.1131867,-0.2037329,-0.4963312,0.0410984,0.3295553
0.3024238,0.170168,0.3895308,-0.0503193,2.986947E-05,-0.8543123,0.2005665,-0.03160875,-0.0005429347,0.08799662,0.01187119,0.1635682,0.3568556,-0.0407755,-0.2347797,-0.4015967,0.04990311,0.04774299,-0.3390691,0.001153018,0.0973018,-0.09069738,-0.3424942,0.2275417,-1.19129,-2.323901,0.2299167,0.01732793,0.0183055,0.1947286
-0.1983293,-0.4122907,-0.5422024,0.03634685,-9.997864E-05,-0.3872578,0.437345,0.09048229,-0.9692012,-0.1477465,0.01017088,0.1380304,0.05732304,0.09803206,0.03046018,-0.03542284,-0.5480647,-0.3255246,-0.005547508,0.3370829,-0.780951,-0.1838142,0.3927615,0.0797804,0.08637315,0.06006148,-0.08625704,0.1438942,-0.0003614724,-0.1827608
-0.2174052,-0.2022322,0.02208528,0.4025384,0.0073038,0.5265596,0.6893527,0.005920754,-0.01928595,0.04480504,-0.1393425,-0.3693454,-0.2850966,0.4884044,0.6933439,-0.1451685,0.1051969,0.4778328,0.1689457,0.07433552,-0.09961897,-0.02540326,0.1203558,0.3951743,-9.435415E-05,-0.3344669,-0.03528219,0.04082602,-0.1038307,-0.1231139
-0.5582958,0.3228757,0.2821913,0.02393537,0.1722331,-0.1455079,-0.1533261,-0.3348912,0.4504434,-0.003602673,0.3935096,-0.2761834,-0.2460203,0.3754007,-0.4295854,-0.6699275,-0.003589332,-0.6006287,-0.2808516,-0.000625273,0.002542764,-0.6131194,-0.2280539,-0.05091876,-0.09258515,0.06398484,-0.5862449,-0.07696348,0.1005979,-0.4797394
0.730722,0.05267132,0.001100195,0.1489159,0.2525693,0.3306671,0.9627289,0.5126122,0.3778317,0.3086661,0.3875648,0.6469455,0.0005189977,-0.3088955,-0.2533797,-0.4122109,-0.04390096,0.2445407,-0.6564807,0.469918,-0.1568859,0.2077498,0.273895,0.006532191,-0.1171268,0.2424474,0.3594162,0.04380418,-0.01858065,0.3648297
0.6363408,0.4440869,0.008656118,-0.2577351,0.01225313,0.2215122,-0.04349167,-0.07179671,-0.2354907,0.2760783,0.001528645,0.2810525,-1.283932E-05,-0.3871502,-0.0007362906,0.0250956,0.01230956,0.0576184,0.004763857,0.02635622,1.036769,-0.1797968,-0.2190343,1.680154,-0.2544512,-0.00720437,-0.07179397,0.002713253,-0.03378274,0.09007955
;
-0.2156568,0.03957432,0.438028,-0.5509215,0.02628902,0.003309502,-0.3906105,0.003122151,-0.506052,0.5529125,-0.01387844,0.02830283,-0.4885608,-0.09445232,0.2756253,-0.2102594,-0.06079569,0.01895517,-0.01882031,-0.3402845,0.03117939,0.0328723,0.1528857,3.847872E-06,-0.04459743,-0.0121102,-0.03169505,0.3377662,0.3873333,0.2712896
-0.1247508,-0.02487074,0.423686,0.2010391,0.09274453,0.02919215,0.09585982,-0.266846,0.01249832,-0.000899141,-0.1197558,0.01592704,0.3753941,0.02680784,-0.191667,0.05499395,-0.02198835,-0.2175428,0.3457478,-0.2623044,-0.02849526,-0.1441612,-0.5522494,0.0001397553,0.07831365,-0.01715344,-0.0430395,-0.01424798,0.2096305,0.3108778
-0.02735228,0.2794729,0.47864,0.3966876,0.1755894,-0.0690487,-0.1377212,0.03717704,0.1434285,-0.4536112,0.07752663,-0.001387739,-0.4640504,0.6951351,0.01768225,0.09266965,-0.2118257,0.118779,-0.1061308,-0.3317151,0.00276524,0.009498946,0.4419116,-0.1308845,-0.3950404,0.2348913,0.1277911,0.3951831,0.1607726,0.3905046
;
0.04842799
0.5082453
0.1328455
-0.009023191
-3.709047E-07
-0.1554273
-0.2221246
1.000898
0.2996117
0.05297994
0.04503741
-0.008188381
-0.3169763
-0.0007705412
-0.3785288
0.4342487
-0.1094411
-0.0660091
0.3126344
-0.06896693
0.3365798
-0.02597515
-0.1294005
0.0003030973
-0.2777649
-0.7734042
0.1959449
0.1666521
0.3148814
0.175617
;
-0.2485951,-0.3737789,0.09146437,0.1559969,0.499102,-0.001499565,-0.3068798,-0.3675611,0.1676937,-0.4272063,-0.0540519,0.1999628,-0.3999056,0.04414956,-0.4064019,0.8291953,0.00696591,-0.02319575,-0.3960127,0.08209997,-0.01096592,0.3541662,0.1002716,-0.2136679,0.09544817,-0.1027886,0.2933556,0.04088018,0.08200277,0.1545984
0.1415167,-0.002369106,0.1664556,0.3233047,0.006175975,-0.0191769,0.3031343,-0.02193194,-0.1194191,-0.9258307,0.1486248,0.2410124,0.4010313,-0.01771729,-0.3327471,0.482461,-0.03935546,-0.05716115,0.4900707,-0.3185933,-0.3274063,0.002575353,0.04383519,0.1882806,0.063642,-0.3609046,-0.07944547,-0.1148761,-0.04681745,0.08384398
0.008222526,0.4912256,-0.0957759,-0.420476,0.04447955,-0.4804541,-0.9190528,0.09568228,0.07842071,-0.06117326,0.4959333,0.3030469,0.2249746,-0.4468735,-0.6032568,-0.5453308,0.4223228,0.06683242,-0.08832837,0.07551866,-0.3711174,0.06489432,-0.0867182,0.1485797,0.2909416,-0.292641,0.395485,-0.1404928,0.5495372,0.2148508
0.1813942,0.2186391,-0.3957117,0.3041728,-0.2780288,0.001165402,-1.858669,2.276438,0.07375783,0.04388313,-0.4185016,0.01892632,-0.01517767,0.1161005,0.1942992,-0.1008491,0.1741075,0.02330125,-0.4345793,-0.2885993,-0.05633633,-0.01035374,0.009860731,-0.3393003,0.3383485,-0.2474734,0.2532301,-0.2093199,0.02866036,-0.143537
0.008548993,0.1731216,0.5074255,0.0003705523,-0.2130232,0.001241184,-0.05077193,0.1330154,0.08026465,0.6441281,-0.3549696,0.07242538,-0.2246987,0.09843749,-0.1173182,-0.0004667054,0.3168623,0.2073182,-0.8986536,-0.1102301,-0.05185694,-0.3288384,-0.03370261,-0.2559721,-0.3124601,-0.1616704,-0.1355876,0.2352247,-0.2776952,-0.02744275
-0.3012934,0.0299601,0.1350242,-0.07512122,0.09805512,-0.1723645,0.4538696,0.03523917,-0.5446931,-0.3874371,0.3742293,0.8265617,-0.5725676,0.0001909246,-0.4310108,0.1374884,-0.3025901,-0.1646151,-0.1702094,-0.001818105,-0.4471951,0.4819463,-0.01307591,-0.3317858,-0.2092936,-0.2550466,-0.07419366,-0.0292599,-0.08855477,-0.01236562
-0.06088649,-0.08905283,-0.09395073,0.04991633,0.4387394,-0.2610456,0.000512224,0.01067902,0.3760684,-0.04138244,-9.350666E-05,0.00375167,-0.7198483,-0.2033101,0.0001008407,0.1153369,-0.2904474,0.3353338,0.3301587,0.4283351,-0.006716779,0.1166014,0.1263565,0.2985195,-0.2530085,-0.3290977,-0.1287386,-0.02058002,0.07228976,0.01760225
0.1177961,-0.7270678,1.017014,-0.1872961,0.1976106,0.7500499,0.8081558,0.005499222,0.8388378,0.1018991,0.143884,-0.1818628,-0.06575745,-0.007426579,0.1447104,0.3350208,0.4570601,-0.4380681,-0.4986835,-0.07826435,-0.0256996,-0.2076641,0.4240289,0.002410063,-0.06198546,0.1585589,0.01729061,-0.159256,0.0007271217,-0.2283634
0.5127305,-0.3197986,-0.06310728,0.2852863,-0.1712385,1.089428,-0.4500424,-0.5527816,-0.6662754,0.001565091,0.2479793,0.03302997,-0.02720597,0.05463213,0.2060387,0.1633521,0.3690861,0.05278007,-0.01389311,0.1730667,-0.1821026,-0.2058722,-0.06084573,0.05078755,0.4641875,-0.11586,0.1348622,-0.3692601,-0.0001277906,0.2460749
-0.02289444,-0.01147097,0.5377829,-0.03834934,0.1809755,0.3081697,0.04309862,-0.7550608,-0.0008578968,0.401616,-0.501013,0.2439776,-0.05964893,-0.2050007,0.2779195,0.3642374,0.5708439,-0.3800869,-0.2679353,-0.06375615,-0.3124271,-0.3124741,0.002094314,0.08989054,-0.3508888,-0.1028987,-0.0463509,-0.4334883,0.477806,-0.1830948
0.3742253,0.001335431,-0.3131771,-0.1236124,0.003527813,0.00202666,-0.007761856,-0.5774878,0.1475879,-0.03035637,0.1602839,0.4050066,-0.1372058,-0.2221279,0.5893698,-0.3470598,0.03920388,-0.2458127,0.07582451,-0.01304977,-0.2047509,0.02986736,0.01124866,0.406402,-0.1463187,0.2436338,-0.01725319,-0.1583541,-0.09576339,-0.2442011
-0.1053493,0.001494127,-0.4367752,-0.05939931,0.0596686,0.05969325,-0.01599398,-0.3214448,0.09307986,0.02949653,0.1687994,-0.02847725,0.1706356,-0.07565329,0.03921598,-0.1678767,0.06066332,0.2600216,-0.1989305,-0.5739967,0.3027767,-0.4347728,0.1839706,-0.04740286,0.3116823,-0.005150646,0.08395499,2.670987E-07,-0.041848,0.2761754
-0.4472045,-0.01339157,-0.4182305,-3.530377,-0.2527799,-0.1726895,0.05360384,0.08102307,-0.08143741,-0.02175952,-0.1844952,-0.4478149,0.3342513,0.09443428,0.1780418,-0.2665877,-0.04506451,0.02140778,0.3346672,0.001473012,-0.0965604,0.04668098,-0.05965284,-0.335564,0.2294288,0.004978903,-0.2278917,-0.09476453,-0.3376793,-0.2493687
-0.2019831,-0.2263913,-0.02565689,-0.135697,-0.4587922,0.003254913,0.1696563,0.4606478,-0.3191985,0.465875,0.1898967,-0.08167899,0.01595944,0.4120824,0.0001852843,0.003535954,-0.198374,-0.09551048,-0.08676444,-0.4816813,0.02213818,-1.11024,-0.001812749,0.5034207,0.4775858,0.5933334,-0.3205018,-0.3197416,0.5944079,0.1132781
0.6879185,0.5113565,2.345676,-0.04425731,0.3452514,-0.04581193,-0.1635955,0.02782957,0.233584,0.1663387,-0.05716816,0.3189059,-0.03167859,0.08423599,0.485682,0.4434446,0.1921246,-1.019169,0.04669036,0.1882924,-7.327365E-06,0.08569235,-0.280899,0.2489001,0.437646,0.3550025,-0.350337,-0.05660039,-0.05507249,0.01171732
-0.01825655,0.2449466,-0.1171743,8.944719E-05,-0.3331504,0.000524925,0.1541986,0.08039372,0.01054825,-0.08742136,-0.3893666,0.3483813,1.477086,-0.4315869,-0.002807603,0.00416345,-0.03567632,-0.01671618,0.02744002,-0.1865662,-0.2028228,-0.1927055,0.0809381,0.28702,-0.3492329,-0.6207519,0.01367313,0.03551334,0.2349101,-0.06636158
0.6036525,0.1401997,0.02729074,-0.07329749,0.1035579,0.04529148,0.2621045,0.02495913,-0.1032645,0.4073403,-0.1525819,0.1954212,0.0002844383,-0.3078976,0.03008175,-0.05648501,-0.05212623,-0.08637351,-0.1739289,0.005925844,0.04178675,0.7927042,0.01716461,-0.7310073,0.0003090551,-0.7307824,-0.4548895,-0.5465192,0.340079,0.04191166
-0.2580316,-0.09951073,0.2283343,-0.08049792,0.1628768,-0.3354605,0.07772273,0.1440111,-0.2059505,-0.2237263,-0.08297724,-0.1965305,0.5251744,0.01811941,0.1854902,-0.3166313,-0.00253851,-0.02183763,0.006695479,0.02556468,0.00220608,0.04904133,-0.4728612,0.4364054,0.1099442,0.1142785,0.3683056,-0.03435943,0.154735,-0.01311166
0.2683148,-0.1534262,0.3545395,0.2503638,0.009409328,-0.01688156,0.1081534,-0.2763352,-0.2226241,-0.03815955,-1.35957,-0.1077421,-0.3097438,-0.297752,-0.4502177,0.1279718,0.01438874,0.33474,0.4879568,0.01533124,-0.002503069,-0.3852543,-0.04062025,-0.08393428,0.04145042,0.1808639,0.0009587227,-0.1695651,-0.07648962,-0.05323603
-0.06952664,0.3850528,-0.2511222,-0.4822191,-0.414962,0.1251961,-1.989927E-05,0.4688017,0.1105017,-0.05268009,-0.04849057,-0.0003880903,-0.07465094,0.07508744,-0.6995464,-0.06012723,0.3278213,0.2732538,0.01751536,-0.03273874,-0.04352349,-0.3898931,-0.9709386,-0.007851405,-0.1221028,1.262591E-05,-0.3895614,0.077604,-0.1852614,-0.1659545
-0.7883393,-0.1128364,-0.3393142,-0.02602619,0.05030562,0.09986682,0.2633767,-0.1251117,-0.08950964,0.4169873,-0.06404048,-0.4207186,-0.05486156,-0.03138979,0.1636816,0.02009273,-0.129558,0.03750673,0.8883119,-0.3702385,-0.2205536,-0.3865934,-0.4753938,0.01849094,0.1254797,-0.352243,0.0001643195,-0.002421439,-0.01252657,0.4221869
0.3757466,0.004606247,-0.001388702,0.6015682,-0.002398742,-0.07541518,0.02204448,-0.1897585,-0.8575072,0.4688101,0.198701,0.0002459517,-0.01597696,-0.2035443,0.2362767,0.004129677,0.03757966,0.7382811,-0.7088248,0.1127765,-0.4304296,-0.003735311,0.4113725,0.004592422,-0.04125488,-0.001191675,-1.039273E-05,-0.04987627,-0.007265806,-0.05000502
0.002592308,0.09775984,-0.3926324,0.1021142,0.4038105,0.6891875,-0.3054771,0.4023995,-0.3442464,-1.00923,0.1200446,0.06722208,-0.2445523,-0.3977536,0.3864753,-0.2116069,0.2423486,0.004937248,0.4679251,0.1917623,0.05117092,0.4328529,-0.01188812,0.06103741,0.3444555,-0.2337293,0.1993031,-0.09486505,-0.09116966,0.05358098
-0.1979577,0.4960891,0.09441473,0.2578384,-0.1071618,-0.6819786,-0.7220901,-0.03109458,-0.02896489,0.01452294,-0.00679772,0.2844734,-0.002586251,0.5145696,0.05062745,0.09519048,0.1861181,-0.056896,-0.3470267,-0.4148169,-0.08164807,0.02133468,0.06518304,-0.2019078,0.2368082,0.03653613,-0.004167287,0.01444922,-0.4201066,-0.3475875
-0.01828319,-0.1744261,-0.936606,-0.1136352,-0.1683931,0.4255309,0.2942394,-0.2323971,-0.1105221,6.341635E-05,-0.01299542,0.247793,0.09533035,0.3789465,0.2042565,0.03573817,-0.3027265,0.4116919,1.148829,0.1527518,-0.0306101,-0.473027,0.3897755,0.1109535,0.4418507,-0.08083378,0.2464679,0.1814004,-0.1144125,-0.1133984
0.3224372,-0.09564561,-0.3650253,-0.3858793,-0.08494633,0.1811472,-0.2649,-0.003081767,0.4900237,-0.08480781,-0.1145028,0.1074423,-0.01560331,11.82011,0.08759969,-0.3298154,-0.4070465,0.1934522,0.7209383,-0.3025154,0.4280123,-0.02680583,0.2969379,0.1983714,0.1981521,-0.1935447,0.01722645,-0.5645744,0.3153669,0.003115823
-5.488878,0.1116188,0.001861047,-0.004745124,-0.1039933,-0.005353002,-0.06672456,0.1908717,0.128518,-0.2262782,-0.04597704,-0.2021157,0.003493284,-0.0426628,0.001874183,0.8664987,0.319319,0.02977577,0.03671514,0.01385695,-0.02448467,-0.3006531,0.01841717,0.2191229,0.0007494423,-0.09444806,0.007336337,-0.1242359,-0.02097231,0.1137068
-0.483569,0.001603363,-0.263522,0.06852868,-0.1781309,0.4237944,0.09102684,0.4956791,-0.00126233,-0.04159122,0.4539681,-0.2315127,-0.09372407,-0.133514,-0.02262198,0.009972686,-0.01319515,0.3333887,-0.3191924,0.1213179,-0.002675922,0.5569539,-0.337575,-0.1274856,-0.03672904,-0.1796375,0.3556992,-0.3473908,-0.3581086,-0.01544589
-0.2141928,-0.01357822,-0.0585888,0.8268733,-0.1469128,-0.09498352,0.02247797,0.2787964,-0.02345896,0.1723571,-0.476095,-0.002961262,-0.1970067,-0.026624,-0.2629431,0.4501382,-0.1006904,-0.07866856,-0.3825325,0.7573394,0.0623134,-0.1567322,-0.1428799,-0.2815207,0.4421965,-0.01095365,-0.001445792,0.3878373,0.4018143,-0.2959282
0.2042869,-0.1575913,-0.001701508,0.05342381,-0.2987577,-0.2274334,-0.1329601,-0.002574345,0.1459243,0.09292717,0.4053755,-0.2306533,0.1871111,-0.1504774,-0.005210742,0.4275237,-0.3483714,1.161902,0.8620218,-0.01806596,-0.2662346,0.3705137,-0.02404276,-0.1620809,0.01120821,0.4365195,0.1036184,-0.7735783,0.0904879,-0.2115718
;
-0.004316582,0.07955855,0.3300136,0.005111136,-0.8555201,0.0690977,-0.1914728,0.2463865,0.5823723,0.1391869,0.0001376207,0.03455726,0.124052,0.02002702,-0.07536989,-0.1407215,0.1763245,-0.03157676,-0.02831795,-0.05893346,-0.003356418,0.2063935,-0.4677454,0.3566377,0.1259139,-0.1885963,-0.063495,0.0968267,-0.0300156,0.05062149
-0.04548614,-0.0946424,-0.001910646,-0.007446345,-0.4419693,0.03578717,0.07692701,0.02185323,0.1163481,-0.2583492,0.17764,0.5229954,0.2525976,-0.3954515,0.2082923,-0.009437094,-0.3044751,-0.2324467,-0.04829553,0.2008687,-0.01143628,0.007071555,-0.01394306,-0.2425442,-0.2943051,0.02899871,0.0242062,-0.1429777,0.2276499,-0.1941262
0.001179516,-0.4352283,0.2367492,-0.05523092,-0.1550151,-0.1998978,-0.2722658,-0.4715761,0.0361663,0.1277312,-0.1813727,-0.1146296,-0.03114788,0.06582338,0.5991528,0.06466419,0.100617,-0.04379428,-0.270622,0.002729123,-0.2485473,0.1211612,-0.04559487,0.1375941,-0.2510096,-0.1155542,-0.4736011,0.165684,-0.3013526,0.5136693
;
