-0.2219035
0.05034584
-0.0837141
-0.4855996
0.4723047
-0.1286373
0.4560946
0.2959985
0.3446774
0.1592886
;
-0.2459465,-0.4394888,0.196599,0.01602,-0.08905393,0.1640591,0.4450126,0.4043015,0.2707806,-0.1139221
0.03602463,0.4812562,0.3936437,0.1873714,-0.1298125,0.005655706,-0.1485552,0.1000296,-0.469111,0.1982338
-0.1268085,0.2352943,-0.2173048,0.2304848,-0.4555269,-0.2156785,0.4712518,-0.1004366,-0.04844195,-0.03079051
-0.4027208,-0.07452542,-0.3218135,-0.4655355,-0.4749284,0.3971393,-0.4728361,-0.2505388,0.1095302,-0.3886925
0.193956,-0.4527218,-0.2281139,-0.09516498,-0.2430812,0.2667713,0.2571765,0.2888871,-0.03855437,-0.21841
-0.3512034,0.3307128,-0.3886691,-0.4992964,-0.4297307,-0.4635764,-0.1186314,-0.09694582,0.4270762,-0.2071646
-0.3555597,-0.05615133,-0.135735,0.2510411,-0.3241454,0.1612638,-0.4899031,0.07735091,0.1079332,0.1356184
-0.04997379,0.4408263,-0.1358796,0.09965509,-0.1009666,-0.413113,0.4025259,0.05782801,0.3821243,0.4720976
-0.3236195,-0.01499552,0.6370751,-0.08243078,-0.4769,-0.1435944,0.3246174,-0.3629781,0.365695,0.05184823
0.4018698,-0.2948055,-0.2878146,0.192103,-0.3268806,0.1444895,0.1421853,-0.3913194,-0.1467624,-0.3054359
;
-0.3313011,0.1934365,-0.09568673,0.15433,-0.3161094,0.1769919,-0.362506,0.446926,0.22066,0.09950608
-0.211963,-0.001646459,-0.465212,-0.0008146167,-0.4168934,0.2845838,-0.1213891,-0.2035198,0.4895332,0.09554356
;
0.0007427959
-0.06384369
0.007111628
0.3310285
-0.2790669
-0.1894627
-0.4955899
0.01853637
0.2761115
0.4396522
;
-0.07360637,-0.4243253,-0.1055838,0.1626565,0.2804552,0.0349469,0.04164845,0.4378319,-0.0007105794,-0.1167555
0.465102,-0.4993169,-0.0373092,-0.9405864,-0.06060954,-0.002081941,0.2854472,0.01427749,-0.4503678,-0.09291732
-0.2547541,-0.02690154,-0.4684694,0.2605687,0.3526064,-0.01402241,0.19946,-1.948716,0.2220615,-0.09576173
0.8523304,0.1541134,-0.02630699,0.3850914,-0.02015078,0.04124522,0.1195677,-0.4559233,0.1206249,0.01021047
-0.1426747,0.01162756,-0.1957322,0.1080019,0.1053839,0.03868325,-0.4324721,0.2481575,0.4617732,-0.1043857
-0.5509902,0.3819418,0.2553772,-0.1571549,0.2882348,-0.001115262,0.002215015,-0.007915275,-0.2018695,0.08015249
-0.1650052,-0.1287423,-0.005248083,-0.02941434,0.1559154,0.2090356,0.006543134,0.9026335,0.09217542,-0.2963895
0.0133401,0.1223066,0.2694088,0.2017815,0.2422132,-0.3149751,-0.02822837,0.01373137,-0.1374654,0.3653257
0.2167896,-0.3622918,1.06622,0.1438403,-0.01458727,-0.05679401,0.1616827,-0.1288526,-0.2366614,0.490219
0.1925123,0.270739,0.3203027,0.03922937,-0.103029,-0.3259111,0.433545,0.4220794,-0.1805376,-0.006157327
;
-0.1776148,0.01118977,-0.2442992,-0.2671132,-0.2187155,-0.2638456,0.1480036,0.00854236,0.4094402,0.4047859
-0.1015251,0.2118789,0.01019132,0.007783176,0.02072333,0.7387995,-0.3136644,0.2340717,0.4115071,0.1886725
;
-0.2855482
0.3943229
0.3462624
0.005485642
0.196458
-0.1830905
-0.1701309
-0.2699187
-0.6731198
0.1219013
;
-0.4897238,0.04257173,-0.3531058,-0.09207942,0.1970132,-0.1982442,-0.4644077,-0.09432548,0.002401726,-0.1559994
-0.03762919,-0.4172821,-0.3437411,-0.2020867,-0.04230972,0.005404041,0.1640072,0.2322507,0.09264599,-0.01509654
-0.4808694,-0.04137112,-0.03152603,0.06073227,0.06765805,-0.5983362,-3.445229E-07,-0.1422613,0.2987595,0.2447107
-0.2955853,-0.1097452,-0.4214464,0.2809927,0.2262783,0.001369991,-0.013529,0.4689817,0.03814802,0.06961364
0.04114554,0.205909,0.3857718,-0.008425772,0.5495452,0.03242264,-0.4994167,-0.004265023,-0.2811691,0.002965879
0.0402342,-0.1192201,0.1181989,-0.1115676,0.1232554,-0.03181514,-0.147225,0.1412724,-0.06990242,0.1584079
0.6001874,-0.468877,-0.00128712,-0.1302985,1.067902E-05,0.08917617,-0.4874477,0.3102843,-0.001104336,0.4630417
-0.2360842,0.3653562,-0.001666963,-0.02106743,-0.06386203,-0.2672063,0.1058392,-0.05921811,0.001391285,-0.04748313
0.01320138,0.01787915,0.00022197,-0.5586273,-0.3638159,0.1656812,0.05866582,0.1866553,0.3209294,-0.4076842
0.2442086,0.01588732,0.06061572,0.09117704,-0.6364282,0.06331941,0.1829369,-0.3851291,0.1222843,0.8287493
;
-0.3820443,-0.1050838,-0.02447431,0.005916803,0.1170698,-0.4521527,0.1173242,-0.01740418,-0.2903939,0.005293176
-6.707169E-07,-0.259145,-0.1188084,-0.0966767,0.08694881,-0.1667239,0.4688826,-0.1164289,-0.2936365,-0.1800024
;
-0.003493831
0.3351265
-0.2150361
0.00136963
0.06851218
-0.3215331
0.434837
-0.06330627
0.002882723
-0.3311075
;
-0.08569449,-0.44067,0.05412457,-0.4858491,-0.3028659,-0.03443104,-0.02537795,0.01119362,-0.4573537,-0.2656332
0.3233387,-0.2139387,-0.004692455,-0.003871824,-0.02475345,-0.06457128,0.1482638,-0.7671063,0.43629,-0.04085812
-0.3614043,0.01494721,0.6492354,-0.05270678,-0.4234738,-0.03249482,-0.1429725,-0.2931849,0.2203758,-0.4504787
-0.1910393,0.1471281,0.542235,-0.430583,-0.0004477504,0.03254673,0.1823252,-0.02567057,0.0199675,-0.2634664
-0.003621946,-1.340483,0.07715113,-0.08394498,-0.03760659,-0.3445143,-0.0130318,0.4292028,-0.09960932,-0.1486269
0.2622837,-0.23934,0.1506824,-0.2881931,0.4377024,0.2119242,-0.305647,-0.2694843,0.480669,0.4752903
-0.06556784,0.04511386,-0.06747323,-0.01581893,-0.6570521,0.1398715,0.2246818,0.405582,0.6314698,0.3277111
1.835479,0.371111,0.1861219,0.1959674,0.2278031,0.4665283,-0.276104,0.01072933,0.02775616,-0.7072427
-0.07640025,-0.1171236,0.002190393,0.01111634,-0.01660365,-0.001586939,0.3046404,-0.1262393,-0.06216449,-0.003404089
0.2503943,0.1238104,0.06506027,0.5096232,0.2702457,-0.03251449,0.3505591,0.1750138,-0.4664669,0.005687541
;
-0.5766302,-0.1235427,-0.05525361,0.07285064,0.2737343,0.1151913,-0.5893151,-0.1951497,-0.003400404,-0.1389718
-0.2236492,0.006603137,0.4032486,0.0952649,0.802395,-0.3109844,-0.01944684,-0.04108888,0.04829484,0.07353316
-0.4296811,0.1291125,-0.08695556,-0.1064948,0.0001483511,-0.09951064,0.3857116,-0.1286125,-0.3413125,0.4325818
;
0.06222028
-0.2285819
-0.04370397
-0.08252567
0.01121563
-0.003565119
-0.1052579
-0.06710809
-0.3135774
0.06067497
-0.1608197
-0.3228893
0.4407619
-0.4793591
0.1861918
0.009551139
0.1118259
-0.1819981
0.04260439
-0.1311935
0.2924876
0.1099025
0.3962187
0.223561
0.02843222
-0.3372146
-0.127748
-0.01325788
-0.06519838
-0.9779321
;
0.3399448,0.02629316,-0.402375,0.4908522,-0.02673033,-0.1797453,0.01135583,0.4923908,0.1748033,0.3048087,0.1470926,-0.4337075,0.4897197,0.01752183,-0.5801913,0.05484459,-0.3902856,0.2662802,0.2513297,0.3594966,-0.08211972,-0.007431522,-1.019151,0.00419986,1.460483,0.06129584,0.06904203,-0.497052,-0.2808353,-0.4153177
0.1226708,-0.2020034,0.772119,0.2266442,-0.3758196,-0.3088751,-0.2056041,-0.3872905,0.1389379,0.424435,0.02810464,-0.09402658,0.1997949,1.115171,0.3924285,0.1479521,0.286759,0.07510116,0.0163975,0.1715921,-0.1571603,-0.02655886,0.3404557,-0.08525556,0.4607038,-0.09039786,0.05839683,0.07289165,0.02243885,-0.03195546
-0.3107476,-0.1936131,0.177191,-0.004204502,0.05497221,0.4915048,0.3142369,0.2115348,-0.4715297,-0.1922671,0.5300869,-0.4100169,-5.30727E-05,0.3499215,-0.7929328,-0.4415532,-0.3884356,-0.05030479,-0.3495256,-0.7341537,-0.003608525,0.415095,0.05577073,-0.4741237,-0.08492652,-0.4428928,-0.3539495,0.4006435,0.3784637,-0.001787186
0.04067473,0.006232639,-0.4852263,-0.07569123,-0.01510719,0.43071,-0.090992,-0.2007168,0.1024221,0.001298471,0.4362919,-0.3061507,-0.3157132,0.01059171,-0.005999705,0.3219572,0.02083679,0.2053884,0.1959829,-0.4002014,1.711719,-0.06942831,0.4446263,-0.2661099,0.9984608,-0.1330766,-0.4526241,0.1224887,-0.2328201,0.4577053
0.08061451,0.4619662,0.01809038,-0.4343331,0.2471477,-0.002077045,0.2963418,0.2199075,-3.841672,0.3533682,0.1066527,0.02528816,0.1357305,-0.1457263,-0.05308907,0.05491218,-0.2284582,0.08910362,0.3073453,-0.4974855,-0.4415016,-0.9046456,-0.3748395,0.2887795,0.1972663,-0.05837938,0.01062481,-0.04097332,0.4301877,0.01667332
-0.09010922,-0.2142972,0.1316369,0.3068418,-0.01523244,0.09817477,0.02091282,0.2988844,0.1081626,0.05157596,-0.6362342,0.5095319,-0.09265257,0.02263635,0.4950156,-0.02584711,0.04242245,0.05556267,-0.2221703,-0.5340475,0.02258441,-0.4991565,0.4517729,-0.2090526,-0.003572604,-0.1189149,-0.03417064,-0.1654132,-0.2651118,0.05105559
-0.002232772,-0.701447,0.3460263,-0.1559194,0.3274291,0.8438707,0.1712207,-0.04405978,0.2277789,-0.3912956,0.2930979,-0.2548524,0.678615,-0.1257526,0.2435907,-0.2127544,0.3218561,0.09650522,-0.2239669,0.2806323,0.02274664,-0.0433286,0.07539517,-0.8782787,0.42105,0.02705742,0.08876336,-0.01010043,0.1156798,-0.2879857
-0.1510159,-0.004285126,-0.1226651,0.1285188,0.365021,-0.1208625,0.2689216,-0.4328485,0.008079685,0.1244381,0.4408251,0.1575627,-0.1471533,-0.006573683,-0.9654445,0.4308546,-0.2351149,-0.2473065,0.7585974,0.002633686,-0.0117902,-0.07267326,0.08214171,0.03041869,-0.03323478,-0.002070721,-0.06017891,-0.04801936,0.1998943,-0.02649547
0.4779837,0.06679162,-0.07280225,0.0004282358,0.003476259,-0.1973133,-0.02193483,0.5164528,0.2343426,-0.1312886,-0.4105938,0.7285225,-0.2624501,-0.2485902,0.02700253,-0.399307,0.006731648,0.4725715,-0.04061138,-0.1121174,0.8707029,0.00221153,-0.02951425,0.08283775,0.5242313,0.03768943,0.4685526,0.005735445,0.4522811,-0.2553715
0.04168628,-0.2816004,-0.2391902,-0.5061209,-0.7249316,0.2899964,-0.1103759,0.09743196,0.2610108,-0.02848142,0.1078807,0.05031641,-0.3704035,0.3826718,-0.3529393,-0.4524494,0.06702513,-0.09237629,-0.07765009,0.3208847,-0.4701796,0.4373946,-0.4815627,0.2126292,0.04285691,0.1547701,-0.004667244,0.5572588,-2.489213,-0.1383129
-0.02041,0.660198,-0.1900935,-0.1817211,0.1262306,-0.9339969,0.01732016,0.1955465,-0.006972332,0.02954429,0.2760448,0.2240611,-0.1247882,0.07738875,-0.3910599,0.006011474,0.2770072,0.03927883,0.313898,0.0049998,0.3139066,-0.5252553,-0.4741529,0.01166899,-0.117753,0.02402988,-0.0751445,-0.2619796,-0.08276439,-0.001237871
0.4991669,0.08892389,0.3793256,0.1674998,0.3273584,-0.002448607,-0.6554705,0.02825492,0.2714587,0.06746914,-0.3220472,0.06645875,0.008991539,-0.01487465,-0.09390491,0.02690773,-0.1041438,-0.2260763,0.9956775,0.2726272,-0.1958029,-0.3266466,0.00307175,0.1508477,0.277043,0.4566988,-0.1757896,-0.1936513,-0.324591,0.03065725
-0.4027648,-0.204592,0.464486,0.04667018,-0.247172,-0.2276009,-0.005053561,-0.2012053,0.1667722,-0.3599921,0.0004610636,0.0127469,-0.1622483,6.933537E-05,0.4055912,-0.02136189,-0.0561977,0.1186334,0.313794,0.4615965,-0.452547,-0.07193656,0.168582,0.3431481,0.001987902,-0.0006748938,0.5522236,0.3815596,-0.4456018,-0.2016873
0.1446075,0.1447081,0.1502019,-0.06820087,0.07949664,0.1241301,-0.05038732,-0.1871954,-0.4149385,-0.3271019,0.009652915,0.04333645,0.004511395,0.9546628,0.04092606,0.02566533,-0.5891559,0.4445457,0.2330447,-0.02972712,-0.004829069,-0.1359435,-0.2423452,0.3914653,0.1249847,-0.1159715,-0.02758771,0.4825277,-0.2420532,0.04815501
0.1128817,0.03134814,1.211109,-0.06843822,0.06510307,-0.01477578,0.133494,0.2775323,0.3724754,-0.211805,0.1161201,0.4741935,0.08461732,0.1680144,0.2104252,0.1030155,-0.7179756,-0.006575787,0.339143,0.3159547,0.002008869,0.04960083,0.03505748,0.008866092,-0.1611418,-0.2432761,-0.04985255,-0.02754974,-0.1306197,0.1377514
-0.06995161,1.377078E-05,0.01888692,-0.1110077,-0.1180742,0.4112119,-0.007987537,-0.06422419,-0.04014686,0.2719752,-0.004984972,0.3927311,0.03995902,0.0001141838,0.09549652,-0.004055339,-0.02097622,0.06362051,0.4912055,-0.005663671,0.03796822,0.005013049,0.07268637,0.09257585,-1.776668,1.614617,8.150329E-07,-0.01035297,0.08400638,0.05534917
-0.1633999,-0.6046927,-0.4710362,0.175391,0.06056422,0.07703114,-0.4887441,-0.03854633,-0.1061305,0.00422515,-0.04847572,0.003536645,0.0002706184,-0.9942369,0.1870838,0.5810136,-0.36262,-0.1024101,-0.07939869,0.2352584,0.0004714409,-0.5345952,-0.3067337,-0.498116,-0.2729083,-0.3242938,0.2201498,0.429655,-0.514071,-0.07131805
-0.05367875,-1.893252E-06,-0.08638227,-0.5112683,-0.5123728,-0.08366474,0.008550739,-0.3036272,0.0205442,-0.1344514,0.3221508,-0.3793684,-0.002453524,0.04369849,-0.1905661,0.1870952,-0.1074037,0.03291799,0.2025177,-0.09730435,0.001838487,0.0009257256,-0.08093646,-0.3739604,-0.491698,4.558852,-0.8339823,-0.0003138129,-0.04330813,-0.2171118
-0.2961808,0.4098419,0.1160936,0.4713609,0.302812,0.7271956,-0.8563093,-0.2593176,0.3577535,0.5752914,-0.05905176,-0.4041193,-0.1649572,0.005157009,-0.5083392,0.3596375,0.3314474,0.006927508,0.01879905,0.8645055,0.1959115,-0.0004346865,-0.3727732,-0.0860768,-0.06576794,0.4247262,0.02677885,0.3534046,-0.2469429,0.1727662
0.004322831,-0.8787662,0.9348118,-0.2003028,-1.495016,-0.358474,-0.03524872,0.2146169,-0.4329394,0.09379655,-0.1633626,-0.4683797,-0.1887334,0.02143611,-0.008724024,-0.8201442,-0.4096755,-0.1246788,0.4165598,0.0002777656,0.1921166,0.1977324,-0.06414054,-0.3230351,0.3836368,0.1023931,0.3526365,-0.03613235,-0.09946924,-0.2351733
0.3481004,0.2247703,0.0179338,-0.1239623,-0.05430928,0.8430075,0.1418122,0.0584831,-0.4143722,-0.1333162,0.2610479,-0.04331005,-0.397247,-0.2012797,0.7574119,0.08588576,-0.1439359,-0.3465872,-0.04638128,0.0178762,0.4151311,-0.4054493,-0.3467421,-0.03928115,-0.03981113,0.06852376,0.003559767,0.4166859,0.341592,-0.4390845
-0.02881351,0.164618,0.1451968,-0.3686796,-0.01405922,-0.1174637,-0.9572509,0.01475284,0.1866126,-0.8761092,-0.06433719,-0.0115146,0.006855618,-0.002244006,0.06596638,-0.00158418,-0.4162198,-0.1621962,0.3051699,-1.062521,0.2182474,-0.004882038,0.4317831,0.1893658,-0.01007198,-0.1002113,0.07012115,0.2058852,0.04725042,0.4020554
-0.03887233,-0.2983522,0.04545715,-0.01705117,-0.4102028,0.0970166,-0.005428705,-0.103142,0.03888796,0.08945996,0.002628798,-0.5527843,1.590368,0.01960443,-0.1862837,-0.1627861,0.2148766,-0.2914505,-0.3233026,0.1168986,-0.005263507,0.2628942,-0.3099492,-0.08659918,-0.01729826,0.4569317,0.3599156,0.2560647,0.0003209687,0.03702635
0.03913768,0.1380118,0.3139821,0.4765941,-0.2950566,-0.1350121,-0.2096321,0.02283127,-0.09442583,-0.3007174,-0.05472189,-0.4048406,0.006688129,-0.2550768,0.05857864,0.05139142,0.3420386,-0.0001839763,-0.2440439,0.06004649,-0.1172155,-0.4016303,0.2572567,-0.02053851,0.05205613,0.4913187,0.06082501,-0.2137759,0.07775087,0.3295553
-0.4372282,0.01709749,0.4023315,0.195786,2.713384E-05,0.488332,0.2619697,-0.0004159156,0.0005813241,-0.2539308,0.008480525,0.1229536,0.08543921,-3.802503E-05,0.1530631,-0.172705,-0.09315488,0.1076548,0.2605298,0.1148139,-0.2263548,0.1592405,-0.466836,-0.1207452,-0.1007053,0.9024826,0.2351945,-0.02346477,0.008124338,-0.1267133
0.2016312,-0.007910356,0.3325617,-0.153647,0.01033964,-0.3091573,0.1131967,-0.09048229,-0.2909912,0.3858705,-0.3260671,-0.2634691,-0.1449128,0.4110709,-0.001226404,-0.3127585,3.452617,0.3705501,0.001679454,-0.4724144,0.1756582,0.02632222,-0.1229835,-0.4284326,0.08637315,0.318826,-0.3620285,0.00302216,-0.002195851,-0.6970525
-0.4292775,0.05173498,0.1150362,-0.9704618,-0.1340293,-0.3064649,0.3861617,0.001120101,-0.2698339,0.4049851,0.1750502,0.3342707,0.2118139,-0.04473081,0.2785757,-0.06935834,0.2398085,0.2111048,-0.2292473,-0.4346398,0.2940694,0.4787699,0.1534466,0.470425,-0.08029789,-0.3992001,-0.2374243,0.2381915,0.2516334,-0.01110591
0.2614856,0.3228757,1.10289,-0.1701316,-0.3353465,0.2357079,-0.2582556,0.2106507,0.3317354,0.0187989,-0.04834177,-0.4958768,0.2593421,-0.6908377,-0.03750306,0.004360795,0.5598277,0.001394224,0.3687607,0.01035178,-0.01746818,-0.370212,0.4357187,0.9907209,-0.1302838,-0.06398484,0.8406063,-0.08807016,0.4278535,-0.003362973
-0.01270467,0.006139099,-0.1550784,0.4486753,0.3111826,0.1698601,0.116075,0.220146,-0.000886121,-0.01748586,0.3868393,0.4588293,-0.2827535,0.6590894,0.04117334,-0.3854498,-0.2177339,-0.132424,-0.1167368,0.003431823,-0.01688945,0.6512182,-0.006836398,0.03146935,-0.3644155,0.003344118,-0.3643926,0.03532503,0.09725701,-0.004109784
-0.05190367,-0.001009524,-0.008285103,-0.296289,0.01362592,-0.019134,-0.4405125,0.05611575,-0.1251916,0.06340946,-0.01060095,-0.5012474,-0.1932376,-0.1973216,-0.2244131,-0.01259201,-0.02114326,0.208573,-0.009250778,-0.005770934,0.4606864,-0.1783649,-0.2361966,-0.49074,-0.02354737,-0.01699509,-0.04242801,-0.008759069,0.5963563,0.3339171
;
-0.5920615,0.05967727,-0.4574533,0.44727,-0.05998174,0.02346667,-1.458607,-0.003122151,-0.4627186,0.3691353,-0.1015057,-0.01662356,0.004574025,-0.3220414,-0.6608129,-0.005348674,0.03174561,0.1085214,-0.01410419,0.05189568,-0.08644329,0.370684,0.6961566,0.0001149058,0.1044009,-0.05301628,-0.04450875,0.4747834,0.2048487,-0.025467
0.06655142,-0.02305106,-0.8689312,0.1709253,0.09395988,0.1996897,0.04668302,-0.01866614,0.7538328,-0.09869476,0.03185946,0.0446602,-7.439239E-05,0.4654497,0.02497894,0.2642351,-0.2465668,-0.1860587,-0.5020138,0.3930072,0.1292942,-0.1336222,-0.2595117,-0.04023311,-0.1612086,-0.00447287,-0.01072929,-0.2396424,-0.1182566,0.4381342
-0.02387155,0.4202917,-0.47864,-0.01473254,-0.281837,0.04024684,0.1031518,-0.1842116,-0.2128492,0.2949039,-0.1049862,-0.001387739,0.2488248,0.5960378,-0.0077914,0.4499536,0.005800485,-0.05368561,-0.06043093,-0.1601324,-0.2409636,-0.00748632,-0.3980316,-0.02236675,0.04150695,-0.008891153,0.412401,-0.453216,-0.04523331,0.340161
;
-0.1730922
0.1417359
0.1005518
-0.03273672
0.0005385246
0.5466768
0.2140168
-0.4673157
0.1057349
-0.3054363
-0.2372869
-0.6265441
3.875527
-0.006362365
-0.3803271
-0.06574525
0.3550536
-0.3787487
-0.2271777
0.165928
0.3320268
0.3785051
0.2152557
0.00216112
-0.4325589
0.2877771
-0.3984932
0.4144156
0.6794013
-0.3678164
;
0.04316165,-0.3675481,-0.2201737,-0.0008943523,-0.4492944,-0.4398436,-0.9465703,0.357344,-0.4236702,0.1253475,0.04720157,-0.4523162,-0.0001941901,0.3410643,0.1079046,0.007940398,0.0483212,-0.04438229,-0.1265034,-0.2169359,0.2114817,-0.2322252,0.1598885,0.4415739,-0.09544817,-0.08842653,-0.4653175,0.1479984,0.10576,0.04724888
0.01525411,-0.03935245,0.01924223,-0.169733,-0.0992433,-0.002247736,-0.01006917,0.03845703,-0.2145302,0.4607024,-0.01072003,0.2173209,0.683828,0.1725731,0.06010897,-0.3633361,-0.01695927,0.2915363,-0.009356439,0.02405576,-0.423434,-0.4285177,0.2080414,-0.05983395,0.3648134,-0.3303273,-0.04201151,-0.09357562,-0.2805161,-0.005820292
0.07957138,0.006586346,-0.02191368,0.07179021,-0.04536833,0.02065279,0.07123302,0.2269745,0.3750716,-0.3072123,0.000232173,-0.02700294,0.4745531,0.2948302,0.2662359,-0.4821587,0.1460081,0.002447733,-0.3187685,-0.1576208,-2.008018,-0.08611411,0.02737451,-0.05319631,0.09198467,0.05223637,0.4170665,-0.1752187,0.07478064,0.527538
-0.3991651,0.0364296,0.06425511,0.2206297,0.0116021,0.002371725,0.6952442,0.6740866,0.4690113,-0.3321329,-0.01585733,0.3349466,0.4360546,-0.4741787,0.002888677,0.0122842,0.2411002,-0.01253609,-0.3820992,0.1274295,0.8960634,-0.9042045,0.01745677,0.3617139,0.1258369,0.5982495,0.01574834,-0.02120596,0.02530558,-0.3914105
-0.1570945,0.395124,0.2320983,-0.4158145,0.4948398,0.006680029,-0.3082891,-0.001172156,-0.05522676,-0.3002808,0.3917824,0.2252265,0.03929895,-0.005275945,-0.3308201,0.06018167,2.129989,0.1949142,-0.4722416,-0.2499422,-0.2950407,-0.3638451,0.002975421,0.05956873,-0.147009,0.9596972,0.04138374,-0.372565,0.07475418,0.02052257
0.4189997,0.03548127,-0.4458025,-0.1037975,-2.346198,0.1478109,0.2400965,0.2776772,0.7442139,0.02002848,-0.5588817,0.3042706,-0.2126542,-0.0004651113,0.1786068,0.107019,-0.01051499,0.5696727,0.1688031,0.01970259,-0.1788319,0.3182642,-0.0351739,0.03134205,0.1315927,-0.3999858,0.4925402,-0.2444091,-0.1047056,-0.05425075
0.1199531,0.3380383,-0.3262848,-0.02353727,-0.02121186,0.08416814,0.3638527,0.02446383,0.2657204,-0.5310665,0.08889516,1.304755,-0.4365222,0.4587308,-0.03606889,-0.3175176,-0.3031732,0.01091136,0.1251166,0.09077355,0.07497983,0.3873962,0.1944609,0.02026576,-1.010695,0.5570498,0.6287286,0.08647209,-0.07463986,0.1215687
0.09683369,-0.1315163,1.076532,0.3560607,-0.3324899,-1.035322,0.1353039,-0.02647478,-0.03037576,-0.1018991,-0.2247728,0.3587434,-0.1018695,0.1342937,-0.07870426,0.02910477,0.004954626,-0.3734714,0.04195341,0.001451117,0.3551548,-0.2445446,-0.1707092,-0.01508431,-0.08034609,0.1605469,-0.01667517,-0.3243312,0.1512498,-0.08395834
0.04576295,0.5872383,0.373369,-0.1696243,-0.2399971,-0.3902946,-0.07669431,0.2922891,0.3457654,-0.006804508,0.09197306,0.2280011,-0.3900538,-0.1460577,0.03050066,-0.2060463,-0.08237659,-0.476723,0.3144353,0.1517775,-0.4276175,0.1205698,0.2400541,0.2319906,0.01315635,0.1963677,0.01654547,0.0052951,0.06733168,0.25238
-0.0803021,0.003119353,0.3631872,-0.1010821,0.3760554,1.029567,-0.001212656,-0.7152626,0.1807514,0.3671555,-0.4261874,-0.02115992,0.2185535,-0.09900898,-0.03529394,-0.08816653,0.1165077,-0.774677,-0.4981216,0.2631423,1.384755,0.7961941,-0.3893569,-0.1632839,0.1451194,-0.2027125,0.3099187,-0.2728938,-0.1543767,0.1659429
-0.3938655,0.1601761,0.4697676,-0.0834477,0.002784398,-0.00202666,-0.2141267,-0.03765029,0.3839862,-0.2144246,0.7368461,0.0503352,-0.1452713,0.3921885,0.1195242,0.4916928,0.005446498,0.04195232,-0.2312587,0.03391668,-0.2047509,-0.2469937,-0.9500627,-0.1820956,-0.2706857,-0.3703905,-0.2825761,0.4311281,0.4410098,-0.03855535
0.03866929,0.02242576,-0.3709094,0.1116078,0.1139516,-0.2813705,0.006483339,0.4828864,-0.02721586,0.02849931,-0.09646925,-0.002579314,-0.4908311,-0.3341311,0.3807114,0.3049701,-0.1509237,1.02198,-0.001089519,0.3651152,-0.07391442,-0.1106487,-0.09338377,-0.006751075,0.09820617,-0.005150646,0.2406062,-6.677877E-06,-0.3025463,0.0007225805
-0.3847479,-0.05566557,0.1597161,0.2571424,0.2527799,0.0008410811,0.2120538,0.463865,-0.5835924,0.128439,-0.06469291,-0.2907729,-0.1478041,-0.3698102,-0.1466429,0.7111311,0.3176416,-0.001294398,-0.03239458,-0.168698,-0.07351748,0.2271738,0.04205983,-0.3119661,-0.2907335,0.4608674,-0.02210063,-0.007024348,0.3994473,-0.07162572
-0.3613695,-0.6377907,-0.1332881,0.1425439,-0.2226907,-0.2614481,-0.30209,0.2151738,-0.01921149,-0.3349475,-0.1737364,-0.2956102,0.1078997,-0.2318671,0.000225454,-0.07137853,0.00487242,-0.06039548,0.3216624,-0.2399517,-0.251442,-0.1043371,-0.01475749,-0.262629,0.3815943,0.1270472,-0.172265,0.08588964,-0.002022698,0.112435
0.2218277,0.1209105,-0.7134281,0.02464095,0.3845105,-0.4031041,0.1744467,0.02131751,0.1651552,-0.02793172,-0.002565559,0.00519088,0.02416676,-0.2495569,0.3464727,-0.01592288,-0.02999384,0.4867647,0.369467,-3.521651E-06,-0.3766193,-0.07648346,0.1800975,-0.1151566,-0.8298959,0.1130869,0.01586679,-0.07216042,0.04140502,-0.02063003
0.002492011,0.7051936,0.1122981,0.008019788,-0.3909988,0.01585072,-0.241165,-0.1796247,-0.7198833,-0.02263563,-0.1558179,0.7162825,0.7348123,0.009643272,0.2785554,-0.007624124,-0.03936582,0.4847506,-0.4748503,0.03505573,-0.05375674,0.4925915,0.005368343,0.05109808,0.2321758,-0.8562216,0.01471989,-0.8050799,-0.09861642,-0.1357611
0.1908209,0.1339306,-0.01009221,0.02289982,-0.113717,-0.4636326,-0.0403741,-0.4297248,-0.5490755,0.1432824,0.0002623407,0.02382886,-0.0004438424,0.1775626,0.4778489,-0.1562169,-0.3693681,-0.3044538,0.3329822,0.3076147,-0.04210116,0.0003927984,-0.06591523,-0.3793755,0.00021409,1.587481,0.03510076,-0.4100437,0.001313252,0.3237317
-0.182595,-0.009730955,-0.4349097,0.04667991,-0.2592582,0.2101724,0.3288199,0.4814714,-0.02154959,0.1573598,0.273702,-0.4520147,-0.1484072,-0.007315096,-0.01726917,0.1461587,-0.06344239,0.03576273,0.08808643,-0.2877674,-0.008792934,-0.0242663,-0.004877691,0.0007717719,-0.07170379,-0.1192097,-0.1064009,0.09010707,0.7412476,-0.08350509
0.4811124,0.5940027,-0.2951371,-0.08734524,0.129176,0.07747468,0.1867358,-0.009903008,0.07789658,0.1964785,0.220119,-0.5867323,-0.004939408,-0.2812053,0.1515231,-0.05053943,0.06269521,0.1961186,-0.09338844,0.05762812,0.2750144,0.1471331,-0.04796976,0.163587,-0.02967083,-0.4992175,-0.0300823,-0.1096547,-0.3388622,-0.02348866
-0.04674136,-0.02045171,0.2646049,0.02800474,-0.06146082,-0.3246982,-0.0006451015,0.04980512,-0.05623465,-0.08145441,0.1608667,-0.2901208,0.3863698,0.000919834,0.0240594,0.2851665,1.956072,-0.05341839,-0.1113844,-0.2798208,0.1973766,0.09725619,0.4476659,-0.02409236,-0.1221028,-0.02329509,-0.2934754,-0.7046657,0.003375536,-0.6633604
-0.008597014,-0.1810099,-0.298236,-0.2361104,-0.04712957,0.06875876,0.1233661,0.1206036,0.2880057,-0.8906063,0.1159153,0.5107191,-0.05486156,-0.004259594,0.4242961,0.3034299,-0.0430261,-0.542038,0.1470861,0.3205733,0.2732185,1.40358,0.2465711,0.08980611,0.1378147,-0.1297214,-0.0007180508,-0.08578855,-0.01988844,-0.08023517
0.376403,0.5267884,0.1255652,-0.3401146,-0.002398742,0.04354174,0.02300393,-0.05274218,-0.490342,0.2081355,0.4635483,0.001007598,0.04645389,0.3228891,-0.1435543,0.3380351,-0.6065599,0.0115035,-0.3648181,0.1127765,0.4087243,-0.3902345,-0.5331157,0.1502931,-0.05610915,-0.1536906,-0.04376017,-0.6523937,-0.05491859,0.1468263
-0.1813378,-0.006197328,0.02874953,-0.009105334,0.08839559,0.1024023,0.09093983,-0.3788285,-0.01360866,0.74618,0.003195236,-0.1092695,-0.3881003,-0.7480493,-0.0002575961,0.2098237,0.1584279,-0.005544841,-0.06664568,-0.4308364,0.7366708,-0.6259727,-0.0195821,-0.09064069,-0.3729161,0.002156844,0.007172464,0.1032004,0.008259462,-0.1319008
-0.01606852,-0.3168408,0.08043173,-0.4348151,-0.1211956,0.6269507,0.2910969,0.04326278,0.05298108,0.06818208,0.008725123,-0.09705733,0.003601155,0.3637375,0.1948238,0.169156,-0.3168368,0.07083172,0.02177554,-0.03989819,0.08164807,-0.03240462,0.2291535,0.1461182,0.1231361,-0.1133888,0.3791218,0.1183499,0.2377423,-0.4864335
-0.2721566,-0.007538515,0.9072689,-0.1136352,-0.1509078,-0.014213,0.2632577,0.4131805,0.1105221,0.0003176518,0.1156843,-0.8247311,-0.2576394,-0.2081987,0.2462611,0.04296729,-0.2886124,-0.3891203,-0.060026,-0.08843082,0.03608358,0.2632058,-0.03276723,-0.4011231,0.001477628,-0.3527034,-0.7225188,-0.06062699,0.06467895,-0.1750917
-0.214685,0.06030756,-0.6804036,0.1434449,-0.001853609,0.002284835,0.06612946,-0.03741475,0.1012107,-0.1284507,0.1013052,1.328416,-0.2573735,4.744483,-0.1888331,0.9167137,-0.0005363783,-0.01021902,0.02235678,-0.0004067936,0.2949675,-0.04847721,-0.4995593,-0.4689164,0.006133235,0.01466719,-0.01722645,-0.7582202,0.02818471,0.1059793
0.00975628,-0.3626939,0.746817,-0.00251565,-0.1255306,-0.02143321,-0.2025304,-0.2421466,0.1805799,-0.1580183,-0.2211364,0.3313827,0.2184846,-0.1940603,0.001569435,0.4853966,0.5544177,-0.1775323,0.06198126,-0.05337209,0.4540587,0.3566196,-0.2711356,0.2022544,0.1857191,-0.1806592,0.002073477,0.2819469,-0.1525546,0.1418149
-0.05822569,-0.0714675,0.3736498,-0.2771577,0.04961203,-0.2936062,0.2857997,-0.6555007,0.4388674,-0.1238643,0.1372816,0.1679737,0.3601028,0.2123594,-2.256474,-0.4751711,-0.02598763,0.04840879,-0.4693961,0.2417739,0.05279011,-0.1294121,0.2184839,-0.009564211,-0.8181579,-0.01000669,0.003787473,0.04149801,0.295848,0.5364538
0.1123236,0.3720601,-0.1094395,0.09490884,0.5163879,0.0384207,0.04260473,-0.02198492,0.01659163,0.2432791,-0.08562238,-0.1209722,0.5856985,-0.008290892,-0.7160038,0.08538999,-0.139634,0.1760449,-0.04543605,-0.05932289,-0.01587445,0.139965,-0.03161384,-0.06008488,0.4729452,0.1480513,-0.3386304,0.001909856,-0.5981979,0.4224206
0.0763538,0.4455028,1.020615,-0.02072209,-0.1207779,0.04344898,0.2369129,-0.2923082,-0.1242718,-0.1706618,-0.798129,-0.03444728,0.1394648,-0.3267093,0.2415855,-0.2246073,0.03611261,-1.22732,0.9844848,0.5907618,-0.07430138,-0.06495927,0.1200084,0.1461029,1.411723,0.006760024,0.06333154,-0.0005727225,-0.0174425,0.05088129
;
-0.01369774,-0.009971621,-0.1763148,0.1746342,0.08258313,0.0842305,-0.2870796,-0.02705122,0.0003636065,-0.03504576,-0.1493055,0.04826298,0.0209344,0.4993259,0.02154712,0.4696649,0.2580066,-0.1407212,0.2859405,0.02213076,-0.1162661,0.2295458,-0.04458393,0.2197051,0.05957951,-0.3285908,0.1958409,0.05683956,0.1317099,-0.05062149
-0.813557,0.02107312,-0.4705851,-0.0482345,-0.3915055,0.0112256,0.2930483,-0.03076226,0.1221065,-0.2837744,-0.1322284,-0.09445823,0.3359058,-0.1206868,-9.721127E-06,0.01121557,0.2701696,-0.5361477,-0.2586421,-0.3647,-0.1067185,-7.129098E-05,-0.3313198,-0.8321707,-0.2854604,0.04073588,0.3499187,-0.03479397,0.1886006,-0.05001226
0.001450749,-0.1009703,-0.004213722,0.1802168,-0.2079875,0.03892065,-0.2426745,0.3850265,0.2436435,0.4929391,0.1884531,-0.06506961,-0.07541791,-1.575599,-2.355479,0.06876043,0.007823249,-0.07332154,0.06991619,0.0747297,-0.01346795,0.7459043,0.0302221,-1.145793,0.06758384,-3.436048,-0.01838334,0.3569822,0.1263715,-0.2465817
;
