-0.2408318
-0.08979429
-0.5112983
-0.3710136
0.0005453064
-0.03668147
-0.7021693
0.1881867
-0.7309061
0.6487693
;
0.4625815,0.13221,0.04806147,-3.03115E-05,-0.4740019,-0.03661149,-0.3400512,0.004438106,0.07586371,0.4330195
0.7434881,0.3736223,-0.7117726,-0.02268749,-0.1479442,-0.2549947,0.1710744,0.4353135,0.1051283,-0.3043579
-0.4164208,0.2776259,0.1360544,-0.3700912,0.1860037,-0.03414699,2.304337E-07,-0.12871,-0.322391,0.007275045
0.4654382,0.5414082,0.2418473,0.3500547,-0.2194382,-0.2869512,-4.303125E-05,-0.006038305,0.328025,0.07552739
0.3649136,0.1537587,-0.8657816,-0.165204,-0.1680444,-0.2608109,-0.1801592,-0.3440689,-0.01637172,0.01536769
0.002577687,0.4977819,0.2236087,0.01468203,-0.001268822,0.04472338,-0.02019929,0.1316085,-0.0331822,-0.359622
-0.8575122,-0.2928975,0.009692817,-2.416561,-0.3028327,-0.1589925,0.5245151,0.8923861,-0.3789399,-0.3504215
-0.0004767883,0.4519219,-0.306375,0.2795048,-0.2366646,0.06084722,-0.1099159,-0.2248292,0.5531536,0.06878692
-0.1463458,0.3832645,0.01062979,-0.2074404,-0.3027557,0.01082339,-1.710713,0.01229566,-0.2908482,-0.05037838
0.001095396,0.258946,0.02326404,0.05842592,0.8105426,0.1403269,0.2363376,0.1454957,-0.05783552,-0.2334682
;
-3.733014E-05,0.0820936,0.04175944,-0.1089664,0.004309737,-0.2174204,0.1713762,-0.2461465,0.3057048,0.005125575
-1.825269E-08,0.1635735,0.3385642,-0.3151672,-0.1990273,0.1578187,-0.01342748,0.06438568,0.5378212,-0.0002676417
;
0.004746642
-0.4592437
-0.04670446
-0.1243171
0.0111303
0.009522578
-0.0157137
-0.4475129
-0.08596011
0.3820142
;
0.2341927,0.4436425,0.3233067,-0.5927919,-0.03641058,0.02744102,-0.5370362,-0.01425821,-0.02017474,0.1184297
0.128494,0.8064378,0.003812023,0.1763619,-0.2092325,0.181388,0.3703802,-0.3495566,-0.3768524,0.4468491
0.0005406674,0.482153,-0.09001531,0.03875401,-0.4247942,-0.5440407,-0.1741244,-0.04668118,-0.04275905,-0.6165453
-0.1910393,-0.3202204,0.3525424,-0.07062993,-0.1761895,0.4067678,1.57464,0.0004583736,0.1125593,0.0800312
-0.2317158,0.8674546,-1.888703,0.3027582,-0.09315009,-0.4025357,-0.4628775,-0.0223534,0.2729484,-0.2972729
-0.3452331,-0.2574131,-0.0008177952,-0.01859635,-0.08298653,0.08527952,0.3748624,0.008822068,0.1414093,0.3764735
0.1008007,0.1056668,-0.006810068,0.0004598796,-0.9193686,-0.003313005,0.003180648,-0.1851185,1.114951,-0.3788882
0.3924913,0.05425256,0.8745483,0.2397487,-0.06908125,-0.260501,-0.03936129,0.01736968,-0.005599754,0.0004841277
0.0007397434,-0.281187,-0.6515154,-0.01285191,0.3947138,0.1056994,0.2869814,0.307732,-0.4266168,0.07791811
-0.5292439,0.5850159,0.2676994,0.08481986,-0.4760153,0.04994508,0.05609492,-0.1355034,0.2206439,-0.5383754
;
0.2634046,-0.1971852,-0.007632053,0.1504426,0.0161795,-0.2364585,0.09280942,-0.007183027,-0.01711606,0.016092
0.3759274,-0.3421043,0.4167361,-0.03063524,-0.09616047,0.2759027,0.01146991,0.3313207,0.2913741,-0.4373751
-0.4065256,0.01890212,-0.3376844,0.1323339,-0.1196185,0.0491854,0.09302308,0.09442681,-0.08813936,-0.1951005
;
8.047813E-06
-0.0546967
0.1541695
1.544875
-0.002881895
-0.1244962
0.03591878
-0.3590835
-0.5725558
0.01422782
0.03672525
0.7021224
0.1904169
0.1888289
-0.01725903
-0.3394695
-0.2959981
0.1453931
0.4011697
-0.1365321
0.004651269
-0.3621761
0.1575771
-0.04710301
-0.4759083
-0.080355
0.4085996
-0.3858861
0.3087305
0.3469529
;
-0.196562,0.2889392,0.3618627,2.300165,0.0001798992,-0.005145347,-0.09711117,-0.0365186,-0.2516979,-0.6827185,0.3518209,-0.182964,0.2248696,0.2392713,0.2769978,-0.007284503,-0.0002629936,-0.2422827,1.615528,-0.1851913,-0.6747527,-1.071391,0.0229606,-0.01765472,0.2902696,0.2857048,-0.09020821,0.5439957,0.0983686,-0.005417068
-0.2370428,-0.06673115,0.4402528,-0.0148632,0.1771799,0.2383789,0.0347249,0.3147213,0.4076298,0.01855121,0.09331121,0.2332219,0.03540206,-0.008346969,-0.1279185,0.04815687,0.003308344,0.07867977,-0.7478377,-0.1738985,-0.7008451,-0.3608512,0.3738543,0.5949225,-0.004629365,-0.01703892,-0.4429674,0.4720687,0.6805285,0.8129715
0.1442162,-0.355579,0.4924285,-0.1639345,-0.1785578,0.06679112,0.2295195,0.1266129,-0.1037803,0.2583097,0.2487192,-0.04728866,0.2006648,0.2626949,-0.07719356,-0.214895,0.2501018,0.488848,0.1101822,0.4282399,-0.00309551,0.3671266,0.3087354,-0.3214884,0.1781393,0.4911373,-0.1785148,-0.07543519,0.4979866,0.1062619
0.0132656,0.1324852,-0.4068356,-0.06485438,0.4075804,0.004236758,0.3166374,0.4093332,0.2743624,-0.1809947,0.1068166,0.2954396,0.535179,0.01049709,-0.2983031,0.3115317,0.3531362,-0.9423699,-0.05864556,0.1515903,-0.1607539,0.01063222,0.4823199,-0.4409008,-0.08279537,-1.249173,0.08348233,-0.01785468,-0.03198455,-0.09117625
-0.3734409,-9.779865E-07,-0.02072655,0.01294431,-0.1777781,-0.829927,0.2795862,0.00212461,-0.4862527,0.06425529,0.1852871,-0.09225651,-0.1196706,0.008724343,-0.4152292,-0.1697996,0.3013092,-0.02238681,-0.1077733,0.003927258,1.251302,-0.03969492,-0.4514448,0.03651822,0.169623,-0.05844161,0.07160772,0.3772445,-0.3696455,-0.2954788
-0.4942234,-0.4584724,-0.1249427,-0.0003925496,-0.04112671,-0.01104803,-0.03032697,1.303977E-05,-0.01956334,-0.3803722,0.09868494,-0.4823362,-0.0076961,-0.01708362,0.2434521,0.006422369,1.024517,-0.1662047,-0.01083318,-0.1652265,0.7417851,-0.2784277,-0.1975858,0.02860793,-0.115503,1.172213,0.1014538,-0.4187895,-0.4378281,-0.04174443
0.2739099,-0.4373084,-0.2978393,0.7800842,-0.01275219,0.8106167,-0.2050042,0.3055954,-0.1584,0.02345735,0.6308973,-0.1294312,0.1077728,0.08989634,-0.07921932,0.05460292,0.1090268,0.07827479,0.006095293,0.5403438,0.1844621,-0.5936574,-0.2037417,0.0006317967,-0.1116613,0.3426487,-0.2071349,-0.1819424,-0.2222963,0.8333277
0.3267329,0.2883427,-0.006607366,0.01244932,-0.1456086,0.002908885,-0.257463,0.4793483,0.1866657,-0.4143107,-0.2933182,0.01487479,0.3280807,0.03167695,-0.1435688,-0.2157642,0.2504809,-0.05665976,0.2600822,0.0681337,0.04352083,0.1990511,-0.03154465,0.04664475,-0.1437138,-0.1058733,0.1875677,-0.02092272,-0.1398444,0.002083893
0.00381682,-0.3353404,-0.3257776,0.1715974,-0.0006488381,-0.4561902,0.4483275,-1.123475,-0.4609867,0.05542706,-0.01922846,0.8741984,0.01919394,0.005615319,-0.04066736,-0.06012115,-0.002217213,0.4172581,0.1059049,0.6490446,0.06346106,-0.2640537,-0.172438,0.02697103,-0.01076776,0.1344306,-0.02567796,0.0003420733,0.9752668,0.2632692
0.4160451,-0.2950614,0.2207367,-0.3377044,0.01127004,0.09915096,0.2785665,0.4657382,0.3966341,-0.08553541,-0.1004688,-0.4385817,0.119402,0.05266025,-0.04654151,-0.2416839,-0.01522494,-0.006412015,-0.005155924,0.0004365586,0.3873647,-0.01645329,-0.2137493,-0.01140571,0.07183784,0.05262703,-0.4853032,0.4964942,-0.09614541,-0.1838242
0.7102712,-0.3954668,0.1565916,-0.01884218,0.1120113,-0.1865397,-0.8046635,-0.4915243,0.3857079,0.1496913,-0.6797085,-0.01238571,-0.4222873,-0.5651546,-0.2472623,0.1979756,-0.002339592,0.3332762,0.386587,0.2805234,-0.2272568,-0.5348659,0.005994419,-0.2039465,-1.393996,-0.3242413,0.01257068,-0.04440672,0.4794235,0.1345847
-0.6188263,0.152335,-0.0187649,-0.3319627,0.4734002,0.04427087,-0.1547302,-0.1670548,-0.09351605,0.146526,-0.1058336,0.2246338,-0.1688518,0.1074648,-1.251739,0.1739257,0.07552999,0.4647129,0.2045826,-0.02540654,-0.4624478,-0.4267246,-0.3232034,-0.3143677,0.02976852,-0.0001560667,0.3532015,-1.07525,0.01635502,0.1531987
-0.02763553,0.4646697,-0.04591978,0.4563334,0.1337759,-0.04786134,-0.04490353,-0.1968951,0.01976508,0.421302,0.3115983,-0.07093483,2.061278,0.0001402883,-0.1714209,-0.02751886,-0.3986113,-0.1708679,0.007193753,-0.202275,-0.02394924,0.2731402,0.04086002,0.156982,-0.02692014,-0.01743563,-0.03593189,-2.370162,0.1137058,0.1985464
-0.3201424,0.07473882,-0.2370335,-0.2947099,-0.4532011,-0.3436926,0.4933975,-0.9385103,0.03863114,-0.4418403,0.0004897656,0.1150468,0.3963664,-0.177757,0.2139441,0.3836954,0.3991262,-0.1362917,0.09002391,0.2853218,-0.4402684,0.3716066,0.07972997,0.2184751,-0.4657355,0.2692857,0.03472509,-0.04865712,-0.2733057,0.02416411
-0.2087629,0.6703491,0.4695389,-0.4161184,-0.2741599,0.08059128,0.2324514,0.06944631,-0.04185996,0.2959912,-0.08207835,-0.6516375,-0.0174287,-0.1129801,0.2104786,0.2323178,0.1803613,0.3751392,0.3033784,-0.2459217,-0.05189067,-0.4177351,-0.3549697,-0.1972471,0.1668027,-0.0926891,0.01938643,-0.5215096,0.01732069,0.3556249
-0.258057,0.002996571,0.568843,0.1226937,-0.3859818,-0.7071438,0.01455897,-0.4263224,-0.1819258,-0.03532665,0.04520291,0.2214345,0.08722965,3.630374E-05,0.4613698,0.1082922,-0.07457849,0.3280807,0.04219544,1.460929,-0.01936417,-0.08543993,0.01827049,-0.08287829,0.181326,-0.0005004834,0.4800899,0.3466284,0.982273,-0.4859858
0.1964122,0.004704297,-0.7982079,0.2379023,0.01743451,-0.2445282,-0.02864287,0.2440568,0.06361023,-0.1292712,-0.3080465,-0.002393424,-0.0002735385,0.4788793,-0.08425766,-0.01475913,0.06683964,-0.001429737,-0.1957607,-0.002509077,-0.5019149,0.01302519,-0.03240915,0.05255415,-0.1597167,-0.3584577,-0.01824494,-0.1989098,-0.3071805,-0.03538437
0.2328136,-0.002705215,-0.04057302,0.002684115,0.2724769,-0.176618,-0.0001523123,-0.7007639,-0.507073,0.4918163,-0.2125766,-0.02442108,-0.07530095,-0.347731,0.009339966,0.2419752,0.006137514,0.4840621,-0.05512077,-0.06538049,-0.004200303,-0.1740248,0.06894988,-0.04649225,-0.1593275,0.05230452,-0.4773442,-0.02690091,0.377501,0.2538417
0.2307667,-0.06008273,0.3303733,-0.2323315,0.3383175,0.1927953,-0.05900373,-0.1538421,-0.3398649,-0.4132156,-0.02450689,0.01915783,0.007728173,-0.03703067,-0.2435562,0.9040793,0.07765203,-0.0003408825,-0.3789241,-0.01912701,0.06715599,-0.0002617296,0.4449096,-0.00200634,-0.02651867,-0.3929107,0.3262852,-0.01024646,0.01216751,0.003975984
0.2672324,0.1216032,0.1720721,-0.06382637,0.1711295,-1.149496,-0.7178441,-0.4916799,0.04049832,-0.127083,0.3889325,0.002496406,0.4252467,0.420364,0.002069275,0.1988207,0.3179561,1.6946,-0.1037915,-0.4592458,0.3503918,0.4959112,0.282073,-0.4690112,0.5574593,0.4255323,0.3532165,0.3096399,0.08745362,-0.1418607
-0.1787853,-0.3344936,-0.1621583,0.0001004933,0.0006858962,0.3665282,-0.09243768,0.4717367,0.0155229,0.09742945,-0.05127033,-0.2655914,0.1868784,0.1847645,-0.1499026,-0.8994474,-0.1458082,0.4833739,-0.04187588,-0.1079035,-0.3532261,-0.4109046,-0.02978922,-0.07162172,-0.1285334,-0.2564245,0.2638315,-0.03770421,0.4306125,-0.2822468
-0.1461823,-0.005124808,0.2110649,-0.02103365,0.1691276,0.1152859,0.1535612,-0.223517,-0.7504588,0.368035,0.2988607,0.2628103,-0.2042601,0.05581895,0.689673,0.03477687,-0.4151272,-0.02785881,-0.3723722,0.01325689,-0.01445876,-0.03472475,0.2886041,0.06514914,3.344732E-05,0.8461554,-0.09998753,0.00426728,0.01435064,-0.1678417
-0.04974399,-0.378855,-0.07145661,-0.2817997,-0.1930144,-0.001821642,-0.9047881,0.3168207,-0.6545945,0.03237265,0.1592603,-0.5173405,-0.4681328,0.04742337,0.01313968,0.5896628,0.01868862,0.07433572,-0.2803642,0.3058102,0.1594008,-0.452742,-0.2778482,0.07390313,-0.09963453,0.800735,-0.3139235,0.5851243,0.09265091,-0.01063806
0.0536879,0.3338352,-0.006503642,0.2056276,0.3988557,-0.3965902,0.1410077,0.628415,-0.2449843,-0.2959479,-0.3920288,0.2617855,-0.009424155,-0.05636745,-0.1682871,-0.2532406,0.1134451,-0.01233453,-0.4467889,0.3820632,0.1570097,-0.006909408,0.8099797,0.05396461,-0.5663323,0.4864323,-0.3041964,-0.002746029,-0.03325468,-0.08174301
-0.1551118,0.01805836,0.004983207,0.03899115,0.7684666,-0.2080131,-0.2299284,-0.007177256,-0.2491513,0.08658582,0.00303818,-0.2977334,-0.1968189,-0.02074191,-0.3220328,-0.03572434,0.2316517,-0.01894136,0.3113605,0.2412309,-0.3851759,-0.2868492,0.04274029,-0.6162164,-0.06503707,-0.1469337,-0.001183661,-0.2259426,-0.0278159,-0.3591348
-0.1225497,-0.1216051,0.155729,-0.2425515,-0.02813701,0.3872578,-0.4022057,0.18618,-0.2432209,0.03772753,-0.5301811,-0.2925545,0.01300672,0.0173706,-1.090104,-0.01236945,-0.2107166,-0.07251423,0.03790921,-0.5108593,-0.4415121,-0.02749368,0.3411696,-0.1414144,0.4764284,0.1476679,0.4263377,0.0003853675,0.0001966414,0.1932119
0.3403754,-0.08060035,-0.07180503,-0.4290489,0.008534125,-0.4471434,-0.6893527,-0.2492137,-0.3979552,0.1817658,-0.1039483,-0.3460795,-1.029062,0.1335272,-0.6486437,0.3269415,0.1051969,-0.7745533,-0.1845144,-0.3661348,0.02401072,-0.006034643,-0.03318373,0.3963807,0.001069963,-0.2110376,-0.08556818,-0.2241254,-0.009512922,0.3594419
-0.271437,0.4534236,-0.4406821,0.02145753,-0.04468107,-0.0001352158,0.144817,-0.1814524,0.1396336,0.004173317,0.1737395,0.1814678,0.3098911,0.01142015,0.3524772,0.4278678,-0.05714652,-0.2328511,-0.7211285,-0.11213,-0.1936537,-2.133756,-0.09957236,0.05977786,-0.0003622019,-0.4768233,0.5063779,0.03979854,-0.2966603,-0.4790769
-0.4573323,-1.091404,-0.4622961,-0.2000047,-0.4937067,0.2845644,0.9627289,0.7322966,0.4723538,0.5134187,0.1382661,-0.487237,-0.0002805377,0.08565229,0.8038461,-0.3432828,0.4863803,0.1170318,0.03325455,0.4385999,0.395447,-0.2077498,-0.002085374,0.2059051,-0.5069767,0.03415328,0.3643926,0.0727851,0.001871658,-0.05234951
0.009571959,0.9343421,0.04182526,0.3966913,-0.0133845,-0.3237349,0.04349167,0.05620729,-0.003044388,0.4865129,-0.003181551,-0.1344315,0.7798938,0.0797082,0.005580623,-0.002766941,0.001552725,-0.1782938,0.3449099,0.3116298,-0.01518947,-0.06140695,0.0261749,0.02586825,-0.398514,0.01252886,0.004766456,0.3066801,0.1201006,-0.1585808
;
0.01019269,-0.05042233,0.4799923,0.7917408,-0.006395757,-0.001561642,-0.3906105,0.765672,-0.2130778,-0.2280462,-0.01151943,0.2554693,0.2806363,0.199871,0.423974,0.1801416,0.3951829,0.1722045,-0.0007401178,-0.520114,0.03106123,-0.0833272,-0.2297736,-0.1260833,0.3120753,0.007588618,0.3154609,-0.1118576,0.2043283,-0.7287709
-0.04313613,-0.00555712,0.2867736,0.09225842,0.4268252,-0.03639939,-0.04071982,0.3438582,0.3134278,-0.00163423,-0.2432844,0.02815734,-5.316002E-06,0.2180236,-0.01828956,0.2201661,0.01873714,0.01998527,0.5966043,-0.03097115,-0.2896039,0.05976611,-0.07383436,0.1197575,-0.1199254,0.2890094,0.8622543,-0.03564024,0.2096305,-7.81055E-05
-0.1892309,-0.4721278,-0.07974654,-0.02752216,-0.4054124,-0.0690487,-0.09360796,0.4403231,-0.7966207,0.1379868,-0.342513,0.1321917,0.1819532,0.2985406,-0.3604403,-0.3761528,0.116984,0.01878387,0.1497729,-0.02622384,-0.0006774266,-0.357034,0.1995649,0.1178081,0.02552325,0.1580784,0.05263935,-0.3641393,-0.1676348,-0.8004916
;
-0.05352327
0.2989755
0.4391577
0.009905198
-7.600033E-08
0.1554273
0.07145453
-0.7198682
0.04837445
-0.3507226
0.5587853
-0.006274371
-0.03228483
0.0001417634
0.0720759
-0.001649439
0.08987147
-0.1380748
-0.1074573
-0.03806299
-0.4338492
-0.08900071
-0.1814732
0.4256394
0.2387949
-0.04237577
0.5631481
0.1666521
-0.2145246
0.05325645
;
-0.2485951,-0.0009481405,-0.4186364,-0.1559969,1.584201,0.284157,0.005263986,-0.04116558,-0.3314286,0.4166786,0.008029188,0.1801307,-0.9499114,-0.03479236,-0.6842524,0.1666968,0.02240856,-0.04533146,0.3824973,0.08810955,0.01497978,-0.06444257,0.1170307,-0.09287041,-0.009498985,-0.07687825,0.4524274,0.004868029,0.003727003,0.3553352
0.4512394,-0.1259822,0.7182391,0.07877702,0.006175975,0.4890077,-0.1739021,0.02480753,0.1287441,0.1369587,0.1486248,-0.1752152,-0.2064491,0.01771729,-0.2442207,0.03579367,-0.3547707,0.1562709,0.4977114,0.3215306,0.2804229,-0.3570731,0.01366654,0.2668735,-0.03123765,-0.2087554,-0.1563033,0.06064177,-0.007906496,0.06396974
0.497545,0.4912256,-0.102777,0.3252748,-0.007850792,-0.3343804,0.1453636,-0.1242489,-0.02154858,-0.03792333,-0.1904729,-0.4925153,0.2157039,0.4086975,0.2229831,0.1673426,0.04227319,0.3167471,0.1736582,0.2431154,0.003588933,-0.1142762,-0.0867182,-0.04052427,0.09867448,0.3842328,0.08535639,-0.2511508,-0.3101599,-0.2370661
-0.2766626,-0.2462865,-0.3957117,-0.08291403,0.4596749,-0.06560701,0.860379,-2.276438,-0.08382399,-0.4665632,0.1906922,-0.02752944,0.02678024,0.09097904,0.03703938,-0.110437,-0.2488577,-0.05027546,-0.5690987,-0.2960548,-0.2687857,-0.05776948,0.04133302,0.3756272,-0.151049,-0.003879506,0.2259665,-0.1994016,-0.4151374,0.2910022
0.008548993,0.1731216,-0.02726627,0.0003705523,-0.4406472,0.0004073639,-0.05595194,0.03031581,0.0928497,-0.2454032,4.841619E-05,0.116549,-0.2246987,0.2966949,0.02252931,0.0008932452,0.3168623,0.06328493,0.3918017,-0.09183828,0.05185694,-0.02275908,-0.004381601,-0.03711751,0.4456921,-0.3229128,-0.2484233,0.2625081,-0.1186418,-0.002621515
-0.3012934,-0.07562217,-0.08214787,0.4475302,0.4409355,0.2438957,-0.2746161,0.07346062,0.2096868,-0.1438758,0.4201304,-1.510728,0.04406253,-0.1002485,-0.7188675,0.1374884,0.48432,0.09167501,0.08750507,7.627765E-05,-0.5765886,0.05369288,-0.2822313,-0.4087644,-0.2838806,-0.1060764,-0.07419366,0.04206347,-0.4629692,-0.04557106
-0.1316817,-0.08905283,0.06467809,0.01780752,-0.2734714,0.4013941,-0.1988658,-0.001897366,0.1784469,0.02692336,-9.350666E-05,0.4350015,0.1493595,0.1714821,-0.008423205,0.2215051,-0.1731383,-0.4239211,-0.1268069,0.4283351,0.4641643,0.1166014,-0.3490779,-0.09960014,-0.2114127,-0.4755546,-0.02982203,-0.1740236,-0.1101285,-0.02916385
0.3593535,-0.07372431,0.4808434,0.4357183,-0.2291424,-0.4338797,0.2349681,-0.2947334,0.4531416,-0.1366945,0.1198266,0.3236256,0.3297923,-0.007426579,-0.08492047,-0.3350208,0.4570601,-0.04268536,0.01040965,-0.04844727,-0.3698187,-0.2231558,-0.3452085,-0.00149836,0.03558476,-0.3726534,-0.01729061,-0.1363984,-0.1052745,-0.06825469
-0.6257632,-0.566605,0.3494679,-0.7516925,-0.4221486,0.04691412,0.4917125,0.1920542,0.3564335,0.002311765,0.4432739,0.04738589,0.09148551,0.06141946,0.6192023,-0.3797706,0.2714661,0.03244,0.01291355,0.3662524,-0.282113,0.2222687,-0.3479716,-0.099694,0.1437836,-0.04978266,0.1629396,-0.4924616,0.04177576,0.4693603
0.2535965,0.01835934,-0.8182961,0.02861114,0.07232223,0.3081697,0.005164003,0.2593461,1.345058E-05,0.3323429,0.3413165,-0.2106398,-0.001360156,-0.3024468,0.3327828,-0.07237071,0.1211224,-0.08227628,-0.1098158,-0.09897495,-0.2299942,-0.1364442,0.0019483,0.1081833,0.01835376,-0.03176261,-0.01690005,0.2446093,-0.008904563,-0.1830948
-0.02171041,0.07932148,-0.5973156,0.1663784,0.5655607,0.00202666,-0.002951127,0.597885,0.3249978,-0.1301437,0.4160666,0.4212132,-0.393217,-0.03048423,-0.003205494,-0.1957625,0.05522241,-0.01071456,0.1301311,-0.02131945,-0.1316086,-0.1239616,0.2629091,0.03088732,-0.1463187,-0.4049295,-0.0656888,0.0631941,0.4959015,-0.006026
0.1053493,0.0005814686,-0.7412128,0.1943536,0.1265224,-0.04235912,0.01035872,-0.1164083,0.2131747,0.04825898,0.1026262,-0.07491814,-0.0007035988,-0.05550183,0.01248742,-0.1678767,0.363343,0.4346124,0.1989305,-0.2118217,0.05848998,-0.5889698,-0.3342794,-0.2767545,0.4460998,0.003594252,0.3559057,0.006928647,-0.03888673,-0.001206046
1.043009,0.3489399,-0.4704483,-0.05090269,-0.4332633,0.4281538,0.05360384,-0.2103056,0.387906,0.09578222,-0.2262713,-0.3368529,0.0001809001,0.05309835,0.006916462,0.07550114,-0.7083514,0.02140778,0.3346672,-0.002291379,0.0965604,0.06789604,-0.004842241,-0.4103703,-0.1733286,-0.0008327995,-0.01067222,-0.2546053,0.08783141,-0.2217773
-0.098574,0.04771534,0.01959286,-0.2575991,-0.6940476,0.002219805,0.1688118,0.3097271,0.0009173998,0.9269645,0.01298195,-0.06680582,0.3408933,-0.2065735,0.0001852843,-5.874534E-05,0.1590822,0.1697745,0.08676444,0.4816813,0.2984829,1.458801,-0.2628381,0.00900239,-0.01526573,-0.05958985,-0.05080541,0.6940326,0.1642695,-0.05705159
-0.4414603,-0.4967365,0.09703852,-0.003367353,-0.1108567,0.2045867,0.2850287,-0.1701263,-0.233584,-0.01888192,0.05716816,0.3189059,-0.06979722,0.02755433,0.3856973,0.02398303,-0.002953159,-0.1752097,-0.2194521,0.1890222,-2.682579E-05,-0.06750764,-0.02792931,0.04920099,0.4678564,0.3654795,0.06103013,-0.3380293,-0.38888,0.002149848
0.009243169,-0.1803697,0.01546939,0.0974163,0.1406412,-0.0606533,0.0383784,0.3031648,-0.1080285,-0.09449512,-0.3125839,0.4501535,1.477086,0.09469527,-0.1615904,0.4315277,-0.4369071,-0.03338591,0.07808566,-0.08285031,-0.2521399,-0.3668504,0.02693828,0.1233549,0.313878,-0.06782174,-0.4040907,0.3848451,0.22596,-0.04605731
0.6980847,0.1581962,0.01483108,0.2522388,0.436412,0.01671035,0.08676139,0.02630155,-0.01105186,0.4073403,0.5551003,0.4897313,-7.70705E-06,-0.3293692,-0.3438352,-0.08641837,-0.01067034,-0.08637351,-0.4574814,0.4741033,0.832581,0.449856,0.01716461,-0.3103259,0.0005146366,0.7307824,-0.8239848,0.3180157,-0.1404551,0.006987224
0.04301527,0.1717413,0.4026706,0.08550922,-0.07437688,-0.4605776,-0.7787682,0.009980117,0.01645561,0.385891,-0.03651483,-0.002762669,-0.3067842,0.002465924,0.1729996,-0.05297294,-1.04391,-0.3121266,-0.3402212,-0.06111209,0.4971878,0.2517757,0.4423214,0.1031769,0.209923,0.07786854,-0.4632653,0.04115938,0.380778,-0.5162405
-0.2315601,0.5398718,-0.2118414,-0.2625083,0.02648996,0.01688156,-0.0240891,0.1958287,-0.4464048,-0.05830115,0.01680226,0.09816932,0.03608025,0.07164794,-0.01840856,-0.03484458,-0.009071653,0.2721119,0.02998281,0.0953196,0.4195472,0.1916591,0.01079245,-0.0661261,0.04145042,-0.4005972,0.001481222,0.07785178,-0.04867945,0.05323603
-0.2191431,0.3088153,0.01185348,-0.4822191,-0.0002728628,0.3692665,-3.433364E-05,-0.7672599,0.05054541,0.08987289,0.02012132,0.1086689,-0.0008077077,-0.1863816,1.183974,0.052359,-0.08003347,-0.4190803,-0.002051796,0.0200966,-0.1933169,-0.1140326,-0.3320003,0.1024162,-0.1389728,-0.2760026,0.0304274,0.4145575,0.2699257,0.1659545
0.848267,-0.482484,-0.3244733,-0.2108974,0.2469224,-0.07151078,0.02605931,-0.4901961,0.3032162,0.06704941,0.4694937,-0.1050274,0.284089,0.2744223,-0.4936504,-0.1873565,0.2300765,-0.08401472,-0.2206178,-0.7288913,-0.01476177,-0.02646379,-0.2652186,-0.1562049,0.3506449,0.2015491,0.3921133,0.07663971,-0.006478998,-0.0239206
0.662615,-0.004606247,-0.001636583,0.2940013,0.3672816,0.4903946,-0.4979945,-0.3735074,0.03256148,0.2759452,-0.1618119,-0.0009747659,0.003431719,0.3068393,0.02924699,0.3925231,0.01417084,1.369364,-0.7222821,0.3580149,-0.2536175,0.01249025,0.04382378,-0.471177,-0.001853102,-0.5014015,0.1677548,-0.008025227,0.3449622,0.8646246
-0.4407064,-0.5514191,-0.220256,0.1021142,0.3812245,-0.2820953,-0.3111396,0.401987,0.2283131,0.03252274,0.3282747,0.02075285,-0.4772288,0.4133716,-0.3767224,0.1321608,-0.008400142,0.004937248,0.1257658,-0.2447398,-0.393791,-0.1459951,-0.001907647,0.5223832,0.2167262,-0.05974108,0.4691679,-0.4564162,0.09116966,-0.02796243
-0.2355862,-0.005685529,0.2125531,0.4868506,0.08321244,-0.04882413,0.1813085,0.04896982,-0.2341009,-0.02510494,-0.001864483,-0.273998,0.2355134,0.9510292,-0.0948437,0.1031737,0.5964419,0.1566729,-0.248889,0.4148169,-0.08164807,-0.01921173,-0.07923645,0.01985858,-0.05682369,-0.03653613,-0.2871083,-0.003854261,0.108507,0.14223
0.003151652,-0.2107948,0.4498259,0.06622498,-0.3066652,-0.2242365,-0.040404,-0.2323971,-0.4291331,0.4972733,-0.01299542,-0.04315626,-0.2782236,-0.1503064,0.4690379,0.03115555,-0.377663,0.02853426,-0.4272159,0.19977,-0.06260628,-0.4791235,-0.3897755,0.147333,0.4396116,-0.05604523,-0.1462883,-0.0139578,-0.07290424,-0.001703498
9.342458E-05,-0.3623807,0.324531,-0.2694377,0.3761765,0.7513488,0.2649,-0.003081767,0.3544102,0.2956661,-0.0002582906,-0.01211258,0.01391483,23.87787,0.6751934,0.3555222,0.4070465,0.3806506,-0.4303249,0.09080881,-0.2604101,-0.4279808,-0.4618267,0.2273237,-0.004209722,1.022539,-0.1666148,-0.1902774,0.6119844,-0.2573152
-0.3618162,-0.4911516,0.1890555,0.007559976,0.02407187,0.005353002,-0.06931348,-0.1274447,-0.0005658718,-0.07680315,0.04597704,-0.03082515,-0.339941,0.07946616,-0.2520406,-0.003682468,0.01167873,0.04713323,0.1154658,-0.008791786,0.02448467,0.3440193,0.1975281,-0.1733509,0.4395642,0.2357317,0.1896979,-0.1242359,-0.002586692,0.3862784
-0.4749489,0.08047968,0.01626035,-0.3291621,0.4177856,0.117777,0.0588613,-1.13706,0.2951726,-0.09610483,-0.02089244,-0.1093431,-0.05759558,0.02684397,-7.971781E-06,0.233963,-0.07515794,-0.0219335,-0.006416078,-0.2514933,0.0009459541,0.5569539,0.07361192,0.1990744,-0.0709905,0.1846991,-0.3556992,-0.181138,0.02027761,-0.1793695
0.1113371,-0.3241352,-0.06045339,-0.0005953997,-0.2934597,0.03207524,0.02247797,-0.6908324,-0.1917909,0.4914939,-0.001357679,-0.1240761,0.1989298,-0.003206091,0.4170609,0.4146298,0.01779084,-0.151483,0.6139166,0.03619907,-0.02849553,0.06677908,0.05126093,0.2386622,-0.3102856,-0.01851722,-0.1863176,-0.1149717,0.426442,-0.1708549
1.110554,0.3561392,0.00403446,0.001299301,0.05670696,-0.024117,0.0631941,-0.1108362,0.09161952,-0.04972237,-0.01017958,0.7567112,-0.2941075,-0.2934369,-0.005210742,0.09348994,0.4332896,-0.06095022,0.104142,-0.393479,0.2183144,-0.1415782,0.01312582,-0.3825901,-3.538311E-05,-0.3374851,-0.08493614,-0.009503197,-0.2417906,-0.06584928
;
0.5053833,0.6770833,0.4876109,-0.0376417,-0.4489511,0.3724234,0.06014472,0.3501118,-0.5610648,0.1083689,-0.0002242555,-0.3049287,0.2467972,-0.02271543,-0.06189049,-0.2155214,0.4921595,-0.435908,-0.1867807,-0.2676816,-0.0003663616,0.1167263,-0.4551326,0.08250187,-0.02678878,0.1885963,-0.08275742,0.02694765,-0.0300156,0.2281121
-0.3360522,-0.05990546,-0.01155161,0.04772801,0.1392996,-0.00248455,-0.02423315,-0.02496589,0.4680674,0.1725577,-0.05110354,0.04078399,-0.4566737,-0.02705265,-0.09313601,0.01803796,-0.06898415,0.162157,-0.04829553,-0.461552,-0.4424889,0.003610302,-0.3169683,-0.338365,-0.2943051,0.04202372,0.1824713,-0.192,0.1892741,-0.493392
-0.09901149,-0.1556527,-0.3782096,0.6590934,-0.2448532,-0.1998978,0.1366346,-0.02468652,-0.190537,0.06893128,0.2699284,0.5303994,-0.4402512,-0.3029616,0.2456844,-0.07497574,0.2038195,-0.01886967,-0.2392316,0.1578571,0.2572088,0.6340619,0.3399018,0.1903073,0.07880069,0.1104339,0.1838302,-0.1162266,0.5601048,0.1610998
;
