0.4087485
0.3609059
0.4143177
0.4158506
0.0003187459
-0.05388135
2.549672
-0.3067983
0.2064427
-0.01738651
;
-0.181378,0.07468555,0.04806147,0.1603414,0.3991525,0.1301881,0.07114431,-0.01668482,-0.2433183,-0.1530635
-0.7434881,-0.1411151,-0.0554052,-0.04414903,0.01548748,-0.2566353,0.1077172,0.2447206,0.02169815,-0.098185
-0.122557,0.02254124,0.119251,-0.2378108,-0.02828584,-0.01785147,-0.09001905,-0.09297256,0.3860468,-0.08729106
0.354777,-1.822181,0.165071,0.00063095,0.06353294,0.1099964,0.3594069,0.2283633,-9.251427E-05,0.1120599
-0.4606981,-0.1753417,-0.09883958,0.1046777,0.01860446,0.03140265,-0.501211,0.03942481,0.5009984,0.1526996
-0.3455334,0.1036028,0.4228631,0.02742259,0.1987338,0.4421697,-0.2378806,0.08753095,-0.03238622,-0.1466559
0.2652157,0.2288501,-0.009692817,0.003876265,1.106494,0.3018901,1.132969,0.6313182,-0.4906608,-0.1952885
-0.4876025,0.1451582,0.1090418,-0.5824124,0.3236339,-0.3097904,0.007525499,-0.6331908,0.0007353961,0.08239633
0.07660276,0.1873717,0.1119744,-0.226826,-0.07381304,-0.009921014,0.1387677,0.4544379,-0.1525438,0.3427427
4.334792E-06,-0.002407297,-0.01384164,-0.3867167,0.1073946,0.03235464,0.4079684,-0.4398789,0.8102776,0.0185752
;
0.04084672,-0.4469007,-0.187342,-0.1212388,-0.00569122,0.2609926,-0.08738726,0.4470698,-0.2686734,0.01985263
-8.402469E-08,0.5248642,0.2481433,0.2776681,0.09173452,-0.41145,-0.01958235,0.04079677,0.4958378,-0.0002923174
;
0.06914932
0.172238
0.3694212
-0.1212904
0.08006117
-0.1687305
0.253162
-0.1498492
-0.1080251
0.1342824
;
0.6804593,-0.2525983,0.02783956,0.4318391,0.04895818,-0.09588564,-0.03695017,0.5558621,0.001970517,0.2049079
0.4197215,-0.2906931,0.232809,-0.09309334,0.09380239,0.06540442,-0.07902685,-0.06300895,-0.1831787,0.05320472
-0.06517829,0.1542893,0.3312198,-0.002718013,0.3371066,-0.174616,-0.3646878,0.125383,0.02972022,0.3991033
-0.07014958,0.1281736,0.4125317,0.0371291,-0.09204188,0.07175552,-0.0483084,0.05683452,0.03255111,0.02286102
0.1686793,-0.06865114,-0.05880457,0.3583008,0.246228,-0.08038902,-0.2944535,0.01797344,-0.06697318,-0.2157627
-0.1298087,-0.3468961,0.002500745,-0.04489976,0.2029061,0.2675005,-0.0001583909,0.00993802,-0.02939376,0.0199809
0.1097776,-0.1056706,-0.0524881,0.0002789774,-4.142549,-0.1081172,-0.1356801,0.06362003,-0.2179384,0.3157659
0.5107852,-0.03053099,-0.4492033,0.003511432,0.199419,-0.0289249,0.4896537,-0.1057707,-0.2487881,0.2691955
-0.07578665,-0.5555601,0.212918,-0.174002,-0.03338405,-0.0001779785,-0.03320808,0.3658813,2.994633,0.09698561
-1.281816,-0.3022432,0.3053302,-0.01487032,0.2974155,-0.1501879,0.4580746,-0.02967914,-0.1194085,0.1918564
;
-0.8732027,-0.5011718,0.06082094,0.1300481,-0.811121,-0.6142468,-0.8923954,-0.002516203,0.01065502,0.05383044
0.2028027,0.1194382,0.01066558,-0.135709,0.1342872,-0.03968495,0.2414061,-0.348718,0.1822531,0.2113829
-0.3646537,-0.4865752,-0.5880705,0.003163746,0.6809454,-0.1941412,0.1390253,0.1545964,0.2407657,-0.01438816
;
0.02152954
0.00562809
-0.6754329
-0.1382387
1.275989E-07
0.06545249
0.05936732
0.4282086
0.0152092
-0.09774406
-0.4444906
0.3311276
0.05944819
0.4638101
-0.3033283
0.0004042154
-0.08965169
0.04158192
0.03809589
-0.1031308
-0.6497183
-0.01638994
0.389487
0.003605185
-0.1876711
0.2619216
0.04191362
-0.6511185
0.4621205
0.1654191
;
-0.4788762,0.4048935,-0.274158,-0.407766,0.2058647,-0.8532118,-0.8154619,0.2340358,0.08665636,-0.08921669,0.2772249,-0.01186253,0.4577365,0.4865183,-0.7514634,0.09616187,0.1325971,0.439761,0.139972,0.6195111,-0.1608829,-0.329437,-0.4887075,-0.04256481,0.004050145,-0.03082383,-0.3057622,-0.4961346,-0.3854644,-0.02781807
-0.2275795,0.03178964,-0.142037,-0.07935029,-0.7870781,0.0823558,-0.0667918,-0.06606288,-0.747394,0.09213126,0.5540295,0.2220928,0.1841065,-0.4025835,-0.0510555,0.4731134,-0.05120773,0.2113572,0.01852149,-0.4247127,-0.07815307,0.04352401,1.245169,0.0008683528,-0.588963,0.2733886,-0.4480951,-0.01270329,0.3782987,0.08941537
0.05546445,-0.4421143,0.2106277,0.318807,0.2321447,1.319041,-0.2514286,-0.3843354,-0.6940023,-0.4422467,-0.0666825,-0.4914098,0.03590424,0.7156314,0.4303532,0.006414899,-0.2482236,0.218143,-0.1176897,0.403571,0.111637,-0.009503586,0.4643024,-0.004484535,0.4504781,-0.09855828,0.1203098,0.6317312,0.01267668,0.04233819
-0.08300691,-0.1608037,-0.08259584,-0.02501969,0.1231005,0.02707755,-0.1608305,0.6194378,-0.5428898,-0.3511818,-0.06790042,0.3382421,0.4019341,0.03685268,0.3613623,0.0604081,-0.4890766,0.07855768,-0.6962629,-0.01042409,-0.4838789,0.0170473,0.3605931,-0.4672024,-0.04776925,0.06071315,-0.8109409,-0.6488572,0.2618002,-2.257975
0.4160509,0.4775982,0.2599758,-0.2698828,0.2231031,0.02737099,-0.2962259,-0.07313114,-0.1113093,0.4962277,0.1010217,0.1643632,0.2011179,0.002477894,-0.2051951,0.3579506,-0.002094525,-0.1520284,-0.311296,0.5123609,-0.07822317,0.5300936,0.1560711,0.01634463,-0.3146313,-0.1942919,0.1447707,-0.001806453,-0.07586592,-0.3818867
0.9537184,-0.2309482,0.06763786,-0.02961085,0.1013484,0.4187692,0.1344896,-0.07404181,-0.1607632,0.04196853,0.0916627,-0.3714251,0.05373279,0.08392826,-0.308476,-0.3725317,-0.06696994,0.1587009,0.4440656,-0.5481437,-0.005804099,0.1290973,-0.2662199,-0.2645285,0.2684696,-0.3715901,-0.1613398,0.01844089,0.08458209,-0.4920948
0.1553776,0.005753544,0.002533863,-0.06903955,0.1618169,-0.02838411,-0.4521538,1.250721,-0.01236063,-0.3287421,-0.0207203,0.03342821,-0.1192918,-0.4488941,0.01713617,-0.1284841,0.0027316,3.710448,0.1724197,-0.3782479,0.4023012,0.4823998,-0.01476181,-0.223679,0.1749195,-0.7503042,-0.6952644,0.0617276,0.002914869,-0.1959312
-0.01408216,-0.01486265,0.5106946,-0.1215991,0.4252586,-0.1742936,0.04166296,-0.003339469,0.3664528,-0.4845145,0.155321,0.4056592,-0.3127812,-0.009628211,0.001572836,0.1874235,0.3303105,-0.0483472,-0.04734137,-0.7415299,-0.9884738,-0.3566597,0.1954958,-0.3093361,-0.006108519,-0.7730536,-0.2796721,0.2729887,-0.1813511,0.02190774
0.004490416,0.3522294,0.5494891,-0.1401172,0.08561748,0.4980198,0.06822413,-0.08517825,0.03924227,0.003221929,-0.4098473,-0.02127665,1.469448,0.03394632,0.1034915,-0.00354907,0.009755744,0.2018761,0.06000262,-0.09384911,0.1162201,-0.1213086,0.04241163,-0.03281793,-0.4420512,0.08552872,-0.1050283,-0.4899998,0.0361206,0.4266787
0.2315246,0.1398933,0.03580555,-0.02616511,-0.05712372,-0.8293315,-0.3469009,-0.08874722,-0.2695433,-0.1508639,0.03496021,0.1445846,0.1733303,-0.3228173,-0.3835992,0.278143,0.08127323,0.7352623,-0.5262347,0.1400035,-0.1589537,-0.1396349,0.1519387,-0.004510493,0.1212575,0.4030201,-0.7502047,-0.004045338,0.0008018212,-0.2188619
0.01339212,-0.003061798,-0.0821446,-0.4266845,0.7855335,-0.00140866,0.002646986,-0.2954525,0.1512419,0.4240665,-0.4205048,-0.5988314,0.06465404,0.2037746,0.06005234,0.4716794,0.003172457,0.1572178,0.3806581,-0.5043832,-0.2075913,0.4790468,5.162526E-06,0.000464778,0.1852559,0.01066706,-0.1200355,0.03229425,-0.1828555,-0.3914884
0.2929151,-0.3496362,-0.3562479,0.4327596,0.1455011,-0.3032079,0.004558771,-0.009253959,0.4285773,0.0546867,0.2971822,0.1618181,-0.008462936,0.2876655,-0.2774376,-0.03085956,-0.7758664,0.1821593,0.05225671,0.352031,0.2993435,-0.01180023,-0.06555286,-0.4345846,0.8286102,-0.3958447,0.1243229,-0.137148,-0.04513814,0.4913549
0.07052022,-0.327622,0.3765244,-0.3499916,0.3956302,0.2477893,0.09928343,-0.06330221,0.1805335,-0.4640261,-0.0431899,0.1957112,-0.3970234,0.2998955,-0.1748309,0.4949043,0.3711454,-0.1523183,-0.1855311,-0.6245106,-0.381757,-0.2948016,-0.4330233,-0.09386355,0.08884376,0.001962855,-0.1921381,-0.08089761,-0.5031141,-0.3906015
-0.3511418,0.0928096,-0.3370694,0.1113935,-0.4625792,-0.001804175,-3.811183E-06,-0.1879553,0.1547103,-0.06561465,-0.09320676,-0.6868353,0.138616,-0.1296295,0.3991081,0.03442035,-0.2523342,0.02283679,1.02901,-0.5139364,-0.5073115,-3.57799,0.2526214,-0.003009981,-0.4271814,-0.04885299,-0.2166394,0.4956194,0.00390398,0.01217955
0.8197705,1.122767,-0.2680479,1.547622,-0.1641791,-0.2553241,-0.01596567,0.06887937,-0.01796751,0.1168463,0.02681108,0.4606934,0.2306932,-0.03419738,0.02744641,-0.06165321,0.2003865,-0.2928095,0.2735977,0.001190734,-0.06344986,-0.2472844,-0.0253568,-0.4749837,-0.02918263,-0.1236344,-0.2900189,0.2441174,-0.4686007,-0.01393883
0.0002079583,-0.2930652,0.0005575129,-0.03887129,0.06367916,-0.001863458,0.1153378,0.6994775,-0.04582132,0.06897064,-0.2931424,0.2490619,0.380427,-0.3830459,0.224958,-0.02874143,0.1400517,0.004628503,0.1170699,-0.04078621,0.4696877,0.08351965,0.2094216,0.1107543,0.01724713,0.02213168,-0.3475137,-0.05089172,-0.09550351,0.04976919
0.2325498,0.002940595,-0.02167197,0.3532211,0.1045702,-0.401298,-0.3017539,0.4942355,-0.6807354,-0.02423609,0.1243142,-0.1577541,-0.5348186,0.1270017,-0.3299962,-0.000675977,0.2302112,-0.1142865,-0.2233379,-3.026887,0.04155976,-0.3407188,-0.2055582,0.3980987,-0.2833087,0.07748716,-0.0004955628,-0.1559686,0.1456586,0.07656819
-0.0876185,-0.608949,0.1006047,-0.009666901,-0.1861902,-0.05378991,-0.005561966,-0.1585084,-0.02325005,-0.4148815,0.4348502,0.006480912,-0.1899775,0.01788423,-0.1323844,-0.03595048,-0.1061526,0.2648146,0.3136639,0.009182437,0.9364457,0.04880495,-0.2088537,-0.332846,-0.3930891,1.707667,0.4039142,-0.2418554,0.07358962,0.4779331
-0.3478136,0.02476709,0.03932348,-0.001876027,0.2896689,0.1912473,0.08370662,-0.001787696,-0.1614471,0.4817452,-0.282389,0.03027923,-0.02472409,-0.07368293,0.3599457,0.2975065,0.06304651,-0.1255246,0.04000378,-0.7173773,0.2689451,0.255989,0.3226905,0.3183881,0.01915128,-0.1630971,0.07174975,-0.3581165,-0.3899107,-0.0485059
0.2239418,1.079962,0.3665797,-0.0009580869,-0.09963455,-0.2737818,0.4311856,-0.08031301,-0.2057451,-0.3003584,0.3813511,-0.3864177,0.317621,0.06085531,0.4564359,-0.052359,-0.05296554,0.09043317,-8.386696E-07,0.01339924,0.01173266,-0.8346767,-0.0004981356,0.08531029,-0.0006418661,-0.2945917,-0.4092065,-0.3265181,-0.1287617,0.2037158
0.3101512,0.2355506,-0.2608648,0.00831061,-0.7794793,-0.2223694,0.0936133,-0.4474033,-0.08747599,0.09539723,0.3236418,-0.2869818,-0.106859,-0.3092066,0.06365424,-0.03265742,0.012115,0.1179408,0.003901417,-0.09460512,-0.05760582,-0.177516,-0.4292127,0.3203973,-0.4433244,0.1856105,0.06477513,0.4937749,0.005247804,-0.1865962
-0.7145731,-0.2970328,-0.03547472,0.02094704,-0.4913421,0.1195017,-0.3136191,5.45275E-05,-0.293142,-0.3878721,0.01058716,0.2521707,0.220787,-0.2518292,0.3335303,-0.233785,0.318547,-0.2963324,-0.008937413,-0.1658579,-0.4781102,3.353771E-05,-0.3845718,-0.3812553,0.4283375,3.940082,0.01497208,-0.3382701,0.02898763,-0.2154448
0.3822268,0.3273159,-0.3797656,-0.02714013,0.06555185,-0.01444368,-0.01378269,-0.08083826,0.5465552,0.01866385,-0.3457161,-0.4354317,0.4772288,0.4828775,0.6684487,-0.2256099,0.142033,0.3941792,-0.1496168,-0.03232898,0.03433707,0.5590072,-0.0002416477,0.09808166,0.2046743,-0.477073,0.05876565,-0.002490809,-0.07061365,-0.1521304
-0.003414112,-0.00479233,-0.002123537,0.2403695,-0.1051858,0.5090394,0.03227861,0.1396209,0.2379772,0.3126608,-0.330386,-0.38984,-0.1725002,-2.159769,-0.1251717,-0.02311772,0.1640704,-0.211188,-0.1270289,-0.3262228,-0.07916807,0.2790462,0.09261372,-0.4645412,-0.07064094,-0.03356806,-0.6904732,-0.0004088312,0.09764822,-0.01983369
0.009571027,0.04273461,-0.387279,0.3485717,-0.001478217,0.3975608,-0.4829179,-0.1195585,-0.04222013,-1.550645,0.09024953,0.07787063,-0.1083321,0.2698395,-0.1463453,0.03486096,-0.04463261,-0.02088554,-0.1293577,0.1492619,-0.08522328,0.4628531,0.4654626,0.1547094,0.2589431,0.1817168,-0.1367369,0.330711,0.06285661,-0.02407891
-0.09713269,0.4260079,-0.1123851,0.08481318,-0.1193816,-0.0003801351,-0.01816875,0.8036113,0.4350753,0.2831212,0.1860167,0.4033704,-0.2910903,0.2925322,-0.001526652,-0.5374273,-0.2021428,-0.2224733,0.7727578,0.05252878,-0.4521532,0.008607635,-0.08074039,-0.4977542,-0.08737689,-0.3433812,0.1075432,-0.2420227,-0.5817572,0.1213468
-0.8824847,0.08424743,-0.02525705,-0.0002521391,0.0284494,0.4899669,-0.5652333,-0.112229,0.01202422,-0.1726505,-0.03440836,-0.01116891,-0.1075168,0.0001543875,-0.01856044,-0.0002186114,-0.7055262,-0.3775334,-0.2036232,0.03611594,0.3047673,0.1417576,-0.3616163,-0.2017763,-0.1726728,-0.06034571,0.3516032,0.03949672,0.08396441,-0.03759772
0.1917744,-0.6699264,0.07141147,-1.211364,-0.3077188,-0.003564994,-0.1733988,-0.2623245,0.0289359,-0.3284642,-0.1737244,-0.01187601,0.06898408,0.7080048,-2.560131E-06,0.09593855,0.126892,0.04618193,-0.4721566,0.6955062,0.1155458,-0.2382497,-0.1930526,0.1587052,0.2895193,0.05962252,0.798431,0.04369544,0.001783507,-0.05622833
2.535553E-05,-0.05942513,0.1772575,0.3820233,-0.1311224,0.1540985,-0.2794399,0.2994435,0.2130604,-0.004650056,-0.2391702,-0.418745,0.3673751,0.190873,-0.7970531,1.18943,-0.2059197,0.0434262,0.03911322,0.08641547,0.2213881,0.3845463,0.1540018,-0.3472754,-0.001366455,-0.07071811,0.05708999,-0.1647539,0.2586675,-0.4116194
0.04719001,-0.08432513,0.1099007,-1.212014,0.1033414,0.08404326,0.03375477,-0.008752593,-0.01483621,0.1011692,-0.3271805,0.1889417,-1.022825,-0.6918036,-0.4217327,-0.146465,0.001185241,0.002784434,0.496042,-0.1022167,0.3937635,0.02287868,-0.2301394,-0.2013002,-0.4870768,0.007450932,0.005198799,0.035918,-0.7095847,-0.3398532
;
0.01286608,-0.3612151,-0.1280576,0.319443,-0.01299364,-0.9794108,0.2123031,-0.1908355,-0.2326096,-0.02017361,0.1489858,0.2892005,0.2092731,0.004177205,-0.4582762,0.2751099,-0.2716483,0.117266,-0.009373367,0.134824,0.3278147,-0.4798561,0.01882156,0.1918632,0.02609335,0.01046816,0.2041503,-0.01886932,-0.01058211,0.01049505
0.4834037,-0.01619898,-0.07538635,-0.02013737,0.009856322,-1.016136,0.3589677,0.1483644,0.468116,-0.09575421,-0.2633474,-0.4091054,0.2359068,0.1183381,0.1374135,0.3090451,-0.3630214,0.0834232,0.02978212,-0.2254722,0.3540236,-0.4917394,-0.03412873,-0.1040038,0.3833495,-0.2796264,0.09728674,-0.3361341,-0.02374619,0.3069344
-0.1403529,0.03316415,0.4494201,0.08302545,0.8579845,-0.4186171,0.2524774,0.02919978,1.097512,0.04980839,0.4215052,-0.1965249,0.6897165,-1.895831E-05,-0.2169321,-0.4453274,-0.9790735,0.1703974,-0.00965327,-0.2391494,-0.9398435,-0.1368071,0.05594391,-0.08099508,-0.6217546,0.03147775,0.05425987,0.3747224,2.228143,0.3126587
;
