-0.2408318
-0.08979429
-0.5112983
-0.3710136
0.0005453064
-0.0155168
-0.7021693
0.1881867
-0.7309061
0.6487693
;
0.4625815,0.13221,0.04806147,0.4970431,-0.4740019,-0.03661149,-0.3400512,0.004438106,0.07586371,0.4330195
0.7434881,0.3736223,-0.7117726,-0.02268749,-0.1479442,-0.2549947,0.1710744,0.4353135,0.1051283,-0.4768488
-0.4164208,0.2776259,0.2600814,-0.3617399,0.1860037,-0.02452136,2.304337E-07,-0.12871,-0.1182581,0.007275045
0.1040333,0.5414082,0.2418473,0.1135084,-0.2194382,-0.2869512,4.303125E-05,-0.003970248,0.328025,0.07552739
0.3649136,0.1537587,-0.8657816,-0.165204,-0.1680444,-0.2608109,-0.1801592,-0.3440689,-0.01637172,0.01536769
0.002577687,0.4977819,0.2236087,0.01468203,-0.001268822,0.04472338,-0.02019929,0.1316085,-0.0331822,-0.359622
-0.8575122,-0.2928975,0.009692817,-2.416561,-0.3028327,-0.1589925,0.5245151,0.8923861,0.3789399,-0.3504215
-0.0004767883,0.4519219,-0.306375,0.2795048,-0.2366646,0.06084722,-0.1099159,-0.2248292,0.5531536,0.06878692
-0.1463458,0.3832645,0.01062979,-0.2074404,-0.3027557,0.01082339,-1.710713,0.01229566,-0.2908482,-0.05037838
0.001095396,0.258946,0.02326404,-0.05842592,0.263835,0.1403269,-0.2363376,0.1454957,-0.05783552,-0.2334682
;
-3.733014E-05,0.0820936,0.04175944,-0.1089664,0.004309737,-0.2174204,0.1713762,-0.2461465,0.3057048,0.005125575
-1.29915E-08,0.2530304,0.3385642,-0.3151672,-0.1990273,0.1578187,-0.01342748,0.06438568,0.5378212,-0.0002676417
;
-0.004746642
0.4592437
0.04670446
-0.1243171
-0.0111303
0.009522578
-0.02641453
-0.4475129
0.1140881
0.3820142
;
-0.1615959,-0.1127356,0.3233067,-0.2918339,-0.03641058,-0.02744102,0.575743,-0.01425821,-0.02017474,0.1184297
0.128494,0.1753149,-0.003812023,0.2938898,-0.2092325,0.04671734,0.09844164,-0.09919881,-0.3768524,-0.1303636
-0.004329026,-0.482153,0.09001531,0.2857924,0.03355734,0.1553854,-0.4201086,-0.04668118,-0.3764749,-0.6165453
-0.1945162,0.3223557,0.3525424,-0.07062993,-0.1441421,0.4463452,-0.3931622,0.0004583736,0.1125593,-0.1728475
-0.1763169,0.8674546,-1.888703,0.07647873,-0.09315009,-0.4025357,-0.4628775,-0.02729832,-0.2250391,0.260105
0.7053711,-0.2574131,-0.0008177952,-0.01859635,-0.06718906,-0.08527952,-0.2128426,-0.04918238,0.1414093,0.3764735
0.2829874,-0.1056668,-0.006810068,0.0004598796,-0.09344288,-0.6015863,0.0001113635,0.248089,0.5738057,-0.2128237
0.4791969,-0.05425256,0.8745483,0.4727663,-0.06908125,0.3615211,0.03936129,0.01736968,0.005599754,0.005086449
0.0007397434,-0.5249029,-0.34368,-0.02054967,0.3947138,0.08201367,-0.4837914,0.307732,-0.4266168,0.07791811
0.5292439,-0.5850159,0.2676994,0.08481986,-0.4760153,0.0004902094,-0.1533789,-0.1355034,0.2206439,-0.2414375
;
-0.6511506,-0.2117175,-0.007632053,0.1504426,-0.2867708,0.2364585,0.09359884,-0.007183027,-0.01711606,0.01927138
0.3759274,0.3421043,-0.05020124,0.217819,-0.09616047,-0.2759027,-0.01146991,-0.3313207,0.2913741,-0.6491631
-0.5008272,0.01694575,-0.3376844,0.1323339,0.3026158,0.0563857,0.09302308,0.1464283,-0.08813936,0.4848844
;
-0.1662133
-0.4027538
-0.0382596
3.0747
-0.0009205361
-0.1430978
0.03591878
-0.07528169
0.08683211
0.02192997
0.0432209
0.8577624
-0.1856456
-0.1455924
0.004962486
-0.1434005
-0.2959981
0.2170583
0.2375761
-0.459174
0.4213151
-0.001462506
0.2049646
-0.06528685
-0.2633009
-0.080355
-0.2818252
-0.3858861
0.02345708
-0.1533851
;
0.2530203,0.3216567,0.4003092,-0.3740331,-0.1461743,0.005145347,0.013194,-0.4087123,-0.3721404,-0.09618035,0.4076753,-0.9678743,0.2623382,0.09653941,0.2769978,0.5352606,0.0002293412,-0.08536095,-0.8412463,0.7318467,0.3403878,0.4580331,-0.01944331,-0.01765472,-0.2902696,-0.2994443,-0.09020821,0.502932,-0.1784078,-0.1939778
-0.05723531,-0.2790789,-0.2598679,-0.1035466,-0.2194034,0.07898813,-0.0008182158,0.3147213,0.2750272,-0.1917592,-0.281877,0.2866402,0.03540206,-0.008346969,0.2700052,-0.3072755,0.06713063,0.4084684,-0.7478377,-0.1522793,-0.7008451,0.2134576,-0.3154539,0.4544335,0.3406554,-0.0321944,-0.4183125,0.09560039,0.7019736,0.7614322
0.009806988,0.355579,-0.001560468,0.2253231,-0.02086488,-0.02646738,0.375105,0.1266129,0.1585104,-0.05756799,0.1073979,-0.09431589,0.2006648,0.0282362,0.1503631,-0.7149745,0.2501018,0.01904522,0.4873492,0.1139734,-0.00309551,-0.3671266,0.2455982,-0.2004984,-0.3215711,-0.4911373,-0.1785148,-0.0864393,-0.06424487,0.1062619
-0.1436579,-0.1324852,-0.2144565,0.221105,0.6985143,-0.06702197,0.04890496,-0.2421668,-0.3351063,0.2871792,0.3745476,-0.04760975,-0.328664,0.01542991,0.4002423,0.4978005,-0.3886468,-0.348217,0.0656644,0.04505209,0.3134027,0.3312312,0.3729406,0.3675213,0.03268392,0.6955438,0.1070455,-0.3447273,-0.03198455,-0.09117625
-0.018563,1.446369E-06,0.1897999,-0.01084092,-0.03444887,0.5786768,0.2795862,-0.3458425,0.6748556,0.03704461,-0.1404591,-0.4916847,-0.665001,-0.08638719,-0.0007444973,-0.0001260675,0.0292521,-0.01749578,-0.1776394,4.501741E-05,0.252281,-0.03969492,-0.446861,0.03651822,0.210879,-0.1129212,0.5916301,-0.3506416,0.195624,0.2824091
-0.3143557,0.3137934,0.1054071,-0.0003717854,0.48045,-0.01508913,0.370442,-0.0682459,0.01778204,-0.2307124,-0.05447588,-0.3945749,-0.09265257,0.01708362,-0.02090807,0.1359286,1.312028,-0.01242089,0.0176448,0.02102167,-0.7417851,-0.2371305,-0.03372829,-0.2623736,-0.4394063,0.5589331,0.0171277,-0.4187895,0.3492565,-0.07527603
0.2739099,0.08555207,-0.0262866,0.6443178,-0.004873148,0.8106167,0.2188391,0.3721582,0.7177162,0.1523112,0.3159254,0.3016712,0.1377716,-0.05590902,-0.1082554,0.0938459,-0.119552,-0.2207957,0.03216315,0.5403438,0.8182181,-0.5912278,-0.1521958,0.001393259,-0.1116613,-0.3426487,0.02017435,0.2486748,-0.4823745,0.8333277
-0.42279,0.3981901,-0.003513613,-0.728958,0.07944081,-0.3798949,1.136522,0.4793483,-0.05342383,0.4143107,-0.342347,0.05588264,-0.04339663,0.07815903,0.1435688,-1.388582,0.2415134,0.0008928695,0.3321469,0.2986702,0.2382444,-0.0992239,0.1008705,-0.04723389,0.03968589,-0.1639034,-0.01737347,-0.02092272,0.3771181,-0.2292481
0.06746274,0.007514823,-0.1913717,0.0413212,0.0006488381,-0.0393773,-0.002140939,0.2891886,0.4609867,0.1697267,-0.01922846,-1.005158,0.04906435,0.1283496,-0.04066736,-0.0886547,-0.08886212,0.2694443,0.1059049,0.07331473,0.0007803247,-0.06297459,0.03161784,0.02697103,0.0002071748,0.3925218,-0.03205787,0.001246649,-0.05713244,-0.4230243
0.6263444,0.4716387,0.202031,-0.2679392,-0.01127004,-0.09915096,-0.8402081,0.2605292,0.3987097,-0.00678604,-0.3704096,-0.006993267,-0.3395689,0.05266025,0.04636651,-0.3940132,0.4620675,0.2421814,-0.004559183,0.0003868249,-0.4809773,-0.2907878,0.4516547,-0.006361672,-0.1668038,-0.2712241,-0.1971301,-0.1982254,0.1257325,-0.2544753
0.3756222,-0.2822151,0.02085469,0.08586138,0.05638486,0.1404107,-0.5690126,0.7931058,0.01994253,-0.2013128,-0.3796973,-0.2590664,-0.009564131,-0.4730097,0.09582798,0.006011474,-0.07259578,0.02632278,-0.1368361,-0.002299312,-0.1097572,0.4030719,0.02572254,0.2291296,0.44705,-0.0003444292,0.03579411,-0.0001902203,-0.1411161,-0.3997754
0.1068015,-0.1903982,0.006896075,-0.3182249,-0.3845147,0.02474244,0.1290051,0.002054219,-0.3146764,-0.1064268,0.001145384,0.4055628,0.04334718,0.2146852,0.2335979,-0.02012077,0.07552999,-0.2830672,0.08706576,-0.02540654,0.1069484,0.3097341,-0.03795361,0.3682862,-0.444129,-0.6619701,0.01982266,-0.03457014,-0.138518,-0.1345183
-0.4369396,0.4586565,-0.1469157,0.4563334,-0.05600053,0.02936935,-0.001664692,0.2653685,0.1782292,0.4373522,-0.2341419,-0.1465354,0.1679983,0.0001402883,0.02055777,0.1646056,-0.1010924,-0.2282554,0.006468655,-0.7815997,-0.2366708,0.2731402,-0.0159656,-0.003288228,0.002713029,-0.01010735,-0.00352932,-0.5456008,-1.110244,-0.2539894
-0.5554805,-0.01343978,0.0410921,0.07231194,-0.9022584,-0.3436926,0.06652568,0.05169602,0.2505518,-1.345774,-0.003392975,0.116416,0.3762237,-0.06502796,0.1291674,0.4460909,0.4310147,0.1362917,-2.185556,0.2853218,-0.1827707,-0.008583941,0.1190813,-0.08121439,-0.298087,0.5404921,0.04151411,0.123388,-0.1470767,0.04394151
0.2087629,-0.11225,0.2322624,-0.1288488,-0.3184781,0.109331,-0.4441967,-0.06693591,0.3956869,0.2959912,-0.06107217,-0.6516375,-0.2766745,0.2232168,0.2104252,-0.4012867,-0.0001597122,-0.58429,-0.1779957,-0.4690259,0.2769953,0.2478891,0.3549697,0.08079477,-0.030003,0.3565569,0.01281568,-0.3028816,0.1283845,0.3556249
0.258057,-0.4201733,-0.1446208,-0.4394225,0.445763,0.3302952,-0.01455897,0.4263224,-0.006744592,0.04738398,0.3428843,0.3918097,0.06504388,-1.35723E-05,0.03915036,0.0009411492,0.05270155,-0.1499627,-0.04219544,-0.1304101,-0.4970241,-0.1128944,0.03128418,-0.08287829,0.2252044,-0.01914591,-0.2738203,0.003454891,0.982273,-0.1889611
0.2004344,-0.01513046,-0.4428733,-0.3618686,-0.2505856,0.2415884,-0.005212554,0.4602465,-0.2033779,0.002484869,-0.3080465,0.001324076,-0.0002735385,0.2298087,0.2587396,-0.0008356148,0.2393601,-0.004170813,-0.1058435,-0.002416704,0.573845,0.035436,-0.001875406,-0.414902,-0.04206806,-0.1103068,-0.2494023,-0.09248158,-0.3071805,0.03718394
-0.08055728,0.002705215,0.8703319,-0.001853994,-0.1728457,-0.176618,-0.0001241666,-0.08904236,-0.2001368,0.03196796,-0.2068823,-0.0740611,0.4165882,-0.06091573,0.0102376,-0.04448551,-0.04224206,-0.3707817,-0.05512077,0.6219772,0.2054394,0.4442667,-0.4095402,-0.05846076,-0.3086831,0.6376247,0.04525977,-0.02690091,0.1435542,0.2538417
0.2142451,0.007093845,-0.0001218031,0.4593219,0.4443048,-0.1046323,-0.05049769,-0.2953403,-0.3576158,-0.0397806,-0.2298518,0.1030294,0.01346315,-0.06890331,0.1094569,-1.070046,0.005619697,0.03747922,0.3789241,0.1580772,0.06715599,0.3054845,0.2556391,-0.00247773,-0.2723329,0.4688234,0.05074085,-0.4322959,0.01763372,0.0006443994
-0.2672324,-0.2852829,0.1106905,0.3963694,0.2077339,0.4403833,0.3883491,-0.21584,-0.0855397,0.414427,-0.09974277,0.3623716,0.3291955,0.363133,0.002069275,-0.440993,-0.3179561,-0.3491368,-0.1037915,0.384452,-0.3641148,1.39586,0.2813142,0.01018639,-0.3920294,-0.0631806,0.3337918,-0.1548241,-0.7192596,0.2047914
0.3233376,-0.5763736,0.4402783,0.0001537783,0.0006858962,-0.8116214,-0.6419652,-0.05278784,-0.01657933,0.1442431,-0.002439543,-0.1108123,0.1868784,-0.009157388,0.5412354,-0.06268033,-0.3120545,0.4194036,0.051292,0.08605327,0.1102712,0.231919,-0.006592955,-0.05534585,-0.1285334,-0.3628285,-0.1066648,-0.4209495,-0.3406308,0.2822468
0.1770891,-0.02216988,-0.5008667,0.4061841,-0.418285,-0.4604878,-0.1767408,-0.3186611,0.00476085,-0.1430485,0.2988607,-0.01067611,0.1208107,0.03659075,-0.689673,0.4992102,-0.4151272,0.2169722,-0.6038859,0.03659356,-0.01445876,-0.03472475,0.002682982,0.2702744,-0.4187236,-0.8461554,-0.3762293,0.006294892,0.1593212,0.008230995
-0.01578862,-0.4132289,0.204485,-3.12468E-05,0.06768961,0.003170978,0.9065781,0.3952372,-0.4605819,-0.223721,0.07204074,0.6611396,0.1842377,-0.03930992,-0.6626344,0.3306609,0.3491704,0.28864,-0.05965394,0.09451994,-0.3375066,-0.0005278278,0.1196944,-0.1591982,-0.08178112,-0.482916,-0.2458347,0.6150488,0.0889209,0.003131831
1.711375,-0.3338352,-0.004273101,-0.138275,0.00453337,-0.1764534,0.0038047,-0.3836409,-0.4387882,-0.0158183,-0.3078062,-0.455858,-0.0003811815,-0.3282796,-0.1682871,0.08675835,-0.1993645,-0.01233453,-0.2437046,-0.2152714,1.422123,-0.05215405,-0.352746,-0.304026,0.1868832,0.3251151,0.5781649,-0.4963312,-0.06177318,0.08174301
0.09763816,-0.00954771,0.4467679,-0.01456469,0.4192913,0.03979511,-0.08714825,0.001876288,-0.3435457,0.2058971,0.3935739,0.02314872,-0.1750677,-0.02024625,-0.43524,0.478742,-0.3989499,0.01894136,-0.2263064,-0.2293459,-0.8438312,0.1052077,0.04274029,-0.5245336,-0.211305,2.076136,-0.06970046,-0.3303493,0.3411953,-0.1947286
-0.1318531,0.4689721,-0.1433156,0.2386196,-0.02813701,-0.3872578,0.004782343,0.1077483,-0.2432209,-0.05530138,0.3182051,0.07754558,-0.1428772,0.01134972,0.6179371,-0.08367103,-0.2107166,-0.07251423,-0.01359263,-0.3370829,-0.7908103,-0.1933078,-0.4259429,0.357663,0.4985847,0.111364,-0.4263377,-0.007341632,1.050661E-05,-0.001936555
-0.5179925,-0.02466661,0.008015965,0.03076559,0.01654613,-0.3994727,1.234772,-0.1550026,-0.2446483,-0.0090241,0.1167251,0.2852437,-0.7836682,0.2895396,0.1306238,0.06237491,0.1172679,-0.4350303,0.32991,0.3969285,0.1140185,-0.6324315,0.1073339,0.07825122,0.2758164,-0.001913369,-0.01764411,0.2630098,-0.3818976,0.09938598
-2.169077,-0.1864168,0.4830483,0.02145753,-0.1722331,-0.007634136,0.1961026,-0.8754818,0.2253297,0.004173317,-0.742897,-0.586785,-0.4865283,-0.0006582735,0.2267812,-0.04371171,0.0008478113,-0.1703114,0.8684866,-0.1611879,-0.5145638,0.3930688,0.2381696,0.02145392,-0.0003598425,-0.4768233,-0.4522876,-0.03055149,0.2966603,-0.04711817
-0.3366922,0.4230284,-0.380096,0.1325114,0.465802,0.04081121,0.9627289,0.7322966,0.4723538,-0.2682568,-0.1435024,-0.487237,0.0003165726,0.4397856,-0.6008668,-0.3904328,0.01251441,0.2424737,0.8973097,0.352306,-0.3698949,-0.4658169,-0.003812379,-0.007249412,-0.265693,-0.1749862,0.3643926,-0.0727851,-0.1199664,0.0064684
0.31713,0.255754,0.04384505,0.06467015,-0.007428267,-0.3244712,-0.04349167,-0.1600175,-0.003633995,0.4865129,-0.003610666,-0.03716058,0.01474368,0.04772308,0.005063393,0.004193805,-0.001552725,0.2374148,0.4760417,0.09131096,0.1877558,-0.06773493,0.01933967,0.03664091,-0.398514,0.01389439,0.004766456,0.3066801,-0.1454311,0.09929806
;
0.00666362,0.01826982,0.2460639,-0.2471297,0.02405675,-0.0009129571,-0.2395222,0.006169396,-0.1464953,0.2280462,-0.01151943,-0.4229305,-0.05422324,0.2687557,-0.4114501,0.3866687,0.2435105,2.027614E-05,-0.0007401178,-0.07494687,0.08134617,0.03484533,-0.2297736,1.509224,-0.2007957,0.0008945052,-0.04418711,0.008595197,0.006358564,0.05011531
-0.05375177,0.01789585,0.2182321,-0.3535217,0.06869217,0.02026873,-0.01977418,0.147376,-0.3654981,0.001006881,0.0189715,0.4484895,-6.471787E-05,0.2180236,0.1905481,0.45824,-0.001295063,0.03052926,0.01202482,0.1587836,-0.2896039,0.05976611,0.6694234,0.6469939,0.09631044,0.3553083,0.8622543,-0.001826849,0.2096305,-3.832174E-05
0.4123645,-0.1305458,-0.461965,-0.2736237,0.002240649,-0.0690487,-0.001255739,-0.3944231,-1.589237,-0.527727,0.295359,0.1623047,-0.1142345,0.2280906,0.07491928,-0.1693913,-0.02584543,-0.04120065,0.1497729,0.1166829,-0.004826773,0.598273,-0.01456708,0.2732002,-0.3793341,0.1925794,0.2139885,-0.02728291,0.1306955,0.3670299
;
-0.05352327
0.2871723
0.4391577
0.009905198
-7.600033E-08
0.2730401
-0.07145453
-0.7198682
0.04837445
-0.3507226
0.5587853
-0.006274371
-0.03228483
0.0001417634
0.0720759
-0.001649439
0.094915
-0.1380748
-0.1074573
-0.03806299
-0.4338492
-0.03173766
-0.1814732
0.4256394
0.2387949
-0.0546699
0.5631481
0.1666521
-0.2145246
0.05325645
;
-0.2485951,-0.0009481405,-0.4186364,-0.1559969,1.584201,0.284157,0.005263986,-0.04116558,-0.3314286,0.4166786,0.00962481,0.1801307,-0.5209056,0.1724694,-0.6842524,0.1666968,0.02240856,-0.04533146,0.3824973,0.08810955,0.01497978,-0.06444257,-0.1170307,-0.09287041,0.01080384,-0.07687825,-0.3745726,0.004868029,0.003727003,0.3553352
0.4512394,-0.1259822,0.7182391,0.07877702,0.006175975,0.1579868,-0.1739021,0.02480753,0.1287441,0.1369587,0.1486248,-0.1752152,-0.0577123,0.01771729,-0.2442207,0.03579367,-0.3547707,0.1562709,0.4977114,0.3215306,0.2804229,-0.3570731,0.01366654,-0.08389246,-0.03123765,-0.2087554,-0.1563033,0.06064177,-0.007906496,0.06396974
0.497545,0.418503,0.3586441,0.3252748,-0.007850792,-0.3343804,0.1453636,-0.1242489,-0.02154858,0.04640988,-0.1904729,-0.4925153,0.2157039,0.4086975,0.3085492,0.1673426,0.04227319,0.3167471,0.1736582,0.2431154,0.003588933,-0.1142762,-0.0867182,-0.04052427,0.09867448,0.3842328,0.395485,-0.2511508,-0.3101599,-0.3844457
-0.1419357,-0.2462865,-0.3957117,-0.08291403,0.03663811,-0.4977584,0.860379,2.276438,-0.08382399,0.4665632,-0.1906922,-0.02752944,0.02678024,0.09097904,-0.03703938,-0.06893482,-0.1595095,0.05027546,-0.5690987,-0.2960548,-0.2687857,-0.05776948,0.01941973,0.3756272,-0.0380882,-0.003879506,0.2259665,-0.1994016,-0.4439452,0.2041699
0.008548993,0.1731216,0.02726627,0.0003705523,0.4406472,0.0004073639,-0.05595194,0.03031581,0.0928497,-0.3200156,0.3165051,0.116549,-0.2246987,0.2966949,0.02252931,0.0008932452,0.3168623,0.1260414,0.3918017,-0.09183828,0.05185694,-0.02275908,-0.1770249,-0.03711751,0.4456921,0.2718372,-0.1916476,0.2625081,-0.1186418,-0.002621515
-0.04779568,-0.06141086,-0.1109215,0.1679909,-0.4409355,0.1528684,-0.2746161,0.07346062,0.2096868,-0.2328935,0.4201304,-1.510728,0.04406253,-0.1002485,-0.7188675,0.1374884,-0.48432,0.09167501,0.08750507,7.627765E-05,-0.4559605,0.05369288,-0.2822313,-0.4087644,-0.3083141,-0.1060764,-0.07419366,0.04172736,-0.1250632,-0.04557106
-0.1316817,-0.08905283,-0.06467809,0.01780752,-0.2734714,0.4013941,-0.1988658,-0.001897366,0.1784469,0.2535396,-9.350666E-05,0.4350015,0.1493595,0.1714821,-0.008423205,0.2215051,-0.1731383,-0.4239211,-0.1268069,0.4283351,0.4641643,0.1166014,-0.3490779,-0.09960014,-0.2114127,-0.4755546,-0.02982203,0.0836969,-0.1101285,-0.02916385
0.3593535,-0.07372431,0.4808434,0.4357183,-0.2291424,-0.4338797,0.2349681,-0.2947334,0.4531416,-0.1366945,-0.1198266,0.4833431,0.04403848,-0.007426579,-0.08492047,-0.3350208,0.6487959,-0.04268536,0.01162812,-0.04844727,-0.3698187,-0.2231558,-0.3452085,0.00149836,0.03558476,-0.3726534,-0.01729061,-0.1363984,-0.1052745,-0.06825469
-0.6257632,-0.3197986,0.3494679,-0.7516925,-0.5282786,0.04691412,0.4917125,0.1920542,0.3564335,0.002311765,0.0851317,0.04738589,0.09148551,0.06141946,0.6192023,-0.3797706,0.3818154,-0.03244,0.01291355,0.3662524,-0.282113,0.2222687,0.3479716,-0.099694,-0.1073771,-0.04978266,0.2427711,-0.5612036,0.04177576,-0.4693603
0.3590074,0.01835934,-0.8182961,0.02861114,0.0196544,0.3081697,0.005164003,0.2593461,-1.345058E-05,0.3323429,0.3413165,-0.2106398,-0.001360156,-0.3024468,0.3327828,-0.07237071,0.1211224,-0.08227628,-0.06721526,-0.09897495,-0.2299942,-0.1364442,0.0019483,0.1081833,0.01835376,-0.03176261,-0.01690005,0.2446093,-0.008904563,-0.1830948
-0.02171041,0.07932148,-0.5973156,0.1663784,-0.116936,-0.0243668,-0.002951127,-0.4166663,-0.40764,1.038848,0.4160666,0.4212132,-0.393217,-0.03048423,-0.003205494,-0.1957625,0.05522241,-0.01071456,0.1301311,-0.02131945,-0.1316086,-0.1239616,0.2629091,0.03088732,-0.1463187,-0.4049295,-0.0656888,0.0631941,0.4959015,-0.007471513
0.1053493,0.0005814686,-0.7412128,-0.1943536,0.2515154,-0.04235912,0.01035872,-0.1164083,0.2131747,0.04825898,0.1026262,-0.07491814,-0.0007035988,-0.05550183,0.01248742,-0.1678767,0.363343,0.4346124,0.1989305,-0.2118217,0.05848998,0.5889698,-0.1839706,-0.2767545,0.4460998,0.003594252,0.3559057,0.006928647,-0.03888673,-0.001206046
1.043009,0.3489399,-0.4704483,-0.05090269,-0.2251933,0.4281538,0.1004471,-0.2103056,0.387906,0.09578222,-0.1227071,-0.3368529,0.0001809001,0.05309835,-0.006916462,0.07550114,-0.7083514,0.02140778,0.3346672,-0.002291379,0.0965604,0.06789604,0.4358951,-0.4103703,-0.1733286,-0.0008327995,-0.01067222,-0.2546053,0.08783141,-0.2217773
-0.3109989,0.02834016,-0.01959286,-0.2575991,-0.6940476,0.002219805,0.1688118,0.3097271,0.0009173998,0.9269645,0.01298195,-0.09821745,0.004305184,0.2065735,-0.0001852843,-5.874534E-05,0.1590822,0.1981871,0.08676444,0.4816813,0.2984829,1.458801,-0.2628381,0.1427127,-0.01526573,-0.05958985,-0.05080541,0.6940326,0.1642695,-0.05705159
-0.4414603,-0.4967365,0.09703852,-0.003367353,-0.1108567,0.2045867,0.2850287,-0.1701263,-0.233584,-0.01888192,0.05716816,0.3189059,-0.06979722,0.02755433,0.3856973,0.04520312,-0.002953159,-0.1752097,-0.2194521,0.1890222,-2.682579E-05,-0.06750764,-0.02792931,0.04920099,0.4678564,0.3654795,0.06103013,-0.3380293,-0.6996992,-0.002149848
0.009243169,-0.1803697,0.01546939,0.0974163,0.1406412,-0.3505096,0.0383784,0.3031648,-0.6080214,-0.1132651,-0.3710744,0.4501535,1.477086,0.09469527,-0.1615904,0.1382285,-0.2498212,-0.03338591,0.07808566,-0.08285031,-0.2521399,-0.3668504,0.02693828,0.1233549,0.313878,-0.06782174,-0.4040907,0.2637479,0.22596,-0.04605731
0.6980847,0.1581962,0.01483108,0.2522388,0.1425632,0.01671035,0.08676139,0.02630155,-0.01105186,0.4073403,-0.5551003,0.4897313,8.906211E-06,-0.3293692,-0.3438352,-0.08641837,-0.01067034,0.1474228,-0.3697299,0.4741033,0.832581,0.449856,0.01716461,-0.3103259,-0.0005146366,0.7307824,-0.8239848,0.3180157,0.009782016,-0.2465691
0.04301527,0.1717413,0.4026706,0.001056148,0.04342836,-0.4605776,-0.7787682,-0.009980117,0.01645561,0.385891,-0.03651483,-0.002762669,-0.3067842,-0.002465924,0.1729996,-0.1516039,-1.04391,-0.3457048,-0.3926316,-0.06111209,0.4971878,0.2517757,0.4423214,0.1031769,0.209923,0.07786854,-0.4632653,0.04115938,0.380778,-0.5162405
-0.2041342,0.5398718,-0.2118414,-0.4815384,0.02648996,0.01688156,-0.0240891,-0.06197673,-0.4464048,-0.05830115,0.1792182,0.09816932,0.03608025,0.07164794,-0.01840856,-0.03484458,-0.009071653,0.2721119,0.4127898,0.0953196,0.4195472,0.1916591,0.01079245,-0.0661261,0.04145042,-0.4005972,0.001481222,-0.05422103,-0.3160939,0.05323603
-0.2191431,-0.6729463,0.01185348,-0.4822191,-0.0002728628,0.3692665,-3.433364E-05,-0.7672599,-0.179152,0.08987289,0.02012132,0.1086689,-0.3593487,-0.1863816,1.183974,0.052359,-0.08003347,-0.4190803,-0.002051796,0.02549732,0.2857324,-0.1140326,-0.3320003,0.1024162,-0.1389728,-0.1156445,0.0304274,0.4145575,0.2699257,0.1659545
1.047877,-0.482484,-0.3244733,-0.171487,0.4849734,-0.07151078,-0.1323431,-0.4901961,0.3032162,0.06704941,0.2904673,-0.1050274,0.284089,0.2744223,-0.4936504,-0.1873565,0.2300765,0.1404943,0.03012055,-0.7288913,-0.01476177,-0.08893222,-0.2652186,-0.1562049,0.3506449,0.07348744,-0.07950195,-0.1091331,-0.006478998,0.07468802
0.2446586,-0.004606247,-0.001636583,0.2940013,0.3672816,0.4903946,-0.4979945,-0.3735074,0.03256148,-0.2759452,0.1618119,-0.0009747659,0.003431719,0.3068393,-0.02924699,0.3925231,0.01417084,-1.369364,-0.425727,0.1127765,-0.2536175,0.01249025,0.04382378,-0.471177,-0.001853102,-0.5014015,0.2108425,-0.0524102,0.3449622,0.8646246
-0.4407064,-0.7871931,-0.3926324,0.1021142,-0.7191513,0.2820953,-0.3111396,0.401987,0.2283131,0.03252274,0.3282747,0.02075285,-0.4772288,0.4133716,-0.3767224,0.1321608,0.4944935,-0.003291823,0.1257658,-0.2447398,-0.393791,-0.1459951,-0.001907647,0.5223832,0.2167262,-0.05974108,0.4691679,-0.4564162,-0.09116966,-0.02796243
-0.2355862,-0.005685529,0.2125531,0.4868506,0.08321244,0.01059043,0.1813085,0.04896982,-0.01577075,-0.02510494,-0.01101653,-0.273998,0.2355134,0.9510292,-0.0948437,0.1031737,0.5964419,0.02186556,-0.248889,0.4148169,-0.08164807,-0.006512451,-0.06046307,0.01985858,-0.05682369,-0.06159876,-0.004167287,-0.003854261,0.108507,0.1809642
0.005215506,-0.2107948,-0.4498259,0.06622498,-0.3066652,-0.2242365,-0.040404,0.2323971,5.431384E-05,0.4972733,-0.01299542,-0.04315626,-0.2782236,-0.1503064,0.4690379,0.03115555,-0.377663,0.02853426,-0.4272159,0.19977,-0.06260628,0.01089925,-0.3897755,-0.147333,0.4396116,-0.05604523,-0.1462883,-0.0139578,-0.07290424,-0.001703498
9.342458E-05,-0.3623807,0.324531,-0.2694377,0.3761765,0.02226323,0.2649,-0.003081767,0.2237928,0.2956661,-0.0002582906,-0.01211258,0.01391483,23.87787,0.6751934,0.3555222,0.4070465,-0.02742118,-0.4303249,0.09080881,-0.2604101,-0.251127,-0.4618267,0.2273237,-0.006741808,1.022539,-0.1666148,-0.1902774,0.6119844,-0.2573152
-0.3618162,-0.4911516,0.1890555,0.007559976,0.02407187,0.005353002,-0.06931348,-0.1274447,-0.0005658718,-0.07680315,0.04597704,-0.222468,-0.339941,0.07946616,-0.2520406,-0.003682468,0.01167873,0.04713323,0.007659733,-0.0752762,0.02448467,0.3440193,-0.1975281,0.1733509,0.4395642,0.2357317,0.1896979,-0.1242359,-0.3305731,0.3862784
-0.4749489,0.08047968,0.01626035,-0.3291621,0.4177856,0.117777,0.0588613,-1.13706,0.2951726,-0.09610483,-0.08488269,-0.1093431,-0.05759558,0.02684397,7.971781E-06,0.233963,-0.07515794,0.2762995,-0.006416078,-0.2514933,0.0009459541,0.5569539,0.07361192,0.1990744,0.0709905,0.1846991,-0.3556992,0.181138,0.02027761,-0.1793695
0.1113371,-0.3241352,-0.06045339,-0.0005953997,-0.2934597,0.03207524,0.02247797,-0.6908324,-0.1917909,0.4872838,-0.001357679,-0.07793999,0.1989298,-0.003206091,-0.4170609,-0.4146298,0.01239628,-0.151483,0.6139166,0.03619907,-0.02849553,-0.06677908,-0.05126093,0.3822023,-0.3102856,-0.01095365,-0.1863176,-0.1149717,0.426442,-0.1708549
0.5706972,0.3561392,0.005262084,0.001299301,0.05670696,-0.024117,0.07749258,-0.1108362,0.09161952,-0.04972237,-0.01017958,0.7567112,-0.2941075,0.4617643,-0.005210742,-0.08864063,0.4332896,-0.06095022,0.104142,-0.393479,0.2183144,-0.1415782,0.01312582,-0.3825901,-0.0002469546,-0.3374851,-0.08493614,-0.009503197,-0.2417906,-0.06584928
;
0.5053833,0.6770833,0.4876109,0.04932362,-0.4489511,0.2672931,0.3903807,0.2448734,0.5610648,0.1083689,-0.1489858,-0.3049287,0.2445431,0.02271543,-0.08602221,-0.2155214,0.4921595,-0.435908,-0.1867807,-0.2676816,-0.0003663616,0.1167263,-0.4551326,0.08250187,-0.02678878,0.1885963,-0.08275742,0.01886932,-0.0300156,0.2281121
-0.1767551,-0.05990546,-0.01155161,0.04772801,0.1392996,-0.00248455,-0.02423315,-0.02496589,0.4680674,0.1725577,-0.05110354,0.04078399,-0.4566737,-0.02705265,-0.09313601,0.01803796,-0.06898415,0.162157,-0.04829553,-0.461552,-0.4424889,0.003610302,-0.3169683,-0.2112843,-0.2943051,0.04023639,0.1824713,-0.192,0.1892741,0.1941262
-0.09901149,-0.1556527,-0.3782096,0.6590934,-0.2448532,-0.1998978,0.1366346,-0.4356008,-0.190537,0.06893128,0.2699284,0.5303994,-0.4402512,-0.3029616,0.2456844,-0.07497574,0.2038195,0.3655753,-0.2392316,0.2562936,-0.2572088,-0.6340619,0.3399018,0.1903073,0.07880069,0.1104339,0.1838302,-0.06586877,0.5601048,0.1610998
;
