0.2689872
0.08931886
-0.04660302
0.7274184
-0.01473458
2.508595E-05
0.183485
0.1561992
-0.4724691
0.003472645
;
-0.3777948,0.7588177,0.5028376,0.02425076,0.02128139,-0.252964,0.3350068,-0.3312378,0.1100235,0.08646964
-0.1935143,-0.009724677,0.3849239,-0.2420482,0.2547822,0.1007672,-0.129363,0.3729408,-0.2951915,0.1686953
-0.5408199,0.2925853,0.4785815,-0.1140582,-0.001928318,0.6739832,0.4348191,0.0005764772,-0.2288558,0.4472594
0.327111,0.003181984,0.3373885,-0.06914002,0.1085246,-0.0006603064,-0.1223918,-0.09540325,-0.4162445,0.03233418
0.0521161,0.1753417,0.07417875,0.4472133,0.04930692,0.2354066,0.06414251,-0.2769599,0.04324189,-0.1565271
-0.002021504,-0.4936796,-0.0003992968,0.08168474,-0.2602681,0.1291655,0.08840494,-0.2657326,-0.1472375,-0.2065009
0.1369859,0.1403248,-0.2818248,0.2413658,-0.1394795,-0.1522872,0.2542548,-0.01146971,0.06334215,-0.4955962
0.1446912,0.001607901,0.5361151,-0.411384,-0.07798398,0.00384677,-0.4550606,-0.01992148,-1.252598,-0.1376649
0.2533553,0.2486566,-0.1013095,0.0162892,0.04776782,0.03789259,0.1144447,0.134005,-0.4775907,-0.001790697
-0.5926211,0.6512137,0.1746954,0.2871822,0.08646137,-0.283621,0.07059259,0.1588342,-0.2886129,-0.02792477
;
-0.0003170363,-0.06778139,-0.1706892,-0.001106311,0.0866044,-0.3695423,0.01113259,0.7450698,-0.3283113,-0.004220687
-0.1810301,-0.006724469,0.0806822,0.2196536,-0.3802522,0.2716796,-0.03162439,0.05287808,0.07283907,-0.1076227
;
-0.03949018
0.4563385
0.3394735
-0.07684841
0.195995
-0.1529493
0.01788221
-0.7160661
0.4074486
-0.03657885
;
-0.09757961,0.2011342,0.313622,-0.003325481,-0.2214348,-0.0001700252,0.9403944,0.1605296,0.04631394,0.437588
0.06619482,0.5617275,-0.3106294,-0.4816434,0.00673359,0.3321283,0.0272364,0.008172457,0.08998626,0.02876569
-0.09459942,0.1130828,0.1923405,-0.1483547,-0.4997468,0.2288296,0.2729706,0.1072116,-0.5656382,-0.3411598
-0.3687487,0.4870365,-0.3076087,-0.04564476,0.2550778,0.3748602,-0.4753835,0.4670319,0.3460703,0.006553281
0.4933207,0.2801659,0.1918914,1.241633,-0.2940693,-0.07427245,-0.2461919,-0.03304724,0.02916588,-0.3426942
-0.06796215,-0.01386672,-0.003058349,0.340068,-0.03225366,-0.004408993,2.843889E-05,0.01567976,-0.09037759,-0.005437644
-0.0002931507,-0.05401962,-0.006193408,-0.0003479793,0.05117946,-0.4220332,-0.6156468,-0.282756,0.266309,-0.001787112
0.02887649,0.2591969,0.1782524,0.09588988,-0.4870035,0.4901032,0.04408212,-0.005427017,0.2587997,0.05399087
-0.04818302,0.1802739,-0.2120301,-0.411738,0.003162245,-0.01701398,-0.006707553,-0.1149702,-0.6334732,0.1521122
-0.01881435,0.3336831,-0.3192416,0.4329453,-8.984405E-06,-0.2086905,0.01084191,0.2030865,-0.06206238,0.1385801
;
0.04885879,-0.003553239,0.1183829,0.03163892,0.1598679,-0.1395814,-0.0800886,-0.0007701572,0.04674126,-0.1507134
-0.05436425,-0.005788863,-0.4791646,0.1010079,0.2122669,0.1736618,0.01795231,0.2217779,-0.481761,-0.02573724
-0.7316859,0.01658512,-0.04017916,-0.0001732142,0.2601473,-0.2169651,-0.3242496,0.06701424,0.1753161,0.186645
;
