0.02609384
-0.5482842
0.2576855
0.07146186
0.3046729
-0.7923443
0.2080884
-0.03334277
0.06404645
-0.02488273
;
-0.2006852,0.06904477,0.07338501,-0.8098556,-0.2362604,-0.05328077,-0.107275,-0.4912548,-0.06163865,0.02322026
-0.7768784,-0.1463691,0.5356064,0.02255513,0.3458638,-0.1044804,0.1358603,0.08721747,-0.1388736,-0.03116596
0.3006686,0.4666518,0.07026881,0.002670398,-0.3216389,-0.006748617,-0.383423,-0.09950072,-0.3536993,-0.02166253
-0.3969959,-0.001562851,0.2610584,0.4989699,3.606702E-05,0.01584879,-0.008037319,-5.568429E-06,0.02760887,0.2965057
0.1092174,1.42178E-06,0.2779299,-0.0667672,0.8355025,0.01826384,-0.02803429,0.008514941,-0.1803183,-0.2513947
-0.3575692,0.8207451,0.1308502,-0.4035838,0.3123771,0.1561772,-0.02000501,-0.01194855,0.193943,0.07666395
0.2937264,0.1540092,-0.1064577,0.3705821,0.05329278,-0.04674321,-0.01205215,0.02267486,-0.8331273,-0.009228083
-0.2566147,0.04117024,-0.4692626,-0.001695519,0.0178859,0.4149384,-0.6082417,0.3589504,0.6302221,-0.2234729
6.119026E-06,1.451667,-0.0001592325,-0.03636898,-0.2340733,-0.03416584,-0.0005227625,0.0128397,-0.008194152,0.375793
-0.3773384,0.008815541,-0.2667521,-0.3934312,0.06451309,0.1283523,0.008554518,0.0006133914,0.07812429,0.1995804
;
0.004043576,0.007729165,-0.0408883,-0.131399,0.9915413,0.1376988,-0.3766145,-0.5788449,-0.1336396,0.3208357
1.273505,-0.0132778,-0.05511297,-0.07434094,0.1120756,0.455987,-0.3034232,0.07892646,0.0009420349,0.01387856
;
-0.09295943
-0.09081608
0.89692
-0.2149913
-0.07132486
-0.3315864
-0.3938616
0.1451623
-0.001807616
-0.06667715
;
0.06934287,-0.2761382,-0.1086082,0.001776577,-0.09564351,0.3324461,0.3707466,-0.3232684,-0.1335508,0.1067458
-0.2124116,0.8883096,-0.2132235,0.01596403,-0.1923049,-0.1135702,-0.1776229,0.5454941,-0.0004201863,-0.01121121
0.04989201,-0.2689204,-0.002980333,-0.05178849,0.1599701,-0.0190827,0.3500087,0.002317727,-0.1063706,-0.04033536
0.3397565,-0.1097504,0.1840728,0.08641072,-0.00246293,0.05199236,-0.02834288,-0.4738888,0.04524972,-0.136354
-0.09139628,0.3079946,0.1338966,-0.1720412,0.057293,-0.2097342,-0.1685554,-0.1606666,0.00293203,-0.01809295
-0.4573851,0.3186686,-0.1731878,-0.4728867,-0.229175,-0.2029825,-0.01801851,0.3395621,-0.1148633,0.05467283
0.02763761,0.01808798,0.3965031,0.3875982,-0.3891028,-0.07013007,0.6945627,-0.3561856,-0.01605461,0.02619143
0.2620302,0.05796938,-0.003548367,-0.4349782,0.08185159,-0.2264907,0.4968445,0.001008113,-0.04656108,-0.1432428
-0.005873369,0.3930776,0.01602191,-0.03498007,-0.3749399,-0.2348547,-0.1574344,-0.8168468,0.04436607,0.4536222
-0.04952508,-0.4148208,-0.1790132,0.505466,3.480976E-06,-0.2459032,-0.005633,-0.4302616,-0.04492901,0.004993028
;
0.06128889,-0.04723482,-0.458102,-0.2733643,0.2469654,-0.1114444,-0.009205589,0.005276858,0.1453678,0.1187292
-0.1049148,-0.09232023,-0.3522553,-0.01413599,0.009625513,0.07071224,0.2884524,-0.005126297,0.1900442,-0.07461445
0.4798687,0.1082425,-0.001442647,0.0989458,-0.2050897,-0.4552236,0.08093788,-0.1019385,0.01036184,-0.4947748
;
