0.2689872
0.08931886
0.006388826
0.7274184
-0.01473458
-0.03288585
-0.183485
-0.1561992
-0.3262905
0.4818614
;
-0.3777948,-0.7588177,0.4373001,0.1475392,0.02128139,-0.05860573,0.3350068,-0.3312378,0.1100235,0.08646964
-0.1935143,-0.01201992,0.3849239,-0.2420482,0.2547822,0.1844101,-0.129363,0.3729408,0.2951915,-0.05825737
-0.1560447,-0.3818887,0.4785815,0.01550275,0.001712131,0.6739832,0.4348191,0.0313259,0.07065183,0.3084685
0.1310899,0.04011931,0.3280757,-0.06914002,0.1085246,-0.0006603064,0.1223918,-0.09540325,-4.859498E-05,0.03233418
0.09524582,0.04018401,0.07417875,0.4472133,-0.04930692,0.1305772,0.08475112,-0.2769599,0.04943882,-0.1565271
-0.002021504,-0.5637313,-0.3142338,0.04423168,-0.2921773,-0.2102415,0.09215731,0.2657326,-0.1472375,-0.3128191
0.01714867,-0.209706,-0.2818248,0.2735387,0.1258305,-0.2420895,0.4144861,0.01339739,0.06334215,-0.4955962
0.1446912,0.001607901,-0.3163254,0.411384,-0.07798398,0.00384677,-0.3529502,-0.01681708,0.008507669,-0.1376649
-0.1041291,0.2626056,0.0004466628,0.0162892,0.04776782,-0.03789259,0.1144447,-0.134005,-0.405852,-0.001790697
-0.5112756,0.6512137,0.05640366,-0.2871822,-0.4371682,-0.3419138,0.1608953,0.1588342,-0.2886129,-0.008230167
;
-0.0003170363,-0.06778139,-0.1706892,-0.001106311,0.2361916,-0.2994988,-0.01113259,0.7425427,-0.3283113,-0.004220687
0.381777,0.3242848,0.1741954,-0.464164,-0.3802522,0.2716796,-0.04014048,-0.05287808,0.04108077,0.2154369
;
0.2126958
0.4563385
0.5490724
0.2449513
0.1788504
-0.1529493
0.4069359
0.2449816
0.5136482
-0.02133068
;
-0.09757961,0.2011342,-0.02093738,0.002709696,-0.2214348,-0.0001700252,0.6070515,-0.3286998,0.08471962,-0.3984951
0.06619482,0.5617275,-0.3106294,-0.4816434,-0.00673359,0.3321283,0.2927101,0.01213344,0.08998626,-0.05673039
0.4527042,0.1130828,0.1923405,0.3952776,-0.4997468,0.1644938,0.4748052,-0.1631604,-0.6970654,-1.075004
-0.3687487,0.08969248,-0.3076087,0.02794101,0.002866945,0.3748602,-0.4753835,0.4670319,0.3460703,0.006553281
-0.4093539,0.2353444,0.07210237,2.389175,-0.1235973,0.07427245,0.4394819,-0.03088856,0.02916588,-0.3426942
-0.1315222,0.01386672,0.00165269,-0.340068,-0.03225366,0.004408993,-2.843889E-05,0.009248008,0.09037759,-0.005437644
0.0002931507,0.03644113,-0.2273358,-0.000308784,0.05117946,-0.4220332,-0.2732233,-0.1883281,0.01535696,-0.001787112
0.07197145,-0.0253179,0.09214228,0.09588988,-0.4870035,0.4901032,-0.07436018,-0.005427017,0.3374583,0.05399087
-0.08801749,-0.1802739,0.2120301,-0.01170752,-0.00134885,-0.023264,-0.01602497,-0.1500219,-0.1561657,0.1521122
-0.4643245,0.1185436,0.2191541,0.4329453,-8.875804E-06,0.2152978,0.01084191,0.2030865,-0.2546766,-0.2633264
;
-0.3524997,-0.007644892,-0.1356061,0.02471417,0.1598679,0.1694245,-0.4742293,-0.0007701572,0.04674126,-0.1507134
-0.1210965,-0.005788863,0.4791646,0.07351702,0.1306584,-0.3252615,0.02818745,0.111683,0.4754639,-0.026845
-0.7316859,0.01658512,-0.04017916,0.2210839,0.2601473,-0.2915359,0.3242496,0.1359981,0.1753161,0.186645
;
