-0.01178402
0.3129191
-0.3098781
-0.308218
-0.2456521
-0.002158826
0.002714096
0.02736869
0.1027176
-0.6220922
;
-0.1031078,0.07518727,-0.08940643,0.1725701,-0.01461123,-0.6204674,0.0617109,-0.5827927,-0.09877175,-0.07255679
0.1598547,0.00672301,0.3862392,0.01532871,-0.46543,0.1390178,0.006810801,-0.03312141,0.07381313,-0.5489212
-0.348099,-0.1652184,0.4029392,0.001229697,0.2280043,-0.6535864,0.3869941,0.471039,0.109394,-0.1991573
-0.2463035,0.04517015,0.03052749,-0.0699048,-0.3322093,-0.006822143,-0.07359424,-0.00452263,-8.658865E-05,-0.2179034
-0.1338328,0.02166232,-0.6939949,0.1346886,0.252237,-0.01434467,-0.1704531,-0.48959,-0.3034877,-0.2571826
0.3174238,1.305102,0.2525827,0.2183803,0.06683248,0.4845912,-0.01527399,0.03607914,0.0007375273,-0.01146764
-0.06971443,0.07955109,0.2818248,0.4778081,0.06629325,0.4582533,0.4823629,-0.4405312,-0.06040555,-0.1909951
0.191157,0.1771978,-0.233761,0.1168346,-0.03722932,-0.05311531,-0.3579586,-0.007425156,-0.2778578,-0.8092317
0.04789158,0.06708425,0.000210828,-0.06986767,-0.02866975,-0.3598951,-0.01444122,0.0843062,0.1464456,0.2197281
0.04014916,-0.008815541,-0.006741714,-0.3898808,-0.00605542,0.2251528,-0.07659383,-0.04222388,0.2594573,-0.214475
;
-0.003934801,-0.1322697,0.1288367,-0.6805013,0.64002,-0.1173081,0.06663606,0.0137874,-0.3679794,-0.3319876
-0.4674224,0.3167135,-0.001931599,0.714946,-0.3433475,-0.1938657,-0.1618762,-0.01744096,0.05770288,-0.01533836
;
-0.01606106
-0.2124416
0.2375444
-0.2233657
-0.06176663
0.2459475
-0.09560283
0.08132751
0.3099426
0.02054235
;
-0.4975465,-0.09122614,0.1492393,0.1999982,-0.3982497,-0.04851132,0.5190356,-0.6212994,0.07909606,0.3820155
0.05587424,0.439526,-0.03242344,-0.04703309,0.3556445,0.2016557,-0.1896222,-0.1483269,0.3489959,-0.01121121
-0.161656,0.2689204,-0.2181156,0.1336091,-0.6445107,0.0788459,0.1411795,0.2054305,0.2343967,-0.03677422
-0.0004748879,-0.06241995,-0.2293848,0.2214018,0.0009647016,-0.2519508,0.4324498,-0.05848362,-0.4449805,0.06446725
0.5790398,0.4601034,-0.01722676,0.2170844,0.02587861,0.1243729,0.213911,0.04536957,-0.2518904,0.09861714
-0.1265455,-0.3372962,-0.3425075,0.1314238,0.1335153,0.4579435,-9.731053E-05,0.005183628,0.3149348,0.5641452
-0.3251233,0.06962615,-0.0003056601,0.07694858,-0.01288432,0.4220332,-0.01450275,0.4801211,0.06751125,0.002125189
0.07158325,-0.3119242,-0.149931,0.06606103,-0.4480797,-0.185705,-1.375983,0.4007111,0.02220851,-0.2575258
0.07355589,0.1802739,-0.08853656,0.002633893,0.0007813607,0.2914829,0.3385996,-0.2236629,-0.08911388,-0.1426959
-0.3099982,-0.4148208,-0.2708142,-0.6565723,-1.733238E-05,-0.002424908,-0.003363626,-0.1407226,-0.7905486,-0.2633264
;
-0.4415366,-0.5335037,-0.3638913,0.004489176,-0.1088302,-0.4272777,-1.117691,0.3682691,0.4106386,0.004819766
-0.1755549,0.5968326,-0.3522553,0.08041745,-0.00863996,-0.06368977,0.09906862,-0.3988955,-0.4825046,-0.4418931
-0.366781,0.8527331,-0.3009889,-0.04461044,0.006532233,-0.05321962,-0.2954599,-0.1083378,0.3283783,0.00123436
;
