-0.1241229
-0.08979429
-0.5112983
0.3710136
0.0005453064
-0.03668147
-0.7021693
0.1881867
-0.8542545
0.07535666
;
0.4625815,0.13221,-0.03035063,0.3201413,-0.4740019,-0.03661149,-0.107462,0.004438106,-0.1190524,-0.6332694
0.7434881,0.09299947,-0.7117726,-0.2946297,0.6296735,-0.04780179,-0.1710744,-0.4247181,0.4796083,-0.3874855
-0.5802566,0.06696421,-0.3052208,0.181741,0.3391943,-0.01474287,0.392305,0.12871,0.2876081,0.1096902
0.4928435,-0.6661193,-0.4507265,0.3500547,0.3609167,0.06345482,-2.732728E-06,-0.01090613,0.05120832,0.07552739
-0.391945,0.362308,0.8657816,-0.2263067,-0.1307576,0.4294393,-0.2625939,0.3440689,-0.005793349,0.01536769
0.002577687,0.4731559,0.2144605,0.02827335,-0.4262282,0.074093,-0.4114106,0.3040262,-0.1177977,-0.5313637
-0.2971008,-0.3067817,0.004547523,4.813802,0.3813541,-0.1589925,0.5245151,-0.4638016,-0.6542404,-1.141464
-0.1522993,0.4519219,0.04743239,0.02206012,-0.2366646,0.06084722,-0.005012838,-0.01477812,-0.04305252,0.06878692
-0.1463458,0.3832645,0.01062979,0.1446861,0.5289004,-0.01082339,-1.710713,0.01146115,-0.2908482,-0.008107184
0.0008589881,0.2026289,0.01204234,0.1050301,0.8105426,-0.3176993,0.2363376,0.1454957,0.05599118,-0.2334682
;
0.09473723,0.02290284,0.04175944,-0.1089664,-0.005559698,-0.3730514,0.3785754,0.2842733,0.2593996,0.04408902
-2.482165E-08,0.08310801,-0.3385642,-0.3674754,-0.28596,0.1578187,-0.01141766,0.04079677,0.06860526,0.1842775
;
0.004746642
0.4592437
-0.08627517
-0.1243171
-0.300158
0.009522578
-0.0157137
-0.1788686
0.3973572
-0.006427169
;
0.2098651,-0.07854328,0.3718146,-0.1904652,-0.03641058,0.2957483,-0.5370362,-0.02017615,-0.03282209,-0.1184297
0.2313214,-1.450093,-0.003115511,0.1763619,-0.08038396,0.001159086,-0.3703802,-0.3495566,-0.3768524,0.4201751
-0.2219684,-0.3374349,-0.09001531,-0.03875401,-0.4247942,-0.2799083,0.1741244,0.0696649,0.04275905,-0.6165453
0.1910393,-0.2790286,-0.5352098,-0.07062993,-0.1761895,0.1070207,-0.3380886,-0.0004583736,0.199479,-0.0800312
-0.2317158,1.367825,1.888703,-0.3027582,-0.09315009,0.06947845,-0.5444354,-0.004325009,0.1393463,-0.1645447
-0.3452331,-0.2180473,-0.0008177952,-0.01859635,0.3714792,-0.1410751,-0.3748624,-0.02964395,0.2315458,-0.4024047
-0.1008007,-0.1056668,-0.0002503623,0.0004598796,-0.9193686,-0.487425,0.003180648,-0.1851185,0.08697039,-0.173277
0.6366895,-0.1067301,-1.613674,0.001969476,-0.04276603,-0.1133851,-0.03936129,0.01736968,0.07272238,-0.0004841277
-0.1617317,-0.4440868,-0.3347161,-0.01285191,0.3947138,0.08817453,0.1144034,0.5017508,-0.646138,0.1258246
-1.066212,0.5850159,-0.2585686,0.04755223,0.4760153,-0.03875297,0.005927145,0.1381185,0.1466334,-0.2973861
;
0.458043,0.02223556,-0.3337595,0.06175175,-0.3130009,-0.370492,-0.4600594,-0.007183027,0.01711606,0.01478095
-0.430554,0.3421043,0.4167361,-0.2508209,0.1405391,0.452904,0.01146991,0.4729993,0.2567886,-0.4373751
-0.0119585,0.02704405,0.652166,-0.1350576,0.2703218,0.1017824,0.1390253,0.2667581,-0.08813936,-0.1951005
;
0.07617062
0.06682985
-0.3134957
0.0009527701
1.081197E-07
0.1844123
-0.07145453
-0.7198682
0.02217601
-0.8909984
-0.9067796
-0.006226921
0.1448021
-1.056243E-05
0.0720759
-0.001649439
-0.007207795
-0.08924641
-0.1074573
-0.03806299
-0.2624883
0.03173766
0.2681667
-0.477057
0.07054114
-0.2014259
0.651318
-0.1666521
-0.2985932
-0.4359727
;
-0.2485951,0.4920428,0.3293063,-0.1578794,0.1254269,0.2690906,0.001649473,-0.04116558,0.1553202,0.4991015,-0.00962481,-0.2079279,0.07073526,0.3051027,-0.1919432,0.1666968,0.05457276,-0.04533146,0.1249755,0.5516236,0.01073518,-0.0681662,0.1170307,0.1780585,0.01080384,-0.009532511,0.1942687,0.004785877,0.07297382,-0.7005067
0.1566119,-0.08424208,0.06573623,0.08467386,0.002049517,-0.1460589,-0.1473396,-0.04326638,0.2259697,0.468577,0.1384758,-0.1752152,-0.0577123,0.1315888,-0.01749358,-0.03579367,-0.3989345,-0.02082136,0.02579325,0.3215306,-0.2804229,-0.1686528,0.01366654,0.1015561,0.03123765,-0.1054675,-0.3384693,-0.3909179,-0.006083061,-0.1383129
0.4822462,-0.09346887,0.3586441,0.3252748,0.01459164,-0.9135053,0.1453636,-0.1242489,-0.02154858,0.04640988,-0.1904729,-0.2676378,0.08482623,0.3516609,0.3292235,0.1673426,0.03233358,0.8515449,0.3690368,0.2431154,-0.004424842,-0.1142762,-0.06508831,0.04052427,-0.08711201,0.3842328,-0.1334055,0.258338,-0.3674256,-0.6141001
-0.2585011,-0.04947224,0.3957117,-0.000101187,0.05799508,-0.4977584,0.1258555,-0.6742598,0.01348156,-0.4665632,0.05231307,-0.02752944,0.1006108,-0.01475717,0.08695287,-0.4002676,0.1595095,0.05027546,0.8823711,-0.3837553,-0.2687857,0.05776948,0.03324788,-0.1993991,-0.0380882,0.004693907,0.3223007,0.3496468,-0.6154934,0.4103162
0.008548993,0.3252631,0.03626562,0.0004262913,-0.2053028,0.0004894054,0.2962259,-0.007967297,0.1273668,-0.08212739,0.2468431,0.2114102,-0.3618159,0.5408843,-0.3410863,0.0009740824,0.03335473,0.1260414,0.141129,-0.05912067,0.2738532,-0.00305817,-0.1770249,-0.03451015,-0.3146313,-0.2718372,-0.3876138,0.3101344,0.1186418,-0.002621515
-0.4659511,-0.005947241,0.1109215,0.1679909,-0.4409355,-0.09925158,0.1949411,0.02108654,0.2096868,0.2328935,0.4401871,1.510728,0.2059216,0.1854524,-0.7188675,-0.1374884,-0.300491,0.09167501,0.08845306,-0.2126283,-0.6430744,-0.2720474,0.06358379,0.2281582,0.4303249,-0.1060764,0.103932,0.01873025,-0.1250632,0.4970223
0.01865387,0.1032361,-0.06467809,0.007315082,-0.1386718,-0.7031066,-0.2712934,-0.001897366,0.4221957,0.7430516,0.5240977,0.4350015,0.2724113,-0.1714821,-0.03660243,0.2367612,-0.1787075,-0.4239211,0.3790833,-0.4283351,0.4641643,0.1166014,-0.3218069,-0.2209436,-0.215618,-0.2105117,-0.1139006,0.4694493,-0.1431001,-0.4705478
-0.0572434,0.07372431,0.5201072,-0.09276179,-0.2291424,0.1142346,0.2349681,-0.4351735,0.4510417,0.1366945,0.1198266,-0.4833431,-0.5696752,-0.008825568,-0.03265236,-0.626418,0.6487959,0.05351052,-0.4707868,0.04844727,-0.2304707,-0.1001851,0.3113889,-0.002082893,0.06534833,-0.3012398,0.2448951,-0.08751971,-0.1132409,0.157386
0.3610801,-0.04156534,0.3489182,-1.014545,-0.2664655,0.1200647,0.250214,-0.1229543,0.05900479,0.003947464,-0.1597657,0.04738589,0.001427352,0.06141946,-0.6192023,0.1725604,0.3465869,-0.03244,-0.01291355,-0.4421887,-0.282113,-0.4288353,0.01550609,0.04264188,0.5054373,-0.04978266,-0.3000808,-0.1192619,0.009451048,-0.75634
-0.3592644,0.01835934,-0.8182961,0.02546805,-0.002650897,0.2905107,5.145452E-05,0.2869408,-1.345058E-05,-0.6417308,0.3413165,0.2106398,0.001809537,-0.06955153,-0.2071089,0.03121116,0.3186556,-0.06707782,0.3211421,0.09813794,0.2299942,-0.2675264,0.0019483,-0.2370491,0.01835376,-0.07819056,-0.01690005,0.3438361,-0.008904563,0.2138191
-0.02171041,0.1067465,-0.5973156,-0.07637662,-0.02172886,-0.03995192,0.002499545,0.496801,-0.4836404,-1.038848,0.4179649,0.07885102,0.393217,0.03048423,0.001864619,0.1957625,0.07602049,0.01071456,0.1993402,-0.02131945,-0.1316086,0.1239616,-0.1353796,-0.3133745,-0.1463187,0.2882382,-0.0656888,0.0005338051,0.4959015,0.007471513
0.0362375,0.0005814686,0.7412128,-0.1943536,0.2515154,0.04235912,0.006411548,0.1063337,0.2904017,0.003758994,0.1026262,0.04126753,-0.001357948,0.05550183,-0.1819549,0.4140688,0.2461637,0.4346124,0.1989305,-0.2118217,-0.3478626,0.1386941,0.2137667,-0.4759755,-0.2759866,0.004997061,-0.3559057,0.006928647,-0.03888673,-0.0256449
-0.1841658,0.003919757,0.4704483,-0.06566508,-0.2481824,0.7453567,0.1004471,-0.2103056,0.387906,0.09578222,-0.1227071,-0.3368529,-0.0001809001,0.08561196,-0.006916462,0.04892686,-0.8137652,0.4322714,0.3817881,-0.002528738,-0.3565294,0.06789604,0.1353747,-0.4103703,-0.1878011,-0.0003998784,0.3768777,-0.2546053,-0.2047532,-0.2217773
0.3109989,-0.01560309,-0.01959286,0.01463896,0.1295967,0.002219805,0.1247859,0.3097271,-0.0004524012,1.258375,-0.0006819594,0.2207999,0.004305184,0.381246,-0.0001852843,-5.874534E-05,0.05610182,-0.4023547,0.004787958,0.3103909,-0.4786745,1.458801,0.4415435,0.02784532,-0.01526573,-0.0591828,0.4435136,-0.4403615,0.01522972,-0.05347368
-0.2117683,-0.8231885,0.009100878,0.1935922,-0.0001314308,0.05598904,-0.2907784,-0.1572655,0.233584,-0.03688835,0.05557156,-0.4053469,0.1798006,0.0497201,0.4679137,0.0409494,-0.002953159,0.09720689,-0.1804819,0.1890222,2.682579E-05,0.06750764,-0.02036768,0.07945988,0.4678564,-0.04323735,0.1694191,0.5529687,-0.2833484,-0.009780228
0.009243169,0.1803697,-0.002003033,0.4482558,0.1484608,0.3505096,0.0383784,0.3031648,-0.02683233,-0.4593903,-0.1258556,0.4501535,-0.485011,-0.09469527,0.1615904,0.002752258,-0.4944324,0.1482136,0.07808566,-0.08285031,-0.00136903,0.422798,0.2052709,0.2457206,0.1918239,0.06757567,-0.4040907,-0.2637479,0.22596,0.08685097
1.338251,-0.1778808,-0.01559866,0.2522388,0.3411043,0.4544281,0.07081743,0.02630155,-0.006222377,-0.3966246,-0.9592066,0.06988511,0.08454355,0.3293692,-0.3438352,-0.01138513,-0.01758472,0.07940666,-0.3697299,0.4741033,1.589684,0.2137047,-0.07009405,0.05535575,-0.1883364,1.167244,-2.45458,-0.1079981,0.300125,0.1181067
0.02499798,0.2109381,0.4026706,-0.7348279,0.04342836,0.6940985,-0.003519716,-0.009980117,-0.01645561,0.385891,0.03651483,-0.003285223,0.421195,-0.001780436,0.2162541,-0.005571058,-1.04391,-0.05125099,-0.006874392,-0.06111209,-0.4971878,0.4544987,0.610339,0.1031769,-0.0683679,-0.2415323,0.4632653,0.05886255,0.380778,0.4570056
0.2041342,0.5398718,0.0001064395,0.100675,0.05102478,-0.49261,-0.02424049,-0.04782235,-0.3212503,-0.2297518,0.12609,0.1233346,0.0377836,-0.07164794,-0.0009426692,0.1136915,-0.258606,0.5553497,0.2306787,0.08993532,0.4195472,0.3015385,0.01079245,0.0661261,0.03873122,-0.4005972,-0.2254933,-0.5303428,-0.2381451,0.05323603
0.332867,-0.6729463,0.2107786,-1.139854,-0.0002728628,0.5079492,-9.654232E-05,0.110569,-0.2347205,0.07136945,0.01082995,0.04112357,-0.3593487,0.04984597,-0.1505215,0.052359,-0.08003347,-0.4190803,-0.001312257,0.02549732,-0.2169403,-0.1140326,-0.5802792,-0.1177643,-0.1496185,-0.1512917,0.0304274,0.4145575,-0.4922794,0.1659545
1.047877,-0.482484,-0.3244733,-0.06724589,0.3097771,-0.07151078,0.4088634,-0.4901961,0.5541494,-0.4412113,0.2904673,-0.1914746,0.09287447,0.2719531,-0.4015886,-0.03313989,-0.3517086,0.006354688,0.03012055,-0.3688273,-0.01476177,-0.05106413,-0.305832,-0.1562049,-0.04708871,0.07826382,0.2403182,0.04338523,-0.002277487,-0.07468802
0.2446586,-0.006145149,-0.001636583,0.2940013,-0.3672816,0.0723476,0.4979945,0.3735074,0.03256148,-0.3646243,-0.1618119,-0.0009747659,0.00420342,-0.3068393,0.2907777,-0.3925231,0.02118719,0.04658693,0.425727,0.1127765,-0.2536175,0.01249025,0.2392716,-0.471177,0.3948312,-0.7468044,0.2108425,0.04921185,-0.5820041,0.8646246
-0.4848643,-0.7871931,0.4294918,0.3936386,-0.9310244,-0.5213854,-0.3111396,-0.5876625,0.1591609,-0.03252274,0.1977434,0.2683476,-0.4772288,-0.4442645,-0.08659188,-0.1319288,0.312823,-0.004023918,-0.04765753,-0.1316479,-0.393791,0.1459951,0.1168967,0.5223832,0.0008288026,-0.05974108,0.1963254,-0.5252028,-0.08845132,-0.4980623
0.2355862,0.003782865,-0.252144,0.4868506,0.08321244,0.01706043,0.1813085,0.04896982,-0.01577075,0.6403189,0.01024778,0.1843357,0.00994784,-0.9510292,-0.0948437,0.2876267,0.7757118,0.03534507,0.3830065,-0.4664797,-0.0516522,-0.006512451,0.06046307,0.01985858,-0.05682369,-0.006678156,0.4739428,0.002074706,-0.108507,-0.3078967
-0.03635496,-0.2134834,-0.6793838,0.1453779,-0.3066652,0.2242365,-0.05835614,0.4951631,-0.3765486,-0.478737,-0.08100408,-0.08333838,-0.4087687,0.1503064,-0.4690379,-0.03115555,-0.06021601,0.01128549,-0.4272159,-0.19977,-0.0093796,-0.01089925,0.0122862,-0.2228588,0.651531,-0.05604523,-0.3595394,-0.02251887,-0.07290424,-0.001703498
0.0001622056,-0.09099215,0.04728154,-0.2694377,0.2275668,0.02288672,-0.08715874,0.072338,0.007426322,0.2956661,-0.0002582906,-0.2105291,0.0004228606,1.56915,-0.6751934,0.1683305,0.4070465,-0.02742118,-0.4303249,0.09080881,-0.2604101,-0.21223,-0.4618267,-0.07647091,-0.003363,0.3968546,-0.2307365,-0.1902774,-0.6119844,-0.432252
-0.3618162,-0.3712647,0.1890555,0.008436278,0.02407187,0.238552,-0.06931348,0.2154348,-0.4461538,0.3992995,0.1785976,-0.2496212,-0.3501863,0.07946616,0.1246105,0.2730875,0.004042949,-0.3632528,0.24688,0.0302108,-0.01170798,0.3440193,0.09402531,0.05283514,0.2912134,0.1962575,0.535243,0.02683816,0.1986549,-0.3862784
0.358815,-0.4096495,0.002185659,0.3291621,0.4177856,-0.05462307,0.0588613,-0.4432704,0.2951726,-0.09610483,-0.07311308,0.1093431,-0.1010209,0.006246138,2.761884E-06,0.3927405,-0.1475008,0.1477984,-0.006416078,0.3205191,0.05181366,0.5569539,0.02117695,0.02195235,-0.01733762,-0.2726361,-0.3556992,-0.181138,0.02027761,-0.1793695
0.1113371,-0.3008307,0.1846896,-0.0002632826,-0.2934597,-0.3830816,-0.1259291,-0.8137205,0.3121614,-0.4872838,0.4420881,0.02169773,0.2557222,-0.004148568,-0.4170609,0.6851168,-0.2355298,-0.6131021,-0.3327858,0.008389371,-0.02849553,-0.3210351,-0.02912522,-0.1724817,-0.3919412,-0.01095365,0.1863176,-0.1121869,0.426442,-0.3084033
0.3137307,0.3561392,-0.2946876,-0.3273014,0.05670696,0.165261,0.318051,-0.1108362,0.03179555,0.4857407,-0.01017958,0.4640279,-0.4096558,-0.4617643,-0.006691129,-0.08864063,0.6734304,-0.114911,0.1631432,-0.3448536,-0.3336645,-0.2478069,0.007473042,-0.1954666,-0.4811672,0.0337631,-0.168408,-0.009503197,-0.1592425,-0.06584928
;
0.4138278,1.864996,0.4876109,0.04932362,0.2505786,0.138014,0.7200049,0.2448734,-0.4820611,0.1947285,0.1489858,0.07652606,0.4980414,0.02935079,-0.07402556,0.09459872,0.1295243,-0.435908,0.07405733,0.06280138,-0.4570739,-0.1167263,-0.3128719,0.4992627,-0.2908478,0.3125913,-0.08275742,0.01886932,-0.0300156,0.2281121
-0.1767551,-0.06553949,0.2504582,0.07100248,0.1392996,0.00248455,-0.2761048,0.02496589,0.4680674,-0.4956723,0.2795804,0.06416704,0.4566737,-0.02705265,-0.09313601,0.01803796,0.06898415,0.162157,-0.05319694,0.04824859,-0.05228027,-0.003610302,-0.3169683,-0.05271122,-0.5512775,-0.3159175,0.1922836,-0.174581,-0.07418745,0.1779299
0.2934808,0.1035554,0.1696408,0.6590934,-0.2448532,0.1709053,0.2122069,0.04595071,0.675648,0.3745263,0.2699284,0.5303994,-0.06666796,-0.009636048,0.2456844,0.07497574,0.4327716,-0.05731064,-0.1729811,0.01754464,0.3634559,-0.7248382,0.3399018,0.1903073,-0.07880069,0.07388455,0.06627959,-0.06586877,0.5601048,0.1704653
;
