-0.02613687
0.5482842
0.2016443
-0.6045628
-0.4607101
-0.002350328
-0.004732328
0.2140303
0.2528715
-0.3269393
;
-0.04695501,0.490896,-0.07338501,0.5685927,-0.2362604,-0.1807517,0.3275303,1.096742,0.09877175,0.3271936
0.003617164,0.0001409257,-0.1826593,0.4582145,-0.04095981,0.1751095,0.01025903,0.07512345,-0.07381313,0.04904932
-0.06211113,-0.09419796,0.4029392,0.381822,-0.2791871,0.02883223,-0.3565657,-0.9343894,0.4531423,0.08363268
0.2438857,0.001562851,-0.03052749,-0.04696376,-0.1663792,0.01584879,-0.2116558,-2.823691E-06,-0.4568591,0.2299601
-0.08163067,0.008823344,-0.3182963,-0.2523029,0.4793744,-0.2049279,-0.1381095,-0.4236276,-0.143575,-0.3632929
0.1106051,0.822404,-0.2525827,0.2183803,-0.04108891,1.236775,0.06074029,0.04035643,1.051428E-05,0.03265053
-0.001710276,0.02920355,-0.4188245,0.2541145,-0.06629325,0.05872019,-0.01205215,-0.2657098,0.6364549,0.3006434
-0.2566147,-0.1771978,0.4493804,-1.243609,0.07454805,-0.01538295,-0.4072275,0.3589504,-0.6302221,0.5044909
2.090863E-05,0.1880658,0.0001637034,-0.4385717,-0.01248476,0.1158442,0.0008015879,0.1496813,0.2559781,0.4817653
0.0283298,-0.008815541,-0.1362011,0.4260267,0.3512596,0.6843755,-0.1220319,0.0638765,-0.07812429,-0.1973009
;
-0.004718348,0.1609282,-0.3459016,1.08443,0.2409005,0.05422741,-0.6340275,-0.0003603334,0.4267761,0.1617272
1.563286,0.0132778,0.08591726,0.0936774,0.2242586,-0.5185877,-0.1084097,0.001064656,-0.00465277,-0.007680766
;
0.01297033
-0.4060521
0.4510833
0.01874018
-0.09395809
-0.1804564
-0.1746982
0.08132751
-0.001114959
0.02504016
;
0.1328282,0.10362,0.1492393,-0.3540061,-0.05761939,0.053154,0.05130702,0.1818957,0.693015,-0.4594073
-0.05453795,1.359609,-0.03242344,-0.06713168,-0.1111999,0.1135702,0.7018826,-0.1964981,0.008898987,-0.01121121
-0.06196911,0.0210062,-0.01849495,0.1471611,-0.1382366,-0.01085327,0.05304059,-0.04361056,-0.2229696,0.0609702
-0.001165463,-0.1152989,0.007176382,-0.1953174,0.3149036,0.249197,0.3570033,0.08911543,0.06203697,0.04262853
-1.63865,-0.2271535,-0.1012024,-1.098381,0.02587861,0.01201661,-0.1140153,0.4851803,-0.2196898,0.01809295
-0.1265455,0.2546909,-0.2900956,-0.1314238,0.1335153,-0.2029825,0.04255766,-0.006582844,-0.1620401,-0.4904287
0.3251233,-0.02539164,-0.0005793577,1.260664,0.4485338,0.07269603,0.1814067,-0.699554,0.03450947,-0.3353374
0.07158325,0.3119242,0.005492151,-0.2468429,0.4030961,-0.3634295,0.7016516,0.4149065,0.02220851,-0.4111554
-0.1350785,0.03444903,-0.08686322,0.686166,-0.4815619,0.4922631,0.3768724,0.8168468,-0.05190699,-0.26009
0.2442348,-0.4148208,0.4206735,-1.261187,2.497543E-06,0.3537469,-0.003363626,-0.3669252,-0.07124358,-0.004993028
;
-1.996343,-0.216044,-0.7584081,0.003141885,0.4458275,-0.04700012,-0.05808419,0.05458581,-0.5668359,0.0089714
-0.03674465,-0.02788609,-0.3522553,0.03994333,-0.2047203,-0.06368977,0.2920282,-0.3988955,-0.7212662,0.07461445
0.2720853,0.07984811,0.2758819,0.0989458,-0.3094648,-0.2835376,-0.3448796,-0.1465768,0.01089626,0.001865022
;
