0.1415984
1.272197
-0.1550719
0.1066536
0.01540753
0.4071704
-0.1998782
-0.05100298
0.04854941
-0.3198313
;
-0.8513871,-0.2754604,0.3168162,-0.2078918,-0.0487085,-0.001246669,0.4412053,-0.3312775,-0.03998142,0.2404506
0.1046106,0.1329385,-0.1115478,-0.4890803,0.03134436,-0.007360753,0.3292601,-0.0005245341,-0.4242001,-0.4151958
-0.001395384,0.01029931,-0.3665471,-0.02433536,-0.5198544,0.1440346,0.2100147,-0.0009157444,0.02315311,0.6181582
0.001159814,-0.4269093,-0.3332224,0.244142,-3.28367E-06,-0.04198985,0.4402597,2.823691E-06,0.3810196,-0.5825039
-0.02704367,0.05896383,-0.2288269,0.02547431,0.04114212,0.004675178,-0.4740328,0.1471114,0.02554733,-0.01855832
0.0205163,-0.00228426,-0.02054354,0.4636415,-0.0003472651,0.3357118,-0.009545889,0.00226934,-0.009671065,0.08143892
-0.1641932,-0.4588173,-0.1038463,0.01888096,-0.04537132,0.03611533,0.3409829,0.1452137,-0.08823906,0.03795844
0.4183402,-0.3923516,-0.2971886,0.1759959,-0.303753,-0.2631507,-0.3261116,0.03986962,-0.05225284,-0.4823067
-0.02754457,-0.390141,0.03705066,0.3473756,0.5226507,-0.3546751,0.07242566,-0.02202861,0.3073939,0.05881393
-0.05956703,0.3926809,-0.3682092,-0.0173314,0.160168,0.01666445,-0.3809462,-0.09482387,0.1701562,0.3556097
;
-0.3037913,-0.06609794,0.1151042,0.007308617,0.08694451,-0.44911,-0.1230674,0.4003237,0.07222456,0.2447879
-1.640737,0.0008224292,0.4041573,-0.3559682,0.1373767,-0.02371611,-0.0610853,0.3580208,0.3284236,-0.006564362
;
-0.2331844
-0.09081608
0.1722814
-6.203323E-06
-0.1152847
-0.06006247
-0.04455635
-0.1108576
0.3607873
-0.3208682
;
0.0338057,-0.1702362,0.04018744,0.0002098084,-0.0008630916,0.3210119,0.1714018,-0.02585603,-0.1236323,0.1000226
-0.09750608,-0.4058254,0.1240477,-0.01165277,-0.004593234,0.1628837,-0.09717461,0.3672295,0.0007437234,0.00172018
0.4393691,-0.08250386,0.005398158,0.02596625,-0.4204217,-0.3167602,-0.1078301,0.06471565,-0.2073323,-0.2381334
0.009916167,-0.3233874,-0.255345,0.001624361,-0.1435775,-0.1755879,0.2547559,-0.009910048,0.03749043,-0.05108005
0.2179238,-0.2202877,-0.003264085,-0.3318132,-0.05522069,0.3779227,0.1685554,-0.3209708,-0.1199195,0.3805732
-0.1906684,-0.3494899,-0.2492612,-0.0850022,-0.02913501,0.3793594,-0.00645829,-0.0004529856,0.09955043,0.308286
-0.08277983,0.1409687,0.2314931,-0.4266964,-0.1606535,-0.05103202,0.1101953,-1.325625,-0.2019563,0.4057989
-1.277346,-0.1446182,-5.296405E-05,-0.3170449,-0.4980992,0.09431106,-0.2983882,0.009238109,-0.08704372,-0.01081882
0.3445934,-0.2462877,-0.2592218,-0.4135739,-0.002987065,0.1531378,-0.04090219,-0.2052934,-0.07063954,0.3573623
-0.02034348,0.4447304,-0.01644662,-0.4015499,-0.3581468,-0.2110722,-0.7699996,-0.3429037,0.423929,-0.4926858
;
-0.5787303,-0.1101272,-0.2739196,0.1499011,-0.7155379,-0.008231883,0.01175838,0.2020038,0.6688443,-0.1435585
-0.1980942,-0.0004974427,0.4193112,-0.1507669,0.01113607,0.06240108,-0.2069442,0.007080119,0.0007899256,0.06277276
-0.006721383,-0.4037937,0.3133549,0.3419682,-0.05129999,0.2602799,0.08200328,0.01538935,-0.1164183,0.02625042
;
