0.4087485
0.4139537
-0.2126953
0.4158506
0.0155955
2.996514E-05
0.30267
-0.1601136
0.006702602
-0.01738651
;
-0.181378,0.05748855,-0.08382735,-0.03293321,-0.3991525,0.3377676,0.1857443,-0.3000597,-0.3544481,-0.1530635
0.4826581,-0.2703899,0.0554052,0.3833036,-0.1908543,-0.1007672,0.1256388,-0.4436301,0.02169815,-0.3056771
-0.07770389,0.03649022,0.188372,-0.1711932,0.3585563,0.01785147,-0.1390277,-0.1231155,0.3860468,0.1921562
0.7124164,-0.1390752,0.165071,-0.3053658,0.1130283,-0.2789179,-0.6684169,0.04925593,-4.859498E-05,0.2316508
-0.06684977,-0.1753417,-0.04449345,-0.2618824,-0.01860446,-0.1247291,-0.1212838,-0.3278242,0.2337936,0.1239803
-1.032031,0.1999588,0.4228631,-0.3849523,0.1339708,0.4421697,0.2447543,0.03374235,0.01566794,-0.04874184
-0.4579121,0.2288501,-0.00784886,0.007538511,0.06826109,0.2935246,-0.344831,0.2393001,-0.4906608,0.3582327
-0.2355541,0.07411858,0.1090418,0.5824124,0.5857316,-0.3097904,-0.498767,0.3463513,-0.3731008,-0.06678459
-0.03348884,0.4073451,0.1119744,0.2203239,0.1133183,0.873755,0.1387677,0.2666609,-0.2727108,0.3495942
-0.07067806,0.04351198,0.04091033,-0.4279232,0.1473919,0.03235464,0.08540834,0.1377597,-0.161614,-0.0185752
;
0.03605087,0.6363986,-0.142359,-0.1212388,-0.00807395,0.1663895,-0.03990215,-0.09726523,-0.2686734,0.01985263
1.456939E-08,-0.5248642,0.0847824,-0.3453079,-0.05820396,-0.41145,-0.01958235,0.04079677,0.3585751,-0.0002645068
;
-0.05314574
-0.3027531
0.0918076
-0.09882513
0.1787413
-0.3856292
-0.3904949
-0.1666616
-0.1080251
0.03250743
;
-0.4666282,-0.2311923,0.004452463,0.7594241,-0.2214348,-0.09588564,0.03695017,-0.6112335,0.04661169,0.3888745
0.4197215,-0.2906931,0.3845153,0.09309334,-0.0855057,0.001845207,0.1490403,0.03133088,0.1831787,0.004367196
-0.03824101,0.1542893,-0.3312198,0.0008603047,-0.4997468,0.1479115,0.1194243,-0.07700218,-0.044578,-0.3296819
-0.06692322,-0.1225469,-0.1421579,0.0371291,-0.08397678,0.07175552,-0.0483084,-0.3016263,0.03255111,0.003694747
0.1686793,-0.06865114,-0.01638063,0.6178824,-0.1856346,0.2369817,-0.2944535,0.01393228,-0.01274026,0.2546753
0.8714802,-0.5337225,0.002500745,-0.04489976,-0.3415422,-0.3521458,-2.36879E-05,0.00993802,-0.2221397,0.0199809
-0.1097776,0.1056706,-0.04359865,-0.0001706016,0.3903494,-0.1081172,-0.1356801,0.4990371,-0.03603045,-0.08887345
-0.3010852,-0.03053099,-0.0003305728,0.001575946,-0.199419,0.2058244,-0.05185527,0.06684083,-0.4560116,-0.2645998
0.116482,0.1085094,0.212918,-0.03033731,0.1317115,-0.0001606217,-0.04062504,-0.07408603,-1.514175,0.4497098
0.08848721,-0.02497965,0.4808127,-0.03666596,-0.08773988,0.2344147,0.05971748,-0.2388436,-0.1194085,0.4591187
;
-1.191356,0.2969306,0.06082094,0.3077862,0.8738831,0.6142468,-0.8923954,-0.002516203,-0.1932241,0.05383044
0.2891816,0.1006425,0.008444111,-0.1546852,0.03716379,-0.03968495,0.1015289,-0.348718,0.1150063,0.02330907
0.02085899,0.2820097,-0.07725513,0.003163746,-0.1731662,0.9033563,-0.07731992,0.2079403,0.04460799,-0.01438816
;
0.02219752
0.0002179797
-0.8403277
-0.01507688
6.563394E-08
0.2808082
0.0237599
0.4282086
0.00305719
0.07436815
0.1115577
-0.0007489963
-0.0083576
0.456599
-0.2806017
-0.04269022
-0.1358375
0.1178969
0.126302
-0.07818101
-0.0238366
0.04347187
0.4897205
-0.0005110105
-0.1161137
-0.4681683
-0.021612
0.4536033
0.003030717
-0.2956837
;
-0.01128143,-0.03458244,0.3970532,-0.05138771,-0.07144771,-1.534848,0.1365469,0.07355409,-0.4783516,-0.03170756,0.3764946,-0.007699066,0.05031877,0.101776,-0.1222901,-0.7354928,-0.6873593,0.04581733,0.01301154,0.03597406,-0.03655746,-0.8741916,-0.3545721,-0.4764221,0.003664379,-0.4864774,-0.2714344,0.0507558,0.4895874,0.3170064
-0.1465492,0.03178964,-0.04905747,0.1070857,-0.7090318,-0.178449,-0.0667918,-0.06606288,-0.1471232,0.7049615,-0.09304678,-0.3739824,0.02177244,-0.419118,-0.0510555,-0.4731134,0.4023949,-0.2199688,0.01852149,0.2522174,0.2675188,0.2414664,0.01764857,0.008102374,0.3582592,-0.3370937,-0.4480951,-0.05515975,-0.3483325,0.1661939
-0.05546445,0.05323774,-0.3386209,0.05697297,-0.5810856,0.9825862,0.1273687,-0.9374196,-0.2782843,-0.0906474,-0.02868013,-0.1205449,-0.1548432,-0.657699,0.8219,-0.006177476,0.2482236,0.4492591,0.1590011,0.2867714,0.07751006,0.004425125,-0.2505848,-0.002186283,-0.1754518,-0.58851,0.4676654,0.2995986,0.4105812,-0.3968265
-0.007789809,-0.2537351,0.1787333,-0.0644539,-0.5407982,-0.0478253,-0.1866673,0.6073726,-0.4840649,-0.1300403,-0.06831658,0.5125539,-0.01148726,0.1864385,-0.3104944,0.01267586,0.2572847,-0.0006975547,-0.6962629,0.005342574,-0.8951886,0.0002671993,0.3708445,-0.2644883,0.2727115,0.01130982,0.8109409,-0.1057025,-0.09556788,0.0955108
0.004344488,0.4911193,0.216611,0.8501218,-0.4565922,0.04065232,-0.2962259,0.1333135,-0.1723332,0.3086423,-0.2342976,0.2495797,-3.017321,-0.6777782,0.4547422,0.1512042,-0.3139367,-0.07568157,-0.5320321,0.01751959,-0.176735,-0.496352,-0.2527394,0.06024665,-0.4706268,0.02673618,0.5266437,-0.3484615,-0.3080122,-0.331493
0.3092532,0.4491961,-0.2900685,0.331834,0.03417054,0.1372502,-0.01458245,0.02837686,-0.1607632,-0.02577212,0.008948847,0.3237188,0.05092973,-0.04054364,-0.3190895,0.210838,-0.006475882,-0.1587009,-0.02547704,0.07308666,-0.001220524,-0.4451888,0.3376802,-0.2645285,0.01175214,-0.2001455,-0.1620389,0.02450913,-0.009055278,0.1348952
0.2090212,0.01656434,0.002533863,-0.1415386,0.4436896,-0.007294008,-0.4267212,0.4437512,0.2018546,0.2896995,-0.5227758,0.1661882,-0.09188972,-0.3610363,-0.1880842,-0.1284841,0.348452,1.871925,-0.1734794,0.184444,0.2501573,-0.2710506,-0.1223228,0.0478707,-0.3127668,-0.006193286,-0.3121764,0.1627245,0.002914869,0.1959312
-0.004396823,0.323185,-0.3940615,-0.06258906,0.3044449,-0.1895778,-0.03340059,0.3807592,0.02598573,0.4130702,0.05428317,0.01678817,-0.3127812,-0.03173669,-0.107675,-0.1951398,-0.3823776,0.0483472,0.003420724,0.2340987,0.01796941,-0.2231558,0.280669,-0.1442651,-0.1833223,0.0224163,0.2225196,0.04361121,0.1813511,0.05145103
-0.9162605,-0.2700245,-0.00116457,0.08811069,-0.4744104,-0.1706426,0.1543511,-0.3488828,-0.3734912,0.00637016,0.2322277,0.3309786,-0.1330137,-0.07775641,0.148574,-0.6853706,0.1866971,-0.001482452,0.1639804,-0.05060858,0.003046572,-0.1036851,0.3048421,0.4524533,-1.519493,0.1516523,0.2376068,-0.02052674,-0.02204985,0.2344285
-0.2038654,0.1353119,-0.8047307,-0.1969567,-0.2406474,0.781941,0.1367916,-0.3044403,-0.3412868,0.3011256,-0.5707174,-0.1445846,-0.1638144,-0.4063549,0.456204,0.008183879,0.3878815,0.3684241,0.4468151,-0.0969274,1.041427,0.01823889,0.3462363,-0.005704632,-1.838195,-0.07951814,0.006066475,-0.4205018,0.0006794755,-0.2188619
0.02171041,-0.05346965,0.0821446,-0.4266845,0.02167298,0.0004548714,-0.005553816,0.1716766,0.1512419,0.415621,0.1376022,-0.371833,0.3486453,0.08538121,0.0002127438,-0.1174115,0.005480853,-0.1370837,-0.1549424,-0.4371113,0.03459181,0.5446767,1.806783E-05,0.006701907,-0.3050099,-0.1120942,-0.1138982,0.1511147,-0.2808173,0.5566601
0.03780994,-0.3496362,0.09801719,-0.3314694,-0.2309878,-0.3032079,0.1890929,-0.4397798,-0.6488934,0.3275232,-0.05589814,-0.04674836,0.00398773,0.2399388,0.03543885,0.2994713,0.4390321,-0.4382424,-0.2603167,0.352031,0.261123,0.01468558,0.06243187,-0.4345846,-0.1077585,-0.3958447,-0.3285241,-0.8706206,-0.1843451,-0.3320549
0.3763385,-0.04085588,-0.3955537,0.03575319,0.01054931,-0.09105414,-0.0986516,-0.2763718,0.124756,0.4174305,0.4861027,0.1614147,-0.4337473,0.06588057,0.3938679,0.003388067,0.1972337,-0.491148,-0.1005237,-0.2456612,0.3812318,-0.6403495,0.05096209,0.09846562,0.1222031,-0.001547563,-0.1921381,-0.05081242,-0.3393276,-0.2862054
0.2895064,0.2831413,-0.006595531,0.01023134,0.4625792,0.2112072,0.06612092,0.1987083,0.001367029,0.2443389,-0.4266413,-0.4473203,-0.1331225,-0.483135,0.6383047,0.05419952,-0.4474049,0.02283679,0.01942216,0.1597589,-0.01576412,0.2435697,0.2817528,-0.0232811,-0.276757,0.3738341,-0.2166394,-0.9693779,-0.1719925,0.0298658
0.411558,-0.1364012,0.0124804,0.1196988,-0.002244342,0.3458638,0.03911169,-0.4352626,-0.01796751,0.1168463,-0.06453278,-0.5370886,-0.2284156,-0.05482769,0.3600776,0.5011309,-0.2003865,0.08770424,0.09045275,0.4351536,-0.06412911,-0.2391595,-0.0253568,-0.2243869,-0.05605823,-0.1903145,-0.009212936,0.2664344,0.06100001,0.01393883
-0.0001444812,0.2930652,-0.09751619,-0.03887129,0.1443,-0.004621963,0.2293237,0.479648,-0.08760687,-0.1529658,0.05649145,0.5643948,0.226223,-0.4790995,-0.4626999,-0.2945962,-0.2138189,0.001743942,-0.03004877,0.2510719,-0.00575047,-0.1003987,-0.4437501,1.105357,0.0244338,0.02935096,-0.4234235,-0.6208697,-0.0839463,-0.003707822
0.01604847,0.4778043,0.02867285,0.0894369,0.1045702,-0.07303435,-0.1522378,-0.3104559,-0.08437783,-0.01709152,-0.1842539,0.1699947,-0.08506016,0.04916286,0.2099424,0.0002598081,-0.1158603,-0.1142865,-0.1652747,-1.431906,0.4050814,0.3783452,-0.1229731,0.4001027,-0.464108,-0.1025659,-0.2915891,-0.01151408,0.20491,0.002229232
0.1665368,-0.5341444,0.4341002,-0.01033946,-0.03028614,0.0005019571,0.01562679,-0.008435789,0.02095051,-0.2494764,-0.3450509,-0.001861085,0.1704266,-0.05621103,-0.3329492,0.2094506,0.5096991,0.2177028,0.001558412,-0.01282147,-0.2999032,0.07263899,0.1125633,0.03075401,-0.07969812,-2.507512,-0.5225365,0.1125057,-0.3030998,0.2150876
0.6407959,0.007880496,-0.01338571,0.002624094,-0.3195381,0.1381869,0.2859201,-0.0904465,-0.2493999,0.3524207,-0.4347839,-0.2377207,-0.3144628,0.2260715,-4.191555E-05,-0.5097914,0.01102322,-0.4207531,0.0221638,-0.3869604,-0.1857428,0.09500583,0.4959663,-0.04070806,0.4868248,0.0188584,0.127737,0.0138734,-0.2188862,0.02651293
0.08394775,0.6729463,-0.1834638,0.2756678,-0.2424438,-0.001568028,0.03891047,-0.04035741,0.1077384,0.2535423,-0.2414739,0.461022,0.01469849,-0.2251464,-0.007582447,-0.052359,-0.05296554,-0.1798704,7.464058E-06,-0.00354504,-0.2149827,0.1303609,0.0004981356,0.2151503,0.0002650128,0.1309727,-0.6514923,0.5132654,-0.1414446,0.04392916
0.16913,-0.2464671,-0.03351073,0.02389547,-0.4752971,0.01421046,-0.2428117,-0.4474033,0.006573439,0.09539723,-0.1110377,-0.4009108,-0.4228039,-0.3015588,-0.1917116,0.001252061,-0.06078535,0.2216871,0.05778178,0.1238403,-0.1149329,-0.06653458,0.06720759,-0.1411511,0.3215115,-0.3632149,-0.05066118,0.8175921,0.162276,0.004339026
0.4423088,-0.2970328,0.1022236,0.354869,-0.6895431,-0.08257915,-0.01981677,0.0001274944,0.001200863,-0.2322496,-0.4671371,0.3285412,-0.5088362,1.328715,-0.3335303,0.1353947,0.349082,-0.1980419,-0.00123365,-0.317714,0.4781102,0.1097865,0.3845718,0.3656323,0.4283375,-4.064837,-0.6019846,0.8228339,-0.01707761,-0.2154448
0.1589585,-0.2197036,0.461172,-0.06041788,-0.02529685,0.1582885,-0.1459111,0.08083826,-0.03074794,0.0008302844,-0.5843866,-0.07996237,-0.2887453,0.1072761,-0.03143629,0.1270144,-0.1044326,0.1140032,-0.07215047,-0.01676291,-0.4381403,-0.2257682,0.02791112,0.09808166,-0.2263043,-0.05358094,0.08609931,-0.1205571,-0.01967176,-0.1180488
0.007148588,-0.4095798,-0.000406677,0.2403695,-0.02586967,0.6441988,-0.07906973,-0.2018741,0.09697827,-0.9731889,0.4625188,-0.5777187,0.2324625,-0.1125336,-0.1065176,-0.06222048,0.05816467,-0.1700136,-0.1270289,-0.3262228,-0.4753354,-0.002381234,-0.4753287,-0.330706,-0.03405942,-0.1035468,0.07229571,0.0004088312,0.008415373,0.02493292
0.009571027,-0.06837314,0.3018667,-0.775345,-0.002361209,-0.1937505,-0.0008418928,1.484092,0.2654677,0.5899913,-0.1977814,-0.03548046,0.5151805,-0.00879925,0.6676987,0.00898998,-0.07247752,0.1980964,0.2660669,-0.5858881,0.08522328,-0.006899566,0.6675954,-0.3030705,0.1236927,-0.1945218,0.1772691,0.1941906,0.1032039,-0.4617238
-8.490648E-06,0.05106848,0.04441369,0.01313062,-0.3042077,-0.3846694,0.009871988,-0.1362403,-0.1844116,0.2478385,0.005408108,-0.06669027,-0.3110828,-0.3962924,-0.2473848,-0.009445518,-0.2851059,-0.2620739,-0.510092,-0.04966229,0.01389629,0.4603493,-0.05862425,0.4536926,-0.02323705,-0.0137257,0.3558792,-0.2969341,-0.3223617,0.1843307
-0.9358861,-0.1588083,-0.0003049677,0.2615757,-0.06594247,0.4899669,-0.5574717,-0.1772688,0.1869767,-0.1920716,0.12401,0.2044538,-0.04184039,0.0009022315,0.01856044,0.7134745,1.149043,0.4579138,0.7573473,-0.616326,-0.3097794,0.0871012,-0.4593209,-0.06634027,-0.1774296,-0.3920742,-0.1254044,0.06208336,-0.1576864,-0.2096305
0.2733679,-0.05258265,0.4109458,-0.7572587,-0.2242017,-0.03007544,0.11386,0.4031067,0.1803277,0.2534452,0.1737244,-0.03149599,-0.06898408,0.7080048,-1.280664E-06,-0.4318583,0.01777319,-0.05567338,-0.2749968,-0.001902921,0.3415707,-0.3612181,0.3532817,0.1870804,-0.1677625,0.05723539,0.4334247,0.1970725,-0.2016453,0.1693301
0.1569891,0.1080536,0.1772575,0.7564986,-0.4484062,-0.2864003,1.448033,0.08653696,0.2130604,-0.9411374,0.3869038,-0.1816437,-0.009527584,0.2248645,0.7970531,0.6851168,-0.2441494,-0.4032493,-0.03911322,0.1687771,0.2047223,-0.4453359,0.1071835,-0.3472754,-0.000201192,0.2198408,0.2348578,-0.1647539,0.009639992,-0.2450879
0.0103562,-0.140998,0.1794286,-1.115292,0.009602538,-0.3876349,-6.605656E-05,-0.00169105,0.0302396,-0.1878524,0.3105134,-0.2566524,-0.5501644,0.186218,-1.469178,0.0180082,0.3613456,-0.001987967,0.183439,-0.01303456,-0.4959291,-0.05576831,0.1454493,-0.2150786,0.4200999,0.002222025,0.003585137,-0.149479,0.3603607,0.2953565
;
-0.03694995,0.4388809,0.002033648,-0.03977494,-0.01687559,-0.01686782,-0.07936811,0.4803729,-0.00479665,-0.03767043,-0.2267907,0.4646823,-0.1010299,-0.2255816,-0.381689,0.1147229,0.2540541,-0.2733665,0.1110027,0.01133364,0.004532104,0.1089766,0.1273285,-0.1918632,0.3573471,0.01046816,0.5671526,0.00783156,0.01058211,0.09825683
0.4155758,-0.008737861,-0.4484081,0.4304142,-0.5218592,-0.1078091,0.3762478,0.1553844,0.2792081,0.08124417,0.2428692,0.4517559,-0.005137397,0.1316694,-0.3274764,-0.2368792,0.1053498,-0.1373532,0.06244283,-0.3178606,0.2382219,-0.4917394,-0.0497543,-0.008932436,0.3079186,0.7012383,-0.09728181,0.1068542,0.04640608,0.3069344
0.1241601,0.03316415,0.5652568,0.07759029,0.8329419,-0.5959259,-0.07227878,-0.2934283,0.5867791,-0.06456548,0.122407,-0.1344971,-1.075079,0.0002195289,0.2236652,-0.3282592,0.07984179,-0.05931634,-0.469314,-0.2104742,-0.4903391,0.03003251,0.297174,-0.3426174,-0.01023534,-0.01861864,0.04439303,0.0489617,4.352965,0.0120097
;
