-0.02613687
0.5482842
0.2016443
0.6045628
0.4607101
-0.002350328
-0.004732328
-0.2140303
-0.6805426
-0.5114039
;
-0.04695501,0.3524936,-0.08940643,0.01386392,-0.02677852,-0.07676174,-0.3390584,0.5133588,-0.09877175,-0.06383556
0.02819886,-0.00672301,-0.1826593,-0.01532871,-0.46543,0.1751095,0.01025903,-0.06461884,-0.07381313,-0.2762423
-0.1302499,-0.1897765,0.4029392,0.381822,-0.2791871,0.02883223,0.1326652,0.9343894,0.2492864,0.08363268
-0.1613005,0.001562851,0.03052749,0.04696376,-0.3322093,0.01258641,-0.363987,-4.167396E-06,-0.6066419,-0.2299601
0.08163067,0.008823344,-0.8639269,-0.1346886,0.4793744,-0.2049279,-0.2675226,-0.6461946,-0.3034877,-0.3632929
0.3174238,0.4481623,0.2525827,0.2183803,-0.06683248,-1.134211,0.06074029,0.03607914,0.0007375273,0.01935657
-0.001710276,-0.02920355,-0.4188245,0.9079006,0.06629325,0.1481858,0.03790734,-0.2657098,-0.5776535,-0.3006434
-0.2566147,-0.1771978,-0.1458302,-1.243609,0.4969594,-0.05311531,-0.08837744,-0.2307191,-0.4173369,0.8092317
5.532964E-05,0.2230049,0.0001637034,0.06986767,-0.0255745,-0.1158442,0.01279518,-0.1496813,0.2718017,0.4817653
0.0283298,-0.008815541,-0.6672063,-0.3742098,0.3512596,0.6843755,-0.1220319,0.04222388,-0.06631576,-0.1973009
;
0.003934801,-0.1322697,-0.3459016,1.08443,-0.2088035,0.1173081,-0.3782874,0.01861087,0.4776025,0.3319876
0.4349878,0.03924745,-0.0004922608,-0.07189959,0.2863578,-0.5185877,0.4350548,0.4347574,-0.06464286,-0.06296634
;
0.02229504
-0.4060521
0.4510833
0.1055086
-0.09395809
-0.1808905
-0.1746982
0.08132751
-0.4162046
0.02504016
;
-0.3277045,-0.10362,0.1492393,0.03716487,0.4080969,-0.053154,-0.05130702,-0.3232684,0.1106529,0.04976977
0.4248693,1.100658,-0.03242344,0.6536519,0.3556445,-0.1135702,0.2313611,-0.2255992,0.008898987,-0.01121121
-0.161656,-0.2689204,0.005178337,-0.1718891,-0.08065537,0.126303,0.05304059,-0.3579788,-0.2229696,-0.0609702
-0.0009485911,-0.06241995,0.004998321,-0.2347855,0.3149036,0.249197,0.0615775,0.08911543,0.06203697,0.04262853
0.7281591,-0.2271535,-0.05189455,-1.098381,0.02587861,0.01201661,0.1140153,-0.1404977,-0.2518904,-0.05931671
-0.1265455,-0.02998397,-0.002280405,0.1314238,0.1335153,0.400402,-7.575973E-05,-0.01408693,-0.1620401,0.7733305
-0.3251233,-0.02589506,-0.0005793577,0.695744,0.2538553,0.07269603,-0.1814067,-0.4801211,0.04129439,-0.3353374
0.07158325,0.3119242,-0.149931,0.06606103,-0.05404836,-0.2448794,0.7016516,0.2334896,0.02220851,-0.4111554
-0.1350785,0.03444903,-0.08686322,0.686166,-0.0007813607,-0.3858018,0.3768724,0.4244471,-0.05190699,-0.26009
0.4797449,-0.4148208,0.4206735,-0.6565723,8.175761E-06,0.7726333,-0.003363626,-0.2435821,0.07124358,0.004993028
;
0.594583,-0.216044,-0.5353435,-0.003141885,0.4458275,-0.04700012,0.1010516,0.05458581,-0.4106386,0.0089714
0.03674465,-0.02788609,-0.3522553,0.02218416,-0.004117826,-0.06368977,0.1666922,-0.3988955,-0.7212662,0.07461445
0.2720853,-0.1450497,0.2758819,-0.1090992,0.008239298,-0.2835376,-0.4057536,0.1104654,0.0455965,-0.2890251
;
