0.4087485
0.1534335
-0.2126953
0.4158506
-0.0155955
2.996514E-05
0.30267
-0.1601136
0.1420615
-0.007329195
;
-0.09187599,0.05748855,-0.4448149,-0.03293321,-0.3991525,0.3377676,0.2752019,0.3000597,-0.3544481,-0.09948856
-0.03110915,-0.3293619,-0.4752845,0.3833036,-0.1908543,-0.1007672,0.1256388,0.4436301,0.02169815,0.3056771
-0.08094951,0.03649022,0.188372,0.1711932,0.02139025,0.01626006,-0.1390277,-0.1231155,0.3860468,0.1921562
0.7124164,0.09216082,0.165071,-0.3053658,-0.1820064,-0.2789179,-0.6684169,0.09540325,-4.859498E-05,0.2316508
-0.06684977,-0.1753417,-0.04449345,-0.2618824,-0.01860446,-0.1247291,0.4560051,-0.3278242,0.2337936,-0.1239803
0.09757918,0.1999588,0.4228631,-0.3849523,0.1339708,0.4421697,0.2447543,0.03374235,-0.01566794,-0.07584167
-0.4579121,0.2288501,-0.004782442,0.007538511,0.06826109,0.2935246,-0.344831,-0.2393001,0.07947594,0.3582327
-0.2355541,0.07411858,0.1090418,0.5824124,0.5857316,-0.3097904,-0.498767,0.3463513,-0.3731008,-0.06678459
-0.03348884,-0.4073451,-0.1119744,0.2203239,0.1477785,0.873755,0.1387677,0.2666609,-0.07634989,0.1828648
-0.07067806,0.04351198,0.191395,-0.4279232,0.05988409,0.03235464,0.08540834,0.1377597,0.161614,-0.0185752
;
-0.07100573,0.5582131,-0.142359,-0.1212388,0.2870032,-0.2738272,0.03990215,-0.1389064,-0.2686734,0.01985263
1.456939E-08,-0.5248642,0.0847824,-0.3453079,-0.05820396,-0.41145,-0.01958235,0.04079677,0.3585751,-0.0002645068
;
-0.07459123
-0.3027531
0.0918076
-0.09882513
-0.1787413
-0.3856292
-0.3904949
0.1618922
0.1080251
0.03250743
;
-0.4666282,-0.2311923,0.004452463,0.7594241,-0.2214348,-0.09588564,0.03695017,-0.6112335,0.09080248,-0.3888745
0.4197215,-0.07120019,0.2290098,0.09309334,-0.0855057,0.00072043,0.1389297,0.03133088,0.3065375,0.004367196
-0.05973174,0.1542893,-0.3312198,0.0008603047,0.19227,-0.1479115,0.2063681,-0.09316016,-0.07232598,0.1569627
-0.06692322,-0.2678605,-0.1421579,0.0371291,-0.08397678,0.07175552,0.04326829,-0.3016263,0.009795166,0.00475316
0.1686793,-0.3920678,-0.02284646,-0.6178824,0.1856346,0.05647999,-0.2944535,0.01393228,-0.01274026,0.2546753
0.8714802,-0.432379,0.002500745,-0.04489976,-0.4647378,-0.3521458,-2.36879E-05,0.00993802,0.4073588,0.0199809
0.1097776,0.02601997,-0.04359865,-0.0001706016,0.3903494,-0.159313,-0.1402401,-0.009643018,0.03603045,-0.08887345
-0.3010852,0.03053099,-0.0006166932,0.001575946,-0.199419,0.2058244,-0.1866743,0.06684083,-0.4560116,-0.2588072
0.116482,0.1085094,0.212918,-0.03033731,0.1317115,-0.03661031,-0.04062504,-0.07408603,-0.3699843,-0.181249
-0.08848721,-0.02497965,0.4808127,0.03666596,-0.08773988,0.2344147,-0.05971748,-0.2388436,-0.1194085,-0.4591187
;
-1.191356,0.2969306,0.06768364,0.1172043,0.8738831,0.1428109,0.8923954,-0.002516203,-0.1932241,0.05383044
0.3590634,0.1006425,0.1496209,0.1546852,0.03716379,0.03968495,0.1285251,-0.4354544,0.1150063,0.0217537
-0.09243828,0.2820097,0.1214966,0.003163746,-0.1731662,1.025443,-0.02898471,0.2079403,0.04460799,0.01438816
;
0.02152954
0.00562809
-0.4684721
-0.1382387
-1.275989E-07
0.01812609
0.2084046
0.4282086
0.0152092
-0.09774406
-0.285115
0.3311276
0.04973597
0.8393518
-0.07100532
0.02059287
-0.08965169
0.07317311
0.03809589
-0.1031308
-0.6497183
-0.0148315
-0.3133169
0.003605185
-0.3341585
0.3079319
0.01614325
-0.04991245
0.4621205
-0.4880817
;
-0.4449428,-0.1094547,-0.116866,-0.407766,0.2963991,-0.8532118,-0.8154619,0.4532923,0.08665636,0.08921669,0.1987748,0.05683225,-0.06565156,1.330292,0.7514634,-0.09616187,-0.1074631,0.2035497,0.139972,0.6195111,-0.4295089,-0.5772104,0.4887075,-0.04547351,0.006003049,0.1745404,0.265096,-0.4961346,-0.240169,-0.02781807
0.1486173,0.05351271,0.08264233,-0.08615001,-0.7870781,0.3352793,-0.0667918,-0.00839367,-0.1646921,0.09213126,0.5540295,0.2220928,0.1288329,0.4025835,-0.009453118,0.4731134,-0.07110757,-0.2675761,-0.01604173,0.478023,0.398175,-0.4397213,-1.245169,0.001430807,-0.2144931,-0.4156353,-0.4480951,0.07049567,0.3782987,-0.05064481
-0.1029186,-0.4421143,0.2106277,0.3996218,0.2321447,0.6671463,-0.2514286,-0.4636577,-0.6940023,-0.05910975,-0.1081205,-0.4914098,0.06013948,-0.7156314,0.5488535,0.006414899,0.2482236,0.218143,-0.1176897,-0.2576882,-0.111637,-0.4175495,-0.1792937,-0.004484535,-0.3299455,-0.05382266,0.0924753,-0.6317312,-0.01267668,0.04233819
-0.08300691,0.1608037,-0.03434462,-0.3964281,0.1884625,0.03940468,-0.2189123,0.9613503,-0.5428898,-0.3511818,0.1021456,0.1636932,0.4019341,0.03685268,0.1590118,0.01406875,0.4890766,0.2029382,0.6962629,-0.01042409,-0.4838789,0.0170473,0.3605931,0.4672024,0.4420732,0.06071315,-0.8109409,-0.8509644,-0.4358925,-3.434201
-0.6914129,0.02090269,0.2599758,0.03030056,0.09665267,-0.3969685,-0.2962259,0.1544905,-0.1113093,0.1899164,0.1010217,0.1643632,0.1507734,0.0004515453,-0.2373341,0.3579506,0.002094525,-0.02129161,-0.01495534,0.5593952,-0.07822317,0.1509432,0.4453766,0.03631689,-0.5565082,0.07627171,-0.200865,-0.003218033,-0.06375157,-0.443906
0.4778574,0.03539776,0.1122082,-0.05604048,0.02982411,0.4517267,0.04617089,-0.07404181,-0.07910805,-0.05851509,-0.0916627,-0.4112183,0.05373279,0.08392826,0.308476,-0.3725317,-0.02912677,0.1587009,0.4440656,-0.410547,-0.001639115,0.02257773,-0.2662199,-0.2645285,-0.2762703,-0.2507359,-0.1613398,0.01000458,0.118116,-0.4920948
0.2217052,-0.005753544,-0.002533863,-0.06867976,-0.4424721,0.01421487,-0.4521538,1.621405,0.02383904,0.166767,-0.04005253,0.03342821,-0.1192918,0.01836338,0.008471548,0.06731436,0.0027316,0.4848115,0.148656,0.3499007,-0.4339093,0.4823998,-0.01476181,-0.223679,0.1749195,-1.452178,-0.6952644,0.1072922,0.003505511,0.1959312
-0.01408216,-0.004692447,0.5106946,-0.1215991,-0.1377792,0.1742936,-0.04166296,-0.009548268,0.3664528,-0.4845145,0.1531746,0.4056592,-0.08056786,-0.001966295,-0.1042333,-0.1874235,0.3303105,0.0762676,-0.04734137,-0.7415299,-0.3056164,-0.5310761,0.1954958,-0.2975405,-0.006108519,-0.7730536,-0.2472655,0.1735508,-0.1813511,-0.01417786
0.004490416,0.3522294,0.525186,0.136805,0.08561748,0.4980198,0.06822413,-0.1420729,0.03924227,-0.003221929,-0.4098473,0.3055764,0.8333285,-0.00520286,0.1034915,-0.1304359,0.009755744,0.2018761,0.09594235,-0.09384911,0.1162201,-0.1213086,-0.09371628,0.03281793,-0.4410328,0.1289489,0.1050283,-0.33069,0.0361206,-0.4266787
0.2315246,0.1398933,0.02923979,0.4920751,0.06233151,-0.8293315,-0.05697328,-0.08874722,-0.2695433,-0.2649822,0.03496021,-0.5142505,-0.4332604,-0.4257605,0.04296264,0.278143,0.08127323,0.4256489,-0.5925288,0.2134152,-0.3928587,-0.1151741,0.1519387,0.004510493,0.05335643,0.4030201,-0.02432623,-0.004045338,0.0008018212,-0.1713898
-0.01339212,-0.003061798,-0.0821446,-0.4778137,0.1475135,0.3954591,0.004261152,-0.26451,0.2621593,0.688616,0.4205048,-0.2636944,-0.1107171,-0.4358438,0.06005234,0.4716794,0.4170792,0.1572178,-0.3806581,-0.5043832,-0.2936284,0.4790468,5.162526E-06,0.00142422,0.1852559,-0.1826553,0.009021668,0.05347963,-0.1828555,-0.3914884
-0.4985387,-0.3496362,0.0191271,0.4327596,0.5615198,0.1967809,0.003032647,0.007731786,-0.02184337,0.0546867,0.2971822,0.2221478,-0.1956916,0.03033442,-0.4789394,-0.03580552,-0.7758664,0.1016447,0.3199176,-0.4084886,0.2993435,0.02106201,-0.08258183,0.4345846,1.483334,-0.3958447,0.006090319,-0.137148,0.4081501,0.00546521
0.1874583,-0.327622,0.4607691,-0.3499916,-0.1312606,0.2477893,0.09928343,-0.06330221,0.1805335,-0.4640261,-0.0431899,0.1957112,-0.2537606,0.2998955,0.1748309,0.4949043,0.1599308,-0.1523183,-0.1855311,-0.6245106,-0.381757,0.375639,-0.3774966,-0.1335736,0.08884376,-0.001414439,-0.131765,-0.05118102,-0.5031141,-0.2695206
-0.3511418,0.0928096,-0.3847497,0.1113935,-0.4625792,0.2632787,7.425373E-06,-0.1879553,-0.1675075,-0.06561465,-0.09320676,-0.6868353,0.2196987,-0.193233,0.5747582,0.03442035,0.2523342,0.01446914,-0.1120045,-0.09806002,-0.7143357,0.2639519,0.2526214,0.01346081,0.4271814,-0.04885299,0.3795271,0.3342119,0.00390398,0.182418
-0.8197705,1.849621,-0.2680479,-0.2186314,-0.1641791,-0.1909515,-0.02012344,0.02483151,0.001788254,0.1168463,0.7730497,-0.2147925,0.5182217,0.03419738,-0.02433247,-0.4295012,-0.03485194,-0.04804575,0.2735977,0.1934111,-0.06344986,0.1215336,-0.0253568,0.4749837,-0.3751171,0.1236344,0.2900189,-0.2939726,0.4686007,-0.01393883
0.0002594942,-0.2930652,0.0006199572,-0.03887129,0.06367916,-0.001863458,0.1153378,0.6099622,-0.04582132,0.06897064,0.003947625,-0.2490619,-0.380427,-0.3425467,0.224958,-0.05486519,-0.8689061,-0.0342527,0.1170699,0.1121697,0.2513937,0.05961996,0.2094216,0.1107543,0.01724713,-0.0426085,-0.3475137,-0.05089172,-0.1736675,0.01158286
0.004917597,0.002940595,-0.02167197,0.4200504,0.08474205,-0.401298,0.04052871,0.4942355,-0.2504023,-0.04192483,0.1243142,-0.1577541,-0.6306729,0.1377976,-0.3299962,-0.0008609344,0.1776745,-0.1142865,-0.02029145,-0.03589353,-0.08954037,-0.3407188,-0.3901829,0.3996162,0.01507801,0.07748716,-0.0001725067,0.1976223,0.4002911,-0.4387203
0.0876185,-0.608949,0.1006047,-0.009666901,-0.1861902,-0.05378991,-0.005561966,-0.1585084,0.01319296,-0.5563686,0.4116048,0.006480912,0.5579666,0.4282284,0.1323844,0.04631186,-0.1061526,0.2648146,-0.3136639,0.2629989,-0.3581411,-0.04880495,-0.2088537,-0.04707706,-0.06145471,-1.572254,-0.009724324,-0.1882719,0.07358962,0.06154775
-0.4969899,0.180429,0.02587275,0.001876027,0.1854242,0.1891949,0.215605,-0.001130429,-0.2463761,0.8113313,0.282389,0.03027923,-0.4504112,0.07368293,-0.4090283,0.1290097,0.03705276,-0.2011244,0.04000378,0.7173773,-0.2418641,0.4603479,-0.6352386,0.07239009,-0.009906251,0.01137942,0.07174975,-0.1095805,-0.3899107,-0.04618056
0.2239418,0.9730722,0.4760318,-0.0009580869,-0.02213473,-0.2737818,0.02611333,-0.08031301,-0.02342671,-0.3003584,0.3813511,-0.3864177,-0.1141829,0.05943769,0.2419344,-0.0583948,-0.08606476,-0.09043317,-8.386696E-07,0.01678255,-0.001917135,-0.8346767,-0.0004981356,0.08531029,-0.2106068,0.4099077,-0.4092065,-0.3265181,-0.1287617,0.03267529
0.007000798,0.2121821,-0.2608648,0.00831061,-1.060231,-0.3280575,0.0936133,0.1067489,-0.08747599,-0.1528838,0.3236418,0.2869818,-0.05013532,-0.3092066,0.09493493,-0.03265742,-0.02830333,0.1592284,0.3551685,-0.4498103,-0.05760582,0.177516,-0.4292127,0.3203973,-0.4433244,-0.2684375,0.007030776,0.4937749,0.005247804,0.04034263
0.3855819,-0.2912887,-0.03547472,0.06601614,-0.5887597,-0.1195017,-0.4744748,9.17526E-05,-0.293142,-0.3878721,-0.01058716,-0.395939,0.1218668,-0.2518292,-0.4253356,-0.003867668,0.318547,-0.3647749,-0.01544315,-0.2037588,0.3062931,0.2207486,0.3845718,0.3717873,0.297152,3.940082,0.01497208,0.06178933,0.03695815,-0.2154448
0.3822268,-0.3273159,-0.1285228,-0.4941472,0.08408695,-0.08585614,-0.02622289,0.08083826,0.3238041,0.2908183,0.3497716,-0.1479968,0.4772288,0.4828775,0.6684487,-0.2280161,0.364113,0.6966845,-0.2769182,0.2567474,0.007612973,0.5590072,0.0002416477,-0.09808166,0.2046743,-0.07807344,-0.05876565,-0.3824048,-0.116408,0.2653248
-0.003414112,0.00479233,0.2783669,-0.2403695,-0.107782,-0.5090394,0.03227861,0.1671166,0.6253003,0.3126608,-0.330386,-0.006518797,-0.1725002,-0.2872374,-0.1251717,-0.0442272,0.1640704,0.6539819,-0.1270289,0.3262228,0.07916807,0.2790462,0.09918671,-0.4645412,0.130795,0.02742516,0.3954713,-0.0004088312,-0.07001776,-0.4107511
0.009571027,0.07038633,-0.0490652,0.3485717,-0.001478217,-0.3975608,-0.4829179,0.1195585,-0.04222013,-4.676888,0.4614578,0.07787063,0.1083321,0.002015059,0.1463453,0.05343872,-0.04463261,-0.02088554,-0.1293577,0.1492619,-0.03175974,-0.01736015,-0.01509315,-0.1026229,0.3339194,0.155485,-0.2704833,-0.07284421,0.06615538,-0.02407891
-0.09713269,0.5560169,0.1285982,-0.08481318,0.1193816,-0.0003801351,0.03319054,0.6948417,0.02875512,0.3751031,0.05290312,0.4033704,0.2763379,0.2925322,-0.001526652,0.0125229,0.1691152,0.2455187,-0.7727578,-0.05252878,-0.4521532,0.005694076,-0.05451319,0.5205632,0.1432793,-0.3433812,0.1350665,0.2420227,-0.5817572,-0.1213468
1.09196,0.08424743,0.02034951,-0.4072068,0.0008629466,0.001698232,0.4736506,-0.02521986,0.01941089,-0.4024394,-0.03440836,-0.01576865,-0.1724964,0.00022009,-0.001927726,-0.0002186114,-1.299576,-0.671975,-0.3753346,0.03611594,0.3047673,0.1417576,0.2794243,-0.2017763,-0.1726728,-0.06034571,-0.3658974,0.03949672,0.07604291,-0.02135746
-0.2970999,-0.6699264,0.07141147,-1.327107,-0.369204,-0.003564994,0.3073955,-0.2623245,0.0289359,-0.3284642,-0.2770007,0.237824,0.06898408,0.7080048,-1.934845E-06,-0.09593855,-0.126892,0.06693199,0.03673166,-0.6955062,0.1155458,-0.4043406,0.3883518,-0.2741252,0.2895193,0.04746081,1.302873,0.005220336,0.001783507,-0.05622833
-2.603521E-05,-0.05942513,0.1772575,0.3820233,-0.09442991,0.2560967,-0.2794399,-0.2994435,0.2644441,-0.004650056,0.2391702,0.1672264,0.5981736,0.3365865,-0.7970531,1.18943,0.2059197,0.0851759,-0.03911322,0.02494935,-0.2213881,-0.3845463,0.2441843,-0.3472754,-0.139168,-0.0007037746,0.02482215,0.4225069,0.2586675,0.4116194
0.4767052,-0.1772272,0.5362662,0.7899592,0.1033414,-0.1904047,0.027387,-0.008752593,0.01483621,0.1011692,0.3902674,-0.1889417,-1.022825,-0.04283208,-0.4217327,-0.146465,0.411602,0.005148823,0.496042,-0.1022167,0.7676887,0.02287868,-0.464456,0.3868155,-0.4870768,0.007450932,-0.350945,0.07976606,-0.7095847,-0.3398532
;
0.007537995,-0.3612151,-0.09088796,0.319443,-0.01299364,-0.3317468,0.01495095,-0.1908355,-0.2326096,-0.02017361,-0.433176,0.2892005,0.2931359,-0.004177205,-0.01523602,0.1396223,-0.2716483,0.04952736,-0.009373367,-0.01692774,0.3278147,-0.02977089,0.01882156,-0.3644203,0.03430808,0.006924869,0.0799449,-0.01886932,-0.00460497,0.01049505
0.4392819,0.4626615,0.4596344,-0.002683362,0.009856322,-0.3202657,0.3589677,0.1293331,-0.2639356,-0.09575421,-0.2865611,-0.7917061,-0.2359068,-0.7014003,0.1290452,-0.1875136,0.507564,0.1138986,-0.2225836,-0.3540954,0.3540236,-0.2131761,-0.4975053,-0.2296599,-0.1863745,-0.2796264,0.1264659,-0.670595,-0.02374619,0.3495682
-0.1882466,0.02710617,0.2297431,0.01173005,-0.09682816,-0.1655787,0.2843521,0.004547376,1.451576,0.481658,0.3025981,-0.191873,0.450682,0.1499311,-0.2169321,-0.4453274,0.009582579,0.3037024,-0.002071379,-0.2270252,-1.108592,-0.06053994,0.05594391,-0.08099508,-0.6217546,8.809978E-05,0.05425987,0.06043211,2.228143,-0.5176905
;
