-0.2219035
0.05034584
-0.0837141
-0.4855996
0.4723047
-0.1286373
0.4560946
0.2959985
0.3446774
0.1592886
;
-0.2459465,-0.4394888,0.196599,0.01602,-0.08905393,0.1640591,0.4450126,0.4043015,0.2707806,-0.1139221
0.03602463,0.4812562,0.3936437,0.1873714,-0.1298125,0.005655706,-0.1485552,0.1000296,-0.469111,0.1982338
-0.1268085,0.2352943,-0.2173048,0.2304848,-0.4555269,-0.2156785,0.4712518,-0.1004366,-0.04844195,-0.03079051
-0.4027208,-0.07452542,-0.3218135,-0.4655355,-0.4749284,0.3971393,-0.4728361,-0.2505388,0.1095302,-0.3886925
0.193956,-0.4527218,-0.2281139,-0.09516498,-0.2430812,0.2667713,0.2571765,0.2888871,-0.03855437,-0.21841
-0.3512034,0.3307128,-0.3886691,-0.4992964,-0.4297307,-0.4635764,-0.1186314,-0.09694582,0.4270762,-0.2071646
-0.3555597,-0.05615133,-0.135735,0.2510411,-0.3241454,0.1612638,-0.4899031,0.07735091,0.1079332,0.1356184
-0.04997379,0.4408263,-0.1358796,0.09965509,-0.1009666,-0.413113,0.4025259,0.05782801,0.3821243,0.4720976
-0.3236195,-0.01499552,0.6370751,-0.08243078,-0.4769,-0.1435944,0.3246174,-0.3629781,0.365695,0.05184823
0.4018698,-0.2948055,-0.2878146,0.192103,-0.3268806,0.1444895,0.1421853,-0.3913194,-0.1467624,-0.3054359
;
-0.3313011,0.1934365,-0.09568673,0.15433,-0.3161094,0.1769919,-0.362506,0.446926,0.22066,0.09950608
-0.211963,-0.001646459,-0.465212,-0.0008146167,-0.4168934,0.2845838,-0.1213891,-0.2035198,0.4895332,0.09554356
;
0.01447295
0.4413929
-0.02443513
0.3310285
0.5132973
0.1228105
0.0706223
0.07216495
-0.4102393
-0.01589834
;
-0.07100738,0.0005453475,-0.1314435,-0.0259537,0.851752,-0.3305749,0.458906,0.9040396,0.004092101,-0.2558648
-0.3739635,0.302974,-0.003907681,-0.4719659,-0.2823758,-0.01438634,0.6263687,-0.3451135,-0.07658346,0.1279492
-0.3153341,0.2778025,0.1827541,-0.2228894,-0.09190506,0.05920647,-0.2265696,0.610961,0.4389458,-0.3544918
-0.1424927,0.09430844,-0.09363616,0.637771,-0.04883061,0.1082283,-0.2370884,-0.2410869,0.1054626,-0.4787732
-0.07701689,0.01162756,-0.4845847,0.3639629,0.05512514,-0.1223971,-0.4150612,0.3739711,0.3880566,-0.2849398
0.2773109,-0.07099503,-0.4019315,0.4500486,-0.0009547591,-0.002828651,0.07867908,-0.007915275,0.01934105,0.3778755
-2.114654,-0.1946965,-0.0798566,0.330673,-0.1825093,0.06121596,-0.1524397,0.4365152,-0.5166169,-0.00891872
-0.0004970926,-0.07354391,0.01750108,-0.05297552,-4.754299,0.6316583,0.03975932,0.6750379,0.2401358,-0.2570356
-0.1644984,-0.2951103,0.591924,-0.2343637,-0.04883486,-0.2580696,0.06165826,0.901903,0.4117461,-0.2035548
0.2871004,0.05404616,0.5537846,0.003068812,0.1732155,-0.4248626,2.889118E-05,-0.3303998,-0.1205754,0.3913194
;
-0.1776148,-0.2799594,0.01656178,0.1885105,0.4914839,0.206778,0.4297032,0.4296795,0.02782431,0.1364119
0.1721356,-0.07563287,0.02588214,-0.4851722,0.02072333,0.01368397,0.2628269,0.3829507,-0.4477242,0.1576794
;
0.2085712
-0.06518179
2.117712
-0.09557108
0.5758136
0.1830905
-0.3218545
0.2245686
-0.3667814
0.3730187
;
-0.00883101,0.1191905,0.09133167,-0.1028417,-0.1173887,3.163361,-0.05474525,-0.02197735,-0.002401726,-0.2526846
0.1558765,-0.008070091,-0.5627044,0.6343894,1.062885,0.01153808,0.4207476,0.07145614,0.1168985,-0.06171038
-0.1195848,0.05309974,0.03152603,0.1415929,-0.04756441,-0.2136006,-5.442979E-06,-0.4936979,0.2987595,-0.3428763
-0.01301975,1.061651,3.331557E-05,0.1707622,-0.1305958,-0.002445167,-0.002449755,0.3040667,-0.08292673,-0.01128836
0.1012293,-0.1055933,-0.1523457,0.2545083,-0.4137255,0.03242264,-0.0003264666,-0.3975739,-0.9112189,-0.03520965
0.8726642,0.00823999,-0.01918608,-0.04497408,0.3755983,-0.03333608,-0.4080424,0.3823781,-0.03998191,0.3206046
0.09085451,-0.4782097,-0.05739224,-0.4893284,-0.03895205,-0.2905071,0.02378194,-0.2122963,-0.2493708,0.04013954
-0.1455908,-0.138303,0.03095883,-0.04138941,0.006139273,-0.2659557,0.1446277,0.02237022,0.001391285,-0.03893393
0.4396009,-0.01192314,0.01732867,-0.3757088,-0.07693261,0.07223576,0.08729929,-0.0007366367,-0.0175795,0.4076842
-0.2706716,-0.003485525,-0.1579069,-0.001324349,0.5214818,-0.02477289,0.299382,-0.4064509,0.1134616,-0.9232883
;
-0.4643656,-0.579239,-0.4728296,-0.004897124,-0.4346391,-0.2464455,0.3380569,0.01740418,0.8778471,0.1789826
-6.046931E-07,0.1288547,0.1363297,0.2877229,-0.08694881,-0.1647661,0.1132589,-0.008123503,-0.1768925,0.2845392
;
0.1887709
0.1192584
0.09626789
-0.001297799
0.008675417
-0.3641224
0.1754233
-0.1263219
0.002764828
-0.2815037
;
0.02803235,-0.211327,0.2351562,0.281488,0.0346498,-0.6776596,-0.02537795,-0.04381631,-0.5733192,-0.1402164
0.2088465,0.01037104,0.1178313,-0.01585418,-0.09396725,0.6771738,-0.03486246,-0.4969767,-0.09438509,-0.1084142
-0.05753752,-0.2398995,0.4832276,-0.2219444,0.1962574,-0.05728656,0.05797861,-0.2740053,0.1375856,0.4956427
0.1910393,-0.01687971,0.020808,-0.4261366,-0.0006160146,0.02793079,0.1836843,-0.1473285,-0.04340458,-0.1451212
-0.007168105,0.4313575,0.08530721,0.03306299,0.0276973,-0.3445143,0.795389,-0.167394,-0.08970302,-0.2638798
0.09066349,0.3528208,0.1506824,0.8148079,0.1040656,0.1610352,-0.3036155,0.1536626,-0.154079,-0.5363242
0.1947628,0.1517864,-0.0002764178,-0.01046509,0.3622962,0.02347354,-0.07468265,-0.8755118,0.3373536,-0.2401744
-1.038103,-0.1952785,0.09625365,0.008536105,0.01745778,0.1755292,-0.4584996,0.07027146,0.1382884,-0.01290487
-0.0350637,0.3769213,0.02043399,0.007521695,-0.03266874,0.04666597,0.1508953,0.1262393,0.1823413,0.1499017
-0.2503943,-0.427176,0.03694147,0.005895249,0.3719406,0.01713954,-0.4285032,0.1750138,-0.4524822,0.05151131
;
-0.3237803,0.5097576,0.5030687,0.04917739,0.2082667,0.007234334,-0.2749402,0.3247552,-0.03888886,0.861226
-0.330212,-0.00394046,-0.08698103,-0.1003516,0.4164984,-0.1949508,0.3854938,-0.1312456,-0.4547585,0.08326936
-0.7255968,0.7075308,0.08695556,0.08113515,0.3141781,0.3251978,0.3857116,-1.467296,-0.1579715,-0.004435607
;
-0.04267013
-0.244646
0.2032183
-0.007597586
0.5086021
-0.4319124
-0.04997515
-0.1360776
-0.2761956
0.06820637
-0.1554038
-0.0699749
0.02090262
-0.03017932
0.2557501
0.03846834
-0.06762391
0.483363
0.481503
-0.2957069
-0.4518394
-0.3186071
-2.257397
0.1519041
-0.3070755
0.5242024
-0.4249895
0.3292105
-0.0007420873
0.7255502
;
-0.01296911,0.3047326,-0.1254999,7.695208E-05,0.1664296,-0.4510549,0.03208488,-0.06643039,-0.5147084,-0.02532343,0.2813697,-0.03633576,0.03315391,-0.294812,0.2370193,0.03857768,0.03918705,0.09394592,-0.03286308,0.1436444,-0.02910254,-0.007165521,0.1193941,-0.04287749,0.3055738,-0.01408508,-0.1669888,0.9429584,0.02277038,-0.3602027
-0.114099,-0.01126946,0.1023586,0.111606,-0.1679891,0.4235103,-0.3019302,-0.4251803,0.01977839,-0.3503051,-0.2883695,-1.998859,0.4385472,0.04281646,-0.02376395,-0.2922635,-0.01758878,-0.5924432,0.1607728,-0.002655969,-0.1068189,-0.08500478,0.1855227,-0.2473095,0.1781994,0.4999533,-0.09568332,0.0135207,-0.009867201,-0.03440587
-0.1790259,0.4154042,-0.4473677,0.3493321,-0.4999505,-0.01629518,0.497882,0.07143544,0.410931,-0.4333411,-0.4039787,0.01810459,-0.142306,-0.05569276,0.06188923,0.2453854,0.06785744,-0.7031695,0.4326704,-0.086215,0.3583716,0.007946312,0.03141484,-0.127468,-0.4137435,-0.05598789,0.1761326,-0.01458424,0.006050102,0.2285172
0.3286577,-0.01021201,0.0007108893,-0.1677473,-0.4316636,-0.01091251,0.01843419,-0.5330968,-0.440428,-0.1740149,0.1062194,-0.6620965,0.1230808,0.4807344,-0.3329551,0.8364925,0.1860981,0.208801,0.366322,0.5007496,0.002278992,-0.3234731,-0.1554818,-0.1900651,-0.6021463,0.0815879,-0.01309397,0.0006700557,-0.2849377,0.03322081
-0.0002744519,0.3535396,-0.09772226,0.1198687,-0.7888572,0.04470563,-0.09231825,0.2197705,-0.5708433,-0.03111982,-3.86952E-05,0.1335651,-0.1557671,0.611528,0.3105472,0.08524674,-0.00241052,0.2005926,-2.351743,-0.6354811,-0.08284539,0.4793866,-0.3440013,0.2632005,-0.01155117,0.7347495,-0.06404783,-0.05509847,0.03434194,0.4972296
0.05109344,0.116199,-0.4723728,-0.1173992,0.01500711,-0.1611527,-0.04790852,-0.4913892,-0.2308802,0.003071039,-0.03429104,0.006520018,0.1125841,-0.03672177,-0.2986766,0.2516143,0.3643516,-0.3692104,-0.05266098,-0.3967102,0.1053103,0.1165711,-0.2160504,0.1800947,-0.1850873,0.426555,-0.1915768,0.6114003,0.4267231,-0.02132759
-0.156895,-0.2168515,-0.05021561,-0.1408987,-0.2374447,-0.5059177,-0.04284284,-0.0005104444,0.2659917,0.1928744,0.03287156,0.6321838,0.2697717,-0.02889246,0.1075099,-0.4311213,-0.08468474,-0.3228128,0.0210523,0.3018626,-0.4760592,-0.2339448,4.673683,0.5741041,0.2292969,-0.00324168,0.05239274,-0.144046,-0.05304056,-1.155647
0.005359824,0.1829396,-0.1471499,0.2639877,-0.0954321,-0.07833287,-0.005039632,0.2790523,-0.001464043,0.5069827,0.07521523,0.1325895,-0.2724165,-0.449084,-0.2646631,0.0853073,-0.4343019,-0.383446,0.03957229,-0.3207483,-0.2112018,-0.2902912,-0.02018653,-0.1110114,-0.02487557,-1.855711,0.1200796,1.047081,0.04488539,0.1324179
0.1332244,-0.4033683,-0.3840656,-0.2505188,0.06656933,-0.03833563,-0.07671887,-0.482751,-0.4828924,0.05454764,-0.4834895,-0.3195521,-0.0248819,0.01067441,0.01035965,0.2831644,-0.005181849,-0.0003091133,0.01958897,-0.2831951,0.07015875,-0.07448941,-0.2723497,-0.3465608,0.05182642,0.1114143,0.04528481,0.1344942,0.04998523,0.2341482
-0.01823364,-0.08241554,-0.2450709,-0.1154111,0.08134562,0.0589167,-0.3125889,-0.003217399,-0.8038759,0.250653,-0.02242836,0.01064504,-0.2328212,0.06822024,-0.3766507,0.1785882,-0.3294218,-0.3169427,-0.02901727,0.06164778,0.3125284,0.1117247,0.01510582,-0.3378109,0.9549116,-0.1083769,0.1670446,0.5501444,-0.2914813,0.001715014
-0.5195562,0.3705096,-0.3576384,0.01206257,-0.04355845,0.1541965,1.158615,-0.4540195,0.4216999,0.319679,-0.1555784,-1.1339,-0.3162984,0.3971012,-0.03726071,0.2634321,0.3333094,-0.1642162,0.2722254,0.3505117,0.02794629,0.01156042,0.2654473,-0.05575162,0.3603922,-0.3050954,-0.1800606,-0.3316158,0.1206943,0.3485887
-0.01471605,0.1908278,-1.233771,-0.8255066,-0.01589245,0.2451656,0.2816046,-0.07218929,-0.2823733,0.05823344,-0.2268075,-0.2424276,-0.3378388,-0.00157161,-0.501129,-0.2366795,-1.255274,0.2840249,-0.5534565,-0.1348322,-0.02067002,0.2040682,0.9984044,0.1614939,-9.366124E-08,-0.4168117,-0.1659409,-0.2788452,0.3067867,-0.198736
-0.6279156,-0.01732935,0.01948185,0.3908966,0.08412295,-0.4894578,-0.4478347,-0.06766373,0.5611643,-0.06599706,-0.4985054,0.4972956,-0.2578483,0.05693602,0.03020316,0.4850045,-0.03863676,0.2099891,0.1337528,0.04340205,0.04824499,-0.2810893,-0.1226891,0.1825964,0.151043,-0.2499445,0.01540591,0.2779502,0.4298834,0.06848305
-0.1728307,0.4997822,0.3989104,0.01575746,-0.00743643,0.08954473,-0.04356509,0.05085798,-0.7794802,-0.4423567,0.2681736,0.1479463,-1.354207,-0.3272824,0.1771035,0.3679653,-0.1943711,0.2257143,-0.119042,0.1619609,0.06824327,-0.0001799135,0.03162017,0.0007385421,0.10363,-0.008075563,-0.01770151,0.0003844532,-0.4450111,0.09459548
-0.849651,0.6091223,-0.1358454,-0.393703,-0.08552583,0.2092345,-0.05068427,-0.9187512,-0.006298369,-0.3476223,0.02347177,0.2454199,-0.3585631,-0.3906404,-0.002942516,0.07928334,-0.4571694,0.3755523,-0.4102315,-0.02078468,0.001705294,-0.04081142,-0.05299098,-0.7840487,-0.2121974,-0.3095914,-0.1179859,-0.07061164,1.394916,0.06947857
0.1116112,-0.04697034,0.3159441,-0.02446227,0.1819807,0.1015555,-0.0062978,-0.7030434,-0.3963891,-0.1786627,0.430961,0.4243284,0.3054647,0.328187,0.5111619,0.3348117,0.4764094,0.04668259,0.01119922,-0.2847342,0.1427364,-1.123026,-0.1312392,-0.4835395,-0.3466066,-0.002754731,-0.01246399,-0.003628433,-0.3672169,0.01123985
0.1691021,0.3354197,-0.008583009,0.2900284,-0.08406879,0.01195027,-0.286593,-0.0167408,-0.1622977,-0.1696512,-0.149262,-0.08113343,-0.2962137,0.7264631,0.877178,0.03623718,0.01583892,0.02847828,0.1220223,-0.4100651,0.6477051,-0.2061419,0.04015161,-0.3351635,-0.0152859,-0.5451755,-0.01630503,-0.2618014,-0.1717649,-0.01602781
-0.3578248,0.001404134,-0.1847356,0.2162197,-0.3242792,0.02194947,0.4168039,-0.4752178,-0.1263678,0.4278889,0.01713032,0.149255,-0.04918169,0.00378497,0.2662659,-0.4327997,0.3901085,-1.110894,-0.1238209,-0.04824489,-0.298762,0.3986792,0.3518166,0.4813384,0.4992166,0.07251877,-0.004939599,-0.4344957,0.4730051,-0.4030737
-0.1257376,0.4150715,0.3756648,0.345908,-0.02192674,0.3795055,0.06227034,0.4318807,-0.006764987,0.01545864,0.150468,0.02593674,-0.1758698,-0.08094281,0.4650421,-0.1173374,-0.205316,0.7929948,-0.1568514,-0.4218094,-0.06191331,0.068262,-0.1159441,0.5379528,0.001281001,0.6140504,-0.5560035,0.04212355,0.01020652,0.2600366
0.001820052,0.02677821,0.1066131,0.0683297,0.002275122,8.575784E-05,0.02145821,0.1521421,-0.4659399,0.1878648,0.1726218,0.3194813,0.1005846,-0.3470351,0.04320747,0.5706409,0.005700259,-0.1030219,-0.3713076,-0.4763123,0.05588165,0.2239026,-0.2840592,0.2025831,0.1325221,-0.3091248,0.001914103,-0.004205466,-0.02553683,-0.4241027
0.3743492,0.2690428,0.02387452,0.3233558,0.3929968,-0.01195271,-0.07277073,1.007652,-0.01507689,-0.007066539,-0.05619982,0.7539507,0.02963646,-0.2291521,0.02127866,0.8466723,0.148895,0.3024133,0.492495,0.08320242,-0.06503154,0.08077656,-0.01123586,0.01035993,9.961905E-05,-0.1662923,0.01403267,-0.07399439,0.05119996,-0.03674223
0.09042187,-0.4667044,0.2281669,0.2749914,-0.02549201,0.00939256,-0.1600339,-0.02103623,-0.1287181,0.1162843,0.6292603,-0.4838061,0.009241668,0.0451377,-0.09322295,-0.336136,0.2281618,0.1963509,0.0833474,0.3108831,-0.2228138,-0.1440759,0.1009374,-0.1502446,-0.05646379,0.03108204,0.02317376,0.1023454,-0.3528038,0.1791787
0.2455627,-0.01645839,-0.02534634,-0.2442772,-0.1557536,-0.439015,0.2088469,-0.002041421,0.17856,0.3834256,0.4067485,0.2875493,-0.07377597,0.02285308,-0.1647771,0.298897,-0.0003110053,-0.0363062,-0.08441633,0.06605524,0.107622,-0.461067,-0.4521879,0.001590285,0.004140457,0.2007575,-0.09756857,0.1519739,0.0456207,-0.2497556
0.05730333,-0.06042998,-0.1448869,-0.2380337,0.1754169,-1.465033,-0.3309911,0.1296535,0.09978505,0.4263575,-0.003905225,0.2455864,3.463894,0.01363282,0.04594648,0.9616453,-0.1024371,0.01012036,0.01246005,0.01314074,-1.654423,-0.4840064,-0.005206698,0.02058859,0.119056,0.3523206,-0.1485783,-0.6687905,0.06097176,-0.03188868
-1.293939,-0.01194581,-0.6272145,-0.1386107,0.2060795,-0.525645,0.001644825,-0.01015123,-0.4231788,-0.09364096,-0.264815,0.4084274,0.2475446,-0.06009028,0.7326201,0.0268933,-0.3181899,-0.02106726,-0.4114519,0.02024765,-0.00177067,0.0005829331,-0.4162521,0.3236898,-0.02875943,-0.01510353,0.7964673,-0.5491962,-0.1638381,0.04778987
-0.5430788,-0.02140148,0.3749368,0.4941522,0.1658907,-0.2192085,-0.005928189,0.7497398,0.123117,-0.2406729,-0.0007813337,0.2531043,0.3987995,-0.01034989,-0.4975252,-0.01363698,0.01591069,0.01946314,-0.6261178,-0.2995989,-0.3746028,-0.638497,0.01065608,0.3698089,-0.1135808,0.02121914,-0.8340752,0.3036386,0.2508,-0.1593722
-0.08298699,0.04331402,-0.003773631,0.03141841,-0.1084853,0.1906845,-0.3133167,0.389853,0.009472609,0.2360499,0.1040012,0.3165706,-0.01020826,-0.05826819,0.3668693,-0.2017305,-0.0130866,0.02509116,-0.08071285,0.03104764,-0.1119991,0.2316007,-0.3394985,0.09097868,-1.375055,0.005805643,0.09711517,0.09119123,0.2566005,0.0001714253
1.662444,-0.4151012,0.01412855,0.5920575,-0.1957176,-0.2894247,0.3021659,0.2240797,0.02884144,0.5152645,-0.3986768,1.258047E-06,-0.1312815,-0.100427,-0.3977826,0.317988,-0.252081,0.2211531,0.4854205,-0.6316357,0.4641619,-0.03833152,0.3747979,-0.1112609,0.3815032,0.2322044,0.0774508,-0.0510015,0.536324,0.007655462
-1.249187E-05,-0.001018112,-0.01903957,-0.1431568,0.1269777,0.1233222,-0.3537591,-0.2731198,0.7776067,-0.3319235,0.04030716,0.3940998,0.004405324,1.246551,-0.002323863,0.3849353,-0.3419713,0.4133971,-0.03981102,0.09173024,0.001150841,-0.1853686,-0.4972941,-0.4453952,0.3439462,0.8183309,0.1333213,-0.07990617,-0.004885343,-0.2567407
-0.05526701,-0.5509074,0.007928931,0.7480777,-0.6921037,0.4207295,0.2272238,-0.791665,0.5475231,0.007149824,-0.3859367,-0.3797696,0.0109963,-0.2223554,0.04925138,0.1258674,0.1797489,0.0660885,0.2042856,-0.0007432301,-0.1025087,-0.3197749,-0.3807051,-0.2624105,0.4039,0.0102656,-0.246583,0.6032892,-0.193612,-0.09950926
;
-0.03650534,0.03409534,-0.3431689,-0.05973953,0.004294163,0.4504813,-0.03962125,-0.1618988,0.004701984,-0.09900939,-0.050071,-3.304221,-0.4993938,-0.4453003,0.511533,0.2720166,-0.1790787,0.08955044,-0.6879728,0.4873565,-0.02878338,-0.07101959,-0.6498457,-0.04269689,-0.002465887,0.01872319,-0.1026142,0.07932593,-0.0009265337,0.0322695
0.1225211,-0.2152538,-0.4462653,0.4686328,0.1428299,-0.3748744,-0.336056,-0.4408627,-0.4455707,-0.2063783,0.04335412,-0.2260467,-0.02105039,0.3956043,-0.2489791,0.04801329,0.6179687,-0.470892,-0.06271917,0.4168053,0.1405789,0.01487745,0.02282117,-0.3173252,0.1748785,0.3011656,-0.3459208,0.01140192,-0.03766608,0.2343556
0.3393667,0.8143682,0.07426573,0.07388797,0.2342061,-0.4866719,-0.3604033,0.01050287,0.09158888,0.3210459,0.2704937,-0.4231242,0.1259236,-0.4330266,0.3807889,0.02926367,0.1230875,-0.2974526,0.0905895,0.159903,-0.3985745,0.0002308959,-0.01245906,-0.2057232,-0.2908117,3.384577,-0.03955238,0.3319936,0.2259924,-0.3116232
;
0.1220796
0.1788804
0.1503983
-0.02837409
-0.1023152
-0.05972461
-0.06822046
-0.09772998
-0.3429803
0.2564279
-0.02578597
-0.4022408
0.4407619
0.005340252
-0.3747604
0.0419055
0.3721102
-0.003679359
0.1340601
-0.126409
0.4183202
-0.07944983
-0.498314
0.01169022
0.0135645
0.0155821
0.1945545
0.1205259
0.4787297
0.4116443
;
-0.05337183,-0.02629316,0.402375,0.02480269,-0.05960361,0.3480839,-0.4272228,-0.339107,-0.381868,-0.4758005,-0.06065953,0.4337075,0.4267617,0.1435509,-0.298799,0.05256912,0.2338577,-0.3262792,-0.7418302,0.7425021,-0.1094065,-0.02934493,0.6288567,0.03658981,0.2901745,0.1367055,0.5842295,0.000507176,0.3330859,0.6291512
0.09610522,0.01898176,0.4095287,-0.1106689,-0.07522876,0.2364071,-0.07525959,0.2037152,-0.2585962,-0.1042646,0.07708824,0.7820821,-0.09627543,0.2026271,0.1609894,0.0966312,-0.1279277,0.3009276,-0.09987169,0.03614675,-0.1612175,0.02009239,0.07159736,0.08611525,0.4607038,0.0267895,-0.1231389,-0.3187686,0.02243885,0.402836
0.08978198,-0.0002575404,-0.3224845,0.2091275,-0.2317844,0.08842939,-0.07808417,-0.2089708,0.4715297,0.04888179,0.3773204,-0.4536986,0.6037799,-0.2413277,-0.3651584,0.2986069,-0.7647656,-0.03438104,-0.2074137,0.3084892,0.7016205,0.415095,-0.019288,-0.09234608,0.08312017,0.1943462,-0.4099905,-0.4006435,0.003596898,-0.01481631
-1.135803,-0.1068289,0.1339662,-0.1012338,-0.08959323,0.2744553,-0.1654912,0.08146375,-0.2725773,0.001298471,-0.01278893,0.08082043,-0.366247,0.02818879,-0.6052574,-0.4773499,0.2237726,0.1208021,0.1959829,0.4407971,-0.4746526,0.0226337,0.009976495,0.4757967,-0.4131604,-0.8069451,0.4526241,0.3459443,0.1879424,0.3902776
0.2583722,0.02268094,-0.06659963,-0.03402551,0.2151927,-0.6977434,0.7781798,0.2434261,-1.190564,-0.3533682,0.6724426,-0.04826218,0.07506555,0.2736402,-0.281231,0.06032979,0.1074683,0.07033729,-0.2208546,-0.3592047,0.1532603,0.001063116,0.01308292,-0.283892,0.1921313,-0.1867961,0.01073745,0.1900334,-0.15161,-0.4534113
-0.1030199,0.1025992,-0.02826766,0.1630599,0.4462492,0.5902874,-0.08043259,0.007655203,0.260653,-0.03727316,-0.34362,-0.1357827,0.4360958,-0.3441168,0.172452,0.02955915,0.01882902,0.04612257,0.2394844,-0.1106325,0.01231273,-0.0921956,-0.06591394,-0.07446909,-0.01992368,-0.1137342,-0.03417064,-0.2942127,0.2063269,-0.3424827
0.4433286,-0.221447,-0.4805834,0.1036159,0.06670576,0.05415672,-0.1712207,-0.04120558,0.1018037,0.04191443,0.3612982,0.1047982,-0.4487696,0.0501071,-0.2014531,0.03655743,0.08513899,-0.5350406,0.2349003,-0.2806323,-0.01968844,0.2556666,-0.3811368,-0.4761927,-0.7979634,0.02705742,0.2531205,-0.4617289,-0.1608137,0.05042646
-0.1301612,0.03381139,-0.3394304,0.1825711,0.4260439,0.03810839,0.2857819,0.4043854,0.4354523,-0.1648063,-0.08796793,0.5736581,-0.4836764,-0.0997048,-0.6112646,0.2944169,-0.3255814,0.03937254,0.4520147,0.1104071,-0.0005960719,-0.1493557,-0.8373367,-1.049997,-0.006011156,0.002070721,-0.01465059,-0.06663148,-0.02976364,-0.367499
0.3257513,-0.3107791,-0.2055002,-0.03083691,0.236655,-0.08213469,0.003409316,0.01969129,0.1146738,0.3142458,0.3365992,1.472877,-0.2815509,-0.1609029,0.3080003,0.09353202,0.7053489,-0.274295,0.2178351,0.06845659,-0.3921849,0.003442466,-0.1465753,0.2769731,0.1203446,-0.1891795,0.4170233,-0.198737,-0.1516688,0.2362454
0.06390494,-0.009966539,0.05637878,-0.5061209,-0.2384781,-0.7703307,-0.2633616,0.08798438,-0.4714563,0.1352201,-0.05706411,1.093897,-0.02488822,0.2697877,0.1075647,0.3512724,0.3119719,0.3168597,0.1747008,0.001237094,0.00421875,0.4373946,0.5505603,-0.3517323,0.2315743,-0.03616029,0.0272594,-0.3127509,0.5718496,0.03588553
-0.1167354,-0.1738117,-0.06343704,-0.07614702,0.1067698,-0.1675915,-0.02459918,0.4449089,-0.4435302,-0.04544268,-0.4350526,-0.3995754,-0.299716,0.06871778,0.1430696,0.3132645,-0.01132078,0.1399004,-0.387192,0.0049998,-0.3505076,-0.5252553,-1.644793,-0.004978077,-0.09658594,-0.2268324,-0.2710184,0.342154,-0.3509289,-0.0180028
0.2980567,0.3300517,-0.3920684,-0.3794427,0.02640443,-0.01013823,0.6554705,-0.374028,0.2714587,0.06746914,0.1129519,-0.1776032,-0.008991539,-0.002292812,0.2670858,-0.2612309,-0.05179995,-0.308267,0.17532,-0.03572196,-0.1958029,0.008281718,0.4920973,0.07837819,0.2283506,0.002961934,-0.3488978,0.1320985,0.1283914,0.03065725
0.1660828,0.3073072,-0.1755016,-0.3278157,0.247172,0.09739672,-0.005053561,-0.2140417,-0.2409164,-0.105813,0.002462609,0.1731166,-0.07778985,0.006948014,0.1285354,0.1271163,0.4634203,-0.1186334,-0.2850509,-0.01051766,0.2841063,-0.4402572,-0.3052622,0.1981432,-0.00119801,0.219026,0.05277442,0.1048531,0.02609915,0.002351344
-0.1446075,0.3397288,-0.003716961,-0.05488808,-0.2436764,-0.269599,0.02154649,0.9173204,0.5259877,0.0004508589,0.06872618,0.08082121,-0.001302116,0.3955222,0.1832812,0.3201311,0.308491,-0.321189,-0.4986474,-0.03160735,-0.3309646,-0.2553151,-0.1090853,0.3914653,0.4014682,-0.3626455,0.414704,-0.005934709,-0.02761528,0.1775089
-0.06581027,0.04011256,-0.7840192,-0.1672605,0.3479526,-0.01524482,-0.4590771,-0.4045661,-0.4211534,0.2305046,0.3922555,0.4741935,0.0970545,-0.09834615,0.1013138,-0.01095872,0.3015816,-0.2811362,-0.1782412,0.3945338,0.3893835,-0.09434658,0.05712151,0.06431085,0.4722541,-0.0005365014,0.0812806,0.02908736,0.09949869,0.263904
0.1509401,0.02497944,0.01888692,-0.4767269,-0.1180742,0.7391741,0.02596872,-0.01752746,0.02487606,-0.01536131,-0.02897432,0.2113941,0.03995902,-0.004580851,0.3358845,-0.1702296,-0.1933614,0.1362586,0.4663503,0.03873727,0.01657158,-0.1045924,0.4537877,-0.1643537,1.046363,-0.4903487,-0.001818269,-0.4068478,-0.02576009,0.05791083
-0.1633999,0.17251,0.009220078,0.007159698,0.0509462,-0.4718919,-0.5255775,-0.07468194,0.2095868,0.005538948,0.2317134,0.1456566,0.003428188,0.6828048,-0.1945688,0.4246827,-0.2902814,0.08494173,0.1159278,0.1786756,-0.4658955,-0.2548841,-0.1624687,-0.07517056,-0.0006966172,-0.01431385,0.6336064,0.429655,-0.01421469,-0.07443465
0.226199,6.936159E-05,-0.03094942,-0.1913426,0.8065214,-0.07922951,0.02642159,0.1178654,0.3651708,0.008450714,-0.1206608,-0.310552,-0.002453983,0.09631676,0.1182833,0.01105792,-0.5341626,-0.05033457,-0.461314,0.07059247,-0.007220907,0.3943144,-0.03243243,0.9827158,-0.1561483,-2.47065,0.3920336,-0.0003138129,0.001094782,-0.3259223
0.1255254,-0.8154798,-0.2515774,0.3868002,-0.1909648,0.229248,-2.320768,-0.4629456,-0.3805618,0.7173686,0.3103336,0.3317365,0.1649572,-0.04850572,-0.03441929,0.425499,0.3314474,0.01775443,0.01108291,0.06079215,-0.03067381,0.01112934,-0.001758106,0.1860119,0.2696526,-0.03048507,0.09450215,0.1636238,-0.265328,0.2933513
0.06399471,0.006573385,0.2536236,0.4352628,-0.4294883,0.2287944,-0.1026874,0.1703199,0.3115259,-0.03776329,0.007127375,0.1503003,-0.1578813,-0.118164,0.201038,-0.4660796,0.01622888,0.1456357,0.4165598,0.08971077,1.187989,0.1590416,-0.3999003,-0.4037581,-0.02928575,0.3588206,0.2325064,-0.07814891,-0.0488498,-0.3002412
0.3481004,0.1212245,-0.402866,0.01151605,-0.2493353,-0.0007377511,-0.2288795,0.03026217,-0.4150867,-0.05453151,-0.4582614,-0.03237459,0.2873085,0.08304552,0.3617569,0.1170917,-0.1111738,0.007062278,-0.3907197,6.611422E-05,0.4117349,0.2748259,-0.3467421,-0.1418805,-0.03981113,-0.01069158,0.002766103,0.4062104,-0.0208717,-0.4539762
-0.02447758,-0.3789748,0.07966352,-0.4089684,-0.09408444,-0.4246819,-0.4825248,-0.008484546,-0.04225034,0.4406783,-0.06433719,-0.1372554,-0.184039,-0.3670892,0.3187082,-0.09856892,0.02402375,0.3723366,-0.3922329,-0.4602268,-0.1198248,0.1051787,0.5500565,0.1186882,0.2409339,0.1002113,-0.07012115,-0.06893867,-0.180978,-0.4202596
0.7650321,-0.09034783,-0.0004128814,0.3941299,0.2956495,0.03061566,-0.05942781,0.1613624,0.1044915,0.2879041,-0.003484572,0.2788985,-0.2339871,-0.02091461,0.2924497,-0.07095905,0.943673,-0.2273799,-0.380389,0.1168986,-0.2907234,-0.1711608,0.4311246,0.08794165,0.03716298,-0.4569317,0.124254,0.2560647,0.000230536,0.03702635
-0.09396547,0.08680547,-0.3139821,0.4872576,-0.3441402,-0.09556188,-0.1820355,-0.01305545,-0.0013259,-0.04337559,-0.4368398,-0.09296034,0.1047559,-0.04638829,0.125139,-0.00346745,0.4363105,-0.014943,-0.219833,-0.04759718,-0.1838807,0.6558977,-0.1471984,0.08601862,0.001968518,0.8518717,-0.4950806,-0.1649219,-0.1473947,0.3295553
-0.499994,0.2197455,0.02402252,0.2169819,-0.005990865,0.02576691,-0.5256357,0.0003409981,-0.4884846,0.2693798,-0.2826522,1.0543,0.08543921,-0.2732632,-0.09268929,-0.09061903,0.07652663,0.02476516,-0.08119148,0.01832462,-0.5755046,0.1592405,-0.6177486,0.1133117,-0.2434777,0.6639253,-0.13105,0.3809848,-0.0292235,-0.06845444
-0.4118278,-0.00537428,-0.3134637,0.03632228,-0.03604556,-0.07634618,-0.08073512,-0.1390718,-0.6202552,0.788652,0.3260671,-0.03014868,0.7429568,-0.2704475,0.02045041,-0.1864851,1.815026,0.3014147,0.179854,-0.02164072,-0.01381058,-0.0937375,0.2295442,-0.4556071,-0.1552707,-0.2109218,-0.3620285,-0.277078,0.1652952,-0.1273199
0.6768264,0.06896943,0.1190497,0.6469335,-0.1360298,-0.2719628,0.3861617,-0.1685232,0.1742545,-0.306529,-0.0443622,0.4084399,0.001428763,-0.1087307,0.680846,-0.03599758,0.07871916,-0.1658385,-0.2121324,-0.2202121,-0.07890838,0.1969635,-0.1534466,-0.1291947,0.07295317,0.270138,-0.2174135,0.10301,-0.3312488,0.006562931
0.1706107,-0.1328146,0.4204854,-0.285412,0.3567364,0.05206543,-0.002999352,-0.03432757,0.9910366,0.2704567,0.319532,-0.7756745,0.1660492,0.05481273,0.1815708,-0.002781055,-1.733605,0.005259526,0.1641376,0.0142218,-0.07878476,0.6544531,0.3509609,-0.4330932,-0.2793097,-0.3605097,-0.372149,0.1924824,0.7609097,0.003052295
-0.002634731,-1.257705,0.1604345,0.2918028,0.1848229,0.0726229,3.99233E-07,0.1896982,0.5372064,-0.03854021,-0.161193,-0.07826048,-0.2580151,-0.2380275,-0.1274348,-0.06397689,-0.2672911,0.6369404,-0.1566929,0.2048166,0.01688945,0.2176326,-0.006836398,0.02467126,0.1916875,0.03006107,0.2281438,-0.03193904,-0.05475968,0.0386639
-1.152615,0.1082206,0.008285103,0.6089417,-0.5253011,0.2602589,0.3089257,0.1138038,0.0001006294,0.07983427,-0.2609847,-0.6348838,0.6473086,-0.01127815,0.03587252,-0.004095104,-0.3364943,0.005698894,0.0001457792,-0.06767243,-0.5591399,-0.06658835,0.1012723,0.4139371,-0.2646667,0.01240726,-0.3146077,-0.3783926,0.5963563,0.3676529
;
-0.8652399,-0.08810908,0.08161765,0.1010717,0.4483228,-0.3718376,-0.8314661,-0.2458487,0.003051757,-0.2604747,-0.2985002,0.1018371,0.1238156,-0.1489003,-0.04165131,-0.0176515,0.0592224,0.2957119,-0.1004161,0.05189568,0.3245989,-0.004100413,0.04246723,0.07551973,-0.5995811,0.0766973,-1.076366,-0.35309,0.06746615,-0.3462141
-0.08568263,-0.1765985,0.1347101,0.1616605,0.292758,0.4445692,-0.2490438,-0.1639361,-0.2087094,0.1376611,-0.2496105,0.0364586,-0.04541722,-0.3519059,0.4997646,-0.2642351,-0.2106803,0.4659159,0.5020138,-0.3930072,0.4205737,-0.001698504,-0.03998126,-0.103388,-0.1191655,-0.4082897,0.01058657,-0.08970243,0.08959255,-0.273343
-0.03121931,0.3108968,-0.01324322,-0.1827552,0.1737157,0.02828916,-0.0595789,0.6235856,-0.1731379,-0.04898363,0.126142,0.0002764375,0.1966662,0.4459647,-0.008016656,0.3949081,0.07219143,0.03971081,-0.0450222,-0.151787,0.7926322,0.4018905,-0.02901529,-0.327025,-0.1322361,-0.008243846,0.5912208,-0.1694438,0.4906518,0.02424302
;
-0.09234708
-0.005822682
-0.1148749
-0.039619
-0.003749104
0.8587382
-0.3983642
-0.09732476
-0.364517
0.07701749
-0.01329777
-0.3737373
-0.2512367
-0.2304673
-0.1299954
-0.02592768
0.1830625
0.3430816
-0.2006242
-0.3192981
0.2985827
-0.2185885
0.4426172
-0.002956478
-0.1890966
0.009579563
-0.4898526
0.005908489
0.6794013
-0.3678164
;
-0.02279419,-0.3675481,0.2201737,0.004418792,-0.07783879,-0.3823029,0.9465703,-1.527108,0.3828406,0.1253475,0.01757033,-0.159134,-0.1903737,0.2260801,-0.1079046,-0.3870939,-0.0483212,0.1193478,0.2709756,0.1738127,0.02281488,-0.3152236,-0.5875347,-0.02309179,0.09453863,-0.1432555,0.2022506,0.2064819,0.07083863,-0.2305595
-0.4951739,0.05579903,-0.1395818,-0.05990769,-0.4763986,-0.3147345,0.1337333,-0.03845703,-0.3175346,0.1751296,-0.02402048,-0.1203958,0.3802376,0.1725731,0.01294217,-0.4900788,-0.1164682,0.3191352,0.009356439,0.1725111,-0.1442351,-0.05753331,0.1124629,0.4295969,-0.03920007,-0.2711645,-0.04530273,-0.1497097,0.04085356,0.2763016
0.04873165,0.2061477,0.01359568,0.06615765,-0.1151479,-0.03524572,0.04967164,-0.4512709,-0.3480051,-0.1572282,0.0003413463,-0.8851876,-0.01859321,-0.1062497,0.2662359,-0.1728227,-0.029999,0.004437126,-0.1184253,0.07427283,-1.060665,0.004243155,0.1161316,0.4777688,-0.3145329,-0.04501207,0.765152,-0.168447,-0.01794183,-0.01557928
-0.2240828,-0.1891085,-0.0354113,-0.008733091,0.1379666,0.001869714,0.4500551,0.5631845,0.4136382,-0.3321329,-0.01797532,0.0545412,0.2609811,-0.4858989,0.03129522,0.0122842,0.4731679,-0.3200996,0.1983716,0.05056311,-0.3962672,-0.4811343,-0.04010724,0.1324872,-0.1258369,-1.202482,0.02539495,0.0355869,0.05346495,-0.07055856
0.5874572,0.2571169,0.8105338,0.05713555,-0.3368472,-0.193736,0.003119183,-0.00106088,-0.9447305,-0.5893776,0.4348948,0.3506365,-0.04055333,0.4136752,-0.2752723,-0.1445566,-0.620243,-0.1165923,-0.4722416,-0.1859895,0.07001974,0.08392861,0.03810464,0.6188956,-0.009978408,-0.1861674,-0.4416685,-0.09694603,0.1129035,0.03279629
0.05492327,-0.3255441,-0.002836163,0.111372,-0.8548226,0.1437284,-0.4523469,0.4361614,0.4502787,0.09901069,0.4114827,0.3814,0.02932435,-0.05929637,-0.9462324,-0.247662,-0.008504332,-0.3655239,0.2022822,-0.2012888,0.3296229,-0.2755791,-0.0351739,-0.03134205,0.2434238,0.1059242,0.4925402,0.09903906,-1.34601,-0.09268099
-0.1886467,0.6268277,-0.7248018,-0.02353727,-0.02121186,-0.08416814,-0.70668,-0.0439604,-0.4477193,-0.3271747,0.08889516,1.304755,-0.008276857,-0.5255293,-0.03066685,-0.2334591,0.2613593,0.01850319,0.4079486,-0.09077355,0.09823352,0.3873962,0.000729794,-0.006825864,-0.8315861,-0.07032179,0.1684328,0.1074307,0.02601391,0.6378472
0.1363321,0.09357193,1.096632,-0.3560607,-0.03834696,-0.04944256,0.1353039,0.001809094,0.7277241,-0.1219129,-0.4993115,0.3587434,-0.4944489,0.2751603,0.384402,0.4420245,0.09216469,-0.3153863,0.1481598,-0.4209361,-0.4551595,-0.03439835,-0.202338,-0.01199519,-0.3153957,-0.3349987,-0.1285251,0.34305,-0.176051,0.08806016
0.3753409,0.5872383,0.2691116,0.4328753,-0.1604677,-0.157771,0.4012996,0.1491405,0.005466918,-0.3734914,-0.02581727,-0.1583006,0.3900538,-0.006097763,0.01775644,-0.1361215,-1.022032,-0.280027,-0.2837586,0.1323939,-0.5326127,-0.2106385,-0.130045,0.2929416,0.3043109,-0.3694227,-0.06613288,0.01416133,0.09291263,-0.05716184
0.3331455,0.116323,0.5630515,-0.05279571,-0.3740739,-0.5080052,0.008221862,0.3652687,0.003371775,-0.8379599,-0.01525303,-0.01328808,-0.07161852,-0.09608519,0.08663872,-0.02095562,-0.1165077,-0.2500268,0.1350342,0.0742957,0.7669728,-0.1526456,-0.09060173,-0.1632839,0.4925355,-0.417135,0.8218059,0.3108176,-0.02904616,0.04475328
0.2522828,-0.06061417,-0.1445139,0.2839258,0.271956,-0.3721019,-0.0290759,0.04050842,-0.01087091,0.0005253782,0.2323205,-0.03700893,-0.1486907,-0.4120921,0.1220402,-1.613067,-0.172389,-0.04121697,0.2312587,0.2008506,0.4661546,0.4278887,-0.08871473,0.4160609,0.3661857,0.3703905,-0.2290663,-0.1430495,-0.3428367,-0.03855535
-0.03866929,-0.03379494,-0.4595451,-0.1116078,0.05786278,-0.3117514,0.2581141,-0.4828864,-0.5798136,0.3012343,-0.4738247,0.005111825,-0.1562306,2.191545,1.073038,-0.001453629,-0.05662149,0.2360324,-0.001356855,0.3651152,-0.06949296,-0.1221897,0.09338377,-0.006751075,-0.1175498,0.01475628,-0.3208897,0.113545,0.2573623,0.005355299
0.1336473,0.08325545,-1.355679,0.0069223,0.19219,-0.4432679,-0.2120538,-0.3625778,-0.4491901,0.2168193,0.009410163,0.3235326,0.1478041,-0.286643,-0.08495849,0.8381625,0.5991971,-0.001294398,-0.0218719,0.459221,0.07443064,0.2033749,0.03780173,-0.2665446,-0.2531039,0.2931861,0.9770201,-0.5336136,1.453192,-0.3469088
-1.313244,-0.1840039,-3.255581,-0.06953605,-0.4120972,0.4348001,-0.6339864,0.007921994,-0.2309746,0.3785846,-0.05393916,0.9682139,-0.15369,0.3195678,-0.0001145274,0.3942522,-0.00487242,-0.01593387,0.3346484,0.2399517,0.4915788,-1.026833,0.002376296,-0.262629,0.4547114,0.2443946,0.4891207,0.453315,-0.1153943,0.112435
-0.01042696,0.05204994,-0.5130324,-0.5935375,0.1113807,-0.6814837,0.5217884,-0.0129406,0.4575681,0.06743199,0.002565559,-0.3854481,0.4841915,-0.4986166,0.2151078,1.480156,-0.3026278,-0.4867647,0.3938234,3.521651E-06,-0.04172581,-0.1009743,0.001643735,0.02664233,-0.4988871,-1.349733,0.007163253,-0.6841555,-0.008259594,-0.1071575
0.00124884,0.7051936,-0.1391456,0.1483727,0.7701344,-0.01585072,-0.04273366,0.3569395,-0.616023,0.04285989,-0.4043236,0.489725,-0.453799,0.006943992,-0.3238791,0.01139671,-0.03342042,-0.165016,-0.01832231,-0.2874306,-0.01638453,0.04374519,-0.05657588,-0.04294511,0.02845996,-0.7911721,0.01941747,-0.4703053,0.1256325,-0.03658298
0.1498711,-0.6407934,0.01009221,0.02730777,-0.009782612,0.6748013,-0.0244146,-0.4543345,0.327772,-0.1090798,0.0003119391,-0.03056996,0.001706909,0.2216337,0.4778489,-0.005568432,-0.2464938,0.04665458,-0.3813436,0.3201103,-0.4675511,-0.0003927984,0.1404095,0.3859411,0.00021409,-1.309773,-0.5488971,-0.3389263,0.1637407,-0.002711358
0.182595,-0.01522879,0.09007118,-0.5359284,-0.322751,0.106999,0.3288199,-0.1081772,0.01937189,-0.05790395,-0.03417748,0.233185,-0.1484072,-0.007315096,-0.5168167,0.09865445,-0.06072396,0.07334262,-0.2313005,-0.2074044,-0.05034095,0.06249937,0.09773123,0.001389205,0.1348753,0.3170778,-0.1064009,-0.164606,0.4261513,0.443599
-0.0550465,0.05071126,-0.02945453,-0.06258203,-0.08258749,0.05241793,-0.1205882,-0.1527132,0.2345484,0.1134506,0.241335,0.5867323,-0.135002,0.3872832,-0.08574521,-0.3234098,-0.2135882,-0.2404313,0.4517347,-0.3561903,0.1139169,0.1623496,0.04796976,-0.4630057,-0.2156723,0.4716073,-0.3704416,0.4797747,0.2249313,0.4306687
-0.05391217,-0.09361898,-0.2508371,-0.04275742,-0.1428439,0.2858248,0.001446796,0.04980512,-0.1082692,-0.06273192,-1.303011,0.0135907,0.3863698,-0.1598644,0.0240594,-0.05694517,-0.3831147,-0.1481857,-0.4985456,0.2798208,0.03358179,-0.2891399,1.304767,-0.3955195,0.0524619,-0.4503896,0.08958355,-0.4578198,-0.01629595,-0.8280823
-0.01363376,0.1304726,-0.07582074,-0.4273545,0.4244725,0.3603903,-0.6582745,-0.5397277,-0.2293091,-0.4668429,0.1159153,0.1081376,-0.03779608,0.1780112,0.03807472,0.1563506,0.0430261,0.3096074,0.2623531,0.1596975,-0.2820885,1.27865,0.08782589,-0.1268746,-0.1747438,0.07732596,0.005510747,0.1056281,0.01760543,-0.0325788
-0.1838969,-0.5267884,0.09364384,-0.1037104,-0.2599093,-0.1266063,0.06587686,0.3776489,-0.2920851,0.6262676,-0.3571513,0.001007598,0.4956503,2.018227,-0.1638781,-0.3380351,-0.4579904,0.06755983,0.7128013,-0.01603292,0.4087243,-0.4144144,0.1834387,-0.007963262,0.03469798,-0.002815367,-0.02787359,-0.3341113,-0.2389854,0.2308737
-0.4984237,-0.0708892,0.3455338,-0.03315308,-0.1307375,-0.3467726,0.1679729,0.3009354,0.008237898,0.2207159,-0.007601232,0.4132529,0.1192657,0.5353777,0.02288999,-0.03691528,0.1584279,-0.47321,-0.3209605,0.1621671,-0.2635286,-0.3509928,-0.4754604,-0.2464769,0.659928,-0.01538205,0.015315,-0.1568649,0.01052054,-0.1319008
0.237687,-0.2709503,-0.1443296,-0.2374041,-0.008139499,0.05381738,0.09855735,0.2378997,0.06151543,-0.6742583,0.03716644,0.06562668,0.01797521,-0.3198015,-1.284483,0.1793577,0.1750069,-0.0007954728,-0.377749,0.02302279,-0.3232001,0.06509457,0.1716442,-0.002438072,0.0006287324,0.1360337,-0.2137176,-0.09141383,0.6381504,0.3622584
-0.5044882,0.2948547,-0.2559922,-0.4391018,-0.08187431,-0.390286,0.2494542,0.4649878,0.06487674,0.1960239,-0.03486489,0.8077646,-0.3770645,-0.2270469,0.06854872,-0.234252,0.1170849,-0.4375579,0.3583791,-0.7301341,-0.2294861,-0.009288371,0.03524055,-0.2393811,0.01379472,0.3371331,-0.6214609,-0.001790629,-0.1858494,0.4902456
-0.4263378,0.03888015,-0.5683774,0.5725645,-0.001853609,-0.3674539,0.02806133,-0.03472471,0.1012107,0.1284507,-0.03280061,0.909413,-0.3052959,4.131266,0.7129034,-0.001235524,0.3826244,-0.01021902,-0.4123704,-0.05023628,0.03515773,-0.4737546,-0.0004176921,-0.4689164,0.006647062,0.07912236,-0.4684489,0.5020778,0.1296234,0.1059793
-0.1867637,0.3968028,-0.7864597,0.01885734,-0.1255306,-0.02143321,-0.3047781,0.3987433,-0.05781039,-0.3996814,0.2134861,0.2764443,0.09935042,-0.2291806,0.4510149,0.4853966,-0.01754798,0.1916188,0.06198126,-0.001430504,0.4540587,0.0001079889,0.2711356,0.4866138,0.001090606,-0.207195,-0.1020071,0.6068147,0.1352745,0.1727626
0.4851879,-0.04366785,0.4538538,-0.5253873,0.2393773,0.2993248,-0.2735983,-0.2659826,-0.3368089,0.0008666603,-0.3651223,0.1685294,-0.3601028,0.0131472,0.7871222,-0.005956046,0.02598763,0.04840879,-0.4693961,0.7880732,0.04526896,0.4270009,0.5866064,-0.0163689,0.2260108,-0.01000669,0.4160289,-0.002161351,-1.860627,-0.5364538
-0.386773,0.001244557,-0.4840343,-0.1612395,0.02582933,-0.0384207,-0.04260473,-0.01850031,0.01035876,-0.2432791,-0.3038408,-0.1927703,0.3088852,0.4990133,-0.314,0.08538999,0.139634,0.4061005,0.06300408,-0.402045,0.5608739,0.596379,0.03161384,0.0001252002,-0.2110464,0.32839,-0.3701134,0.001796932,-0.4375771,0.1751206
0.1423518,0.365374,-0.6079865,0.0512692,0.01641545,-0.4488276,-0.04908898,-0.283169,0.1169686,-0.2387155,0.2212958,-0.2965264,-0.323585,-0.002156015,0.05506418,-0.5446677,0.01066689,-0.06257147,-0.9844848,0.4894464,-0.134357,-0.3583456,0.1585528,0.7118471,-1.411723,0.01775887,0.2826455,-0.1436404,0.3411051,0.4920132
;
-1.533213,-0.01589437,-0.05573358,0.04206973,0.001818815,0.3862392,-0.4977072,0.1507275,0.0002335723,-0.02375311,0.06300204,0.03242415,0.02228655,0.3732462,-0.01901268,0.0001835665,-0.03537673,-0.07318284,0.06331366,0.1148009,-0.003725262,0.4343224,-0.04458393,-0.2197051,-0.4759781,-0.008405753,-0.01086408,0.0757413,-0.1317099,-0.06783125
-0.6413991,0.02340307,-0.003255031,-0.1239291,-0.3915055,0.00932517,0.1447146,0.1591778,-0.156455,0.2886759,-0.2265212,0.1668047,-0.000985701,-0.06190878,0.1445004,0.3680564,-0.1760244,0.2755544,-0.1219258,0.1476577,-0.1112789,-0.001480039,-0.07803092,-0.1648105,-0.5784569,0.02718502,0.03106633,-0.4583629,-0.2712729,-0.3482558
0.04436094,0.2368092,0.006345005,0.3559354,0.2079875,0.1267056,-0.001869664,0.275185,-0.4329079,-0.293883,-0.1884531,0.1212935,-0.04100277,0.7794133,-0.4779937,-0.7949663,-0.03761351,-0.03625564,0.3325378,0.02694164,-0.114109,-0.3417741,-0.1555544,-0.1507851,-0.2563136,-2.215304,-0.01320141,0.1233516,0.1639038,0.2595816
;
