0.2689872
0.08931886
-0.149018
0.5648873
-0.01473458
6.107606E-06
-0.183485
0.1561992
-0.6661428
0.1290662
;
-0.3777948,0.7588177,-0.02104157,0.02425076,0.003920812,-0.252964,0.3350068,-0.3312378,0.1100235,-0.08646964
-0.06578546,-0.009724677,-0.3849239,-0.2420482,0.2547822,0.1007672,0.2299229,0.3729408,0.2951915,0.3140522
0.5408199,0.1418271,0.4785815,-0.1140582,-0.001928318,-0.6739832,0.4742744,0.0313259,-0.2288558,0.1144709
0.327111,0.04011931,0.1000473,-0.06914002,0.1085246,-0.0006603064,-0.1223918,-0.09540325,-4.859498E-05,0.03233418
0.0521161,0.1753417,0.07417875,0.4472133,-0.01269658,0.2354066,0.06414251,-0.2769599,-0.1495048,-0.1565271
-0.002021504,-0.04968761,-0.0002116028,0.01965481,0.2602681,-0.1291655,0.1993099,-0.2657326,-0.1472375,-0.2065009
0.01714867,-0.209706,-0.2818248,0.1110363,-0.178632,-0.1419847,0.2542548,-0.01147761,0.06334215,-0.4955962
0.1446912,0.00205288,-0.2849222,0.411384,-0.07798398,0.001094155,-0.4550606,-0.01992148,-1.252598,-0.02366423
0.2533553,0.1440241,0.05261248,0.0162892,0.004465163,0.03789259,0.1144447,-0.134005,-0.4775907,-0.001790697
-0.4440738,1.278794,0.1746954,0.2871822,-0.4371682,0.3419138,0.07059259,0.164174,-0.2886129,-0.02792477
;
-0.0003170363,-0.06778139,-0.2964549,-0.001106311,0.0866044,-0.5342725,-0.01113259,0.4769394,-0.3283113,-0.004220687
-0.6233587,-0.01965774,0.0806822,0.2053855,0.1977168,0.3857777,-0.03162439,0.08605227,0.07283907,-0.08256807
;
-0.001060473
0.6660581
1.130482
-0.1809535
-0.3991414
-0.3295031
-0.004050818
0.3505376
0.4074486
0.4317703
;
0.2087017,-0.2011342,0.008871016,-0.005397744,0.2214348,-0.0002178272,-0.2892067,-0.4086899,-0.5572016,-0.002978227
0.01130151,0.753498,-0.5255594,0.4816434,-0.002111307,0.3627106,-0.006830935,-0.1202676,0.02583252,0.2781644
-0.03957704,0.1712255,0.1923405,0.3510856,-0.9240021,-0.008868923,-0.1308865,-0.1631604,-0.2570477,0.7156829
0.4228986,-0.2163437,0.1589862,0.137298,0.001827143,-0.6400305,0.4816884,0.4670319,0.0499815,-0.001463645
-0.4380599,0.274211,-0.1039462,-1.841687,0.08343907,-0.01065982,-0.2434192,-0.1239117,-0.07001871,-0.5516185
-0.06796215,-0.42212,0.00165269,-0.6092551,-0.2870494,0.004408993,-2.843889E-05,0.01316456,0.001546125,-0.007837389
0.0001328361,0.1312281,-0.006193408,0.0002065491,-0.175744,-0.2668497,-0.5055565,0.1991412,0.1265508,-0.01486787
0.04361943,0.0253179,-0.09214228,-0.001866148,-0.03084774,0.1131523,0.2290531,-0.07136212,0.2587997,0.05399087
-0.2008486,-0.0727381,-0.04192467,0.2226455,-0.4888235,-0.01435322,0.01602497,0.1149702,-1.193072,-0.1957158
0.02370945,-0.6475888,0.2984239,0.6451588,0.004442925,0.1988702,0.4424138,0.1909633,-0.06206238,-0.4452821
;
-0.2374112,0.003553239,-0.2570575,-0.02471417,0.1598679,-0.4189408,0.0881782,0.3750783,0.2326379,-0.1507134
-0.2549534,0.01705048,-0.4791646,0.1010079,0.1306584,0.4358847,0.01795231,0.414338,0.4754639,-0.04995651
0.01901438,-0.3068993,0.1554037,0.156224,0.03463024,0.03471786,-0.3242496,0.02741946,0.08687493,-0.222021
;
