0.4772229
0.08931886
0.2404008
0.3689888
-0.1217535
1.508843E-05
-0.183485
0.1561992
-0.4211118
0.003472645
;
-0.3777948,0.7588177,0.4237678,0.03293321,0.7253155,0.1770495,-0.07562238,-0.3312378,0.1100235,-0.05848316
-0.1935143,0.009724677,-0.4743465,-0.2420482,-0.2547822,0.1007672,-0.129363,0.3729408,-0.388574,-0.05475536
-0.5752124,0.2925853,0.1598857,-0.1140582,0.07686132,-0.01546723,0.6342275,0.0313259,0.2288558,0.05886811
0.327111,0.2261025,0.3280757,-0.003197239,0.1085246,0.001501143,-0.1989784,-0.09540325,-4.859498E-05,-0.03233418
0.06623478,0.1753417,0.07417875,0.06811861,0.2679389,0.2354066,0.06722513,-0.1027033,0.1495048,0.1893469
0.4082807,-0.04968761,0.0003992968,0.07212206,-0.2602681,0.1291655,0.06826304,-0.2657326,-0.00543445,-0.2077137
-0.2766522,-0.1958544,-0.2818248,0.2413658,-0.1394795,-0.1522872,-0.2542548,0.2320172,0.4562696,-0.7001451
0.1002445,0.001068442,-0.2849222,-0.411384,-0.08139853,0.003042321,-0.607052,0.04509217,-1.252598,-0.1376649
0.2533553,0.1440241,-0.3877364,-0.0162892,-0.04776782,-0.4100487,0.3709626,-0.134005,-0.2445679,-0.001790697
0.6029734,0.6512137,0.1746954,-0.2871822,-0.5732782,-0.140956,0.07059259,0.1588342,-0.3410999,-0.02792477
;
-0.0003170363,-0.06778139,-0.3404709,-0.003600022,0.1373416,0.2994988,-0.01113259,0.4769394,-0.3283113,-0.003025061
-0.2839198,-0.0220168,0.0806822,0.1400759,0.3207521,0.124096,0.03162439,0.2367138,0.7549348,-0.1076227
;
0.001060473
0.6660581
1.130482
-0.1809535
-0.3991414
-0.3925661
0.004050818
-0.6196417
0.4074486
0.4317703
;
0.2088522,0.2011342,-0.007985764,-0.005397744,-0.2214348,-0.0001700252,-0.3905975,-0.4086899,-0.5572016,-0.002978227
0.01130151,0.753498,-0.3106294,0.4816434,-0.00673359,0.3627106,-0.03594146,-0.1202676,0.02583252,0.2781644
-0.03957704,0.08615167,0.1923405,0.3614701,-0.4997468,-0.008868923,0.1308865,-0.1631604,-0.4395373,0.3695611
0.2831064,-0.1103067,-0.1589862,0.08464348,0.001827143,-0.6400305,0.4816884,0.4670319,0.0499815,0.001463645
-0.4380599,0.4247019,-0.1039462,1.841687,0.05211296,-0.01065982,-0.2434192,-0.1239117,0.07001871,-0.3426942
-0.06796215,-0.42212,0.00165269,-0.340068,-0.2870494,0.004408993,-2.843889E-05,0.01316456,0.001546125,-0.005437644
0.0001328361,0.1249654,0.006193408,0.0002065491,-0.1133284,-0.2668497,-0.5055565,-0.1991412,0.1265508,0.01486787
0.1256571,0.0253179,-0.09214228,-0.001866148,-0.3428161,0.1131523,0.2290531,-0.07136212,0.2587997,0.05399087
0.003025718,-0.0727381,-0.04192467,-0.2226455,-0.4888235,-0.01435322,0.01602497,-0.1149702,-0.6334732,-0.25624
-0.02370945,-0.328914,0.2984239,0.4686815,0.002377422,0.1988702,0.4424138,-0.1909633,-0.06206238,-0.2633264
;
0.2374112,0.003553239,-0.1165784,0.02471417,0.1598679,-0.4189408,0.0881782,0.3750783,0.2326379,-0.1507134
-0.2549534,0.01705048,-0.4791646,0.1010079,0.1306584,0.4358847,0.01795231,0.414338,0.4754639,-0.04995651
0.3381245,0.06423117,-0.0736355,0.1235715,0.03136913,0.2835311,-0.3242496,0.02741946,0.1753161,-0.222021
;
