0.01178402
0.3129191
0.1354406
-0.08733464
-0.0009224173
-0.001759742
0.002714096
0.02736869
0.6805426
-0.6220922
;
-0.0543822,0.07518727,-0.08940643,0.1725701,-0.01461123,0.6204674,0.0617109,-0.5827927,-0.09877175,-0.09862809
0.01685714,0.00672301,-0.3862392,0.01532871,-0.46543,0.1390178,0.006810801,-0.03312141,0.07381313,-0.05346654
0.348099,-0.1652184,0.4029392,0.001229697,0.2280043,0.6535864,0.3869941,0.471039,0.109394,-0.1991573
-0.2463035,0.04494517,0.03052749,-0.07269169,-0.3322093,-0.01258641,0.2623851,-0.00452263,8.658865E-05,-0.2179034
-0.1334822,0.03642793,-0.6939949,0.1346886,0.252237,-0.01434467,-0.1704531,-1.019476,-0.3034877,-0.2571826
0.3174238,1.305102,0.2525827,0.2183803,-0.06683248,0.4845912,-0.01527399,0.03607914,0.0007375273,-0.01146764
-0.06971443,0.07955109,-0.2818248,0.4778081,0.06629325,0.4582533,0.2401364,-0.4405312,-0.06040555,-0.3006434
0.191157,-0.3094,-0.277555,0.1168346,-0.03443456,-0.05311531,0.3579586,-0.007425156,0.1712174,-0.8092317
0.04789158,0.06708425,0.000210828,-0.06986767,-0.02866975,-0.2877216,-0.01444122,-0.0843062,0.1632704,0.2197281
0.04014916,-0.008815541,0.006741714,-0.3898808,-0.00605542,0.2251528,-0.07659383,-0.04222388,0.4045217,0.214475
;
-0.005688956,-0.1322697,0.1057026,-0.6805013,0.64002,-0.1173081,0.06663606,0.01047041,0.1716853,-0.3319876
-0.4674224,0.6119336,-0.001931599,0.4762422,-0.172026,-0.1938657,-0.1618762,-0.01744096,0.05770288,-0.01533836
;
0.02229504
-0.2124416
0.2375444
-0.1055086
-0.09395809
-0.2459475
-0.1746982
0.08132751
-0.3431782
0.01369121
;
-0.9380118,-0.09601171,0.1492393,0.1999982,-0.3982497,0.04851132,-0.05130702,-0.6212994,0.07909606,0.01009379
0.4119506,-0.4717222,-0.03242344,-0.04703309,-0.210842,-0.2595949,-0.02676288,-0.1483269,0.06516964,-0.01121121
-0.161656,0.2689204,-0.2181156,0.1336091,0.08065537,-0.0788459,-0.03990644,0.2054305,0.2448553,-0.178034
-0.0004748879,-0.06241995,-0.2293848,0.2214018,0.001585188,0.2519508,0.4324498,0.08911543,-0.4449805,0.04262853
0.5790398,0.3804266,-0.05189455,1.098381,0.02587861,0.1243729,0.4167843,0.04536957,-0.2518904,0.1690652
-0.1265455,-0.3372962,-0.00425759,0.1314238,-0.1335153,-0.04094404,-9.731053E-05,-0.01390466,0.09743696,0.5641452
-0.3251233,0.01483676,-0.0003056601,0.695744,0.01167016,0.3201462,-0.1814067,-0.4801211,0.06405073,0.002125189
-0.3562691,-0.3119242,-0.149931,0.06606103,-0.2483861,-0.2448794,-0.7016516,-0.4007111,0.02220851,-0.4111554
0.07355589,0.08452062,-0.3392196,0.4803785,0.0007813607,0.2914829,0.01119598,-0.1711344,-0.08911388,-0.1426959
-0.3099982,-0.4148208,0.07714838,-0.6565723,-1.733238E-05,-0.002424908,-0.003363626,-0.1407226,-0.7905486,-0.4434257
;
0.5206381,-0.09475762,-0.3638913,0.003385423,-0.1602279,-0.08648359,-0.05808419,-0.05458581,0.4106386,0.007107198
-0.4672293,0.5968326,-0.3522553,0.08041745,0.00863996,-0.06368977,0.1666922,-0.3988955,-0.4825046,0.04388247
-0.2720853,0.4810146,-0.3009889,-0.1090992,0.006532233,-0.0763337,-0.2954599,-0.1083378,0.3283783,0.00123436
;
