-0.3670362
-0.4146743
-0.2026443
-0.1712874
-0.0002536654
0.02902668
-0.3375701
0.1906627
-0.4903864
-0.3563115
;
-0.6245786,0.3492889,0.6714506,0.002816626,-0.2048637,-0.15928,-0.3513633,-0.008859021,-0.0293761,0.2092185
0.7434881,0.4663263,0.1535641,-0.2156924,0.05981332,0.2885334,0.1305531,0.09991631,-0.02171376,0.4092027
0.0006685498,-0.09872265,-0.2112047,0.2789832,-0.2700586,0.4821526,0.1621474,0.4931829,-0.03638953,0.2299362
0.7042783,1.174802,-3.309394E-05,-0.1301422,0.827624,0.1664892,-0.01121482,-0.01940622,0.03238532,0.1694917
-0.09789807,0.04608744,0.455773,0.1412836,-0.4961352,0.02420706,0.0003801691,0.01840713,-0.4716238,0.3954298
0.002119369,0.02930999,-0.1709836,0.2360208,-0.122561,-0.04472338,-0.3214943,0.09403902,-0.8465391,-0.1803413
-0.3573714,-0.004667475,0.01537997,0.6743263,-0.3139125,0.009748125,0.3470312,0.04301681,0.02614428,-0.3504215
0.3892381,-0.1350976,-0.1846819,-0.09679109,-0.3528257,-0.3684189,-0.2413986,0.2147039,0.0005206334,-0.01475571
0.09536618,0.4090772,0.1068971,-0.4499727,0.5343295,0.02222437,2.334089,0.04458723,0.3478234,-0.089733
-0.4701865,0.04935331,0.08425789,0.4428368,0.8105426,-0.04250568,0.3729477,0.1683575,-0.05783552,0.2955213
;
-0.001283854,-0.06341902,0.03997978,0.1652252,0.0610677,-0.2184076,0.01817364,-0.004925284,-0.5449739,-0.1678851
-5.339963E-07,0.02309785,-0.002865608,-0.1961341,0.1394405,0.479346,-0.01943463,-0.4327786,-0.6510603,0.3531352
;
-0.004746642
-0.2597456
0.04670446
0.1243171
-0.06326789
0.001500848
-0.4126
-0.4475129
0.6502694
0.04780346
;
0.1426753,-0.1738456,-0.3233067,0.1829402,-0.02284242,0.01622628,-0.4273554,-0.01425821,-0.2468547,-0.02354256
0.128494,-0.2792041,0.003812023,-0.08370894,-0.2092325,-0.07567465,-0.3703802,-0.2033682,-0.3768524,0.1303636
0.1655152,-0.1794742,0.08382785,-0.09003752,0.3499087,-0.6405802,-0.05256429,-0.231462,-0.1071705,0.3958117
-0.1910393,-0.003209495,-0.487669,0.06456777,0.2050025,0.001650725,0.4000356,0.0021103,0.08732218,1.707696
0.1539386,0.01478185,-1.058616,-0.4699863,-0.09315009,0.0595623,-0.2461264,-0.3058536,-0.1409789,0.1295594
0.4768462,0.01858403,0.0004604023,0.1562203,-0.08298653,-0.3723131,-0.04162337,0.2207121,0.1954283,0.3446745
0.01077959,0.7286648,-0.01319492,0.0004439826,-0.9193686,-0.2678168,-0.00110194,0.248089,0.4884694,-0.4056296
0.4534978,0.06130942,0.3639704,-0.1246674,-0.01531608,0.2030134,0.2292842,-0.01137159,0.004359716,-0.2179908
-0.1331409,-0.004399198,-0.2444385,-0.01285191,-0.2456389,-0.08201367,-0.2869814,0.2508496,0.1354493,0.07791811
0.357399,0.3593626,-0.06063456,0.07472202,-0.2747499,-0.09675449,0.05424649,-0.3925982,-0.2367684,0.30595
;
0.01262912,-0.1971852,-0.01337892,0.1688786,0.2012651,-0.2654352,0.1384663,-0.540876,0.1065202,0.02657574
-0.3398544,-0.1396472,0.07233864,-0.007625639,0.09616047,0.1065379,0.01146991,-0.1718188,-0.09328884,0.040998
-0.319064,0.01474373,-0.3192364,0.04117101,0.06504876,0.02390927,0.06380741,-0.3431019,-0.5843083,0.2133852
;
0.04437519
0.08791424
-0.4817075
-0.474721
-0.02347657
-0.0008731703
-0.03591878
-0.1106755
-0.4496654
-0.01422782
0.03672525
0.4991346
-0.3587605
-0.2176399
-0.1239609
-0.2629834
0.0768171
-0.3995197
-0.2408939
-0.1036895
-0.2386829
0.001777526
0.1575771
0.1180268
0.2633009
0.06678496
0.06403735
0.3858861
-0.02345708
0.3016571
;
-0.4202623,0.2889392,0.2856308,0.5091947,0.4285151,0.01478568,-0.007726102,-0.4087123,-0.264117,-0.3795575,0.2293609,-0.2194826,-0.2623382,-0.01752938,0.2769978,-0.3019612,0.0002629936,0.2422827,0.8412463,-0.1779341,-0.2189482,-0.8895651,-0.00981482,-0.01765472,0.2902696,0.08815205,-0.09020821,-0.9809737,-0.4039336,-0.2638723
-0.2562441,-0.2790789,0.1771537,0.09818113,0.2550018,0.02200742,-0.02057878,0.4818294,-0.3799524,-0.01855121,0.008829892,0.03101426,-0.03540206,-0.3679773,-0.002893839,0.1740967,-0.06713063,0.1840277,0.3804159,0.4951364,0.4119914,0.04067924,0.3154539,0.1414229,0.006950849,0.01603234,-0.2448682,0.07418233,0.2874462,0.08837014
0.1913596,-0.4545543,-0.0009694821,0.35732,0.09253639,-0.3157911,0.2842749,-0.05838886,0.1037803,0.05756799,0.2514689,0.06029893,0.9499146,0.3177617,-0.4936994,0.7149745,-0.2501018,0.4999876,0.2555608,-0.5105841,0.00309551,0.3671266,-0.02100692,0.005871747,0.4088213,-0.5803114,-0.1785148,0.0670107,-0.8622097,-0.1062619
-0.4589089,0.1386556,0.2982014,0.3326232,0.4889042,0.1971678,0.02272045,0.09427491,-0.09256291,-0.1166159,0.3859582,0.2954396,0.2854853,0.3387789,0.242831,-0.3115317,0.2592839,-0.7030951,0.03575514,-0.7456857,-0.03323632,0.1350929,0.1618278,-0.2197554,0.08279537,-0.4773549,0.08348233,0.02660316,-0.03198455,-0.2993485
-0.09482317,-0.0004006028,0.1475557,-0.01876894,-0.5599941,0.3041305,-0.3037626,-0.2489792,-0.286889,-0.08077689,0.178176,0.01317771,-0.1148034,-0.08638719,0.06597134,-0.0001182169,0.0292521,-0.112878,-0.1039316,0.002407125,-0.4411708,-0.03969492,-0.1309605,0.3599128,0.210879,0.04180934,0.01078317,-0.3934262,-0.1918476,0.01667332
0.3803065,-0.4100558,0.1960512,-0.0003717854,0.1903955,-0.2469314,-0.315536,3.553073E-05,0.4603291,-0.06116134,-0.3225546,-0.03473324,-0.09265257,0.01708362,-0.4771228,-0.03264681,0.7092069,-0.08113562,0.1956325,0.02122479,0.4295292,0.1339238,0.1894611,-0.2923505,-0.39244,0.5589331,0.06199824,-0.4187895,-0.4156445,-0.09580177
-0.3624379,0.05019528,-0.03032368,-0.4359744,0.01275219,-0.4508624,-0.433323,0.3721582,0.4461977,0.1341192,-0.4140157,0.2114158,-0.1707866,0.08989634,0.1774435,0.05460292,0.119552,0.4246206,0.03035957,-0.2932836,0.4761142,-0.4838568,-0.2258117,0.2747462,0.1116613,-0.2009442,-0.08470359,-0.1713351,-0.4823745,-0.473388
-0.2374491,-0.02152811,-0.002202571,0.01244932,-0.1148089,0.002908885,-0.7097242,0.4892913,0.3124732,-0.4143107,-0.342347,0.09209864,0.2320072,0.03167695,0.6084516,-1.388582,0.2415134,0.0007209256,-0.3321469,0.3752127,-0.2382444,0.2098749,0.006065619,-0.02646081,-6.509799E-05,-0.08955508,-0.01742217,-0.0252741,0.4820943,0.01460062
0.1406197,-0.03792018,-0.04338936,0.1329141,0.0003362936,-0.05205134,-0.1777536,-0.1364807,0.3131826,-0.2639622,-0.01922846,-1.005158,0.04906435,-0.3075168,-0.4522315,-0.06458014,0.1518471,0.1571242,0.2554324,0.6490446,-0.08708761,-0.2848408,-0.5102611,0.04831859,0.0006796757,0.2338588,2.214002,-0.44819,-0.2335004,-0.4230243
0.3452034,0.1870098,0.1957018,0.6367775,-0.3365955,-0.09915096,-0.1223201,0.2328727,0.2590251,0.04579873,-0.003593418,0.3469065,0.3395689,0.06210267,0.04636651,1.132691,0.04968647,-0.485006,-0.004559183,0.0003868249,0.2312381,-0.02581537,0.01163552,0.006341523,0.3177948,-0.03211515,-0.1971301,0.2431332,0.1257325,0.3332113
-0.4388351,0.2194302,0.01387152,0.02353325,-0.05638486,0.5291826,-0.3484257,0.4915243,0.1376833,0.1273536,-0.3796973,-0.03929901,0.009564131,-0.5651546,0.4231488,0.006011474,-0.003742334,0.5610827,0.4190167,-0.006099928,-0.1925813,0.2808143,0.02572254,0.1529441,0.01948064,-0.008759382,0.03516196,-0.1372782,0.1584848,-0.2999726
-0.6188263,-0.2125385,-0.01395186,0.1755184,0.4181425,-0.09734911,-0.07091717,-0.002054219,-0.0231245,-0.06265364,-0.2069144,-0.2246338,0.04334718,0.06694923,0.8349949,-0.1214064,-0.5435776,-1.450282,-0.08706576,-0.238757,0.4624478,-0.2642308,0.03795361,0.4216217,0.444129,0.003771652,0.01982266,-0.4430977,-0.05807787,-0.1376011
-0.3130106,0.8024074,-0.1346373,0.2354087,0.1337759,-0.3480459,0.001664692,0.001165998,2.164091,-0.8329427,0.131909,0.1163217,0.7361646,7.839785E-05,0.08233351,-0.1044279,-0.4202061,-0.1288499,-0.02969571,-0.4804924,-0.2884122,-0.2731402,0.02777433,-0.004599988,0.04172302,-0.01743563,-0.00352932,1.308034,-0.7488858,-0.1901093
-0.5554805,-0.241405,0.2370335,-0.4921465,0.4532011,-0.2075834,-0.07473874,-0.108298,0.1370084,-1.345774,-0.6379973,-0.08391595,-0.2749659,-0.1954379,0.2139441,0.3421919,0.2187091,-0.1362917,-0.3758309,-0.2853218,0.3322531,-0.01375326,0.413957,-0.275425,-0.1317428,0.2740158,0.03472509,-0.4381059,-0.4760383,-0.4198854
-0.2087629,0.4917176,-0.4695389,-0.116085,-0.06855126,0.109331,0.004124872,-0.1343578,0.4104275,0.2959912,0.06107217,-0.5996427,-0.2221003,-0.1129801,-0.2104252,-0.01527345,-0.05631799,-0.3435565,0.2218033,0.3393642,-0.06664547,0.3492786,0.3549697,-0.01634923,-0.4145568,0.3565569,0.0102594,-0.3949047,0.1507512,0.3556249
-0.2058211,-0.04722623,0.1446208,0.01314992,-0.1258747,-0.7071438,-0.01455897,-0.1963573,-1.401001,-0.04810962,0.263783,-0.1405441,0.001055011,1.35723E-05,0.2135383,0.1082922,0.03939741,-0.008055753,0.07456686,0.527372,-0.01779372,-0.09426898,0.02276845,0.1749362,-0.1294263,-0.004510398,0.4814193,0.4963874,0.982273,0.0330602
0.1909811,-0.05038297,0.3999499,0.2395964,0.01743451,0.08637142,-0.04144834,-0.1198123,-0.01655101,0.002484869,-0.08939279,-0.001894045,-0.000164699,-0.4810344,0.8418216,0.04754727,-0.2175674,0.025947,0.2520067,0.3086488,-0.3144048,-0.03159503,-0.1233328,0.414902,-0.1886579,0.07508057,-0.4705647,0.7256506,0.3481683,-0.07606786
-0.182117,0.01980054,0.8703319,-0.05171373,-0.2118259,-0.176618,-0.0005295954,0.4187587,-0.3679117,0.1356035,-0.1086602,-0.1266341,-0.07530095,-0.4916774,-0.005538865,0.2419752,-0.2640896,0.05925154,-0.0399974,-0.476316,0.004200303,-0.3394152,0.06894988,-0.5751558,-0.1593275,0.4962945,-0.04896218,0.02690091,0.1435542,0.2538417
0.09398586,0.006928358,-0.0980664,0.3324887,0.276195,-0.08280096,1.313326,-0.4238932,0.1611182,-0.0158692,0.2298518,0.1256088,-0.005636891,-0.1044034,-0.5791476,0.9040793,0.06750964,-0.3032472,-0.005804638,-0.01698501,0.08864703,-0.0004346865,-0.02728811,0.4586656,0.08583859,0.09614345,0.1352749,0.01576904,-0.2714977,-0.0003255144
0.3441761,0.02162336,-0.1106905,0.3963694,0.1689418,0.3885591,-0.328722,0.321155,-0.0855397,0.414427,-0.41076,-0.09336919,0.1380632,-0.3214756,0.001199889,-0.3960547,-0.3179561,1.6946,-1.34193,6.251311E-05,-0.3922912,0.3450551,0.3363367,0.01018639,0.7505581,-0.1302397,0.00883918,0.0005401933,-0.7192596,-0.2425584
0.4192691,0.3873452,0.1575557,0.0001004933,0.002430497,1.005263,1.330252,0.004157699,0.2755259,-0.4904495,0.00132913,0.1322419,0.1142181,-0.06026476,0.3150746,0.000236216,-0.208751,-0.4194036,0.04187588,0.2056412,-0.6394568,0.04675321,0.4519486,-0.07162172,-0.4336979,0.2564245,-0.04752281,-0.331705,-0.6371843,-1.296232
0.04618331,0.00753392,0.04667228,-0.07249013,0.04948285,-0.4280411,0.07657796,-0.4265809,0.006186498,-0.19965,0.2381776,-0.424964,-0.006915051,0.009902894,0.689673,0.3819512,-0.4151272,0.2701157,-0.5654402,0.3576416,0.004069522,0.01176253,0.05472659,0.06514914,3.670751E-05,0.007570317,0.01510564,-0.118501,0.4274166,-0.2878869
-0.01578862,-0.4132289,-0.07145661,0.0002496888,-0.194718,0.001821642,-0.9047881,0.2838103,0.2180644,-0.1523104,-0.104523,0.5173405,0.4681328,-0.3992497,-0.05403832,-0.3197284,0.01868862,0.3816265,0.2803642,-0.408387,-0.3122442,0.004374461,0.08166707,-0.1591982,-0.05683127,-0.4398385,-0.08210607,0.0779774,0.05403463,0.09272406
-0.4776087,-0.3338352,-0.006503642,-0.08888514,0.1259775,-0.3965902,0.0038047,0.3836409,-0.2449843,-0.0101412,-0.4385413,-1.052394,-0.0001966282,0.04264444,0.1433861,-0.196904,0.1134451,-0.1740035,-0.06629449,0.04129606,0.470072,-0.02658344,0.2198511,-0.05396461,-0.3551907,-0.0344929,-0.3041964,-0.2977573,0.1089082,-0.04708308
-0.2329876,-0.4203182,0.4502585,-0.8230156,-4.856588E-05,0.5608376,-0.08714825,0.007177256,-0.3052323,0.08799662,0.0006326885,-0.01952378,-0.170036,-0.02074191,-0.1111143,-0.478742,-0.2316517,0.04774299,-0.03061829,0.2941875,0.08770084,0.2038671,0.0472893,-0.4090276,-1.19129,-0.0857684,-0.06970046,0.01732793,0.0224875,-0.1947286
-0.1907747,0.1216051,0.2224959,-0.001805803,0.1643085,0.3872578,0.157889,0.1077483,-0.2432209,-0.06350172,0.003933119,-0.4867281,0.05732304,0.120503,-0.7394379,0.1128282,0.2107166,-0.07251423,-0.006957202,-0.3370829,-0.4415121,-0.05540963,-0.3411696,0.1194893,0.1407622,0.2987707,-0.4263377,-0.1675829,0.0001929755,0.003728104
0.1558293,-0.04705137,0.005844749,-0.4025384,0.008534125,-0.2075825,-0.4070022,-0.09671049,-0.3889048,0.1642043,-0.02637243,-0.01907169,0.1918938,0.51821,-0.6933439,0.4444487,-0.1051969,-0.4778328,0.4579132,-0.7644618,0.1140185,0.01121829,0.3055769,0.07825122,0.2848347,-0.3344669,-0.141677,-0.005780227,-0.06192445,0.1620569
-1.10833,0.02007478,-0.2329018,-0.2665781,0.1722331,-0.2604526,0.1026001,-0.2165347,-0.1987192,-0.003602673,-0.742897,-0.30449,-0.1840703,-0.01024336,-0.4295854,0.7276425,-0.0008478113,-0.1832408,-0.4296708,0.003491104,0.3736095,-1.11784,0.2570195,0.009817939,-0.06203787,0.06398484,-0.5862449,0.1538652,-0.2966603,-0.4797394
0.6674165,-0.3122822,0.4799745,0.2824084,0.05579558,-0.2845644,0.9627289,0.3512167,0.6082076,-0.01665397,0.09080025,-0.5140198,0.0004300282,-0.4014962,0.3266497,0.3854498,0.01251441,0.3685786,-0.466268,0.2273419,0.1460535,0.2077498,-0.003812379,0.005836804,0.3272358,0.2005709,-0.3643926,0.2084968,-0.01858065,-0.003184825
-0.1852681,0.8212845,-0.1969098,0.06467015,-0.007428267,0.3882851,0.04349167,0.07758487,-0.003044388,-0.3921522,-0.2436163,0.2810525,-7.000561E-05,0.05962868,-0.01235725,0.0250956,0.01230956,0.115143,-0.1472204,0.008942252,0.7096416,-0.06773493,-0.02936071,-0.1494312,-0.1647134,0.004821443,0.07179397,0.1417979,0.48807,0.1991394
;
0.2156568,-0.05042233,0.1383558,-0.5509215,0.02085411,-0.002932774,-0.3906105,0.006169396,0.506052,0.2280462,-0.02423646,-0.2554693,-0.4885608,-0.1317192,0.2403493,-0.1173078,0.0008461881,-0.001229857,-0.0007401178,-0.2507153,0.8610839,-0.06201548,0.2297736,-0.3621432,-0.3905323,-0.007588618,-0.4386191,-0.1295365,0.1155291,0.05011531
0.2264523,0.02487074,0.423686,-0.2010391,0.09274453,0.02104199,0.02907506,-0.1365662,-0.1411799,-0.000899141,-0.1566009,-0.01592704,-3.845865E-05,-0.01444071,-0.1905481,-0.2686357,-0.009458502,0.01738125,-0.3808658,0.1249544,-0.02849526,0.09634592,1.144563,0.4323432,-0.2048681,0.01715344,0.4493145,0.02124439,0.1872811,-5.755649E-05
-0.239885,-0.2794729,0.2949256,-0.2300596,-0.002836883,-0.01043659,-0.1377212,0.001135528,-0.412335,-0.527727,-0.437669,0.001296073,-0.7306373,-0.2828096,-0.01768225,-0.3761528,-0.02584543,0.3365936,-0.1061308,-0.2437893,-0.00276524,0.4105967,-0.2576072,-0.1308845,-0.3793341,0.4154162,-0.1358124,-0.02728291,-0.5533441,0.4784963
;
0.05197595
0.09450753
0.2175134
-7.771559E-05
0.353357
0.1513179
-0.2251503
-1.993701
0.4871271
0.107292
0.02339844
-0.01446719
-0.2448849
0.0004141458
0.8896691
0.1828295
-0.1717062
-0.0660091
0.6027635
-0.04148562
-0.01234863
0.1496205
0.07163924
0.0003030973
-0.1792772
0.3105661
0.1848808
-0.1004455
-0.002484898
0.1752043
;
-0.6969643,0.5032925,0.09146437,-0.001619073,-0.002326981,-0.03300685,-0.001508318,0.1203836,0.3770571,0.02788776,-0.3920359,0.180064,-0.2505391,-0.36734,0.1538659,0.3323463,0.004181174,-0.1803541,0.2329739,0.08209997,-0.002697548,-0.2385479,0.3702565,-0.3436018,0.1893637,-0.004219094,0.2545332,0.05208725,-0.4137801,-0.02484487
0.2488683,-0.002369106,0.1664556,0.3924475,0.01684457,-0.05862217,0.2337563,0.1262886,-0.1434266,-0.9258307,-0.04033905,0.3810461,0.3163038,0.01771729,-0.3521882,-0.3226386,-0.03358301,-0.0487669,-0.4320784,-0.3185933,-0.3274063,-0.1889607,0.006372831,-0.1882806,0.285726,0.7112492,-0.1158351,0.4526238,0.3362111,0.09373675
0.3562127,0.3143891,-0.0957759,0.1276969,-0.120535,0.001251838,-0.01880258,-0.2970824,-0.07842071,0.1072721,-0.0004819437,-0.2370638,1.460693,0.1374294,-0.04776644,-0.5453308,-0.1361374,-0.2381818,-0.4192789,-0.06159023,-0.4153949,0.1577072,-0.0867182,-0.1772078,0.2909416,0.2724621,0.967074,0.7768747,-0.004833639,0.05372238
0.1813942,0.2462865,-0.01210922,0.1124342,-0.2534002,0.001165402,-1.452681,1.491751,-0.006102834,0.03996108,-0.2855034,0.1431974,-0.01307459,0.001425548,0.02565616,-0.3178988,-0.08354503,0.006496984,0.3879035,-0.1144609,-0.05633633,0.05949527,0.1340734,-0.379572,-0.3296788,-0.2474734,0.2532301,-0.4801587,0.02866036,-0.0148882
0.008548993,0.5611091,-0.1700721,-0.1172894,-0.6062832,-0.001511344,-0.004505979,0.4508303,-0.1162885,0.4845325,-0.4143128,-0.3849148,-0.1449767,0.07650685,0.1747556,0.0008235656,0.3168623,-0.2966541,-1.720487,-0.4746473,0.05185694,-0.5966705,-0.2820082,0.01090509,-0.2054335,-0.3139806,-0.2570019,-0.4924777,0.1894546,-0.196253
0.1167554,0.0561626,-0.1002589,0.02968107,-0.04163283,-0.2303025,0.4403231,0.03523917,-0.07779373,0.1302044,-0.5586525,1.726863,0.2728573,0.6264821,-0.05606419,0.02644879,-0.4213488,-0.1101967,0.1702094,-0.1575244,-0.4541248,-0.4819463,0.02042591,0.2164687,-0.2613319,0.07896418,0.09489852,-0.3108045,0.08855477,-0.004513893
-0.06088649,-0.03915004,0.1554822,-0.4333191,0.2717919,0.3653623,0.0006315845,-0.3688494,0.4426161,-0.007046411,0.0001859186,-0.4439732,0.09997779,-0.2033101,-0.0001008407,0.1153369,-0.03856663,0.3353338,0.3301587,-0.0450941,0.3245581,-0.04539722,-0.09265263,0.05497012,-0.1476258,-0.3290977,-0.2217819,0.02116187,0.01912552,0.4935747
0.1177961,0.7270678,0.5190622,0.3944397,-0.2987113,0.03829068,0.8081558,0.005499222,0.4939155,0.284049,0.1666169,-0.1173101,-0.06575745,-0.01035374,0.1447104,-0.3350208,-0.00140178,-0.2503122,-0.1776415,-0.07826435,0.03392292,-0.02361212,-0.3979841,-0.2835345,-0.06198546,0.09671572,0.02675525,-0.119371,-0.1561948,-0.3848915
-0.1572406,-0.5542086,-0.06247023,-0.360444,-0.1712385,1.767296,-0.07248324,-0.5527816,0.6662754,0.001608188,-0.2156068,-0.09372165,-0.01440941,-0.05463213,-0.2060387,-0.3335183,0.3690861,0.07413439,0.004009474,0.1363324,0.1821026,-0.0889986,0.08501177,0.08255769,0.4641875,0.1941867,0.02083,0.3400497,-0.0001277906,0.07502719
-0.01229603,1.17206,0.08741056,-0.1860727,-0.001704592,-0.001199126,0.07783936,-0.8844207,-0.221873,0.2910933,0.501013,0.196461,-0.199948,-0.3692488,0.2092227,-0.2769501,0.5708439,-0.8871198,0.2479692,-0.06375615,-0.516127,-0.132181,0.009886444,0.007675899,0.3424872,-0.3711569,0.3829995,0.1267198,0.4997605,-0.01240193
-0.3783489,3.358546E-06,-0.3131771,0.2635501,0.00107507,0.001538893,-0.408189,-0.00438461,1.027001,0.004230559,0.3847088,0.5361434,-0.4008533,-0.2221279,-0.36806,0.407389,0.01693778,-0.2873552,-0.1576144,-0.01304977,0.3163806,0.03195416,-0.4247988,-0.1846168,0.04956476,0.2619188,-0.3633254,0.1583541,0.191185,-0.4171194
0.1053493,0.1369181,0.4367752,0.03798754,-0.0596686,-0.4714468,0.3890047,-0.2217648,0.09307986,0.02949653,0.1687994,0.02847725,0.1706356,0.3488262,0.00113531,-0.2134166,0.3842174,-0.01203388,0.04906438,-0.07519978,-0.2423477,-0.5700164,0.1839706,-0.006335016,-0.4734135,-0.00641699,-0.0366922,2.361943E-07,-0.9879523,-0.0006367752
-0.1645808,-0.01339157,-0.4182305,3.530377,-0.3700898,-0.3059263,0.01586952,0.08102307,-0.08143741,-0.08275348,0.005743284,-0.4478149,-0.1772474,0.09443428,-0.2009396,0.01054119,-0.004772637,0.02140778,-0.2836459,0.001473012,-0.1039379,-0.09088996,-0.01314826,0.07934914,0.1680045,-0.4130652,-0.1488641,0.1298875,0.2951522,-0.1037148
0.2019831,0.3849434,0.0583952,-0.0522988,-0.1530434,-0.1451642,0.3387831,0.1426504,-0.0225368,0.465875,-0.7206824,0.08167899,0.003534703,-0.5414515,-0.03105766,-0.140109,-0.2821292,-0.05270768,0.08676444,0.08883196,0.0696512,-1.927225,0.001812749,-0.4096709,-0.329801,0.5933334,-0.3582352,0.05901154,0.1352493,0.1248022
0.500083,-0.5113565,1.455148,-0.04425731,0.06508448,0.0036121,-0.1635955,0.01571477,0.07439036,0.2307433,-0.05716816,-0.1548599,-0.004191678,0.08423599,-0.5967144,0.406412,-0.1236223,0.1828902,-0.04669036,-0.1738213,-7.327365E-06,0.02718502,0.3122554,-0.2642716,0.6283551,0.3667257,0.8351669,-0.06768515,-0.02356417,0.01637357
-0.01825655,0.2759051,-0.4999628,3.320024E-05,-0.5815573,0.001351318,-0.05878643,0.1370636,-0.2441258,-0.08742136,-0.4967959,0.3889591,-0.3522331,0.4315869,-0.2088086,-0.00416345,-0.09121168,0.4048282,-0.1789641,-0.2190759,-1.064405,-0.1927055,-0.08378039,-0.04722577,-0.5631065,0.02367514,0.006882749,0.1063372,-0.2349101,-0.03289618
0.7718518,0.1401997,0.01398817,-0.09107672,-0.1035579,0.4209919,-0.2621045,0.02495913,-0.1032645,0.07014698,-0.1157427,0.1954212,0.0005052232,0.01663065,0.2520262,-0.07774174,-0.06216004,-0.01929502,0.3653409,-0.005925844,-0.04646321,-0.5938997,0.005052579,-0.1892248,0.000147636,0.7307824,-0.4548895,-0.5465192,0.3215666,0.03656322
0.2416472,-0.09951073,0.3667252,0.2978638,-0.3000743,-0.1133461,-0.1046057,0.1440111,-0.2298917,-0.2237263,0.3003967,-0.1965305,0.2654244,-0.002512764,-0.3317593,-0.2646316,0.3588628,0.02183763,-0.3990579,-0.0493336,-0.001902359,0.02350769,-0.08810245,-0.5109671,0.1697088,0.1142785,0.35025,-0.002239203,-0.03139633,-0.0004799962
-0.02861554,0.4018099,0.3545395,0.3009556,-0.3384765,-0.4057719,0.1081534,-0.184746,0.03284714,-0.01315409,-0.03241147,0.03859693,-0.3097438,0.4665139,-0.2635028,0.2862983,-0.2105918,-0.1349851,0.2896159,0.01743636,0.07771318,-0.06690227,-0.02594201,-0.08393428,-0.000904199,0.1501674,0.0006821615,0.1399537,0.6889864,-0.4935898
-0.2656034,-0.5111065,-0.1583014,-0.2385509,-1.209746,0.1251961,0.2156863,-0.05588537,0.2924188,0.08626467,-0.003665311,0.1841438,0.03894084,-0.1243844,-0.3370056,-0.1868573,0.4421085,-0.2991546,-0.4013081,0.4573499,-0.02455459,-0.6713559,0.2756173,-0.001621846,-0.114786,0.0001623076,0.4419647,0.1892567,0.2156741,0.2882884
0.7883393,0.4687198,0.007240236,-0.1105073,-0.02073354,-0.4214807,0.1104362,0.1251117,-0.4113466,0.4169873,0.3133204,-0.5636861,-0.356084,0.001242489,0.02470993,0.003205969,0.129558,-0.05619526,-0.5953693,-0.4436524,-0.1109409,1.110024,0.6102649,0.2038946,0.07492769,0.05896407,-0.4398278,-0.002421439,0.1439043,0.1530467
0.7493289,-0.004606247,-0.08030931,0.4105589,-0.003457806,0.5622247,0.0005938258,0.006818375,-0.8575072,0.3060509,-0.343286,-0.0002459517,-0.3517237,0.3906187,0.19146,0.1506854,0.1614771,0.3391991,-0.3781621,0.04885257,-0.2251539,-0.0005442188,-0.4113725,-0.2337677,0.1492564,-7.423224E-05,-4.624586E-06,-0.04987627,-0.007265806,-0.05000502
0.002535305,0.09775984,0.1219415,0.1021142,0.4038105,1.113642,0.0170374,0.8020536,-0.2707856,0.5078383,-0.2097842,0.0873087,1.137257,-0.07145178,-0.4519733,-0.04531103,-0.1165966,-0.02568995,-0.4679251,-0.07322228,0.05117092,0.3686056,-0.01188812,-0.4821095,0.6290155,-0.1987336,-1.067773,-0.05727603,0.1503906,-0.07797402
-0.1979577,-0.479467,0.4870508,0.2883946,3.222075E-05,-0.365849,-0.309755,-0.03109458,-0.02896489,0.01452294,-0.0004505327,-0.3861275,-0.003539235,-0.5394986,0.4767504,0.079776,-0.01386535,0.056896,0.3508918,-0.08536758,-0.4140614,0.02199157,0.06822219,-0.396992,-0.325415,0.04115165,-0.005658029,0.03777985,0.03060298,0.3475875
-0.01828319,-0.04293907,-0.2707942,0.3927138,0.1609547,0.4255309,0.02147964,0.2323971,0.02953593,5.073396E-05,0.02122219,0.247793,0.06059127,0.3865209,0.1123487,0.596185,0.1985849,-0.4009975,0.8345432,0.3358096,-0.4653429,-0.473027,0.3897755,-0.1486794,-0.2869434,-0.1087905,0.4301232,0.3919185,0.07171416,-0.1133984
0.3693465,0.1907739,-0.3650253,-0.4325834,0.1470537,0.1811472,-0.4255255,-0.1786456,0.4900237,0.256899,0.06292644,-0.1042098,-0.282046,-0.2123667,0.3769953,0.150452,-0.12728,0.001697593,0.005379431,0.3029844,0.3248627,-0.04012597,0.2471537,0.3553583,0.4111859,0.09499973,-0.198935,-0.6156509,0.3153669,0.00309395
0.4898539,0.1075297,0.003469513,0.09332215,0.4054441,0.005353002,0.06672456,0.1908717,-0.06763072,0.2504727,0.003157707,-0.2021157,-0.2190631,0.008150488,0.002766092,0.2419047,0.319319,-0.003888309,-0.1784614,0.01239822,0.02837151,-0.1121398,0.06542951,0.6568642,0.0002998845,0.4377711,-0.006721445,0.1242359,-0.03306603,0.1597102
-0.483569,0.001152034,0.1735197,-0.06806687,0.1305766,-0.5063378,-0.1747862,0.2626137,-8.074356E-05,0.4822013,0.6079194,-0.02853853,-0.05630444,-0.2399296,0.2220127,0.008792068,0.05326146,-0.001037921,-0.1800207,0.1007635,0.4020042,0.2432729,-0.4364109,-0.4908087,0.001644916,0.1796375,0.3556992,-0.8095106,0.3581086,-0.008699477
-0.1440719,-0.2873688,-0.2919114,-0.04318937,0.08815712,-0.09498352,0.01604169,0.2787964,-0.04562692,-0.1723571,-0.9490971,-0.003777314,0.3500873,-0.0071448,-0.0005397573,-0.2260809,0.1006904,0.2700716,-0.8913694,0.1968166,0.225769,0.189534,-0.2924668,0.4438677,0.2091797,-0.1379723,-0.004492058,0.1964497,-0.6363558,-0.1871175
-0.1970915,0.2668005,-0.3566365,0.01662224,0.2987577,-0.1383998,-0.1329601,-0.0004884052,0.07694185,0.1255876,0.4053755,0.2306533,0.3073606,-0.1088081,-0.005210742,0.6984429,-0.4421837,0.03407043,0.8620218,0.01806596,-0.1545214,-0.4591321,-0.1888043,-0.4501834,0.00732886,-0.04912633,0.1036184,-0.1963972,0.05807312,-0.01247464
;
-0.006836785,0.07955855,-0.2056399,0.009652132,0.3778136,0.3715555,-0.3514876,2.215753,0.5823723,0.008988381,-0.2066192,0.01432294,-0.3413931,-0.02104772,-0.07536989,0.05045645,-0.1595019,0.5711291,-0.04822385,-0.3985971,0.2496956,0.06330264,0.5155851,-0.485194,0.1912919,0.1550392,-0.04148245,0.2142003,0.4422165,0.1483864
0.4551964,-0.0946424,-0.001910646,-0.007446345,-0.08256918,0.01938131,0.07692701,0.005521165,-0.06346497,0.02258651,0.2470678,0.5229954,0.0023368,-0.02811086,-0.1432445,-0.002097671,0.4255406,0.4595986,0.04829553,0.3459266,0.009920103,0.007071555,0.01394306,0.1731821,-0.3064656,0.04735103,0.4075284,-0.03203422,0.4299249,0.107795
-0.1391972,0.3898227,0.002747597,-0.0222414,-0.1546103,-0.08318564,0.2873708,0.3139426,-0.05598945,-0.007211274,0.3866539,-0.1146296,-0.01048002,0.3378094,-0.01829964,-0.3089861,0.3101491,0.04379428,-0.07498425,0.005193031,-0.03990857,-0.1211612,-0.06364716,0.3125257,-0.04122196,-0.2185673,0.365003,0.4934188,-0.4956102,0.08111384
;
