0.2408318
-0.5230849
0.2379008
0.1712874
-0.0005248439
0.02278414
-0.00678544
0.1906627
-0.7309061
-0.6487693
;
-0.4215134,-0.5126072,0.3459703,0.00153939,-0.4740019,-0.03661149,0.1757025,0.004438106,0.1035921,0.4330195
-0.7434881,0.3415335,0.1161246,-0.002650423,0.006016559,0.1869773,-0.01169293,0.09991631,-0.2012329,-0.3043579
0.4039383,-0.2776259,0.1484746,-0.2792271,0.1860037,-0.254316,2.401125E-07,-0.09981633,0.006538451,0.1495645
0.9950578,0.5414082,0.641991,-0.3500547,0.1931207,-0.2869512,-0.009728492,-0.04412621,0.328025,0.07552739
-0.04420961,-0.1537587,-0.8657816,-0.1412836,-0.1680444,-0.2041397,-0.0003801691,0.3617682,0.0155248,0.01536769
0.00219584,-0.02661538,0.3734057,0.01468203,-0.2228336,0.04472338,-0.01567702,-0.09403902,-0.8465391,-0.1015082
0.7313401,0.003642285,0.01537997,1.25403,-0.3849646,0.0008904165,-0.5245151,-0.4807684,0.0532002,-0.3504215
-0.004277277,-0.4519219,-0.1846819,0.2795048,-0.2423368,0.3684189,0.1099159,-0.3395123,-0.423965,0.03780136
-0.05931348,0.8241913,0.07923259,-0.4098293,-0.3027557,0.02222437,1.891655,0.01229566,-0.1752658,-1.469756
1.418338,-0.03110736,0.03143171,-0.08999255,0.8105426,0.09359556,0.2544204,0.1454957,-0.05783552,-0.1530709
;
-0.001256823,-0.4177427,0.2587835,0.1089664,-0.4510239,-0.1107401,0.3209771,-0.2780007,0.2092607,0.005125575
0.1075674,-0.3532448,0.0988453,-0.1961341,-0.3962341,0.2241537,-0.02142134,0.6664926,-0.2390338,-0.05657639
;
-0.004746642
-0.2597456
0.04670446
0.1243171
-0.07300529
0.006218668
-0.1024015
-0.4475129
0.6502694
0.04780346
;
-0.1646618,-0.1738456,0.3233067,-0.05174955,-0.04012886,-0.02744102,-0.4273554,0.01425821,-0.009974343,-0.03616156
0.128494,0.2792041,0.003812023,-0.08370894,-0.2092325,0.3799597,-0.3071393,0.2033682,0.5326478,0.1303636
0.1036622,-0.1183562,0.007916451,-0.2713519,0.6917098,0.1665132,-0.2547432,0.02726966,-0.04862371,0.4706588
-0.1910393,-0.003209495,-0.487669,0.06456777,0.1441421,0.001650725,0.1732026,0.0021103,0.01386695,0.8923417
0.1539386,-0.2473009,-0.6543151,-0.3527286,-0.1663587,0.1981845,-0.2461264,-0.3058536,-0.3846526,0.1295594
0.4768462,0.1296101,0.000316483,0.01338643,0.08298653,-0.12574,-0.03143303,-0.04918238,0.1278699,-0.3446745
-0.002381358,0.7286648,-0.01211581,0.0004439826,-0.9193686,-0.2678168,0.2048197,-0.248089,0.5700669,-0.4872941
0.1297161,0.05425256,-0.5253044,-0.1246674,-0.01531608,-0.4244676,0.2292842,0.01137159,0.004359716,-0.2407662
0.2728953,-0.01993748,-0.2444385,-0.01285191,0.2456389,-0.08201367,-0.2869814,0.59851,0.1354493,0.07791811
-0.359596,-0.3593626,-0.06063456,0.06772017,-0.2747499,0.2558619,0.05424649,-0.7103533,-0.07559288,0.1840325
;
0.01262912,-0.1971852,-0.01337892,0.1072842,-0.2012651,0.160433,0.1664648,-0.4470619,-0.1065202,0.05353462
0.6138403,-0.1396472,-0.2624522,-0.461345,-0.09616047,0.5445617,0.01146991,-0.2135913,-0.09328884,0.06522732
-0.1544387,0.01474373,-0.3209917,0.01495474,0.06504876,0.01394289,-0.06380741,-0.3431019,-0.5843083,0.2133852
;
0.08339528
0.2336504
-0.4817075
0.7976729
-0.02347657
-0.0008731703
-0.03591878
-0.07528169
-0.4496654
-0.01422782
0.03672525
0.4991346
-0.3587605
-0.2176399
-0.07812721
-0.3394695
0.0768171
-0.3995197
-0.2408939
-0.1811876
-0.2386829
0.001777526
0.1575771
-0.04710301
0.2633009
0.080355
0.1239301
0.3858861
-0.02345708
0.3016571
;
-0.4202623,0.2889392,0.2856308,-0.5091947,0.1377443,0.0119631,-0.007726102,-0.4087123,-0.3721404,-0.3795575,0.3518209,-0.2640115,-0.2623382,0.2027991,0.2769978,-0.3563976,0.0002629936,-0.2422827,0.8412463,-0.1779341,0.2189482,-0.8895651,-0.01538805,-0.01765472,0.2902696,0.1246259,-0.09020821,-0.9809737,-0.4039336,-0.2638723
-0.2370428,-0.2790789,0.1771537,0.09818113,-0.2194034,0.07898813,-0.02057878,0.4818294,-0.3799524,-0.01855121,0.008829892,0.03101426,-0.03540206,-0.3679773,0.002893839,0.1740967,-0.06713063,0.3540873,0.7478377,0.4951364,0.4119914,0.04067924,0.3154539,-0.1414229,0.002958613,-0.01603234,-0.1381785,0.07418233,0.2874462,0.3972714
0.01913232,-0.4545543,-0.0009694821,0.35732,-0.02086488,-0.3157911,0.2842749,-0.05838886,0.1037803,0.05756799,0.2514689,0.06029893,0.9499146,0.3177617,-0.4936994,0.7149745,-0.2501018,0.4999876,0.2616577,0.5695618,0.00309551,0.3671266,-0.02100692,0.005871747,0.09422258,-0.5803114,-0.1785148,-0.0670107,-0.4979866,-0.1062619
-0.4589089,0.1324852,0.2982014,0.3326232,0.4889042,0.1971678,0.02272045,0.1434394,-0.09256291,-0.1809947,0.4369562,0.2954396,0.2854853,0.01049709,0.4648294,-0.3115317,0.2592839,-0.4082397,0.03575514,-0.7456857,-0.03323632,0.1350929,0.1618278,-0.2197554,0.08279537,-0.4773549,0.08348233,0.02660316,-0.03198455,-0.2993485
-0.09482317,-0.0004006028,0.1475557,-0.01595539,-0.5599941,0.5516608,0.2795862,-0.2489792,0.3534478,-0.08077689,0.178176,-0.003324232,-0.1148034,-0.08638719,0.06597134,-0.0001260675,0.0292521,-0.02528112,-0.1039316,0.003511535,-0.4411708,-0.03969492,0.391493,0.03651822,0.210879,0.04180934,0.04487962,0.2054155,0.5952132,0.01667332
0.1990445,-0.6789103,0.1960512,-0.0003717854,0.1903955,0.02371485,-0.315536,3.553073E-05,0.4603291,-0.06116134,0.2089785,-0.4823362,-0.09265257,0.01708362,-0.4771228,0.01501607,1.024517,-0.08113562,-0.1956325,0.02102167,0.4295292,0.1339238,0.1140193,0.2923505,-0.39244,0.5589331,0.06199824,-0.4187895,-0.4378281,-0.04174443
-0.2739099,0.05019528,-0.03032368,-0.2844668,-0.01275219,-0.4508624,-0.433323,0.3721582,0.4461977,0.1523112,0.3159254,0.3787899,-0.1707866,0.08989634,0.1774435,-0.05460292,0.119552,0.116143,0.03216315,0.2932836,0.4761142,-0.5936574,0.2258117,0.001173673,0.1116613,-0.3426487,-0.08470359,-0.1713351,-0.4823745,-0.473388
0.2374491,-0.007054838,-0.002202571,0.01244932,-0.1148089,0.002908885,-0.7097242,-0.4892913,0.3124732,-0.4143107,-0.342347,0.09209864,0.4520295,0.03167695,-0.1435688,-1.388582,0.2415134,0.0007209256,-0.3321469,0.3752127,0.2382444,0.2098749,-0.007175141,-0.02646081,-0.1024219,-0.08955508,-0.01742217,-0.02920013,0.4820943,0.2959514
0.05924106,-0.03792018,0.06801295,0.1329141,0.0004684947,0.08434503,-0.1777536,-0.1545624,0.3131826,-0.2915709,-0.01922846,-1.005158,-0.04906435,0.1283496,0.3686147,-0.06458014,0.1518471,0.1571242,0.1059049,0.6490446,-0.04930124,-0.2848408,-0.2640853,0.02697103,0.0006796757,0.2965039,-0.2240341,0.002849194,-0.2335004,0.4230243
0.3452034,0.1870098,0.2207367,0.6367775,-0.3365955,-0.09915096,-0.1887809,0.2328727,0.2590251,0.04579873,0.003593418,0.3469065,0.3395689,0.09541699,0.04636651,-1.695741,0.04968647,0.006412015,-0.004559183,0.0003868249,0.2312381,-0.0416447,-0.004115907,0.01140571,0.3177948,-0.03211515,-0.1971301,0.2431332,0.1257325,0.4652897
-0.4388351,-0.2194302,-0.01387152,0.02353325,0.05638486,0.3082185,-0.3484257,0.4915243,0.09588701,0.1273536,-0.3796973,-0.03929901,0.009564131,-0.5651546,0.4231488,0.006011474,-0.002339592,0.5610827,-0.4190167,-0.006099928,-0.1925813,0.2808143,0.02572254,-0.1494449,0.02305282,-0.008759382,0.02379694,0.1372782,0.1584848,-0.2999726
-0.6188263,0.2125385,-0.01395186,-0.1755184,0.4181425,-0.09734911,-0.1562976,0.002054219,-0.0231245,-0.06265364,-0.003455008,-0.2246338,0.04334718,0.0345091,-0.8349949,-0.1214064,0.07552999,0.2830672,-0.08706576,-0.238757,0.4624478,0.4267246,0.03795361,0.4216217,0.444129,0.003771652,0.01982266,-0.4430977,-0.01635502,-0.1535957
-0.3130106,0.4646697,-0.1346373,0.2354087,0.1337759,0.1783208,0.001664692,0.001165998,2.164091,-0.8329427,0.131909,0.1163217,1.270558,7.839785E-05,-0.1572954,-0.1044279,-0.4202061,-0.1288499,-0.02969571,-0.4804924,-0.2366708,-0.2731402,0.02777433,-0.004599988,-0.09971076,-0.01743563,-0.00352932,1.726373,-0.7488858,0.1729525
-0.5554805,-0.241405,0.2370335,-0.4921465,-0.4532011,-0.2075834,-0.07473874,0.108298,0.1370084,-1.345774,-0.003392975,0.08391595,-0.2749659,-0.1954379,0.2139441,-0.3421919,0.2187091,-0.1362917,-0.624359,-0.2853218,0.4402684,-0.07793304,0.07972997,-0.275425,-0.1317428,0.2740158,0.03472509,0.4961069,0.1206888,-0.4198854
-0.2087629,0.4917176,-0.4695389,-0.05381985,0.001255489,0.109331,0.004124872,-0.1343578,0.2080083,0.2959912,-0.06107217,-0.4134871,-0.2221003,-0.1129801,0.2104252,0.01527345,0.05631799,-0.3435565,0.2335377,0.3393642,0.2769953,0.3492786,0.3549697,-0.01634923,-0.1247245,0.3565569,0.0102594,-0.3949047,0.1507512,0.3556249
-0.2058211,-0.04722623,0.1446208,-0.4394225,0.445763,-0.7071438,-0.01455897,0.3781699,-1.401001,-0.04810962,0.263783,-0.1405441,0.001055011,1.35723E-05,0.1572204,0.1082922,0.0383354,-0.008055753,0.07456686,0.527372,-0.01779372,-0.09426898,0.02276845,0.1749362,-0.1294263,-0.0005004834,0.2738203,0.4963874,0.982273,0.05509657
0.1909811,-0.05038297,0.4428733,0.2395964,0.01743451,0.08637142,-0.04144834,-0.1198123,-0.01655101,0.002484869,-0.1013156,-0.001894045,-0.000164699,-0.07540077,0.6064733,0.03459611,0.2175674,-0.025947,0.2520067,-0.002007658,-0.3144048,0.03159503,-0.1233328,0.414902,-0.1886579,0.07508057,-0.07832966,0.7256506,0.2439104,0.05205005
-0.182117,0.01980054,0.8703319,-0.05171373,-0.2118259,-0.176618,-0.0005295954,0.4187587,-0.3679117,0.1356035,-0.145113,-0.1266341,-0.07530095,-0.4916774,-0.005538865,0.2419752,-0.3480436,0.05925154,-0.0399974,-0.3712248,0.004200303,-0.3394152,0.06894988,-0.4247775,-0.1593275,0.4962945,-0.04896218,-0.02690091,0.1435542,0.2538417
0.1163767,0.006928358,-0.0980664,0.3324887,0.302812,-0.08280096,1.059902,-0.1538421,0.1611182,0.0158692,0.2298518,0.1030294,-0.007728173,-0.1044034,-0.583995,0.9040793,0.06750964,-0.08014125,-0.005804638,-0.01912701,0.08864703,-0.0004346865,-0.02728811,0.003247482,-0.08583859,-0.153484,0.3262852,0.01576904,0.01216751,-0.0003255144
0.2672324,-0.02162336,0.1106905,0.3963694,0.2077339,-0.3885591,0.328722,-0.0187152,-0.0855397,0.414427,-0.41076,-0.09336919,0.1862446,0.363133,0.002069275,0.29921,-0.3179561,1.6946,-1.34193,6.251311E-05,-0.3922912,0.3450551,0.3363367,-0.01018639,0.7505581,0.2169506,0.3532165,-0.490119,-0.7192596,-0.2351733
0.1787853,-0.3344936,-0.3540026,0.0001004933,0.002430497,-1.005263,1.330252,0.004157699,0.2755259,-0.4904495,-0.03418541,0.1322419,0.1142181,-0.04329516,0.922728,-0.3009638,-0.208751,-0.4194036,0.04187588,0.1927343,-0.3063103,-0.02476332,-0.4519486,-0.07162172,-0.07011645,0.2564245,-0.04752281,1.189958,0.6371843,-1.296232
0.1461823,-0.00753392,0.0443134,0.306477,0.06259321,-0.4280411,-0.1949413,-0.4265809,0.00476085,-0.09548784,0.2381776,-0.294917,-0.006915051,0.4292493,0.689673,0.3185042,-0.4151272,0.1676216,-0.3723722,0.3576416,-0.004069522,0.01176253,0.08809128,0.06514914,2.079643E-05,0.006608775,0.01510564,-0.0194327,0.4274166,-0.1815774
-0.01578862,-0.4132289,-0.07145661,0.0002496888,-0.194718,-0.001821642,-0.9047881,0.2838103,-0.4605819,0.02477652,-0.104523,0.5173405,0.4681328,-0.5492199,-0.05403832,0.182861,0.01868862,0.3816265,0.2803642,-0.2070653,-0.3122442,0.004374461,0.08166707,-0.1591982,-0.05683127,-0.4190215,-0.3139235,0.0779774,0.05403463,0.00898538
-0.4776087,0.3338352,-0.006503642,0.2002826,0.1259775,-0.3965902,0.0038047,0.3836409,-0.2449843,-0.2959479,0.1841206,-1.052394,-0.0001966282,-0.2423252,-0.1682871,-0.196904,0.1134451,-0.1740035,-0.06629449,-0.3472828,0.470072,-0.02658344,-0.4766767,-0.05396461,-0.5663323,0.4088057,-0.3041964,-0.4963312,0.1089082,-0.04708308
-0.2047706,-0.1103048,0.3790487,0.8230156,-0.4237355,0.5608376,-0.08714825,0.007177256,-0.3052323,0.08799662,0.0006326885,-0.02314872,-0.170036,-0.02074191,0.1111143,0.478742,-0.2316517,0.08481828,0.3472602,0.2295474,-0.4658853,0.2038671,0.04274029,-0.5245336,-1.19129,-2.323901,-0.06970046,0.01732793,0.0183055,-0.1947286
-0.1104259,0.1216051,-0.2763808,-0.001805803,0.1643085,0.3872578,0.157889,0.1077483,-0.2432209,0.06350172,0.003933119,-0.03046843,0.05732304,0.0137463,0.7394379,0.08367103,0.2107166,-0.07251423,-0.006957202,-0.3370829,-0.4415121,-0.05540963,-0.3411696,0.1194893,-0.06929094,0.2987707,-0.4263377,-0.1675829,0.0001929755,-0.003728104
0.40666,-0.04705137,0.008015965,-0.4025384,0.008534125,-0.107422,0.6893527,-0.09671049,0.1969029,-0.1642043,0.02637243,-0.01907169,-0.5207844,0.51821,-0.6933439,0.111373,0.1051969,-0.4778328,0.32991,-0.7644618,0.1140185,0.01121829,0.1073339,0.07825122,0.2848347,-0.3344669,-0.2038612,-0.005780227,0.06192445,0.1620569
-1.10833,-0.1864168,-0.2329018,0.02393537,0.1722331,-0.2940315,-0.1026001,-0.7020028,-0.1987192,0.003602673,-0.742897,0.4362443,-0.1840703,-0.01024336,-0.4295854,-0.08336681,-0.0008478113,-0.1832408,-0.7211285,0.003491104,0.002542764,-2.133756,0.2570195,0.04560035,-0.0004573223,-0.06398484,-0.5862449,0.1538652,-0.2966603,-0.4797394
1.062101,-0.4230284,0.2153571,0.2824084,0.135541,0.2845644,0.9627289,0.3512167,0.4723538,-0.01665397,0.3875648,-0.2747163,0.0002805377,-0.4014962,-0.3266497,0.5489556,0.01251441,0.2424737,-0.6430333,0.2273419,0.1460535,0.2077498,-0.003812379,0.005836804,0.265693,0.105193,0.3643926,0.0727851,-0.01858065,-0.003184825
-0.1852681,0.8212845,-0.1969098,0.06467015,-0.007428267,-0.3882851,0.04349167,-0.06827515,-0.003044388,-0.3921522,0.003181551,-0.2810525,0.2824972,0.04772308,-0.01235725,0.0250956,0.01639428,0.115143,0.1472204,0.008942252,-0.7096416,-0.06773493,-0.02936071,0.1494312,-0.1647134,0.00720437,0.07179397,0.1417979,0.48807,0.1991394
;
0.2156568,-0.05042233,0.2136762,-0.5509215,0.02085411,-0.002932774,-0.3906105,0.006169396,0.8256174,0.2280462,-0.02423646,-0.2554693,0.1659636,-0.1317192,0.2403493,-0.1173078,0.0008461881,-0.001229857,-0.0007401178,-0.0487017,0.4881915,-0.06201548,0.2297736,0.3621432,-0.3905323,0.007588618,-0.04418711,-0.02330806,-0.09131294,0.05011531
-0.1895242,0.02487074,0.423686,-0.2010391,0.09274453,-0.02104199,-0.02907506,-0.147376,-0.1411799,-0.000899141,-0.1566009,-0.01592704,-3.845865E-05,-0.002584555,-0.1905481,0.2201661,-0.0005078728,0.01738125,-0.3808658,0.1249544,-0.02849526,0.06086738,0.6179953,0.4323432,-0.01331461,0.01715344,0.4493145,0.02124439,0.2096305,-5.755649E-05
0.239885,0.2794729,0.2949256,-0.2300596,-0.002836883,-0.0690487,-0.09360796,0.001135528,-0.412335,-0.527727,-0.437669,0.001296073,-0.7306373,0.2136515,-0.01768225,-0.3761528,-0.02584543,0.3365936,-0.1061308,-0.02622384,-0.00276524,0.4105967,-0.2576072,0.1308845,-0.3793341,0.3316714,-0.3343203,-0.02728291,-0.5533441,-0.3670299
;
-0.0174655
0.1606192
0.1328455
-0.009905198
-3.709047E-07
-0.260734
-0.07196724
-1.105816
-0.2996117
0.1681816
0.320846
-0.006318896
-0.4216062
-0.001474444
-0.3785288
-0.001649439
-0.1094411
0.009631574
0.3126344
-0.03806299
0.484808
0.07704109
0.1294005
-0.4184315
-0.2777649
-1.334538
-0.3467073
-0.1666521
0.2562071
0.2587397
;
-0.3904871,-0.8500276,-0.3384516,0.03744894,0.9024762,1.145003E-05,-0.4002826,0.3675611,0.2479092,-0.4272063,-0.1939203,0.1999628,-0.05676183,0.3622931,-0.2005221,0.1556282,0.00696591,-0.02506705,0.09995311,-0.06230798,-0.2208716,0.3359306,0.1394245,-0.05343432,0.04383881,-0.07687825,0.2933556,0.05227214,0.0104937,-0.3553352
-0.2381824,0.02087218,-0.4445031,0.0658583,0.1352919,0.005678713,0.1001946,-0.02193194,-0.4692017,-0.9258307,0.1486248,0.1673066,0.1437265,-0.0001557543,-0.2101565,0.03579367,-0.03935546,0.4766353,0.4977114,0.3185933,-0.5833465,0.3526269,0.01366654,-0.2668735,0.03177265,-0.1503362,0.1267369,0.158282,-0.1075639,0.2731663
0.008222526,0.4912256,-0.0957759,0.3117658,0.04447955,0.009676151,1.608946,-0.1552314,0.2332235,-0.02910647,-0.4950993,-0.1490291,0.2249746,0.7666092,-0.6032568,-0.7589257,-0.4223228,-0.06683242,-0.01671098,0.07551866,0.1546525,0.274134,0.1239024,-0.1485797,0.2909416,-0.3842328,-0.395485,-0.2143154,-0.3101599,0.1694343
0.1159095,0.01666003,-0.4509662,-0.08228254,0.3448913,-0.1987597,-0.09981948,2.276438,-0.1094613,0.03449646,0.06226009,0.01892632,-0.01517767,0.2440057,0.02937157,0.02119973,0.1741075,0.2723517,0.3970928,-0.4184247,-0.05633633,-0.01035374,0.009860731,0.1404146,0.2939874,0.04950969,0.3985949,-0.2093199,0.02393947,-0.2198157
0.008548993,-0.07767347,-0.2422533,-0.0006241326,0.9371188,0.000978201,-0.2981235,-0.1364062,-0.09527299,0.9178749,-0.06871802,0.1264883,-0.2246987,0.2966949,-0.03857874,-0.0004667054,-0.3168623,0.2073182,-1.380772,-0.06559619,-0.06313577,-0.1280275,0.005851858,0.03711751,0.3220656,-0.1616704,0.1355876,0.1278773,-0.4275781,0.2595873
-0.3012934,-0.06141086,0.4780332,-0.08993826,-0.2059173,-0.05857199,0.4878092,0.4781196,0.2572035,-0.3874371,0.3742293,-1.448887,-0.03838617,-0.4740938,0.3225472,0.1374884,0.4166517,0.01648717,-0.3585492,0.001999402,-0.2054234,-0.156271,0.01307591,-0.3317858,0.101223,-0.2550466,-0.07419366,-0.008723744,-0.1250632,-0.126399
-0.05557062,-0.08905283,-0.06623627,0.04991633,0.002366706,-0.01400585,0.0003829372,0.1712345,-0.1784469,-0.01275108,9.350666E-05,0.2538689,-0.07486278,-0.1506407,0.2372057,-0.1153369,-0.2592247,0.1959949,0.007910217,-0.7097076,0.2648627,0.1166014,0.2742716,-0.09960014,-0.2530085,-0.02258557,-0.0158382,-0.007968467,0.07228976,0.03207633
-0.09607607,-0.09733269,-0.1544581,-0.1872961,0.2731897,0.7500499,0.6586577,-0.1171364,-0.3054687,0.1673079,0.1274174,-0.1173101,-0.06575745,-0.007426579,-0.2536035,0.4746464,-0.4570601,0.4380681,-0.4986835,0.04844727,-0.0256996,-0.2231558,0.3452085,0.002410063,0.03558476,-0.09237849,0.1786064,-0.2270249,-0.3284937,-0.3770997
0.5127305,-0.3197986,0.06310728,0.6007465,-0.04119367,0.1313705,0.3021186,0.5344459,0.01913232,-0.001565091,0.2080205,0.03302997,-0.02720597,0.07533387,-0.2908652,0.2433701,0.4586513,0.3719935,-0.01291355,0.06704406,-0.1899465,-0.06107287,0.454648,-0.3272848,-0.1754545,-0.05521452,0.0607675,0.7343735,0.07994515,0.2460749
-0.02289444,0.01147097,-1.059129,0.03834934,-0.1727998,0.3081697,-0.04309862,-0.7550608,-1.654062E-05,0.1783812,-0.516244,-0.2036984,-0.04712212,-0.2250818,0.2779195,0.09837238,-0.4685477,0.2916039,0.2679353,-0.2412702,-0.2366039,-0.1634142,0.002094314,0.08989054,-0.02807418,-0.1028987,-0.0463509,-0.2146423,0.2906011,-0.1830948
-0.02171041,0.04014105,-0.5973156,0.1897316,0.4690315,-0.00202666,0.1389652,0.4761707,0.195288,-0.2088565,0.8137283,0.3185792,-0.2185513,-0.09406204,-0.497677,-0.3470598,0.03920388,-0.2458127,0.1388975,-0.01304977,0.1316086,0.02986736,0.01032289,0.406402,0.2634857,0.746923,0.01725319,-0.1934872,-0.09576339,-0.2442011
-0.03923817,-0.0005814686,0.2144075,-0.05939931,0.06329323,0.05969325,-0.02303451,0.1965172,0.09307986,0.02949653,0.2684079,-0.03706568,-0.01114007,-0.1977047,0.01248742,-0.1678767,0.002480291,0.005683294,-0.1989305,-0.5739967,0.06860518,-0.8181045,0.1839706,-0.2433127,-0.3621917,0.005150646,-0.4079419,0.327389,0.006757195,-0.000483093
0.9039497,0.3485563,-0.4182305,-0.07293028,-0.2268791,-0.003478328,0.05360384,0.09652271,0.05597268,-0.02175952,-0.06157564,0.3183916,0.4131528,0.1390457,0.004012727,-0.3763954,-0.3558049,0.02140778,0.2638749,0.001473012,-0.0965604,0.06789604,0.3871894,0.1220334,-0.2619161,0.001119574,-0.1069103,-0.09476453,-0.08783141,0.2493687
-0.0361523,-0.3180457,-0.049145,-0.1098116,-0.3171788,0.00441373,0.1696563,0.4606478,0.3813274,0.9269645,-0.1898967,-0.1342803,-0.01671523,0.4120824,-0.0001852843,-0.002960187,-0.1468063,0.4957829,0.08676444,-0.4816813,-0.02213818,-0.3456889,-0.001812749,0.7496429,0.03851813,-0.1736335,-0.1751005,-0.2348105,0.2060882,0.3834854
-0.6879185,-2.257536,-0.1090172,0.04425731,-0.1108567,0.03904634,-0.2647657,0.02782957,0.1601689,0.2266033,-0.05716816,0.3189059,-0.1136153,0.08423599,-0.485682,0.02437788,0.1921246,0.1336145,-0.09075322,0.1882924,-1.210995E-05,0.3630286,0.08875459,-0.1929009,0.01307272,0.3550025,0.3082486,-0.470803,-0.38888,0.02342123
-0.01927663,0.3215618,0.2082834,0.04785255,-0.3331504,0.0002507004,0.07119287,0.09454829,0.4021965,-0.04977166,-0.3125839,0.3483813,-0.1516429,-0.1940345,-0.0005920905,0.4297746,0.2340436,-0.03338591,0.02519077,-0.1865662,-0.3730142,-0.1927055,0.1417095,0.1628023,-0.1726813,-0.3681666,0.01367313,-0.3848451,0.2349101,-0.001332337
0.6587476,0.2642687,-0.02729074,-0.2822822,-0.1908104,0.0379926,-0.2051442,-0.2604134,0.1151722,0.5706196,-0.2044207,-0.1954212,0.236304,-0.7351437,-0.02751468,-0.05648501,-0.05212623,-0.08637351,0.2663478,-0.005925844,-0.04178675,-0.3842292,0.01716461,-0.2802523,0.0003090551,-0.7307824,-0.4548895,0.5465192,-0.5297805,-0.04191166
-0.04611212,0.09951073,0.3028859,-0.02861319,-0.1210895,-0.255119,-0.4922788,-0.2893811,-0.2735579,-0.2237263,-0.08297724,-0.0166767,0.5251744,0.002124958,0.1854902,-0.3402729,-0.00253851,0.02183763,0.01057429,0.003834069,-0.1843799,0.1653049,-0.4050954,-0.268175,-0.3365009,-0.1635064,0.3683056,0.03435943,0.2411712,-0.4146284
-0.2685034,0.3865042,0.1674287,-0.2503638,-0.003073449,-0.01688156,0.404228,-0.06197673,-0.3257523,-0.03815955,-1.725379,-0.1077421,-0.3097438,0.297752,-0.4502177,-0.1509667,-0.009071653,0.06652778,-0.4879568,0.02341428,0.002503069,-0.1221834,-0.1932072,-0.08393428,0.04145042,-0.1808639,0.002567538,-0.04232306,0.09134145,0.05323603
-0.06952664,0.3940578,-0.2511222,-0.4822191,-0.1045015,0.06303436,1.989927E-05,0.2453012,0.1105017,-0.07180942,-0.09056911,-0.1760065,0.4094933,0.1254263,-0.06751685,-0.07519121,0.1176124,0.1015135,0.4824106,-0.06758159,0.2857324,-0.3898931,-0.1468941,0.1478944,-0.1221028,1.957005E-06,-0.2298353,-0.07015914,-0.1852614,0.1659545
1.712418,0.1128364,-0.3393142,-0.02138824,0.1721797,0.07151078,0.5408731,0.002003891,-0.08950964,-0.1229958,-0.06404048,-0.1050274,0.3752755,-0.03138979,0.1426036,0.04462403,-0.129558,0.06719971,0.001761495,-0.03614759,-0.033425,-0.1496109,-1.145607,-0.264212,0.0139471,0.352243,-0.3921133,-0.002421439,-0.004383876,0.4660093
0.3757466,0.004606247,-0.002726472,0.4180107,-0.3672816,-0.1036634,0.1361176,-0.1841385,-0.08243072,0.01407784,0.1518988,-0.007490924,-0.01329411,-0.2374296,0.2709248,0.4874729,0.05515908,1.369364,-0.7088248,0.1127765,-0.4304296,-0.004090752,-0.4113725,0.006157062,-0.003201094,0.3476706,-0.1677548,0.06184095,0.007265806,0.2834346
0.1932611,0.09775984,-0.3926324,-0.1021142,-0.5498244,-0.1846096,-0.3054771,0.4023995,-0.6486132,0.3223009,-0.1200446,0.5737188,-5.711994E-05,-0.1246191,0.4772282,-0.203617,0.2423486,0.004937248,0.4034951,0.5931726,0.01000122,-0.4214758,-9.255726E-05,0.06103741,-0.02958136,-0.02342118,0.1289657,-0.09486505,0.08292474,0.01831095
0.2355862,0.4960891,-0.02605073,0.8236365,0.1071618,0.04707947,0.7220901,0.03109458,-0.01606625,-0.01452294,-0.07797044,-0.273998,-0.002586251,-0.5145696,0.05062745,-0.4575198,0.3529581,0.06891225,-0.01184661,0.4148169,-0.08164807,0.02133468,0.07923645,-0.1048404,0.01651543,0.03653613,-0.004167287,0.009849847,-0.4201066,-0.3475875
-0.02777291,0.2614641,0.3760408,0.2275677,-0.1518324,0.4255309,-0.1629247,0.2323971,-0.03523813,1.003651E-05,-0.01527656,-0.01700214,0.05449922,-0.3789465,0.3044422,0.03573817,0.1825517,0.01814816,-1.148829,0.1527518,-0.0007658729,0.06141406,0.3435252,0.0851866,-0.2747026,0.05579871,0.1462883,0.1167474,-0.08913638,-0.1567089
-0.001190756,-0.09564561,-0.2095096,0.3858793,0.142368,-0.3980975,0.2649,-0.003081767,0.562941,-0.4782749,-0.0002582906,0.8534728,0.01560331,11.82011,0.2681917,0.3298154,0.4070465,0.08577114,2.071908,0.3025154,0.4280123,-0.004441051,0.759923,-0.1769564,0.02790918,-0.1935447,0.02523827,-0.04601715,-0.1333859,-0.4820801
0.2019214,0.5032704,0.1890555,-0.007559976,-0.1039933,-0.01338156,-0.0005319953,-0.3041229,-0.02871727,0.01572567,-0.1983592,-0.1897786,0.581373,0.01354387,0.001874183,-0.8664987,-0.003005906,0.02578874,0.05991643,-0.4917035,-0.02920666,-0.363362,0.06788854,0.01968456,-0.9449772,-0.1408871,0.004801117,-0.1242359,-0.004814728,0.2442175
-0.7047973,0.4482483,-0.0203419,0.06852868,-0.2885877,0.006208871,0.0588613,-0.4219141,0.002337979,-0.1698139,0.4539681,-0.3025205,-0.1444708,-0.07162441,-0.001502197,0.4412133,0.01820939,-0.05345415,0.2418619,0.1707285,-0.0009459541,0.5569539,0.2058236,-0.157716,-0.07200623,0.1846991,-0.3533826,0.2773028,0.3581086,-0.05156061
-0.252755,-0.0007981221,0.0585888,-0.2553457,-0.540181,0.05971017,0.02247797,0.2787964,-0.02345896,0.0613313,-0.006472618,-0.002961262,-0.1970067,0.4384531,-0.2629431,-0.3724539,0.005857603,0.01208144,-0.3825325,0.03619907,0.01589672,0.3062336,-0.1428799,-0.2815207,-0.2558846,-0.02016779,-0.385543,0.4264581,-0.4018143,0.4160469
0.1713945,0.2668005,-0.001701508,0.05342381,-0.03648749,-0.1938543,-0.07749258,0.002574345,-0.1459243,0.03086954,-0.2721274,-0.4050454,-0.3201253,-0.1504774,-0.005210742,0.05240077,-0.4072353,1.161902,0.129303,-0.01806596,0.2372718,0.3705137,0.00115174,-0.1620809,-0.01120821,-0.06315898,0.1370476,0.1359008,0.2521507,-0.01297253
;
0.3120497,0.4258062,0.3300136,-0.2352815,0.8555201,0.0690977,-0.1914728,0.3501118,0.3823886,-0.08418743,0.0003435434,0.04723395,0.2467972,0.02002702,-0.07536989,-0.07037814,-0.33755,-0.03157676,-0.05920642,-0.01998232,-0.0003663616,-0.398618,-0.4677454,0.1774994,-0.3844447,-0.1885963,-0.2415788,0.02694765,0.2578208,-0.4154052
-0.2120382,0.0946424,-0.008949211,-0.2477748,-0.1392996,0.1438531,0.1247473,-0.07340509,0.1405891,-0.3824872,0.06538036,0.373069,0.02536261,-0.4899297,-0.06554691,-0.0541628,-0.4191667,0.2324467,-0.404689,-0.2757093,-0.009297609,0.01411392,-0.01394306,0.338365,-0.2943051,-0.02899871,0.2157386,-0.2978414,0.1892741,-0.1941262
0.1886205,-0.1148837,-0.1181228,0.252773,-0.142729,-0.03029256,-0.1739824,-0.1312016,0.0361663,-0.2857002,-0.240369,0.1146296,-0.04114361,0.00480096,-0.5991528,-0.3509881,0.100617,-0.1833596,-0.1437384,0.09658521,-0.1366346,0.1211612,0.3399018,0.1375941,-0.2510096,-0.1104339,0.1838302,0.165684,0.3178957,-0.5136693
;
