-0.1216921
-1.272197
-0.2154568
-0.1079053
0.2499074
0.0673515
0.136528
-0.2639849
0.03262569
0.3087321
;
-0.8513871,-0.4384421,0.400336,0.2567872,-0.0878889,-0.01451032,-0.4972701,-0.7708091,-0.03563154,-0.008440009
0.05447686,-0.4315485,0.01391656,-0.0248217,0.01668816,-0.07106331,-0.3292601,-0.0005245341,0.1324791,0.04769164
0.050149,-0.01123046,-0.3665471,0.02008197,-0.5198544,0.4917974,0.2100147,-0.001297891,-0.1851976,0.475379
-0.1810347,-2.374573E-05,0.3332224,-0.01665848,0.4863715,-0.4554942,-0.1250682,-2.823691E-06,0.3810196,0.4284383
-0.3216072,0.4451697,-0.4111847,0.02264125,-0.2828591,0.004662958,-0.2276942,0.1263213,0.2845418,0.09244954
-0.0205163,-0.1946995,-0.06512225,0.7324748,-0.2538849,-0.159547,0.2467019,0.008418858,-0.01456137,-0.04830271
-0.1351379,0.4055868,-0.08836657,0.01010516,-0.04537132,0.07517337,-0.0637632,0.2393414,-0.7429757,-0.03795844
-0.4212476,0.0446428,-0.2971886,-0.3695615,-0.2744102,-0.478888,-0.007986664,0.1546272,0.229363,-0.2739488
-0.03647104,0.0002029623,0.4656042,-0.3473756,-0.5226507,0.0636608,-0.4062157,-0.02202861,-0.05001003,0.04754167
-0.05956703,0.3926809,-0.3682092,-0.01822308,0.21794,0.3313968,-0.4423436,0.06870264,0.2277107,0.3556097
;
-1.208643,-0.1435305,-0.1830245,0.008381399,0.1902009,-0.4129947,-0.0006267971,0.4003237,0.02113004,0.4340218
0.2085647,-0.0003710063,-0.002674671,0.09566745,-0.2361737,-0.01270337,0.1404281,-0.01643457,0.3284236,-0.008894208
;
-0.126455
-0.1460011
-0.09865922
-4.582428E-06
-0.1152847
-0.06006247
0.1055808
-0.1108576
0.09461373
-0.2440209
;
0.0338057,-0.1702362,0.0308858,-0.0006554675,-0.0006335719,0.3210119,-0.2594242,-0.3696988,-0.1236323,0.1067458
0.09750608,0.4642687,0.1240477,-0.01165277,-0.004593234,0.1628837,-0.09717461,0.3672295,-0.0004201863,-0.00490193
-0.05413193,0.08250386,-0.005398158,-0.02596625,0.05162693,-0.2562634,-0.1078301,-0.06471565,0.1063706,-0.1327252
0.009916167,-0.0007390113,-0.262663,0.001624361,0.09668513,-0.1755879,0.4028007,-0.03548497,0.03749043,-0.02618547
0.2179238,-0.1368776,-0.003264085,0.1854681,-0.1321951,0.3779227,0.1685554,-0.3209708,0.1199195,-0.03400822
-0.1906684,-0.3494899,-0.216785,-0.1093783,-0.02987893,-0.2157202,-0.01689011,0.3963889,0.09955043,0.05310912
-0.0868066,0.1121907,0.2314931,-0.4266964,-0.1606535,-0.05103202,1.309655,-1.303554,-0.04298371,-0.4057989
-0.814385,-0.1051375,-5.296405E-05,0.2144863,-0.4980992,0.09431106,-0.3579254,0.009238109,-0.08704372,-0.03222686
1.010475,-0.6769282,-0.2592218,-0.1972598,0.002987065,0.1531378,-0.4328047,0.2052934,-0.1093896,0.8497286
0.02034348,-0.2286675,-0.07310878,-0.4015499,-0.3581468,-0.2110722,-0.4739988,-0.441504,-0.005846861,-0.6218318
;
-0.4658655,-0.1101272,0.2739196,0.2261054,-0.7155379,-0.004773567,0.01175838,0.2287307,0.4544295,-0.1596275
-0.1980942,-0.009223728,-0.3208203,-0.1040476,-0.01113607,0.06240108,-0.2069442,-0.003836624,0.0007899256,-0.06277276
-0.006721383,-0.009166688,0.4080956,0.4550362,-0.3405965,0.4860849,0.08200328,0.01538935,0.4647138,-0.4965031
;
