-0.2219035
0.05034584
-0.0837141
-0.4855996
0.4723047
-0.1286373
0.4560946
0.2959985
0.3446774
0.1592886
;
-0.2459465,-0.4394888,0.196599,0.01602,-0.08905393,0.1640591,0.4450126,0.4043015,0.2707806,-0.1139221
0.03602463,0.4812562,0.3936437,0.1873714,-0.1298125,0.005655706,-0.1485552,0.1000296,-0.469111,0.1982338
-0.1268085,0.2352943,-0.2173048,0.2304848,-0.4555269,-0.2156785,0.4712518,-0.1004366,-0.04844195,-0.03079051
-0.4027208,-0.07452542,-0.3218135,-0.4655355,-0.4749284,0.3971393,-0.4728361,-0.2505388,0.1095302,-0.3886925
0.193956,-0.4527218,-0.2281139,-0.09516498,-0.2430812,0.2667713,0.2571765,0.2888871,-0.03855437,-0.21841
-0.3512034,0.3307128,-0.3886691,-0.4992964,-0.4297307,-0.4635764,-0.1186314,-0.09694582,0.4270762,-0.2071646
-0.3555597,-0.05615133,-0.135735,0.2510411,-0.3241454,0.1612638,-0.4899031,0.07735091,0.1079332,0.1356184
-0.04997379,0.4408263,-0.1358796,0.09965509,-0.1009666,-0.413113,0.4025259,0.05782801,0.3821243,0.4720976
-0.3236195,-0.01499552,0.6370751,-0.08243078,-0.4769,-0.1435944,0.3246174,-0.3629781,0.365695,0.05184823
0.4018698,-0.2948055,-0.2878146,0.192103,-0.3268806,0.1444895,0.1421853,-0.3913194,-0.1467624,-0.3054359
;
-0.3313011,0.1934365,-0.09568673,0.15433,-0.3161094,0.1769919,-0.362506,0.446926,0.22066,0.09950608
-0.211963,-0.001646459,-0.465212,-0.0008146167,-0.4168934,0.2845838,-0.1213891,-0.2035198,0.4895332,0.09554356
;
0.0874438
-0.4413929
0.007111628
0.1216744
-0.4915982
0.1894627
-0.2932525
0.01853637
-0.339044
0.4745336
;
-0.1220845,0.1492654,-0.04929378,-0.3258976,-0.01318425,0.03923617,0.01099104,0.3124183,-0.001239556,-0.01932146
0.9179773,-0.9395406,0.05654639,-1.4254,-0.1647599,0.3369068,0.2854472,0.12654,-0.7886072,-0.09291732
-0.1178358,-0.1811299,0.3245871,0.1934732,0.3526064,-0.01402241,-0.1578901,-1.948716,-0.2220615,0.008377112
0.3940895,-0.04490111,0.003939353,0.3126765,0.1000945,0.04067088,0.1195677,-0.1554448,0.1510087,0.1556777
-0.1426747,-0.2235572,-0.1305051,0.07462171,0.1053839,0.03868325,0.1016349,0.2481575,0.4617732,0.084701
0.5509902,0.30393,0.2553772,0.4767369,0.4980842,-0.001115262,0.002657574,-0.005061924,0.4464213,-0.2645503
-0.214439,-0.112123,0.0004435129,0.01246457,-0.1931807,0.1237025,0.005914564,0.4719371,0.08739822,-0.62642
-0.005702195,-0.1786268,0.04425487,-0.331192,0.4355436,-0.2180554,0.09735137,0.007607738,0.003899872,0.208154
0.2167896,-0.3622918,0.2606579,0.1159146,-0.06101817,-0.322264,0.1616827,-0.1290686,0.09369285,-0.6094192
0.1365723,0.1135245,0.3790955,0.296504,0.3153824,-0.3343968,1.137347,0.4387117,0.04438788,0.6278752
;
-0.1776148,-0.01698275,-0.2082663,0.2041962,0.2187155,-0.4121898,0.04020857,0.008552166,0.4094402,0.02172353
-0.09846033,-0.2118789,0.0456486,0.04085726,0.01657095,-0.6446793,0.3136644,0.2340717,0.689455,-0.3324658
;
-0.1676669
0.02609481
0.3462624
-0.4478922
-0.09521326
-0.3767989
0.1944392
0.1879319
1.061724
0.226009
;
-0.1981151,0.3075885,0.2934242,0.1620828,0.09177123,1.398119,0.3001515,-0.02614951,0.08982448,-0.124047
0.230157,-0.374539,-0.07234059,0.07279497,0.2947258,-0.003640907,-0.01589191,-0.2473752,-0.2724284,-0.002568457
0.02420729,0.3537215,-0.07028455,-0.03301163,0.1024198,-0.7753156,-3.445229E-07,-0.1223626,0.4262322,-0.03856232
-0.2839978,-0.006729599,-0.3301948,-0.1411769,-0.0443239,-0.001465413,0.01545911,-0.3055988,0.01372972,0.06559614
-0.3051854,0.01915471,-0.7566276,0.1151473,0.9347787,-0.01330069,0.0005645622,0.4710463,-0.3666108,0.4622942
0.004978943,-0.4846767,0.06772071,-0.09884918,-0.1232554,-0.03333608,0.5883006,-0.3473651,0.1031272,0.008235537
0.4067934,-0.002861463,-0.01670933,0.4420572,-4.814269E-05,0.2165903,0.3425432,-0.2964576,0.1142218,0.01762754
-0.1559538,-0.1872579,-0.219142,0.2918611,-0.0003425617,-0.09552342,-0.2553834,0.03916143,-0.384971,0.01308361
0.006602585,0.01192314,-0.4913952,-0.4427536,-0.08404608,-0.001499236,0.03198375,0.6116483,-0.02505493,-0.08280474
0.483752,0.009198681,-0.1778514,-0.2472499,-0.8105426,0.06331941,-0.2163017,0.07384652,-0.4838521,0.2401434
;
-1.120374,-0.2431898,0.1505101,-0.001991739,0.1744384,-0.3968011,-0.09772435,0.02390443,0.1106451,-0.1211466
-3.905505E-07,-0.2576945,-0.7541962,0.3276485,-0.08694881,-0.0009831743,0.000334017,-0.08735709,-0.2264847,0.4201953
;
-0.003555664
0.3351265
-0.2150361
0.02160148
0.06851218
0.3215331
-0.4030061
-0.06330627
0.002882723
-0.0747854
;
0.3332713,0.1119325,0.06715731,-0.423803,0.09285594,-0.03443104,-0.02537795,0.01119362,-0.07070135,0.2304637
0.01583079,-0.2139387,-0.004692455,0.005703607,-0.02475345,0.2093238,-0.3017721,-0.7671063,0.305779,-0.04085812
0.3614043,0.1794742,-0.4818816,-0.04631107,0.2789139,-0.2218735,0.6961324,-0.2931849,-0.2203758,0.1126972
-0.3849269,0.1471281,0.542235,0.790261,-0.0004477504,0.02631061,0.1823252,-0.02567057,0.06612605,0.1877746
-0.003621946,0.3123428,-0.4337246,-0.005449533,0.03760659,-0.3528566,-0.0130318,0.1058821,-0.1537597,-0.1321649
0.3101789,-0.1896997,0.2131291,-0.4907173,0.4377024,0.1105495,-0.1449674,-0.162075,0.3010177,0.4097646
0.04792112,-0.05578677,-0.09122795,-0.007833245,-0.8341619,0.1398715,0.2284703,-0.04397064,0.6314698,0.3277111
-1.835479,-0.371111,-0.2882843,0.1959674,0.05527886,-0.1666345,-0.2224829,0.0007673466,0.02775616,0.3680065
0.09254674,0.072745,0.002190393,-0.01111634,0.01660365,-0.001586939,-0.3470278,-0.1262393,-0.119175,-0.00338817
0.2503943,-0.07393318,-0.004066597,0.1324551,-0.2702457,0.01555122,-0.359859,0.1750138,0.890753,0.009797481
;
0.5766302,-0.1242693,-0.4813408,-0.1180876,0.1927563,0.1099134,-0.5893151,-0.127115,0.00443301,0.1389718
-0.2236492,-0.006603137,0.4032486,0.117535,0.2297105,-0.4355668,-0.01074471,-0.04108888,0.09328884,-0.4990453
-0.4451998,0.1291125,0.08695556,-0.4915564,0.0001483511,0.4773903,-0.3648808,-0.2015978,0.3413125,-0.4325818
;
0.06222028
-0.01390988
-0.08166154
-0.08252567
-0.01121563
-0.003565119
-0.1052579
-0.06710809
-0.3378347
-0.01422782
-0.2500098
-0.06954505
-0.4407619
-0.1937681
0.1861918
-0.009551139
0.02465573
-0.1819981
0.02397605
-0.07640763
0.2210455
0.2603494
0.3962187
0.2685614
-0.04181638
0.3372146
-0.1393412
-0.004613766
-0.06519838
-0.9779321
;
0.3399448,-0.3398714,-0.7225626,0.4908522,-0.02673033,-0.1797453,0.01135583,0.3019227,0.1748033,-0.3048087,0.1470926,0.4165784,0.2854539,0.03005684,-0.5801913,0.3563976,-0.3902856,-0.2662802,0.2513297,0.4716705,-0.08211972,-0.007431522,-1.019151,0.00419986,1.460483,0.06129584,0.06904203,0.4665879,-0.2808353,-0.4153177
-0.08245832,-0.1697618,-0.772119,0.2266442,-0.3758196,-0.1556762,-0.2056041,-0.02862734,-0.1389379,0.0858007,0.02810464,-0.2399443,-0.1997949,2.789302,0.349292,0.1479521,0.286759,0.1344887,0.0163975,0.0827527,-0.08808247,-0.03816002,0.3404557,-0.2411472,0.4607038,-0.09039786,0.4114438,0.06195268,0.02243885,-0.03195546
-0.3107476,-0.301649,0.5617103,-0.4289771,-0.05497221,0.1100967,0.5848442,0.2115348,-0.4715297,-0.1922671,-0.5300869,0.4100169,-5.30727E-05,0.1980895,-0.730122,-0.4415532,0.1551567,0.1034228,0.4198742,0.7341537,-0.00239197,0.415095,0.03096634,-0.4741237,0.08492652,-0.4428928,0.1092301,-0.3321334,0.3784637,-0.001787186
0.04067473,-0.324308,0.3589048,0.07569123,-0.01510719,0.43071,0.1178458,-0.2007168,0.1024221,0.001298471,0.2465239,-0.3061507,-0.3157132,-0.01104073,-0.4126189,0.3219572,0.02083679,0.1208021,0.09891349,0.4002014,0.464306,-0.1350929,0.2020871,-0.2863847,-0.1270451,-0.1330766,0.4526241,0.1224887,0.05432159,-0.4577053
-0.5030048,-0.4619662,0.01588638,-0.7322562,0.3311712,-0.3865622,0.2963418,0.2434261,-6.805525,0.3533682,0.3880552,0.02528816,-0.1152864,-0.1457263,-0.05308907,0.05491218,-0.06944229,0.08910362,0.3073453,-0.1318493,-0.4415016,-0.4223901,-0.1536129,0.2887795,0.1972663,-0.2363986,0.00560474,0.04097332,0.4301877,0.01667332
-0.09010922,-0.2142972,-0.1316369,0.3671111,-0.001026677,0.1724447,0.02091282,0.2988844,0.4949658,0.04391685,-0.3391815,-0.2257664,-0.1151203,0.02263635,0.4950156,-0.02584711,-0.04242245,0.1045661,0.2535862,-0.5340475,0.05338794,-0.08200727,0.1585188,-0.2936541,-6.560799E-05,0.1189149,-0.1379095,0.1504479,-0.2651118,-0.03362136
-0.0007983021,-0.701447,0.1420421,-0.01661365,0.3274291,-0.2261371,0.1712207,-0.2250378,0.4441617,-0.2220359,0.7075945,-0.2548524,0.2629963,0.1561811,0.2535205,-0.1280286,0.1710874,0.3346846,0.01956013,-0.03216442,-0.02274664,-0.0433286,-0.1291455,-0.8782787,0.7734495,0.02705742,0.1496996,-0.00564152,0.2272367,-0.2879857
-0.1510159,-0.004285126,-0.1226651,0.01519236,0.4482928,-0.1693573,-0.484066,-0.2940111,0.008079685,0.1244381,-0.4408251,0.1575627,0.1471533,-0.006573683,-0.9654445,0.8434486,-0.2351149,-0.4466742,-0.02029186,-0.009491876,0.0117902,0.07267326,0.4742666,0.03041869,0.002844553,-0.002070721,-0.06017891,-0.04801936,0.1998943,-0.01378615
0.4551712,0.06679162,-0.4351646,-0.0004582717,-0.003476259,-0.2193075,-0.02193483,0.4406705,0.2343426,-0.1312886,-0.1926221,1.99427,-0.2624501,-0.2485902,0.02700253,-0.399307,0.4598856,0.4725715,-0.04061138,-0.1121174,0.2834697,0.00221153,-0.02375428,0.08283775,0.5242313,-0.03768943,0.4685526,0.005735445,0.3535792,0.2553715
0.04168628,-0.006363243,-0.09437664,-0.1369519,-0.01011935,-0.2899964,-0.1103759,0.01766563,-0.3622906,-0.02848142,0.1736542,0.1149264,-0.3704035,-0.3534815,-0.07659151,-0.04466087,0.05483091,-0.09237629,0.2141061,0.3208847,-0.4701796,0.107906,-0.4815627,-0.2570555,0.04285691,0.2783881,0.001234124,-0.5572588,0.1574794,0.2628185
0.02041,-0.660198,0.1900935,-0.02836801,0.1262306,0.4831481,0.009075419,0.2645001,-0.006972332,0.1347852,0.2760448,0.4100558,-0.198745,0.088492,-0.1013252,-0.006011474,0.2770072,-0.07314213,0.4190167,0.0049998,0.6142182,-0.5252553,0.4458498,0.002638841,-0.117753,0.02402988,0.0751445,-0.09904385,-0.09940299,-0.001237871
0.4991669,0.08892389,0.3793256,-0.1674998,0.3273584,-0.002591049,-0.6554705,0.01284634,0.3029419,-0.06746914,0.3006538,0.06645875,0.008991539,-0.01487465,0.412308,0.02690773,-0.1041438,-0.2260763,0.9956775,0.1591078,-0.1958029,-0.3266466,-0.6383107,0.1508477,0.277043,0.4566988,-0.1757896,-0.1936513,-0.324591,-0.05412656
0.1660828,0.01899775,0.4142403,-0.1900505,-0.247172,0.3655985,-0.005053561,-0.2012053,0.1667722,-0.590757,-0.0004610636,0.2259644,-0.1622483,3.471177E-05,0.6404749,-0.01734793,-0.0561977,0.03240394,0.313794,-0.3731549,-0.452547,0.07193656,0.168582,0.3431481,0.001987902,-0.0006748938,0.5522236,-0.4312233,-0.1148681,-0.1540713
-0.2741703,-0.1447081,0.1502019,-0.07091028,-0.07949664,0.1241301,-0.05038732,0.3427309,-0.4149385,-0.3210007,0.009652915,0.04333645,0.007738564,0.6212748,-0.04092606,0.02566533,-0.2513942,0.3792384,0.3521343,0.02972712,-0.02051824,-0.116768,0.4094893,-0.3159894,-0.1249847,-0.130057,-0.02758771,0.2581848,-0.2420532,0.04815501
0.1211668,0.03134814,0.2997589,-0.06843822,0.06510307,0.4586024,0.05326074,0.2775323,-0.522927,-0.211805,-0.1878891,0.5321383,0.08461732,0.1680144,0.2135134,0.1030155,-0.7179756,-0.003586716,0.5712552,0.4685545,0.002008869,0.456682,0.01733098,0.008866092,0.1611418,-0.2432761,-0.04985255,-0.02754974,-0.1306197,0.1377514
-0.06995161,-0.1031179,0.01888692,0.002468884,0.1477111,0.4112119,0.007987537,-0.06422419,-0.04014686,0.2579451,-0.02897432,0.1312159,0.1025093,0.0001141838,-0.1577542,-0.3154096,-0.02097622,0.03215461,-0.4912055,-0.007124669,0.3881034,0.005013049,0.1322874,-0.1042022,0.2301582,0.5257527,-0.4768604,-0.005028318,0.08400638,-0.03912164
-0.1633999,-0.3961996,-0.7170489,0.2395964,0.06056422,0.07703114,-0.273476,-0.05997171,0.1061305,0.002484869,-0.04847572,0.003536645,0.0002706184,-0.9942369,0.1975956,0.5810136,-0.3596917,-0.2598139,-0.07939869,0.2352584,0.0004714409,0.05743641,-0.3067337,0.3029754,-0.2175944,-0.4967149,0.1468698,0.429655,0.3966213,0.4192772
0.05085651,-7.676549E-07,-0.08638227,0.5112683,-0.5123728,0.08958336,0.008550739,-0.3830334,-0.0205442,-0.1344514,-0.3221508,-0.3793684,-0.002453524,0.0765501,-0.1905661,0.1870952,-0.08311148,-0.03291799,-0.3280022,-0.09730435,0.001838487,0.0009257256,0.08093646,-0.4750675,-0.491698,4.558852,0.4391454,-0.0004308061,-0.04330813,-0.3261054
0.08642954,0.4098419,-0.1160936,0.4713609,0.302812,-0.1387665,0.8563093,-0.2647738,0.3577535,0.1457823,-0.05905176,0.4352367,0.07893139,-0.005157009,-0.5083392,0.2207018,0.08541751,0.4056542,-0.01879905,-0.8645055,0.1959115,-0.0004346865,0.3727732,-0.09502771,-0.1628954,0.3326083,0.02677885,0.3534046,-0.2469429,-0.1019266
-0.004322831,-0.1472477,0.9348118,-0.2003028,-1.495016,0.4117618,-0.3005946,-0.3356348,-0.4329394,0.02723216,0.0273375,-0.4683797,-0.1887334,0.02143611,-0.008724024,-0.8201442,0.4096755,-0.1246788,0.4165598,0.0002187757,0.1921166,0.4297432,-0.4011135,0.2489621,0.3836368,0.1023931,-0.3526365,0.03613235,-0.09946924,-0.2351733
-0.3481004,0.4848946,0.0179338,-0.245521,0.03773702,0.8430075,-0.7469057,-0.009660188,-0.4143722,-0.1720096,0.1515089,-0.0644265,-0.1142181,-0.2012797,-0.2974364,0.04299577,-0.1439359,-0.3465872,0.02903107,-0.02469123,0.6975086,-0.4054493,0.3467421,-0.0487515,-0.03981113,0.06852376,0.004490684,0.4166859,-0.3598813,0.4390845
-0.01145049,0.164618,0.1451968,-0.3686796,0.02784612,-0.1174637,-0.9572509,0.007980438,-0.002492964,-0.8761092,-0.004506077,0.4195534,-0.006855618,0.004808724,0.3280936,-0.00158418,0.4162198,-0.1621962,0.3051699,-0.01516689,0.3575716,0.01176253,0.03408557,0.1893658,-0.01007198,0.1002113,0.07012115,0.3249074,0.3523149,0.4020554
-0.03887233,-0.1853571,0.06437561,0.01705117,-0.4282239,-0.0970166,-0.3089126,-0.103142,-0.008989632,0.08945996,-0.003484572,0.092345,2.971983,0.01960443,0.07661074,-0.1627861,0.2186813,0.4298557,-0.3414604,0.1906417,-0.004460094,0.2628942,-0.3099492,-0.08659918,0.02353485,0.2239787,-0.3599156,0.1397918,-0.0006066459,0.1854052
-0.03913768,0.1380118,0.253589,-0.4765941,0.1613243,0.1411983,-0.1177319,0.02283127,-0.09442583,-0.01958812,-0.009908023,0.1274271,0.00199755,-0.159709,0.4947711,0.05139142,-0.3420386,-0.2584131,-0.2440439,0.04129606,-0.331561,-0.02787501,0.1889199,-0.02053851,-0.4427677,0.4913187,-0.05163326,-0.2137759,0.07775087,0.3295553
0.4372282,0.01556841,0.3895308,0.195786,2.713384E-05,0.1359535,0.2619697,-0.0004159156,0.0005813241,0.2539308,0.008480525,-0.1229536,0.08543921,-0.0001725917,0.02541239,-0.172705,-0.09315488,0.3135878,0.2605298,0.1148139,-0.2263548,0.1592405,-0.466836,-0.05236803,0.4531605,0.9024826,0.424793,0.02346477,-0.02504724,-0.06798696
-0.2016312,0.007910356,0.1794987,-0.153647,-0.002296237,-0.4413376,-0.1552329,-0.09048229,-0.2909912,0.3858705,-0.3260671,-0.2634691,-0.03549949,-0.3854482,-0.001157701,0.2981368,0.2564983,0.2666265,0.007670976,-0.4724144,-0.3209029,0.02632222,-0.1229835,-0.3563628,-0.1353587,0.318826,-0.3620285,0.004558682,-0.002195851,-0.1135206
-0.4292775,0.2449496,0.1150362,-0.9704618,-0.2300346,-0.3064649,-0.5253553,0.001120101,-0.2698339,-0.4049851,0.3410231,0.6148723,0.2118139,-0.04473081,0.2785757,-0.06614572,0.2398085,0.1516653,0.2933189,0.4052482,-0.05405251,0.4787699,0.1534466,-0.3767942,-0.08029789,0.3557264,-0.1153279,0.2381915,-0.2516334,-0.01110591
0.02547667,0.3228757,1.10289,-0.1701316,0.2754855,0.07915823,-0.2582556,0.2106507,-0.4504434,-0.0187989,-0.04834177,-0.1028725,0.31697,-0.4709461,-0.03750306,0.00190873,0.5598277,-0.3985223,-0.3687607,0.01182894,0.007470318,-0.370212,-0.4357187,-0.9907209,-0.1302838,-0.01172272,-0.5862449,-0.08807016,0.2448255,-0.003362973
-0.009883222,0.003808401,-0.1550784,0.4486753,0.1899967,0.1164009,-0.2151513,-0.1389931,0.4738823,-0.01748586,0.3868393,0.3543559,0.000240624,0.0790915,0.01165006,-0.3854498,-0.246868,0.08486774,-0.1167368,0.003431823,-0.4662368,0.6512182,-0.006836398,0.03146935,-0.3644155,0.003344118,0.3643926,-0.3332831,0.09725701,-0.004109784
-0.2318734,-0.001009524,-0.008285103,-0.2247587,-0.01362592,-0.019134,-0.7037389,0.2835078,-0.4291131,0.06340946,-0.01939543,-0.5012474,-0.0007799268,0.1973216,-0.04711408,0.01259201,0.02114326,0.208573,-0.009250778,-0.210656,0.4606864,0.3232234,0.2361966,-0.9619467,-0.02354737,-0.009233185,0.467101,-0.01150085,0.5963563,-0.3173981
;
-0.5920615,0.0460804,-0.1168784,0.3173356,-0.2130527,0.02686489,-2.288482,-0.003122151,-0.4627186,0.2135446,-0.01338917,-0.01653057,0.04080158,-0.3220414,0.6608129,0.3119687,0.03174561,-0.09011786,-0.01410419,0.05189568,0.4805641,0.1849093,0.4739347,-0.3477366,0.09427482,-0.05301628,-0.04450875,-0.6444632,0.2048487,-0.2712896
-0.06655142,0.03076793,-0.7465162,0.0716239,0.06619638,0.1996897,-0.2082558,0.4076098,1.022127,-0.09869476,-0.03185946,0.0446602,-7.439239E-05,0.9272707,0.03154924,0.2642351,0.3105109,-0.1860587,-0.105933,0.3930072,-0.1292942,0.1336222,-0.3058634,-0.0001397553,-0.440058,-0.00447287,-0.40681,-0.2396424,-0.1182566,0.4381342
-0.008231731,0.5858872,0.7421431,0.01473254,-0.2257281,0.0524237,-0.1031518,-0.1842116,-0.1448865,0.2949039,0.05871553,-0.001387739,-0.2488248,-0.2190152,-0.0077914,0.4499536,0.007452212,0.05368561,-0.4718616,0.1601324,0.2409636,-0.00748632,-0.2257493,-0.02236675,-0.1916642,-0.01065867,-0.412401,0.453216,0.04523331,0.04219973
;
0.1730922
0.1562103
0.08038536
-0.03273672
5.612068E-06
-0.9667698
0.3146317
-0.4673157
0.1057349
0.05297994
0.2372869
0.07426995
3.875527
-0.006362365
0.7401502
-0.07601627
-0.4585606
-0.3787487
0.3197659
0.3342278
0.2917708
0.2896328
0.2152557
0.00216112
-0.4325589
-0.432799
0.3925375
0.0668276
0.3506279
-0.5464424
;
-0.07663182,0.3675481,0.0905247,0.0008943523,0.346519,0.4983913,0.01561981,-0.357344,0.1110802,0.4851872,-0.4246,0.005477726,0.0001941901,-0.3903877,0.4621814,0.000613157,-0.01017673,0.04438229,0.06811601,0.3554529,0.1287107,-0.2322252,-0.1598885,-0.2115537,0.09544817,-0.02339763,0.1337305,0.1640854,0.06864989,-0.3878214
-0.06600696,0.1263357,-0.1581415,0.2851932,0.1422007,0.3758484,-0.01619991,0.2622456,0.1089256,0.4814816,-0.166477,0.4326932,0.7491844,0.03140015,0.1441355,-0.2765995,-0.03935546,0.4382233,0.1221415,-0.6541689,-0.0001358194,-0.4285177,0.3434134,-0.09046262,0.2306614,0.3696567,-0.04201151,0.1318655,-0.4074212,-0.1153714
0.1823684,-0.4348079,0.2148654,-0.495948,-0.156814,0.0003359583,0.008811046,-0.2269745,0.3750716,0.01630935,-0.0001528934,0.1135265,-0.1246883,-0.4468735,-0.501642,0.4821587,-0.2268094,0.002447733,-0.3187685,-0.1576208,0.2477501,-0.3016961,-0.4218339,0.1485797,0.06504624,0.05223637,-0.4949594,-0.1585047,-0.02122393,-0.4744302
0.3991651,0.02487023,0.164166,0.2655465,-0.09483906,0.002371725,0.6952442,2.579547,0.4690113,-0.02361967,-0.006953493,0.218829,0.01167195,0.1161005,0.1295633,-0.0122842,0.4944202,-0.01253609,-0.2458788,0.4597391,0.5431387,-0.9042045,-0.05898519,0.08473749,0.3637036,-0.2474734,0.1899725,-0.1394529,0.02530558,-0.143537
-0.1741529,0.2406226,0.2542783,0.0003705523,-0.4948398,0.004065798,-0.3082891,0.001172156,-0.05522676,-0.4847651,-0.3635284,-0.1108355,0.02806778,0.2739686,-0.3308201,-0.01489461,0.03228742,-0.04715341,-0.4722416,0.1102301,-0.6729676,-0.3638451,-0.00517893,0.05956873,-0.1856868,0.2293736,-0.1036099,0.4429181,0.1806456,0.4919575
-0.1982399,0.03548127,-0.1204584,0.1022061,-2.910348,0.1478109,0.2400965,-0.1398147,0.7442139,0.272076,0.3999088,-0.009715679,0.2126542,-0.0006139262,-0.4310108,-0.08064913,0.01349181,0.427158,0.1688031,0.1192407,0.2413231,0.09139307,-0.0351739,0.03134205,0.224877,-0.08292247,0.1023188,0.2444091,-0.08855477,-0.01467291
0.08669525,0.137614,0.7248018,-0.169835,0.02121186,-0.07303208,-0.1083881,-0.02026761,0.8214725,-0.03447157,-0.006124897,1.304755,-0.7198483,-0.2154613,0.01352916,-0.4650412,-0.2325296,0.01091136,0.80647,0.09077355,-0.1324812,0.3307992,0.01927047,0.4630104,0.0886336,-0.5570498,-0.0008286579,-0.01103369,0.6641306,0.1215687
0.3499995,-0.4260727,0.5190622,0.3560607,-0.6241401,-0.7824159,0.2684851,-0.02647478,-0.202118,0.1018991,-0.250407,-0.3587434,0.07752377,0.1990338,-0.1447104,0.1056181,0.003519081,-0.1493712,-0.04195341,0.07826435,-0.2739365,0.2445446,0.2208674,0.01508431,-0.08034609,0.09671572,-0.006522702,-0.159256,-0.003260587,-0.2283634
-0.2572914,0.5872383,0.4119962,-0.1847897,0.2399971,-0.7658475,0.4500424,-0.2922891,0.08878773,-0.02016003,0.1434966,-0.05296463,0.1374019,-0.1067321,0.2048062,-0.2060463,-0.234899,-0.1128771,0.3278707,0.1517775,-0.1821026,0.01828844,-0.1544818,0.02554423,-0.4967557,0.1105861,0.02887027,0.337666,-0.01367891,-0.1313041
0.09596445,-0.003553698,0.1494981,-0.1010821,0.3760554,1.029567,0.2196182,-0.4539924,0.1788727,0.3887133,-0.501013,-0.03961009,0.1645645,-0.1305115,0.3432552,0.08609384,0.6087015,-0.0194628,-0.08607477,0.3155463,0.8811628,-0.2254023,-0.4642012,-0.1981544,-0.008846961,-0.2817138,0.2581141,-0.1110987,-0.285381,-0.3810709
-0.003513985,0.07506161,-0.3358836,-0.06108668,0.002433089,0.00202666,-0.5050533,0.2447926,0.3822397,-0.1423592,0.7787844,0.06792814,-0.5718319,0.2888781,0.5893698,-0.4916928,0.01069864,0.04492788,-0.05914573,-0.02987902,0.2047509,0.1224712,0.5994462,0.09257004,-0.4665397,-0.1066049,-0.06957427,-0.04822686,-0.3326075,0.4887033
0.0216182,0.002539352,-0.3709094,0.1116078,0.08528439,-0.2813705,-0.8334389,0.4828864,0.3995297,0.02060006,0.1651846,-0.1023261,0.2955586,0.01350501,-0.2134631,-0.04553133,-0.1685074,-0.02174288,-0.0008339829,0.3651152,-0.07391442,-0.2304194,-0.09338377,0.1779214,0.09631044,-0.005150646,-0.1574861,-2.603665E-07,0.02962381,0.0005815802
-0.09911066,-0.01339157,0.4185289,-0.4962614,-0.2527799,0.001528074,-0.2120538,-0.6790158,-1.343005,0.1671374,-0.007933273,-0.2907729,0.1819613,-0.3698102,-0.2851329,-0.4407195,0.3176416,-0.4539204,0.5088425,-0.3561252,0.1028946,0.04668098,0.04205983,0.007022982,0.01132371,-0.004978903,0.0315228,0.5336136,-0.3994473,-0.09431611
-0.2316578,-0.6377907,0.1464754,-0.135697,-0.4587922,-0.02865558,0.30209,-0.4341557,0.01019725,0.04298623,0.1898967,-0.2213604,0.1307968,0.4120824,9.297424E-05,-0.02502225,0.1223388,-0.2258422,0.1905851,0.2399517,0.53159,0.8960713,-0.002164365,-0.7683859,0.1331801,-0.1135709,-0.06818154,0.0682326,-0.3841226,0.0577529
0.2448016,0.2593434,-0.7134281,0.02464095,0.2323665,-0.2802967,0.1027238,0.02131751,0.3206238,-0.0138363,-0.002565559,0.00519088,0.03009316,-0.3543091,0.06056332,-0.009864577,0.03911228,0.6936195,0.1603249,0.2781403,-0.0001895679,-0.07648346,-0.1452085,-0.09557364,-0.1191528,-0.07769167,0.3115993,0.1349477,-0.04140502,0.01205736
-0.3481631,0.2734325,0.3509948,-0.000102752,-0.5425537,0.008518962,0.131616,-0.1796247,0.01238548,-0.03471753,-0.04152064,-0.440726,-0.9553567,-0.01836554,-0.2675395,-0.007624124,-0.03936582,0.01671618,-0.405046,0.111757,0.2028228,0.4925915,0.3218499,0.05109808,-0.4874148,-1.673177,-0.0009319941,0.3282206,0.7116984,-0.2081843
0.3147683,0.055221,0.01133012,-0.02289982,0.3803225,1.162293,-0.07310671,0.4297248,-0.6496966,-0.1432824,-0.0002623407,0.009765613,0.0003799266,-0.1775626,0.439763,-0.2814495,-0.3693681,0.3044538,-0.3329822,0.3076147,0.06616945,-0.0003927984,-0.01716461,0.1498456,0.0003090551,-0.3337874,-0.2504016,0.5350395,0.2249474,-0.3004854
-0.1539141,-0.009730955,-0.8489878,0.04957481,0.3145998,0.05476734,-0.1466059,0.4814714,0.1317885,0.001852221,0.273702,-0.4520147,-0.1484072,-0.4982818,0.3558379,-0.2083475,-0.07973339,0.02183763,0.002012789,0.111217,-0.008792934,-0.0242663,-0.003096844,0.0007717719,0.08148508,0.4851933,0.3683056,0.09010707,0.7412476,-0.009164457
0.3125055,0.02916775,-0.1664632,-0.4014957,0.009409328,0.4231409,-0.4908149,0.009423712,-0.2593893,0.0403525,0.05722559,-0.6000905,-0.3097438,0.2318969,0.07026403,0.1233056,-0.06269521,-0.33474,-0.31817,0.0143712,0.3769298,0.3769476,-0.04205772,0.3003196,-0.0299396,0.07295222,0.03263583,0.1096547,-0.02240076,0.03953992
-0.04658831,-0.05178418,0.139689,0.005052371,0.001259767,0.4390769,-0.0005940598,0.04980512,0.1105017,-0.08783334,-0.1608667,-0.1528746,0.3863698,-0.3880829,0.0171669,-0.01342402,-0.4237772,0.02217394,-0.1991546,-0.2798208,-0.1973766,0.1981823,0.6151443,-0.0253709,-0.1221028,-0.01182872,-0.5505636,0.03046066,0.003776099,0.1383351
0.3913825,0.6871534,0.2215693,-0.2361104,-0.04712957,-0.3200057,-0.1441115,0.1251117,0.1417612,1.152565,0.1159153,0.002952906,0.05486156,-0.02450585,0.1731762,0.06434952,-0.129558,0.1171464,0.4202616,0.2084906,0.2732185,0.7588619,0.2465711,-0.08406311,0.1378147,-0.1297214,0.00016011,-0.03616412,-0.01013751,-0.08023517
0.0895218,-0.1495009,0.0282353,-0.3401146,-0.002398742,-0.04354174,0.02204448,-0.2402164,-0.2899309,0.1419258,0.02649109,0.1437364,-0.2188729,-0.5425724,0.1434138,-0.04407734,0.08717912,-0.01975559,-0.4635918,0.1127765,0.5199541,-0.02041089,-0.5331157,0.00454797,-0.02398081,-0.1536906,-0.04376017,-0.2019216,-0.008454594,-0.05982021
-0.001773575,-0.01157299,0.01026532,-0.1671914,-0.1108809,0.3046538,0.07849527,-0.2698504,-0.02457193,-0.74618,0.003195236,-0.01112954,-0.3881003,0.0303331,0.0002575961,0.1936249,0.1584279,0.01930209,0.06664568,0.5331966,0.7366708,-0.1596313,-0.0195821,-0.09064069,0.3729161,0.3350233,0.01300223,-0.2117389,-0.008259462,0.07074625
-0.3681526,0.3216249,0.09441473,0.4348151,-0.1211956,0.2715557,0.3067697,-0.04594493,0.05298108,0.02371644,0.01272708,-0.09705733,0.005432543,0.237295,0.1948238,-0.0650076,0.03397137,0.07083172,-0.03013319,-0.0100064,0.08164807,-0.04615907,-0.2291535,-0.2019078,0.1683375,-0.1133888,0.01256927,0.08035291,-0.01821548,0.3475875
-0.2721566,-0.1240257,-0.4777638,-0.1136352,0.1759354,0.4255309,0.3636848,-0.2337104,-0.1105221,-0.03819865,0.01299542,0.247793,0.2209665,-0.2081987,0.2448055,-0.4791562,-0.1701095,-0.3891203,0.02429304,-0.1474412,0.4454468,0.1055327,-0.007324425,0.1450465,0.1836406,-0.4403391,0.7225188,-0.0735564,-0.1917801,0.1750917
0.06728572,0.118311,-0.6804036,-0.1434449,-0.002107478,0.007740819,0.05650026,-0.03741475,0.1082317,0.005246184,-0.09830825,1.328416,0.4761463,4.744483,-0.276173,0.893141,0.1863674,-0.01021902,0.01607877,-0.001049429,0.2658637,0.02680583,-0.4995593,-0.01999468,-0.1981521,0.01466719,-0.01722645,-2.204859,0.2247584,0.1059793
-2.955786,-0.05631046,-1.047431,-0.003736175,-0.4250436,-0.005353002,-0.2424549,-0.1107071,-0.05353993,-0.2315992,-0.04288214,-0.3152108,0.07569975,-0.08475417,0.001569435,0.4853966,0.02446075,0.1775323,0.02449137,0.01024283,-0.02448467,0.5343889,-0.05262238,0.2022544,0.1425335,0.1806592,0.003846453,0.4493215,-0.3226923,-0.5229665
-0.07364538,-0.07415157,0.5495818,-0.147051,0.4228967,0.2296622,0.09102684,-0.1348213,0.1472612,0.09610483,0.4172002,0.1809141,0.3601028,-0.3729234,-0.02262198,0.3850023,0.04123472,0.07102708,0.4693961,0.3245226,0.005118614,-0.08811711,-0.1852905,-0.009564211,0.2022692,-0.00705242,0.001098402,-0.2907286,-0.06375021,0.3811789
0.1123236,-0.5001194,-0.1094395,0.3736591,0.1403506,-0.09498352,0.02247797,-0.2378443,0.01659163,-0.09186614,-0.442643,-0.02066424,0.8437469,-0.009808849,-0.7160038,0.1586791,0.139634,-0.2248953,0.1494495,-0.4636748,0.1343173,0.1567322,0.4353124,-0.06008488,-0.4729452,0.1347508,0.3386304,0.4805232,-0.5981979,-0.2959282
-0.01787527,0.4020585,1.020615,0.02122004,-0.1207779,0.2915827,0.2705698,0.004052476,-0.009814459,0.3290697,-0.798129,0.03341734,-0.1660424,0.3267093,-0.2415855,-0.3277872,0.08771592,-0.8503548,0.08185924,-0.5907618,0.2873478,-0.06495927,0.2062856,-0.1461029,0.09891394,0.02559816,0.02726599,-0.3910152,-0.02448466,0.0431135
;
-0.01481413,-0.327396,0.2209337,0.4695477,-0.1940622,-0.0690977,-0.2870796,-0.7939848,0.01811109,0.2175602,-0.05421356,0.0223653,-0.1240088,0.4993259,0.363739,0.7014722,-0.452004,0.03680235,-0.1725824,0.01109088,-0.01499383,0.3086296,0.1678293,0.4374446,0.07158079,-0.4223071,0.324596,0.0968267,0.1603905,-0.05062149
-0.813557,-0.02790236,-0.4705851,-0.02631641,-0.4870751,0.02771976,0.5018419,-0.02185323,0.1163481,-0.07042018,-0.1322284,-0.06504092,0.2096884,-0.1206868,-0.3049989,-0.005987906,-0.06809238,-0.2755544,0.4406598,-0.1253938,0.2090279,-0.001286024,0.01879615,-0.08118385,-0.2787916,-0.04073588,0.1644024,-0.03479397,0.1886006,-0.05001226
0.1220163,-0.1009703,0.1198744,0.1802168,0.1546103,0.1319299,0.2066119,0.04782727,0.02703434,0.6465573,0.1085427,-0.06506961,-0.04101426,-1.726917,0.7207446,0.06876043,0.007823249,-0.4924624,0.1960535,-0.02894497,-0.001201902,0.1638155,0.02762404,-1.678591,0.146269,-0.171657,0.01838334,0.5282693,0.1263715,-0.2465817
;
