-0.3292172
-0.3223584
-0.2379008
-0.1712874
0.0002914395
-0.1109261
-0.1820232
0.1906627
0.5837972
0.6487693
;
-0.4985564,0.420504,0.3459703,0.06676623,-0.2935627,-0.01091801,0.1211134,-0.008234228,0.2906308,0.3790671
-0.7434881,0.3415335,0.1287744,-0.1199889,-0.1855579,0.1869773,-0.01218649,-0.4028724,-0.01427866,-0.2155333
0.001565091,0.09872265,0.3029616,-0.1390417,-0.1818556,-0.639544,-1.430617E-07,0.46775,-0.6477107,0.3923104
-0.7042783,0.6299258,2.20674E-05,-0.0894137,0.44848,-0.143788,-0.009728492,-0.1871234,0.2484144,0.1853872
-0.4476509,0.07472305,-0.4672103,-0.154295,-0.1897647,0.08358973,0.0003264666,0.0373252,-0.05474042,0.3095608
0.002119369,0.02930999,-0.3734057,0.2360208,-0.4874002,0.04733162,-0.1686758,-0.09403902,-0.4903736,0.2680345
0.5118764,-0.004667475,0.01537997,0.56047,-0.4242363,0.009359787,0.3858192,0.3688277,0.0593149,0.0731016
0.3776389,-0.2908606,-0.1846819,-0.1691114,-0.2423368,0.3684189,0.1099159,0.03916143,0.0002052124,0.07077134
0.03059334,-0.6645225,-0.07332368,-0.4499727,0.3027557,-0.7664073,1.809235,-0.02184868,-0.1503004,-0.4084513
0.009180302,-0.04935331,-0.02206766,-0.3501696,0.8105426,0.09359556,0.2549148,0.3070415,-0.05783552,0.1731004
;
-0.02808228,-0.06341902,0.14125,-0.1448923,0.2461841,-0.2184076,-0.3209771,-0.003620591,-0.4005601,-0.0295559
-5.339963E-07,0.01831931,-0.119698,-0.1961341,0.02621496,0.252514,0.01367706,0.02653132,0.4374932,0.6399861
;
-0.004746642
0.01669088
-0.04670446
0.1243171
-0.07451089
-0.006218668
0.01992245
-0.04198097
-0.0004218971
0.009511391
;
-0.4692377,-0.2536004,0.3885678,-0.07402814,-0.09285594,-0.01791753,-0.03467419,0.01425821,-0.2914684,-0.03927322
-0.128494,-0.3253176,-0.4586044,-0.08618157,0.0001572825,0.07567465,0.4151297,0.4114271,0.2806685,0.430636
-0.1770124,0.03439575,0.06070278,-0.00350902,-0.2789139,-0.4088094,-0.1381516,-0.1780146,-0.1542117,-0.6032211
-0.2502357,0.006869629,-2.090015,0.4062926,0.2050025,-0.002574512,0.4000356,0.003499982,0.01964701,-0.7943245
-0.1599863,0.02039499,0.1608611,-0.002653786,-0.0843484,-0.1676819,-0.2461264,0.1059412,0.2737648,0.3124992
0.3101789,0.01988713,0.02434247,-0.8514054,0.07236701,-0.1175019,0.3418639,-0.2694843,-0.1408347,0.5417959
0.04870725,0.2868733,-0.004090668,0.0005659987,-2.005884,-0.2678168,-0.005743563,-0.2384468,-0.2415315,0.01474682
-3.679415,0.1095824,-0.2661418,-0.01560413,-0.1936196,-0.2030134,0.1938085,0.01429859,-0.00473649,0.793837
-0.1608132,-0.5916907,-0.001960256,-0.02002074,-0.01660365,-0.29258,-0.4073541,-0.1262393,0.3778188,0.006388605
0.357399,0.3593626,0.1920625,0.04651874,-0.1487066,0.2005307,-0.2903102,-0.2216271,-0.2367684,0.2590955
;
0.01262912,-0.005979985,0.03180367,-0.1688786,-0.4363644,0.2654352,0.5893151,0.03653592,0.01159491,0.02657574
0.003064714,-0.1396472,0.2419751,0.007625639,-0.09616047,0.1592429,0.01146991,0.01359433,-0.124003,0.03084077
-0.247989,-0.1604432,0.04753932,0.04117101,-0.02329723,0.4712152,-0.06380741,0.2511494,-0.7384366,1.356501
;
0.05006806
0.01926917
-0.2418124
-0.2667233
-0.02347657
0.003565119
0.3161484
-0.1632322
0.5724159
0.01422782
0.2229295
0.3465663
0.005620437
0.1220508
-0.1881799
0.2802628
-0.4154061
-0.4840355
0.413304
0.03845661
0.2386829
0.001777526
0.3548776
-0.1580777
0.4267875
0.3144693
0.1393412
0.4569339
0.03873656
0.3339332
;
-0.1069407,0.2556545,0.8981969,-0.4569587,0.08419412,-0.08108378,-0.001420592,-0.3653567,0.001078131,-0.9013571,0.3012224,-0.350606,0.2623382,0.376318,-0.4680929,-0.3563976,-0.0004124765,-0.4760089,-0.2778072,-0.3694431,-0.6770391,-0.01596833,-4.060594,0.01765472,-0.0743276,-0.01098484,0.09020821,0.09515661,0.2479534,0.2996771
-0.2360124,0.2964983,-0.2121523,-0.07838837,-0.3758196,-0.1425186,0.09068304,-0.07055045,0.1181452,0.02658099,0.4402344,-0.3378125,-0.1997949,-0.2992235,0.0007877934,-0.1479521,0.1298402,0.1344887,0.0163975,0.4951364,-0.2661539,-0.04067924,-0.2217496,-0.4733588,0.4607038,-0.09039786,-0.07945675,0.06195268,-0.004879773,0.3819181
0.2207717,-0.2038332,0.3881963,0.4827991,-0.0456221,0.5667036,0.6888971,0.0175196,-0.1172466,-0.4056479,0.5300869,0.01042021,0.399101,-0.4499192,-0.730122,0.4149365,0.2402429,-0.02076785,-0.1183812,0.2929112,-0.001266034,-0.01574055,0.04689983,-0.3316604,0.4088213,0.1627531,0.2041997,0.2313287,-0.6529858,-0.001787186
0.03038382,0.1508816,0.0965038,0.04580494,-0.01286035,0.1971678,0.02131516,0.1187107,0.04651501,0.09565897,0.1034819,0.1426562,0.6061026,0.01330131,-0.4126189,-0.4224423,-0.06123859,0.01507528,-0.2093859,-0.3566879,0.7993032,0.1350929,0.3836758,0.067662,-0.1270451,-0.3842956,0.1638935,0.496974,-0.008392822,0.2760678
0.4782227,0.4652318,0.01035458,-0.3989564,-0.3311712,-0.1398359,0.4462992,-0.7153919,-7.333469,-0.2146997,0.3578497,0.004492955,0.4724475,-0.1073441,0.06597134,-0.005442722,-0.1807287,-0.1946894,0.05305056,0.008337556,-0.8155409,0.2688305,0.01818782,0.1721522,0.3893322,0.2803347,0.00560474,0.8464478,-0.06046969,-0.01667332
0.1369599,-0.4397607,0.05508213,-0.04916316,-0.4565283,0.3337232,-0.4937198,-0.01748968,0.4032955,0.06116134,0.338792,0.5489684,0.177604,-0.02263635,-0.4950156,-0.1967262,0.7092069,-0.1547719,0.06678009,-0.1655398,-0.2387668,-0.1836511,0.01330814,-0.2550039,0.8081099,-0.3142394,0.0680756,-0.02959222,-0.9642441,-0.1564353
0.1303069,0.1995838,-0.001227699,-0.004433806,0.29217,-0.2261371,0.1634911,-0.3268098,-0.3223588,-0.3932464,1.381602,-0.4025948,-0.2466951,0.1629553,0.6264491,0.1412569,0.230933,0.2279131,0.1623286,0.01473695,0.002101024,-0.4668614,0.1157149,-0.4287609,-0.1116613,0.2451871,0.1555341,0.2003692,-0.5234506,-0.473388
0.1701151,0.006886241,-0.00316617,-0.0113506,0.4482928,0.09942486,-0.3764786,-0.3462203,0.2859426,-0.1258825,-0.1104785,-0.0522163,-0.1471533,-0.1947308,-0.0917291,-0.2335035,0.06676048,-0.1125694,-1.451164,0.1646219,0.407041,0.184648,0.005244752,0.04752652,-3.767948E-05,0.001736136,-0.1015046,-0.4773937,-0.3384001,0.07081556
0.2402802,-0.2744229,0.04832846,-0.432556,-0.00197127,0.01680635,0.3640766,-0.4406705,-0.1495097,-0.06174033,-0.189589,0.2447892,0.3505725,-0.2145955,-0.0008172599,1.35664,-0.07216062,-0.2164297,6.618962E-05,-0.2863267,0.2762204,0.001654112,-0.3104721,-0.06201409,0.002538215,0.07192776,-0.329731,0.003775587,0.1042504,-0.2395286
0.304741,0.2381488,0.1448822,0.6367775,-0.1201068,0.09915096,0.4962864,0.2475267,0.4846587,0.0795204,1.026301,4.862293E-05,0.2157821,0.0778394,0.0565117,-0.494642,0.09681984,-0.0660339,-0.00734876,-0.2536258,-0.1337401,-0.1518038,-0.2981407,-0.2126292,-0.04285691,-0.01880357,-0.5505663,-1.011665,0.1574794,-0.07629136
-0.0772013,0.09324555,0.2366166,0.01651307,-0.2170533,-0.07332533,0.2211694,-0.4229821,0.4557341,-0.06878832,-0.8708669,-0.1511417,0.198745,0.4076657,0.06800725,0.009364242,-0.08857495,-0.2159216,0.4190167,0.0049998,0.4351343,0.00633961,0.1952247,-0.006916591,0.03657395,-0.03316123,0.02379694,0.3027627,-0.0001583015,-0.419625
-0.4991669,-0.08892389,-0.1949985,0.1674998,-0.09256297,-0.1263333,-0.4500031,9.43917E-05,0.3236867,-0.04529376,0.3006538,-0.1028709,-0.07792422,0.01449748,-0.003025037,-0.02690773,0.3835025,0.4033051,-0.5157076,-0.238757,0.1958029,0.3536144,-0.2359801,0.04774654,0.2776105,0.889887,0.3431591,-0.06641236,0.2407915,-0.0330116
-0.7334452,0.6484066,-0.5790879,0.1010419,-0.4667116,-0.2105688,-0.002470276,0.0005830879,0.3429984,-0.229107,0.0004610636,-0.3605257,-0.4873145,4.003855E-05,-1.082449,-0.003114358,0.07678599,-0.1288499,-0.04913976,-0.4804924,-0.6945643,0.177737,0.168582,-0.004599988,0.02215601,0.1041548,0.001618202,-0.6772966,-0.2222726,0.4391608
-0.5554805,-0.1372481,0.1502019,-0.01543267,-0.03144279,-0.2724144,0.05145305,-0.0219168,-0.2713462,1.425076,-0.3552133,-0.01481552,-0.06298369,1.71765,0.1556558,-0.02503196,0.2187091,0.4903061,0.3608049,-0.01586293,-0.002491764,0.009345949,0.9326845,0.4364961,-0.1317428,0.130057,-0.03472509,0.4381059,-0.06663646,-0.5702958
0.02388484,0.04503124,1.446648,-0.06843822,0.06510307,0.109331,0.01395827,-0.3438638,-0.2046439,-0.3583349,0.3628328,-0.4236161,0.1525601,0.4670535,0.2104252,0.01211495,-0.349544,-0.003586716,-0.5222129,-0.1030958,0.4626713,0.3155119,-0.01733098,0.01634923,0.2511805,0.05281174,0.007587053,0.02754974,-0.08172202,0.142012
0.1275644,-0.474371,0.1855137,0.01229391,-0.2374971,-0.7071438,-0.04907913,-0.07275239,-0.4283621,-0.3926428,-0.1089479,0.07911726,0.07292099,6.932229E-05,-0.07667418,-0.2272321,0.02135405,0.008055753,-0.01401561,0.4106174,-0.1445757,-0.7068603,0.05174932,-0.01300169,-0.1751231,0.02225665,0.2194635,-0.5727709,-0.4944184,0.3525043
-0.1045925,-0.6070305,-0.1211423,0.2395964,-0.01761574,-0.1277611,-0.06460364,-0.2048026,-0.1061305,0.002484869,-0.2093496,0.01720473,0.000164699,0.3095008,0.1703953,0.3115801,-0.00507109,0.025947,0.1064803,0.1143838,0.0003442036,-0.08016896,0.1111214,-0.3720984,-0.1886579,-0.4152459,-0.03153142,-0.412826,-0.3481683,-0.4578254
-0.04753761,0.2619649,0.0586313,0.1348641,-0.5504537,-0.2859002,0.01781324,-0.2197086,0.1432768,-0.4644334,-0.1036956,-0.1265424,0.002970843,-0.2509542,-0.05625409,0.02410921,0.0634155,-0.4548444,0.01181666,0.07122329,0.004908105,0.08551687,0.09058899,-0.1449476,-0.2640485,0.4794249,-0.3057449,0.08186121,0.01123561,-0.3013468
-0.1776088,-0.006928358,0.3140922,0.06604683,-0.3035548,-0.1886378,-0.1278537,0.2167965,0.2763491,-0.375347,0.4359441,0.1256088,-0.08356446,0.01383073,0.5083392,0.03179104,-0.02946752,0.04880622,-0.01655813,0.007201703,0.07722961,-0.0004346865,0.1192114,0.006140659,0.4834969,0.1684358,0.3262852,0.4484838,-0.4759736,0.1782515
-0.3745464,-0.4987967,0.2871481,0.4941192,0.1037744,-0.2362554,0.2618949,-0.181456,0.4723709,0.414427,-0.02947873,-0.2612156,0.1066207,-0.07615737,-0.002197453,-0.209962,0.08945988,0.3858936,-1.137345,0.0002777656,-0.473716,-0.103626,0.3066458,-0.01098225,-0.1311144,-0.4474638,0.1816402,0.02064654,0.2950584,-0.1082241
0.2275444,-0.02236884,0.1461541,0.05337401,0.03773702,0.3974992,-0.7469057,-0.05428869,-0.4143722,-0.1720096,-0.005343315,-0.0644265,0.1142181,-0.004742589,-0.5167009,0.01901725,0.1101828,-0.1162542,-0.07353121,-0.04153259,-1.664555,0.02476332,0.3127091,-0.00166174,0.3586179,0.2564245,-0.03570952,-0.006758749,0.3612326,-0.4943449
0.02987327,0.1472702,0.01712763,-0.3730714,0.04948285,-0.197888,-1.104304,0.01857768,-0.002492964,-0.005327089,-0.004506077,0.5812114,-0.005202445,0.0002255049,0.3692403,0.00158418,0.1601026,0.4382265,0.4504284,0.01845943,-0.002593268,-0.01176253,-0.02219768,0.0226255,0.004053766,-0.02794617,0.03144701,0.227045,-0.3523149,0.1670844
0.01578862,0.3232392,0.4606537,-0.227625,-0.1522167,0.1295024,-0.4706062,-0.3945001,0.1763599,-0.3362705,-0.001117951,0.6676816,-2.971983,-0.3032023,-0.05403832,0.182861,-0.1190935,0.1770335,0.1677827,-0.1271424,-0.3122442,0.04933423,-0.4513887,0.3350987,-0.08064313,0.3381549,-0.3250962,0.7055241,0.122524,0.5422549
-0.0337179,-0.07111549,0.4128144,-0.09030217,-0.3508174,0.4983328,-0.270385,0.06673998,0.2595465,0.006226679,0.0003619012,-0.111321,0.0005095098,-0.4011372,0.8532314,0.1194565,0.3420386,-0.1028292,-0.4949007,0.04129606,0.009601558,0.033976,0.01787607,-0.01788581,-0.7285665,0.1131867,-0.3715872,-0.4963312,-0.0410984,-0.3295553
-0.3163674,-0.4591433,0.3895308,-0.4296225,2.986947E-05,0.5608376,-0.03149338,0.08504485,-0.0005429347,0.05290979,0.008480525,0.0972155,0.1981053,-0.2047778,0.4491836,0.04516426,-0.1708843,-0.05262333,-0.3439717,-0.3799042,-0.0973018,-0.1592405,-0.4959624,0.1305791,-0.7865408,-1.69311,-0.2994491,0.01732793,-0.0183055,-0.2375863
0.490885,-0.4581388,-0.4577315,0.1904667,-0.0001057984,-0.2447906,0.437345,-0.09048229,-0.8826151,0.09039708,0.006425165,-0.250638,0.05732304,-0.03790218,0.0160709,0.297011,-0.400368,-0.01275011,-0.2070195,0.002675296,0.5589714,-0.1838142,0.3927615,-0.0797804,0.1630747,0.06496156,-0.08625704,0.00191492,-0.0001929755,-0.2825724
-0.1110763,0.05173498,0.02208528,0.2284798,0.2139753,0.267049,0.2947007,-0.3818475,0.3772753,0.06352843,-0.2056558,0.3822941,0.1526683,-0.04473081,0.6933439,-0.02875298,0.2398085,-0.3750854,-0.6927866,0.4057461,-0.2073523,-0.4490937,0.1203558,0.3951743,0.1092089,-0.3076273,-0.03528219,-0.3168645,-0.08439891,-0.06431097
0.5582958,-0.3228757,0.2409576,0.005002567,-0.08525936,0.03880562,-0.141673,-0.2106507,0.4504434,-0.001530151,0.1322967,-0.06326872,-0.6217065,0.4599748,-0.4295854,-0.4184694,0.404528,-0.1633783,-0.246376,-0.003491104,0.001628575,-0.6131194,-0.1953449,-3.659954,-0.3910185,-0.06398484,-0.2036256,0.08807016,0.1020926,0.1186017
-0.3716374,-0.0569244,0.02405173,0.1540854,0.3870537,0.3398998,0.05415932,0.3710658,-0.3290327,-0.4742835,0.3221299,0.6469455,-0.0005189977,0.0406947,-0.2533797,-0.3854498,-0.2114409,0.2445407,-0.4268533,-0.1642058,0.3380749,0.2077498,0.273895,-0.01620626,0.1213443,0.3305454,0.2010405,0.04380418,-0.01858065,0.003230494
0.2875226,0.4440869,-0.008403825,-0.2577351,0.02586352,0.2215122,-0.03877928,0.2290033,-0.6403652,0.2760783,0.002419814,0.1993778,-0.1103619,0.7877455,0.3744944,-0.2629529,-0.01230956,0.0576184,0.01336295,0.4336648,0.764993,0.1797968,-0.2361966,1.680154,-0.2544512,1.696712E-05,0.3997897,0.01957333,-2.726361,-0.1863248
;
0.1171102,0.03957432,0.2397242,0.3173356,0.01854322,0.0002120595,-0.3906105,0.003122151,-0.506052,0.7273876,-0.02013029,-0.001311567,-0.4885608,0.1868794,0.1587596,0.2102594,0.3692329,0.0008420972,-0.01882031,-0.01259908,-0.2486951,0.008184147,-0.112946,-2.253732E-05,-0.2684445,-0.04690589,0.0641107,0.3377662,-0.2048487,0.2712896
-0.0180747,-0.01757878,0.2736043,0.2010391,-0.06619638,-0.1354764,-0.1834416,0.2508592,0.01645657,-0.000899141,-0.01677878,0.01424637,-8.496626E-05,0.01423338,0.02349258,0.2771521,0.3105109,-0.1860587,-0.05570077,0.08175392,-0.03261488,-0.1441612,0.04622418,0.0001397553,-0.07212754,0.03624097,-0.3327811,-0.01424798,-0.1480389,0.3108778
-0.03145944,-0.4265997,0.4064317,-0.1749582,0.465695,0.006292745,0.08312453,-0.03717704,0.1177695,-0.01486426,0.1010113,-0.0004907981,-0.05897605,0.3807471,0.6048871,-0.4263108,-0.3195137,0.118779,0.6227721,-0.2148511,-0.3999882,0.05592632,0.4419116,-0.4063206,0.3295058,0.07419648,0.1295367,-0.2174772,-0.2490891,0.1388002
;
0.04842799
0.4680878
0.1328455
-0.01413099
-3.515329E-06
0.4531001
-0.2674642
0.00754675
-0.2677246
0.3435822
0.273622
-0.01355184
-0.1882508
0.00113048
-0.3785288
-0.09448861
0.7688243
0.0660091
0.3197659
-0.307707
-0.07396172
0.04900346
-0.2152557
-0.004209427
-0.455982
0.8093295
0.1959449
-0.01319459
0.2694364
-0.07792662
;
-0.03656475,0.4233452,0.03487047,-0.08725431,0.499102,-0.01418072,0.01809477,-0.02783032,0.0861496,-0.09838611,-0.0567545,0.2989099,0.2505391,-0.04450682,-0.7375502,0.0006630839,0.00585605,0.2830527,0.006378173,0.08209997,-0.3365984,-0.3541662,-0.02507504,0.2115537,0.09544817,-0.0533921,-0.01299233,-0.3227262,-0.04575468,0.1545984
-0.3076403,0.002369106,0.2718284,0.3533888,0.08260836,0.3985996,-0.1824793,-0.03021348,0.1194191,0.4814816,0.1486248,0.2410124,1.089092,0.0171765,0.1146579,-0.5110286,-0.004443347,-0.05716115,-0.361347,0.3185933,0.09542277,0.001327271,0.04383519,0.1882806,0.2628419,0.1812925,-0.08194494,-0.1095803,-0.3464596,0.06419586
-0.02502478,0.4072547,0.0957759,-0.6806956,0.04591471,0.0003359583,0.9190528,-0.1534024,-0.1110237,0.3508241,-0.0002909109,0.3030469,0.05606142,-0.2961346,-0.6032568,-0.4985081,0.4223228,0.02828956,-0.08832837,0.1044349,-0.2745548,0.3850549,-0.04748732,0.1485797,0.1682552,0.05107621,0.3449312,-0.1821289,0.402663,0.2148508
0.1749944,0.03831023,-0.08620517,-0.4609655,-0.2155132,-0.002371725,1.858669,2.579547,0.9291559,-0.04388313,0.1897894,0.2280444,-0.01517767,-0.1161005,0.1322671,-0.2100397,-0.1614863,-0.01228787,-0.4345793,-0.2885993,-0.1289918,-0.1091215,-0.1535711,0.1882102,0.161729,-0.2474734,-0.218501,-0.1375861,0.06322866,0.143537
-0.008548993,0.3332312,-0.5074255,0.00120471,-0.7632891,-0.001241184,-0.2350878,0.1330154,-0.2545282,0.6441281,0.199416,-0.07242538,-0.3590153,-0.2739686,-0.2225448,0.1516842,-0.04182453,-0.1147709,-0.2138791,-0.1102301,-0.2443915,-0.483066,-0.03370261,0.03711751,0.02142936,0.02623438,0.3049135,0.1797863,-0.2776952,-0.02744275
-0.3012934,0.03548127,0.1002589,0.05159679,1.042277,-0.16163,-0.4538696,-0.001768346,0.4937406,-0.07446486,0.4561375,0.5498648,-0.5725676,0.0004392937,-0.5195283,-0.1339088,0.3337929,-0.1646151,-0.4011243,0.03397865,-0.1214322,-0.01680421,-0.01307591,-0.02790972,0.2610207,-0.05369817,-0.07419366,-0.01605992,0.0825364,-0.01467291
-0.08669525,0.1407371,0.7248018,0.1290157,-0.3322145,-0.1660498,-0.3818432,-0.2591949,-0.4125292,-0.04138244,-9.350666E-05,-0.1984563,-0.7198483,-0.2154613,0.0001008407,-0.2970015,0.1504106,0.006891449,-0.4699683,-0.2594247,-0.0317868,-0.3963072,-0.1647912,0.09763776,0.2380482,-1.099475,-0.07356149,-0.01103369,-0.03535745,0.1040274
0.1177961,0.5012178,-0.3498447,-0.1333254,-0.9398347,-0.3744874,0.4336488,-0.005499222,0.4939155,0.1018991,-0.5836738,-0.1173101,-0.09564973,0.03845849,0.1447104,0.3350208,0.00140178,-0.4380681,-0.5442026,0.0169973,-0.2237963,0.2076641,0.2208674,0.01508431,-0.04297476,0.09671572,0.01265888,-0.159256,0.0007271217,0.2283634
0.5127305,0.01145834,0.427512,0.2852863,0.1712385,-0.05296898,0.4500424,-0.2922891,0.6662754,0.001565091,0.2479793,-0.05072385,-0.1284648,0.1067321,-0.2060387,0.002680414,0.3690861,-0.05565767,-0.01287968,-0.1517775,0.1821026,-1.396263,0.1544818,0.05078755,-0.2046292,-0.11586,-0.01570684,0.2511668,-0.01367891,0.2460749
-0.04480895,-0.427104,0.2742146,-0.04649836,0.1347049,0.46683,0.09934326,-0.4539924,0.0108689,-0.6043662,-0.4091171,0.4033402,-0.2712908,-0.1305115,0.0002189128,0.3642374,0.3733158,-0.450546,0.1957911,-0.06375615,0.4606792,-0.2494925,0.002094314,-0.2054515,-0.03438641,0.0691177,0.2313748,0.2570099,0.5396215,-0.1511799
0.3742253,-0.006371668,-0.4879737,-0.1236124,-6.021576E-05,0.0005444525,0.3015248,-0.4615686,-0.478285,-0.0450349,-0.3641607,0.3330267,-0.5718319,0.2888781,0.5893698,-0.5049503,0.3564259,-0.2458127,0.07582451,-0.02604199,-0.2047509,0.0247025,0.2793353,0.406402,-0.1133605,0.06684476,-0.06957427,-0.4563788,-0.1048235,-0.285203
0.06336945,0.001494127,-0.3709094,-0.01400138,-0.08696733,0.1400559,-0.05592281,-0.2052427,0.343985,0.02949653,0.115428,-0.02847725,0.1706356,0.3593123,0.03921598,0.1678767,-0.0560343,-0.02174288,-0.0008400655,-0.3651152,-0.06860518,-0.4347728,0.1725168,-0.08493243,0.494235,-0.005150646,-0.4079419,8.078561E-08,0.4825354,-0.0008202208
-0.1127618,-0.01339157,-0.353338,-0.4632142,-0.2527799,0.3796383,-0.1690603,0.03892911,-2.024591,-0.08758907,-0.005743284,-0.4478149,0.03629595,-0.09958225,0.2060692,-0.2665877,0.04959387,0.02140778,-0.3319106,0.01921438,0.08878237,0.4865115,-0.05965284,0.007022982,0.2294288,-0.007984232,-0.07941383,0.4619488,0.3376793,-0.2493687
0.2200382,-1.058831,-0.08477312,-0.135697,-0.4587922,-0.00354337,-0.1696563,-0.8867046,-0.3191985,0.4302689,0.1898967,0.02693652,0.01595944,0.3342787,9.297424E-05,-0.1674471,0.3046186,-0.05090417,0.1462837,0.08478314,0.1997847,-0.8960713,-0.002591443,0.5034207,0.1918225,-0.1135709,-0.3205018,0.03098053,0.5944079,0.0232176
0.6879185,0.5113565,-2.345676,-0.04425731,0.3646138,0.04574448,-0.1635955,0.04425612,-0.233584,0.1663387,0.1107434,0.1808329,-0.03167859,0.0863271,0.4258424,0.2823921,-0.4326661,-1.019169,0.04669036,-0.4409827,-7.327365E-06,0.08569235,0.1842495,-0.04824863,-0.2044484,-0.427132,0.350337,-0.06768515,0.2628473,0.02057129
-0.01825655,0.1018024,-0.4999628,0.000102752,0.526857,0.00461269,-0.003830956,0.06606624,0.01054825,-0.08742136,-0.04152064,-0.4219584,1.863861,-0.4435084,0.00894568,-0.2232316,0.03567632,0.01671618,0.1176036,0.3544274,-0.2326097,0.1927055,-0.0759713,0.03968725,0.2885133,-0.2387719,0.01367313,0.03551334,-0.2349101,0.4301556
0.6036525,-0.283491,0.01415983,-0.05223839,0.056794,0.4209919,-0.1992766,0.2652603,0.1032645,-0.1453899,-0.2417074,0.1290772,-0.0002844383,-0.3078976,0.04499847,-0.3706154,0.3693681,0.128962,0.528331,-0.2460481,-0.08611156,-0.1380239,0.01716461,-0.3691524,0.0003090551,0.7307824,-0.4548895,-0.5465192,-0.2318198,-0.04191166
-0.1455066,-0.1045294,0.2283343,-0.210962,0.1628768,0.422989,-0.06162076,-0.4814714,0.2059505,-0.2237263,0.08297724,-0.281081,-0.56892,-0.02699997,0.1400192,0.3166313,-0.0009985648,-0.02183763,0.003547835,0.02556468,0.4108541,0.0242663,-0.0009301354,0.05483888,-0.08155584,0.1321281,0.2920257,-0.3073741,-0.2659589,0.3778241
0.3831664,0.005346512,0.2408404,-0.3164048,0.2813343,0.4798216,-0.1081534,-0.009423712,0.2226241,0.1976561,0.3825552,0.1077421,-0.09023487,-0.4133223,-0.1062121,0.1807466,-0.01246094,-0.33474,0.4879568,-0.01533124,0.3769298,-0.1819265,-0.07408509,0.09852093,-0.005154689,0.2060295,-0.2606723,-0.3487276,0.2858845,-0.3915997
-0.04658831,-0.1982965,-0.09693121,0.004723738,0.4813697,1.12898,-1.989927E-05,-0.08018094,0.1105017,0.05268009,0.0416044,-0.04311845,0.3863698,0.06323449,-0.6134703,-0.2161722,-0.2042406,-0.02834275,0.05519541,-0.3610377,0.04352349,-0.07461604,0.5579706,-0.02622599,-0.1221028,-0.000603707,0.0628441,0.001476062,0.1852614,-0.1364025
-0.7883393,-0.01365592,-0.3258137,-0.02602619,-0.05030562,0.1642877,0.2185991,-0.1251117,-0.08950964,0.04621662,-0.1159153,-0.4884918,0.05486156,-0.02450585,-0.2719664,0.03787065,0.2361042,0.3545082,0.4426632,0.1206315,-0.2205536,-0.4033841,0.3772599,0.01849094,0.1254797,0.1297214,0.0002867983,-0.005797449,0.01252657,-0.004004369
0.3757466,-0.1495009,-0.4624993,-0.6015682,-0.002385538,-0.002162246,0.04138201,-0.08350743,-0.5082115,0.5072097,0.6402844,-0.1437364,-0.03937115,-0.2035443,-0.2812126,0.002128837,0.02185616,-0.7382811,-0.3781621,-0.1127765,0.4304296,-0.02041089,-0.2471255,0.005739514,0.04125488,0.06252886,-0.01592231,0.06906694,-0.008454594,0.05000502
0.001773575,-0.09775984,0.01010409,0.3428519,0.06795555,0.6891875,-0.2342232,0.4023995,-0.3442464,0.4424092,0.5224249,-0.06722208,0.4954413,-0.3977536,-0.4972932,0.2116069,0.03281331,0.01930209,0.4679251,0.1585255,0.07473218,0.03780245,-0.01098852,0.1904886,0.3444555,-0.06442339,0.03309482,-0.09486505,-0.3539584,0.09405933
-0.008635067,0.4960891,0.1383722,0.4348151,0.1071618,0.2803624,-0.7220901,-0.1667262,-0.02896489,0.01452294,-0.02721771,0.0378569,-0.002586251,-0.462404,-0.05641896,0.09519048,-0.1314885,-0.056896,-0.4148366,0.09097625,-0.08164807,0.0177002,-0.06518304,-0.06555468,-0.1683375,0.1077873,-0.01134627,0.3710051,-0.05259988,0.3475875
-0.2333535,-0.09695983,-0.4777638,-0.1136352,-0.2518862,0.4255309,0.2942394,-0.2323971,-0.06849235,-0.04894763,0.01299542,0.247793,0.06059127,0.3984157,0.1751578,0.4791562,-0.1500445,0.01731932,-0.2415595,0.1398373,-0.05130626,0.05066286,0.3917809,-0.1109535,0.1172847,-0.1937293,0.7225188,0.0735564,-0.01390608,0.1133984
0.02947979,0.02833612,-0.2313132,-0.2918492,-0.08494633,0.3033326,-0.296881,-0.003081767,0.3701215,-0.08480781,-0.09830825,-0.1074423,-0.01560331,-8.588206,-0.08759969,-0.3298154,0.3225111,-0.01210986,0.7209383,-0.3025154,0.3386081,-0.2228702,-0.2248346,0.1912134,-0.1981521,-0.01466719,-0.01722645,-0.3644449,0.2247584,0.1701444
5.488878,0.1075297,-0.0003081172,-0.003736175,-0.1039933,-0.1268923,-0.1529156,-0.139605,0.005878959,0.2441246,0.04597704,-0.2021157,0.3006525,-0.01549449,-0.4512929,0.4924613,0.0332603,0.1470044,0.02517973,0.01260598,-0.01931248,0.3367175,0.0908452,0.05583224,0.0007601916,0.0428974,0.007477541,-0.1242359,-0.02982226,0.2149336
-0.483569,0.001603363,0.5495818,0.06852868,-0.1781309,-0.2053134,0.09102684,0.09655625,-0.01924997,-0.09610483,0.4172002,-0.2315127,0.1723629,-0.1203035,0.02262198,0.007261405,0.05224605,0.3333887,0.5024494,0.1227985,-0.001544532,0.3859435,-0.1255874,-0.1274856,0.2917005,0.01972978,0.002737667,0.09770942,0.2781,-0.01014417
-0.2141928,-0.4000223,0.000983175,0.08425349,0.02377924,-0.09498352,0.02247797,0.3528546,0.01659163,-0.08826895,-0.476095,-0.002961262,-0.1827064,-0.026624,-1.132266,0.6387511,-0.07811505,-0.4772832,-0.3825325,-0.871263,-0.1263749,-0.1045986,-0.2508234,-0.02268237,0.4421965,0.08933225,-0.3660525,0.1365923,0.2975546,-0.2959282
0.2822597,0.2668005,0.3115884,-0.05342381,-0.2987577,-0.3838456,-0.1329601,0.01095229,-0.1459243,0.09292717,1.03434,-0.1883903,-0.06703056,-0.5339734,0.4553596,0.3563972,-0.3483714,0.7115471,0.4656724,0.004908561,-0.1678877,0.3705137,0.02404276,-0.2216578,0.127013,0.4365195,0.03482635,-0.7735783,-0.213793,0.8652256
;
0.3990871,0.2534023,-0.05773503,0.003334327,0.4438735,0.0690977,0.06695204,1.108855,0.5823723,0.3143527,0.0001122935,-0.03901872,0.2345288,0.002516634,-0.2808501,-0.1113524,0.3495441,0.03157676,-0.1725824,0.1043202,-0.000344965,-0.1462836,0.4677454,0.3566377,-0.07158079,-0.4564672,-0.04148245,0.0968267,0.03790509,-0.3182722
-0.153292,-0.362464,-0.001910646,-0.02626917,0.317126,0.4457477,0.07692701,0.02185323,0.1163481,0.2583492,-0.2475604,0.5229954,0.2525976,-0.3954515,-0.1432445,0.2390154,-0.06809238,-0.08130449,-0.4062597,-0.1830092,0.2090279,-0.2941891,0.01394306,0.1784548,-0.2943051,0.04735869,0.05582794,0.1429777,-0.1231642,-0.107795
0.1844562,0.07681987,0.1846079,-0.3498876,0.1904377,-0.1676992,-0.008162864,0.01172855,-0.488783,-0.3205849,0.1085427,-0.1861001,-0.4063842,-0.139435,-0.5506608,0.00624041,0.05824561,-0.1617097,-0.270622,0.006874255,0.08460628,0.7327322,-0.04559487,0.1375941,-0.2510096,-0.04086849,0.03434563,0.2708433,-0.2223931,-0.3517389
;
