-0.01178402
0.3129191
-0.3098781
-0.308218
-0.0009224173
-0.001759742
0.002714096
0.02736869
0.6805426
-0.6220922
;
-0.0543822,0.07518727,-0.08940643,0.1725701,-0.01461123,-0.6204674,-0.0617109,-0.5827927,-0.09877175,-0.07255679
0.01685714,0.00672301,0.3862392,0.008689673,-0.46543,0.1390178,0.006810801,-0.03312141,0.07381313,-0.5489212
-0.348099,-0.1652184,0.4029392,0.001229697,0.2280043,-0.6535864,0.3869941,0.471039,0.109394,-0.1991573
-0.2463035,0.04494517,0.03052749,-0.07269169,-0.3322093,-0.01258641,-0.08755424,-0.00452263,-8.658865E-05,-0.2179034
-0.1334822,0.02166232,-0.6939949,0.1346886,0.252237,-0.01434467,-0.1704531,-0.6461946,-0.3034877,-0.2571826
0.3174238,1.305102,0.2525827,0.2183803,0.06683248,0.4845912,-0.01527399,0.03607914,0.0007375273,-0.4821825
-0.06971443,0.07955109,-0.2818248,0.4778081,0.06629325,0.4582533,0.2401364,-0.4405312,-0.06040555,-0.3006434
0.191157,0.1771978,-0.277555,0.1168346,-0.03722932,-0.05311531,-0.3579586,-0.007425156,-0.2778578,-0.8092317
0.04789158,0.06708425,0.0001046972,-0.06986767,-0.02866975,-0.3598951,-0.01444122,-0.0843062,0.1464456,0.2197281
0.04014916,-0.008815541,-0.006741714,-0.3898808,-0.00605542,0.2251528,-0.07659383,-0.04222388,0.2594573,0.214475
;
-0.003934801,-0.1322697,0.1057026,-0.6805013,-0.64002,-0.1173081,0.06663606,0.0009167895,0.1716853,-0.3319876
-0.4674224,0.6119336,-0.001931599,0.4762422,-0.172026,-0.1938657,-0.1618762,-0.01744096,0.05770288,-0.01533836
;
-0.01606106
0.2124416
0.2375444
0.009238183
-0.06176663
0.2459475
-0.09560283
0.008186094
-0.3431782
0.01369121
;
-0.4975465,-0.09122614,0.02029582,0.1999982,-0.3982497,-0.04851132,0.5190356,-0.8635788,0.07909606,0.05470689
0.4119506,-0.2458856,-0.03242344,-0.04703309,0.3556445,0.2016557,-0.1905361,0.1483269,0.3489959,-0.01121121
-0.2633065,0.2689204,-0.2181156,-0.1336091,-0.5532427,-0.0788459,0.07543868,-0.2054305,-0.3702422,-0.178034
-0.0004748879,-0.06241995,-0.2293848,0.2214018,0.0009647016,-0.03558785,0.5901508,-0.05848362,-0.4449805,0.06446725
0.5790398,0.4821612,-0.05587341,1.098381,0.02587861,0.1278034,0.213911,0.04536957,-0.2518904,0.09861714
0.1747676,-0.3372962,-0.00425759,0.1314238,0.1335153,0.4148923,-6.901431E-05,-0.1299918,0.1659418,0.5641452
-0.3251233,0.01776472,-0.0003056601,0.437225,-0.02512784,0.4220332,-0.1814067,-0.1483339,0.06405073,0.002125189
0.07158325,0.4713297,-0.149931,0.06606103,0.4480797,-0.09458846,-0.7016516,0.0958454,0.02220851,-0.4025578
0.07355589,0.1802739,-0.7595034,0.002633893,0.0007813607,0.2914829,0.01119598,-0.1711344,-0.08911388,-0.1426959
-0.3099982,-0.4148208,0.2708142,0.4650152,1.733238E-05,-0.002424908,0.003217317,-0.1407226,-0.7905486,-0.4515232
;
0.3560587,-0.3279163,-0.3638913,0.003385423,-0.1088302,-0.4272777,-1.117691,0.6449969,0.4106386,0.005906706
-0.4622207,0.5968326,0.4500227,0.08041748,0.00863996,-0.06368977,0.1666922,0.3988955,0.4825046,0.4418931
-0.1028466,0.4827121,-0.5413201,-0.4247003,-0.006532233,-0.05321962,-0.2954599,0.06778997,-0.3283783,0.00123436
;
