0.4087485
0.4139537
-0.2126953
-0.4158506
0.0155955
2.996514E-05
0.30267
-0.1601136
0.006702602
-0.01738651
;
-0.181378,0.05748855,-0.08382735,-0.03293321,-0.3991525,0.3377676,0.1857443,-0.3000597,-0.3544481,-0.1530635
0.4826581,-0.2703899,0.0554052,0.3833036,-0.1908543,-0.1007672,0.1256388,-0.4436301,0.02169815,-0.3056771
-0.07770389,0.03649022,0.188372,-0.3238892,0.3585563,0.01785147,-0.1390277,-0.1231155,0.3860468,0.1921562
0.7124164,-0.1390752,0.165071,-0.3053658,0.1130283,-0.2789179,-0.6684169,0.04925593,-4.859498E-05,0.2316508
-0.06684977,-0.1753417,-0.04449345,-0.2618824,-0.01860446,-0.1247291,-0.1212838,-0.5711186,0.2337936,0.2018455
-1.032031,0.1390897,0.4228631,-0.3849523,0.1339708,0.4421697,0.2447543,0.03374235,0.01566794,-0.04874184
-0.4579121,0.2288501,-0.00784886,0.007538511,0.06826109,0.2935246,-0.344831,0.2393001,-0.4906608,0.3582327
-0.1027832,0.07411858,0.1090418,0.5824124,0.5857316,0.3097904,-0.498767,0.3463513,-0.3731008,-0.06678459
-0.03348884,0.4073451,0.1119744,0.2203239,0.1133183,0.873755,0.1387677,0.2666609,-0.2727108,0.3495942
-0.07067806,0.04351198,0.04091033,-0.2520741,0.1473919,0.03235464,0.08540834,0.1377597,-0.161614,-0.0185752
;
0.03605087,0.6363986,-0.142359,-0.1212388,-0.00807395,0.1663895,-0.03990215,-0.09726523,-0.2686734,0.01985263
1.456939E-08,-0.5248642,0.0847824,-0.3453079,-0.05820396,-0.41145,-0.01958235,0.04079677,0.3585751,-0.0002645068
;
-0.05314574
-0.3027531
0.1834615
-0.09882513
0.1787413
-0.3856292
-0.7516672
-0.1666616
0.1080251
0.03250743
;
-0.4666282,-0.2311923,0.004452463,0.7594241,0.2214348,-0.09588564,0.05884144,-0.6112335,0.04661169,0.3888745
-0.4197215,-0.2906931,0.3845153,0.09309334,-0.0855057,0.004450563,0.1490403,0.03133088,0.1831787,0.004367196
-0.03824101,0.1542893,-0.3312198,0.0008603047,-0.4997468,0.1479115,0.1194243,-0.164847,-0.044578,0.3296819
-0.06692322,-0.1225469,-0.1421579,0.0371291,-0.08397678,0.07175552,-0.0483084,-0.3016263,0.03255111,0.003694747
0.1686793,-0.06865114,-0.01638063,0.3583008,-0.0856964,0.2369817,-0.2944535,-0.01393228,-0.01274026,0.2546753
0.4167284,-0.5337225,0.002500745,-0.04582793,-0.06286496,-0.3521458,-2.36879E-05,0.00993802,-0.2928549,0.0199809
-0.1097776,0.1056706,0.04359865,-0.0001706016,0.3903494,0.1081172,-0.1356801,-0.4990371,-0.03603045,-0.0164573
-0.3010852,-0.03053099,-0.0003305728,0.001575946,-0.199419,-0.2058244,-0.05185527,-0.009303391,-0.2487881,-0.2691955
-0.116482,-0.1085094,0.212918,-0.03033731,0.1207023,-0.0001057258,-0.04062504,0.07408603,-2.58644,0.4497098
0.1029721,-0.02497965,0.4808127,-0.03666596,-0.08773988,0.2344147,0.1091569,-0.2388436,-0.3946972,0.4591187
;
-1.191356,0.2969306,0.06082094,0.3077862,0.8738831,0.6142468,-0.8923954,-0.002516203,-0.1932241,0.05383044
0.2891816,0.2769932,0.008444111,-0.135709,0.03716379,-0.03968495,0.1015289,-0.2168729,0.1150063,0.02330907
0.02085899,0.3465863,-0.07725513,0.001942152,-0.1731662,0.9033563,-0.07731992,0.2079403,0.04460799,-0.01438816
;
0.02152954
0.00562809
-0.4684721
-0.1382387
1.275989E-07
0.01812609
0.2084046
0.4282086
0.0152092
-0.09774406
-0.4444906
0.3311276
0.04973597
0.8393518
-0.07100532
0.0006124639
-0.08965169
0.07317311
0.03809589
0.1031308
-0.6497183
-0.0148315
-0.3133169
0.003605185
-0.274583
0.2254061
0.01614325
-0.7005872
0.4621205
-0.4880817
;
-0.4449428,0.1094547,0.4934134,-0.407766,0.5600194,-0.8532118,-0.8154619,0.4532923,0.08665636,0.08921669,0.2772249,0.05683225,-0.06565156,-0.7130809,-0.473103,-0.09616187,0.1074631,0.2035497,0.139972,0.6195111,-0.1067357,0.5772104,0.4887075,-0.04256481,0.007795095,0.03082383,0.265096,-0.4961346,-0.240169,-0.02781807
0.1486173,0.05351271,0.142037,-0.08615001,-0.7870781,0.3352793,-0.0667918,-0.00839367,-0.1898642,0.09213126,0.5540295,0.03461727,0.1841065,0.4025835,0.4043812,0.5633465,-0.07110757,-0.2675761,-0.01604173,0.478023,0.398175,-0.4397213,-1.245169,0.001430807,-0.588963,-0.4156353,-0.4480951,-0.07049567,0.3782987,0.05064481
-0.1029186,-0.4421143,0.2106277,0.318807,0.2321447,0.9036955,-0.2514286,0.3843354,-0.6940023,-0.05910975,-0.1081205,-0.4340808,0.06013948,-0.7156314,0.5488535,0.006414899,0.2482236,0.1987145,-0.1176897,-0.403571,-0.111637,0.009503586,-0.1792937,-0.004484535,-0.4504781,0.3988851,0.125845,-0.6317312,-0.01267668,0.08757514
-0.08300691,0.1608037,-0.03434462,-0.3964281,0.1884625,0.03940468,-0.1608305,0.9613503,-0.5428898,-0.3511818,0.1021456,0.3382421,0.4019341,0.03685268,0.1590118,0.01406875,0.4890766,0.2029382,0.6962629,-0.01042409,-0.4838789,0.0170473,0.3605931,0.4672024,0.4420732,0.07408135,-0.8109409,-0.8509644,-0.4358925,-2.257975
-0.6914129,0.02090269,0.2599758,-0.3702444,0.09665267,-0.3969685,-0.2962259,-0.1034207,-0.1113093,-0.1146149,0.04596156,0.1643632,0.1507734,0.0004515453,-0.2373341,0.3579506,0.002094525,-0.02129161,-0.311296,0.5123609,-0.07822317,0.5300936,0.4453766,0.03631689,-0.3146313,0.07627171,0.1447707,-0.003218033,-0.06375157,-0.443906
0.4778574,0.2309482,0.06763786,-0.1086995,0.1013484,0.4187692,0.04617089,-0.07404181,0.07910805,-0.05851509,-0.0916627,-0.4112183,0.05373279,0.08392826,0.308476,-0.3725317,-0.02912677,0.1587009,0.4440656,-0.410547,-0.001639115,0.02257773,-0.2662199,-0.2645285,0.2684696,-0.2507359,-0.1613398,0.01000458,0.118116,-0.4920948
0.2217052,-0.005753544,-0.002533863,-0.06867976,0.02077252,-0.01421487,-0.4521538,1.621405,0.02383904,-0.3287421,-0.04005253,0.03342821,-0.1192918,0.01836338,0.008471548,0.05800706,0.0027316,0.4848115,0.148656,-0.3782479,-0.4339093,0.4823998,-0.01476181,-0.223679,0.1749195,-1.452178,-0.6952644,0.1072922,0.003505511,0.1959312
-0.01408216,-0.009096092,0.5106946,-0.1215991,-0.1377792,0.1742936,0.04166296,-0.009548268,0.3664528,-0.4845145,-0.155321,0.3531718,-0.08056786,-0.001966295,-0.1042333,0.1874235,0.3303105,0.3577262,-0.04734137,-0.3766983,-0.3056164,-0.3566597,0.1954958,0.2975405,-0.006108519,-0.7730536,-0.2796721,0.1735508,-0.1813511,0.004331024
0.004490416,0.3522294,0.525186,0.1401172,0.08561748,0.4980198,0.06822413,-0.1420729,0.03924227,-0.003221929,-0.4098473,0.3055764,0.8333285,-0.00520286,0.1034915,-0.1304359,0.009755744,0.2018761,0.09594235,-0.09384911,0.01634175,-0.1213086,-0.09371628,0.01285897,-0.4410328,0.1289489,0.1050283,-0.4899998,0.0361206,0.4266787
0.2315246,0.1398933,0.03580555,0.4920751,0.09507027,-0.8293315,-0.3469009,-0.08874722,-0.2695433,-0.2649822,0.03496021,-0.5142505,-0.4927709,-0.7575558,0.3835992,0.278143,0.08127323,0.4256489,-0.5262347,0.2134152,-0.3928587,-0.1151741,0.1519387,-0.004510493,0.05335643,0.4030201,-0.7502047,-0.004045338,0.0008018212,-0.1713898
-0.01339212,-0.003061798,-0.0821446,-0.4778137,0.1475135,0.3954591,0.004261152,0.26451,0.2548603,0.688616,-0.4205048,-0.4173449,-0.1107171,-0.4358438,0.06005234,0.4716794,-0.4170792,0.1572178,-0.3806581,-0.5043832,-0.2036844,0.5839074,5.162526E-06,0.00142422,0.1852559,-0.1826553,-0.1200355,0.105729,-0.1828555,-0.3914884
-0.4985387,-0.3496362,-0.0191271,-0.4327596,0.5615198,0.1967809,0.003032647,0.001884967,0.02184337,0.0546867,0.2971822,-0.19913,-0.1543786,0.08598395,-0.4789394,-0.03580552,-0.7758664,0.1016447,0.3199176,-0.352031,0.2993435,0.02106201,-0.06555286,0.4345846,1.483334,-0.3958447,-0.006090319,-0.137148,-0.05930663,0.00546521
0.5314254,-0.327622,0.3765244,-0.3499916,-0.1723028,0.2477893,0.09928343,-0.06330221,0.1805335,-0.8939292,-0.0431899,0.1957112,-0.2537606,0.2998955,-0.07090454,0.4949043,0.1599308,-0.1523183,-0.1855311,-0.6245106,-0.381757,0.375639,-0.3774966,-0.1335736,0.08884376,0.001414439,-0.131765,0.05118102,-0.5031141,-0.2695206
-0.3511418,0.0928096,-0.3847497,0.1113935,-0.4625792,0.2632787,7.425373E-06,-0.3232492,-0.1675075,-0.06561465,-0.09320676,-0.6868353,0.138616,-0.193233,0.5747582,0.03442035,0.2523342,0.01446914,-0.1120045,-0.09806002,-0.7143357,-3.57799,0.2526214,0.01346081,0.4271814,-0.04885299,0.3795271,0.3342119,0.00390398,0.182418
-0.8197705,1.849621,-0.2680479,-0.2186314,-0.1641791,-0.1909515,0.02012344,0.02033951,0.001788254,0.1168463,0.7730497,-0.2147925,0.1928391,0.03419738,-0.02433247,-0.4295012,-0.03010088,-0.01852576,0.2735977,0.1934111,-0.06344986,0.1215336,-0.0253568,0.4749837,-0.02918263,0.2069258,-0.2900189,-0.2939726,0.4686007,-0.01393883
0.0002594942,-0.2930652,0.0006199572,-0.03887129,0.06367916,-0.001863458,0.1153378,0.609404,-0.04582132,0.02082823,0.2931424,-0.2490619,0.380427,-0.3425467,0.224958,-0.107815,0.8689061,-0.0342527,0.1170699,0.2331285,0.2513937,0.05961996,0.2094216,0.1107543,0.01724713,-0.0426085,-0.3475137,-0.05089172,-0.1736675,0.03936011
0.004917597,0.002940595,-0.02167197,0.2728428,0.08474205,-0.401298,0.04052871,0.4942355,-0.6807354,-0.4373417,0.1243142,-0.1577541,-0.6306729,0.137161,-0.3299962,-0.0008609344,0.2302112,-0.1142865,-0.02029145,-0.03589353,-0.08954037,-0.3407188,-0.2055582,0.3996162,-0.2049019,0.07748716,-0.005211174,-0.1976223,0.4002911,0.07656819
0.0876185,-0.608949,0.1006047,0.009666901,-0.1861902,-0.05378991,-0.005561966,-0.1585084,0.01319296,-0.5563686,0.07901964,0.006480912,0.5579666,0.4282284,0.1323844,0.04631186,-0.1061526,0.2648146,-0.3136639,0.1723225,-0.3581411,-0.04880495,-0.2088537,-0.002010098,-0.06145471,-1.707667,-0.001611298,0.1882719,0.07358962,0.1659142
-0.4969899,0.180429,0.01922532,-0.001876027,0.1854242,0.1891949,0.1350543,-0.001033267,-0.2463761,0.8113313,0.282389,0.03027923,-0.7801411,-0.07368293,-0.4090283,0.1621895,0.06304651,0.2011244,0.04000378,0.7173773,0.2689451,0.4603479,-0.6352386,0.07239009,-0.01494035,0.01137942,0.07174975,-0.1095805,-0.3899107,-0.04618056
0.2239418,0.9730722,0.4760318,-0.0009580869,-0.02213473,-0.2737818,0.005309809,-0.08031301,-0.02342671,-0.3003584,0.3813511,-0.3864177,-0.1141829,0.104139,0.2419344,-0.0583948,-0.08606476,-0.09043317,-8.386696E-07,0.01339924,-0.001917135,-0.8346767,-0.0004981356,0.08531029,-0.2106068,0.07125974,-0.4092065,-0.3265181,-0.01017152,0.03267529
0.003626187,0.2121821,-0.2608648,0.00831061,-1.060231,-0.3280575,0.0936133,0.1067489,-0.08747599,-0.1528838,0.3236418,0.2869818,-0.05013532,-0.3092066,0.06365424,-0.03265742,-0.157497,0.1592284,0.3551685,-0.4498103,-0.05760582,0.177516,-0.4292127,0.3203973,-0.4433244,0.2684375,0.01265259,0.4937749,0.0063724,-0.1865962
-0.3510986,-0.2912887,-0.03547472,0.06601614,-0.5887597,-0.1195017,-0.4744748,9.17526E-05,0.293142,-0.3878721,-0.01058716,-0.395939,0.1218668,-0.2518292,0.3335303,-0.003867668,0.318547,-0.2963324,-0.008937413,-0.3083069,0.3062931,0.1254494,0.3845718,0.3717873,0.297152,3.940082,0.01497208,0.06178933,0.03695815,-0.2154448
0.3822268,-0.3273159,-0.1285228,-0.02714013,0.08408695,0.04641145,-0.02622289,-0.06751522,0.5465552,0.1458081,0.3497716,-0.1479968,0.4772288,0.4828775,0.6684487,-0.2280161,0.364113,0.6966845,-0.2769182,-0.03232898,0.007612973,0.5590072,-0.0002416477,0.09808166,0.2046743,-0.07807344,-0.01906308,-0.3462291,-0.07061365,0.2653248
-0.003414112,0.00479233,0.2966305,-0.2403695,0.107782,-0.5090394,0.0623979,0.1671166,0.6253003,-0.3126608,-0.330386,-0.006518797,-0.1725002,-0.2872374,-0.1251717,-0.02311772,0.1640704,0.6539819,-0.158368,0.3262228,0.4802885,0.2790462,0.09918671,-0.4645412,-0.07064094,0.02742516,0.3954713,-0.0004088312,-0.09764822,0.4107511
0.009571027,0.07038633,-0.0490652,0.3485717,-0.001478217,-0.3975608,-0.4829179,0.1195585,-0.04222013,-4.676888,0.4614578,0.07787063,0.1083321,0.002015059,0.1463453,0.03486096,-0.04463261,-0.02088554,-0.1293577,0.1492619,-0.08522328,0.4628531,-0.01509315,0.1547094,0.2589431,0.1817168,0.2704833,-0.07284421,0.06615538,-0.02407891
-0.02439444,0.5560169,0.1285982,-0.08481318,-0.1193816,-0.0003801351,-0.03271084,0.8036113,-0.3328198,0.3751031,0.05290312,0.4033704,0.2763379,0.2925322,-0.001526652,0.0125229,-0.1691152,0.1360919,-0.7727578,-0.05252878,-0.4521532,0.003615615,-0.05451319,0.4977542,-0.1432793,-0.3433812,0.1823661,0.2420227,-0.5817572,-0.1894401
1.09196,0.08424743,0.02034951,-0.0002521391,0.0284494,0.001698232,-0.5652333,-0.03350911,0.01941089,-0.4229772,-0.03440836,0.04472238,-0.1075168,0.00022009,-0.01856044,0.0002186114,-0.7055262,-0.3775334,-0.3753346,0.03611594,0.3047673,0.1417576,0.2794243,-0.2017763,-0.1726728,-0.06034571,-0.3658974,-0.03949672,0.08396441,-0.02135746
-0.1917744,-0.6699264,0.07141147,-1.502412,0.3549204,-0.003564994,0.1302139,-0.2623245,0.0289359,-0.3284642,-0.2770007,0.3106005,0.06898408,0.7080048,-3.339148E-06,-0.09593855,-0.1217537,0.06693199,0.03673166,-0.6955062,0.1155458,-0.4043406,0.3883518,-0.4312046,0.2895193,0.04746081,1.302873,0.005220336,0.001783507,-0.05622833
-2.603521E-05,-0.05942513,0.1772575,0.3820233,-0.1311224,0.1540985,0.2794399,0.2994435,0.2644441,-0.004650056,0.2391702,-0.3743342,0.5981736,0.3365865,-0.7970531,1.18943,-0.2059197,0.0851759,-0.03911322,0.02494935,0.2213881,-0.3845463,0.1540018,-0.3472754,0.000725956,-0.0007037746,0.02482215,0.4309796,0.2586675,0.4116194
0.4767052,-0.1772272,0.4352614,-0.7899592,0.1033414,-0.08404326,0.027387,-0.008752593,0.0004527156,0.1011692,0.3902674,-0.1889417,-1.022825,-0.04283208,-0.4217327,-0.146465,-0.411602,0.005148823,0.496042,0.3674834,0.7676887,0.02287868,-0.464456,0.3868155,-0.4870768,-0.007450932,0.3347727,0.04043391,-0.7095847,-0.3398532
;
0.007537995,-0.3612151,-0.09088796,0.319443,-0.01299364,-0.3317468,0.01495095,-0.1908355,-0.2326096,-0.02017361,0.1489858,0.2892005,0.2931359,-0.003841122,-0.591254,-0.1396223,-0.2716483,0.04952736,-0.009373367,-0.01692774,0.3278147,-0.02977089,0.01882156,-0.3644203,0.03430808,0.0108931,0.2194942,-0.01886932,-0.00460497,0.01049505
-0.4392819,-0.01619898,-0.07538635,-0.003089614,0.009856322,1.016136,0.3589677,0.1293331,0.3984621,-0.09575421,-0.2003185,-0.5686272,-0.2359068,-0.4986508,0.1290452,-0.1875136,0.507564,0.1138986,0.02978212,-0.3540954,0.3540236,-0.2131761,0.4975053,-0.2296599,-0.1863745,-0.2796264,0.1264659,-0.670595,-0.02374619,0.3495682
-0.4643471,0.02710617,0.2297431,0.02968752,0.09682816,-0.4186171,0.2843521,0.004547376,1.451576,-0.481658,0.3025981,-0.1965249,0.2531623,-1.895831E-05,-0.2169321,0.4453274,0.009582579,0.1703974,-0.002071379,-0.2270252,-0.9398435,-0.06053994,0.05594391,-0.08099508,-0.6217546,8.809978E-05,0.05425987,0.06043211,2.228143,0.5176905
;
