-0.2219035
0.05034584
-0.0837141
-0.4855996
0.4723047
-0.1286373
0.4560946
0.2959985
0.3446774
0.1592886
;
-0.2459465,-0.4394888,0.196599,0.01602,-0.08905393,0.1640591,0.4450126,0.4043015,0.2707806,-0.1139221
0.03602463,0.4812562,0.3936437,0.1873714,-0.1298125,0.005655706,-0.1485552,0.1000296,-0.469111,0.1982338
-0.1268085,0.2352943,-0.2173048,0.2304848,-0.4555269,-0.2156785,0.4712518,-0.1004366,-0.04844195,-0.03079051
-0.4027208,-0.07452542,-0.3218135,-0.4655355,-0.4749284,0.3971393,-0.4728361,-0.2505388,0.1095302,-0.3886925
0.193956,-0.4527218,-0.2281139,-0.09516498,-0.2430812,0.2667713,0.2571765,0.2888871,-0.03855437,-0.21841
-0.3512034,0.3307128,-0.3886691,-0.4992964,-0.4297307,-0.4635764,-0.1186314,-0.09694582,0.4270762,-0.2071646
-0.3555597,-0.05615133,-0.135735,0.2510411,-0.3241454,0.1612638,-0.4899031,0.07735091,0.1079332,0.1356184
-0.04997379,0.4408263,-0.1358796,0.09965509,-0.1009666,-0.413113,0.4025259,0.05782801,0.3821243,0.4720976
-0.3236195,-0.01499552,0.6370751,-0.08243078,-0.4769,-0.1435944,0.3246174,-0.3629781,0.365695,0.05184823
0.4018698,-0.2948055,-0.2878146,0.192103,-0.3268806,0.1444895,0.1421853,-0.3913194,-0.1467624,-0.3054359
;
-0.3313011,0.1934365,-0.09568673,0.15433,-0.3161094,0.1769919,-0.362506,0.446926,0.22066,0.09950608
-0.211963,-0.001646459,-0.465212,-0.0008146167,-0.4168934,0.2845838,-0.1213891,-0.2035198,0.4895332,0.09554356
;
0.01447295
0.4413929
-0.03229069
0.3310285
0.5132973
-0.4698032
0.0706223
0.0413422
-0.4102393
-0.3822737
;
-0.07100738,0.0005453475,-0.1314435,-0.4308295,0.5788578,-0.7532117,0.3282378,0.9040396,-0.004092101,-0.2558648
-0.3739635,0.04827444,-0.003907681,-0.6591948,0.2823758,-0.01438634,0.6263687,0.04000208,-0.07658346,0.4928353
-0.3153341,0.2778025,0.08221515,0.2837824,0.1592963,0.05920647,-0.2265696,0.6652847,0.4389458,-0.3150462
-0.1424927,0.08277474,-0.1096511,-0.1960194,-0.02075499,-0.1082283,0.1195677,-0.2410869,0.1093989,-0.4787732
0.07701689,0.006308088,0.3002171,0.3639629,0.05512514,0.1223971,0.4199259,-0.6458381,0.3880566,-0.2849398
-0.4661489,-0.01035542,-0.1721746,0.4592401,-0.0006901153,-0.1120688,0.07867908,-0.007915275,0.1425975,0.3778755
-3.042243,-0.1946965,0.332371,0.2367031,0.1457304,-0.1392631,-0.1524397,0.4419947,-0.4800868,-0.00891872
-0.0001540088,-0.3275031,0.0162075,0.4993824,4.754299,0.6316583,0.02822837,0.6750379,0.4868933,0.3084778
0.1644984,-0.2951103,0.422155,-0.2343637,-0.04883486,-0.1096184,0.1615801,0.4784648,0.4117461,-0.2035548
-0.1042702,0.04226035,0.5537846,0.008509913,0.1732155,-0.1878825,-2.889118E-05,-0.05348413,-0.3737366,-0.008871725
;
-0.1776148,0.001981727,-0.01656178,-0.1885105,0.4914839,0.206778,0.2951313,0.4296795,0.3670231,0.1674816
-0.1719123,0.06014754,0.2189212,-0.4851722,0.02072333,-0.01368397,0.2628269,0.03610283,-0.4477242,0.1576794
;
0.2085712
-0.2754955
1.122492
-0.1639675
-0.4375216
0.2371106
0.06622232
0.1327363
-0.4964147
-0.3127264
;
-0.00883101,0.08487742,0.09133167,-0.158802,-0.8115237,1.286906,0.05247315,0.02197735,-0.004773389,-0.1295043
0.02228071,-0.2870349,-0.5627044,-0.3515723,0.741952,0.01153808,0.2158742,-0.07145614,-0.481418,-0.2987021
-0.1195848,0.05309974,0.03152603,-0.1415929,-0.04756441,-0.7005052,-5.442979E-06,-0.4212894,-0.2330198,-0.1174135
-0.01301975,-0.5693319,1.722957E-05,-0.04585683,-0.1078049,-0.002445167,-0.00275743,-0.2236096,-0.09602684,-0.02860042
-0.2658778,0.06007963,-3.757323,0.3861715,0.2322008,0.03242264,-7.538466E-06,0.1735865,0.6500291,0.2726285
0.8726642,-0.00823999,-0.01918608,-0.1516329,0.3755983,-0.03333608,-0.03709267,0.3823781,0.04772242,-0.00118116
0.2780589,-0.4782097,-0.491092,-0.4893284,-0.03693781,-0.2905071,-0.02378194,-0.5475025,-0.2493708,-0.2418039
-0.1455908,0.003381552,0.8780199,0.07561129,0.006139273,0.6534101,0.1988097,-0.05116748,0.001391285,-0.03893393
0.4396009,-0.01192314,-0.01917499,-0.1520059,0.4346091,-0.03413006,0.6919987,0.0007364823,-0.02895594,-0.4076842
-0.2645197,-0.8283592,-0.1330532,-0.009861648,-0.06687433,0.02477289,0.07132132,0.5248898,-0.6131957,-0.4735264
;
-0.00249729,-0.579239,-0.1753883,-0.004897124,0.08077005,0.2464455,0.3380569,0.01740418,0.8778471,0.1950166
5.991754E-07,0.1288547,-0.1363297,-0.7198365,0.09885736,-0.1761069,0.0001898408,0.008123503,0.3157058,0.2845392
;
0.1887709
-0.1192584
0.1149168
0.001297799
0.4582682
-0.02992778
0.1754233
-0.3192531
0.00176665
-0.2815037
;
0.01380303,-0.211327,-0.2351562,0.2763329,0.2675068,-0.6776596,-0.1102906,-0.04381631,0.5733192,-0.310815
0.4268804,0.01037104,-0.1178313,-0.01585418,-0.1056216,0.6771738,0.09553384,-0.4969767,0.05980941,0.3133553
-0.05753752,0.003298533,-0.4832276,-0.1606873,0.118497,-0.05728656,0.05797861,0.4296457,-0.1791217,0.4956427
0.3964524,0.02673255,0.01507883,0.7767707,-0.0006972251,0.02793079,-0.4018831,-0.1423052,-0.07252507,-0.1754033
-0.007168105,0.2743389,-0.04604509,-0.1923364,0.0276973,-0.3445143,0.4876744,0.167394,-1.770914,-0.1398535
0.2195114,0.008984953,0.1506824,0.4585299,0.1618729,0.2910446,-0.5671888,0.1967596,0.001056304,-0.5363242
0.1947628,0.1206653,-0.002034247,0.05426274,0.3622962,-0.02347354,-0.299594,0.1889603,0.3424068,-0.360425
-0.5370049,0.1952785,-0.3677973,0.008536105,0.01453906,0.1672935,-0.02773548,0.145986,0.1382884,0.1022516
0.0350637,0.00169775,0.6672536,0.01111634,-0.03266874,-0.04332433,-0.1508953,0.3160274,-0.1823413,0.2106654
0.139525,-0.427176,-0.04046875,0.02499276,0.3719406,0.01713954,0.4285032,-0.1750138,0.4524822,-0.05151131
;
-0.2763284,0.5097576,0.5030687,0.03762912,-0.05406571,0.007234334,-0.219533,0.3247552,-0.03888886,-0.861226
-0.330212,0.001338337,-0.258253,-0.3525555,-0.4164984,0.6560609,-0.3701213,-0.1312456,0.08405934,0.02881503
-0.8855174,0.6031739,0.08695556,0.2441035,-0.002311774,-0.3251978,0.9465865,0.7472236,-0.2805878,-0.004435607
;
-0.01492891
-0.1717928
0.2032183
0.007597586
0.3704071
-0.490128
0.2211841
0.1360776
0.006684708
0.2802936
-0.3574857
-0.07473501
0.2667862
-0.2329068
0.2557501
0.2739557
-0.1474671
0.07164362
-0.9024255
-0.116749
-0.008964717
-0.5544709
-0.5411785
0.1356069
-0.3070755
-0.20918
0.01249274
0.7277387
0.001018514
0.3963775
;
-0.01296911,-0.2260478,-0.08415908,0.0007384419,-0.1664296,-0.1068231,0.4756154,0.05873965,-0.5147084,-0.01050105,-0.3802719,0.04583436,0.02026589,-0.1333702,0.2370193,-0.1233371,0.02009683,0.04570362,0.07060089,0.2174536,0.0183626,0.213909,0.1134938,-0.03946224,-0.6113098,0.01135524,-0.4198431,0.9429584,-0.06179324,0.01046455
0.1525034,-0.008525573,0.1576032,0.005395644,-0.1303668,0.06052556,0.1173161,0.4251803,-0.1140525,0.3503051,0.2883695,-1.011953,0.4385472,0.04016002,-0.01238497,-0.2479475,-0.03367982,0.135934,0.1840306,-0.03340377,0.03703065,0.1421884,-0.1110747,0.07254165,-0.4207566,-0.4415078,-0.09568332,0.0135207,0.1195776,-0.1634738
-0.1790259,0.07250525,-0.00229461,-0.4136914,0.3943957,0.006973303,0.03876583,0.06130463,0.4124477,-0.3291405,-0.2152157,-0.02318001,0.03906117,-0.003793755,-0.3600231,0.5462912,-0.4739407,1.203469,0.4494173,0.168656,0.4638814,-0.08625931,0.08832186,-0.127468,0.1605388,-0.05598789,-0.2492532,0.3265677,0.01214748,-0.4002705
-0.5035496,0.3039706,-0.002756347,-0.4957846,-0.001674928,-0.0167783,0.01140076,-0.5330968,-0.1820211,0.2921728,0.2130374,0.2685915,0.1230808,0.4239314,-0.3329551,0.8364925,-0.5147494,0.3763586,0.0729354,0.5007496,0.01894686,-0.3234731,0.245292,-0.1900651,-0.2233436,0.005575995,-0.01309397,0.0006700557,-0.1461316,0.06350547
-0.0002744519,0.006040315,-0.09772226,0.1043788,0.2882713,0.3793194,-0.1322091,1.313841,-0.5708433,0.0444789,-0.124194,0.1335651,-0.1177752,-0.2321661,0.008526443,-0.08524674,-0.01532788,0.2005926,-0.5025827,0.3201112,0.03891883,0.04679873,0.4109983,0.5047864,0.2517169,-0.2180781,-0.05010623,2.056006,-0.1041523,0.23988
0.1093554,0.003415166,-0.002285846,-0.1173992,0.01637132,-0.1611527,-0.07005411,0.9291176,-0.06898625,0.3736238,-0.03429104,0.1230929,-0.1125841,0.01148258,0.007447541,0.2928185,0.4140405,0.3692104,0.05266098,-0.1505138,-0.4597026,-0.002265156,-0.2160504,-0.2656409,0.3260233,0.426555,0.4547235,-0.6114003,0.06743646,-0.1821647
-0.071436,-0.432799,-0.04498319,-0.01377511,-0.3980471,0.4427695,-0.04284284,-0.0005104444,0.2659917,-0.1928744,-0.002800385,0.3486157,0.02874273,-0.1770945,0.1075099,-0.1949249,-0.08468474,0.8144993,0.3430726,-0.3018626,-0.09068457,0.004646804,2.388438,0.5741041,0.670346,-0.002516001,0.3383253,-0.1311917,0.05304056,-0.7827094
-0.004271318,-0.1021333,0.005533956,-0.224344,0.3075,0.1033041,-0.007327457,-0.2868259,-0.1358443,-0.2153119,0.1060669,-0.1325895,0.9379623,-0.0937091,0.05026281,0.0853073,-0.4343019,-0.2762787,-0.125551,-0.2801952,-0.2112018,0.2902912,0.1043572,0.1110114,-0.0815452,-1.538899,-0.4470118,0.5409932,-0.06085974,0.006885003
-0.2834228,-0.2743402,-0.2028828,-0.1576371,0.06765185,-0.1162973,-0.196274,0.07044762,-0.1893798,0.04332591,-0.4834895,0.06275906,0.2033899,0.01067441,-0.01714657,0.222854,-0.1763851,-7.828118E-05,0.01912758,0.03947037,0.1140187,0.07448941,-0.4947251,-0.1804914,0.0748532,-0.4803906,-0.2893558,0.002672003,-0.469076,0.006782575
0.1128367,-0.04929534,-0.3060088,-0.02530962,-0.0259766,-0.0589167,-0.2629973,-0.003364326,0.3049009,-0.02517655,-0.02242836,0.01880633,-0.2328212,0.2395009,-0.3766507,-0.2735155,-0.01054005,-0.3169427,0.4029942,0.1956156,0.1583999,0.02448641,-0.03756195,1.182799,-1.126979,-0.1021831,-0.1634509,-0.7349945,0.1774369,0.001301323
-0.3764758,0.2507232,0.2310657,0.01206257,-0.04355845,0.1541965,0.04179758,0.1000098,-0.1727936,-0.03696176,-0.008823931,0.02557846,-0.2910269,-0.3971012,-0.03726071,-0.04074432,0.02163341,-0.4073223,-0.2394032,0.08842704,0.9193467,-0.01156042,0.266833,0.07140166,0.2204038,0.3683397,-0.0965541,-0.00121212,0.4319351,-0.0670879
-0.01471605,-0.1908278,-0.4510628,0.8255066,0.224516,0.2451656,-0.4628741,-0.1148129,0.01016123,-0.2434253,0.0008181875,-0.4785602,-0.1589959,0.004177264,-0.2625409,0.005478818,-0.7170328,0.2840249,0.5534565,0.7017205,0.07864221,0.0009685606,0.9984044,0.1614939,-9.366124E-08,0.09171516,0.008118119,0.2788452,0.3805412,0.003935453
-0.2785709,-0.03386921,0.5686094,-0.3789673,0.08412295,-0.391336,-0.4478347,0.05097906,-0.1918622,-0.2204386,0.007205546,-0.4972956,0.2578483,0.06329229,0.03020316,0.2455596,-0.04774619,-0.2774898,0.06818025,0.1615023,0.2717241,-0.5759647,0.08364,0.7338496,0.151043,-0.2559972,0.02021448,1.464376,0.4569225,0.0730391
0.1408655,-0.05014521,-0.1354965,0.01193915,-0.01037423,0.08954473,-0.04356509,-0.08550134,0.459705,-0.3189027,0.2681736,-0.3288065,0.2159021,0.3643181,-0.1153817,-0.3679653,0.1942686,-0.4291788,0.119042,0.1571641,0.06824327,-6.803707E-05,0.03162017,-0.0005591459,-0.10363,-0.133899,-0.01770151,0.1284513,-0.1980777,0.00136237
-0.1988143,0.6091223,0.2878501,-0.393703,-0.03534965,0.2092345,-0.05068427,-0.4527026,-0.448365,0.1314286,-0.1938589,-0.2838652,0.01821647,-0.3906404,0.3517475,0.1303253,0.4571694,0.3755523,-0.19507,-0.3784373,-0.2367432,-0.04025069,0.3520153,-0.1689801,0.03461812,0.131786,-0.07788648,-0.07061164,0.9088593,0.02533061
0.2861604,-0.04697034,-0.04018778,0.302032,-0.799041,0.3713902,-0.001523554,0.8444723,-0.04492483,-0.1786627,0.07451999,0.4243284,0.1361931,0.03772396,0.3241707,0.6615716,0.293873,-0.06162177,-0.01119922,-0.19705,-0.006855806,0.7708279,-0.06494042,-0.4835395,0.3466066,-0.004461954,-0.1493646,-0.01073243,0.4555202,0.0110592
0.1148519,0.495715,0.1518968,0.2069255,-0.9073564,0.006892642,0.3137987,-0.1624686,-0.1057614,-0.1696512,-0.1852448,0.3227078,-0.2962137,-0.7264631,0.392171,-0.01590471,0.01583892,0.02847828,-0.1316891,-0.05461923,-0.1158493,0.2614346,-0.04015161,-0.3351635,-0.3413944,-0.693626,0.01630503,0.1926522,0.4068045,0.0009544781
-0.3578248,0.0009455391,0.1847356,-0.2639424,0.2696755,0.9657695,-0.2356809,-0.6352407,-0.1263678,0.02935485,0.05480248,-0.1035861,0.02460025,-0.00378497,0.2662659,0.002130365,0.2260695,0.731743,-0.1777378,0.4981345,-0.3584827,0.3012058,-0.3518166,0.1141147,0.3565352,-0.0481289,0.0200852,-0.4344957,0.1777874,-0.2214241
-0.1257376,0.4150715,0.3756648,0.5787868,0.4245934,0.1222964,0.06227034,0.4318807,0.02273512,0.1910221,-0.1658255,-0.08362959,-0.1257341,0.1406494,-0.03957373,-0.1004971,0.05501544,0.5153551,0.1568514,0.8605499,0.6585238,-0.116214,-0.1159441,0.05586606,0.012092,-0.8907552,-0.03885504,-0.04212355,-0.01647916,0.4682841
0.009073914,0.3045377,0.05118441,0.1283156,0.002275122,-0.1174763,0.0419989,0.4195698,-0.6917457,0.2449846,-0.1726218,0.2280809,-0.03691734,0.1791298,0.1512658,-0.3383514,-0.1621935,0.2265221,-0.1548007,-0.02792129,0.05588165,-0.0293084,0.2840592,0.2454975,0.4651682,-0.2234175,-0.001015095,-0.006528857,-0.02553683,-0.07414875
-0.2612835,0.2690428,0.01607078,-0.05509068,-0.6480848,0.01195271,-0.04818317,-1.035128,0.07249277,-0.174229,-0.2691765,0.418775,0.127867,0.09623736,0.01852273,-0.4579074,-0.148895,-0.461355,-1.361838,0.4820929,-0.06503154,0.1127004,0.01123586,-0.46202,-0.0006514811,0.1674469,0.1039144,0.07191296,0.2629544,-0.05274504
0.4551511,-0.001616657,-2.34856,1.366933,-0.03372511,-0.00939256,0.1969569,0.02103623,0.253433,0.2738826,-0.3197522,-0.8978316,0.0096016,0.0451377,-0.08945352,-0.09515306,0.4179205,-0.1579332,0.0821963,-0.3113124,-0.4605857,-0.1440759,-0.1009374,-0.2168346,-0.03757561,0.09256393,0.05679237,0.1023454,0.03698483,0.7757784
-0.02709039,0.1269908,-0.01750945,0.4504701,0.02514159,-0.6382642,-0.1258724,-0.001366979,0.1846637,-0.4334635,0.4067485,0.2129057,-0.08713275,0.03763061,-0.1647771,0.1810101,0.427073,-0.06539536,-0.08441633,-0.003879216,0.06405554,-0.4932256,-0.4521879,-0.002943862,0.009840773,0.3030865,-0.3424407,0.2593904,-0.0644837,-0.1965452
0.05730333,-0.06042998,0.0001519165,0.2365081,0.2128669,-0.824235,-0.3309911,-0.1779956,-0.001094238,0.2594236,-0.003905225,0.2455864,3.463894,0.02596787,0.4983504,0.531655,-0.04984422,0.234699,-0.2402259,0.01096253,0.8716211,0.04249996,-0.005206698,0.02386392,-0.04932764,0.4068438,0.1485783,-0.6687905,0.1569171,0.1457041
2.022037,0.4026899,0.3797181,-0.8216404,0.1513916,0.3864255,0.0009646848,-0.297726,-0.0559148,-0.05512149,-0.2402447,-0.1353327,0.004353745,0.05759507,6.839875E-05,0.0268933,0.34217,-0.0153193,0.4114519,0.009141329,-0.00177067,-0.0004475586,-0.02704812,0.4669795,-0.02875943,0.01510353,0.7155685,-0.2955502,-0.1591989,-0.0004519708
0.5105278,-0.04803614,0.3749368,-0.7829543,-0.3830737,-0.2192085,-0.02880059,0.1776458,0.2965771,-0.2406729,-0.03279709,-0.3092016,-0.4318715,-0.01256921,1.190452,-0.003822741,-0.006107915,0.01946314,-0.7225878,-0.2445975,0.1179553,-0.5231321,0.01065608,0.3801466,0.288887,0.01826146,1.184086,-0.4648333,0.6046335,-0.06670675
-1.186061,0.0210622,-0.03300349,-0.0252208,0.1084853,0.09456914,0.2398497,0.2369953,-0.009472609,0.07906305,0.1040012,-0.3165706,-0.01017592,0.03089136,0.3668693,-0.2017305,-0.2800043,0.1494717,-0.03010241,-0.2274593,-0.2022816,-0.2316007,-0.03124519,0.03282878,-0.4798295,0.2372234,-0.01356131,-0.7041584,0.2566005,6.554415E-06
0.5606002,-0.02633494,0.08609182,0.06226077,0.3762544,-0.2034984,0.1369475,0.1688411,-0.4473826,0.5152645,-0.3986768,1.258047E-06,0.03097159,0.3626581,-0.2783916,0.2864493,0.1358843,0.7304657,-0.4854205,-0.1987041,0.2183015,-0.02873294,-0.4684029,-0.1794395,0.4591499,-0.1233032,-0.1130415,-0.3576238,0.06787504,0.005229412
0.1188092,-0.001018112,0.01539203,0.3384266,0.1226479,-0.001607053,0.3020005,-0.1154673,0.7776067,-1.47275,0.0428091,0.3940998,0.04923401,-1.327043,-0.001660402,0.3849353,0.05203139,0.4133971,0.01106778,0.008098546,-0.001214937,-0.1987563,0.5342715,-0.3013101,0.3793525,-0.564657,-0.3551812,0.07990617,0.004885343,-0.3916723
-0.02802022,0.4145423,-0.009201435,1.060001,0.02272597,0.5692405,0.4374598,-0.791665,0.2845691,0.007149824,0.3859367,-0.4102433,-0.04951419,-0.1123399,-0.02075518,-0.8973445,-0.1823194,0.4306827,-0.04392844,-0.0007432301,-0.3907729,0.2790936,-0.3807051,-0.2624105,-0.2990029,0.04060324,0.06103042,0.1842685,-0.193612,0.1436185
;
-0.03650534,0.2038402,0.3752931,-0.05973953,-0.002905441,0.04332018,-0.0004752565,-0.211521,0.004701984,0.09900939,-0.03689374,-3.304221,-0.4993938,-0.3559733,0.4252013,0.3179343,-0.5296684,0.2571307,-0.6879728,0.005470389,-0.02878338,0.5926184,-0.4262267,-0.1204172,0.4311049,-0.01872319,-0.1026142,0.0283944,0.001882851,0.01610835
0.1059771,0.3579433,-0.4462653,-0.1537514,0.1428299,-0.4990211,0.336056,0.4408627,0.1666058,-0.01751596,-0.03680134,0.2260467,-0.01525337,0.3704367,0.2819369,-0.3830357,0.2568517,-0.01497731,0.06271917,0.2183637,0.2134011,-0.2259986,0.005746973,0.001357612,0.1748785,0.3782705,-0.6763338,0.01140192,-0.03766608,-0.3277256
0.4858454,0.4668475,0.07644416,-0.1289489,-0.2342061,0.05712353,-0.3604033,0.4277387,0.09158888,-0.4198117,0.2704937,0.455495,-0.02891929,-0.2735202,0.1524327,-0.02835092,-0.3011565,0.005012792,-0.0905895,0.1353893,-0.2506264,0.0002308959,0.04903014,0.01092866,-0.0294041,3.051766,-0.03258372,-0.07357806,0.1332746,-0.5679516
;
0.1220796
0.1788804
0.6319675
-0.05149505
0.4719675
-0.03065675
0.06822046
-0.09772998
-0.3429803
0.1535558
0.03754076
0.03924304
0.1321043
0.4056965
0.1275253
-0.0419055
0.1679836
-0.3119541
1.862641
-0.4737259
-0.4183202
-0.2606331
-0.498314
0.01169022
0.02085954
0.0155821
0.4769144
-0.1205259
0.06519838
-0.4116443
;
-0.05337183,-0.02629316,0.1610931,0.02480269,-0.05107278,-0.05598455,0.4272228,-0.339107,0.05439635,0.8689248,-0.04538931,0.01303116,0.2261094,0.1435509,-0.298799,0.05101455,-0.2338577,0.01760788,-0.3797541,0.7425021,-0.07165283,-0.02934493,0.6288567,0.1954137,-0.5255307,1.23169,0.5842295,-0.0557843,0.002312423,0.4986655
-0.1235813,0.01846163,0.1680853,-0.09805912,-0.04879597,0.4761692,-0.08545071,-0.001338273,-0.9087409,-0.4089956,0.0002311441,0.7820821,-0.3537177,0.4572372,0.1524391,0.1479521,-0.1279277,0.3009276,-0.09987169,0.1960984,-0.04943369,-0.0597101,-0.2045184,0.08611525,-0.2030453,0.05222701,-0.2277946,0.3187686,-0.02243885,-0.6054228
0.05118901,-0.0002575404,-0.3224845,-0.2203106,0.2317844,-0.05495244,0.2779219,-0.124936,0.2788954,-0.04888179,0.01997033,-0.4017273,1.340142,-0.206876,-0.07113878,0.5521621,-0.2120106,-0.03438104,-0.2074137,0.3084892,-0.7016205,0.415095,-0.01764188,-0.08597318,-0.3777008,0.004486551,0.3691807,-0.4006435,0.002760893,-0.01767265
-1.135803,-0.2367252,0.1339662,-0.1012338,0.1590037,-0.3647956,0.8367978,0.2540797,-0.2725773,0.001298471,-0.01278893,0.08082043,-0.200188,0.1862882,-0.499148,0.3219572,0.2237726,-0.1208021,-0.001261428,0.454827,0.6062556,0.1628883,0.009976495,-0.2667986,-0.07667357,-0.8069451,-0.1075593,0.287709,0.1879424,0.3902776
-0.302979,0.2479458,-0.06659963,-0.03121327,-0.1239583,0.4027127,-0.7781798,-0.2319955,-0.6717287,-0.002155815,0.6724426,0.3933894,-0.0905635,0.2953986,-0.03094086,-0.06854802,-0.1074683,-0.3413739,-0.7795636,-0.4144583,0.1532603,0.08652434,-0.4166592,-0.283892,0.1414522,-0.002451113,0.01073745,-0.1632701,0.15161,0.01817089
-0.1030199,0.1025992,-0.1495892,-0.1033582,0.5771607,0.4508584,-0.08043259,-0.007655203,0.260653,-0.05157596,-0.2922156,0.2330408,0.4360958,0.3441168,0.1021941,-0.02816945,0.08576795,0.04612257,0.1453341,0.002017975,0.01971745,0.222082,-0.08053605,-0.07446909,-0.01114671,-0.6224948,-0.03417064,-0.0305329,0.2063269,0.3424827
0.1235674,0.221447,-0.4805834,-0.1036159,0.2624856,0.05415672,-0.1712207,-0.04505426,0.2836448,0.5031731,0.3612982,-0.1661005,0.3606008,0.09239052,-0.1413291,-0.100843,-0.3218561,-0.4028834,-0.2349003,0.2575518,0.01968844,-0.009706265,-0.3811368,0.3612595,-0.472826,-0.02705742,0.00764045,-0.2867812,0.08058608,0.1307458
-0.2593229,0.03381139,-0.2496449,0.4098082,0.4677957,0.07381457,-0.4960116,0.4043854,0.4333104,-0.1648063,-0.01592308,-0.3286339,-0.5476429,0.1624928,-0.6112646,-0.5311715,-0.3768124,0.03937254,0.4520147,0.1104071,-0.006975114,-0.1493557,-0.8373367,-1.049997,0.006011156,-0.005643351,-0.01465059,-0.02727162,-0.02976364,-0.367499
0.4676614,-0.3107791,-0.2055002,-0.03083691,0.236655,-0.1092579,-0.003409316,0.006420352,-0.3497798,0.3999748,0.3828315,1.472877,0.0108997,-0.1609029,0.2987961,0.3592634,0.4425009,0.274295,-0.2178351,0.02076294,-0.3921849,-0.3868847,-0.1077994,0.2769731,0.06424348,0.1891795,0.2679412,0.004664555,-0.1184437,0.2362454
0.235711,-0.006223484,0.3113933,-0.5061209,-0.2384781,-0.53534,-0.2633616,0.3240253,-0.04231995,0.2690197,-0.09667709,0.9808683,0.02488822,-0.2697877,0.0993076,0.2581303,0.3119719,-0.463411,-0.3676747,0.2359933,0.0130437,-0.5945175,0.5505603,-0.3517323,0.2315743,0.08741882,0.0272594,-0.5572588,-0.5718496,0.03588553
-0.1167354,-0.3496865,-0.9593543,0.1074852,0.1262306,-0.4694363,0.02459918,0.06502422,-0.006972332,-0.04544268,-0.4118986,-0.3995754,0.299716,-0.08781213,0.39557,0.2308029,-0.01132078,0.1399004,0.2494719,0.0571202,1.593258,-0.5252553,1.506721,-0.004135039,-0.1431616,0.2268324,-0.2710184,0.2305239,-0.2323908,0.0180028
-0.5223531,0.09244261,0.2573209,0.5661816,0.02640443,-0.01467943,0.006576307,-0.5232484,0.2714587,0.06746914,0.1129519,0.005167469,-0.008991539,0.002292812,0.6817519,0.2602098,-0.05179995,-0.3340344,0.5668837,-0.2235638,-0.06981453,0.008281718,0.001735849,0.07599322,0.3985959,0.3150048,-0.3488978,0.1664622,-0.1639546,0.1183447
0.1660828,0.3073072,-0.1755016,0.4662822,0.247172,0.09739672,-0.005053561,0.1845099,0.1529399,0.1619349,0.003392853,0.7984437,-0.07778985,0.006948014,0.1148236,-0.1271163,0.09507667,-0.3448055,-0.2222939,-0.01051766,0.3996257,-1.605717,-0.3052622,0.1255772,-0.3251889,-0.219026,0.2358113,0.1048531,-0.02609915,0.001700805
-0.2775297,-0.3770108,0.004971506,-0.1862239,-0.1514635,-0.269599,0.2793714,0.9173204,0.6487527,0.003770368,0.2857182,0.08082121,-0.01483962,0.6377092,0.1444045,0.37984,-0.5267631,0.321189,-0.4986474,-0.05350369,-0.3405459,-0.2302467,-0.1090853,0.3914653,-0.4014682,-0.05104369,0.04792132,0.005934709,-0.02761528,0.0949606
-0.06581027,0.03134814,-0.467792,-0.08877331,0.3479526,-0.01524482,-0.3632693,-0.4045661,-0.4211534,0.4057465,-0.3922555,0.4379951,0.3359938,-0.09834615,-0.444798,0.005346585,0.3015816,-0.2811362,0.3530318,-0.281603,0.003337444,0.9472364,-0.06285123,0.06564637,0.1772588,0.3764119,-0.3050963,0.02908736,0.1516689,0.263904
0.2649796,0.1467605,0.01888692,0.5547459,-0.1228469,-0.3717231,0.0103666,-0.01869895,0.06695683,-0.01536131,0.02897432,-0.2113941,-0.03007611,-0.4817759,0.3358845,-0.1281886,0.3914571,-0.01018447,-0.3580589,0.03873727,-0.4748074,-0.1045924,0.2413095,-0.1548809,1.046363,-0.4903487,-0.001818269,-0.01313955,0.02576009,0.09269397
-0.1226611,-0.17251,0.009220078,0.00461957,0.04286331,0.4718919,-0.387569,0.3715472,0.1096513,0.2554691,0.3810812,0.04761456,-0.02004118,-0.3871583,-0.1945688,-0.002058797,-0.2371241,0.08494173,0.6278028,0.1786756,0.0004714409,-0.194031,-0.1170942,-0.08051163,0.0006966172,0.01431385,0.6471406,0.4156866,0.1021233,-0.1687683
-0.1389542,6.936159E-05,-0.02842485,0.1913426,0.7319573,0.02036679,0.02642159,0.4431547,0.03018901,0.3443414,-0.1587384,-0.310552,-0.002453983,-0.09631676,0.2454975,0.09435382,-0.5341626,-0.05033457,-0.1545292,0.1587124,-0.007220907,0.3943144,-0.03243243,0.9827158,0.7644718,-2.47065,0.3920336,-0.0003138129,0.001094782,-0.3259223
0.1255254,-0.4098419,-0.1726699,-0.3868002,0.167469,0.2724089,-0.8563093,-0.4629456,-0.3805618,0.330002,0.4315529,-0.03908607,0.1649572,0.3478249,-0.03441929,0.465245,0.3314474,-0.01775443,-0.01108291,0.3397408,-0.1503472,0.01126809,0.001006026,-0.3408264,-0.2696526,-0.03994197,-0.2438174,0.9483984,-0.265328,0.2933513
0.1007305,-0.006573385,1.231431,0.4352628,-0.4294883,0.2287944,-0.4775552,0.1703199,0.3115259,-0.03776329,0.1633626,0.1698165,-0.1578813,-0.3753449,-0.1722041,-0.6556709,0.01622888,-0.4421817,0.4165598,-0.2177196,1.258754,0.1307019,-0.3999003,0.2286172,-0.02928575,1.195822,-0.03485473,0.04734628,-0.9551814,0.2312118
0.03916777,0.1212245,0.1542344,-0.03520055,0.2493353,-0.06203908,0.386328,-0.4064758,0.4150867,0.0316678,0.08035976,-0.03237459,-0.3722945,0.3151293,0.3617569,0.2386521,-0.008213783,0.295466,0.009629324,9.833458E-05,0.1605735,0.2748259,0.6164693,-0.1418805,0.03981113,0.7440769,0.02142814,-0.388115,-0.0208717,0.07268447
-0.02447758,-0.2056036,0.07966352,0.0125615,-0.06871015,0.7691094,-0.4825248,0.008484546,0.1969168,0.4406783,-0.04123399,-0.05083412,-0.2539306,-0.2081121,0.3996037,0.1241566,-0.2799345,0.2799942,-0.3922329,0.3330267,0.1962981,1.485391,-0.1178103,0.1186882,-0.01796552,-0.07422749,0.07012115,0.1022733,-0.1827956,0.4202596
-0.7650321,-0.3329461,0.0174552,-0.7859277,-0.01196618,-0.03061566,-0.05942781,0.05305768,0.09134223,-0.2368306,-0.003484572,0.1568507,-0.3854204,-0.02091461,0.393023,0.0479563,0.7233444,-0.2273799,0.2169127,0.1168986,-0.01818258,-0.4090741,-0.3099492,0.1424047,0.03425911,0.4569317,0.1306505,0.02871188,0.0002218013,-0.05184117
0.06611329,0.08680547,-0.4035401,0.1528752,0.4034179,-0.09556188,0.4972296,0.2644316,-0.07362369,-0.04337559,-0.4368398,-0.09296034,-0.1047559,-0.05628989,0.003074933,-0.6836442,-0.3766483,0.1023427,-0.5607907,-0.03858322,-0.1331884,0.4848434,-0.1471984,0.08855038,-0.001968518,0.8518717,0.1533569,-0.0008264424,-0.217022,0.490726
-0.499994,0.2197455,0.02402252,-0.2169819,0.1354374,-0.02272116,0.5256357,0.05614804,0.538586,0.4465837,-0.1778934,1.14398,0.0184175,0.3797592,-0.09268929,-0.09061903,0.07652663,0.02625789,-0.2605298,0.2590555,-0.6289929,0.1592405,-1.272968,-0.1133117,-0.1037998,0.6639253,0.13105,0.3809848,-0.0292235,-0.06845444
0.1246384,-0.00537428,-0.1794987,-0.1195632,0.03440515,-0.4299995,-0.4316038,-0.1390718,0.3944135,0.788652,0.3260671,-0.03901523,-0.7429568,0.1303915,-0.409856,-0.1888757,-1.815026,0.3014147,0.460338,-0.02164072,-0.01381058,0.2403592,-0.2295442,-0.3229082,-0.07765157,-0.1577544,-0.3620285,0.7974848,-0.1652952,0.5220726
0.54014,0.03966058,-0.07529434,-0.3617711,-0.7566934,-0.1650743,-0.3747147,-0.2501082,0.1742545,-0.306529,0.01004133,-0.4084399,0.1014333,-0.2394111,0.929944,-0.02815402,-0.0506809,-0.1658385,0.3541476,0.2202121,-0.1896245,0.1969635,0.2403051,0.07720303,0.08029789,0.270138,-0.2174135,-0.00969207,-0.00249928,-0.006498626
0.1706107,-0.5284722,0.3152189,-0.285412,0.3023909,-0.02758105,-0.05458105,-0.08746535,-0.698432,0.2261703,0.30594,-0.7756745,-0.1660492,0.05481273,0.3960089,-0.01701079,1.733605,0.01005863,-0.1641376,0.06261463,0.2996166,0.370212,-0.1633499,-0.6257144,-0.2793097,-0.3605097,-0.1924126,-0.3928374,0.4207965,-0.07600194
-0.007870159,-0.7499021,0.2980917,0.2918028,-0.3504989,0.03851992,0.02990923,-0.1462091,0.3120756,-0.03854021,-0.161193,-0.236457,-0.2580151,0.153322,0.1274348,-0.06397689,0.1461259,0.1005387,-0.08348635,0.2048166,-0.01688945,-0.6476672,-0.006836398,0.08338317,0.2704369,-0.02194493,-0.1429432,0.07159271,0.05475968,-0.0386639
-0.3789611,-0.02800113,0.008285103,-0.6089417,-0.4316262,0.02730452,0.3089257,0.5488345,0.0009748946,0.07511548,-0.2609847,-0.409982,0.6473086,-0.01127815,0.03587252,0.06970686,0.3347285,0.005415264,-0.01062943,0.004332642,-0.5591399,-0.1783649,-0.1012723,-0.4139371,-0.3322879,0.03021996,0.0003137827,-0.3783926,-0.5963563,0.3676529
;
-0.4344439,-0.08810908,0.3502896,0.4053277,0.3869605,-0.3718376,-0.8135026,0.06456763,0.007109177,-0.2835894,-0.2985002,0.7876756,0.281071,-0.7613546,-0.04165131,-0.0176515,-0.05025691,-0.2957119,0.1004161,-0.1114472,0.3329568,-0.2932765,-0.02796067,0.07551973,-0.4899902,0.0766973,-0.4235972,-0.35309,0.06746615,-0.1142279
-0.08568263,0.5880529,-0.1347101,0.1206364,0.4161117,0.4997399,0.2232952,-0.07494789,-0.1211555,-0.254308,-0.1731762,0.03869266,0.5597243,0.01908404,-0.4997646,-0.2642351,-0.2106803,-0.01058074,0.4865755,-0.3930072,-0.4952404,0.648988,-0.026796,-0.103388,0.3486267,-0.2053031,0.01058657,0.01533088,-0.08959255,0.005720221
-0.05917001,0.1899667,-0.1354951,0.08427614,-0.1737157,0.3343925,0.0595789,0.6235856,-0.1731379,-0.04898363,-0.4764598,-0.0003785759,0.2488248,0.4459647,-0.00896735,0.3949081,0.05660409,-0.05368561,-0.0450222,-0.1723176,0.460982,0.4018905,-0.02901529,-1.386514,0.1322361,-0.235688,0.5912208,0.1694438,-0.5598015,0.2240516
;
-0.09234708
-0.08144146
-0.09814237
-0.039619
-0.003749104
-0.03194541
-0.3757918
-0.09732476
-0.2995258
0.07701749
0.3934226
0.3737373
3.875527
-0.07328707
-0.1299954
-0.02592768
0.1830625
-0.3430816
-0.08681148
0.612471
-0.2985827
0.2185885
-0.2471729
-0.001078402
-0.354134
0.009579563
-0.4898526
-0.005908489
0.3748574
0.3678164
;
0.02283953,-0.3675481,0.2201737,-0.1245534,-0.07783879,0.04515149,0.1873997,-1.527108,0.4884477,0.4797645,0.1171023,-0.159134,-0.2797668,-0.05242121,-0.1079046,-0.2374239,0.0483212,0.1776944,0.2709756,-0.1734271,0.03794304,-0.1606702,-0.325734,-0.02801555,0.09453863,-0.2954143,0.08829822,-0.2064819,0.07083863,-0.2305595
-0.4987332,0.05579903,-0.242061,-0.04328269,0.2952816,0.2117951,-0.06494063,-0.1266676,-0.0001018147,-0.05141874,0.02402048,-0.4250254,0.3802376,0.09929687,0.04198797,0.1358278,-0.2431341,0.2606474,-0.009356439,0.1725111,-0.1721696,-0.05753331,-0.4399072,0.4295969,-0.1704121,-0.4214232,-0.04530273,-0.1497097,-0.04085356,0.0339835
0.0926987,-0.07827415,-0.01359568,0.06615765,-0.1151479,-0.03524572,0.03339055,-0.01225614,-0.3480051,-0.1572282,0.0009368298,0.8851876,-0.01859321,-0.3073571,0.2662359,-0.1728227,-0.03475996,0.004437126,-0.1184253,-0.04091884,-1.060665,0.004243155,-0.4956776,-0.4397652,-0.3145329,-0.04501207,0.6769494,-0.168447,-0.03504908,0.527538
0.3519061,0.1891085,-0.4395813,-0.005523338,-0.06251153,0.05745655,0.8823265,-0.5631845,0.4136382,0.3321329,-0.01797532,0.4603364,-0.4272495,-0.2585051,-0.0991241,0.001512675,0.4731679,-0.3200996,0.08539602,0.02747766,-0.3884575,-0.4811343,0.04998118,-0.1324872,-0.2818561,-0.6153875,-0.02539495,0.0355869,0.05346495,-0.07055856
0.5874572,0.1571352,0.6088502,-0.05713555,0.3368472,-0.193736,-0.003119183,-0.001032406,-0.8131114,-0.3279561,-0.7543367,0.3506365,0.04055333,-0.04730757,0.2752723,0.09561187,-0.620243,0.06896861,-0.4722416,-0.1692865,-0.07204433,0.08530146,0.03810464,0.2029589,0.009488176,0.7823769,-0.02171118,-0.01385421,0.06209919,0.02052257
-0.369131,0.3255441,-0.2614893,-0.111372,-0.733661,0.1437284,-0.4914611,-0.4361614,0.8123255,0.09901069,-0.04342641,0.3814,0.008515159,-0.1039123,0.9462324,-0.2840321,-0.01132474,0.3655239,-0.2022822,-0.103703,0.370047,0.09715992,-0.0351739,-0.03134205,0.2434238,0.07480583,0.288958,0.09903906,-1.077793,0.09268099
-0.4433686,0.3380383,0.4518096,-0.2721595,-0.02121186,-0.5845307,-0.70668,-0.02636443,-0.4477193,-0.3271747,0.08889516,0.4589321,-0.008276857,0.5255293,-0.0158185,-0.3175176,0.2613593,0.009939373,0.4079486,-0.09077355,0.1954804,0.3788109,0.000729794,0.006825864,-0.8315861,-0.06032452,0.2271895,0.1074307,0.04460301,0.6378472
0.4333986,0.07718361,-1.096632,0.3560607,0.04756535,0.4876935,0.1353039,0.001809094,0.5061554,0.4522049,-0.4993115,0.3587434,-0.2025906,0.2751603,0.2372513,-0.01941542,0.07829857,0.3153863,0.1481598,0.4209361,0.4551595,-0.01519306,0.6915792,-0.00672071,-0.2976342,-0.01062583,-0.1285251,-0.1361367,0.02130073,-0.08806016
0.3753409,0.3110508,0.2691116,0.1860804,-0.27673,-0.157771,0.4012996,-0.07791144,0.01946646,0.006804508,-0.01497974,-0.2538617,-0.3900538,2.083615E-06,-0.02640202,-0.2219261,1.022032,-0.280027,-0.2837586,0.1323939,0.3675541,-0.2106385,0.1329942,0.4329489,0.2181035,-0.4585522,-0.05130128,0.01416133,0.2657949,-0.07755063
-0.05395234,-0.06069631,0.5630515,-0.05279571,-0.2193303,-0.5080052,0.008221862,-0.3652687,0.47754,0.8379599,0.01525303,-0.01328808,0.2618042,-0.09900898,0.08663872,-0.005549287,0.05242664,-0.774677,0.2872915,0.0742957,-0.7669728,-0.2743627,-0.2716641,-0.1149541,0.01333401,0.1240493,-0.8218059,-0.3108176,-0.2043206,0.02684957
0.0004544852,0.009483541,-0.08084017,-0.2889074,0.002784398,0.3721019,-0.0290759,0.04787248,-0.2672499,0.0005253782,-0.06072213,-0.03700893,0.2105801,-0.4120921,-0.3651654,-1.613067,0.172389,-0.04088121,0.2312587,0.0009356347,0.4907101,0.4278887,-0.08871473,0.4160609,0.3661857,-0.3703905,-0.2290663,0.007992446,-0.2003359,-0.03855535
-0.03866929,-0.03303679,-0.4595451,-0.1116078,0.05786278,-0.2579027,0.02102528,0.4828864,-0.5798136,0.3012343,-0.4738247,-0.002579314,-0.1562306,2.191545,1.073038,0.001453629,-0.1618272,0.2360324,0.2252003,0.3651152,-0.05216556,-0.1221897,-0.09338377,-0.006751075,0.1175498,0.01804579,-0.3674976,0.3899504,0.2573623,0.005355299
0.1336473,0.1486621,-1.355679,0.009573133,0.6377625,-0.07797664,0.176449,-0.2703427,-0.2997589,-0.09748507,0.009410163,0.3235326,-0.1825785,0.286643,-0.08495849,0.8381625,-0.3741165,0.001294398,-0.0218719,0.459221,0.03449994,0.2033749,0.1385717,-0.2665446,0.2068646,0.1319028,0.9770201,-0.5336136,1.331542,0.2432767
-1.833149,-0.1840039,-3.255581,-0.06953605,-0.6140999,-0.1461372,0.4941694,-0.002960503,-0.2309746,0.3785846,-0.055253,0.9682139,-0.15369,0.20599,4.791901E-05,0.6024208,-0.02227653,-0.05080922,-0.0903345,0.2399517,-0.1917986,-1.026833,0.01826264,-0.09193474,0.4547114,0.2443946,0.4891207,-0.2231277,-0.1153943,0.112435
-0.02557735,0.05204994,-0.8337617,0.03832334,0.1113807,0.4031041,0.3006752,-0.0229997,-0.08952004,0.05996317,0.002565559,-0.7910412,0.4841915,-0.1919163,0.3169572,0.951212,0.3026278,0.7421749,0.3938234,0.002329975,-0.1573922,-0.2782109,0.1265439,0.06377354,-0.4695472,0.5104394,0.03236356,-0.6841555,-0.04140502,-0.1071575
0.002640123,0.7051936,-0.1391456,0.1483727,0.08636039,-0.03403303,-0.2866058,-0.9287161,-0.6075296,0.09637477,-0.4043236,0.02996478,0.453799,0.006943992,-0.0386079,0.0180712,-0.03342042,-0.1683736,-0.01832231,-0.2874306,-0.02740866,-0.1357419,-0.09389059,-0.04294511,0.06961677,-0.7297029,0.02587395,-0.3365444,0.09847548,-0.07248914
0.1498711,-0.1710573,-0.01009221,-0.09537536,-0.113717,1.484488,0.0244146,0.09542494,0.5103011,0.1090798,0.0003119391,-0.03056996,-0.001706909,-0.07039565,0.4778489,-0.005987122,-0.2464938,0.04242749,-0.3813436,0.3201103,-0.5259969,-0.001064276,0.6405375,0.3859411,-0.00021409,1.309773,-0.5488971,-0.3389263,-0.1637407,-0.07226698
0.2084493,-0.02050001,0.259028,-0.2985896,-0.320706,-0.2573829,0.3288199,0.1081772,0.01937189,-0.1573598,0.002314618,0.233185,-0.1484072,-0.007315096,-0.5168167,0.1087533,-0.03990848,-0.07334262,-0.2313005,-0.181161,0.04783597,-0.06249937,0.4851536,-0.001389205,0.1348753,0.1635364,-0.1370895,0.01866607,0.7433275,0.443599
0.1006412,0.3728718,-0.4434205,-0.03217842,-0.129176,0.05241793,0.1824775,-0.1527132,-0.06723326,0.3808429,0.08488461,0.6495891,0.2066028,-0.3872832,-0.08574521,-0.5265188,-0.1659434,-0.04863294,0.7074516,-0.3561903,0.1139169,0.4817505,-0.01882015,0.346518,-0.2156723,0.1821781,-0.3704416,0.4797747,0.2249313,-0.0447976
-0.2280056,-0.09361898,-0.5872643,-0.04275742,-0.1428439,-0.04734545,0.001446796,0.02924191,0.381269,-0.06273192,-0.6893995,-0.1612309,0.3863698,0.3371129,0.0240594,-0.05694517,0.3831147,-0.1481857,-0.4747556,0.2798208,-0.7574946,0.2891399,0.6958594,0.008591119,0.02651005,0.1472136,0.07720301,-0.4578198,-0.02375023,0.6633604
-0.04125704,0.1304726,0.2908587,-0.4273545,-0.3842307,0.2855878,-0.3366232,-0.5397277,-0.2293091,0.3039924,0.1159153,0.4608809,-0.03779608,-0.004412669,0.03807472,0.1563506,0.0430261,0.3096074,0.2623531,0.1596975,-0.1822333,1.27865,0.08782589,-0.2187212,-0.3105129,0.1027528,0.005510747,-0.1466452,0.01760543,-0.0325788
-0.1060658,-0.3694179,-0.09364384,-0.3964509,-0.2599093,-0.1266063,0.4584477,0.4324331,-0.1796113,0.6262676,-0.3571513,0.001007598,-0.1499127,0.4921391,-0.1638781,-0.3380351,0.8005479,-0.03814663,-0.3704112,-0.02179758,0.4087243,-0.4144144,0.2385481,-0.007963262,-0.1341161,-0.002815367,-0.0615887,-0.3341113,-0.1985934,0.09159053
-0.4984237,-0.0708892,0.3455338,-0.03315308,0.1464272,-0.3467726,0.1679729,-0.4791088,0.008237898,-0.07844224,-0.007622823,0.4132529,0.2029229,0.5353777,-0.003561962,-0.1255291,0.5217518,0.47321,0.3209605,-0.1621671,-0.2635286,-0.3037128,-0.4754604,-0.487608,0.659928,-0.2267773,0.015315,0.1568649,0.00720357,-0.4697772
0.237687,-0.03217763,-0.1443296,-0.1218642,-0.008139499,0.4505994,0.481822,0.2701535,0.3953195,-0.4189855,0.03716644,0.4115024,0.308475,-0.3198015,1.825678,0.1793577,-0.2256117,-0.0006437065,0.2364916,-0.02302279,-0.3232001,0.06509457,-0.03378901,-0.001859838,0.0006287324,0.2983366,0.4464681,-0.09141383,-0.6381504,0.429511
-0.03980106,0.2948547,-0.1522757,-0.2339062,-0.04954775,-0.0440311,0.2494542,0.4649878,-0.4631082,-0.01978535,-0.2932736,0.8077646,0.4773024,-0.2270469,-0.06854872,0.2595809,0.3729112,-0.4375579,0.3583791,-0.3703484,-0.2294861,-0.009288371,0.11679,-0.2393811,0.01379472,0.3371331,-0.6214609,-0.06062699,-0.3039128,0.4963991
0.4259785,0.03888015,-0.7961782,0.1602358,0.0431357,-0.3674539,0.1191087,-0.3597168,-0.6189982,-0.4152966,0.2701168,0.909413,-0.3052959,1.260626,0.7129034,-0.001235524,0.3826244,0.01021902,0.3730351,0.7480834,0.1403712,0.4737546,-0.008582558,-0.4689164,0.006484773,0.04744994,0.01012899,0.3790761,0.1296234,0.4470097
-0.1867637,-0.6390271,-0.3902654,-0.4162886,-0.2114359,-0.02177757,-0.3676657,0.3987433,-0.004431588,-0.3996814,-0.4126492,-0.2764443,0.09935042,-0.2291806,0.007945658,-0.9359089,-0.01754798,-0.09521514,0.06198126,-0.001981138,0.4540587,0.1491892,-0.2711356,0.4866138,0.001090606,-0.207195,-0.1002023,-0.02941829,0.1352745,0.1727626
-0.4557559,-0.04366785,0.4538538,-0.191584,-0.2393773,0.2993248,-0.4135114,-0.2659826,-0.3368089,-0.0008666603,-0.1372816,0.1685294,0.4620829,0.01640552,0.7871222,-0.005956046,0.02598763,0.0444414,-0.4693961,0.7880732,-0.1062202,0.2602028,0.5866064,-0.0163689,0.2260108,0.02817475,0.01843793,-0.4255042,-1.860627,-0.5364538
-0.386773,0.5172428,-0.5184239,-0.7704345,0.01585568,-0.0384207,0.04260473,0.01850031,0.01035876,-0.2432791,-0.1216452,-0.2522943,0.3088852,0.4990133,-0.314,0.05797808,-0.139634,-0.4738859,0.06300408,-0.004317479,-0.5608739,0.4166056,0.03161384,7.673771E-05,0.2110464,0.32839,0.003719971,0.001796932,-0.4302038,-0.07800609
-0.05581514,0.365374,-0.07903987,0.0512692,0.01641545,-0.4488276,-0.04908898,0.2971616,0.1203837,-0.1917369,-0.2212958,0.8248574,0.323585,-0.007860702,0.005213902,-0.5446677,0.2688795,-0.003037661,0.9844848,0.4894464,-0.134357,-0.3583456,0.07602854,0.7118471,-0.9107358,0.01775887,-0.2826455,0.1436404,0.3411051,-0.4920132
;
-1.533213,0.07224356,-0.06139225,0.04206973,0.002774885,-0.149643,-0.4977072,-0.211692,0.0007967022,-0.02375311,-0.1844903,0.03242415,0.02228655,0.3732462,-0.03614825,0.0001557978,0.3943042,-0.07318284,0.2457361,0.1148009,-0.00256961,0.3507534,-0.04458393,0.2197051,-0.4759781,-0.007200021,-0.01086408,0.06203991,0.1317099,-0.06783125
-0.6413991,0.02053126,-0.003255031,-0.3411382,-0.01706105,0.00932517,0.2445485,0.1591778,-0.1646676,0.2886759,0.08818729,0.01884407,-0.000985701,-0.06190878,-0.1445004,0.01121557,-0.2788892,0.2045956,0.1652018,-0.1351358,-0.4920498,-0.001480039,0.07803092,-0.227882,-0.5784569,0.02718502,0.06872184,-0.4583629,-0.4409249,0.3482558
0.04436094,-0.008840675,0.009435475,-0.1421572,0.2079875,0.164445,-0.001202832,-0.09507885,-0.4329079,-0.2799884,-0.3526883,0.1179724,-0.04100277,0.7794133,-0.3766455,1.127669,-0.124345,-0.02993542,0.06991619,0.02338306,0.1710468,0.4614972,0.2974595,-0.8161961,0.01002592,-1.193091,-0.0008838116,0.1227686,0.2071694,-0.2595816
;
