-0.3670362
0.4146743
-0.2148109
-0.1712874
-0.0002914395
-0.01577439
-0.3375701
0.1906627
-0.252896
0.6487693
;
-0.4985564,0.2857938,0.3459703,0.002816626,-0.2557169,-0.05862785,0.1211134,-0.008234228,0.2906308,0.2092185
-0.7434881,0.3415335,-0.07887174,-0.1472053,0.03046263,0.1869773,-0.01218649,-0.09991631,0.01427866,0.1368441
0.001565091,0.09872265,-0.09770855,0.06171197,-0.1818556,0.0245741,-1.430617E-07,0.4931829,-0.2724504,0.3923104
-0.1250491,0.6299258,-2.20674E-05,-0.0894137,0.44848,-0.143788,0.009728492,-0.07082075,0.2484144,0.1694917
-0.031134,0.006419169,-0.4207247,-0.1412836,-0.1897647,-0.0143935,9.225335E-05,0.0373252,-0.05474042,-0.3095608
0.002119369,0.02930999,0.3734057,0.2360208,-0.9259001,0.04472338,-0.2296692,-0.09403902,-0.8465391,-0.1803413
0.5118764,-0.001473284,0.01537997,-0.6743263,-0.4242363,-0.009748125,0.4498852,-0.4096431,0.0532002,-0.3504215
0.171374,-0.2280284,-0.1903761,-0.1691114,-0.2423368,0.1793738,0.1765997,0.03916143,0.001391285,-0.4514277
-0.03059334,-0.6645225,-0.04030947,-0.4499727,0.3027557,0.02222437,3.143528,-0.01408047,-0.09699833,-0.7844221
0.001418261,0.03691423,0.02206766,0.4428368,0.8105426,0.05742034,0.2549148,0.01244013,0.1642523,0.3760836
;
-0.01546428,-0.06341902,0.2587835,-0.104578,-0.157468,-0.08684296,0.2796576,-0.003620591,-0.9370165,-0.01836493
-5.339963E-07,0.01831931,-0.02072879,-0.1961341,-0.008959534,0.252514,0.01367706,0.04551858,0.4374932,-0.1941409
;
-0.003120379
-0.176685
0.04670446
0.1243171
-0.06326789
-0.006218668
-0.4126
-0.04198097
-0.0008223203
0.03210789
;
0.4692377,-0.2536004,0.3885678,-0.03137179,0.1465664,-0.1633301,-0.02759743,0.01425821,-0.2914684,-0.04341349
0.128494,0.3253176,-0.08276538,0.3809742,0.0001572825,-0.07567465,0.3703802,-0.3879403,-0.5366443,0.430636
0.01592761,0.2458055,0.06070278,-0.00350902,-0.2789139,0.4088094,-0.06689451,0.01430577,-0.0194295,-0.6216388
-0.1910393,0.006869629,-2.090015,0.4062926,0.1976729,0.002574512,0.4000356,0.0002855487,0.01964701,-0.409053
-0.0006818175,0.01170439,-0.3533919,-0.002653786,-0.0843484,0.07970352,0.1857216,0.1939199,0.5178775,0.4547078
-0.3101789,0.007478503,0.1809677,0.8514054,-0.07236701,-0.1175019,-0.08240348,0.02656082,-0.1408347,0.5417959
0.05002683,0.4881138,-0.006810068,0.0004439826,-2.005884,-0.2678168,-0.0008009033,-0.2384468,0.4884694,0.02749694
0.4304798,0.1095824,-1.175826,-0.2244169,-0.1936196,-0.2030134,0.2292842,0.3232942,-0.00473649,-1.529647
-0.1608132,-1.180161,-0.3672673,-0.01285191,0.4745007,-0.4122833,-0.2869814,-0.1262393,0.2238849,0.1387839
0.357399,0.3593626,0.06063456,0.04651874,-0.1487066,0.1105745,0.3108114,-0.2328933,-0.2367684,0.3462023
;
0.01262912,-0.51043,0.004039694,-0.1688786,0.2753464,0.2654352,0.5893151,-0.3970869,0.01159491,0.01497966
0.00321137,0.1396472,-0.2624522,-0.007625639,-0.01099024,-0.06530601,0.01146991,-0.02831494,-0.09328884,0.03084077
-0.2047353,0.1604432,-0.3303204,0.04117101,-0.02329723,0.4712152,0.06380741,0.3431019,0.08835703,0.2133852
;
-0.1818903
-0.1177071
-0.01666182
1.329697
-0.006409929
-0.003565119
-0.03591878
-0.07963718
-0.5724159
-0.01422782
0.08069068
0.3089158
-0.026741
-0.2130021
-0.0481264
-0.2629834
0.280122
-0.4400129
-0.2408939
0.1493855
-0.3990785
-0.001777526
-0.26342
0.1742399
-0.35788
0.4516566
-0.2795725
-0.4569339
-0.002985749
-0.2407788
;
0.4202623,-0.417459,0.2856308,-0.01546552,-0.03558508,0.03262567,0.402967,-0.1663238,-0.0001897664,-0.9013571,-0.2293609,-0.02454525,0.3384655,-0.006330441,0.4580823,0.2094207,-0.001476728,-0.2422827,-0.06222949,0.3694431,-0.3828914,0.00750402,0.04201039,-0.01765472,-0.09299362,-0.01098484,0.1194814,-0.6389766,0.2808353,-0.09634674
-0.2370428,0.4402803,-0.1888975,-0.1292408,-0.4942864,-0.180478,-0.02837824,-0.05369956,0.4230751,0.02932487,0.008829892,-0.3746695,0.1730083,0.2992235,-0.8423973,0.04572076,-0.106396,0.1344887,-0.2141522,-0.3877923,-0.3992323,0.04067924,-0.02034456,0.9325896,0.3229477,0.09039786,-0.07945675,0.06195268,0.1768385,0.4881805
-0.3107476,0.4545543,-0.001345072,0.5659177,0.05497221,0.8769838,0.2842749,-0.2392905,0.03865576,-0.4056479,-0.4887546,0.02529813,0.9499146,-0.4499192,-0.1651347,0.4149365,0.284473,0.01511898,-0.2998697,0.3218266,0.0006099762,-0.6338866,-0.03180756,0.0443309,0.4088213,0.07113057,-0.2041997,0.0670107,0.1703374,0.01941472
0.0209348,-0.1616376,-0.3072035,-0.3040902,-0.05588669,0.1971678,-0.1421988,-0.115108,-0.09256291,0.4800822,-1.189991,-0.04510587,-0.3364613,-0.01330131,-0.1661707,-0.3219572,0.09985077,0.4285483,-0.004211952,0.6680813,-0.3202846,-0.2032861,-0.02420086,-0.03814055,-0.05301512,0.4773549,0.1638935,0.05709771,-0.1021264,0.2711973
-0.1084065,-0.2630191,-0.001911759,0.4133256,-0.9473178,0.002600756,-0.1435525,0.1121076,-2.350503,0.5174291,-0.3104267,0.00663694,0.2496894,-0.1988024,0.04727077,-0.01072855,0.0292521,-0.1299741,-0.1224113,0.001594929,-0.3500322,-0.03969492,0.01147202,0.4066468,-0.5679321,-0.3312343,0.01059783,-0.494949,0.287945,0.01667332
0.01626386,0.06250834,0.003690018,-0.09451348,0.4264864,0.2469314,-0.1130029,-0.0003113597,0.4603291,0.06116134,-0.513218,-0.2137603,0.09265257,0.008308261,0.1449295,-0.1023696,0.9727643,-0.2387332,-0.1209398,-0.4867274,0.03771217,0.1096219,-0.01538187,-0.2685965,-0.02126616,-0.5589331,0.03287565,0.03056413,-0.5499135,-0.03647069
0.03214446,0.1995838,-0.1773856,0.209497,-0.01899719,-0.2261371,-0.1634911,0.09050673,-0.02213544,-0.1855269,1.872817,0.8568679,0.268172,0.0452091,0.1900041,-0.06341821,-0.05415615,0.221486,-0.09225159,-0.02033739,-0.0004943538,0.4206526,0.317463,0.002682847,0.1116613,-0.4643929,-0.1555341,-0.2451641,-0.5234506,0.2363334
0.1578958,-0.01259765,-0.002202571,-0.01244932,0.06585451,-0.09942486,-0.2364772,-0.05103237,-0.01714855,-0.8299679,-0.5238093,0.004540876,0.01929293,-0.03178646,0.2080964,0.8434486,-0.06676048,0.1125694,-0.7585974,0.3952645,-0.1614768,0.4475697,0.003597235,0.04752652,-3.793732E-05,0.001736136,0.04653179,0.06143254,0.06820469,0.06720319
0.2497763,0.03792018,0.1108319,0.3177458,-0.001311115,0.03101045,-0.7768223,0.09404176,-0.1495097,-0.07938894,-0.189589,-0.3495952,0.1286245,-0.2485902,0.001518002,2.484898,-0.1257004,-0.360577,0.04061138,0.6490446,0.6946876,0.001654112,-0.335294,-0.02975625,0.001836408,0.02220598,0.8583376,-0.123615,-0.5590382,-0.2760117
-0.3048972,-0.02868205,0.3205943,0.6367775,-0.3021491,0.09915096,-0.599163,0.2328727,0.5471081,-0.3460352,-0.9915922,-0.3475509,-0.3610046,0.005352782,0.0565117,-0.8013943,0.218775,-0.05388639,0.004559183,-0.4165696,0.2312381,0.07162625,0.004150689,-0.2126292,-0.1017646,0.4069901,-0.2952988,0.3969873,0.1574794,-0.07505139
-0.2422329,0.1963943,-0.1705338,0.02353325,0.3883858,-0.4289172,-0.3484257,-0.3248608,0.009371714,0.05465097,-0.6809739,-0.204008,0.004743532,0.03932267,0.427708,0.006011474,0.02274639,0.2965306,-0.4190167,-0.4612179,0.4519151,0.2252893,0.1609398,-0.006880071,0.02305282,-0.04079106,-0.02216968,0.2140277,0.1584848,-0.2999726
0.2284229,-0.0002542078,0.1949985,0.07067937,-0.02189757,0.1263333,-0.6114386,0.001313907,-0.03801183,-0.06265364,0.4879992,-0.2562512,-0.2238246,0.02113733,0.8951349,0.02690773,-0.4835089,0.2448585,-0.8085194,-0.1685006,0.118552,-0.1383678,0.1524979,0.1240038,-0.2776105,0.3337678,0.3431591,0.06641236,-0.05807787,-0.0330116
-0.03746226,-0.7963566,-0.9144472,0.247974,-0.5427877,-0.2342287,0.4533623,-0.2131329,0.3429984,-0.2493954,0.0004170617,0.2102681,0.1293096,-9.047195E-05,-0.6404749,0.00179895,-0.08398575,-0.1288499,-0.230704,0.1909457,-0.6945643,0.1395151,0.02876002,-0.08240217,0.02215601,0.3060037,-0.002153547,0.6772966,0.05522694,0.3250847
0.2362382,-0.06364319,-0.1502019,0.08344454,0.03169196,-0.3518361,-0.07477311,-0.01851914,-0.1370084,-1.040174,0.4444457,-0.02941358,-0.3317791,-0.9411677,0.1556558,0.002074594,0.2187091,-0.3144736,0.3608049,-0.01174818,0.007423828,-0.2790921,0.01167595,0.2573431,-0.1255525,0.4602295,0.06072665,0.001549032,0.419172,0.4198854
0.0104419,-0.137196,-0.3810587,0.02281285,-0.09559327,0.109331,-0.01395827,-0.08464211,0.1903234,0.3973048,0.06107217,-0.5996427,-0.2934805,0.03718251,0.2104252,0.007193379,-0.1815651,0.003586716,-0.5222129,-0.4685545,-0.1591865,0.3155119,-0.1050884,-0.01634923,-0.4145568,0.05281174,0.0102594,-0.317774,-0.4692039,0.4648614
-0.1046087,0.2524003,-0.04170015,-0.2334309,-0.1258747,-1.313186,0.03865563,0.03725829,0.418201,0.04810962,0.263783,0.05688447,0.00193633,7.912198E-05,-0.2135383,-0.0416687,0.02957481,-0.00386076,0.413344,0.07355168,0.06748983,-0.3567475,0.008108611,0.2676114,0.04284972,-0.3029099,-0.2160531,-0.4963874,-1.0215,0.1878168
0.3186826,0.06370261,0.4058003,0.2395964,0.01761574,0.09808344,0.03699537,0.2916214,-0.2087699,-0.002484869,-0.4995005,0.001189757,-3.714161E-05,0.1941769,0.3809192,0.2010778,-0.4028882,-0.025947,-0.3434733,0.1143838,0.02263194,-0.2738328,-0.08427023,-0.3006298,-0.09830409,-0.03952766,0.2660831,-0.412826,-0.3481683,-0.4578254
0.109335,0.04537273,0.3429759,0.2266775,0.2856065,0.2859002,0.02990157,-0.3294137,-0.2734636,-0.4644334,-0.399718,-0.09669761,-0.0008070053,-0.02060147,0.05625409,0.2419752,0.02576884,-0.07959281,0.005220479,-0.1933197,0.004200303,0.03850288,-0.1014434,-0.5016292,-0.2513472,0.4422885,-0.5497779,0.04227489,0.1435542,0.2090026
0.1517005,-0.006928358,-0.0980664,0.06604683,0.3452047,-0.4599671,0.8563093,-0.08039641,0.02388471,-0.0158692,0.2503624,0.09421162,-0.005635436,-0.01383073,-0.2483714,0.9402084,0.114932,-0.2564657,-0.01655813,-0.007201703,0.1093741,0.4921014,0.06587525,-0.008922368,-0.1725557,-0.09614345,0.440686,-0.1213482,-0.4759736,0.0003255144
0.4331311,-0.02467848,0.1811201,-0.05218606,-4.150867E-06,0.2362554,0.2940865,0.321155,0.7413482,0.414427,-0.06647947,-0.2612156,0.06222178,-0.3188707,-0.004026442,-0.29921,-0.4687465,-0.4393225,0.09986013,6.251311E-05,-0.2316539,-0.02884418,-0.3196654,0.1723482,-0.03400628,-0.4474638,0.6192554,0.02064654,0.7192596,0.2351733
0.3494614,-0.01155049,-0.001517772,0.02139916,0.02133342,-0.2598274,-1.330252,0.01169209,0.1062934,0.1281949,0.002381436,-0.3236012,0.09685995,0.02368215,-0.5167009,0.01901725,0.1791472,0.3746634,-0.4885368,0.1867896,-0.8682953,0.02680738,-0.02276356,-0.004853116,0.3655137,0.3925719,0.04752281,-0.1149961,-0.4381428,-0.7073882
-0.0214756,0.1349395,-0.08613893,-0.306477,0.04948285,-0.197888,-0.07657796,0.04120208,0.4089172,0.07728333,-0.2381776,0.2401836,0.01277651,0.2254619,0.4279596,0.00158418,-0.03387469,0.1752559,0.4715333,0.006288697,-0.3349423,-0.01176253,0.2831396,0.06514914,0.00625952,-0.007570317,0.03143761,0.1189992,0.3523149,0.1092753
0.01578862,0.3232392,0.06164867,-0.002492762,0.194718,0.001821642,-0.4706062,0.1653362,0.05787081,-0.425775,0.002515532,0.4883665,-0.9760392,0.4463059,-0.03690976,0.182861,0.1741514,-0.3412621,0.2803642,-0.03301603,0.1955204,0.05610384,0.08166707,0.1944239,-0.1039478,0.3381549,0.3055665,0.3930312,0.1334765,0.4422306
-0.07165144,-0.4440142,0.2283001,-0.08888514,-0.4662374,0.4983328,0.0026418,0.00848863,0.1651442,-0.2658708,0.2094314,-0.3573707,-0.0007003254,0.1811586,0.5336107,0.04599035,0.04228421,0.09570219,0.1075859,-0.2803148,0.007398458,-0.01911579,0.03423966,0.06355653,-0.7285665,-0.01885623,-0.2037329,-0.4963312,0.0410984,-0.1346254
-0.1475204,0.170168,0.3895308,-0.08318374,2.986947E-05,-0.5608376,-0.4923184,-0.03160875,0.0005429347,-0.05173856,0.01187119,0.01952378,0.3568556,-0.06017495,-0.2347797,-0.478742,0.02857044,0.05698532,0.2598479,-0.3519874,-0.2738197,-0.09069738,-0.3424942,-0.0974172,-1.19129,0.4065348,0.2299167,0.01732793,-0.3143803,0.09029154
0.4115514,-0.06354237,-0.1022734,0.0006918696,-9.997864E-05,0.3872578,0.004121363,0.09048229,-0.5328555,-0.1477465,0.4578745,-0.617102,0.07042617,0.02352495,-0.01268116,-0.03542284,-0.4140397,-0.1740161,-0.0009744488,0.3370829,-0.780951,-0.1838142,0.323931,0.0797804,0.08637315,-0.06006148,0.03074423,0.1438942,0.0003614724,-0.3524309
-0.2574799,-0.2987799,0.09274513,0.4025384,-0.0073038,-0.09076148,0.1610896,-0.005920754,-0.03623954,-0.04480504,0.1393425,0.3693454,0.2850966,-0.06455141,0.6933439,-0.1451685,0.2020591,0.4778328,0.1689457,0.07433552,-0.0275116,-0.04801993,0.1203558,0.3951743,-9.435415E-05,-0.3344669,-0.02723734,4.171399E-05,0.1038307,-0.1231139
-0.8858005,-0.006130517,0.2821913,-0.02393537,0.1722331,0.04294462,-0.1570654,0.3348912,0.4504434,-0.003602673,-0.4705179,-0.2761834,-0.2460203,-0.3215655,0.6420475,0.1562638,-0.00316394,-0.6006287,-0.1631374,0.4782375,0.001852896,-0.1319949,-0.2280539,-0.05091876,-0.03103249,0.08391379,0.5862449,-0.2000306,0.1005979,-0.2754734
0.730722,-0.1348751,0.001100195,-0.1489159,0.2525693,0.1572617,0.9627289,0.5126122,-0.3778317,0.3086661,0.3875648,0.6341793,-0.0003298502,-0.3088955,0.2533797,-0.3854498,-0.04390096,0.2445407,-0.466268,0.469918,-0.1568859,0.2077498,-0.3541679,-0.2929767,-0.1171268,0.2973509,0.3484792,0.04380418,-0.01858065,0.001640497
-0.6363408,-0.07642871,-0.008403825,-0.2577351,0.01225313,0.2215122,-0.148766,0.07179671,-0.2354907,0.2557394,0.001528645,0.2810525,-0.0001128821,-0.3816803,0.2764875,0.02510899,0.01230956,0.0576184,0.004763857,0.02635622,-0.764993,-0.1797968,-0.2190343,1.680154,0.2544512,-0.00720437,-0.07179397,0.00369422,-0.03745458,0.09007955
;
-0.2156568,0.03957432,-0.438028,-0.5509215,0.02628902,-0.003309502,-0.3906105,0.003122151,-0.506052,0.5529125,0.01387844,0.03337319,-0.4885608,-0.01266204,0.2756253,-0.08110732,-0.008155846,0.01895517,0.01882031,-0.01259908,0.03117939,0.0328723,0.00562975,3.847872E-06,-0.0543979,-0.0121102,-0.315349,0.3377662,-0.3873333,0.09774154
-0.1247508,-0.02487074,0.423686,0.2010391,0.09274453,0.02919215,-0.3578683,-0.1872334,0.01249832,-0.000899141,-0.1899634,-0.01175541,0.3753941,-0.3804013,-0.2276317,-0.05499395,-0.02198835,-0.2175428,0.3457478,-0.1260237,-0.02849526,-0.163079,-0.845421,0.0001397553,-0.07828389,-0.01715344,-0.06657424,-0.01424798,0.2096305,0.3108778
-0.04775684,0.03801668,-0.01904064,0.3105563,0.4896702,-0.0690487,-0.1377212,0.03717704,-0.4124823,-0.4536112,0.05019388,-0.002443952,-0.4640504,0.3807471,0.01768225,-0.09266965,0.3035642,0.1406831,-0.1061308,-0.3317151,0.00276524,-0.009498946,-0.03222257,-0.03061771,0.2122772,-0.2348913,0.1277911,0.359589,-0.3332323,0.3905046
;
0.04842799
0.3268112
0.1328455
-0.009519027
0.3747951
-0.1554273
-0.2221246
1.000898
0.2996117
0.05297994
-0.1039627
-0.008188381
-0.3169763
-0.0007705412
-0.3785288
-0.4342487
-0.1094411
-0.0660091
0.3126344
-0.03806299
0.416567
0.1269789
0.1294005
0.0003030973
-0.2777649
-0.7734042
0.3467073
0.1666521
-0.3148814
0.175617
;
-0.3386287,-0.5032925,0.09146437,-0.1559969,0.499102,-0.001499565,-0.3068798,0.3675611,0.1676937,-0.4272063,-0.2358893,0.1999628,-0.3999056,0.04414956,0.1573762,1.464378,0.00696591,-0.02319575,-0.3960127,-0.4435209,-0.01096592,0.3541662,0.1002716,-0.2136679,0.09544817,-0.1027886,0.2933556,0.04088018,0.08200277,0.2893616
-0.4643533,-0.002369106,0.1664556,0.3233047,0.006175975,0.1282462,0.3031343,-0.02193194,0.1194191,-0.9258307,0.1486248,0.2410124,0.4010313,-0.01771729,-0.3327471,0.04520023,-0.03935546,-0.05716115,0.8343864,-0.3185933,-0.3274063,0.002575353,0.01366654,0.1882806,0.063642,-0.3609046,-0.1267369,-0.1148761,-0.0745694,0.08399819
0.008222526,0.4912256,-0.0957759,-0.420476,0.04447955,-0.4804541,-0.9190528,0.1242489,0.07842071,-0.06117326,0.4959333,-0.3030469,0.2249746,-0.4468735,-0.6032568,-0.5453308,0.4223228,0.06683242,-0.08832837,0.07551866,-0.3711174,0.06489432,0.0867182,0.1485797,0.2909416,-0.292641,0.395485,-0.1404928,0.5495372,0.2148508
-0.1813942,0.2462865,-0.3957117,0.3041728,-0.2780288,0.001165402,1.858669,2.276438,0.08382399,0.04388313,0.4185016,-0.01892632,-0.01517767,0.1161005,0.1942992,0.2177752,0.1741075,-0.3596935,0.4345793,-0.2885993,-0.05633633,-0.01035374,0.009860731,-0.3393003,0.3383485,-0.2474734,0.2532301,-0.2093199,0.02393947,-0.09460972
0.008548993,0.1731216,0.4616099,0.0003705523,-0.7632891,0.0007419993,-0.05077193,0.1330154,0.09527299,0.6441281,0.0002605319,0.07242538,-0.2246987,-0.1906565,-0.1173182,-0.0004667054,-0.3168623,0.2073182,-0.6707169,-0.1102301,-0.05185694,-0.3288384,-0.03370261,0.03711751,-0.2344468,-0.1616704,-0.1355876,0.2352247,-0.2776952,-0.02744275
-0.3012934,0.0299601,0.1350242,-0.07512122,0.2059173,-0.1723645,0.4538696,0.03523917,0.5446931,-0.3874371,0.3742293,0.2553928,-0.5725676,0.0001909246,0.4310108,0.1374884,0.1187218,-0.1646151,-0.1702094,-0.001818105,-0.3402917,-0.2468254,-0.01307591,-0.3317858,-0.2092936,-0.2550466,-0.07419366,-0.008723744,-0.08855477,-0.1895871
-0.08783199,-0.08905283,-0.09395073,0.04991633,0.4387394,-0.2610456,0.000512224,-0.01067902,0.3760684,-0.04138244,9.350666E-05,-0.1458483,0.1158041,0.3661973,0.0001008407,0.1153369,-0.2592247,0.3353338,0.1721885,0.5817013,-0.006716779,0.1166014,-0.1263565,0.2985195,-0.2530085,-0.3290977,-0.0158382,-0.007710763,0.07228976,0.01760225
0.1177961,-1.379749,0.5190622,-0.1872961,0.2686441,0.7500499,0.3838296,-0.1171364,0.3688112,0.1018991,0.143884,-0.1173101,-0.06575745,-0.007426579,0.1447104,0.3350208,-0.4570601,-0.4380681,-0.4986835,-0.04844727,-0.0256996,-0.2076641,-0.1234303,0.002410063,-0.06198546,0.09671572,0.01331882,0.159256,-0.4933101,-0.3770997
0.5127305,-0.3197986,-0.06310728,0.2978653,-0.1712385,0.1313705,-0.4500424,-0.5527816,-0.2790395,0.001565091,0.2479793,0.03302997,-0.02720597,0.05463213,-0.4870242,0.1633521,-0.3690861,0.07942373,-0.01389311,0.2202605,-0.1821026,-0.2058722,-0.06084573,0.05078755,0.4641875,-0.11586,0.1348622,0.388426,0.3290808,0.2460749
-0.02289444,-0.01147097,-0.5377829,-0.02810886,0.1809755,0.3081697,-0.04309862,-1.112217,-0.0008578968,0.401616,0.1673852,0.2439776,-0.05964893,-0.2250818,0.2779195,0.3642374,-0.8047727,-0.3800869,-0.2679353,-0.06375615,-0.3124271,-0.3124741,0.002094314,0.08989054,-0.3508888,-0.1028987,-0.0463509,-0.2446093,0.477806,-0.1830948
0.3742253,0.001335431,-0.3131771,-0.1236124,0.003527813,0.00202666,-0.007761856,-0.5774878,0.131428,-0.03035637,-0.4160666,0.3185792,-0.1372058,-0.2221279,0.5893698,-0.3470598,0.03920388,-0.2458127,0.07582451,-0.01304977,0.4016738,0.02986736,0.01124866,0.406402,-0.1463187,0.2436338,0.01725319,-0.1583541,-0.09576339,-0.2442011
-0.1053493,0.001494127,-0.4367752,-0.05939931,0.0596686,0.03783545,-0.01599398,-0.1965172,0.09307986,0.02949653,0.1687994,-0.02847725,0.1706356,-0.1381812,0.003830787,-0.1678767,0.06066332,0.2600216,-0.1989305,-0.5739967,-0.06860518,-0.4347728,-0.1839706,-0.08493243,0.3116823,-0.005150646,0.4079419,2.670987E-07,-0.041848,-0.0008202208
-0.2739252,-0.01339157,-0.4182305,-3.530377,-0.2527799,-0.1726895,0.05360384,0.08102307,-0.08143741,-0.02175952,-0.1844952,-0.4478149,0.3342513,0.1390457,0.1780418,-0.2665877,-0.04506451,0.02140778,0.6614335,0.001473012,-0.0965604,0.04668098,-0.05965284,-0.335564,0.2619161,-0.004978903,-0.1161379,-0.09476453,-0.4136093,-0.2493687
-0.2019831,-0.2263913,-0.04547592,0.07949179,-0.4587922,0.003254913,0.1696563,0.4606478,0.3631364,0.465875,0.1898967,-0.08167899,0.01595944,0.4120824,0.0001852843,0.003535954,0.1095622,0.1519864,0.08676444,0.4816813,0.02213818,-1.11024,-0.001812749,0.5034207,0.4436332,0.5933334,-0.3205018,-0.3197416,0.5944079,0.1132781
0.4618921,0.8172966,2.345676,-0.04425731,0.3452514,-0.04581193,-0.1635955,0.02782957,0.233584,0.1663387,-0.05716816,0.3189059,-0.03167859,0.08423599,0.485682,0.4434446,0.1921246,-1.121449,0.04669036,0.1882924,-7.327365E-06,0.08569235,-0.280899,-0.2489001,0.7954973,0.3550025,0.350337,-0.05660039,-0.4806987,0.02342123
-0.01825655,0.2449466,-0.1171743,8.944719E-05,-0.3331504,0.0006125786,0.1541986,-0.08039372,0.01054825,-0.1408565,-0.540615,0.3483813,1.477086,-0.4315869,-0.002807603,0.00416345,-0.03567632,-0.03338591,0.02744002,-0.1865662,-0.2028228,-0.1927055,0.0809381,0.28702,-0.3492329,-0.6207519,0.01367313,0.03551334,0.2349101,-0.06636158
0.6036525,0.1401997,0.02729074,-0.07329749,0.1035579,0.05034132,0.2621045,0.02495913,0.1032645,0.4073403,-0.2044207,0.1954212,-0.0002844383,-0.3078976,0.03008175,-0.05648501,-0.05212623,-0.08637351,-0.1739289,0.005925844,0.04178675,0.7927042,0.01716461,-0.2802523,0.0003090551,-0.7307824,-0.4548895,-0.5465192,0.340079,0.04191166
-0.2580316,-0.09951073,0.2283343,-0.038473,0.1628768,0.3354605,0.07772273,0.1440111,0.2059505,-0.2237263,-0.08297724,-0.1965305,0.5251744,0.01811941,0.1854902,-0.3166313,-0.00253851,-0.02183763,0.006695479,-0.02556468,-0.002629671,0.04904133,-0.4728612,-0.1237773,0.1099442,0.1142785,0.3683056,-0.03435943,0.1789261,-0.01311166
0.2683148,-0.1534262,0.3545395,0.2503638,0.009409328,-0.01688156,0.3632247,-0.01867335,-0.2226241,-0.03815955,0.2290792,-0.1077421,-0.3097438,-0.297752,-0.4502177,0.1279718,-0.01438874,0.33474,0.4879568,0.02341428,-0.002503069,-0.5873032,0.04062025,-0.08393428,0.04145042,0.1808639,0.0009587227,-0.1695651,0.07648962,-0.05323603
-0.06952664,0.3940578,-0.2511222,-0.4822191,-0.3139085,0.1251961,-1.989927E-05,0.4688017,0.1105017,-0.05268009,-0.04849057,-0.0003880903,-0.07465094,0.07508744,-0.6995464,-0.06012723,0.3278213,0.108625,0.01751536,-0.0574871,0.04352349,-0.3898931,-0.2477859,0.003107471,-0.1221028,1.957005E-06,-0.2629131,0.0564896,-0.1852614,-0.1659545
-1.185273,-0.1128364,-0.3393142,-0.02602619,0.05030562,0.07151078,0.2633767,-0.03027564,-0.08950964,0.4169873,-0.06404048,-0.4207186,-0.0151269,-0.03138979,0.1636816,0.02009273,-0.129558,0.03750673,0.4416783,-0.3702385,-0.2205536,-0.252961,-0.4753938,0.01849094,0.1254797,-0.3500216,-0.5868683,-0.002421439,-0.01252657,0.6642179
0.7183002,0.004606247,-0.001388702,0.6015682,-0.00165938,-0.07541518,0.04935664,0.08350743,-0.8575072,0.4688101,-0.1588379,0.0002459517,-0.01597696,-0.2035443,0.2362767,-0.004129677,0.03757966,0.7382811,-0.7088248,0.1127765,-0.4304296,-0.01459884,-0.4113725,0.005739514,-0.04125488,-0.001191675,-0.1677548,-0.0524102,0.09476787,-0.05000502
0.325994,0.09775984,-0.3926324,0.1021142,0.4038105,-0.1355863,-0.3054771,0.4023995,-0.3442464,1.00923,0.1200446,0.06722208,-0.2445523,-0.3977536,0.3864753,-0.2116069,0.2423486,0.004937248,0.4679251,-0.2878557,0.05117092,0.4214758,-0.009968343,0.06103741,0.3444555,-0.2337293,0.1993031,-0.09486505,-0.09116966,0.05358098
-0.1979577,0.4960891,0.09441473,0.4348151,-0.1071618,0.02378279,-0.01719178,-0.03109458,-0.02202996,0.008886432,0.00679772,0.2844734,-0.002586251,0.5145696,0.05062745,0.09519048,0.1861181,-0.1086368,-0.3770145,-0.4148169,-0.08164807,0.02133468,0.06518304,-0.2019078,0.2368082,0.03653613,-0.004167287,0.01444922,-0.4201066,-0.3475875
-0.01828319,0.2107948,-0.960075,-0.1136352,-0.1683931,0.4255309,0.2942394,-0.2323971,-0.1105221,7.718369E-05,-0.01299542,-0.03315548,0.04945846,0.3789465,0.2042565,0.03573817,-0.3027265,-0.2609012,-1.148829,0.1527518,-0.0306101,-0.473027,0.3897755,0.1109535,0.2869434,-0.08083378,0.2464679,0.1814004,-0.1144125,-0.1133984
0.3224372,-0.09564561,-0.3650253,-0.3858793,-0.08494633,0.2964187,-0.2649,-0.003081767,0.562941,-0.08480781,-0.1908866,-0.3135343,-0.01560331,-11.82011,0.08759969,-0.3298154,0.4070465,-0.08577114,1.151516,-0.3025154,0.4280123,-0.02680583,-0.2969379,0.1983714,0.1981521,0.1935447,0.01722645,-0.5645744,0.3153669,-0.2740207
-5.488878,-0.1116188,0.001861047,-0.004745124,-0.1039933,-0.005353002,-0.06672456,0.1934213,0.128518,0.4243157,-0.04597704,-0.2021157,0.03800398,-0.0426628,0.001874183,1.412634,0.319319,0.09145979,0.03671514,0.01385695,-0.02448467,-0.02571233,0.06542951,0.2191229,-0.4674222,-0.09444806,0.007336337,0.1242359,-0.02097231,0.0588444
-0.483569,0.001603363,-0.263522,0.06852868,-0.2194715,0.4237944,0.0844737,0.4956791,-0.00126233,0.09610483,0.4539681,-0.2315127,-0.09372407,-0.133514,-0.001867699,-0.008792068,-0.02466666,0.3333887,-0.3191924,0.1213179,-0.002675922,0.5569539,-0.337575,-0.1274856,-0.03597351,-0.1796375,0.3556992,-0.3473908,0.3581086,-0.01544589
-0.2141928,-0.01357822,-0.0585888,0.5605271,-0.1469128,-0.09498352,0.02247797,0.2787964,-0.02345896,0.148992,-0.476095,-0.002961262,0.1970067,-0.026624,-0.2629431,0.4501382,-0.1006904,-0.07866856,-0.3825325,0.7573394,0.09917004,-0.1567322,-0.1428799,-0.2815207,0.4421965,-0.01095365,-0.001445792,0.3878373,0.4018143,-0.5782089
-0.188173,0.2668005,-0.001701508,0.05342381,0.04090194,-0.2274334,-0.1329601,-0.002574345,0.1459243,0.06088791,-0.4391299,-0.2306533,-0.3201253,-0.1504774,0.3820864,0.7457683,-0.3483714,1.161902,0.8620218,-0.01806596,-0.2662346,0.3705137,-0.02404276,-0.1620809,-0.01120821,0.4365195,0.1036184,0.7735783,0.168317,-0.2115718
;
-0.004316582,0.07955855,0.3300136,0.00795455,0.8555201,0.03324981,-0.1914728,0.2463865,-0.5823723,0.1391869,0.0002242555,0.03455726,0.124052,0.02002702,-0.07536989,-0.1407215,0.1763245,-0.03157676,-0.02831795,-0.05893346,-0.003356418,0.2063935,-0.4677454,0.3566377,0.1259139,-0.1885963,-0.063495,0.006260741,-0.0300156,0.01498789
-0.04548614,0.0946424,-0.001910646,-0.007446345,-0.4419693,-0.03578717,0.07692701,0.02185323,0.1163481,-0.2583492,0.0486175,0.5229954,0.2525976,-0.3954515,0.2082923,-0.009437094,-0.3044751,-0.2324467,-0.04829553,-0.2008687,-0.1817372,0.007071555,-0.01394306,0.3702683,-0.2943051,0.02899871,0.02654618,-0.1429777,0.1892741,-0.1941262
0.001179516,-0.4352283,0.2367492,-0.05523092,-0.1550151,-0.1998978,-0.2722658,-0.4715761,0.0361663,0.1277312,-0.1813727,-0.1146296,-0.03114788,0.06582338,0.4352153,0.06466419,0.100617,-0.03258356,-0.270622,0.004312241,-0.2154371,0.1211612,-0.04559487,0.1375941,-0.2510096,-0.1104339,0.4736011,0.165684,-0.1510973,0.3174188
;
