0.1244492
0.1927925
-0.1919567
-0.01363176
-0.3042367
-0.1642299
-0.4026687
0.203367
0.2044181
0.1621574
;
0.3191797,0.05357844,0.1351905,-0.1614888,0.09537667,-0.08855242,0.02401537,0.3861439,0.1233884,0.1763102
0.2227815,-0.1092617,-0.1654591,0.0487638,-0.05643088,-0.2433726,0.2838488,0.01548356,0.1742596,0.1340387
-0.1752002,0.1369198,0.1096708,-0.09621018,0.1208636,0.03131884,0.01638681,-0.3793674,-0.2325231,0.3740414
0.03755981,-0.4057416,-0.3045162,0.1658592,-0.06815356,0.3133925,0.3888537,-0.3124447,-0.1001667,-0.06359118
-0.3873808,-0.2186291,-0.07061523,0.382905,-0.3220088,0.4520725,0.3753997,-0.38801,0.07491869,0.1591567
-0.4562237,0.4311889,-0.511214,0.1752899,-0.2416052,-0.1225751,0.06510025,-0.3192892,0.01757747,-0.4574986
-0.2221389,0.3077157,0.01281446,-0.1233005,-0.4877441,0.3565522,-0.8029463,-0.3224174,-0.3361539,-0.3035918
-0.02036172,0.4971254,-0.02113003,-0.05965418,0.09722775,0.0693149,0.203534,0.1256113,-0.4569314,0.726371
0.2779002,-0.05965859,-0.09240483,0.4691019,0.08379537,-0.1606752,0.4094207,-0.2037839,-0.2365898,0.02310365
-0.2854507,-0.5607327,0.1712266,0.1800766,0.0673731,-0.2172428,0.05714732,0.3325843,-0.4189638,-0.4817914
;
-0.2729869,0.07874447,0.04360968,0.4664968,-0.1296243,0.3547367,-0.1828139,-0.2326255,-0.3131866,0.1964073
0.2008648,0.006950557,-0.2714759,0.07707113,0.09683365,0.209383,0.2987705,0.1282146,0.4859217,0.4667546
;
0.4634813
0.02341169
0.216792
0.09681517
0.02368635
-0.348403
-0.4666915
-0.02537447
0.4755861
0.7463788
;
0.05522066,0.1299278,0.002796948,0.1989847,-0.01602357,0.3590053,-0.156112,0.1395621,-0.1808501,0.4438311
-0.4846185,0.002696574,-0.2671961,0.4519928,0.30964,-0.1168776,0.08249754,-0.2398407,-0.01722151,0.1681055
-0.1010943,-0.06091732,-0.3051929,0.2840265,-0.04061526,-0.2510985,0.05287105,-0.2661287,0.03611726,-0.1973906
-0.1536128,0.3969893,0.1486961,-0.05904752,-0.3913215,-0.1717824,0.4635519,0.02038127,-0.4347752,0.2084642
-0.1921492,0.173331,-0.2383174,0.1155292,0.1523628,-0.3076019,-0.3036159,0.3986342,-0.302786,-0.491635
0.05637354,0.2616119,-0.4978012,0.235229,0.4114943,0.4235351,-0.08358747,-0.4178457,0.252404,0.3862693
-0.2507505,0.05083281,-0.08299011,0.4279892,-0.1423836,-0.241734,-0.1448579,-0.4898567,-0.2352459,0.3145704
-0.1297613,0.4130714,0.1031448,0.3416743,0.3959849,-0.06802434,0.2925217,-0.09260815,-0.2574248,-0.05152541
-0.2484668,-0.201,0.07902592,0.2388069,0.0233863,0.1150362,0.1029033,-0.4164752,0.2888694,0.2287026
0.1063328,0.3609018,0.04407591,0.2304762,-0.4793704,-0.005570829,0.04017252,-0.1167814,-0.3958852,0.4090073
;
0.1280541,0.01072854,0.191668,-0.1037115,0.3454946,-0.0299651,-0.4208173,0.02552253,-0.4096816,0.3091823
0.268942,-0.1284291,0.2484598,-0.3789349,-0.3740852,-0.1184012,0.2269299,0.2230676,-0.07299787,0.3494642
;
-0.2219035
0.05034584
-0.0837141
-0.4855996
0.4723047
-0.1286373
0.4560946
0.2959985
0.3446774
0.1592886
;
-0.2459465,-0.4394888,0.196599,0.01602,-0.08905393,0.1640591,0.4450126,0.4043015,0.2707806,-0.1139221
0.03602463,0.4812562,0.3936437,0.1873714,-0.1298125,0.005655706,-0.1485552,0.1000296,-0.469111,0.1982338
-0.1268085,0.2352943,-0.2173048,0.2304848,-0.4555269,-0.2156785,0.4712518,-0.1004366,-0.04844195,-0.03079051
-0.4027208,-0.07452542,-0.3218135,-0.4655355,-0.4749284,0.3971393,-0.4728361,-0.2505388,0.1095302,-0.3886925
0.193956,-0.4527218,-0.2281139,-0.09516498,-0.2430812,0.2667713,0.2571765,0.2888871,-0.03855437,-0.21841
-0.3512034,0.3307128,-0.3886691,-0.4992964,-0.4297307,-0.4635764,-0.1186314,-0.09694582,0.4270762,-0.2071646
-0.3555597,-0.05615133,-0.135735,0.2510411,-0.3241454,0.1612638,-0.4899031,0.07735091,0.1079332,0.1356184
-0.04997379,0.4408263,-0.1358796,0.09965509,-0.1009666,-0.413113,0.4025259,0.05782801,0.3821243,0.4720976
-0.3236195,-0.01499552,0.6370751,-0.08243078,-0.4769,-0.1435944,0.3246174,-0.3629781,0.365695,0.05184823
0.4018698,-0.2948055,-0.2878146,0.192103,-0.3268806,0.1444895,0.1421853,-0.3913194,-0.1467624,-0.3054359
;
-0.3313011,0.1934365,-0.09568673,0.15433,-0.3161094,0.1769919,-0.362506,0.446926,0.22066,0.09950608
-0.211963,-0.001646459,-0.465212,-0.0008146167,-0.4168934,0.2845838,-0.1213891,-0.2035198,0.4895332,0.09554356
;
-0.09280591
-0.0913366
-0.03229069
-0.4828154
0.4073412
0.3741658
0.2614757
-0.0009082558
-0.2764859
0.1860741
;
0.107443,0.03142731,0.6569359,-0.4308295,-0.6032152,0.4065162,-0.1678812,-0.5935012,0.2975568,0.3275729
-0.2066231,-0.1884674,0.3428623,0.1933412,0.002048672,0.09140097,-0.1571502,-0.1569299,0.1803567,0.2756321
0.4202909,-0.206513,-0.1320922,-0.7968454,-0.2225084,-0.04609162,0.01952525,0.1903022,0.1364953,-0.1838474
-0.09249815,0.7719085,0.06971104,-0.1232849,-0.037107,-0.2071084,0.4549686,0.1010754,-0.2658124,-0.1709611
-0.1032256,0.7744991,-0.2753074,-0.09942526,-0.03538687,0.1870205,0.2473208,-0.002063006,-0.5921079,-0.473924
-0.2402804,0.3954397,-0.4694784,0.2003081,0.08884607,-0.03883035,-0.0800501,-0.07413367,-0.1226556,0.1144682
-0.3821441,-0.3815094,-0.1256276,0.3713503,-0.4729121,0.3140857,0.01301475,-0.2960364,0.063636,-0.09550291
-0.006928772,-0.3659918,0.02986909,0.0122275,2.225216,-0.367123,0.006370111,-0.4175123,0.4181378,-0.3084778
-0.106154,0.06314581,0.1335683,-0.1885458,-0.4576515,0.213979,-0.4427929,-0.0002523065,-0.3974998,0.004523294
-0.1415634,-0.2660451,-0.5537846,-0.02845747,0.08713529,0.140246,-0.0005794981,-0.2938426,-0.07103388,0.05741239
;
-0.6172405,0.04880843,0.01346273,-0.03616974,0.04591399,0.1256309,0.07764046,0.346593,-0.4882828,0.278658
-0.005991335,0.02311338,0.08699709,0.03739051,0.2284586,0.02387947,0.4146193,0.1205733,0.02999936,0.1576794
;
0.2418639
0.3760954
-0.1735337
-0.2610365
-0.324746
2.005684E-05
0.9659292
-0.02753741
-0.3289591
-0.04297939
;
0.08912322,-0.1077602,0.5165067,0.158802,-0.3646965,1.629766,-0.1987674,-0.04019594,0.1279693,-0.253516
-0.02027634,-0.2703694,-0.003167248,-0.5752162,0.2447879,-0.007698176,-0.02323407,0.05064704,-0.4814372,-0.08531278
-0.04478813,-0.03471188,-0.4355725,-0.6953845,-0.2343504,-0.2107498,-0.0002617098,-0.2776852,-0.2468829,-0.004578012
0.04276059,-0.2653242,4.396579E-06,0.1439751,0.4989517,-0.04753107,-0.07062428,0.03494915,-0.5059544,0.04046931
0.06190301,-0.03632063,0.8247784,0.1542905,0.2234155,0.01680393,-0.001560461,0.5529655,-0.05613232,-0.1353586
-0.2783763,-0.4216328,-0.1608904,-0.2820857,0.2387162,0.03333608,-0.3144825,-0.0297155,0.05951065,-0.01215555
0.4543042,0.02780329,-0.2707187,0.1927819,0.3973751,-0.007622475,0.1767931,-0.03489625,0.2222702,0.1626611
0.3582923,-0.01194725,0.1323327,0.07220619,-0.6564161,0.3758399,-0.2391358,-0.4144486,0.02174939,0.005420063
-0.7125977,0.1899589,0.1121104,0.1342218,-0.0120729,-0.3212644,-0.178869,0.1058477,0.421842,0.3114163
0.393443,0.002252347,0.08483148,0.8498388,0.02029458,0.02321833,0.1389174,0.504494,-0.3203308,0.8568892
;
-0.08168074,-0.3107349,0.1234665,0.01774285,0.4667965,0.2464455,0.1080595,0.5494258,-0.3362257,-0.4270077
0.000141134,0.07336175,-0.1425119,0.4455296,-1.692422,-0.6189576,0.3227191,-0.005420268,0.005029843,0.3220339
;
-0.1314523
0.4063674
-0.4499872
-0.2049913
0.1303718
-0.3863611
0.06890601
-0.04362899
-0.01414484
0.3144037
;
0.456077,-0.347155,0.2387973,0.008834183,0.4837112,0.2509331,-0.1637514,-0.4160643,0.3130765,0.1290157
0.1012511,-0.07908779,-0.3669535,0.3625871,-0.04562038,0.3979177,0.2190908,-0.1030121,-0.2625548,-0.4641974
0.3434324,-0.4210981,0.2182318,0.1270358,0.2097267,-0.428499,0.2207622,0.2064129,-0.3113163,0.3845419
-0.1846097,0.186493,0.07486361,0.142988,0.2609658,-0.2145014,0.3513004,-0.4023502,0.4474088,0.3676983
-0.05886537,-0.3189206,-0.395199,0.4391161,0.0003884435,-0.2130713,-0.3969427,0.3468854,-0.3904685,-0.4421014
0.1022508,0.2525636,0.311677,-0.007638395,0.02293733,-0.3079,0.1331276,-0.3387549,-0.3066946,0.00706929
0.4722465,-0.1195098,0.1152052,-0.3472825,-0.4955108,0.4315569,0.4916254,0.4569426,0.4310998,-0.2960039
-0.4270051,0.06264335,0.2622401,-0.1664848,-0.106052,-0.1870798,0.1744084,-0.4821742,0.03475744,-0.0854463
-0.1754549,0.2687271,-0.2958734,-0.06039447,0.2942293,0.2284125,0.2463742,0.2048482,-0.2392685,0.4934454
-0.4596817,0.06037706,0.117202,-0.0491789,-0.4264224,-0.1354802,0.005328,-0.417686,-0.242182,-0.09661537
;
0.4186138,0.01559907,0.4288195,0.290511,0.08170444,0.172342,0.3085687,-0.4029275,-0.3699639,-0.4414948
0.3935667,0.2345894,-0.04554826,-0.402963,0.3070002,-0.01486236,-0.2685691,0.2934654,-0.07218999,0.4658247
;
-0.2440435
0.01653979
-0.1040935
-0.1996161
-0.1744781
-0.06473464
0.2910048
0.1956321
-0.3864831
0.04928406
;
-0.02350161,-0.0529525,0.1939141,0.3600992,-0.003361452,-0.8037828,0.1826102,-1.070866,0.411978,0.7686856
-0.0477857,0.09577876,0.3198091,-0.0004193756,-0.02892842,0.1512954,0.4763786,0.3381343,-0.6084578,0.3118166
0.001144003,-0.3769474,2.91039E-05,-0.4516243,-0.01013922,0.05240254,-0.4153891,-0.04320455,0.1646995,0.03897578
-0.001407122,-0.5648926,0.1756862,-0.02776499,-0.1165769,0.6092345,0.3281515,-0.2423174,-0.03545041,-0.4993953
-0.1547375,-0.4109031,0.0249119,0.4699258,0.391716,-0.6266971,0.1357086,0.3257514,-0.06991308,0.2126046
1.242674,0.1505026,0.2317315,-0.03883868,-0.02886909,-0.007729745,0.01764985,0.2271983,0.04531258,0.1986827
-0.1107941,-0.07246596,0.04188758,-0.03520587,0.8164735,0.4821318,0.4932799,-0.01043,0.5098993,-0.07229847
-0.1645439,-0.2647965,-0.2085757,0.2255416,0.1352809,0.1629505,0.02626172,0.2467198,-0.08359252,-0.03117772
-0.06380133,0.1248565,0.04881548,0.03814894,0.3124695,-0.03074232,0.1990058,-0.1360809,0.4600822,-0.07483886
-0.0008341221,-0.4669536,0.1857775,0.486828,0.2036117,-0.2553942,-0.4656816,-0.02395767,0.3905734,0.9472048
;
-0.06824099,-0.05225575,-0.00248563,-0.01749171,-0.3903654,-0.3323977,-0.2128572,-0.008096443,-0.06935553,-0.02207946
0.122245,0.05471808,0.2522827,-0.6589248,0.0611415,0.4059312,0.3359901,0.02933849,0.5451215,0.06444162
;
-0.07822839
-0.1059645
-0.09626789
-0.1278974
0.6096404
0.3338437
0.1754233
0.1349007
-0.07933027
0.5115132
;
0.005324081,0.2466502,-0.2413893,0.09401445,-0.0790059,-0.007998577,-0.3546767,0.03492469,-0.09032062,0.01718885
-0.1712043,-0.004175902,0.3518378,-0.1711707,0.601661,-0.3207666,-0.221141,0.1291264,0.05980941,-0.3913065
0.09855334,0.06127602,-0.01048917,0.3496016,-0.118497,0.6944035,0.001319025,-0.1669336,0.2575593,-0.3320936
-0.5748113,0.02503242,-0.02362437,-0.132253,0.03967224,-0.1871615,0.4108813,0.07890612,-0.03654138,-0.01601636
0.05721899,-0.1135831,-0.1385874,-0.1105004,0.06661677,0.01132876,-0.4343539,0.5970237,1.038834,0.03734666
0.1265349,-0.09952895,-0.273598,0.275828,0.1042593,0.4005682,0.4106085,-0.2859374,-0.280134,-0.2819043
-0.8271346,-0.2094002,0.2248583,-0.2368848,-0.3622962,0.01624161,-0.3459841,0.03180201,-0.4247134,0.183902
-0.4458646,-0.2556286,0.01830165,-0.05051567,0.09243068,0.1575499,0.1641883,0.1099682,0.004237865,-0.1703076
0.1488795,0.001460827,0.2376938,0.02125913,0.020017,-0.04227141,0.1413762,-0.124084,-0.3506804,-0.1707945
-0.139525,0.0150822,-0.002444765,0.1225565,-0.1332592,-0.2327351,0.3195744,-1.117514,0.3465323,-0.2117707
;
0.1371409,-0.2224699,0.4583788,0.03762912,0.2559814,-0.44169,-0.219533,-0.2623519,0.2710025,0.4356382
-0.2909068,-1.016757,0.258253,0.3895223,0.4787418,0.1808722,0.4285107,-0.2354921,-0.4691952,0.3023493
-0.05290468,0.2010676,0.05905249,-0.2847404,-0.03462061,-0.3086088,-0.5869949,-0.2706926,0.0210138,-0.01462968
;
-0.2099623
-1.145459
0.1015458
0.007597586
-0.02802716
0.3637678
0.05992359
-0.03227848
0.2868217
0.7396589
0.3574857
-0.2271895
0.1479552
0.05601948
0.0322395
-0.2739557
-0.6029359
0.7549384
-0.06459742
-0.04939006
0.07711612
-1.12457
-0.01728728
0.4176896
-0.5125483
-0.3065282
0.2670759
0.4221944
0.04601199
-0.03337048
;
0.01484456,0.4516987,-0.1633134,0.07452941,0.09314552,-0.1559855,-0.1359029,0.2690469,0.2055933,-0.4037334,-0.3211918,0.3944788,0.04372197,-0.6554123,-0.2370193,0.1233371,0.01703423,-0.05283469,0.004940103,-0.1927478,0.0183626,-0.2479866,0.1742888,0.02956191,-0.07290465,-0.007925212,-0.4505148,0.5531487,0.3422775,0.1700117
0.1460803,0.06228174,-0.1308187,-0.1117013,-0.1303668,0.08355702,0.2235869,0.2021561,-0.02309336,0.08779815,-0.4134999,-0.2039586,0.2326134,-0.03361449,0.4883109,0.2771719,0.5724872,-0.2467429,-0.004314939,0.3843045,-0.2832539,0.5533869,0.2148766,-0.26244,0.3862163,-0.4415078,0.09568332,-0.2622881,-0.06262928,0.1634738
5.321568,-0.03624468,0.1899377,0.2120686,1.381834,-0.4511888,-0.4124081,0.04904369,0.07169694,-0.1702529,-0.1329899,-0.1225169,-0.2050061,0.001804318,-0.03009396,0.3012626,-0.04671413,0.2131786,0.4494173,0.009078765,-0.2138483,0.009290047,-0.4778804,0.127468,-0.1300317,-0.1559227,-0.2760446,0.4056385,-0.0115372,0.2646664
0.1945413,0.2616785,0.08395553,0.1600852,0.3769089,-0.4929365,-0.1997313,0.1214461,-0.24927,0.1632215,-0.6826517,0.4736897,-0.4069036,0.01949255,0.01936317,0.1928272,-0.3329953,-0.004842086,-0.5005403,0.2925471,0.2325678,0.5495201,0.3096142,0.3613676,-0.4063576,-0.191701,-0.1397306,0.4921361,-0.06016577,-0.2562733
0.4482201,0.006040315,-0.06970496,0.1088132,0.02646383,-0.3492311,-0.5477754,-0.7934118,-0.5708433,0.4952891,-0.06958308,-0.02953512,-0.6145609,0.01869081,-0.1181376,0.02478479,-0.2088904,-0.2004874,0.4886899,0.2821003,-0.5013446,0.1896749,0.2099583,-0.04948229,-0.2464564,0.1506086,-0.2033406,0.945942,-0.5024751,-0.4598043
-0.1549755,0.3088038,0.008377216,0.1087045,-0.009231949,-0.1843725,0.06444019,-0.391406,0.3249731,0.2528323,-0.00602826,0.4874942,0.1286347,0.03328086,-0.2994702,0.2385374,-0.2475618,0.351787,-0.0003985763,-0.4645384,0.3855503,0.1201381,0.2430198,0.1409832,-0.205192,-0.001576122,-0.0132625,0.4535967,-0.3060338,0.2633281
0.004210293,-0.2275192,-0.4449216,0.2961625,-0.1901786,0.008587189,0.322221,-0.24612,0.2482029,0.1841181,0.1244794,0.2375012,-0.754348,-0.07100421,0.09862738,-0.4655054,0.1880326,-0.445096,0.3718235,-0.03588041,0.1368098,-0.02588337,0.4632195,-0.07005967,-0.4738686,-0.3611914,0.06623588,-0.03320907,0.7324337,0.812664
0.08261673,0.3870766,-0.03777882,0.7408648,0.3402015,0.1308241,-0.3534452,-0.0101216,-0.2867693,0.731294,-0.3810239,0.08091938,0.480657,-0.2251482,-0.1157111,-0.1203933,-0.3216408,-0.0121351,0.4925116,0.1257707,0.4006676,0.3490595,-0.315514,-0.4745176,0.05774553,0.02231356,0.4336559,-0.3623496,-0.03896935,0.02037348
-0.02742673,-0.0009358048,0.4503169,0.3710856,0.006538932,-0.09350544,0.3255849,0.03636809,-0.8267844,0.2926766,-0.1360623,0.393494,0.04176933,0.1318011,-0.009578124,-0.222854,0.1271359,-0.6973293,0.08651914,-0.4306501,-0.009152442,-0.3949039,-0.01460529,-0.06223494,-0.3745032,0.0941667,-0.2327756,-0.163063,0.4901884,-0.03803352
-0.29392,-0.04929534,-0.3008167,-0.04629682,-0.222219,-0.4171139,0.1103865,-0.4017509,0.4501472,0.1613769,0.3156376,0.2194732,-0.6291461,0.2522302,-0.3452997,0.1785882,-0.3487483,0.1517922,0.1583361,0.04350644,-0.1387694,-0.06979076,0.09056811,-0.2330399,-0.4262483,0.1957058,-0.2169771,0.1509248,-0.2644368,0.003589636
0.1958163,0.2431939,-0.00972369,-0.3151441,0.144216,0.03279716,-0.1218628,-0.4540195,-0.05942827,-0.01091362,-0.3573617,0.3121423,-0.0363452,-0.3437648,-0.4446954,0.4040699,0.03523988,0.7275015,-0.09975924,0.151203,6.646391E-05,0.1415686,0.294813,0.150535,0.3511151,-0.0171025,0.005194071,0.1729241,-0.3864153,0.216575
-0.1943801,0.01869138,0.3654463,0.2425123,0.3302749,0.02202847,0.2147184,-0.001798942,0.4902695,0.01249117,0.1052151,0.01652493,-0.4884934,-0.008361502,0.0650792,0.1268201,-0.3927621,0.2359842,0.3682984,-0.01135807,-0.00369645,0.1194848,0.4194471,0.5048518,-6.346268E-05,-0.001011798,-0.227758,0.3309512,-0.0001609267,0.2677273
-0.3465728,-0.03477598,0.485981,-0.7858425,-0.4005275,-0.757695,0.088319,-0.134832,-0.4128644,-0.345554,-0.6363523,0.1386927,-0.1204867,-0.00412182,0.1333881,-0.3704237,0.01909737,-0.6082641,-0.4521711,0.006635827,0.03705884,-0.260438,-0.03937021,-0.3331261,-0.1760475,0.2116195,-0.1368727,-0.4835862,-0.121532,0.2703742
0.08688289,0.3516526,-0.1620819,-0.309726,0.02984935,-0.3990234,0.7254569,0.09515606,0.3992867,0.2702514,0.2681736,0.2703699,0.130817,0.3643181,-0.1228798,-0.1801224,-0.1942686,-0.3206887,-0.111366,-0.3171203,0.234878,0.07618319,0.2472459,0.1418133,-0.10363,-0.08299824,-0.06794626,0.0203372,0.3223608,-0.02252978
0.05731812,0.2286826,-0.5913867,-0.393703,-0.1373733,0.2092345,0.0785761,0.3357185,-0.740535,0.03414532,0.1938589,-0.5611629,-0.09159511,-0.3906404,0.03892971,-0.6316035,-0.02946395,0.7298499,-0.6422946,0.308043,0.2367432,-0.07815821,0.05244102,-0.3434142,-0.1489001,-0.6705912,-0.1850275,-0.121924,-0.6364207,0.2068513
-0.1491937,0.0379236,-0.9921646,0.002891937,1.068708,-0.2597481,-0.009654252,-0.008941802,0.05788681,0.04598949,0.06908125,0.1656705,0.4397898,-0.4380251,-0.2081774,-0.1067562,0.02439541,0.02685544,-0.3110869,-0.4394977,-0.001377599,0.4065745,-0.03240622,-0.01025675,0.2800388,-0.5580247,-0.07072648,-0.01310235,0.3783341,-0.005249783
0.3060025,0.3554132,0.2764607,-0.1182519,-1.715285,0.005839957,0.3164868,0.03366169,-0.3660802,-0.451978,-0.2829435,0.2196085,0.1406941,0.1635209,-0.1094037,-0.1732593,-0.9128653,-0.1556761,0.09897994,-0.2065729,0.4092356,0.02817752,-0.3807129,-0.07020574,-0.03947294,-0.07969562,-0.02189858,0.3537818,-0.3163709,0.005615919
-0.3437924,-0.001136243,-0.2781132,0.02622253,-0.07963495,1.773594,-0.2356809,-0.1123477,0.01677421,-0.4147909,0.06855855,-0.3949851,0.2614912,0.002172414,0.2662659,-0.09650175,-0.3905306,-0.4388882,0.3919105,0.06896637,-0.003027695,0.2631946,0.009103462,-0.06330747,0.2244406,0.4921056,-0.01229268,-0.1550497,0.1403651,-0.02772016
0.187613,-0.4259943,0.06140751,-0.01835534,-0.2037688,-1.523872,-0.1395542,0.376464,-0.3550388,0.006662309,-0.3035249,-0.2598611,-1.05145,0.1406494,-0.4841642,0.0008319055,0.717831,0.398504,0.2144883,0.8830585,-0.3558792,-0.3473446,0.2747361,-0.03130529,0.09978727,-0.06713464,-0.4276764,0.004019195,-0.01031577,0.1037858
0.03286749,-0.3038545,0.05912811,0.1677466,-0.00119107,0.2213721,0.02665722,-0.02302437,-0.5252982,-0.0954656,0.4728148,0.01497144,0.182072,0.1829948,0.3221234,-0.3781085,0.2737216,0.3102868,-0.2205994,-0.6122016,-0.05588165,0.05792171,0.2240339,-0.03826857,0.2572211,-0.8167943,-0.03655769,0.3191715,0.02553683,-0.09591848
0.2976717,0.3105969,-0.3778886,-0.03169815,-0.0007974938,0.3705736,-0.4927797,-0.01844436,0.07249277,-0.376199,-0.1434557,0.2149432,-0.4241849,-0.06146461,-0.03159915,0.2879899,0.1727067,-0.4454613,0.3721986,0.01393481,0.03114259,0.3924831,-0.5600195,-0.2438109,-0.0007493168,0.2609724,0.1205706,-0.07399439,0.4036974,0.4249267
0.9461172,0.05522836,1.030763,-0.7052087,0.07311516,-0.07743372,0.4958756,0.08474316,0.2909951,-0.1451728,0.4714953,0.02712624,-0.0096016,-0.2433424,-0.3085046,-0.6226838,0.07430584,0.33416,-0.1024198,0.4357463,-0.1803599,0.1440759,-0.1009374,0.03172395,-0.3783789,0.8826961,0.132919,0.4742645,-0.02264374,0.09301251
0.4853556,-0.4651933,-0.06203129,-0.003788395,-0.3513556,-0.1715136,-0.01463036,-0.0006899165,-0.3814806,-0.2737691,0.006690698,0.009731829,-0.3840425,0.05680031,-0.1790973,0.3611566,-0.2703965,0.04500037,-0.7960333,-0.01298877,0.09299492,0.5486872,-0.4950006,0.1604001,0.04162848,0.1417707,-0.1795991,-0.1443073,0.3175678,-0.2622178
0.1037469,-0.008577627,0.428051,0.04997641,-0.2821354,-0.1987892,0.3489998,-0.1142309,0.3053791,-0.1813274,0.2282556,0.1294399,1.339031,0.2299653,-0.08280879,-0.36801,-0.08599645,-0.3453523,-0.4923937,-0.006844922,-0.006750359,-0.2106881,0.3243202,-0.1200284,0.2994636,-0.1583888,-0.2861665,-0.1488271,-0.4541415,0.2728683
-0.3547956,-0.05136263,-0.2024643,-0.04341227,0.2405922,0.217153,-0.001285561,-0.1865134,-0.7384934,-0.2200526,-0.3399737,0.4746577,0.0165531,0.478618,0.09921352,0.419681,-0.3368092,-0.1373977,-0.494554,0.3669987,-0.2983845,-0.03197521,-0.4363877,0.2651895,0.5352752,-0.9211464,-0.0124386,-0.2136572,-0.02828218,-0.1707741
0.1822398,-0.06694224,0.0299946,-0.03637643,0.4090997,0.2866225,-0.7390136,-0.4662684,-0.07899585,0.4156393,-0.03279709,-0.06166831,-0.3566214,0.412574,-0.8334479,0.4017744,-0.001609385,0.0117988,-0.01167642,0.0366818,-0.2297751,-0.09226208,0.1952114,-0.1105285,0.2908996,0.1346552,0.4760771,0.09283093,-0.0492494,-0.1098179
0.7992613,0.3256595,-0.01187513,-0.1959719,0.005076692,0.1608099,-0.2017089,-0.3034004,0.1166802,0.08845331,-0.06658167,-0.01440543,-0.1154442,0.136124,0.2240716,-0.1479695,-0.07907844,0.129517,-0.1314201,0.342703,0.001277341,-0.5059774,0.1519292,0.03282878,0.3343778,-0.2658787,0.2749995,1.284245,-0.2566005,-1.279002
0.7266923,0.3719027,0.08609182,-0.5466756,0.3762544,0.08726855,-0.05140269,-0.1920281,0.3890324,0.4253056,0.3416862,-0.1384233,0.05833079,-0.1207083,0.2610582,-0.1281907,-0.2905039,0.03252126,-0.004784937,-0.01780884,-0.1001119,-0.4331218,0.2080052,-0.2280774,-0.06095476,0.2819713,-0.01149147,0.2059882,-0.1013243,0.02671535
-0.9622847,-0.1677853,0.09176642,-0.4507693,-0.1664682,-0.2293824,1.306188,0.4028075,-0.2584884,-0.4224644,0.6462895,0.02961766,-0.5836273,1.327043,-0.277135,-0.5489916,-0.4820588,-0.2390845,-0.03981102,0.08936211,-0.006730336,-0.2275017,0.3606276,-0.05484674,-0.3716063,-0.4103775,0.2351956,-0.3820381,-0.009196103,0.2809271
0.4970987,-0.1688629,-0.02699715,0.6556108,0.06224405,-0.5692405,-0.2175432,-0.0009961724,0.2716453,0.2165044,0.123623,-0.05050953,-0.5077732,-0.05304686,0.03625932,-0.398395,-0.01511103,-0.03174692,0.2184135,0.0002426221,0.3837903,-0.1730939,0.2163213,0.2221811,1.156617,0.002406323,-0.3844644,0.3887914,0.007166389,0.1969037
;
0.6627865,0.2511398,-0.2978317,0.1122751,-0.3219405,0.07945559,-0.02939671,0.6137018,-0.02980947,0.06304508,0.1071234,-0.9022425,0.3293477,0.3403266,0.009108666,-0.4014588,-0.05512995,-0.3677026,-0.5922913,-0.01449395,-0.2468144,0.3622049,0.4205066,0.002426077,-0.1912863,0.01872319,0.05476455,-0.05736589,0.04263835,0.09239887
0.0717449,0.02136586,-0.4364549,-0.1513402,0.3062435,-0.4052293,0.3816824,-0.2120867,0.05584068,-0.309046,0.1076428,0.4118807,-0.4363343,-0.3659537,0.02028597,-0.06009191,-0.7630386,-0.5059589,0.09503657,0.3285313,-0.1687031,-0.1592508,0.241784,0.0008789686,0.3907006,-0.0713734,-0.1538138,-0.0168275,0.5449619,0.4947907
-0.003278874,-0.5464353,0.3964206,-0.05302653,-0.01823527,0.8114135,0.1586617,-0.2696421,0.08925062,0.4209361,0.2452761,-0.1172006,0.4141077,0.4330266,-0.1524327,-0.1898991,-0.3900133,-0.3466307,0.05258502,-0.0823188,-0.3849004,0.001402419,0.06587023,0.2449244,0.1919412,0.6427221,0.019401,0.03410743,-0.3486004,-0.5179296
;
-0.3114985
-0.2913584
0.1119402
0.4069575
0.2865065
-0.2695069
0.2060207
-0.2737571
-0.2994174
-0.3884324
-0.05744511
-0.1456822
0.2345236
0.1419817
0.1837187
-0.1061037
0.04266864
-0.2008346
-0.01139385
-0.3787528
-0.1747811
0.1140011
-0.1656552
0.1310377
0.2946421
-0.4222643
0.1105905
-0.3852081
-0.1018538
-0.2094108
;
0.2465967,0.4466906,0.1357725,-0.3227365,-0.4592537,0.09083277,-0.1799427,-0.3488156,0.1656271,0.1850855,-0.1876369,0.3743384,0.2707516,-0.4291878,-0.4249318,-0.4660546,0.01441377,0.2332612,0.279175,-0.354102,-0.3584133,0.3033788,-0.4185539,-0.1328306,-0.3276541,0.2304396,-0.01206011,-0.3741428,-0.5364851,-0.4530818
-0.1681218,0.3026613,-0.345786,0.2146597,-0.4982909,0.02224559,-0.2277123,-0.1556903,-0.3287349,-0.07297128,0.4499333,-0.3397851,0.4677676,-0.1524088,0.3901361,0.1140612,-0.381442,-0.3524213,-0.1227555,0.01357776,-0.3466787,-0.3425024,0.2063926,-0.108365,0.04184359,0.0446077,0.1587967,0.3834771,-0.1424544,0.1339852
-0.326431,0.4089438,0.1296756,-0.226186,0.06824356,-0.3606948,0.4101262,-0.4179611,0.001008451,0.3769886,-0.3843245,-0.02989739,0.3481408,-0.4219348,0.1017063,0.2113122,0.2701175,-0.4466903,-0.3238288,-0.2555009,-0.1032214,0.4632986,-0.1834671,0.4286073,0.3357253,-0.4275635,0.1210381,-0.3369542,0.2718545,0.4721565
-0.4425206,-0.4289529,-0.4858866,0.03764433,0.01288217,0.100982,-0.06972092,-0.2841552,0.4692928,0.3675088,-0.1426242,0.245519,0.3268166,-0.07593995,0.4321313,-0.1926463,0.384153,0.4120049,-0.2890376,0.4385576,-0.4040442,0.2922642,0.2843795,0.3909185,0.009030759,-0.1382659,0.1890329,-0.4299228,0.0743682,-0.4644146
0.2869816,0.3696908,0.1248963,-0.1286322,-0.171966,0.4139122,-0.3446163,-0.3632803,-0.1192474,-0.4412622,0.2696755,0.3811334,-0.4390442,0.4784353,-0.2442817,0.4348434,0.1499387,-0.4730562,0.07213134,0.0526368,0.1200909,0.106066,-0.1453487,-0.03810531,-0.1877888,0.2200293,0.4965625,-0.2747296,-0.2543781,0.3127466
-0.190014,0.2849751,-0.337395,-0.4346782,0.1574079,-0.3823547,-0.2877493,-0.2366429,0.2256157,-0.288964,0.06807107,0.1403868,0.403034,-0.4392933,-0.4962186,-0.09300619,-0.0178569,-0.4244541,-0.4152125,-0.1891317,0.4102184,0.03189653,-0.05012852,0.2222445,0.3459597,-0.09476858,0.2090303,0.1283235,0.3179986,0.4282454
0.08428842,-0.4982592,0.290529,-0.3678312,-0.2998121,0.4355026,-0.1206302,0.480309,0.1800374,0.1115238,-0.4486303,0.07696134,-0.004341424,0.3164724,-0.302487,0.3593436,0.275504,-0.09394389,-0.2444764,-0.2027079,-0.3935876,0.4207385,-0.2151781,0.3710136,-0.2780792,0.3949767,0.3142557,-0.4443555,0.2484203,-0.04559421
-0.00983423,0.007576287,0.4253824,-0.183937,-0.048919,-0.05532581,0.3051571,0.02523263,-0.08868843,0.4603449,0.2260954,0.4713504,-0.1418663,0.2346032,0.2741766,0.1211719,0.2643583,0.1164265,-0.05017906,-0.0528776,0.4630735,-0.1346299,0.07956129,-0.06995827,0.4877199,0.263436,-0.2013168,0.1172804,-0.4278448,-0.3545713
-0.2556221,0.3928341,0.0550105,-0.4638215,-0.4965886,0.05158287,0.1853405,0.483798,-0.2094019,0.1806294,-0.2121863,-0.1595376,0.2976681,0.08086652,-0.1861562,-0.0001011265,-0.2589676,-0.4784135,-0.007582366,0.3550427,-0.4273397,0.02215618,-0.4289874,-0.4468703,-0.3709326,-0.3303852,0.07883006,-0.4223233,0.2141322,-0.3056461
-0.3760512,-0.4972324,-0.04036313,0.3094596,-0.2981064,0.04585749,-0.148274,0.4566665,0.2750686,-0.4443723,0.3421439,-0.09573323,-0.38425,0.498897,0.02628225,0.03652149,-0.255583,0.2889781,0.4816688,-0.274615,-0.4478577,0.01193053,-0.07819623,-0.2910757,-0.2638339,0.4830556,-0.2446923,0.1066162,0.02932411,0.186133
-0.05187315,-0.3214784,-0.1641505,-0.401353,0.3204963,0.01519901,0.1702048,0.1736051,-0.149913,0.3220307,0.1831567,-0.08714193,0.2615644,0.4186211,0.04192191,-0.1077979,-0.1642658,0.02941952,-0.112035,0.4434378,-0.3204968,0.2969816,-0.2784584,0.1278498,0.2799668,-0.4817469,0.4517175,0.009347498,0.4389055,-0.1276267
-0.03853816,0.1094819,0.233237,0.4999855,0.06739837,-0.3638307,-0.3199848,0.07234699,0.305951,-0.008982718,0.2635506,-0.3778044,-0.4410455,-0.06226689,0.4449937,-0.006251991,0.3430552,0.1517007,-0.1392459,0.4312692,-0.491066,-0.1861352,-0.4859287,-0.1168947,-0.1599219,-0.009871066,-0.1395996,0.4144167,-0.1530665,0.06852108
-0.1749722,-0.02770978,0.3316003,-0.1622844,-0.0291298,0.1963011,0.107383,0.3511266,0.3936836,0.3999031,0.04675144,0.4443336,-0.4162885,-0.4236045,0.2122654,-0.2370717,0.2249014,0.09007818,-0.0652588,-0.4501779,-0.2513117,-0.4897089,0.0108798,-0.03283554,-0.3004471,-0.3076804,-0.02048796,-0.3069237,-0.1290249,-0.242205
0.4966422,0.2917681,0.2072559,0.4202226,0.3590254,0.0427461,-0.2255169,-0.6450834,0.4452068,0.3910421,-0.2880943,0.08648556,0.4388199,0.4718877,-0.3646301,-0.2918849,0.02214199,0.0659911,0.2955739,0.1350024,-0.06600505,0.3832049,0.3475879,0.06117135,0.2753384,-0.1922687,0.1179373,0.18803,0.3081626,0.1149153
0.4946296,-0.3677701,-0.3665673,-0.266924,0.2679642,0.1684972,0.009525597,-0.1508275,-0.4041969,-0.4174557,0.1347099,-0.2745429,0.04806322,0.3213998,0.3501025,-0.4338295,0.03351992,0.1760213,0.1873962,0.3976417,0.1730444,0.4819659,-0.333197,0.1624278,0.04739338,0.2083298,0.4127203,-0.3250455,0.146618,0.1640963
-0.385196,0.005791366,0.3634795,0.2111615,0.2509706,0.4666508,-0.01876372,-0.4700423,-0.24812,0.1802546,0.4280075,-0.2493991,-0.2755141,0.009214025,-0.03922504,-0.3879682,0.1376141,-0.4776173,0.3019564,0.4350618,-0.4244013,0.0008205771,-0.2934204,0.08107728,-0.05517691,0.1321497,-0.4664102,-0.161524,0.03303839,0.1370767
0.3600513,-0.2807714,-0.2297203,-0.4426951,-0.1502936,0.3229036,-0.3901573,-0.2400431,-0.04450589,0.144029,-0.03490788,0.07796496,-0.4227358,0.1873618,-0.3821175,0.003683507,-0.3687272,0.2147058,0.007258236,0.09831363,0.4675472,-0.1648545,-0.1598218,-0.3890028,-0.1987809,0.4057854,0.4527102,0.003581345,0.0665186,-0.1588184
-0.1431375,-0.2079174,-0.4919693,-0.4206675,0.2700131,0.225829,-0.09632176,0.4701316,0.4093823,0.4712043,0.1149098,-0.4901558,-0.1214932,-0.3319041,0.2514695,0.02269608,-0.1605138,-0.2179168,0.01937586,-0.2870345,-0.07483715,-0.1492115,0.3229318,0.2361431,0.06080872,-0.2797616,0.282642,0.1171142,0.08989471,0.07850307
-0.1968579,-0.396423,0.3731909,0.4210371,-0.4370496,0.3849065,0.4907634,-0.436587,-0.2621802,-0.3937659,-0.2501442,-0.3213639,-0.04572672,-0.345013,0.08479565,-0.4131858,0.4196885,-0.3107105,-0.3104172,0.1603064,0.2276735,-0.485543,-0.06909829,0.4147642,-0.2592189,-0.2538112,-0.1535179,-0.00811547,-0.2195633,0.3680283
-0.3502948,-0.09561402,-0.3818473,-0.2058372,-0.03898424,0.4352896,-0.009165943,0.1672728,-0.05188578,-0.02951235,-0.2351411,-0.1796066,0.4396136,0.1297552,0.04505438,-0.173428,-0.3178766,0.2564189,0.1818244,0.4238064,0.362114,-0.1831539,-0.265419,-0.184384,-0.4886192,-0.1322048,-0.3137553,0.3276834,-0.1366911,0.4502907
0.3257179,-0.1714311,-0.4337336,0.09210128,-0.04696065,0.1204563,0.1953348,-0.1912195,-0.3774613,0.4697524,0.1078135,-0.05226094,0.3267801,0.1153335,0.2039252,0.3090287,0.06868523,-0.2210627,-0.3910897,-0.1720373,-0.1972004,0.1389708,0.441702,-0.06296581,0.1915289,0.1447776,-0.2913716,-0.2726538,0.4051813,-0.1070011
0.2920183,0.1427525,0.01065415,0.03968793,-0.181254,-0.4390686,0.2641704,-0.1065878,-0.1709811,-0.09059733,0.1671852,-0.3242321,0.3353752,0.005500149,-0.422267,0.3202975,-0.01050236,-0.4033774,0.4411598,-0.4133618,0.3316528,-0.2002671,0.476136,0.06994981,-0.3460399,-0.2062741,-0.4010845,-0.4237456,0.03004152,0.4247082
0.3297861,0.3349192,-0.4364122,-0.4973668,0.4398096,0.2274211,-0.4405785,-0.236597,0.3843839,-0.1826407,-0.4308392,0.08918029,-0.4111469,0.1938736,0.4748904,0.2315889,-0.05256301,0.3327805,-0.5670047,-0.3422207,0.1642505,-0.0290888,0.3098027,0.2725641,0.209809,-0.4873497,0.422666,-0.4327011,-0.3715076,0.4117696
0.09655279,0.2200781,-0.3778032,-0.04097337,0.427472,0.1962911,-0.3389801,-0.4142596,0.1656471,-0.1081697,0.408717,-0.2405713,-0.3419141,0.2845438,0.3469354,-0.184177,0.06625515,-0.2668462,0.3010617,-0.2567773,-0.1543141,0.3650922,-0.1284001,-0.1698901,0.1505033,-0.02015108,-0.1605189,-0.3760772,-0.2360037,-0.4197205
0.06149656,0.06491393,0.07772881,-0.3332561,0.2719567,-0.4694371,0.4677769,0.4881276,-0.01612085,0.4311111,0.30682,-0.1934844,0.08617538,-0.1047794,0.3208507,0.3194176,-0.1694371,-0.1528797,-0.4410723,0.03067309,-0.3913486,-0.4396137,-0.358445,-0.3039922,-0.269663,-0.4731641,0.04890686,-0.08453411,0.01499003,-0.1245711
0.0237655,0.4973737,-0.06418675,-0.2422256,0.06675023,-0.3352964,-0.2976812,0.397007,0.421334,0.3893657,0.2830099,0.4416236,-0.3142885,-0.1588487,0.416537,-0.1330121,-0.2874585,0.3645716,-0.4865702,-0.1208264,0.4762403,0.006215751,0.3411431,-0.1657253,0.206061,-0.4901917,0.07309729,0.2843453,0.1752477,-0.1711224
-0.4400407,0.1602442,0.3457539,-0.402993,-0.1025773,-0.1833108,0.1007184,-0.261649,0.468495,-0.1194944,0.1334041,0.08059841,-0.356737,0.6496777,0.06572306,0.1790904,0.413511,0.2176047,-0.310374,-0.1565593,-0.2076083,-0.2193787,-0.1924407,0.4314812,-0.6202036,-0.4416745,-0.0840047,-0.1943912,-0.03215057,0.3835961
-0.01715761,0.07841986,0.3453103,0.483881,0.2994831,-0.07403296,-0.1572432,0.2761649,0.3780172,-0.4517256,-0.2115451,-0.3751084,-0.1518266,0.02350694,0.2854799,-0.1125976,0.4784629,-0.1190785,0.02894312,-0.3514282,0.09386271,0.1224876,0.161434,0.06817919,-0.2662911,-0.4599675,-0.4472188,0.08731228,0.4765593,-0.5904387
-0.4155077,-0.3543336,0.3702923,-0.04694217,0.4847186,0.4183844,-0.3138278,0.007962525,-0.3459083,-0.3727549,-0.3994524,0.4218282,0.1266835,0.4151751,-0.05118209,0.2206256,-0.4633542,-0.1015653,-0.1690847,0.2768151,0.3333818,0.4909551,-0.2177905,-0.1401365,0.4975796,-0.2631086,-0.2531264,-0.2251201,-0.2534267,0.4409939
-0.3608681,-0.4599264,-0.4258627,0.1953294,0.4706275,0.1760977,-0.2567497,0.1258663,-0.06588942,-0.06319684,0.2328247,0.3039953,-0.330708,-0.1250388,0.3563585,0.3031069,0.1824008,0.2901442,0.3442661,-0.2858856,-0.4219573,-0.3850896,0.1883579,0.4212269,0.4223529,0.3752679,0.2797852,0.390638,-0.09117478,0.2247274
;
-0.1564167,0.390977,-0.108327,0.02232748,-0.2270762,0.4138379,-0.308945,0.4852347,0.2454634,0.2200118,0.3832994,-0.01329738,-0.2922362,0.4574809,-0.4570323,0.4785693,-0.4645452,0.2402719,0.4951257,0.1026012,-0.1611912,-0.1869279,0.1850505,0.2114084,0.1103794,0.4058841,-0.1979228,0.1050184,-0.1809824,-0.05118304
0.2113439,-0.270908,-0.2929255,0.4530736,-0.4975218,0.3953624,-0.1965885,-0.0001074195,-0.2362822,-0.4034513,0.45629,0.3984288,0.4732141,0.286442,-0.006395741,-0.1254414,-0.4125397,0.4744782,0.1840056,0.2508986,-0.3507351,-0.03842443,0.1997808,-0.3867128,0.4272436,-0.6339147,-0.09812516,-0.1099642,0.05542439,0.1263213
-0.2156348,-0.1619546,-0.01233798,-0.175526,0.006469429,-0.277223,-0.2915431,-0.07653445,-0.298045,0.1828008,-0.2382374,-0.3955586,0.348199,-0.4485875,-0.3805354,-0.3807697,-0.172123,-0.3460028,-0.02506644,-0.128794,0.02029794,0.1357661,-0.4438047,-0.289399,0.1566819,0.3276303,0.4579538,-0.009357728,0.1953753,-0.197823
;
-0.2713378
0.2165954
0.6319675
-0.3826141
0.3305489
-0.4895657
0.04095954
-0.1929684
-0.3429803
-0.3955412
-0.1591582
0.076632
-0.1216131
-1.248165
0.0903815
0.1319189
0.1679836
-0.3119541
-1.195243
0.4951503
-0.4287829
-0.1016619
-0.2407676
0.4588517
0.02085954
0.02948042
0.198057
-0.2043254
0.06519838
-0.4116443
;
0.0786323,0.07576317,-0.2450815,0.02480269,-0.1057981,0.1056299,0.3519885,-0.339107,0.03919083,-0.04593533,-0.5294758,0.07310861,0.2261094,0.1820768,0.2603179,0.05101455,-0.2338577,-0.0347963,0.3979882,0.4263597,0.1006031,-0.2769789,-0.4261282,0.1067976,-0.4229115,-0.6180183,0.1442793,-0.01387674,-0.001599133,-0.6513915
-0.1235422,-0.522201,0.391937,0.06249337,0.1902162,-0.2961394,-0.01038922,0.003179723,0.1776884,-0.2160682,-0.0329065,-0.482,-0.2784058,0.624038,-0.6676825,-0.2632268,-0.1894912,-0.8650284,-0.07160923,0.5445426,0.2131584,-0.405898,-0.485419,0.4348909,0.2961833,-0.05222701,0.3371497,-0.4950035,-0.01330996,0.6342946
-0.1403942,-0.3753897,-0.208958,-0.1663093,0.242809,0.2190714,-0.3933475,-0.2567177,-0.3948061,-0.02505401,0.01997033,0.01156392,-0.7223178,0.09560683,-0.2981387,0.05887372,-0.1595027,-0.03273227,-0.1484355,0.05885974,-0.3987655,0.1967633,0.07162982,0.08481926,-0.3610245,-0.1045948,-0.0746929,0.3585937,0.002434746,-0.2552465
0.002036334,-0.01587616,0.4484295,-0.008160786,0.9402999,-0.3647956,-0.8367978,0.001321371,0.4872897,0.003006067,0.07517357,0.2582629,-1.060242,0.1862882,0.008827031,0.4759625,0.1240918,0.2419669,-0.4808627,0.765057,0.7964909,0.1201345,0.002873361,-0.07917052,0.2106757,-1.155984,0.1414256,0.1556992,0.1200548,0.292044
-0.3875202,-0.4436742,0.2946463,0.02152481,-0.1934503,-0.02876187,-0.09100167,0.5156323,0.2568144,0.01580902,0.8013355,0.08441073,-0.02924722,-0.007013394,-0.03094086,-0.1475426,-0.261983,0.3413739,0.01828784,-0.1652014,-0.07449925,-0.05355899,-0.1500791,0.07885927,0.08852927,0.2841198,-0.1025303,-0.3239417,0.1058688,-0.01272227
0.2077798,-0.1025992,-0.3677289,0.147328,0.5771607,0.4413189,-0.08043259,-0.3286684,-0.003426705,-0.02276331,-0.2922156,-0.007904949,-0.02703639,0.3441168,0.1021941,-0.2979919,-0.6593468,0.04612257,0.1453341,0.28289,0.4486774,0.4885235,-0.06109336,0.2190552,-0.3002912,-0.005534809,-0.1006674,0.2008432,-0.3717724,0.02929653
0.01547434,0.09256119,0.3870324,0.08131996,0.288689,-0.05415672,-0.1577417,0.4721113,-0.09560901,0.0378398,0.8695166,0.2893801,-0.3100968,0.2145637,0.1413291,0.4516075,0.2838916,-0.253353,0.07127132,-0.08079046,0.1017784,-0.004374616,0.3811368,0.3612595,-0.6447323,0.08923198,-0.02892882,-0.2313817,0.08058608,0.4180792
-0.04262463,-0.0671666,0.05736083,0.3182833,0.1808669,-0.07381457,-0.2881864,-0.02599416,0.1038713,-0.2472643,0.3482759,-0.1890935,0.4110231,0.2314519,0.4762586,-0.3154862,-0.2603422,0.06713566,-0.4520147,-0.1712869,0.1887518,0.1107684,-1.668656,-0.2038501,0.1685968,-0.2492125,-0.009379271,-1.569925,-0.04058547,0.1192455
-0.4676614,-0.04068466,0.2885236,0.07088028,-0.113178,0.1917674,-0.003409316,-0.0150649,0.07546812,-0.3999748,-0.03293433,-0.02545851,-0.2998562,-0.1052945,0.2987961,0.04706055,0.7011698,0.08085207,-0.6643505,-0.1568177,0.2189039,0.1634301,0.3909757,0.4868963,0.4063519,-0.08211619,-0.02105994,-0.004664555,-0.1184437,-0.1691036
-0.01455081,0.03995346,0.3470699,-0.2091014,0.2142613,0.5969131,0.3946925,0.03828964,-0.1874239,0.2927087,0.07817414,0.003860533,0.02549995,0.5346034,0.7484443,-0.3177863,0.3152933,-0.03833346,0.2821132,0.282833,0.0130437,-0.2224406,0.03769472,0.1170357,-0.4707381,-0.07674982,0.3380674,-0.2823873,0.0208351,-0.2949071
-0.1167354,-0.3496865,-0.3929105,-0.01758157,0.3139538,-0.08489892,0.4977174,-0.1314892,0.008053757,0.1726793,-0.3430156,0.09472226,-0.2242873,0.2479549,0.2571533,-0.005119509,-0.2829863,-0.0720934,-0.2364054,0.05305721,-0.9178839,0.5306802,0.8866956,0.1279735,-0.1762489,0.2268324,-0.1359822,-0.2553871,0.292262,-0.02279155
-0.4192604,-0.1516798,-0.2573209,0.4550046,0.02640443,0.09125394,-0.4246676,-0.05642107,0.1788871,0.4563478,-0.1129519,0.03785721,0.04438269,0.05499785,-0.4360746,-0.2259635,-0.2221738,-0.3767015,-0.3362584,-0.2235638,0.3610957,0.006517036,0.07003802,-0.07679739,0.3844827,0.3150048,-0.01959864,-0.08467728,-0.2023899,-0.1183447
-0.4986839,0.4871756,-0.1755016,-0.1362513,0.07867151,-0.1977446,-0.1741272,0.05189239,0.4728799,0.05088204,-0.1115605,0.4462124,0.07082681,0.004504967,-0.1880916,0.1002787,-0.177962,-0.2551753,-0.5631215,0.282876,0.2074964,0.1949149,0.1938988,0.1572487,-0.02075799,-0.2876803,0.1570864,-0.001396248,0.1933544,0.6021672
-0.2775297,-0.1863087,-0.01647666,-0.1073351,0.2569691,-0.1371311,0.148507,0.3764812,-0.6487527,0.2980388,0.1384213,0.09672159,0.216316,-0.001844337,-0.03803733,0.4333556,0.1567338,0.321189,-0.4026445,0.1412508,-0.08192557,0.07191581,-0.09735157,0.4682485,-0.4607877,0.2811717,0.04792132,0.5907362,-0.02322948,0.1353778
-0.3304224,0.530434,-0.2143898,0.3095552,0.1459012,-0.02001911,0.003163916,-0.3053557,-0.1607497,0.4296042,0.5712442,-0.4379951,-0.2700052,0.04588166,-0.4927061,0.1480107,0.05827659,-0.1880434,-0.4178455,0.4494939,0.09432501,0.3810007,-0.2814578,-0.06564637,-0.1772588,0.1369007,0.03811089,0.3593001,0.1445373,-0.6178138
0.1517033,0.2571304,0.04678863,0.3136883,-0.2978903,-0.3904264,0.3507898,-0.0495987,0.08258878,-0.3621827,0.2394293,0.213397,0.3487146,-0.3557264,-0.5065277,-0.1281886,0.3914571,0.4174683,-0.2710619,0.2869062,0.1738988,-0.3982196,0.2413095,-0.2472635,-1.218347,-0.4903487,0.002268367,-0.0009106451,-0.2884737,-0.09269397
0.4895698,0.3188583,0.04704052,-0.01324826,0.04286331,-0.4990959,-0.2995087,-0.3302745,-0.2507819,0.2053125,0.3951026,0.03551907,-0.03175467,-0.2431601,0.3390267,-0.01798511,-0.2371241,0.05774635,0.3936732,-0.5504508,0.004423782,-0.2414774,-0.1906911,-0.0770181,-0.002306333,0.04125405,-0.4106601,0.32389,-0.1415496,-0.1687683
0.4530752,0.01142386,0.09504801,0.2658621,-0.3847376,-0.4468558,0.1098798,-0.3623014,0.1013452,0.1370979,-0.4461724,-0.4667946,0.2713317,-0.1785454,0.2454975,-0.2316645,0.5341626,0.09187511,-0.4347036,-0.3226051,0.07983545,0.2081998,-0.2899325,-0.2002444,0.7644718,1.326375,0.1490921,0.1529496,0.2055157,-0.308584
-0.003758902,-0.4098419,-0.3491566,-0.4660197,-0.005581406,-0.3141929,-0.7047036,-0.9431764,0.3091564,0.330002,-0.4228047,0.03908607,0.1649572,0.2641203,-0.412004,0.2396514,0.3292857,-0.01775443,0.01974112,0.4965781,-0.3208454,-0.5106801,0.001006026,0.1705828,0.2696526,-0.4391793,-0.1244462,-0.2672106,0.4191038,-0.2933513
-0.9037825,0.3100518,-0.598677,-0.2957475,0.3339593,0.2542125,0.4277613,0.2105981,-0.08881074,-0.03339601,-0.03809065,0.2576451,0.05123594,-0.353351,-0.3598014,0.6629953,0.2143229,0.4446553,0.1514812,0.6948469,0.6773621,0.2297975,-0.06913109,-0.07912332,-0.02928575,-0.8524299,0.2148274,0.4368829,-0.9551814,-0.587345
0.356703,-0.1506316,-0.1929563,-0.2387644,0.08967319,0.4136559,-0.4873908,-1.160584,-0.5897436,0.6848822,0.2121382,-0.1189022,-0.2515397,0.3151293,0.3617569,0.2386521,-0.008213783,0.2115155,0.314405,-6.563935E-05,0.4011864,-0.1867231,0.2617532,-0.3608463,0.1806129,0.405409,0.02142814,-0.2667971,0.2426949,0.3863519
-0.02383299,-0.005180582,0.1716425,0.03060629,0.2808229,0.3856581,0.4869244,0.1528684,0.496509,0.2746024,-0.1714041,-0.1096299,0.2953752,-0.3543576,-0.836861,0.3342861,-0.15356,0.2256804,-0.02088958,0.4243971,-0.1384473,-0.870592,-0.6768407,0.2455946,-0.08275624,-0.4514242,-0.07012115,-0.3330683,-0.02175814,0.02273303
-0.06387861,-0.4266689,0.04314914,-0.0001287246,-0.2990571,-0.03061566,-0.05942781,0.1697274,0.1664452,0.6619611,0.2426395,0.1568507,0.1994336,-0.02091461,-0.3185639,0.4241898,0.06202834,-0.1771647,0.2360076,0.480122,0.4116639,0.6260585,0.09651934,-0.2546455,-0.01156205,-0.2502349,-0.08419927,0.02892219,0.007118523,-0.1852617
-0.4625661,0.2367126,0.007646463,-0.09360403,0.2192132,-0.07952668,-0.4140527,-0.1517941,-0.3387144,-0.2116968,0.3580374,0.04560219,-0.1047559,0.05795425,0.04175169,-0.3697417,-0.03500468,0.4254225,-0.3319027,-0.06809392,-0.3218586,-0.08801359,-0.2313112,0.08855038,-0.0605312,0.8518717,-0.4011418,0.396249,-0.3833914,0.3086995
0.2978469,-0.04670662,0.1563334,-0.1548641,-0.044774,0.4278885,-0.1088658,-0.209935,-0.3746811,-0.6886992,-0.2709514,-0.4932705,-0.0184175,-0.3086121,0.2414569,0.07991034,-0.1449216,-0.09801073,0.2594342,0.3752042,0.02951581,0.1173717,0.4601334,-0.1133117,-0.1672756,0.08157986,-0.090159,0.1952794,0.09150833,0.2548785
0.1246384,0.003349478,0.2491621,-0.04658112,0.03011166,0.001318916,-0.02381486,-0.1390718,-0.3944135,0.7981653,0.1665086,-0.3745061,0.3478523,0.1459985,0.628056,0.4438006,-0.1976848,0.3997628,0.2047348,0.009137881,-0.01248611,0.3711935,0.2437629,0.4120395,-0.3381207,0.1577544,-0.4661703,0.7974848,-0.3304996,-0.7090614
-0.2594142,0.03966058,0.07529434,-0.1991739,-0.2434343,0.3885427,-0.2219235,-0.1032236,0.6795717,0.1719677,0.4571941,0.3669897,0.1014333,-0.3957958,0.929944,-0.1249322,-0.04025979,0.2228191,0.0001156633,0.04674845,-0.1896245,-0.213581,-0.120777,0.4046792,-0.3860753,0.1656525,0.2174135,-0.3215888,-0.07961041,0.004508555
0.1410006,-0.2128655,0.8069836,-0.4004014,0.3023909,-0.02758105,0.4434385,0.03114718,-0.698432,-0.3062035,-1.260163,0.08796442,-0.01582028,-0.05481273,0.4828215,-0.0520944,-0.974082,-0.08607727,-0.3312016,0.1493279,-0.2996166,0.370212,0.1728947,-0.2224679,-0.05204219,0.2717056,0.1924126,-0.7555672,0.2173492,-0.1181984
0.01543766,0.1671686,-0.1101693,-0.1640075,0.02452288,-0.4306359,-0.01705663,-0.4243062,-0.4312001,0.1901133,-0.2280355,0.2670317,-0.4174712,0.379443,-0.1090586,-0.44715,-0.02823272,-0.4679269,-0.09232707,0.3119373,0.04644734,0.04451602,0.0484254,-0.08338317,-0.0104629,-0.02194493,0.1429432,-0.3629115,-0.5359603,-0.09315933
0.1638624,-0.08613493,-0.3720111,-0.3548859,-0.1635682,0.02730452,0.01058511,0.5488345,0.02425037,-0.5182952,0.2460302,-0.002028256,0.6473086,-0.05967162,-0.281704,-0.02369678,0.3347285,-0.15601,-0.4331005,-0.002609023,0.09718829,-0.6420628,-0.06194776,-0.1353361,0.3540897,-1.000899,0.02620367,0.1140341,-0.4504243,-0.003042277
;
0.1937153,-0.1469633,-0.4845424,-0.3543487,-0.3869605,0.1774758,0.0577603,0.2574638,0.405458,0.3942335,0.03304595,-0.7876756,0.2873998,-0.3316301,-0.01962387,0.05052668,0.353036,0.2957119,0.06750276,-0.06790481,0.0229457,-0.2277315,0.02229577,-0.03597516,-0.002654755,-0.3598125,-0.09801251,-0.451441,0.07199091,-0.08348402
-0.05911052,-0.2236905,0.270126,0.01158012,-0.1099081,0.5321702,-0.4694257,0.07899361,-0.2105451,-0.9894628,0.2127478,0.03869266,0.2672857,-0.04154061,-0.4997646,0.2503898,-0.2081381,0.06083101,0.4539002,0.1836707,-0.4034951,0.6430668,0.01511399,0.103388,-0.1895301,0.2053031,0.04613736,0.06835133,0.4447415,0.01029676
-0.05917001,0.04176217,0.1354951,-0.1939847,-0.1557679,0.3343925,-0.2023398,-0.6235856,0.1731379,0.3098351,-0.2482848,-0.002502194,-0.4797467,0.3246742,0.1435405,-0.3949081,0.05660409,-0.02704948,0.001471638,-0.09284848,0.4528887,-0.1604943,-0.02901529,-1.338319,-0.1322361,0.3044895,0.5623978,-0.2259925,0.004052324,0.6936195
;
-0.0697889
-0.01212577
0.4515336
-0.02198971
0.02898845
0.02555832
0.000117899
0.3974096
0.4768828
0.1155404
-0.1424754
-0.2538418
4.113466
0.2586836
-0.3805043
0.07767063
0.1879541
0.2199713
0.006289063
0.3956782
-0.4268774
0.05025699
-0.4810643
-0.6318461
-0.4232317
-0.1930744
0.4809703
0.228495
-0.1379276
-0.03416808
;
-0.03769678,-0.6270226,-0.419032,0.06626111,0.03815501,-0.377488,-0.403582,0.1163077,0.5607301,0.007346262,0.4547713,-0.1173405,-0.4370155,0.08131624,0.156805,-0.3389215,-0.2254918,0.474236,0.1230854,0.06840975,-0.1967404,0.468112,0.4424971,0.8359793,0.4296451,0.4631853,0.04460074,-0.2675987,0.5929864,-0.1118191
-0.2573848,0.006289676,-0.09177404,-0.7616693,-0.1355326,-0.3654635,-0.4651501,0.03367813,0.08475465,2.874896,0.3961391,0.3179766,0.009118602,0.03475638,0.09162062,0.2025834,-0.8102397,0.27223,0.3110121,-0.001132529,0.03210849,-0.1192471,-0.5090579,0.08126536,0.203851,-0.5081812,-0.1533894,0.5233355,-0.706094,0.0970742
0.2901231,0.3646305,0.3300075,-0.631595,0.005002201,0.009200841,0.2339569,0.2631549,-0.08747488,-0.07622153,0.3730322,-0.1292272,0.1095534,-0.4257981,0.4109893,-0.008994454,-0.2586147,0.05404776,-0.3493302,0.05334118,0.5005189,-0.4009338,0.003884508,0.156402,0.09952074,-0.4215484,-0.1574187,-0.03328189,-0.1562683,0.2318168
-0.01368223,0.03619033,0.08695652,0.3572788,0.2633013,0.4374961,0.3750644,-0.1098419,0.4549758,0.06352401,0.07490729,0.02178087,-0.07232667,0.2830884,-0.04391354,0.3370959,-0.3766356,0.005838215,0.4425905,0.05927843,-0.3148901,-0.2718355,0.08767963,0.1862999,-0.5932937,-0.02034498,0.3344547,0.3856503,-0.4015692,0.1428519
-0.08178259,-0.1527054,-0.3571144,-0.08275951,-0.02409199,0.5025201,-0.03477785,-0.3292246,0.3176025,0.005343603,0.005278192,-0.6056287,0.2244996,-0.4958981,0.4578201,0.04202494,-0.2242365,-0.3965074,-0.41247,0.003068645,0.415418,0.1565016,-0.05517605,-0.1200961,-0.1352395,0.3720701,0.2727979,-0.5417885,0.4519848,-0.4358019
0.3427951,-0.2515539,0.1817589,0.1532341,-0.4686247,-0.6533104,0.3912202,-0.1957332,0.0009208647,0.01326075,0.1898891,-0.02246191,-0.001090817,-0.1263625,0.4328616,-0.05429071,-0.02529755,-0.3322792,0.03544133,-0.133925,-0.5895585,0.2626638,0.4218459,0.2249001,-0.5419732,0.13185,-0.130383,0.01145174,0.2782933,-0.06530601
-0.1920557,-0.01857881,-0.001430939,-0.3405975,-0.8855782,-0.03112355,-0.4373619,-0.3459198,-0.02654423,-0.1282143,0.3628485,-0.4517008,-0.1162827,0.04938982,0.3494043,0.7128059,-0.0208471,-0.1999463,0.5624932,-0.272742,0.7530555,0.247372,-0.4246464,0.1936452,0.316883,-0.0115551,0.02612999,0.1781425,-0.1495614,0.004728895
-0.6185817,-0.1501255,0.3020456,-0.06797739,0.3358221,-0.0003797156,-0.08521143,0.3912465,-0.1877399,0.4018002,0.7714853,0.2838676,0.2210525,-0.09217066,-0.2822689,0.4916263,0.09492564,-0.06674337,-0.02661282,-0.09483128,0.03655869,-0.6694942,-0.1871517,0.03232904,0.289965,0.2742712,-0.8278515,-0.05226916,-0.04898208,-0.6288052
-0.2540561,-0.04258662,0.4009656,-0.0169661,-0.1543147,-0.2004437,0.09644312,-0.4143645,-0.08034939,-0.4671022,0.07048321,-0.4090917,0.03395228,0.2869809,-0.003402149,0.1910827,-0.2297636,0.4589927,-0.03793588,0.009540975,0.1407562,-0.08196194,0.3147102,-0.1044095,-0.02403992,-0.2262548,-0.2890439,0.02289454,-0.4570415,-0.3298161
-0.388272,-0.5256967,-0.04376137,0.3913417,0.4515676,2.043986,-0.4867543,0.1425552,-0.46647,0.6532871,0.4389288,-0.4455135,0.1848986,0.6094055,-0.1647485,0.4018121,0.3958024,-0.5683537,0.4797676,-0.05555266,-0.4753631,-0.1691628,0.06007832,-0.4228086,0.2454456,-0.351981,-0.1751729,-0.7859808,-0.4122206,0.1092001
0.3641792,-0.09404951,-0.01391488,-0.1081389,0.184285,0.1054991,0.08014498,0.8920184,0.3260202,-0.1576806,-0.03339034,-0.5961701,-0.14342,0.6863393,0.3428565,0.393558,0.292221,-0.3107089,-0.005990708,0.009448884,-0.08285042,0.0627492,0.02559298,-0.4163904,0.4634826,-0.1805849,-0.4752512,0.03782042,-0.2958419,-0.08869221
-0.4391896,-0.03523821,0.001052312,0.2717623,0.07734025,0.08858389,0.4509804,-0.1563485,0.1116695,0.2383213,-0.2640666,-0.2634809,0.1445386,-0.038973,-0.3896111,-0.4315889,0.2826071,0.1507986,-0.431677,0.05571598,0.1310626,-0.004642629,-0.7885157,-0.3840628,-0.4095089,-0.2087929,0.1522151,0.1174703,-0.6858178,0.2975084
-0.1594794,0.2933767,-0.08449318,0.2815467,0.01547651,0.4956219,0.0006589527,-0.2971553,1.270107,-0.09681958,-0.3081365,0.02049013,-0.03503489,0.4682176,0.06416816,0.02981788,0.3039395,0.4119497,0.00238198,-0.3273976,0.3535873,-0.2121421,-0.2275721,0.0412101,-0.0087945,0.3786567,0.08975486,0.3610828,-0.4209999,0.3560978
-0.1816952,0.02238273,-0.2294589,0.6349917,0.2214579,0.03282183,-0.3537827,0.8810338,0.04554859,0.1517335,0.002950391,-0.05934066,-0.08447534,-0.09206575,0.1182517,-0.4523767,-0.1314634,0.08091292,0.3575844,-0.07854149,0.4117333,0.121527,0.1483958,0.100759,0.02277433,-0.4805312,-0.1080575,0.4144562,0.5350164,-0.07607609
0.374642,-0.2698569,-0.3159233,0.4460555,0.04626334,-0.4072749,-0.0253574,0.0009047837,0.003814021,0.1083397,-0.08218884,-0.1487852,0.07502717,0.4890046,0.4961528,0.4633242,0.3735293,-0.3153004,0.0003102191,-0.4837224,-0.3935967,0.4326913,-0.3452228,-0.2957692,-0.0333355,-0.955399,0.002434568,-0.3716646,-0.6959845,0.3587191
0.04062706,-0.4493414,-0.1851823,0.7927855,-0.2785748,0.006235699,-0.01462369,0.2430919,-0.3159489,-0.0232974,-0.07434168,0.02783138,-0.235197,-0.37726,-0.06328255,-0.6510502,0.1412425,-0.08539981,0.1391331,0.4589648,0.04087608,0.07284299,0.2767634,0.1983889,0.0150153,-0.2229166,0.361419,0.002296489,-0.07229263,0.04871012
-0.7582658,-0.06590325,0.1531249,0.2024399,-0.2003345,0.2644168,0.330826,0.06962731,-0.3434316,-0.4999747,0.0155983,-0.1648133,0.0711992,-0.0006435961,0.003409803,-0.02034777,-0.483844,-0.04936025,0.2410666,0.1232165,-0.3911549,-0.2072566,-0.4939377,0.05174611,-0.06537651,-0.7237996,-0.5322507,-0.1853895,-0.4337021,-0.4173319
-0.1157816,-0.06679529,-0.186708,-0.6338909,0.2900754,0.3885666,0.6806229,-0.1986976,0.1818584,0.8092573,-0.1729517,0.1634629,-0.1941178,0.4070684,0.1412613,-0.1113466,0.05588284,-0.14759,-0.3991908,0.3428514,-0.2696112,0.382004,-0.04524969,-0.01065284,0.1727363,0.1656034,0.3559383,0.05317425,0.05039269,-0.653303
-0.0393706,0.05268704,0.1202451,0.08984791,0.4901781,-0.08464321,-0.4112145,-0.4748624,-0.1177664,1.235758,-0.2641061,-0.08881442,-0.06072778,-0.06113452,0.09557658,-0.05821032,0.2110449,-0.01932223,-0.1973654,0.1325899,-1.249365,0.1329968,-0.01436485,-0.4546559,0.1301044,0.2100273,0.156047,-0.1617202,0.3375076,0.0297191
0.007638744,-0.001420647,0.1004588,-0.04801556,0.4257954,-0.01639313,0.3389369,-0.1466812,0.3364867,0.7595288,0.03002562,0.4306266,0.3891107,0.3061032,-0.0104666,-0.0001538472,0.01207596,-0.1781967,-0.9126945,0.09722529,-0.1477793,-0.8404238,-0.09650713,-0.3000995,-0.423673,-0.6344373,-0.08777648,0.09836584,0.1203227,-0.3061196
-0.0815938,0.3510148,0.01947393,0.1031906,0.23629,0.4073672,-0.3143988,0.03404662,-0.02967125,0.6697354,0.1097116,0.4637092,0.1971299,-0.008046259,0.4483626,0.09384578,0.01323298,0.1779149,0.2687601,-0.4744149,-0.1403218,-0.5384051,0.5149412,-0.4559624,-0.1179246,-0.4322367,-0.3361143,-0.4841329,0.1837418,-0.0477154
0.01188662,0.314954,-0.4765144,-0.4981912,0.5306927,0.2120572,0.5828112,-0.2207232,-0.0014879,-0.01760274,0.156369,0.06584901,0.05455369,-0.2176568,0.1996106,0.161095,-0.07146102,-0.1122469,-0.2708288,-0.4946302,0.01273088,0.5462891,1.018219,0.3464708,-0.6535088,0.3338504,-0.1987756,-0.2217883,0.463539,-0.0404399
0.2120178,-0.02297006,-0.2825882,0.33352,-0.141562,0.2743709,-0.3881326,-0.07856899,-0.005785927,0.4754664,-0.3911297,-0.3704421,-0.09099215,-0.4532098,-0.04370624,0.4836557,0.006268561,0.4130095,-0.00225395,-0.1417652,-0.2629775,0.03136397,-0.1168852,-0.871317,0.4846095,0.04675926,0.3388396,0.6864743,0.2136228,0.8870988
0.003505697,-0.2433901,-0.1456415,0.4405122,0.2454331,-0.0932292,-0.2860718,0.07370013,0.1560403,0.1824976,0.2245896,-0.06803428,0.01705949,0.08506507,-0.2541124,-0.02627968,-1.724418,-0.006379068,0.01809853,-0.4036416,-0.2506435,0.7520548,0.2879108,-0.2382358,-0.2396557,0.09087539,-0.3559941,0.08186692,0.09121852,0.4149269
-0.1951909,-0.1410891,-0.006153947,-0.05498594,-0.09511595,-0.111765,0.005464556,0.3653071,-0.08250433,0.2494397,0.2950395,0.4191221,0.003495599,-0.05971523,0.275689,0.002786833,-0.04027367,0.07841831,0.008916626,-0.009505694,0.2300368,-0.2539142,0.2521808,0.3181993,-0.4136213,-0.1614694,-0.1892793,-0.09742327,-0.1190361,-0.2221034
-0.03099719,-0.07341274,0.041297,0.3023561,0.3122085,0.1388879,0.3344634,0.3908554,-0.08743876,-0.04189928,-0.8794929,-0.05708333,0.633153,-0.2695351,-0.1770008,-0.1505567,-0.003007673,-0.3261294,0.4576263,-0.2560288,0.2077695,-0.01200448,0.9123337,0.01939676,0.3970457,-0.1111514,0.6551325,0.01809938,-0.5007392,0.01274868
0.04020363,1.102851,-0.3774654,-0.04363499,-0.1581933,0.144832,-0.4660344,0.0782997,0.2635466,-0.7242584,-0.008153643,0.1418162,0.3853773,-0.2954543,-0.008842512,0.3088614,0.1364932,0.1308458,0.07931237,0.2397632,0.009340238,0.1088471,-0.007975392,0.0418498,-0.4783624,0.5113646,-0.1391546,-0.07322386,0.2633505,-0.4835367
-0.678938,0.04912608,-0.153819,0.05048438,0.05534784,0.05543437,0.3086668,0.1129748,-0.4734412,-0.07096931,0.3620677,0.1158232,-0.04232262,0.05770868,0.3590333,0.1428839,-0.1094531,-0.02100352,0.247529,-0.07296362,0.333145,0.04854949,-0.3433084,0.2773718,0.4147407,-0.05453509,-0.6749087,-0.008891679,0.09384209,0.9238417
0.1974627,-0.02112049,-0.4265492,0.4576938,-0.5373118,-0.06911403,-0.1056296,-0.4953942,0.4620124,0.5719835,-0.215883,0.2711127,-0.02511209,-0.313473,0.1050772,0.04669099,-0.0811886,0.2057546,0.2142889,-0.09855622,-0.06998042,-0.08652391,-0.4426067,0.05985502,0.2507801,0.2470604,0.338231,-0.1499818,0.4310427,0.205716
0.3212992,-0.3243243,-1.552276,0.2149315,0.08283412,0.4373927,0.06250598,0.072299,-0.01251423,0.01810473,0.4254224,-0.3769661,0.06720013,-0.06736392,0.2730715,0.4072142,-1.035583,-0.2044145,-0.1427914,-0.4475756,-0.9581113,-0.2731123,-0.3404744,-0.2932298,-0.2430242,-0.1546922,-0.009810047,0.2205786,0.3221998,0.05872048
;
-6.428528E-05,0.280092,-0.03561201,-0.1393214,0.6342812,0.2329482,0.1549124,-0.4080385,0.1115397,-0.09843972,0.739461,-0.1124741,0.2037521,0.318772,-0.526834,-0.04131126,0.03879558,0.2097794,-0.06581852,0.4595462,-0.9322717,0.4579774,-0.0952369,-0.1275843,-0.0127097,0.1109633,0.2027142,-0.1835636,-0.1198582,0.007781193
0.2647059,0.4703171,0.385946,0.2222054,0.4684467,0.07287651,0.0823627,-0.1903014,-0.1870014,-0.3690157,0.1145666,0.5120661,0.4502798,-0.1642615,-0.01996404,0.2848271,-0.03244644,0.2313345,-0.2050263,-0.557672,0.2326946,0.002192647,0.1489993,-0.5542069,0.1895653,-0.3143579,-0.4369394,-0.001040404,-0.3787041,-0.232373
-0.3924426,-0.4495804,-0.04018323,-0.1268628,-0.8763286,-0.4439439,0.2595544,0.1941606,0.1742042,-0.1232918,-0.1100974,-0.0523258,0.1682215,-0.201199,0.01954533,0.001726449,-0.03210324,1.197495,0.1944833,-0.5574257,-0.1157632,0.009418507,0.01484855,0.2288395,0.009196736,0.2332162,0.6404505,-0.1088768,-0.2549734,0.1487454
;
0.1540479
-0.3090857
-0.1190712
-0.4523725
0.02544992
-0.2462741
0.4992169
-0.2041483
0.3084792
0.4075615
-0.03990239
0.8756855
0.3214635
0.0231728
-0.07920033
0.01130608
0.2190362
0.3430816
0.254486
-0.4045265
0.11168
0.3953562
-0.4529063
-0.006548272
0.2010522
0.8758672
0.1956242
0.1402703
0.2237819
0.4383755
;
0.03870551,-0.1933889,0.3058455,-0.3995391,-0.09304919,0.4397303,-0.5941353,-1.082738,-0.2505,0.5749517,-0.3664436,-0.05150433,-0.06827991,-0.1073964,0.04358786,0.1321272,-0.9738536,0.3319325,0.2689486,-0.1738127,0.23253,0.3848809,-0.7117949,0.1886989,0.09453863,-0.02545955,0.1421494,0.05718822,-0.107216,-0.02515667
-0.3682318,-0.4289814,-0.03549452,0.04328269,-0.5754985,0.1005316,-0.02736328,-0.06129467,0.01927942,0.05498558,0.04618829,0.7766665,0.1021211,0.3001491,0.1019145,-0.5427718,-0.489364,0.4510103,0.009356439,0.4784535,0.02294463,-0.05148703,-0.3578967,0.0336954,-0.2129468,-0.1658953,-0.1623492,0.1463375,-0.3916726,0.05510475
-0.672143,-0.1002833,-0.2736743,0.09163648,-0.5443591,-0.485374,-0.3538455,0.04668873,-0.4220059,-0.4486932,0.001845844,0.06320142,0.003234327,-0.1779675,-0.3328433,0.07213178,-0.09645526,0.3719795,-0.1569615,-0.07524509,-1.060665,0.002163987,-0.2939975,-1.134032,0.1135662,-0.006621871,0.4334538,-0.4662778,0.07458176,-0.764897
-0.1512882,0.4155167,0.01277582,-0.005523338,-0.2174711,0.0695209,-0.07157907,0.1694147,0.08201151,-0.3321329,-0.4045417,0.3747154,0.2464801,0.2725655,-0.2530143,0.009696305,0.4227463,-0.2439243,0.3815351,-0.2103267,0.3962672,-0.4219394,0.1412622,-0.073899,0.2229842,-0.06946892,0.3829659,-0.2007343,0.09258217,-0.05068856
0.5874572,0.6692281,-0.0440903,0.3932101,0.3368472,-0.128509,-0.02447276,-0.001417924,-0.4210924,-0.5999728,-0.4592866,0.2448497,0.1125511,-0.005272031,-0.06434399,0.1882235,0.3567849,-0.4734744,-0.4722416,-0.2816083,-0.199942,0.001601018,-0.00044354,-0.08896594,-0.02713456,0.4913845,0.1696513,-0.08607036,0.2473209,0.369633
-0.2816324,-0.3681761,-0.07612044,0.3929847,0.1263067,0.2833301,0.4024516,0.1292918,-0.4389024,-0.4740342,0.7199725,-0.4000603,-0.007647672,-0.1450913,0.3820307,-0.1587393,-0.02475549,0.3526744,-0.7170142,0.418389,-0.04642562,-0.08109759,0.08114434,-0.03134205,-0.3451278,-0.05587223,0.288958,-0.3575392,0.4104857,0.2271191
-0.3168738,-0.1306372,-0.4518096,0.1988411,-0.1965634,-0.02124393,-0.3683422,-0.5697454,0.140434,-0.3271747,-0.1135815,0.4012229,-0.004611254,-0.2114798,0.02932344,-0.1082934,0.03383959,-0.05600649,0.4079486,0.09530924,0.1175408,-0.7643191,-0.002633035,0.9461749,0.4011696,-0.06683785,-0.4579294,-0.08258408,0.04460301,0.439942
0.04605978,-0.04966408,0.4534889,0.6846797,-0.0873628,-0.4370856,0.02759453,-0.2769043,-0.5800146,-0.2000443,-0.4993115,0.1066084,-0.006837308,-0.4481297,0.3203022,0.3750306,0.1079367,0.3153863,-0.05600718,-0.3293935,0.2654927,-0.5072568,-0.225559,0.02009726,0.1700467,-0.1618061,-0.4246415,0.519116,-0.00851886,-0.5188663
0.006893753,0.4981809,-0.05652255,-0.03282665,0.4950442,-0.2298405,0.199833,0.1534252,-0.01946646,0.4130406,0.01929262,0.0215575,0.5254699,-1.956518E-05,0.01487423,0.1688429,0.7731476,0.1981013,0.3369682,-0.06115109,-0.5326127,-0.281851,-0.431172,0.1837172,0.1530049,-0.8308201,0.2643158,-0.3161216,-0.4625397,-0.1452548
0.343946,0.135512,0.2280049,0.03550458,0.1980342,-0.4987689,-0.008221862,0.3652687,0.389431,0.4526575,0.04129714,-0.01328808,-0.2552173,-0.3900944,0.2150634,0.1197571,0.3616655,-0.1849163,0.5097297,-0.1957892,-0.3433155,-0.3533757,0.2716641,0.5096883,-0.2512652,0.1326877,0.8218059,-1.267738,-0.5721839,0.04451897
0.4702814,-0.02443304,-0.02677466,-0.2889074,0.4639827,-0.1305092,0.04406983,-0.3929194,-0.6499825,0.005722533,0.4614397,0.0022508,-0.2776228,-0.1689644,-0.1548928,-0.353118,0.394118,0.04121697,0.2312587,-0.002932532,-0.3392668,0.2800443,0.106997,-0.8358057,-0.2675087,0.6233565,-0.2290663,-0.2328592,0.02626563,-0.1603162
0.4513285,-0.5273943,0.0002798961,0.656568,0.05786278,-0.2579027,-0.3282557,-0.2065352,-0.03805393,0.2947875,0.392329,-0.08524984,0.1562306,1.078097,1.073038,-0.1147246,0.1618272,-0.5442169,0.04689816,0.2380391,-0.0887247,0.2151123,0.09338377,0.07420005,0.05325622,-0.09767155,-0.514478,-0.2418151,0.1404101,0.00356031
-0.01868037,-0.01729643,0.4971412,0.4073246,-0.5041054,-0.6307422,-0.1751212,-0.2036657,-0.4629779,-0.4118426,0.4913948,0.3235326,1.004332,-0.470974,0.373742,1.916905,1.072792,0.02576775,-0.02302283,-0.459221,0.1895127,-0.06802326,-0.4473608,-0.1950306,-0.04998834,-0.062105,-0.2415362,0.5336136,-0.3800904,0.1720213
-0.4811566,0.3006716,-0.9326766,0.4963417,-0.9396533,-0.1807617,0.04473614,-0.002960503,0.1082137,0.2223769,-0.1721649,0.3892138,0.1867075,-0.4602465,-0.0005948415,0.462037,0.1737338,-0.04302698,-0.4635414,-0.4533625,0.1358676,1.026833,-0.4151603,-0.002506956,0.4657552,-0.1790152,0.3870285,-0.2022251,-0.08592527,-0.02064396
0.2385509,0.2687805,0.6129969,-0.04367839,-0.3884009,0.2657934,-0.7141708,-0.008259161,0.07219752,-0.3617783,0.05930656,0.223888,-0.4841915,-0.2875139,-0.02425477,0.7021734,-0.2606523,-0.4375654,-0.323577,0.001254525,0.1867499,0.1616621,0.1453601,0.06377354,-0.4988871,0.2749351,0.01557816,0.3607209,-0.4752766,0.5382879
0.01327442,-0.7051936,0.310123,0.3624807,-0.002076237,-0.7703666,-0.1912437,-0.5162393,0.03440542,0.310875,-0.4816597,0.01554341,-0.2495711,-0.0936627,0.006134182,0.6615846,-0.03342042,-0.08931965,-0.1946005,0.1828583,0.3169725,-0.6000439,0.1351317,-0.3503067,0.02802025,0.5520471,0.4419636,0.1643762,-0.113853,0.3299335
-0.1195436,-0.4028172,0.01009221,-0.05820679,0.1858171,-0.6144151,-0.3551674,0.09542494,0.3419672,-0.3686438,-0.01079388,-0.1892907,0.4169264,-0.03610615,-0.4621055,-0.005987122,-0.4225282,0.2098794,-0.01142239,-0.003100781,0.1089404,-0.3006167,0.1992292,-0.3859411,-0.0001528981,0.7255493,-0.001463592,-0.08001822,0.1339071,0.2890164
0.1793871,-0.2301395,-0.07361504,0.4997473,0.03083293,-0.3201055,0.06571165,0.02859608,-0.04249618,-0.370433,0.0008917737,0.4260395,0.00159845,-0.3828874,-0.4289219,0.1326568,0.4366226,0.7901698,-0.002946454,-0.093373,0.04235199,-0.2178819,-0.4851536,0.01881009,0.007432131,0.4215151,0.07502168,-0.1051596,0.6967786,-0.3964133
-0.2333224,0.2211706,0.02945453,-0.1878689,-0.2163299,0.4079989,0.3625508,0.2631842,0.1422431,-0.392164,-0.1337343,-0.02284199,0.1217775,-0.307935,-0.08907229,0.4673505,-0.1309098,0.06846372,-0.09356527,-0.2867887,-0.1177073,0.06128067,0.001180085,0.003673778,-0.3658221,0.1821781,0.01053712,-0.621828,-0.1644251,-0.2508895
0.2071708,0.344411,-0.4033577,-0.4805191,-0.06300159,-0.421152,0.1071836,0.02335512,-0.1453171,-0.2992244,0.43652,0.06012851,0.1185258,0.2605367,0.4142444,-0.05694517,0.04579511,-0.05793383,-0.1228252,0.04891628,-0.2239296,0.1544719,0.3321903,-0.0007625222,0.09507662,-0.1302496,-0.1787389,0.000195094,0.006122281,-0.6633604
-0.09918433,-0.05567977,0.1196259,0.2369903,-0.4618909,0.2855878,0.2195298,-0.5752559,-0.2293091,0.365678,-0.1284541,0.3577861,0.03779608,-0.004412669,-0.1576083,0.0005439486,0.03713087,0.5180873,0.5012457,-0.1567594,0.1029349,0.4195697,-0.05527109,0.2288824,0.09281124,0.04435868,-0.005510747,-0.2177915,0.07172304,-0.04293025
-0.1060658,-0.4983979,-0.420175,-0.2788226,0.3057736,-0.1266063,0.4425231,0.2622526,-0.4569936,0.3806846,0.2794733,0.0008180284,-0.00984011,0.7453612,0.1553608,0.4345894,0.8005479,0.04911827,-0.3704112,-0.3791735,0.1803378,0.5383725,-0.4542897,-0.4519951,0.008041164,0.2215913,0.0479973,-0.6466988,-0.04229928,-0.05749991
-0.2854655,0.0708892,0.3455338,0.09938885,-0.07559985,0.3467726,-0.1679729,-0.1484075,0.2586017,0.2237456,-0.06603706,-0.3286077,0.0853127,0.3088415,0.1597526,-0.05152913,0.3150108,0.4514704,-0.1718031,0.3012509,-0.2004525,-0.4472136,0.1451772,-0.3336259,0.01775294,0.355272,0.360147,0.2400523,0.00720357,-0.2007751
0.3574709,0.02064301,0.2419446,-0.2902194,0.2882238,-0.07192732,0.1669609,-0.001778543,0.0612269,-0.3277506,0.0581127,-0.1552444,-0.4837881,0.422938,-0.4699427,0.1026513,0.134314,0.458905,-0.08820916,-0.2549947,-0.3982402,0.1377158,0.1163958,0.02010518,0.003362358,0.6037236,-0.1197364,0.1333162,-0.1073771,0.393283
0.03898623,-0.1523478,-0.2559922,0.2023997,0.180102,-0.3937289,-0.03195773,0.4649878,0.03819209,-0.01978535,-0.2932736,-0.001200057,0.05039811,0.3438632,0.01090993,-0.3840679,0.07449013,-0.4297861,-0.3960539,0.2588513,0.2294861,-0.326245,0.7579697,0.4679964,-0.249913,-0.3064767,-0.4399026,0.08361223,0.2739675,0.4902456
-0.07477172,-0.1006479,0.3796083,0.0454511,-0.0431357,0.3615752,-0.01087324,-0.1047017,-0.4949083,0.1556874,-0.1465124,0.909413,0.3934475,-0.8043945,-0.04392164,0.03195312,-0.1566487,-0.005257622,-0.2745055,0.622009,0.04375811,-0.4862786,0.02469967,0.01064743,-0.4996227,0.07685272,0.01464399,0.437327,-0.0008578017,0.07794827
-0.2843972,-0.1541626,0.3294466,0.02969425,-0.3765092,0.01702297,-0.02401277,0.8907643,0.05841601,-0.3996814,-0.1220098,0.0940215,-0.08574624,-0.2231208,0.003796141,-0.4115132,0.08033127,-0.166549,0.01026624,-0.01938075,-0.1907802,0.009256736,-0.3179114,0.2559609,-0.05390318,0.06884569,0.0977475,0.6068147,0.2244841,-0.3403036
0.03071266,-0.01801974,0.006403092,-0.407933,-0.2399164,0.001374974,-0.03520066,0.2322399,-0.3368089,-0.1325132,-0.2572434,0.03138888,0.3130924,-0.1759093,0.4742681,-0.005956046,0.4762025,0.1440828,0.3716186,0.3794503,0.06813706,-0.1547151,0.5866064,-0.01131314,0.1225033,0.006003345,0.01843793,-0.2819816,-0.9656839,0.06889278
-0.1311199,-0.2151328,0.06329288,-0.02916476,0.01585568,0.3703487,-0.04260473,-0.4512066,-0.4337906,0.02918118,-0.37501,-0.2302454,0.3297923,-0.0340188,-0.1776645,-0.04743111,0.3770549,0.3142023,0.06300408,-0.2023502,-0.2791884,0.431541,-0.07925753,-3.937415E-05,0.1809575,-0.01609164,0.8454724,0.1306663,-0.3773246,-0.007658564
-0.5422024,0.2661701,0.4603462,0.2008811,0.09894294,0.146628,-0.4330138,0.6660984,-0.2618718,-0.1917369,0.01734274,0.8104328,0.02913792,0.4519149,0.08230033,-0.3925515,0.3962949,-0.004071176,0.5615101,0.4893353,0.02010878,0.3583456,0.07602854,-0.4461131,-0.9107358,0.08379566,0.06240676,-0.1436404,-0.7712202,0.2563353
;
-0.4993552,0.07224356,-0.1248711,-0.06694287,0.002888334,0.2989319,-0.007354796,-0.3479818,0.1400075,-0.2222422,0.349937,0.05672687,-0.03154504,0.08473911,0.05903476,0.00136809,0.3730072,-0.3137122,-0.07308887,-0.3061251,0.1206402,-0.4214231,-0.000926422,-0.2197051,-0.377964,0.007566434,0.3391281,0.385439,0.119738,-0.06770462
0.3979248,0.05761033,-0.03153545,-0.1586313,0.2057805,-0.0002772453,-0.3414583,0.2164821,0.0415842,0.2562481,-0.1834826,-0.3988957,-0.01523475,-0.06190878,0.4791192,0.005287826,0.1594754,-0.02107058,0.3527082,0.3506685,0.1402724,-0.00180059,-0.09220523,-0.06382821,0.2942109,0.4134481,-0.06112391,-0.4583629,1.140738,-0.09949106
0.2585207,-0.3491811,0.3580589,-0.1962207,-0.09771843,0.2681482,-0.02212638,-0.07854851,0.152944,0.1666517,0.1076514,-0.06648093,1.583026,0.1645827,-0.2220759,0.4990443,-0.1304005,0.04770698,0.1143792,-0.02517798,-0.2349449,-0.2422874,0.2207259,0.268557,-0.5095328,-0.4189309,0.01320141,-0.1233516,-0.216034,-0.02108723
;
