0.4087485
0.5001941
0.4143177
0.4158506
0.00049327
-2.996514E-05
2.549672
-0.1117784
-0.1893042
-0.1269781
;
-0.1908934,0.07468555,-0.04719258,0.4485301,0.3991525,0.0474227,-0.0399087,-0.01098464,0.2433183,0.1530635
-0.7434881,-0.1411151,-1.192181,-0.04414903,-0.004653287,-0.2566353,0.05979161,-0.2447206,0.02169815,-0.3056771
-0.122557,0.05723679,0.119251,-0.2378108,-0.02828584,0.3307667,-0.09001905,-0.08932687,0.711403,-0.2830304
-0.01361138,1.822181,0.1324923,0.00063095,0.06353294,0.1099964,0.3594069,0.1585044,-4.859498E-05,0.1120599
-0.4606981,-0.1753417,-0.152615,0.4198779,0.178508,0.00878668,0.501211,0.3278242,0.190815,0.4242983
-0.1742576,0.2526362,0.4228631,0.02742259,0.1993432,0.7019644,-0.2378806,0.08753095,-0.04192764,-0.1833914
0.1669564,0.2288501,-0.009692817,-0.003876265,-0.5895106,-0.3874029,-1.132969,1.128316,-0.4906608,-0.1699685
-0.4876025,0.1364192,0.2706219,-0.4871402,0.1910289,0.4067645,-0.3052616,0.008082284,-0.0007353961,-0.08239633
0.07660276,0.2662427,0.1119744,-0.226826,-0.07381304,0.009921014,0.07724676,0.4544379,0.1525438,-0.0005834662
4.947393E-06,-0.04351198,-0.02490766,-0.3867167,0.1073946,0.03235464,-0.39169,-0.2075615,0.8102776,-0.0185752
;
0.0221269,-0.6363986,-0.187342,-0.1089664,0.3459607,0.255536,0.08738726,0.08475879,0.006815598,0.01985263
3.162626E-08,0.5248642,0.1245757,0.3283868,0.09173452,-0.41145,-0.01958235,0.04079677,0.4958378,0.0002153666
;
0.111402
-0.1437004
0.3694212
-0.07280529
0.2308679
-0.3856292
0.253162
-0.276835
-0.1080251
-0.00205928
;
0.6804593,0.2525983,0.01978275,0.4318391,0.04895818,-0.1907558,-0.03476337,0.5558621,0.001970517,0.2049079
-0.1143216,-0.2906931,0.5168033,-0.09309334,0.3783023,0.06540442,-0.0852167,0.06300895,-0.4140353,0.05320472
-0.06517829,0.1542893,0.3312198,-0.01943856,0.3371066,0.174616,0.3646878,0.125383,0.05285254,0.3454624
-0.07014958,0.2194376,0.1403492,0.0371291,-0.09204188,0.07175552,-0.0483084,0.05683452,0.1034642,0.02151278
0.1686793,-0.4799868,-0.05880457,0.3583008,0.246228,0.08038902,-0.2944535,0.01797344,0.3783358,-0.2157627
-0.1298087,-0.3468961,0.002500745,-0.04489976,0.2029061,0.2675005,-0.0001583909,0.00993802,0.09895804,0.0199809
0.1097776,-0.1056706,-0.0524881,-0.0001554427,-4.142549,-0.1081172,-0.1356801,-0.1851185,0.4537181,0.1871709
0.5107852,-0.03053099,-0.2763069,0.003511432,-0.199419,-0.0289249,0.4896537,-0.1057707,0.2487881,0.2691955
-0.07578665,-0.6165749,0.212918,-0.06566717,-0.04381553,-0.0001779785,-0.03320808,0.3658813,2.994633,0.09698561
-1.281816,-0.1947971,-0.3053302,-0.03666596,0.2974155,-0.03875297,-0.4580746,-0.02967914,-0.1091945,-0.4861114
;
-0.7630364,-0.2732149,0.06082094,0.1300481,-0.811121,-0.6142468,0.8923954,-0.002516203,-0.06070384,0.05383044
-0.02063078,0.1194382,0.01066558,-0.135709,0.1154427,-0.03968495,0.2414061,0.371574,0.1822531,0.2113829
-0.3646537,-0.4865752,0.02740639,0.003163746,0.6809454,0.9033563,0.1390253,0.1545964,0.2407657,-0.01438816
;
-0.09954971
0.00562809
-0.754765
-0.1382387
1.275989E-07
0.2536569
0.05936732
0.4282086
0.0152092
-0.3261687
0.09511334
0.00148963
0.1480019
0.4638101
-0.4545875
0.09326893
-0.1358375
0.1142773
0.03809589
-0.1031308
-0.6497183
0.2212926
-0.389487
0.003605185
-0.1876711
0.2619216
0.04191362
-0.6511185
-0.1013234
0.1654191
;
-0.01302402,-0.2602292,-0.4816282,0.0413372,0.05398053,-0.8532118,-0.8154619,0.2340358,0.08665636,-0.04982718,-0.1403683,-0.01186253,0.05031877,-0.07962374,-0.7514634,-0.09616187,-0.1325971,0.439761,0.4640284,0.5516236,0.03655746,0.4571233,-0.3545721,-0.01745019,0.003153429,-0.02042357,-0.1548785,0.4071839,0.3854644,-0.3267211
0.2275795,0.03178964,0.142037,-0.07935029,1.07064,0.1381231,-0.0667918,-0.06606288,-0.747394,0.09213126,0.4189681,0.2220928,0.1385375,-0.419118,-0.0510555,-0.4410622,0.1849054,0.2113572,0.01852149,0.4427975,-0.07815307,0.04352401,-1.245169,0.0008683528,-0.541636,0.2733886,-0.4480951,0.2454522,0.3782987,0.08941537
0.05546445,-0.4421143,-0.2106277,0.2224294,0.2321447,0.9135053,-0.1273687,-0.6798989,-0.4068708,-0.4422467,-0.0666825,-0.4914098,0.3928922,0.7156314,0.3338514,0.006414899,-0.2482236,0.218143,-0.1176897,0.403571,0.1240625,-0.01505494,0.4643024,-0.004484535,-0.1598238,-0.09855828,0.1203098,0.6317312,-0.01267668,-0.4530206
-0.1041114,-0.1608037,-0.08259584,-0.0644539,0.9514093,0.02707755,-0.1425477,0.6194378,-0.2265399,-0.4357578,-0.06790042,0.3382421,-0.4019341,0.1864385,0.3613623,0.0604081,-0.4890766,0.4651227,-0.6962629,-0.02014138,-0.4838789,0.0170473,0.3605931,-0.4917972,0.2727115,0.06071315,0.8109409,-0.6488572,0.2618002,0.8993219
0.008548993,0.3959333,-0.2153902,-0.2698828,0.2231031,0.02737099,-0.2962259,-0.07313114,-0.1113093,0.4962277,0.1010217,-0.1643632,0.2011179,0.3658168,-0.2051951,0.3579506,0.3881812,-0.1520284,-0.311296,0.5123609,0.3150352,0.4253616,0.1560711,0.01634463,-0.3146313,-0.1942919,0.1447707,-0.001806453,-0.07586592,-0.3818867
-0.9537184,-0.2309482,-0.2900685,-0.05660284,0.1013484,0.4187692,0.1344896,-0.07404181,-0.1607632,0.04196853,0.0916627,0.2705537,0.05373279,0.09572303,-0.308476,-0.3725317,-0.06696994,0.1587009,0.2794564,-0.5481437,-0.005804099,0.1290973,-0.2662199,-0.2645285,0.2684696,-0.3715901,-0.1613398,0.2780935,0.01154317,-0.07652506
-0.1553776,0.0009279688,0.002533863,-0.06903955,0.1618169,-0.04544455,-0.4521538,0.4046179,-0.01236063,-0.3287421,-0.9364798,0.03342821,-0.06424653,-0.4488941,0.1880842,-0.1284841,0.0027316,3.710448,-0.1724197,0.3967905,-0.999312,0.4823998,-0.01476181,-0.223679,-0.1749195,-0.4984339,-0.6952644,0.3035102,0.002914869,-0.1959312
0.01408216,-0.01486265,0.5106946,-0.1215991,0.4252586,0.2169356,0.04166296,0.4111375,0.3664528,-0.4845145,0.155321,-0.05166298,-0.3127812,-0.01146427,0.001572836,0.1874235,0.3348341,-0.0483472,-0.04734137,-0.7415299,-0.4972318,-0.2231558,0.1954958,-0.3093361,-0.003089787,-0.7730536,-0.3960018,-0.2729887,0.1813511,0.02190774
0.06020904,0.3522294,0.5611772,-0.1401172,0.07843445,0.2832216,0.08013099,-0.08517825,0.3895495,0.003221929,-0.4098473,-0.6946495,0.8023298,0.03394632,0.1034915,-0.00354907,0.009755744,0.2018761,-0.1639804,-0.09384911,0.2053253,-0.1916876,0.1205956,-0.03281793,0.4420512,0.132623,-0.411406,-0.5808278,0.0361206,0.3261179
0.2315246,0.1398933,0.04972716,-0.02616511,0.3139168,-0.8293315,-0.3469009,-0.08874722,-0.2695433,0.2799864,-0.03496021,0.1445846,0.1733303,-0.3228173,0.3997309,0.278143,0.06423476,-0.3946881,-0.3965188,0.1400035,-0.1366442,-0.1396349,0.1519387,-0.004510493,-1.395063,-0.4030201,0.7502047,-0.004045338,0.0008018212,-0.2188619
0.01339212,-0.03935736,0.0821446,-0.4266845,-0.4021437,-0.001989989,0.00334712,-0.2954525,0.1512419,0.4240665,-0.4205048,-0.5988314,0.06465404,0.2037746,-0.06005234,-0.4716794,0.003172457,0.1572178,0.3806581,-0.4371113,-0.173373,0.4790468,5.162526E-06,0.01259893,0.2113188,-0.01066706,0.1200355,-0.03229425,-0.1183493,0.3914884
0.2929151,0.3496362,-0.05823896,0.4327596,0.2309878,-0.4012832,0.004558771,-0.009253959,0.4285773,0.03112493,0.2971822,-0.1618181,-0.01424009,0.2876655,0.3214789,0.2796972,-0.3874583,0.1821593,0.05225671,-0.1150436,0.2993435,-0.01180023,-0.06555286,0.4345846,0.8286102,-0.3958447,0.1243229,-0.137148,-0.04513814,0.4913549
0.07052022,-0.166114,0.3765244,-0.3499916,0.3956302,0.2477893,0.3253422,-0.06330221,0.1805335,0.2441617,-0.06078871,0.1957112,0.4256741,-0.4943856,-0.1748309,0.4949043,-0.02316593,0.09085667,-0.1855311,-0.6245106,0.001225639,0.4423534,-0.4330233,-0.04365607,0.08884376,0.001962855,0.1921381,-0.08089761,-0.5031141,-0.2479008
-0.2169177,0.3105756,-0.008397611,-0.3449564,-0.4625792,-0.001804175,-0.0002130914,-0.1879553,-0.0008297669,-0.07590016,-0.09320676,-0.6868353,-0.138616,-0.1024413,-0.3991081,0.05419952,0.2523342,-0.02283679,0.5261177,-0.3326207,0.04046737,-1.983944,0.2526214,-0.003009981,-0.4271814,-0.04885299,-0.2166394,0.4956194,0.00390398,0.006358546
0.8197705,0.8231885,0.0124804,1.547622,-0.1641791,-0.3458638,-0.01596567,-0.06887937,-0.01796751,0.1168463,0.01510844,0.4606934,0.2306932,-0.03419738,0.1732318,-0.06165321,0.2003865,-0.2928095,-0.4147291,0.04598061,-0.06344986,-0.2472844,-0.0253568,-0.4749837,-0.02918263,-0.1903145,0.148508,0.2441174,0.4686007,-0.01393883
0.0002079583,-0.2930652,0.0005575129,-0.03887129,-0.3640259,-0.004621963,0.06118758,0.6994775,-0.04582132,0.06897064,-0.2931424,0.2490619,0.380427,-0.2406425,0.3153716,-0.02874143,-0.1400517,0.003312155,0.1170699,-0.04078621,0.4696877,0.08351965,0.2094216,0.1107543,0.01724713,0.02213168,-0.0176642,-0.05089172,0.09550351,0.0489527
0.2325498,0.003750741,-0.02167197,0.3532211,0.1045702,0.09827109,-0.4756933,-0.3104559,-0.6807354,-0.0450688,0.1243142,0.01767486,-0.04413848,0.1270017,-0.3299962,-0.0004618797,0.2302112,-0.1142865,-0.2233379,3.026887,-0.2640898,-0.1831405,-0.288588,-0.05624748,-0.2833087,0.07748716,0.0004955628,0.004968019,0.1456586,0.07656819
-0.0745898,-0.4330071,-0.1006047,-0.009666901,0.4252352,-0.3118535,-0.003519716,-0.1585084,-0.01596638,-0.4148815,-0.4348502,0.004871711,-0.1899775,-0.01788423,-0.1323844,-0.03595048,-0.1061526,0.2648146,0.3136639,0.009182437,1.313019,0.04880495,0.2088537,0.332846,-0.3930891,1.707667,0.4039142,-0.2418554,0.07358962,0.4779331
-0.3478136,0.02476709,0.02889167,-0.001876027,0.2896689,0.1912473,-0.3011845,-0.01331553,-0.1614471,-0.3524207,-0.328243,-0.2377207,-0.02472409,-0.07368293,-5.3862E-05,0.2975065,0.2302853,-0.1255246,0.0221638,-0.3869604,0.1857428,0.255989,0.3226905,0.3183881,0.01915128,-0.2154419,0.07174975,-0.01641835,-0.3899107,-0.05374162
0.2239418,1.079962,0.3665797,0.0009580869,0.09963455,-0.2737818,-0.3037527,-0.08031301,-0.2057451,-0.2607793,0.3813511,-0.3864177,0.1027369,0.06085531,0.4564359,-0.052359,-0.05296554,0.09043317,-8.386696E-07,0.01339924,0.01173266,-0.8346767,-0.0004981356,0.08531029,-0.000931522,-0.2945917,-0.4092065,0.3265181,-0.1287617,0.04392916
0.1259663,0.2355506,-0.2608648,0.00831061,-0.7112325,-0.2223694,0.003424661,-0.4474033,-0.04431611,0.1606835,0.2379088,-0.3168221,-0.106859,-0.2705329,0.06365424,-0.03265742,-0.012115,0.3796303,0.003901417,-0.271762,-0.05760582,-0.177516,-0.4292127,0.1817422,-0.4433244,-0.005784604,0.06477513,0.4937749,-0.005247804,-0.1865962
0.7145731,-0.2970328,-0.03547472,0.02094704,0.4913421,0.1195017,0.08434011,0.0001330837,-0.293142,0.2958294,-0.1397882,0.2521707,0.220787,-0.1389095,0.3335303,0.09473384,0.5919009,-0.1125349,-0.008937413,-0.1356542,0.4781102,3.353771E-05,-0.3845718,-0.3812553,0.4283375,2.626983,0.01497208,0.3382701,-0.02898763,-0.2154448
0.3822268,-0.1095659,-0.5538962,-0.02714013,0.06555185,-0.01488909,-0.4683604,-0.08083826,0.5465552,-0.01866385,-0.3457161,-0.4354317,0.4772288,0.4828775,0.6684487,-0.2256099,0.142033,0.3941792,-0.1795227,-0.03232898,-0.03433707,0.5590072,-0.0002416477,0.09808166,0.2046743,-0.4385762,0.1369928,-0.04610399,-0.07061365,-0.3312081
-0.003414112,-0.00479233,0.002123537,0.2403695,-0.1051858,0.9033903,0.03227861,0.1396209,0.1281921,-0.8808421,-0.4625188,-0.38984,-0.2324625,-2.159769,-0.1251717,-0.01510919,-0.2479745,-0.211188,-0.1270289,-0.3262228,-0.2352556,-0.001876031,0.06433202,0.1671924,0.07064094,-0.03356806,0.421473,-0.1483749,0.09764822,-0.02493292
0.009571027,0.1269468,-0.387279,-0.775345,-0.01115173,0.2778741,-0.4829179,-0.3728915,-0.1482875,-1.550645,0.148253,0.07787063,-0.09356565,0.154425,-0.1330323,0.05976979,-0.08399228,-0.02088554,-0.1293577,-0.3440526,-0.08522328,0.005220475,0.4654626,0.1547094,0.2589431,0.1817168,-0.1367369,0.330711,-0.06285661,0.000162267
2.322445E-05,0.4260079,0.1123851,0.08481318,-0.5620936,-0.000264369,-0.009871988,0.4595244,0.4350753,0.2831212,0.1860167,-0.2473789,-0.2910903,0.2925322,-0.001526652,-0.5374273,0.0178811,-0.2224733,0.7727578,-0.05252878,-0.4521532,-0.1765259,0.08074039,-0.4977542,-0.08737689,-0.0137257,0.06426731,0.2420227,-0.5817572,0.1213468
-0.6196312,0.08424743,-0.1242033,-0.0002521391,0.04122262,0.4899669,0.5652333,0.112229,0.1053466,-0.1726505,0.1560709,-0.01116891,-0.1075168,0.007304095,-0.01856044,-0.0001203248,0.7055262,-0.2319581,-0.2036232,-0.03611594,0.01311554,0.1659022,-0.3616163,-0.2017763,0.1726728,0.1696611,-0.02451247,0.03949672,0.08396441,0.2096305
0.1917744,-0.6699264,0.07141147,1.211364,0.3077188,-0.01564471,-0.1733988,-0.2623245,0.3992716,-0.3284642,-0.06520773,-0.01187601,0.06898408,0.7080048,-2.560131E-06,0.1479961,0.126892,0.04618193,-0.4721566,-0.3650476,0.1427733,-0.05842754,0.1930526,0.1587052,0.2895193,0.03357388,0.798431,-0.04369544,0.001783507,-0.05622833
0.0008557847,0.01414713,0.1772575,0.3820233,-0.1311224,0.1540985,0.06156105,-0.4890646,0.2130604,0.04614104,-0.2102522,0.418745,0.02477401,0.190873,-0.7970531,0.6851168,-0.2059197,0.0434262,0.03911322,0.08641547,0.2213881,0.3845463,0.1540018,-0.3472754,-0.0008457055,-0.3093269,0.05708999,-0.1647539,-0.01526171,0.4116194
0.02684996,-0.3442897,0.1099007,-0.7325211,0.0539659,0.08404326,0.02822187,-0.008752593,-0.01483621,0.1011692,-0.4155687,-0.2383014,-0.5501644,-0.6918036,0.748255,0.11607,0.001185241,0.002784434,0.496042,-0.1022167,0.3937635,0.02287868,-0.1208021,0.2013002,-0.3558209,-0.007450932,0.005198799,0.035918,-0.03911358,-0.3398532
;
-0.1443945,-0.3612151,-0.1280576,0.319443,-0.01299364,-0.796783,0.08223832,-0.1908355,-0.2326096,-0.02017361,0.1489858,0.2892005,0.2092731,0.004177205,-0.4582762,0.2751099,-0.2716483,-0.117266,-0.02474418,0.134824,0.5544155,-0.2649624,0.01882156,0.1918632,0.02609335,0.01046816,-0.4399371,0.01886932,-0.01058211,0.01713175
0.5059953,-0.01619898,-0.07538635,-0.02013737,0.06423777,-0.7852746,0.3589677,0.1553844,0.468116,0.09575421,0.2795804,-0.4091054,-0.002850834,0.1183381,-0.1374135,-0.3090451,-0.3630214,0.1536171,0.02978212,0.2254722,-0.3240891,-0.4917394,-0.03412873,-0.001146104,0.3833495,-0.2796264,0.09728674,-0.3361341,-0.02958388,0.3069344
-0.1403529,0.03316415,-0.4308966,0.1322367,0.8579845,-0.4186171,0.2524774,-0.02919978,0.5867791,0.04980839,0.04078782,0.1965249,0.6897165,-0.3084943,-0.1265563,0.3282592,-0.9790735,0.1703974,-0.01145835,-0.2391494,-0.9398435,0.02704215,0.05594391,-0.232999,-0.3955547,0.03147775,0.1895803,0.3747224,2.228143,0.3126587
;
