0.1244492
0.1927925
-0.1919567
-0.01363176
-0.3042367
-0.1642299
-0.4026687
0.203367
0.2044181
0.1621574
;
0.3191797,0.05357844,0.1351905,-0.1614888,0.09537667,-0.08855242,0.02401537,0.3861439,0.1233884,0.1763102
0.2227815,-0.1092617,-0.1654591,0.0487638,-0.05643088,-0.2433726,0.2838488,0.01548356,0.1742596,0.1340387
-0.1752002,0.1369198,0.1096708,-0.09621018,0.1208636,0.03131884,0.01638681,-0.3793674,-0.2325231,0.3740414
0.03755981,-0.4057416,-0.3045162,0.1658592,-0.06815356,0.3133925,0.3888537,-0.3124447,-0.1001667,-0.06359118
-0.3873808,-0.2186291,-0.07061523,0.382905,-0.3220088,0.4520725,0.3753997,-0.38801,0.07491869,0.1591567
-0.4562237,0.4311889,-0.511214,0.1752899,-0.2416052,-0.1225751,0.06510025,-0.3192892,0.01757747,-0.4574986
-0.2221389,0.3077157,0.01281446,-0.1233005,-0.4877441,0.3565522,-0.8029463,-0.3224174,-0.3361539,-0.3035918
-0.02036172,0.4971254,-0.02113003,-0.05965418,0.09722775,0.0693149,0.203534,0.1256113,-0.4569314,0.726371
0.2779002,-0.05965859,-0.09240483,0.4691019,0.08379537,-0.1606752,0.4094207,-0.2037839,-0.2365898,0.02310365
-0.2854507,-0.5607327,0.1712266,0.1800766,0.0673731,-0.2172428,0.05714732,0.3325843,-0.4189638,-0.4817914
;
-0.2729869,0.07874447,0.04360968,0.4664968,-0.1296243,0.3547367,-0.1828139,-0.2326255,-0.3131866,0.1964073
0.2008648,0.006950557,-0.2714759,0.07707113,0.09683365,0.209383,0.2987705,0.1282146,0.4859217,0.4667546
;
-0.01341277
-0.09368116
-0.01908547
0.2229968
0.2331517
0.381996
-0.05502003
-0.3616875
-0.1776397
-0.4559363
;
-0.2364194,-0.3835311,-0.02099091,-0.09017771,0.4496194,0.1646753,-0.3188465,-0.4011569,0.3761082,0.3508137
0.4770421,-0.2837625,-0.2795588,-0.3659308,0.01571685,-0.3811288,0.4601763,0.02258509,-0.1038972,0.4714706
-0.04270881,0.4688199,0.2021587,0.3722456,-0.2426057,0.3735862,-0.07612652,0.06094712,-0.3925778,0.1221265
-0.2762465,0.2674228,-0.3245192,-0.2733175,-0.2709226,-0.3832968,0.3435948,0.01748872,0.3487602,-0.4196473
-0.07957429,0.4469702,0.07562655,-0.1929531,0.07929248,-0.462328,0.006761611,-0.2049577,0.01606733,-0.05653912
-0.2053472,-0.1338772,-0.3821051,-0.4455109,0.3374251,-0.4120846,-0.456736,-0.1394668,-0.01487547,-0.01981097
0.2559388,0.06547505,-0.3602813,-0.1512359,0.2798744,0.4306425,0.4921846,-0.3382437,0.03441495,-0.2801305
0.2688365,-0.2803085,-0.3889842,0.09229106,-0.3650774,-0.1215643,-0.2359156,-0.4237959,0.4264814,0.0617978
-0.09904724,-0.1758111,0.1144506,0.2987312,0.3909255,0.2267594,0.06061178,0.109028,0.3640784,-0.3011883
0.3002071,0.4723866,-0.09267169,0.3172312,0.2970552,-0.4928272,-0.05180889,-0.157239,-0.08454901,-0.1347027
;
-0.4749519,-0.4615402,0.1671636,0.4444187,0.06144506,0.1705777,0.216715,-0.01146275,0.4456311,-0.4348269
-0.1028858,0.2941706,-0.1084918,0.4900874,0.1131451,-0.1990517,-0.4588044,0.07172257,0.3665218,-0.1887549
;
0.4634813
0.02341169
0.216792
0.09681517
0.02368635
-0.348403
-0.4666915
-0.02537447
0.4755861
0.7463788
;
0.05522066,0.1299278,0.002796948,0.1989847,-0.01602357,0.3590053,-0.156112,0.1395621,-0.1808501,0.4438311
-0.4846185,0.002696574,-0.2671961,0.4519928,0.30964,-0.1168776,0.08249754,-0.2398407,-0.01722151,0.1681055
-0.1010943,-0.06091732,-0.3051929,0.2840265,-0.04061526,-0.2510985,0.05287105,-0.2661287,0.03611726,-0.1973906
-0.1536128,0.3969893,0.1486961,-0.05904752,-0.3913215,-0.1717824,0.4635519,0.02038127,-0.4347752,0.2084642
-0.1921492,0.173331,-0.2383174,0.1155292,0.1523628,-0.3076019,-0.3036159,0.3986342,-0.302786,-0.491635
0.05637354,0.2616119,-0.4978012,0.235229,0.4114943,0.4235351,-0.08358747,-0.4178457,0.252404,0.3862693
-0.2507505,0.05083281,-0.08299011,0.4279892,-0.1423836,-0.241734,-0.1448579,-0.4898567,-0.2352459,0.3145704
-0.1297613,0.4130714,0.1031448,0.3416743,0.3959849,-0.06802434,0.2925217,-0.09260815,-0.2574248,-0.05152541
-0.2484668,-0.201,0.07902592,0.2388069,0.0233863,0.1150362,0.1029033,-0.4164752,0.2888694,0.2287026
0.1063328,0.3609018,0.04407591,0.2304762,-0.4793704,-0.005570829,0.04017252,-0.1167814,-0.3958852,0.4090073
;
0.1280541,0.01072854,0.191668,-0.1037115,0.3454946,-0.0299651,-0.4208173,0.02552253,-0.4096816,0.3091823
0.268942,-0.1284291,0.2484598,-0.3789349,-0.3740852,-0.1184012,0.2269299,0.2230676,-0.07299787,0.3494642
;
-0.2219035
0.05034584
-0.0837141
-0.4855996
0.4723047
-0.1286373
0.4560946
0.2959985
0.3446774
0.1592886
;
-0.2459465,-0.4394888,0.196599,0.01602,-0.08905393,0.1640591,0.4450126,0.4043015,0.2707806,-0.1139221
0.03602463,0.4812562,0.3936437,0.1873714,-0.1298125,0.005655706,-0.1485552,0.1000296,-0.469111,0.1982338
-0.1268085,0.2352943,-0.2173048,0.2304848,-0.4555269,-0.2156785,0.4712518,-0.1004366,-0.04844195,-0.03079051
-0.4027208,-0.07452542,-0.3218135,-0.4655355,-0.4749284,0.3971393,-0.4728361,-0.2505388,0.1095302,-0.3886925
0.193956,-0.4527218,-0.2281139,-0.09516498,-0.2430812,0.2667713,0.2571765,0.2888871,-0.03855437,-0.21841
-0.3512034,0.3307128,-0.3886691,-0.4992964,-0.4297307,-0.4635764,-0.1186314,-0.09694582,0.4270762,-0.2071646
-0.3555597,-0.05615133,-0.135735,0.2510411,-0.3241454,0.1612638,-0.4899031,0.07735091,0.1079332,0.1356184
-0.04997379,0.4408263,-0.1358796,0.09965509,-0.1009666,-0.413113,0.4025259,0.05782801,0.3821243,0.4720976
-0.3236195,-0.01499552,0.6370751,-0.08243078,-0.4769,-0.1435944,0.3246174,-0.3629781,0.365695,0.05184823
0.4018698,-0.2948055,-0.2878146,0.192103,-0.3268806,0.1444895,0.1421853,-0.3913194,-0.1467624,-0.3054359
;
-0.3313011,0.1934365,-0.09568673,0.15433,-0.3161094,0.1769919,-0.362506,0.446926,0.22066,0.09950608
-0.211963,-0.001646459,-0.465212,-0.0008146167,-0.4168934,0.2845838,-0.1213891,-0.2035198,0.4895332,0.09554356
;
-0.2600306
0.1450299
0.03122705
-0.07769626
0.4375081
-0.1682037
-0.1260577
-0.1173411
-0.4293102
-0.09446639
;
-0.07524425,-0.1136168,-0.05222449,-0.180896,0.327426,-0.1479643,0.1661256,-0.1618374,0.3583072,-0.2383654
0.04010636,0.3086322,0.492462,0.1584327,0.3439826,0.4824229,-0.1632282,-0.3434393,-0.01852006,-0.087403
0.3210706,-0.1313524,-0.1551979,0.374277,-0.4184272,-0.2243543,0.08607048,-0.1903415,-0.3487295,0.4563761
-0.3685789,-0.4427123,0.4429605,-0.1338691,-0.470191,-0.3080275,0.3137395,0.4505914,0.3647455,-0.2512937
0.1612079,0.4167403,0.3845695,-0.2403199,-0.05132312,-0.265483,0.4538852,-0.8526962,0.3060486,-0.1275662
-0.3105227,0.05225259,-0.03673118,-0.4815791,0.2519716,-0.4094859,0.3610299,-0.3997967,-0.0571124,-0.01450533
0.1532221,0.234106,-0.4084595,0.3479342,0.4533199,0.2393747,0.05520803,-0.4899843,-0.4131869,-0.4667289
0.1560107,-0.4455816,0.3440034,0.2368774,-0.3738399,0.3914797,0.1465804,-0.4647783,-0.1193771,0.4541231
0.2579826,0.4035023,-0.09423739,0.3908218,-0.4311223,0.3872521,0.1872082,-0.1074249,0.442224,-0.1817737
0.006052077,-0.4139969,-0.09788591,0.4666435,0.4618462,0.09157497,0.03858346,0.3452474,-0.4175223,0.1943767
;
0.056068,-0.05563325,-0.1840132,0.2077806,0.01539236,-0.1545144,-0.07014841,-0.2277383,0.04345793,-0.1128587
0.3685002,-0.152034,-0.4032179,-0.2272443,0.4543005,-0.4577332,0.4051733,0.05770039,0.3031776,-0.4811946
;
-0.6526432
0.1234316
0.4573722
-0.6349132
0.4073412
0.3777956
0.2614757
0.004184302
0.0651962
0.2157502
;
0.3809242,0.04345272,-0.4817336,0.4781457,-0.6493741,0.6001669,-0.6588799,-0.417869,0.6195963,-0.203389
0.3444818,-0.1003941,-0.4439033,0.266802,-0.382853,-0.114381,0.07970325,-0.1569299,-0.1731253,0.2756321
0.07535126,0.2821772,-0.2671193,0.04754258,0.283056,-0.07928509,0.01952525,-0.004585469,0.1364953,-0.4753833
-0.4724958,0.7731483,0.4506439,-0.1400594,0.05131888,-0.1714785,-0.0831134,0.1010754,0.196813,-0.3041636
0.6638023,-0.2881463,-0.3102045,-0.08282316,-0.03538687,0.03779531,-0.06722254,-0.06470519,0.2274226,0.07220905
-0.1993956,-0.1576407,0.2232602,0.2003081,0.03592032,-0.1022967,-0.2916683,0.05023416,0.3223306,0.1144682
-0.562507,0.1082814,-0.463893,0.2848023,0.06424166,0.2428011,-0.006246971,-0.2607744,0.03901678,0.009067357
0.03889781,-0.3895324,0.2281516,-0.09126847,-0.4035839,-0.27042,-0.1173097,-0.4175123,-0.4230386,0.0686942
-0.106154,0.08749217,0.03033772,0.03709719,-0.4576515,-0.213979,0.5945544,0.4802142,0.3974998,0.0321459
-0.09274107,0.2660451,0.5537846,0.1659991,0.1134722,-0.3773841,0.0005794981,-0.2938426,-0.1362717,-0.4597636
;
-0.4369218,-0.1043206,-0.04698628,-0.09934622,0.1496731,0.2239326,-0.05389204,-0.2387097,-0.0349525,0.2062385
-0.01827431,0.5391651,0.1672518,-0.2977194,0.3002586,0.01731813,0.3171883,-0.1656857,0.0165295,-0.06379703
;
-0.4229341
0.2675197
-0.1273618
0.195804
0.08642048
0.02058738
-0.07820333
-0.3773621
-0.01918632
0.3624582
;
-0.6894064,0.6701411,0.1910971,0.6074235,0.3296584,0.7449645,0.4035715,-0.006359875,0.0966894,-0.2218307
-0.06142014,0.02975788,0.07498762,0.02764224,-0.3436622,-0.3511527,-0.1048012,-0.2359294,-0.02142543,-0.5704047
-0.04006854,-0.05281764,-0.2099861,0.4894389,0.2951109,-0.006537063,-0.8132715,-0.01140236,-0.001497457,0.1396073
0.1783278,-0.3846968,-0.09427685,-0.1392119,0.1422644,0.004183068,-0.8316191,-0.2376274,-0.332183,-0.3114145
-0.4660309,0.0411498,0.1191949,0.8532556,-0.2599728,0.01398158,-0.08167237,-0.483332,0.0005902493,-0.08013815
-0.09957105,-0.1959432,0.1631969,-0.3664385,0.3577302,0.5291209,0.07290672,0.1245241,-0.02951676,0.895568
-0.3698287,0.5581923,-0.4156684,0.4140166,0.1610041,0.1163026,-0.9158955,-0.7808548,-0.1720176,0.1088263
-0.3924596,0.1476392,0.394659,-0.3656023,0.5747504,-0.3473418,-0.2692368,9.614044E-05,-0.0678262,0.2779849
-0.3711305,0.2933279,0.6302621,-0.09680361,-0.03255108,0.1495422,-0.7434842,0.01663762,-0.01450963,-0.2663991
0.1503756,-0.2655832,-0.6039001,0.1427948,0.4112107,0.4367582,-0.001524428,-0.003976081,-0.08115047,-0.0105409
;
-0.1831833,-0.3420829,0.09468476,-0.4406638,0.02182776,0.009206844,0.07837886,-0.1606332,0.3014612,0.3296172
-0.01281397,-0.9616231,-0.2536188,0.1511744,-0.269874,0.07090908,-0.007763803,-0.08881557,0.4964606,-0.2825511
;
0.125939
0.000172413
-1.253438
0.2610365
-0.324746
-0.6223847
0.393171
0.01914743
-0.3289591
0.3435264
;
0.1685513,-0.07055062,-0.3388997,0.06286222,-0.1203247,1.003518,-0.1372235,0.04019594,0.1779451,-0.1891971
-0.4939975,-0.2040736,-0.2064674,-0.5096394,-0.4401478,-0.6078855,0.02323407,0.01378597,0.4814372,-0.08531278
-0.03096892,0.03471188,0.08747202,0.104709,-0.1603871,0.123218,-0.0007923245,-0.3814332,-0.09311587,0.00685537
0.04276059,-0.2653242,-0.2031103,0.1204076,0.008624169,-0.03088838,-0.2542037,0.3059942,0.5059544,-0.0594092
0.06190301,-0.03632063,-0.4372039,0.1122172,0.4233667,0.007400985,0.04386378,0.5529655,0.4297028,-0.04261562
0.6214817,0.3878306,0.4788074,-0.0262782,-0.2387162,0.7764764,0.4513309,0.03461949,-0.09134307,0.07655102
-0.2410001,0.3352498,0.2707187,0.4354016,0.3973751,-0.007622475,0.1152484,-0.03489625,0.2222702,-0.02093891
0.4210554,-0.02014781,-1.606685,0.07220619,0.4791421,-0.3758399,0.2438258,0.07362753,-0.4993297,0.2907684
-0.2370882,0.1899589,0.1121104,-0.2976815,-0.01058012,-0.3212644,0.1733431,1.062535,0.03101269,0.3114163
-0.3866097,0.01438045,-0.2718544,0.8498388,0.1261566,0.2001954,0.2162753,0.4620364,0.4619378,0.8568892
;
-0.8052591,0.2611811,0.1234665,0.01774285,-0.3157463,0.336588,0.0561536,0.3142883,0.05705415,-0.4270077
-0.002579448,-0.2681537,0.1085072,-0.4969256,-0.7371544,-0.3579879,0.2075971,-0.005420268,-0.4909843,-0.3220339
;
-0.1314523
0.4063674
-0.4499872
-0.2049913
0.1303718
-0.3863611
0.06890601
-0.04362899
-0.01414484
0.3144037
;
0.456077,-0.347155,0.2387973,0.008834183,0.4837112,0.2509331,-0.1637514,-0.4160643,0.3130765,0.1290157
0.1012511,-0.07908779,-0.3669535,0.3625871,-0.04562038,0.3979177,0.2190908,-0.1030121,-0.2625548,-0.4641974
0.3434324,-0.4210981,0.2182318,0.1270358,0.2097267,-0.428499,0.2207622,0.2064129,-0.3113163,0.3845419
-0.1846097,0.186493,0.07486361,0.142988,0.2609658,-0.2145014,0.3513004,-0.4023502,0.4474088,0.3676983
-0.05886537,-0.3189206,-0.395199,0.4391161,0.0003884435,-0.2130713,-0.3969427,0.3468854,-0.3904685,-0.4421014
0.1022508,0.2525636,0.311677,-0.007638395,0.02293733,-0.3079,0.1331276,-0.3387549,-0.3066946,0.00706929
0.4722465,-0.1195098,0.1152052,-0.3472825,-0.4955108,0.4315569,0.4916254,0.4569426,0.4310998,-0.2960039
-0.4270051,0.06264335,0.2622401,-0.1664848,-0.106052,-0.1870798,0.1744084,-0.4821742,0.03475744,-0.0854463
-0.1754549,0.2687271,-0.2958734,-0.06039447,0.2942293,0.2284125,0.2463742,0.2048482,-0.2392685,0.4934454
-0.4596817,0.06037706,0.117202,-0.0491789,-0.4264224,-0.1354802,0.005328,-0.417686,-0.242182,-0.09661537
;
0.4186138,0.01559907,0.4288195,0.290511,0.08170444,0.172342,0.3085687,-0.4029275,-0.3699639,-0.4414948
0.3935667,0.2345894,-0.04554826,-0.402963,0.3070002,-0.01486236,-0.2685691,0.2934654,-0.07218999,0.4658247
;
-0.1299487
0.03287199
-0.1828645
0.2433733
0.735094
0.2089445
0.4099504
-0.149056
0.5818946
0.1144993
;
-0.01754019,-0.3574005,0.2869875,0.3600992,0.09749502,0.5217,0.1319311,-0.9091281,0.411978,-0.6012618
-0.4987891,-0.02931041,-0.1124274,0.0006105732,-0.05367874,-0.1104298,0.01337226,-0.1084625,-0.6084578,-0.153774
-0.0009749532,-0.01934642,-9.646633E-05,-0.3991866,-0.06582855,0.1729297,-0.09703892,-0.4806979,-0.4861442,0.001464431
0.0009046443,0.6496484,0.1756862,-0.1868473,-0.02302436,-0.4664497,-0.6303017,0.02122575,0.4155015,-0.2210717
0.18744,0.4109031,0.3220159,-0.2403291,-0.03503795,0.6266971,0.1178721,0.5846387,-0.06991308,-0.1999472
-0.2932446,0.1544011,0.3654907,-0.02341291,0.3280904,-0.2385239,-0.008520415,1.068371,0.02042248,0.1290715
-0.1936194,-0.2796621,0.3853284,0.05141498,0.4127394,-0.2933367,0.4195056,0.3338744,0.2637442,-0.03906066
0.0009727462,0.2647965,-0.561752,0.04816248,-0.3193629,0.002656639,0.03093121,0.0880478,-0.08359252,-0.05050471
-0.2572297,0.1756108,0.04072553,0.001517542,0.1187738,0.07373062,0.05868696,-0.1360809,0.04793144,-0.4346649
-0.007342099,-0.3806432,0.1857775,-0.8090686,-0.02172186,0.07497842,-0.05374914,0.3165661,0.1931874,-0.7420282
;
0.8095116,-0.3310949,0.00295788,0.4678094,0.04336046,-0.3323977,-0.007763194,-0.03808154,-0.06935553,-0.01215154
-0.02567363,-0.03637512,-0.5972673,-0.4502802,0.08708698,0.378231,-0.3738556,-0.0540598,-0.3929935,0.2569089
;
-0.07822839
-0.2194703
-0.09626789
-0.3572291
-0.03290381
0.3338437
0.7893003
0.1749845
-0.07933027
0.281284
;
0.005324081,-0.4260741,-0.2413893,0.2314142,0.2138338,0.007998577,-0.2345668,0.03492469,-0.09032062,0.3470656
-0.1712043,-0.004175902,-0.2636312,-0.02030712,0.3680748,-0.3959465,-0.221141,0.3392031,-0.07056073,-0.03587061
0.1446075,0.06127602,0.3619242,-0.09801668,0.1006949,0.5794544,0.03864247,-0.2490572,0.2575593,-0.155288
0.08907884,0.2808875,-0.02362437,0.3639619,0.03967224,-0.1871615,0.4108813,0.0964424,-0.167908,-0.01357109
-0.06413129,-0.1024806,-0.2317076,-0.1105004,0.1490859,0.004560432,-0.4198401,0.5970237,1.038834,0.03734666
-0.1265349,-0.8497832,-0.273598,0.275828,0.1042593,-0.2377349,0.4106085,0.05142385,-0.280134,-0.2819043
-0.4158224,-0.007816117,-0.2455428,-0.6276389,0.3622962,0.00308066,-0.4796991,0.1549022,0.4247134,0.0006221092
-0.4458646,-0.4569757,0.03726604,0.03486958,-0.09139865,0.113925,0.4425399,0.1099682,0.002699893,-0.3986877
-0.1488795,0.001460827,0.224668,-0.4605474,-0.020017,0.04227141,0.08638696,0.2172603,-0.1759777,0.2283408
-0.139525,-0.3444797,-0.004735777,0.1564473,0.4638366,-0.3401034,0.3195744,-0.6538365,0.4404483,-0.2117707
;
-0.1371409,-0.1075059,0.03513801,-0.03762912,-0.2559814,0.0006056027,-0.3325455,-0.1378628,0.208329,0.4356382
-0.2369362,-0.3364141,0.449787,0.1460055,-0.4500725,-0.1808722,0.4285107,0.5804213,-0.294763,0.3023493
-0.09396483,-0.2010676,0.05905249,0.341288,-0.03462061,-0.07308611,0.3935584,-0.2706926,0.0210138,-0.00767168
;
-0.3244884
-0.08789166
0.06315549
-0.7313082
0.5355465
-0.3637678
-0.03179139
0.2848853
-0.07671425
1.394625
0.0652471
-0.3622513
0.1652362
-0.05200094
0.0322395
-0.2739557
-0.4272789
0.2471967
0.05668088
-0.1902397
-0.09020311
-0.04490739
-0.03073996
0.217062
0.08409472
-0.3065282
-0.08584189
0.2734128
0.03617004
-0.7228905
;
0.06885022,0.3219362,-0.3884763,-0.08889017,0.1407651,0.2504816,0.3233922,0.3896484,-0.06535084,0.2006562,-0.2694383,-0.3944788,-0.06448235,-0.1686041,-0.1432384,-0.008597553,0.342978,0.06026274,0.356083,0.01729101,0.2418586,0.3978327,0.2798681,0.3840274,0.3630136,0.06737196,0.2596581,0.08441379,-0.3422775,-0.0006523767
-0.3061273,-0.04955886,-0.05930716,0.4365458,-0.3858337,0.136758,0.177945,0.440035,-0.2877569,-0.06964213,-0.2132159,0.03444237,-0.1382126,-0.2551778,-0.4883109,0.1776548,0.4356568,0.2878813,-0.02235528,0.1915633,-0.1516092,-0.445227,-0.02278417,-0.3203838,-0.155738,-0.002559077,-0.04917759,-0.2622881,-0.4890271,-0.4185616
-0.05835179,-0.1377656,-0.4377823,-0.01702951,-0.1025085,0.8397508,0.2990744,0.2946982,-0.0733282,-0.2874674,-0.1904517,0.5591909,0.2050061,0.3674601,-0.3779731,-0.3493911,-0.217076,-0.2253445,-0.4414197,0.2434457,0.2198061,0.01558679,0.05238706,0.5727245,0.2448929,-0.1559227,0.4795406,0.4542895,0.01791279,0.3541577
-0.1766328,-0.4082755,0.1674987,0.3286718,0.3769089,-0.04013211,-0.2990994,0.03038279,0.4569834,-0.0257712,-0.4366946,-1.219006,0.2741305,-0.1469795,-0.4462134,0.3878956,0.2074177,-0.07123154,-0.4715074,0.223153,-0.4570657,0.50989,-0.4371781,0.8047903,-0.1654316,-0.01679891,-0.28912,1.048955,0.3932678,0.3330441
-0.1577716,-0.4206229,0.1877827,0.4451721,0.04305953,0.3492311,0.5230014,-0.4399744,-0.4149964,-0.5989144,0.06958308,-0.009562135,-0.5110461,-0.4904877,-0.283031,0.408391,0.2455606,-0.09260326,0.1885777,-0.09729818,-0.5013446,-0.1744778,-0.4156716,0.3955876,0.1622721,0.04279107,-0.2239761,0.3155806,0.1348333,0.0003267386
-0.5641168,-0.3685957,-0.3623641,-0.1087045,0.281635,-0.1525954,0.1808686,0.483495,0.08748831,0.1529061,-0.113462,0.3061727,0.03886372,-0.07153329,-0.1637819,0.1470271,0.2475618,-0.1939641,-0.0510499,-0.02726645,0.05323929,0.3310376,0.07387175,-0.48071,-0.205192,0.05048995,-0.03096402,0.3193691,-0.3878303,0.1058671
0.007720876,-0.3981017,0.06911045,-0.4648739,0.4316134,0.1176462,-0.5135072,0.001738369,-0.3054568,0.3041953,-0.3373193,-0.3575523,-0.4992231,0.435487,-0.1900093,-0.3824656,0.1880326,-0.3586421,0.309865,-0.1170799,0.412654,-0.4003732,0.1060701,0.07005967,-0.5650795,0.3611914,0.5478976,0.02561026,0.7324337,-0.2449949
0.2418714,-0.1296186,-0.1292452,0.06122857,-0.3908608,-0.1095241,0.2082802,-0.02050892,-0.366472,-0.3753173,0.205781,-0.4777896,0.4184924,0.1976373,-0.1063242,-0.1822566,-0.100887,-0.01584418,0.01017776,0.476247,0.05136687,0.3894974,-0.2922405,0.194499,0.2086347,-0.06556314,-0.01805883,-0.2688929,0.1567137,-0.1481392
-0.01877234,-0.001258071,0.05208558,0.07372791,0.01472589,0.09350544,-0.319315,0.2325079,0.8294005,0.8108035,-0.6562733,-0.5705319,0.04043454,-0.1522721,-0.3188081,0.3932602,0.1005163,-0.2654728,-0.2045986,-0.4328579,0.122536,-0.2008984,-0.2745214,-0.4060656,0.5063946,0.0941667,0.02084689,-0.06884557,0.02580744,-0.449312
1.384544,-0.1504708,-0.1021337,0.05531687,0.4027743,-0.216917,0.1252418,0.6744422,0.4501472,0.3674277,0.382014,0.2194732,-0.08013195,0.09737537,-0.1027168,-0.2341778,0.02258934,-0.4601829,0.1407422,0.4553185,-0.1747678,0.08765735,-0.09056811,-0.2989846,0.4074997,-0.08437163,-0.1476872,0.4609749,0.1454497,0.005643785
0.6994578,0.0600794,0.05298403,0.1685663,-0.4850372,0.1156663,-0.232076,0.3734933,-0.05570343,-0.01593285,0.4548849,0.4506438,-0.0363452,-0.2406215,0.2001964,0.3752244,0.03523988,0.3908242,-0.3417331,-0.4684932,0.002891839,-0.2366055,-0.5480931,0.2995723,0.04014595,0.1078741,-0.3325789,0.162065,-0.2432149,0.2743683
-0.1943801,0.03416174,0.2790855,0.4617785,0.3302749,0.0153558,-0.08393294,0.2254773,-0.04343516,-0.3646595,0.1052151,0.3663667,-0.0881322,0.2211526,-0.03689367,0.1268201,-0.3927621,0.2359842,0.3177508,-0.243656,-0.04091781,0.2972616,-0.4355761,-0.2936159,-0.001850026,-0.1150873,-0.2839627,0.3060105,-0.3968719,-0.4097728
0.4739776,-0.1996,0.4901778,0.4558718,-0.6645513,1.210459,-0.2800107,-0.3960348,-0.3352506,0.102737,0.6363523,-0.3792125,-0.07187641,-0.07749508,0.1417194,-0.4676755,-0.004870012,-0.3078396,-0.04043823,0.4651573,-0.03816884,-0.418102,0.0497455,-0.4655862,0.7079772,0.1478625,-0.09289998,0.5299001,0.3082701,0.4199011
-0.211433,-0.07535105,-0.3280757,-0.4762404,-0.02984935,0.3417832,-0.2168786,0.2827493,-0.3386979,-0.7112215,0.2681736,0.006723869,0.2274747,0.2931874,-0.2338927,-0.04151877,-0.1942686,-0.008772433,-0.08321053,0.3139278,0.4107296,0.2344158,-0.2521445,0.1418133,-0.1189279,0.1455947,0.2017757,-0.1573716,-0.3223608,-0.1083992
-0.03074986,0.7283925,-0.3534098,-0.2769446,-0.4819789,0.2092345,-0.05068427,-0.2144278,0.3460245,0.01816474,0.3790429,-0.2218191,0.3190051,0.5698076,0.2432781,-0.2393176,0.02946395,0.8022196,-0.4176818,0.3019603,0.0344358,-0.1897466,-0.1977304,0.2364499,-0.2158831,-0.4048486,0.4084834,-0.2127372,0.3157974,0.4406856
0.07535225,-0.05350169,-0.3415375,0.1954918,0.3781446,-0.7584051,-0.0102479,-0.004473839,0.04334837,-0.2033841,0.06908125,-0.04364973,0.4397898,0.4380251,0.3641908,0.3873609,-0.02439541,0.1122332,-0.148781,-0.002187192,-0.05379921,-0.42045,0.04556039,0.4618057,0.3848163,-0.4258386,0.1043534,-0.01864473,-0.2295629,-0.02394896
0.3060025,0.3279226,-0.350502,0.2078116,0.2081853,-0.2757474,-0.4426438,0.2619188,0.1095424,-0.2557214,0.1666048,0.02131751,-0.01380374,-0.1285736,-0.02338826,0.2081705,0.3293364,-0.09997958,-0.3474271,-0.444715,-0.4139907,0.009877741,-0.5208166,0.07225353,-0.3940363,0.08125221,0.006398359,-0.4618767,0.1858017,-0.07751793
0.332481,0.4509209,0.2838063,0.05009061,-0.0572719,-0.3082888,0.08840689,-0.2416102,0.1422908,-0.3900043,0.05430939,-0.370711,-0.4203011,-0.066381,0.3510848,0.3240972,0.07792652,0.3720301,-0.2430903,0.348094,-0.00302273,-0.2631946,0.1174071,0.144311,0.3565352,-0.05909878,-0.04517239,-0.1891326,0.1175522,-0.1582415
0.2074691,0.02420316,-0.0517357,-0.02257746,0.3814314,-0.3733133,-0.4631613,-0.4296269,-0.2595287,-0.4112516,0.02966182,-0.8107117,-0.4206657,0.1328062,0.2096718,0.0179466,0.717831,0.3835009,-0.04600593,0.04208295,0.4380107,0.8467765,-0.1311151,-0.4936736,-0.3771983,-0.1702671,0.135138,0.004180729,-0.2149072,0.1251202
-0.2865794,0.1598136,0.1298963,0.1573999,0.00218513,0.1348572,-0.1444277,0.3122156,-0.2718721,0.4119877,-0.4739432,-0.1480774,-0.4228953,-0.4299687,0.3221234,0.1591272,-0.2467235,0.4104966,-0.3696674,-0.08682175,-0.0321406,0.05135318,-0.2089397,0.06163264,0.4097818,0.3832599,-0.03169399,-0.3206112,0.5971797,-0.1744562
0.2646409,0.3105969,-0.3778886,-0.02388996,0.1653446,0.271674,0.4674598,0.01844436,0.1003855,-0.4963955,-0.4816102,0.2244617,0.4241849,-0.3790586,0.09807259,0.2879899,-0.05476471,0.4453706,0.1345714,0.1070932,-0.1565372,0.07011697,-0.09409004,-0.1350005,0.224217,0.2982792,0.07103091,-0.3284827,-0.4036974,-0.2937744
-0.4733663,0.4704446,0.05497929,0.2732214,0.364783,0.2148864,0.5765923,0.4698933,0.4061065,-0.494705,-0.008445848,0.2941533,-0.01831561,0.2433424,-0.6868869,0.11506,0.3396769,0.5163245,-0.1143472,0.2495354,-0.04071936,0.4875057,0.3095871,-0.1106431,-0.5027511,-0.4893796,-0.4764197,0.2071131,0.02264374,-0.5567529
0.4220953,0.03521904,-0.003976773,-0.1500311,-0.1932638,-0.1547003,0.130142,-0.001256645,-0.1917025,0.4825144,-0.4472698,-0.0215674,-0.4824089,0.05680031,0.8932706,-0.2348205,0.05905908,-0.0995586,0.4466326,-0.01827508,-0.4233646,0.2569688,0.4950006,0.1604001,0.06475969,0.2901222,0.164325,-0.2956042,0.5081273,-0.2844478
0.7014033,-0.3411016,-0.2593548,-0.1987956,0.2475995,0.3676504,0.2263884,0.3455835,0.02858195,-0.114139,-0.1683752,0.1738034,0.4568611,-0.02997244,-0.1819417,0.001332223,0.2230136,-0.01653422,-0.4651076,-0.1012017,0.01004511,-0.2594606,-0.07185262,-0.4880682,0.2680712,-0.1583888,0.3897626,-0.4658494,0.1993499,0.2543078
0.4979794,-0.01801389,-0.06401645,-0.2216681,-0.3849706,-0.217153,-0.001285561,-0.4956018,0.4413579,0.1596924,-0.308306,-0.4036751,0.0165531,-0.3110032,-0.03310743,0.1511594,-0.3368092,-0.2712523,-0.494554,-0.08381185,0.2983845,-0.2105825,0.01964849,0.3356733,0.366329,-0.642599,0.3337803,-0.2987063,0.04409219,0.2325055
0.02382714,-0.04867083,0.04782778,-0.009440137,0.5245473,-0.1509203,0.380531,-0.1524182,0.4301996,0.7075713,-0.1334777,-0.2396896,-0.3566214,-0.412574,0.5535029,-0.1812574,0.5475683,0.3249116,-0.2399208,0.008394925,0.2297751,-0.0507904,-0.1952114,-0.03662239,0.4995744,0.1987069,0.2740873,0.2964772,0.2924712,0.1656192
-0.412178,-0.6531563,-0.1820442,-0.4654096,0.1576071,0.1608099,-0.2710457,0.1075651,-0.1927784,-0.03723785,-0.3226263,-0.3150079,-0.1154442,0.2012658,0.376727,-0.1479695,-0.4684994,0.08294328,0.1686589,0.4445758,-0.425823,0.2917801,0.3360422,-0.05326897,-0.2324792,0.3618464,-0.3649294,0.5008265,0.2687868,-0.4767605
-0.1201983,-0.2400843,0.08609182,-0.4039757,-0.1810611,-0.1508101,-0.06816775,0.8702823,-0.3890324,-0.4478191,0.4044118,0.1272873,0.3140851,-0.4258487,-0.467901,-0.3364965,-0.2722958,0.243847,0.1594879,0.3752411,-0.430105,0.1716071,0.4684029,-0.2216447,-0.2899891,0.3206454,-0.0774508,-0.2059882,-0.3199999,-0.2113453
-0.5096398,-0.001615108,-0.01399968,0.3648064,-0.2767301,0.02561518,0.4010147,0.03738385,-0.2584884,0.1582371,-0.06541128,0.4553494,-0.5128571,0.7072571,0.3790498,0.01049465,-0.0622358,0.3438239,0.06414205,0.7247061,0.2924533,-0.09435985,-0.1971679,0.2003449,-0.7264172,-0.1064929,-0.1560785,-0.4318703,-0.07077661,-0.2809271
0.1232702,-0.5051005,-0.02699715,-0.3782593,0.1118608,0.001222666,-0.2903358,0.4081126,-0.2716453,-0.2922324,0.5476673,0.007136948,-0.00187815,0.3627344,-0.4452211,0.3098799,-0.03580982,-0.1525341,0.7515267,-0.003708082,0.2991509,0.4553331,0.475149,-0.0004065434,0.4221901,0.1780136,-0.1117762,-0.3822031,0.04961282,0.1245747
;
0.347111,0.2511398,-0.4318432,-0.2126123,0.4563983,0.2858441,-0.07722048,0.06167948,-0.01197184,-0.1343526,-0.1835092,-0.4561926,-0.2005373,0.3403266,0.009108666,0.4198412,-0.2654725,0.3241141,0.7529159,-0.01309229,0.1408912,-0.2461872,0.01621354,0.4884907,0.1864153,0.01872319,-0.3014262,-0.1233369,-0.0591636,0.2406437
0.1771486,-0.02136586,0.1702804,-0.02637225,0.2180406,0.2037088,-0.05542217,0.1087893,-0.1237244,-0.309046,-0.04384071,0.4118807,-0.7470476,-0.3659537,-0.04657775,-0.4183097,0.1048107,-0.3008554,-0.3784713,-0.4149911,0.4299176,0.3551656,0.74551,0.0008789686,0.05123347,0.4364569,-0.1711728,-0.4295195,-0.529806,0.4731846
0.1723741,0.01839179,-0.3964206,0.2704378,0.1728706,-0.004199922,0.1835588,0.07780463,-0.2932801,0.4667079,-0.2452761,0.09847682,0.5292221,-0.264066,-0.1600802,-0.4504121,0.4690585,0.3466307,-0.05258502,0.3557544,0.5586482,0.06943524,0.3930887,-0.1415207,-0.06608075,-0.5134676,-0.1141108,0.05318922,0.1455264,-0.2775674
;
-0.3114985
-0.2913584
0.1119402
0.4069575
0.2865065
-0.2695069
0.2060207
-0.2737571
-0.2994174
-0.3884324
-0.05744511
-0.1456822
0.2345236
0.1419817
0.1837187
-0.1061037
0.04266864
-0.2008346
-0.01139385
-0.3787528
-0.1747811
0.1140011
-0.1656552
0.1310377
0.2946421
-0.4222643
0.1105905
-0.3852081
-0.1018538
-0.2094108
;
0.2465967,0.4466906,0.1357725,-0.3227365,-0.4592537,0.09083277,-0.1799427,-0.3488156,0.1656271,0.1850855,-0.1876369,0.3743384,0.2707516,-0.4291878,-0.4249318,-0.4660546,0.01441377,0.2332612,0.279175,-0.354102,-0.3584133,0.3033788,-0.4185539,-0.1328306,-0.3276541,0.2304396,-0.01206011,-0.3741428,-0.5364851,-0.4530818
-0.1681218,0.3026613,-0.345786,0.2146597,-0.4982909,0.02224559,-0.2277123,-0.1556903,-0.3287349,-0.07297128,0.4499333,-0.3397851,0.4677676,-0.1524088,0.3901361,0.1140612,-0.381442,-0.3524213,-0.1227555,0.01357776,-0.3466787,-0.3425024,0.2063926,-0.108365,0.04184359,0.0446077,0.1587967,0.3834771,-0.1424544,0.1339852
-0.326431,0.4089438,0.1296756,-0.226186,0.06824356,-0.3606948,0.4101262,-0.4179611,0.001008451,0.3769886,-0.3843245,-0.02989739,0.3481408,-0.4219348,0.1017063,0.2113122,0.2701175,-0.4466903,-0.3238288,-0.2555009,-0.1032214,0.4632986,-0.1834671,0.4286073,0.3357253,-0.4275635,0.1210381,-0.3369542,0.2718545,0.4721565
-0.4425206,-0.4289529,-0.4858866,0.03764433,0.01288217,0.100982,-0.06972092,-0.2841552,0.4692928,0.3675088,-0.1426242,0.245519,0.3268166,-0.07593995,0.4321313,-0.1926463,0.384153,0.4120049,-0.2890376,0.4385576,-0.4040442,0.2922642,0.2843795,0.3909185,0.009030759,-0.1382659,0.1890329,-0.4299228,0.0743682,-0.4644146
0.2869816,0.3696908,0.1248963,-0.1286322,-0.171966,0.4139122,-0.3446163,-0.3632803,-0.1192474,-0.4412622,0.2696755,0.3811334,-0.4390442,0.4784353,-0.2442817,0.4348434,0.1499387,-0.4730562,0.07213134,0.0526368,0.1200909,0.106066,-0.1453487,-0.03810531,-0.1877888,0.2200293,0.4965625,-0.2747296,-0.2543781,0.3127466
-0.190014,0.2849751,-0.337395,-0.4346782,0.1574079,-0.3823547,-0.2877493,-0.2366429,0.2256157,-0.288964,0.06807107,0.1403868,0.403034,-0.4392933,-0.4962186,-0.09300619,-0.0178569,-0.4244541,-0.4152125,-0.1891317,0.4102184,0.03189653,-0.05012852,0.2222445,0.3459597,-0.09476858,0.2090303,0.1283235,0.3179986,0.4282454
0.08428842,-0.4982592,0.290529,-0.3678312,-0.2998121,0.4355026,-0.1206302,0.480309,0.1800374,0.1115238,-0.4486303,0.07696134,-0.004341424,0.3164724,-0.302487,0.3593436,0.275504,-0.09394389,-0.2444764,-0.2027079,-0.3935876,0.4207385,-0.2151781,0.3710136,-0.2780792,0.3949767,0.3142557,-0.4443555,0.2484203,-0.04559421
-0.00983423,0.007576287,0.4253824,-0.183937,-0.048919,-0.05532581,0.3051571,0.02523263,-0.08868843,0.4603449,0.2260954,0.4713504,-0.1418663,0.2346032,0.2741766,0.1211719,0.2643583,0.1164265,-0.05017906,-0.0528776,0.4630735,-0.1346299,0.07956129,-0.06995827,0.4877199,0.263436,-0.2013168,0.1172804,-0.4278448,-0.3545713
-0.2556221,0.3928341,0.0550105,-0.4638215,-0.4965886,0.05158287,0.1853405,0.483798,-0.2094019,0.1806294,-0.2121863,-0.1595376,0.2976681,0.08086652,-0.1861562,-0.0001011265,-0.2589676,-0.4784135,-0.007582366,0.3550427,-0.4273397,0.02215618,-0.4289874,-0.4468703,-0.3709326,-0.3303852,0.07883006,-0.4223233,0.2141322,-0.3056461
-0.3760512,-0.4972324,-0.04036313,0.3094596,-0.2981064,0.04585749,-0.148274,0.4566665,0.2750686,-0.4443723,0.3421439,-0.09573323,-0.38425,0.498897,0.02628225,0.03652149,-0.255583,0.2889781,0.4816688,-0.274615,-0.4478577,0.01193053,-0.07819623,-0.2910757,-0.2638339,0.4830556,-0.2446923,0.1066162,0.02932411,0.186133
-0.05187315,-0.3214784,-0.1641505,-0.401353,0.3204963,0.01519901,0.1702048,0.1736051,-0.149913,0.3220307,0.1831567,-0.08714193,0.2615644,0.4186211,0.04192191,-0.1077979,-0.1642658,0.02941952,-0.112035,0.4434378,-0.3204968,0.2969816,-0.2784584,0.1278498,0.2799668,-0.4817469,0.4517175,0.009347498,0.4389055,-0.1276267
-0.03853816,0.1094819,0.233237,0.4999855,0.06739837,-0.3638307,-0.3199848,0.07234699,0.305951,-0.008982718,0.2635506,-0.3778044,-0.4410455,-0.06226689,0.4449937,-0.006251991,0.3430552,0.1517007,-0.1392459,0.4312692,-0.491066,-0.1861352,-0.4859287,-0.1168947,-0.1599219,-0.009871066,-0.1395996,0.4144167,-0.1530665,0.06852108
-0.1749722,-0.02770978,0.3316003,-0.1622844,-0.0291298,0.1963011,0.107383,0.3511266,0.3936836,0.3999031,0.04675144,0.4443336,-0.4162885,-0.4236045,0.2122654,-0.2370717,0.2249014,0.09007818,-0.0652588,-0.4501779,-0.2513117,-0.4897089,0.0108798,-0.03283554,-0.3004471,-0.3076804,-0.02048796,-0.3069237,-0.1290249,-0.242205
0.4966422,0.2917681,0.2072559,0.4202226,0.3590254,0.0427461,-0.2255169,-0.6450834,0.4452068,0.3910421,-0.2880943,0.08648556,0.4388199,0.4718877,-0.3646301,-0.2918849,0.02214199,0.0659911,0.2955739,0.1350024,-0.06600505,0.3832049,0.3475879,0.06117135,0.2753384,-0.1922687,0.1179373,0.18803,0.3081626,0.1149153
0.4946296,-0.3677701,-0.3665673,-0.266924,0.2679642,0.1684972,0.009525597,-0.1508275,-0.4041969,-0.4174557,0.1347099,-0.2745429,0.04806322,0.3213998,0.3501025,-0.4338295,0.03351992,0.1760213,0.1873962,0.3976417,0.1730444,0.4819659,-0.333197,0.1624278,0.04739338,0.2083298,0.4127203,-0.3250455,0.146618,0.1640963
-0.385196,0.005791366,0.3634795,0.2111615,0.2509706,0.4666508,-0.01876372,-0.4700423,-0.24812,0.1802546,0.4280075,-0.2493991,-0.2755141,0.009214025,-0.03922504,-0.3879682,0.1376141,-0.4776173,0.3019564,0.4350618,-0.4244013,0.0008205771,-0.2934204,0.08107728,-0.05517691,0.1321497,-0.4664102,-0.161524,0.03303839,0.1370767
0.3600513,-0.2807714,-0.2297203,-0.4426951,-0.1502936,0.3229036,-0.3901573,-0.2400431,-0.04450589,0.144029,-0.03490788,0.07796496,-0.4227358,0.1873618,-0.3821175,0.003683507,-0.3687272,0.2147058,0.007258236,0.09831363,0.4675472,-0.1648545,-0.1598218,-0.3890028,-0.1987809,0.4057854,0.4527102,0.003581345,0.0665186,-0.1588184
-0.1431375,-0.2079174,-0.4919693,-0.4206675,0.2700131,0.225829,-0.09632176,0.4701316,0.4093823,0.4712043,0.1149098,-0.4901558,-0.1214932,-0.3319041,0.2514695,0.02269608,-0.1605138,-0.2179168,0.01937586,-0.2870345,-0.07483715,-0.1492115,0.3229318,0.2361431,0.06080872,-0.2797616,0.282642,0.1171142,0.08989471,0.07850307
-0.1968579,-0.396423,0.3731909,0.4210371,-0.4370496,0.3849065,0.4907634,-0.436587,-0.2621802,-0.3937659,-0.2501442,-0.3213639,-0.04572672,-0.345013,0.08479565,-0.4131858,0.4196885,-0.3107105,-0.3104172,0.1603064,0.2276735,-0.485543,-0.06909829,0.4147642,-0.2592189,-0.2538112,-0.1535179,-0.00811547,-0.2195633,0.3680283
-0.3502948,-0.09561402,-0.3818473,-0.2058372,-0.03898424,0.4352896,-0.009165943,0.1672728,-0.05188578,-0.02951235,-0.2351411,-0.1796066,0.4396136,0.1297552,0.04505438,-0.173428,-0.3178766,0.2564189,0.1818244,0.4238064,0.362114,-0.1831539,-0.265419,-0.184384,-0.4886192,-0.1322048,-0.3137553,0.3276834,-0.1366911,0.4502907
0.3257179,-0.1714311,-0.4337336,0.09210128,-0.04696065,0.1204563,0.1953348,-0.1912195,-0.3774613,0.4697524,0.1078135,-0.05226094,0.3267801,0.1153335,0.2039252,0.3090287,0.06868523,-0.2210627,-0.3910897,-0.1720373,-0.1972004,0.1389708,0.441702,-0.06296581,0.1915289,0.1447776,-0.2913716,-0.2726538,0.4051813,-0.1070011
0.2920183,0.1427525,0.01065415,0.03968793,-0.181254,-0.4390686,0.2641704,-0.1065878,-0.1709811,-0.09059733,0.1671852,-0.3242321,0.3353752,0.005500149,-0.422267,0.3202975,-0.01050236,-0.4033774,0.4411598,-0.4133618,0.3316528,-0.2002671,0.476136,0.06994981,-0.3460399,-0.2062741,-0.4010845,-0.4237456,0.03004152,0.4247082
0.3297861,0.3349192,-0.4364122,-0.4973668,0.4398096,0.2274211,-0.4405785,-0.236597,0.3843839,-0.1826407,-0.4308392,0.08918029,-0.4111469,0.1938736,0.4748904,0.2315889,-0.05256301,0.3327805,-0.5670047,-0.3422207,0.1642505,-0.0290888,0.3098027,0.2725641,0.209809,-0.4873497,0.422666,-0.4327011,-0.3715076,0.4117696
0.09655279,0.2200781,-0.3778032,-0.04097337,0.427472,0.1962911,-0.3389801,-0.4142596,0.1656471,-0.1081697,0.408717,-0.2405713,-0.3419141,0.2845438,0.3469354,-0.184177,0.06625515,-0.2668462,0.3010617,-0.2567773,-0.1543141,0.3650922,-0.1284001,-0.1698901,0.1505033,-0.02015108,-0.1605189,-0.3760772,-0.2360037,-0.4197205
0.06149656,0.06491393,0.07772881,-0.3332561,0.2719567,-0.4694371,0.4677769,0.4881276,-0.01612085,0.4311111,0.30682,-0.1934844,0.08617538,-0.1047794,0.3208507,0.3194176,-0.1694371,-0.1528797,-0.4410723,0.03067309,-0.3913486,-0.4396137,-0.358445,-0.3039922,-0.269663,-0.4731641,0.04890686,-0.08453411,0.01499003,-0.1245711
0.0237655,0.4973737,-0.06418675,-0.2422256,0.06675023,-0.3352964,-0.2976812,0.397007,0.421334,0.3893657,0.2830099,0.4416236,-0.3142885,-0.1588487,0.416537,-0.1330121,-0.2874585,0.3645716,-0.4865702,-0.1208264,0.4762403,0.006215751,0.3411431,-0.1657253,0.206061,-0.4901917,0.07309729,0.2843453,0.1752477,-0.1711224
-0.4400407,0.1602442,0.3457539,-0.402993,-0.1025773,-0.1833108,0.1007184,-0.261649,0.468495,-0.1194944,0.1334041,0.08059841,-0.356737,0.6496777,0.06572306,0.1790904,0.413511,0.2176047,-0.310374,-0.1565593,-0.2076083,-0.2193787,-0.1924407,0.4314812,-0.6202036,-0.4416745,-0.0840047,-0.1943912,-0.03215057,0.3835961
-0.01715761,0.07841986,0.3453103,0.483881,0.2994831,-0.07403296,-0.1572432,0.2761649,0.3780172,-0.4517256,-0.2115451,-0.3751084,-0.1518266,0.02350694,0.2854799,-0.1125976,0.4784629,-0.1190785,0.02894312,-0.3514282,0.09386271,0.1224876,0.161434,0.06817919,-0.2662911,-0.4599675,-0.4472188,0.08731228,0.4765593,-0.5904387
-0.4155077,-0.3543336,0.3702923,-0.04694217,0.4847186,0.4183844,-0.3138278,0.007962525,-0.3459083,-0.3727549,-0.3994524,0.4218282,0.1266835,0.4151751,-0.05118209,0.2206256,-0.4633542,-0.1015653,-0.1690847,0.2768151,0.3333818,0.4909551,-0.2177905,-0.1401365,0.4975796,-0.2631086,-0.2531264,-0.2251201,-0.2534267,0.4409939
-0.3608681,-0.4599264,-0.4258627,0.1953294,0.4706275,0.1760977,-0.2567497,0.1258663,-0.06588942,-0.06319684,0.2328247,0.3039953,-0.330708,-0.1250388,0.3563585,0.3031069,0.1824008,0.2901442,0.3442661,-0.2858856,-0.4219573,-0.3850896,0.1883579,0.4212269,0.4223529,0.3752679,0.2797852,0.390638,-0.09117478,0.2247274
;
-0.1564167,0.390977,-0.108327,0.02232748,-0.2270762,0.4138379,-0.308945,0.4852347,0.2454634,0.2200118,0.3832994,-0.01329738,-0.2922362,0.4574809,-0.4570323,0.4785693,-0.4645452,0.2402719,0.4951257,0.1026012,-0.1611912,-0.1869279,0.1850505,0.2114084,0.1103794,0.4058841,-0.1979228,0.1050184,-0.1809824,-0.05118304
0.2113439,-0.270908,-0.2929255,0.4530736,-0.4975218,0.3953624,-0.1965885,-0.0001074195,-0.2362822,-0.4034513,0.45629,0.3984288,0.4732141,0.286442,-0.006395741,-0.1254414,-0.4125397,0.4744782,0.1840056,0.2508986,-0.3507351,-0.03842443,0.1997808,-0.3867128,0.4272436,-0.6339147,-0.09812516,-0.1099642,0.05542439,0.1263213
-0.2156348,-0.1619546,-0.01233798,-0.175526,0.006469429,-0.277223,-0.2915431,-0.07653445,-0.298045,0.1828008,-0.2382374,-0.3955586,0.348199,-0.4485875,-0.3805354,-0.3807697,-0.172123,-0.3460028,-0.02506644,-0.128794,0.02029794,0.1357661,-0.4438047,-0.289399,0.1566819,0.3276303,0.4579538,-0.009357728,0.1953753,-0.197823
;
0.5186723
-0.3600187
0.1441415
0.1194847
0.05634037
0.1604369
-0.9430766
-0.02476143
-0.1834336
0.1432359
0.1113696
-0.09555882
-0.4751644
0.4035935
0.8301541
-0.2605481
0.1893468
-0.652106
0.4940827
0.110755
0.3713678
0.03724855
-0.4976761
-0.0656113
-0.1749756
-0.3546406
0.08181348
-0.693456
-0.2167124
0.308556
;
-0.1277356,-0.2267072,0.3482131,-0.4394175,-0.6484572,-0.4487271,0.1131369,-0.03681812,0.008143513,0.3431515,-0.469597,0.2197324,-0.5000389,0.3627952,-0.1938275,0.154865,-0.2498047,-0.2445626,-0.001305054,-0.4407973,0.3277262,-0.1505277,0.355745,-0.485985,-0.189154,-0.2070208,-0.4199297,0.310701,0.3150133,-0.5262274
-0.0575462,0.2097106,0.2323269,0.2048485,0.4864733,-0.2468715,-0.002340112,-0.484612,0.8410618,0.06307483,0.1597142,-0.4866928,-0.3253716,-0.05172374,0.3949127,0.07366285,-0.4085699,-0.1806129,0.980806,0.2917385,-0.2928388,0.02994484,-0.2073447,-0.0009707808,-0.2665437,0.2436709,-0.3719918,0.01289888,-0.2140724,0.0002607642
-0.2159857,0.3878133,0.01966625,-0.0457865,0.2219976,-0.249444,-0.1380449,0.1475824,0.4242221,-0.110176,0.02325541,0.3386699,0.1376905,0.2331987,-0.1279653,0.326517,-0.3859934,-0.2669158,0.05380449,-0.3475246,0.4287294,-0.1147899,0.3288345,0.321798,0.322472,-0.02123994,0.2748706,-0.3776551,0.0428558,-0.01294681
0.109233,0.04565116,-0.2322895,0.8486772,-0.1365968,0.1103254,0.1044261,0.1818411,-0.2616803,-0.3636255,-0.002163616,0.06939882,-0.3515277,0.1150133,-0.5974362,0.2998111,0.4215387,0.07905918,-0.106123,0.3054388,-0.434423,-0.484175,-0.004332645,0.03505808,0.9236749,0.4668336,0.4681538,0.1005639,0.4048289,-0.3986744
-0.4835149,0.2379916,0.1954259,0.1349809,-0.1258088,-0.1968153,-0.3127699,-0.3253917,-0.8869461,-0.007430375,0.07128769,-0.006186275,-0.02465456,-0.1382034,0.003914832,0.1867149,0.001982845,0.1001357,-0.3885154,0.2663397,0.3562635,0.1124878,0.3151902,-0.2083271,-0.2047214,0.3806703,0.1918994,-0.009537282,0.2128078,-0.05876923
0.4778168,0.1765965,-0.07150556,-0.119639,0.08013457,-0.2607871,0.01584944,0.04695271,-0.2459017,-0.1383674,-0.0205138,-0.09190605,-0.2777895,0.01289433,0.3749605,0.2918868,-0.2264965,-0.2788769,0.4070576,0.002284636,0.1306256,0.1038626,0.2380054,0.2336536,0.4210812,-0.2175826,-0.17937,0.0687969,-0.2189476,0.4773724
0.1157032,-0.003830458,0.1161268,-0.01815504,0.2284192,0.2281322,0.007579863,0.3044769,0.02178472,-0.03022426,-0.01742468,-0.3605479,-0.09356865,0.2718865,-0.09890964,-0.2854921,0.2298738,-0.0409482,0.3858721,0.2500532,-0.4212926,-0.2262455,0.0001635135,0.1435779,-0.09802347,0.002870853,-0.1936283,-0.2362315,-0.5678117,-0.3437503
-0.3063389,0.5071298,0.3215866,0.0548293,-0.1799382,-0.389964,-0.1308213,-0.007532775,0.07374375,0.0002645388,-0.03231043,-0.006282415,0.007641349,-0.1288983,0.4304117,0.2561092,-0.01626384,-0.4834017,0.4125965,-0.2414156,0.1369548,0.09867938,0.2219077,0.1568193,0.3640589,0.01798037,0.3514488,-0.2822189,0.4951333,0.0002875443
-0.2554658,-0.6664366,-0.1875803,-0.4490168,0.3743355,0.3044882,-0.09266621,0.1196186,0.4066525,0.4506042,-0.3034931,-0.3227747,-0.1589825,-0.2449363,-0.4897294,-0.2695984,0.1512689,0.4677521,-0.3509392,0.2803519,-0.4868193,-0.1864864,-0.05794448,-0.1417768,-0.02776653,-0.01820117,-0.4735883,0.2411083,0.9540109,0.3759403
0.00496906,0.06097513,-0.2753344,-0.01441807,-0.2696898,0.2499118,0.2823451,-0.001310175,0.8752022,0.2263921,-0.004768734,0.3064368,0.4094481,-0.2845143,-0.1582466,-0.1888665,-0.03945321,0.2115621,0.01105364,-0.02365631,0.383477,-0.07017855,0.06060349,0.2885588,-0.09497742,0.9595437,-0.4571382,0.487908,0.3063799,1.065094
-0.0173067,-0.03004047,-0.06886536,0.211816,0.3398885,0.1080128,0.1438192,0.4106085,-0.1861111,-0.02961108,0.6076552,-0.1347761,0.1413295,-0.2719446,0.1233371,0.4953232,0.2367812,0.3570596,0.3197473,-0.3105527,-0.1064429,-0.4330624,-0.01658241,0.192998,0.1387164,0.4228112,-0.03236955,0.2455905,-0.3565607,0.2052674
0.05618173,0.004985438,0.3875315,-0.4402536,0.108406,-0.1399984,-0.520622,-0.4974056,-0.1284526,0.06123203,0.4220632,-0.6187563,-0.02838901,0.3003463,0.2886412,-0.1025489,-0.4840485,0.3580177,-0.1046354,-0.01856695,-0.2543694,-0.06787284,-0.4912117,-0.3976532,-0.6282886,-0.3407019,-0.04551756,-0.3896169,-0.2007851,0.02038782
-0.7382236,0.2601424,-0.4425683,-0.09917873,0.4002322,-0.3384358,-0.05712304,-0.03724533,-0.2629644,0.0003132558,-0.4614032,0.4459625,-0.00855726,-0.4101604,0.2512949,-0.1636655,0.1476197,0.2316508,0.05416415,0.2917316,-0.1655726,-0.1518069,0.5153334,0.04042412,-0.03067569,0.1278322,0.1019723,-0.1618883,-0.1246775,-0.1121805
0.4769039,0.5545664,-0.3005643,-0.07200363,-1.069243,-0.5490817,-0.01755741,-0.2377559,-0.5230439,0.05093678,0.1350459,-0.5225152,-0.3107235,-0.2048337,0.4781768,-0.4826746,0.0118521,0.1104762,-0.05395323,-0.3792678,0.3535841,0.2242149,-0.3830281,0.04840158,0.2339978,-0.1253192,0.2368061,0.2344028,0.3436023,-0.5906369
0.02597881,0.2162719,-0.2775577,-0.2300687,0.4356844,-0.397792,0.2164608,0.2767032,-0.2350675,-0.5030047,0.4168508,-0.03140861,-0.006475031,-0.3538433,-0.3476236,0.195381,0.1060283,-0.4619683,-0.6082803,0.3663244,-0.114227,-0.3362564,-0.4683149,0.100707,-0.1912456,-0.002361476,0.4264933,-0.1358649,0.3104644,-0.05391353
-0.353603,0.08324368,-0.5055075,0.1121862,-0.10914,-0.1499163,-0.3710616,-0.2650272,-0.1158904,0.2731647,0.1335062,-0.1115549,-0.005096257,-0.09793919,-0.03578525,-0.3375152,0.04372806,-0.04979045,-0.3424101,0.4748913,0.3045848,0.3879101,-0.411602,-0.1950455,-0.2440595,0.07737853,0.1524262,-0.473476,0.4734308,0.01438196
0.2657076,0.320974,0.3623356,-0.4256644,-0.003559053,0.5577994,-0.101119,0.4066784,0.03106971,0.6020972,-0.2504667,-0.279927,0.02819223,-0.3507804,0.7531925,0.2073178,-0.1006538,0.2949514,0.4742523,0.4183086,0.0902372,-0.09087956,-0.5799299,-0.2343186,0.05580205,0.2502248,0.2302285,-0.1482063,0.2403648,-0.001033366
-0.2798902,-0.03870108,0.9243107,0.3387768,0.07217952,0.2910742,-1.389358,0.06366097,-0.05161589,-0.2637168,0.4529809,-0.7070888,-0.002749349,-0.1446692,-0.07600223,-0.1623729,0.05901307,0.04628995,-0.25759,0.1260861,0.07533734,-0.1094189,0.01669329,0.06645977,0.06345111,0.926895,0.004128289,-0.7826555,0.08202559,-0.3620012
0.3544501,-0.2689399,-0.02789988,0.4334184,-0.004556012,-0.08823104,-0.3608603,-0.135488,0.3892253,0.2976846,0.09047848,0.3016647,0.03957659,-0.3566647,-0.06761938,0.1546319,-0.8142134,-0.05154926,0.3733404,0.04339649,-0.4387617,-0.4352545,0.04080552,-0.2936971,-0.01707929,0.4677689,-0.3995551,-0.1527397,-0.4717322,-0.1021376
-0.1977612,-0.6257672,0.1672079,-0.4772574,-0.1440296,0.1038804,0.1637208,0.1658653,-0.08201402,-0.09191064,0.3767636,0.1431702,0.03858858,0.2234816,-0.1982405,0.2315053,0.08904976,-0.07299384,-0.07107848,-0.375585,0.06030969,0.2937334,-0.7817225,0.2503072,0.3119928,-0.09424886,-0.4543446,0.3038224,-0.4718586,-0.2107209
0.08639532,0.2410559,-0.05379067,-0.4674793,-0.2441324,0.3097446,0.1235563,0.3814505,-0.4952447,-0.05212575,-0.1251829,-0.4433707,-0.1900176,0.02452535,-0.5521907,0.1356107,-0.430588,-0.1739112,0.3404775,-0.2561815,-0.4603555,0.3878646,-0.2663109,-0.04709059,0.3527818,0.5415676,-0.1385937,-0.07744247,-0.0156901,-0.1524323
0.1260795,-0.5642745,-0.01426929,0.442185,-0.4086592,0.1127786,0.01640099,-0.07020193,0.09762917,1.258199,-0.006252438,0.284632,0.06208714,0.4107254,-0.1146155,-0.1669623,0.2470633,-0.02527104,-0.3885797,0.006181716,0.4352651,0.2996503,-0.7195948,-0.2784477,-0.04066642,0.1085723,0.3102964,-0.04884271,-0.3348788,-0.2736092
0.828926,0.1103563,-0.4489117,0.4177619,-0.1971565,-0.06791133,-0.06772929,-0.09553844,0.3196067,0.3541659,0.1470818,0.4708024,-0.2191017,0.02120537,-0.306742,-0.3078267,0.1116436,0.5529058,0.05377776,-0.4263998,-0.1496331,0.1663822,-0.06027909,-0.1815373,-0.304774,0.1600523,0.4663908,0.416432,0.3683517,-0.09811455
0.1260158,0.0001100388,0.02987589,0.001530282,-0.4216728,-0.3565273,0.4473726,0.07140154,0.01653379,-0.2048967,-0.221609,0.08710831,-0.03830661,0.2704135,-0.3729219,-0.001929866,0.01977471,0.01787978,-0.06792996,0.3497552,-0.3006447,-0.0164061,0.1090115,-0.112051,-0.6676596,-3.617377E-05,0.08545291,0.02109247,-0.02762547,0.3364362
-0.003781021,-0.166655,0.1412983,-0.3777817,0.3434644,0.08568865,0.3948919,0.002474897,-0.3173331,-0.3750292,0.4239401,-0.4084883,-0.01971179,-0.5953422,-0.361775,-0.1485735,0.1767472,0.04820646,0.4145319,0.3418553,-0.06216496,-0.3365567,-0.4433202,-0.4158624,0.007120192,0.3953087,0.6013725,-0.04378946,-0.326834,-0.3150601
0.5668888,0.09622568,0.2719662,-0.3843096,-0.2985175,0.1411618,-0.08615619,0.3750774,-0.1238381,0.4595104,0.4145196,-0.4555993,-0.1161568,0.1726261,-0.7694107,0.6435906,0.0764032,0.3865427,0.1858074,-0.2803894,0.1908768,-0.01336914,-0.4490941,0.4681805,-0.1198232,-0.2239366,0.1841915,0.2363839,-0.4473797,-0.01072544
0.03302723,0.3409375,-0.09364636,-0.23089,0.1143875,0.571281,0.2635233,0.6427969,0.0602991,0.006971228,0.02975327,-0.4160255,0.2847587,-0.4336253,0.0107736,-0.2478848,0.3065997,0.05130423,-0.4046646,0.4405887,0.3630055,0.02078038,-0.11441,-0.1860861,0.1979935,-0.2305788,-0.1310087,0.3802588,-0.2071897,0.01057665
0.02526575,0.4092815,-0.1879984,-0.5829857,0.0965212,-1.391788,0.01351349,0.3583804,-0.4140968,-0.1622924,-0.238145,0.06217889,-0.4436396,-0.1025988,-0.4744824,-0.1734104,-0.2096697,-0.07768723,0.2449795,0.2126703,0.3446657,6.986214E-05,0.5455884,-0.3026105,-0.009300948,0.4111278,0.08295549,0.2538115,0.1918082,0.004964292
0.4109681,-0.4651149,-0.4391566,-0.01439695,0.6500428,-0.04725295,-0.3023802,0.3922813,0.1968804,-0.3509471,-0.2169829,-0.4805768,-0.4994912,0.3601075,0.4604847,-0.1055902,0.1580752,-0.4497018,0.414755,-0.0490165,-0.1736462,0.3853922,-0.4902127,-0.4655365,0.01924508,0.3983541,0.04430956,0.07385843,0.4747546,-0.05598074
0.02777976,-0.275027,-0.02352709,-0.4810109,-0.2860455,-0.3704966,-0.1822624,0.623744,-0.02010834,-0.1435156,0.001936379,-0.03333423,-0.3876594,-0.3077612,-0.123169,0.004456918,-0.1279555,-0.6726988,0.1150068,0.08526641,0.253352,-0.08709079,-0.1061241,0.9729859,-0.4837247,0.3698086,-0.1895944,-0.2480767,-0.4401697,0.4615821
;
-0.3845167,-0.4639592,0.2592988,0.02967578,-0.4484615,-0.4566108,0.4283353,-0.03390323,0.1897622,0.2468254,0.1563026,0.09639345,0.06356663,-0.2371265,-0.1519828,0.4569701,-0.3968304,0.08874338,-0.01895612,0.2668504,0.07960383,-0.07357174,-0.6403359,0.002686441,0.4925064,0.1434956,0.3147241,-0.1983696,0.09604298,0.00870961
0.4114707,0.0420303,-0.2101854,-0.1584999,-0.443221,0.03120095,-0.3178008,0.4420784,0.0739355,-0.07959861,0.02691616,-0.2055168,-0.02946705,0.5294977,-0.02658866,0.06177682,0.6402355,0.03871149,0.08246547,0.2861735,0.1519343,-0.05801605,-0.2650942,0.02058739,0.2419952,-0.0759154,-0.3316449,-0.05025669,0.499776,-0.003473207
0.05225772,-0.05794006,-0.2907475,-0.2854489,0.2646047,-0.3661273,-0.4086521,0.6572465,0.2758115,0.02696955,-0.3087894,0.2534813,-0.4603142,0.6057244,0.1812591,-0.05859798,-0.03965015,-0.1192954,-0.05956503,-0.03742927,-0.1966533,-0.01242655,0.3387382,-0.3294179,0.1159723,0.02301946,0.6164201,-0.2106575,0.255208,0.8051607
;
-0.001395066
0.4330189
0.3378614
-0.2318787
-0.01635604
-0.2408419
-0.3498962
0.1794871
-0.2115636
-0.143451
-0.3106323
0.2867668
-0.4998472
0.1306652
-0.1774756
0.6286108
0.6045688
-0.3102523
-0.003055112
0.3736259
0.122061
0.1119326
0.6256164
0.3592362
-0.6333974
0.01238546
0.2709351
0.4751642
0.2199228
0.4790968
;
-0.311738,-0.275895,0.1182554,0.04428515,-0.4033982,-0.4615799,0.187057,-0.4753102,0.1603043,0.4403427,0.4246151,-0.01515537,0.1104646,0.2774372,-0.2329049,-0.3995253,0.1319622,-0.2428613,-0.473353,0.4979778,-0.1609616,0.1229645,-0.3810103,-0.344562,0.1106055,0.2447656,-0.3375355,-0.04959053,-0.5061066,-0.1596606
0.3695475,-0.09677404,-0.07911152,0.3559546,0.3893077,-0.8885076,-0.03537829,0.199323,-0.009219638,-0.4430082,-0.1354055,-0.1331819,-0.5185469,-0.08863427,-0.02439052,0.1186165,0.4878863,-0.1026495,-0.820402,0.4623673,0.198465,0.0269967,-0.09280354,0.3193862,0.2613121,-0.4410561,0.1885446,-0.02635694,0.1510489,-0.4580207
-0.1796045,-0.1658194,-0.4528081,-0.2091809,-0.1763909,0.3418293,0.1720427,-0.3123175,0.05596711,0.4820139,0.6866474,-0.4989952,0.3603693,-0.03178291,-0.1637961,0.3273714,-0.5771104,-0.3482137,0.3892623,0.01003853,0.3339665,0.2989816,0.3296151,-0.1622793,0.2838682,-0.1219117,0.09604162,-0.4524306,0.3710261,0.03739673
-0.1189415,-0.1477582,0.777459,0.4893931,0.003131211,-0.3474392,0.4553541,0.03866277,0.2067381,0.1397976,0.1645447,-0.1441737,-0.04004985,-0.01543258,-0.3251593,0.05321,0.06286806,-0.4936302,0.1286255,-0.2026807,0.2156873,0.0005577934,-0.03815705,0.4447094,0.3696117,-0.3128204,-0.1602616,0.2289874,0.3737324,0.3095518
0.02757972,0.0479036,0.3442999,-0.3728809,-0.2332282,0.2814543,-0.1211309,0.1575974,-0.002290428,0.6332698,-0.1594192,-0.215615,0.3521425,0.186742,0.552343,0.02480527,0.4260603,-0.3920243,-0.029589,0.1222575,0.3744102,-0.08379883,0.1546983,-0.2324072,0.05889851,-0.2966251,0.0346352,0.5885645,0.1347831,-0.3060348
-0.165101,0.05382744,-0.1005209,-0.315568,-0.3793292,-0.2561929,0.06264022,0.2076821,-0.009530962,0.02721709,0.006780623,0.4259527,0.00052269,-0.2344993,0.255147,-0.2479374,0.08696713,-0.08097368,-0.008600172,-0.4881328,-0.557098,-0.1758879,0.1818213,-1.470345,0.3343483,-0.2284089,-0.5179949,-0.5599361,0.5631958,-0.4035623
0.3138865,0.3169621,0.7544526,-0.1798829,0.08837312,-0.1658679,0.5592571,0.1726451,0.1720733,0.1076245,-0.09491615,-0.1144,-0.04958457,-0.1219424,-0.3885159,-0.2992852,-0.1625095,0.2161564,-0.1657116,-0.1836763,-0.5906667,0.02833822,-0.09925038,0.3638808,-0.4743502,-0.1804705,-0.4736764,-0.2091518,0.1589878,0.1488936
0.4810065,-0.2355443,0.3123201,0.1955673,-0.07220465,0.2071324,0.1464266,0.3231058,0.2134452,1.253884,0.410412,0.2939297,-0.3708941,0.004055191,0.1493204,-0.01332146,0.4119703,0.2554985,0.1509307,0.4956696,-0.3334056,0.1446602,0.1217477,0.4748287,0.0178346,0.1957743,0.1882282,-0.01258439,0.003976047,-0.1865567
0.1028256,-0.08872622,0.04893452,-0.3756216,0.1236614,0.464929,0.1075683,0.2811673,-0.07837784,0.6184204,0.502053,0.4927789,-0.08832751,-0.4111567,0.267933,0.1650716,-0.274492,-0.02227977,0.03447575,-0.4790472,0.01267756,0.4308197,0.6475418,-0.0272544,0.2243402,0.4462497,-0.7223273,-0.123949,0.1123528,0.3380202
0.3569982,-0.4288387,-0.1037678,-0.4895037,0.2267891,0.1125397,0.004943436,-0.2024826,0.03074343,-0.3330115,0.4104089,0.004302863,0.1836062,-0.1962329,0.2469915,-0.0433467,-0.1346986,-0.1441079,-0.8369356,0.4004851,0.3780482,-0.6316409,-0.4470196,0.1080977,0.2438707,0.4520408,-0.4897165,-0.1770281,0.3487269,0.1619673
-0.1694111,0.1745034,-0.2787988,-0.04809532,0.5932854,-0.4336478,0.1026821,-0.2035311,0.440254,-0.3165344,-0.07367104,0.4575104,0.03825825,0.2664787,0.1563719,-0.4331702,-0.5106761,0.4521701,-0.05747503,0.6075359,-0.1892387,0.3406368,0.4845427,-0.4243133,-0.03210638,-0.3193269,0.4360427,0.1302522,-0.1761229,0.1931385
-0.1389611,-0.03721246,0.1594391,0.3158022,-0.2041332,-0.07737831,0.3137476,0.0002897074,0.06579772,-0.6569485,-0.125918,-0.2151289,-0.01108152,-0.1355271,0.03206128,-0.3040485,0.07911521,-0.3898423,-0.3280272,-0.3078442,-0.2058547,0.005074322,0.3531729,0.159114,0.08505192,-0.4772739,0.3146849,-0.09853369,0.1975769,0.03837072
-0.087228,0.07000714,0.1931383,-0.4051443,-0.4479105,-0.1243617,0.1913784,-0.1077445,-0.3202329,-0.4379766,-0.090807,-0.05446714,0.6218017,0.4179933,0.1597295,-0.4291945,0.01114065,0.05171231,0.1588554,0.07595942,0.5876443,-1.074458,-0.3604256,0.1197723,0.0008295212,-0.4190326,-0.4014536,-0.08284751,0.3972567,0.01051217
0.01056032,-0.3430872,-0.2286882,0.1664073,0.2326937,0.5908005,0.03766102,0.3809147,0.03768424,-0.1702397,-0.1271493,0.4202836,0.1335749,-0.3104236,-0.4036727,-0.3795396,0.07526957,-0.3652452,0.1967851,-0.3185664,-0.1893073,-0.09952384,-0.02205127,0.03707214,0.8383444,-0.2344784,0.01815925,-0.5022979,0.1560392,-0.2738413
-0.01969558,0.4740827,-0.08824784,0.4638777,-0.08548449,0.3504344,-0.00350934,0.002720773,-0.3556269,0.08190411,-0.08111483,-0.06315309,0.03079063,0.1313444,-0.3238455,-0.393598,-0.3808675,0.4790851,0.01789719,0.1244941,-0.03201085,-0.538798,-0.2702222,0.4608828,0.4836512,0.3888537,-0.216878,-0.3275268,0.1140992,0.371549
0.07452804,0.02595645,0.0903572,-0.0413693,0.0720172,-0.142478,-0.1142174,-0.4902468,-0.3951546,-0.05991834,0.201938,-0.0253511,-0.2689266,-0.008496292,0.09209317,0.3890708,-0.2459416,-0.4972292,-0.2519245,0.6005122,-0.01651745,0.03035197,0.0004230528,0.0664224,0.1333545,-0.1878802,0.2130965,-0.09489832,-0.08080918,0.6134743
-0.9703519,0.01062145,-0.103561,0.164027,-0.08944732,-0.2862723,-0.01400501,0.01436722,-0.2451783,0.001880424,0.01210875,0.2528123,0.2159832,-0.123791,0.1361235,-0.3469132,-0.2392051,-0.4105808,-0.0942366,-0.3587506,-0.01136488,0.3560659,0.1881504,0.212507,-0.3260009,-0.4603374,0.06535048,-0.1813572,-0.3771076,-0.1227733
-0.3584503,-0.4271612,0.308722,-0.01499027,0.3336959,0.4168732,0.330189,0.134684,0.05585401,-0.1127215,-0.4744184,-0.4710314,0.288428,0.1966219,0.2450219,0.4104002,0.2462921,-0.1719763,-0.2564685,0.1787213,-0.1757311,-0.3536391,-0.1218575,-0.479712,0.2330892,-0.04612178,0.3089406,0.4617829,0.2452195,0.105401
0.01346738,0.09295648,0.05213374,-0.3784827,-0.3617715,-0.484059,-0.2069351,0.01160191,-0.3224138,-0.004034427,0.6896912,-0.4993477,-0.163839,-1.016346,-0.1578614,0.2125845,0.3574781,-0.02841457,0.02402276,0.18375,0.04927665,-0.1117029,0.4575354,-0.1036643,0.0818923,0.1856905,-0.3916099,-0.0951143,-0.1512375,-0.01904029
-0.04259302,-0.007239982,0.5692933,-0.490831,-0.1589458,0.05097791,0.4205627,-0.4588772,-0.2475725,-0.3630085,-0.0570421,0.454309,0.09366289,0.05976456,-0.09220272,0.725802,-0.4196159,-0.05470091,-0.4968676,0.8700422,0.2575209,0.0151642,-0.3764122,-0.04805475,0.0359193,-0.3103445,-0.1262477,-0.2853031,-0.03505832,-0.4616145
0.0297036,-0.4893923,0.03594655,-0.4928074,-0.1233105,0.4941864,0.05376562,-0.09689945,-0.05180186,0.08584564,-0.4971334,-0.01407321,0.3065727,0.418828,-0.04571374,-0.2906079,0.004348532,-0.1344058,-0.3918911,-0.2927983,0.03917766,0.4021811,0.2233346,-0.05219661,0.163678,-0.2471519,1.151224,-0.4193871,-0.2162113,0.1125212
-0.01595803,0.4509787,0.5079417,0.325579,-0.1352274,0.4164808,0.04266319,-0.305468,-0.1250741,0.04122823,0.424829,0.04544073,0.3025223,-0.1115398,-0.4321736,-0.3679349,-0.01109807,0.4361461,0.1735845,-0.04538809,-0.1280865,0.01471514,0.256093,-0.4087691,0.3097153,-0.05543607,0.2590389,-0.4865955,-0.4300365,-0.1798491
-0.06657749,-0.1368886,0.3273344,0.01305355,-0.06188542,-0.3483384,-0.4830035,0.1115304,0.4941523,-0.466264,0.7227314,-0.0215946,0.4810581,-0.2985294,0.6663387,-0.4483966,-0.04822343,-0.08130831,0.3813649,-0.154232,-0.3839618,-0.0002058107,-0.244914,0.2726713,-0.1043707,0.01045073,0.07909983,-0.3522676,0.1549481,0.07795272
0.3771667,0.01839532,-0.4985509,-0.09068865,0.0433293,0.3106006,-0.2306743,0.4876348,-0.3369583,-0.2311466,-0.1524882,-0.03887564,0.563238,-0.2416601,-0.1500071,-0.2787231,-0.02639574,-0.4890121,-0.1245037,0.4712943,-0.3533286,0.04668921,-0.4846143,-0.2520996,-0.1990279,0.4620401,0.02610224,-0.2237599,-0.06447572,0.3425684
-0.1257625,0.01283282,-0.095724,-0.8122972,0.2819893,-0.4202169,0.2933497,-0.2792987,0.270081,-0.2346228,-0.1372133,-0.4971154,0.4787607,-0.02336758,-0.512467,0.08752269,-0.1458282,0.182405,0.08467878,-0.2011451,-0.403433,0.06142312,0.1871316,-0.1645281,0.3881102,0.3366792,-0.2969965,-0.2649387,0.3956381,-0.005328438
0.2571115,-0.2981529,-0.04688853,0.04547838,0.08767015,-0.2168519,-0.1166014,0.4971498,0.4982543,-0.1378134,-0.4364449,0.1525037,-0.01929556,0.620831,0.3170273,0.1145384,-0.3905542,-0.1729836,0.344513,-0.6980748,0.6924492,-0.4690102,-0.3927069,0.1942887,-0.07749831,0.4557714,0.07834437,-0.2442731,-0.03939182,-0.2868362
0.1239523,-0.03339358,0.1245838,0.2572724,0.3281484,-0.003250322,-0.9156563,-0.187788,0.645859,0.4582826,0.1455811,-0.2878491,0.01683816,0.09782916,1.00081,-0.0160051,-0.2965178,-0.1819619,-0.2297058,-0.2495208,-0.1256314,0.6209821,0.00530152,-0.4063118,0.2293606,-0.4924908,0.07706665,0.2691485,-0.1922483,0.178402
0.133804,-0.2912678,0.4197698,-0.3383995,0.3531107,-0.2869499,0.06098455,-0.1109874,0.1770942,-0.03314003,0.1087548,-0.4963129,-0.249142,-0.251148,-0.1389159,0.4925011,0.06741878,-0.3805867,-0.406725,0.2620846,-0.06533466,-0.1268089,0.2805966,0.1943313,0.06140262,-0.2341426,0.3996779,0.07678169,-0.003145039,-0.209895
-0.4304156,0.4590182,-0.280423,0.01432973,0.05341476,-0.003651522,-0.149104,-0.1392567,0.2972005,-0.07484635,0.1269127,0.05471069,-0.08375448,0.1809326,-0.2087017,-0.2390551,-0.2088357,-0.2844787,0.03959003,-0.1167474,-0.1052132,0.1822286,-0.1968005,-0.01700705,-1.079462,0.2245219,-0.3943934,-0.0942644,-0.2346039,-0.4879394
-0.07826525,0.2196312,-0.3397541,-0.1515852,-0.3436006,-0.03210435,-0.2332881,-0.162955,0.1689856,-0.3927471,0.004344523,0.009579687,0.4270407,0.4666862,0.01093556,-0.08296252,0.4875528,-0.1559826,0.292866,0.147691,-0.1687577,-0.205959,0.2192956,0.2605726,-0.3761545,-0.07661408,-0.1936892,-0.3062518,0.3269688,0.1228841
;
0.8845136,-0.4239339,-0.204776,-0.06541085,-0.4666956,-0.0129421,0.6595638,0.04556495,-0.2091593,0.04400629,0.4250441,0.4037544,0.4168282,0.2060224,0.003364146,-0.6590347,0.2635627,-0.4589026,0.001401101,0.1527731,0.3359728,-0.06879979,-0.5510206,-0.0133186,-0.3153678,-0.4357288,0.1387292,0.005428568,0.2076812,0.4234629
-0.1336618,0.4668874,-0.445857,-0.1111502,-0.2613571,0.1725762,-0.2373838,-0.08014721,0.4174871,0.282354,-0.2540185,-0.07568234,0.01532227,-0.412052,0.4010355,-0.3431568,0.03520071,-0.117989,0.1169694,-0.0008494258,-0.2343539,0.3116592,-0.4940508,0.06288558,0.02562815,0.3006823,-0.570609,-0.1942813,-0.4521796,-0.08121306
0.09750503,-0.0990674,0.2766377,0.3923662,0.2975509,-0.06934887,-0.2802829,-0.169668,0.138827,-0.7800844,-0.08666044,-0.09133598,0.0191737,0.07997572,0.1296748,-0.6227441,0.4207155,-0.2458147,-0.05976755,0.01421779,-0.2270314,0.2147267,0.3316878,0.1275191,-0.07495755,-0.3930244,0.1482347,0.02053164,-0.4356633,0.4181294
;
-0.08287328
-0.2165954
0.5653186
0.08185679
0.2196537
0.3536723
-0.01595664
0.03524328
-0.2790266
-0.3177388
-0.1280571
-0.06306118
0.2024139
-1.248165
-0.04178499
0.8990409
0.3060512
-1.132561
-1.064362
-0.2530811
0.03293058
-0.02579039
0.4625038
-0.4588517
0.02786047
0.0251857
-0.11951
-0.337036
0.1263873
-0.4116443
;
0.3127555,-0.37547,-0.2618049,-0.06329514,-0.02031345,0.1262235,0.4724827,-0.05022418,0.06286649,0.1465825,0.1827547,0.01263016,0.07139844,0.3339581,0.1535467,0.2099234,0.01616055,-0.01853339,0.3229451,-0.4263597,0.1479618,0.1636505,-0.3253312,0.1067976,-0.3488722,-0.493851,0.2012577,-0.1176531,0.1301937,-0.3832058
0.7804206,-0.3593194,0.2898167,0.0299685,0.3353509,-0.2961394,-0.02803485,-0.01852478,1.335912,-0.3339055,0.1595814,0.2505277,-0.4457144,-0.4765639,-0.2224376,-0.2705553,-0.4402829,0.08326174,0.5206351,0.4084992,0.4180286,-0.222281,-0.3395029,-0.3119811,0.05009514,-0.0496853,0.5494654,0.5615372,-0.06520343,0.1315279
-0.1478359,-0.07312791,0.2348643,-0.4806288,0.007409347,0.2202983,-0.3132595,-0.1520704,-0.4925501,-0.2731042,-0.05211252,0.07935065,0.3413494,0.02763749,-0.01657301,0.3475696,0.3224753,-0.008883995,0.4432185,-0.0380194,-0.493286,0.1967633,-0.3183738,0.4395609,0.4514539,-0.1681232,0.146479,-0.3733408,-0.05353863,0.4948035
-0.1062701,-0.2467883,0.4043479,-0.0707883,-0.4781539,-0.2719692,-0.1078005,-0.003330146,0.2759108,0.003006067,0.07967833,-0.2878841,-0.01368568,-0.1862882,-0.008827031,-0.05461174,0.2235507,-0.3430282,-0.4808627,0.765057,-0.4855435,-0.4086457,-0.03690975,-0.2119895,0.2362814,-0.3953381,0.419796,-0.1740486,0.07758766,0.1470699
0.371754,0.05765988,0.1169159,0.07222062,-0.2396078,-0.1295575,0.09100167,0.3976328,-0.2916018,-0.2411423,0.3909496,-0.9426394,-0.02924722,0.02303201,-0.05569231,-0.1475426,0.261983,-0.4386451,-0.2652529,0.3116425,-0.04143751,-0.4289511,0.1249019,-0.07885927,0.205916,-0.3667464,-0.1025303,0.5364314,0.4510272,0.02058373
0.2385239,-0.1016725,0.3677289,-0.1324601,0.2952393,0.6055297,0.26996,-0.3286684,-0.005330895,0.2040324,-0.2922156,-0.02287966,0.05507559,-0.306258,0.4164592,0.09633113,-0.3231262,0.04612257,0.2717634,-0.1267385,-0.4486774,0.128069,-0.1054821,-0.3294789,-0.1267976,0.134303,-0.3630626,0.271323,-0.01004168,-0.5215039
0.1468913,0.1263733,0.05974194,0.2075258,-0.1436359,-0.1211647,0.09864575,-0.2158783,-0.09560901,-0.7259347,-0.1752321,-0.01029928,-0.3692989,0.3164073,0.5961238,0.9367695,0.1874437,0.01871179,0.03822977,0.1560034,-0.3322772,-0.002126867,-0.3811368,-0.2829779,-0.3799914,-0.08923198,0.02892882,0.2479504,0.2615814,-0.03000507
-0.3058056,0.7629736,0.04895997,-0.2707825,-0.1725956,0.3005724,-0.2881864,-0.08376437,-0.1038713,-0.2472643,-0.02660186,-0.02837452,-0.3940781,-0.003434598,-0.4244844,-0.4705496,0.0572323,-0.1502764,-0.4722296,-0.1596848,0.009057126,-0.1107684,-0.2906332,-0.1100733,0.04152852,0.1486533,-0.8341472,-3.096568,0.3811371,0.0625325
-0.07151528,-0.04068466,0.422334,0.3877447,0.3442771,0.3516204,0.003904879,0.02675933,0.2468424,0.3999748,0.6737037,-0.4218482,-0.2998562,0.01345605,0.00214895,-0.1335055,0.1561932,-0.08085207,-0.3796308,0.2253651,0.04625529,0.2986449,0.3227013,-0.080169,0.4779845,-0.01666226,0.02105994,0.1485735,-0.1184437,-0.2690571
-0.09476005,0.156526,-0.2075461,-0.2912866,-0.14743,0.5163984,0.3501431,-0.05677575,0.06587189,0.02789062,0.337859,-1.003651,0.1665362,-0.5346034,0.1235788,1.808384,0.269484,-0.3922237,0.06601633,0.05781447,-0.01556428,-0.103161,-0.2296601,0.5599009,0.685846,-0.1771345,-0.2833334,-0.3609451,0.07857207,0.003072256
0.09690991,0.4652661,0.7863705,0.0153013,0.01486158,0.1425938,0.03962681,0.3052273,-0.0130037,0.1587881,0.4118986,-0.4662385,-0.2242873,-0.08342999,0.1321795,-0.04769433,0.4098138,0.5371031,-0.4048064,-0.3896111,-0.4954914,0.2641466,-0.3184545,0.3048649,-0.1250725,0.06036437,-0.07008952,-0.2553871,0.292262,-0.03349334
-0.2192261,0.4482614,-0.2573209,0.505634,0.01956552,0.02676147,-0.2163925,0.05691884,-0.2988096,-0.7878245,-0.06109041,0.4000156,0.06213242,0.3244263,-0.1534605,-0.3551774,-0.124948,0.2423789,0.4281436,-0.578329,0.4245502,0.4841758,-0.07470722,-0.1690987,0.2203092,0.3150048,-0.01959864,-0.0273287,-0.2023899,-0.1183447
0.3592087,0.1722854,-0.1535787,-0.2199195,0.086693,-0.2076084,-0.09440764,0.03028744,0.05650579,0.3352976,-0.8520895,-0.4904758,-0.07455908,-0.2014295,0.1880916,0.1018616,-0.02876513,-0.1963177,-0.1091063,-0.487365,-0.2060954,-0.01404229,-0.4925242,0.1146939,-0.2189357,0.3758807,-0.1219222,0.4018602,-0.1835316,0.3192915
-0.4239892,-0.4976844,0.2784369,-0.03692967,0.5316632,-0.264091,0.2462908,0.152082,-0.6487527,0.2980388,0.1384213,-0.008143422,0.216316,-0.1201169,-0.3726019,0.6936339,0.08748156,0.2254049,-0.03465706,-0.2742563,-0.07387608,0.04080274,-0.1338285,-0.158211,-0.1889496,-0.1964348,0.05351533,0.1864311,-1.05491,0.05017072
0.05441295,-0.530434,0.2143898,0.2172554,0.1459012,0.0632024,-0.005708131,0.2768959,-0.02563919,-0.4296042,-0.1022835,-0.6235721,0.08636063,0.01465146,-0.4927061,0.03640752,0.09058445,-0.2322968,-0.4178455,-0.4494939,-0.4435343,0.2209556,0.4617903,0.1078333,0.3796812,-0.1369007,0.4207917,0.3593001,0.6889704,0.2807032
0.007576658,-0.1105841,0.02617262,-0.08353464,-0.03685093,-0.4233734,-0.3256546,-0.01083022,-0.3469725,0.2600589,-0.3011518,-0.2051588,-0.3562804,0.01257636,-0.1546937,0.2622035,0.01740488,0.2311197,-0.1055038,0.3733021,0.1738988,-0.0002073646,-0.8204485,-0.04966706,1.455405,-0.3654869,0.001142399,0.1790031,-0.1337388,-0.09269397
0.2393322,-0.1243059,0.2965479,-0.01324826,-0.1336038,-0.3958753,-0.161259,-0.4141333,0.05194801,-0.05445618,-0.2273247,-0.02649933,-0.2806203,-0.1357693,0.5488245,-0.01117712,-0.125209,-0.1722044,0.08751966,-0.4398323,-0.004257904,-0.3144328,0.1424434,-0.4414941,-0.009168684,-0.377703,0.4106601,0.08240169,-0.2465137,-0.1160705
0.3454297,-0.1569697,-0.09504801,-0.2801648,-0.3728695,-0.3719117,-0.2915488,0.2702227,-0.2171536,0.5063009,-0.3294094,-0.2231676,-0.2173772,0.1785454,-0.1751251,-0.2316645,0.5341626,0.1987014,-0.01790414,0.09644812,0.3705553,0.2081998,-0.2899325,-0.1220665,-0.2388133,0.4004526,-0.2799668,0.0112388,-0.3976932,0.05422705
0.1784243,0.2182243,-0.4403771,0.2530855,-0.02554411,-0.4147133,-0.2750561,-0.3204894,0.4173281,-0.2208371,0.4228047,0.3118069,0.1649572,0.3410607,-0.2310695,-0.004271941,-0.3292857,-0.2373506,0.1793438,0.3994241,-0.2439548,-0.1984681,0.001018707,0.4939119,0.3464698,0.4653736,-0.07003131,0.2672106,0.4191038,-0.2933513
-0.1304954,-0.3528128,0.3242997,0.334691,-0.3339593,-0.2542125,-0.2101709,-0.3521885,0.1717551,0.1496566,-0.03809065,0.2576451,0.2604499,-0.353351,-0.1437253,1.899063,-0.0799125,0.5749313,-0.3276271,-0.04852968,0.1998739,0.1001984,-0.04643708,-0.06727196,-0.2095147,0.7914039,0.04571834,-0.2958851,0.5495571,0.001853433
0.356703,0.1513523,-0.4701165,-0.2060311,-0.06536783,-0.1975291,0.4873908,-0.3716809,0.293462,0.4628989,0.3717115,-0.3948393,-0.1962481,0.3052526,0.4976069,0.1675721,-0.002300543,-0.2836066,0.3054308,0.4040728,0.3707631,-0.121087,0.4065012,0.04925612,-0.2469204,0.1800792,0.02499014,-0.5157359,-0.0668171,0.3863519
-0.02383299,0.03938188,-0.1716425,-0.05726126,0.2808229,0.5876149,-0.1616941,0.08122858,0.1368093,0.2255895,-0.07902989,0.2289265,-0.1588144,-0.1508377,-0.4836878,0.1739662,0.3400073,-0.2901344,-0.1525339,0.2103127,-0.08143586,-0.06319863,-0.2442542,-0.2367801,-0.08275624,-0.2690965,0.1409797,0.4717008,-0.02175814,0.02273303
-0.4604946,0.1954903,0.2361396,0.3270102,0.2621783,0.02138401,0.01957005,0.1468387,-0.3498474,0.6387541,-0.2421721,-0.2408178,0.339304,-0.4622231,0.07029622,0.3500139,0.03833108,-0.2182827,0.05525666,-0.480122,0.02401214,0.6534812,0.3130679,0.2210445,-0.4767296,-0.2502349,0.1085805,0.04522163,-0.009895283,0.4433194
0.003288656,-0.3089749,0.009560287,0.00852114,0.3199821,0.4576509,-0.4140527,-0.5087785,0.332168,0.2116968,0.09357408,-0.01113656,0.247051,0.1778266,-0.06003529,-0.1338412,-0.02541357,0.4923875,-0.3319027,0.08704678,-0.2051451,-0.3362323,-0.2210964,0.7471712,-0.2526417,0.4514005,0.4011418,0.1593022,-0.3833914,-0.3086995
-0.04729693,0.2194217,-0.1850004,-0.1801049,0.1115835,0.3188758,0.1088658,0.3464779,0.001911492,-0.4465837,-0.4847779,-0.05645198,0.2163585,-0.0567264,0.001398002,-0.3623837,-0.2576177,-0.1583513,0.2594342,0.419451,-1.549231,-0.05257236,0.315064,-0.06189338,-0.1672756,0.7652537,-0.1528899,-0.3989695,0.09931883,0.3395921
0.06143063,0.003947495,0.357686,0.3450435,-0.003739351,-0.8018128,-0.2179363,0.06174737,-0.3944135,-0.06089228,-0.1665086,0.223978,0.3244221,-0.3744009,0.3604231,0.8959554,-0.02119198,0.2808948,-0.2047348,0.003733569,0.4300739,0.4042584,0.04209659,0.0897712,0.09730653,0.1577544,-0.3336498,0.648335,-0.5118932,-0.5890027
-0.1292077,-0.003478484,0.428318,0.2692621,-0.477326,0.4975968,0.2652543,-0.1676119,-0.4838786,-0.4917039,-0.07260078,0.2009103,0.3471292,-0.3957958,0.8675557,-0.2947938,-0.3101037,-0.2228191,-0.8861376,-0.05801521,-0.1312274,-0.213581,-0.0622067,-0.05675512,-0.100862,-0.58846,-0.2139927,-0.1413377,0.3765717,-0.4835869
0.4463913,-0.5353855,0.4769317,0.1663613,0.08728143,0.3723811,-0.4434385,1.337781,0.06912817,-0.0191708,-0.3627771,0.5247355,-0.2635401,-0.3661336,-0.185658,-0.1296307,-0.974082,-0.08607727,-0.1387859,0.5528877,-0.2996166,-0.4081639,0.53281,-0.08912987,-0.1542242,0.7872628,0.2298311,-0.4013186,0.0881973,-0.4537132
-0.2576582,0.1375241,-0.2955824,0.008297334,0.2214115,-0.1467226,-0.6968486,0.1227183,-0.3496431,0.2638223,-0.1108815,0.4467108,-0.2203282,0.379443,-0.1090586,-0.05399527,0.286978,-0.01531762,-0.432273,0.3809475,-0.3510559,0.03113991,-0.4162772,0.07581621,-0.4161674,-0.004671949,0.2407591,-0.3629115,0.2816018,0.02363705
-0.08924843,-0.05822879,-0.1618844,-0.3912034,0.8125032,0.4594257,-0.3691579,0.166789,0.1135682,0.2293784,0.2460302,0.1834336,0.3104742,-0.02541679,-0.008327368,-0.3423443,0.1753302,0.15601,0.03804727,-0.004626572,-0.4126639,-0.6420628,-0.06194776,-0.1353361,-0.3540897,0.463985,0.2857951,0.08105061,0.04766905,-0.06431146
;
0.4342989,0.09329282,-0.2391096,-0.2052179,0.2728001,0.0252801,0.0577603,0.4736853,-0.007261391,-0.3942335,-0.05340909,0.1902708,0.2804102,0.1290126,-0.005384459,0.03238423,-0.3806885,-0.2106292,-0.1542028,-0.334152,-0.06147444,0.3856932,-0.35206,-0.4229281,-0.02256606,-0.5139256,0.0357966,-0.03568213,0.07671183,0.179476
0.3527874,-0.3541735,0.2413928,-0.03408712,0.3486378,-0.0230155,0.4913943,-0.01515604,-0.2589858,-0.4995978,-0.2446124,0.02553731,-0.321862,-0.5130435,-0.2541847,0.07905938,0.1455375,-0.2078354,0.03115255,0.3432706,0.06966215,1.129016,0.0008558265,-0.3672775,-0.4255179,0.1049286,0.04613736,-0.2841311,-0.06344536,-0.013086
0.1655391,-0.06586327,0.2003407,0.06902847,0.25614,0.3343925,0.09369711,0.6235856,0.4762871,-0.6986213,0.1345431,-0.1930611,0.06307477,0.4772422,0.4605098,-0.4957133,0.3358916,-0.02704948,-0.1670172,0.09406664,-0.400673,-0.004901983,0.05175537,-0.4323016,-0.1322361,0.3502227,0.06655144,0.1707592,0.04459847,0.4991521
;
-0.2256997
0.01212577
0.2796535
-0.02198971
0.1238586
-0.2752821
0.000117899
0.2551095
-0.1750079
0.06925637
-0.2010873
0.02518605
1.620662
0.1783756
-0.2939353
-0.1767369
-0.1879541
-0.1691664
0.3566713
-0.2092939
0.4998344
-0.1357231
-0.4810643
0.3636278
0.3560147
-0.06940085
0.4809703
0.3155381
-0.2024901
-0.0658564
;
0.03109694,-0.6270226,-0.419032,-0.4310567,-0.04786724,-0.377488,0.6462358,-0.4628096,-0.429034,-0.4416052,0.4547713,0.5856039,0.4752656,-0.3361828,0.3171585,0.05964071,0.0225644,-0.573284,0.1230854,0.08185226,-0.2652915,-0.01725262,0.2451384,0.3488317,0.4296451,0.3311185,0.03052679,-0.2675987,0.34852,-0.0526939
-0.2467244,-0.5309904,-0.0791446,-0.4059092,-0.1240358,-0.03332454,0.4651501,-0.03448416,-0.3960457,-0.8118683,0.3961391,-0.1908142,0.2450484,0.3342954,0.09162062,0.2025834,0.03385156,-0.3499726,-0.4191762,0.001098571,-0.7230175,-0.05108074,0.1685452,0.05207008,0.5033083,0.07527684,0.1533894,0.3245754,-0.706094,0.2602385
0.06026107,0.3646305,-0.4012654,-0.631595,0.3077185,-0.006653243,0.3149819,0.04688146,-0.08747488,0.150465,-0.1230808,0.4600587,-0.06170179,0.4257981,0.2436192,-0.03505263,0.1627309,0.1190113,-0.2032198,-0.1953302,0.3628224,0.406568,0.04121144,0.4368848,0.4570636,-0.04979831,-0.1574187,-0.08749419,-0.3743716,0.2422182
0.04903792,-0.03619033,0.06818086,-0.3572788,0.1739964,0.4412894,0.0518094,-0.1098419,0.2322135,0.1450289,0.05363363,0.3528562,0.07232667,0.277046,0.2993543,0.3370959,0.3766356,-0.09658661,0.4407392,-0.3310552,0.07746774,0.2718355,0.03661645,0.451018,0.5932937,-0.03544873,0.4942966,0.3174497,0.06165544,0.02677733
-0.08178259,-0.1527054,-0.3571144,0.08275951,-0.1817722,0.2682661,-0.03477785,-0.1888418,0.1842941,0.005343603,0.005845249,-0.4671552,0.6555582,0.2281604,0.2334677,-0.04180575,-0.4532639,0.3900462,0.41247,0.00185097,-0.1527438,-0.1565016,0.04120272,-0.1563361,-0.02333309,0.3720701,0.4511324,-0.5417885,0.3892822,0.4976562
0.02349521,0.04078908,0.1328934,-0.1532341,0.1481835,0.4130001,0.02817418,0.0012514,-0.2172064,-0.4380462,0.1898891,-0.01903564,-0.2258249,0.09939963,0.4328616,-0.05429071,-0.1203416,0.1942518,0.195536,-0.3341666,-0.5895585,-0.06036788,-0.2146358,0.2249001,-0.1228455,0.13185,-0.1586126,0.2249535,0.3256593,-0.1803153
-0.2785752,0.1941122,-0.003392875,-0.3103704,0.9010935,0.02211338,-0.2369947,0.3459198,0.03272575,0.1282143,-0.3628485,-0.2865312,0.2580812,0.528387,-0.3494043,0.4013156,-0.06660248,-0.06638797,-0.3594708,-0.8487789,0.4159657,0.6335289,-0.4246464,0.2741868,0.316883,0.1891532,-0.1987336,-0.2638276,-0.1495614,0.009198768
-0.4407649,-0.05570406,0.3020456,0.06797739,-0.1930011,-0.08317858,-0.05486609,0.1631742,-0.1877399,0.4018002,0.1701664,0.2838676,-0.2098729,-0.09217066,-0.2822689,0.1678986,0.01846516,0.06790524,-0.2154484,-0.09483128,-0.4734838,0.4018443,0.3016323,-0.03232904,-0.289965,0.08882458,-0.2546812,-0.05226916,-0.1608395,0.6288052
-0.2540561,0.0004874323,0.5195053,-0.3192317,0.5338292,0.09712163,0.09644312,0.4143645,-0.08034939,0.1451698,-0.04370165,-0.4090917,-0.03498836,0.2869809,-0.03895476,-0.3434678,0.2438935,0.004742609,-0.03793588,0.1890292,0.03698903,-0.2690674,0.5132284,-0.1044095,-0.1777729,-0.2262548,-0.1199365,-0.09044285,-0.4570415,-0.3298161
-0.7342318,0.5256967,-0.06216047,0.03223699,0.4515676,0.7420077,-0.4867543,0.1425552,-0.4299661,0.3146067,0.2554761,0.2199641,0.1601586,-0.4519113,-0.456237,0.3402385,0.2720795,-0.5683537,-0.01593572,-0.3702712,-0.2900544,-0.2344459,-0.1863782,-0.4228086,0.2600456,-0.351981,0.1891602,0.4504511,-0.4122206,0.1092001
0.4145271,-0.09404951,-0.01470707,-0.238601,0.184285,0.947728,0.08014498,0.7102101,0.3260202,-0.1576806,-0.03339034,-0.07286466,0.3708894,-0.6863393,0.4337682,-0.245691,-0.1474183,-0.4458582,0.1116563,-0.04872999,0.05571467,0.1079102,0.03296255,-0.4163904,-0.09432882,0.2919569,0.3305942,-0.04064156,-0.2239041,-0.08869221
-0.4391896,-0.4919006,0.001052312,-0.2717623,0.07734025,2.387203,-0.4693403,-0.0864169,-0.2422754,0.2383213,0.3959107,0.1190888,-0.1445386,0.038973,0.5639272,-0.345562,0.1891264,0.1810237,0.1826274,0.2597349,-0.1310626,-0.02985126,-0.4559739,0.4611953,0.4095089,-0.03798479,0.03265456,0.1050401,0.6858178,0.1651152
-0.2209095,0.4552685,0.3297168,-0.00183934,0.02701081,0.8293519,-0.2768799,-0.3836096,0.6923572,-0.4174159,0.5229098,-0.05525839,-0.1178598,-0.06402469,-0.3561955,0.02981788,0.2445654,0.3457,0.3857417,-0.3273976,-0.09307152,-0.09464163,0.157037,0.0412101,-0.09022195,0.3786567,-0.08975486,0.05291313,0.2999071,-0.3348488
-0.2837454,0.1613769,0.1037287,0.3575732,-0.07553131,0.03282183,-0.1289261,-0.4221395,0.1386027,0.2856331,-0.2055294,-0.3529912,0.01898427,0.3028203,0.1182517,0.3617198,-0.3473078,0.1271033,0.3575844,-0.07854149,0.2832878,-0.4930044,-0.08315665,0.06159418,0.02277433,0.02148336,-0.1080575,-0.09472957,0.4534189,-0.3167911
0.0695141,-0.4234431,-0.09746522,0.2256902,0.2471388,-0.5212741,0.07063366,0.04259127,0.008343667,0.1083397,0.4982855,0.1487852,-0.2787782,-0.4724432,0.6762264,-0.4633242,-0.3735293,-0.4623393,0.02144545,-0.4837224,-0.2087052,-0.4326913,-0.001455894,-0.4380219,-0.0333355,-0.3915765,0.2823497,0.3716646,-0.7902367,0.3096692
0.04062706,-0.4493414,0.1343137,0.3946558,0.01519567,0.003345972,-0.2620555,-0.3866614,-0.5346313,-0.08611792,-0.05563706,0.02783138,0.235197,-0.4872788,-0.06328255,-0.6510502,0.3926715,0.2495796,0.1391331,0.4589648,0.2732291,0.2084863,0.2767634,-0.04503995,0.05082557,0.1126269,-0.1416687,0.002296489,-0.4269873,-0.1947494
0.4202887,-0.06590325,0.3957185,-0.1757631,-0.468237,0.133619,0.1035706,0.6314415,0.382758,-0.4999747,0.1514357,0.2219661,0.06498867,-0.03266162,-0.02872533,-0.03626889,-0.06830496,0.002344025,-0.168538,0.1232165,0.2201433,-0.2654407,-0.3710861,0.1900718,0.06177491,-0.1272051,-0.5200903,0.150227,0.244078,0.540972
0.12028,0.4369626,-0.186708,0.6338909,0.2900754,-0.41945,0.6806229,0.1986976,0.0488413,0.2374762,0.3355428,0.4900346,0.03828215,0.4070684,0.2264722,-0.4865355,-0.05588284,-0.14759,0.01507758,-0.3424844,-0.2696112,-0.382004,-0.1878106,-0.01065284,0.1727363,0.1656034,0.3559383,-0.06240541,0.177651,-0.402555
-0.3786637,-0.03024417,0.2266935,0.1443877,0.4901781,0.1795689,0.4112145,-0.4748624,-0.03155274,-1.235758,0.2641061,-0.1440507,-0.06383556,0.1154065,0.03206533,-0.03824633,0.272548,-0.1278413,-0.165261,0.1325899,-0.8223416,0.07487166,0.2324315,0.4546559,0.3798231,0.1894758,0.156047,-0.1617202,0.3948461,0.2629394
0.00241134,0.0009455991,0.1346677,-0.1846018,0.4257954,0.282589,0.2857201,-0.08380669,-0.4824541,0.4455899,-0.1144186,0.06900118,0.2281509,0.3946203,-0.264319,-0.0007327052,-0.3596796,0.08196586,-0.9126945,0.09722529,-0.01545228,0.197395,-0.09650713,-0.1382759,-0.2128906,-0.3242074,-0.02568543,-0.4893921,0.1203227,-0.2639802
0.05033666,-0.4603682,-0.02212828,0.0661791,-0.23629,0.2338077,0.1509504,-0.0807938,0.6085975,0.6697354,0.1476265,0.4637092,-0.4164173,-0.3715193,0.4203503,0.1396199,-0.242992,-0.4267315,0.04449576,0.7512968,0.134522,0.497347,0.3238462,0.4559624,-0.4669902,0.2255031,0.4517359,-1.325039,0.4582754,-0.04700587
0.2002224,-0.314954,-0.7048956,-0.148498,-0.5306927,0.426067,-0.3706559,-0.4301245,-0.008717569,0.121662,0.156369,0.3971566,0.159209,-0.3933429,-0.2013567,0.161095,-0.3173992,0.2842846,0.2708288,0.3647392,0.09586573,-0.4121161,0.09775952,0.3464708,-0.3230604,0.3338504,-0.1987756,-0.4627482,0.2055674,-0.3633471
0.3227573,-0.02278826,-0.2614352,0.4773391,-0.1343163,0.2743709,-0.3881326,0.1762513,-0.09531198,0.4754664,-0.5598315,-0.03754801,-0.3755692,0.0209803,-0.03320252,-0.4032073,0.2867892,0.07432409,-0.1787859,0.3534395,-0.4394397,0.03136397,-0.1996257,0.4647242,0.2404619,0.6664459,0.1748733,0.3793274,0.2136228,-0.06326661
0.1640106,0.365612,-0.1382116,-0.3607613,0.06762199,0.1654176,-0.1859868,-0.3200482,0.1560403,-0.3972723,0.2245896,-0.01454983,0.0208598,-0.2011941,-0.2541124,0.03923939,-1.034823,0.02992445,0.01809853,-0.4036416,-0.1466438,0.767022,-0.2879108,-0.2382358,-0.2396557,0.06916851,0.3270204,-0.3063331,0.03909001,-0.04713502
0.1951909,-0.1083689,0.01164008,0.5457022,-0.2220461,-0.2805139,0.005464556,0.3653071,-0.3956383,-0.2494397,-0.2950395,0.2954976,0.1718411,-0.1165036,0.3781638,0.03535551,0.0323351,-0.07841831,0.116096,-0.03991665,0.1152484,-0.03788298,0.0747959,-0.2537488,-0.4136213,-0.4201467,0.1276329,-0.09742327,-0.0295827,-0.4040279
0.3032084,0.1505551,0.04813355,-0.3023561,0.3186972,0.3393152,0.1857114,0.3696734,0.4832045,-0.04189928,-0.1878263,0.1565896,0.633153,-0.2695351,-0.4963894,-0.1505567,-0.003007673,0.111151,-0.4576263,-0.2560288,-0.2077695,-0.09152225,0.6575394,-0.3568071,-0.3970457,0.08544723,-0.3481257,0.02678051,0.1405194,0.01458337
-0.5061441,-0.2680032,0.3289921,-0.1662282,-0.1581933,0.3647551,-0.9874373,-0.3014792,-0.4305087,0.468199,-0.0652898,0.3648802,-0.07306068,-0.1930796,0.3546983,0.2645771,0.1497227,0.5535204,-0.1678667,0.12083,-0.2110831,0.3047978,0.007975392,0.02269572,0.1981335,0.3402175,-0.1391546,-0.06250173,0.1128005,0.4214256
0.4873337,-0.06958815,0.08544272,0.380371,0.8356575,-0.05543437,0.2509232,0.4669143,-0.4734412,-0.08819288,-0.4632401,0.1158232,0.1435288,0.3091027,0.1894726,0.1428839,-0.2357339,-0.1479435,0.1742481,-0.256091,-0.1488,-0.02890331,0.2773389,-0.1674162,0.4147407,-0.05453509,-0.3698119,-0.007909119,0.3056265,0.4495611
0.1974627,-0.04433876,-0.2321178,0.4415396,-0.2019833,0.06911403,-0.1056296,0.1702311,0.4620124,-0.2169206,0.295954,0.02379625,0.01314417,-0.4095185,0.12375,0.0243708,-0.0811886,-0.300263,0.4301671,-0.2097569,-0.1604533,-0.647026,0.01568127,0.06083924,0.2541728,0.2470604,-0.338231,-0.07945341,0.3192416,-0.1048371
0.533866,0.543519,-0.428148,-0.1612659,0.2940798,0.4373927,-0.07278506,0.09059399,-0.1802846,-0.006054095,0.2856032,0.4829805,0.1222942,-0.06736392,-0.1741311,-0.0546113,1.035583,0.3507595,-0.1751666,0.3002175,-0.4951431,0.2731123,-0.2627572,-0.2932298,-0.2887832,-0.101924,0.008987224,-0.2205786,-0.2340997,-0.1115932
;
0.007820975,0.280092,-0.313983,-0.1908095,0.2028228,0.2329482,0.07146484,-0.4173319,-0.1115397,-0.4164984,1.158436,0.06147311,0.4635832,-0.1476619,-0.3808929,-0.02153127,-0.05811617,-0.3952981,-0.4028083,0.4595462,-0.7250453,0.02329129,-0.2057707,-0.1300936,-0.01856087,0.07651454,-0.3338494,-0.1835636,0.5702162,0.02492255
-0.2647059,0.2878919,0.2697397,0.1870648,-0.5863041,0.07287651,0.04307717,-0.1903014,0.377525,0.01622683,0.4655688,0.4702348,0.4794602,-0.159616,-0.4751261,-0.2848271,0.4469939,-0.2313345,0.03296767,-0.2905108,-0.07905,0.002982933,-0.2066415,-0.1038989,-0.3416117,-0.2159162,0.1581972,-0.0005668843,-0.1984219,-0.1689602
0.207659,0.1672262,-0.2110687,0.1501859,-0.4529673,-0.4439439,-0.004255591,0.1245808,-0.05268501,0.1232918,-0.1546331,0.4082962,0.07258539,-0.201199,0.4611951,-0.4213523,-0.3790814,0.1627008,0.1944833,0.4402485,-0.1157632,0.0862521,0.04083616,0.2288395,0.006171526,0.007561147,0.4901744,-0.3479474,-0.2294835,0.02541631
;
0.2552882
0.1965461
0.1190712
-0.121658
0.4806025
-0.2462741
-0.6593357
-0.2041483
0.3084792
-0.008955896
-0.5660763
-0.3057691
0.3285101
0.06589609
-0.07920033
-4.761408E-05
0.1842213
0.3671757
-0.1977915
-0.4045265
0.2327107
-0.3953562
-0.4529063
-0.005994565
0.2010522
0.8179445
-0.1197829
-0.1402703
-0.08407915
0.4383755
;
0.03870551,-0.7738144,0.3354554,0.2915004,-0.1927863,0.4397303,-0.4943786,0.4951645,-0.2021248,0.4294099,-0.2080566,-0.07258026,-0.2394745,0.6564605,0.04358786,0.1321272,-0.9738536,0.6166064,-0.2689486,-0.1031463,0.23253,0.1220753,0.4704859,0.1412046,0.09453863,-0.04914032,-0.3399748,0.05718822,-0.3050088,0.2307447
0.4061344,-0.4289814,0.321413,0.4231091,-1.143319,-0.1066146,0.4676487,-0.2142819,-0.2704054,0.06368619,0.04618829,-0.4884325,0.0715577,0.3001491,-0.2865839,-0.5427718,-0.4163876,-0.5285298,0.1211425,-0.4784535,-0.02294463,-0.1056726,0.5808389,0.0336954,-0.2502199,0.1453297,0.359603,-0.1561136,-0.1548036,0.05510475
0.672143,-0.1002833,-0.3324354,-0.4492596,-0.05911615,0.485374,-0.4547058,-0.07253462,0.001070154,-0.445513,0.1816904,0.03975505,-0.3656065,0.2359133,0.4020327,0.6899104,-0.4728243,0.2022858,-0.2414773,0.07524509,-0.8470248,0.002163987,-0.2939975,-0.6833115,0.1135662,0.008675992,0.1373305,-0.2186501,-0.07458176,0.4202358
0.1512882,0.4155167,0.01277582,-0.004916715,0.2174711,0.4294913,0.07099055,0.1062347,0.414174,0.01606947,-0.2330561,0.3747154,-0.2003956,0.2685488,-0.2715003,0.1876257,0.4227463,0.2048563,-0.3815351,0.2339537,0.01673571,-0.4219394,0.1412622,-0.073899,0.3216304,0.5293872,0.3829659,-0.1178287,-0.09258217,-0.05068856
-0.5874572,0.5939567,0.04597793,0.3932101,0.3368472,-0.2532665,-0.02965313,-0.001417924,-0.2839415,-0.5999728,-0.4592866,-0.2344377,0.1125511,-0.005272031,-0.05015951,0.2772944,0.3567849,0.915747,-0.4722416,-0.2816083,-0.199942,0.001601018,-0.0006899238,-0.08896594,0.05591971,0.2715223,-0.004878547,0.1639309,0.1399876,0.3690211
0.007703404,-0.1215535,-0.3761084,0.3929847,-0.1263067,0.2833301,-0.3426306,-0.1292918,0.4389024,0.1628207,0.4885603,-0.05397466,-0.007647672,-0.2868379,0.1989995,0.1792159,-0.02475549,0.3560047,0.3936796,0.418389,-0.05403751,-0.4476995,0.2911363,-0.08712872,-0.3451278,0.07344526,0.2773254,-0.3575392,-0.1108921,0.2271191
-0.2541242,-0.1306372,-0.3352496,0.1988411,0.3387047,-0.02124393,-0.3683422,-0.5697454,0.140434,-0.3271747,-0.1368176,0.3333786,-0.3911738,0.2564486,0.02932344,-0.1082934,0.03383959,0.05600649,0.4079486,0.09530924,0.2372306,0.4240505,-0.002633035,-0.09436804,0.2417946,0.3009615,0.02899703,-0.08258408,0.1343998,-0.4859559
0.3530561,-0.319599,0.4203047,0.6846797,-0.1402462,-0.3503326,0.2442669,-0.2769043,-0.2827305,0.2415083,-0.1461909,0.1066084,-0.006837308,0.07387397,0.07142149,-0.3750306,0.3723314,0.4783965,0.4892151,0.2212233,0.04001166,-0.6729532,-0.225559,0.03905762,0.1402378,-0.425604,0.4246415,0.3781936,0.05235866,-0.2802019
0.168052,-0.2854204,-0.04285155,-0.0259096,0.4950442,0.4662185,-0.2178402,0.1635567,0.3840448,0.2941577,0.2007724,0.0215575,0.5254699,-1.956518E-05,-0.01227607,0.1688429,0.7731476,0.1981013,-0.1866076,-0.06115109,-0.5326127,0.2137799,0.418187,0.1837172,0.1530049,-0.5338424,0.0607972,0.2814784,-0.3715996,0.04918283
0.2182392,-0.2040862,-0.2280049,0.3971242,0.4241802,-0.4987689,0.008221862,-0.07075783,-0.2784089,0.4526575,-0.04129714,-0.01328808,0.2552173,0.2116588,0.8208025,0.412121,-0.1394749,-0.4632825,0.09148978,-0.3265097,-0.4375848,-0.4892988,-0.3094022,-0.04210502,0.2241967,0.2468213,0.8218059,-0.4219192,0.3839617,-0.04451897
0.4702814,-0.03568204,-0.03703135,-0.2889074,0.4372511,-0.1305092,0.1990391,-0.3929194,-0.6174184,-0.005722533,0.1867094,-0.001701366,0.1900704,-0.0995937,0.09809798,0.2482375,0.394118,0.1492171,-0.469967,-0.03104965,-0.3392668,0.4863262,-0.4218955,-0.8358057,-0.004984796,0.09025139,-0.3527602,-0.2328592,0.02626563,0.1323699
0.2710751,0.5273943,0.0002798961,-0.3610177,0.1272703,-0.2579027,0.2764966,-0.4369375,-0.3058107,0.4225255,0.392329,0.08524984,-0.1588397,-0.406209,0.6037861,0.4459194,0.3070132,-0.5442169,-0.1964627,-0.2380391,-0.06168725,0.09848241,0.1538753,0.04278702,0.3631986,0.06289512,-0.471864,-0.2418151,0.3944966,-0.001877635
-0.01868037,-0.0143115,-0.268402,0.4073246,-0.3321587,0.4201734,-0.1751212,-0.2384577,0.4629779,0.4118426,0.4120556,0.364023,0.4600753,0.3111814,0.373742,-0.3803216,0.4209212,0.02596204,-0.02302283,0.1666081,0.1895127,-0.32628,0.4473608,-0.1950306,0.2753788,-0.062105,0.4359563,0.3548661,0.3800904,0.1720213
-0.2354091,0.3006716,-0.6247061,-0.3762475,-0.9396533,0.3996737,0.1210568,0.4095875,0.1082137,0.280232,-0.1721649,-0.3924881,0.3513361,-0.4602465,-0.0021938,0.1093706,-0.1204133,0.1585298,0.4635414,-0.4533625,0.1358676,0.3715912,-0.2050952,0.4008539,0.4657552,-0.1790152,-0.3870285,-0.2022251,0.08592527,-0.2499283
0.2385509,-0.3455598,0.6501561,0.02836411,0.07605889,0.2332947,0.4570009,0.008256637,0.1971259,0.4762695,0.3148904,0.223888,-0.4841915,-0.2875139,-0.2270635,0.2604229,-0.04874009,-0.178238,-0.1814048,-0.001254525,0.1867499,0.9417179,0.2679132,-0.2039908,0.2653444,-0.2749351,0.4420108,0.3607209,-0.3859135,-0.5382879
0.1180937,-0.3907595,0.310123,0.3555517,-0.1491274,-0.7703666,-0.2513353,-0.3642075,0.03440542,0.3803893,0.3316809,0.1364846,0.06736467,0.1748505,0.006134182,0.3513895,0.03501922,0.3280553,0.445096,-0.1828583,-0.2821094,-0.4069053,-0.07159749,0.3748497,0.1150934,0.4036229,0.4419636,0.1268244,-0.4620272,0.2684397
-0.1327059,0.8199524,0.0722962,-0.1921173,0.3714634,-0.3839396,0.002882573,0.03843516,-0.1831356,-0.3803399,0.1618883,-0.3183061,0.3090791,-0.02096339,-0.4621055,0.005987122,-0.03039603,-0.3227322,0.008653343,-0.009650129,0.1089404,-0.1754335,-0.5655484,0.4245724,-0.006848872,-0.7255493,0.001463592,-0.6691437,0.1339071,-0.1869328
0.05254668,-0.2301395,-0.1802021,0.4997473,0.05796951,-0.2442259,0.03858593,0.04524726,-0.1412022,0.370433,0.0009216201,0.4260395,0.004355792,-0.3828874,-0.4289219,0.5217053,0.4796466,0.2921125,-0.04701689,0.5096774,0.04235199,-0.2178819,-0.4851536,0.4667249,-0.007432131,0.4215151,-0.469509,0.1319924,-0.86683,-0.3785619
0.1791199,-0.2211706,0.3364102,-0.3550054,-0.2163299,0.1293586,0.1980053,0.2631842,0.1422431,0.2807757,0.103856,-0.3686,0.1217775,-0.307935,-0.08907229,-0.4673505,0.3292142,0.2110613,-0.1833926,-0.3823975,-0.1177073,0.06128067,-0.01456922,0.01323233,-0.3658221,-0.1962542,0.1696141,-0.4221677,-0.06456813,-0.2508895
0.1594643,0.344411,0.3998833,-0.4805191,-0.06590277,0.4464581,0.1807302,0.1396393,-0.1453171,-0.5270586,-0.2997123,0.1402382,0.3443876,0.2605367,-0.3973224,0.08806747,-0.7085968,0.5359806,-0.2372765,-0.1172289,0.004788885,0.1544719,-0.3321903,-0.0007625222,-0.08417863,0.4259234,0.1295209,0.07445083,0.006122281,-0.3283617
0.09918433,-0.05567977,0.1196259,0.2369903,0.0357402,0.1249295,-0.2501771,0.4223547,0.2293091,-0.365678,-0.1284541,0.3289777,0.03779608,-0.05784827,-0.1576083,0.00117512,0.2081612,-0.06005479,0.3461806,-0.5163053,0.1029349,-0.06073147,-0.4468555,0.2288824,-0.2194809,-0.04435868,0.2584192,-0.2177915,0.1789188,-0.01634859
0.02161762,0.4983979,-0.2984903,-0.2535689,0.4040729,-0.09939653,-0.4425231,0.2622526,-0.4569936,-0.4769509,0.2739529,0.02535169,-0.009123266,-0.7453612,0.3489658,0.4666791,0.09913377,0.101312,-0.07646745,-0.2047968,-0.09500518,0.5383725,-0.02360834,0.4519951,0.008041164,0.2215913,0.1809274,-0.5413986,-0.04229928,-0.04423709
0.454361,0.05826382,0.03040638,-0.1900901,-0.07559985,0.4268116,0.3731796,-0.1500145,0.4034991,0.2237456,-0.06603706,-0.183596,0.0853127,0.3088415,-0.1288291,-0.1363682,0.4597315,0.2454012,0.4528604,-0.1792327,-0.1661032,-0.4472136,-0.1451772,-0.3336259,0.2163279,0.2956281,0.4706405,0.2400523,-0.2409202,-0.8025604
0.3819147,0.05688469,-0.2419446,1.150798,0.1675743,0.3811039,0.1801329,0.2374166,0.07812904,-0.3277506,0.0581127,-0.09302884,-0.3794471,0.422938,-0.4699427,0.1026513,-0.1714576,0.458905,-0.3827565,0.2416002,-0.3982402,0.07429928,-0.003821914,0.08325017,0.457011,-0.6037236,0.5656909,0.3069457,-0.0898971,-0.3126936
-0.08625013,0.352262,-0.3721864,-0.2023997,0.106153,-0.4202381,-0.3617568,0.3264805,0.002444328,0.8283366,-0.203983,-0.001094043,0.1755069,0.3438632,0.8110159,-0.4923359,-0.2692671,-0.1739589,-0.4687092,0.2588513,-0.2831956,-0.2682396,0.4323744,0.1675449,-0.2100125,-0.3064767,-0.265808,0.04695898,-0.2739675,0.4902456
-0.07477172,0.09967309,-0.03260261,-0.1609622,0.0431357,0.3615752,-0.06333603,-0.1985237,-0.4949083,-0.1556874,-0.1465124,0.909413,-0.3934475,-0.4853382,-0.3954284,0.03195312,-0.1566487,-0.003187784,-0.2445649,-0.4476107,-0.3743931,-0.4862786,-0.02469967,-0.01064743,0.5238958,0.1112662,0.07470743,-0.09287947,-0.00304505,-0.07794827
-0.2625724,-0.09731311,0.3294466,0.02969425,0.4372718,-0.3549389,-0.04250831,0.751017,-0.1151813,0.3996814,-0.1220098,-0.0940215,-0.4289346,-0.2231208,-0.003796141,-0.08615285,0.08033127,0.3835617,0.01992427,-0.01938075,0.1907802,0.2835751,0.4970677,-0.3620019,-0.05390318,0.06884569,-0.3152549,-0.4247167,0.1446286,-0.2460509
0.03071266,0.0372617,0.004005291,-0.407933,-0.2399164,0.1791974,0.1352684,-0.4825521,-0.4507024,-0.3455521,-0.2572434,0.01702195,-0.08450796,0.2630429,-0.1342697,-0.1383936,0.4762025,0.05527669,-0.002843403,0.2295727,-0.0382517,0.3394161,0.3172678,-0.01131314,-1.159434,0.04376537,-0.01070725,-0.264222,0.5400107,0.06889278
0.4665339,0.2282217,0.09549636,0.09144212,-0.2419063,0.2643124,0.1164972,-0.4512066,-0.542345,0.1453345,-0.37501,-0.2302454,0.04125154,-0.2013175,-1.052035,0.4994807,-0.7510654,0.3142023,-0.4154985,-0.1643822,-0.2791884,-0.2967163,-0.07925753,-4.959875E-05,0.1809575,0.06182619,0.4496541,-0.1306663,0.3687285,-0.07392801
-0.4410229,0.2676013,-0.4603462,0.2008811,0.4774897,0.09702653,-0.4330138,0.8861493,-0.4410653,-0.1917369,-0.2102709,-0.2166967,-0.02913792,0.07491235,0.4619582,0.7617337,0.2731788,0.2600484,-0.2979823,-0.4037756,0.01176578,0.1807126,-0.1537321,-0.02590181,-0.6988318,-0.08379566,0.06240676,0.3792033,-0.688044,-0.2563353
;
-0.4993552,-0.07224356,0.0185371,-0.06694287,-0.002418082,0.3462173,-0.43124,0.3651589,0.004867333,-0.2222422,-0.03280944,0.05672687,0.03300541,0.352939,0.05903476,0.006401528,0.08008235,0.3802382,-0.4351433,-0.5729131,-0.1017881,-0.4214231,-0.3033923,-0.2197051,0.377964,0.08604847,0.3391281,-0.385439,0.06239777,0.06770462
0.1179635,0.1688511,0.1783985,-0.1586313,0.2057805,-0.3124713,-0.3414583,-0.2164821,0.0249833,0.2562481,-0.4182421,0.3988957,-0.01030082,-0.06190878,-0.4985391,-0.01341482,0.165577,-0.03250529,0.3527082,0.08511432,0.1402724,-0.00287205,-0.09220523,-0.06382821,-0.2942109,0.2604125,-0.3614469,0.4466624,-0.5707722,0.09949106
-0.1541944,-0.3491811,-0.6148355,0.1660695,0.1215299,0.2681482,0.3099052,-0.07854851,0.152944,0.1666517,0.1076514,-0.2854383,-0.5909845,0.07668201,-0.06587291,-0.4990443,0.02994527,0.1102762,-0.2526903,0.1237675,0.05198437,0.2422874,0.5602204,0.4234805,-0.4925171,0.4189309,-0.2239594,-0.8992755,-0.2503363,-0.335124
;
