-0.2219035
0.05034584
-0.0837141
-0.4855996
0.4723047
-0.1286373
0.4560946
0.2959985
0.3446774
0.1592886
;
-0.2459465,-0.4394888,0.196599,0.01602,-0.08905393,0.1640591,0.4450126,0.4043015,0.2707806,-0.1139221
0.03602463,0.4812562,0.3936437,0.1873714,-0.1298125,0.005655706,-0.1485552,0.1000296,-0.469111,0.1982338
-0.1268085,0.2352943,-0.2173048,0.2304848,-0.4555269,-0.2156785,0.4712518,-0.1004366,-0.04844195,-0.03079051
-0.4027208,-0.07452542,-0.3218135,-0.4655355,-0.4749284,0.3971393,-0.4728361,-0.2505388,0.1095302,-0.3886925
0.193956,-0.4527218,-0.2281139,-0.09516498,-0.2430812,0.2667713,0.2571765,0.2888871,-0.03855437,-0.21841
-0.3512034,0.3307128,-0.3886691,-0.4992964,-0.4297307,-0.4635764,-0.1186314,-0.09694582,0.4270762,-0.2071646
-0.3555597,-0.05615133,-0.135735,0.2510411,-0.3241454,0.1612638,-0.4899031,0.07735091,0.1079332,0.1356184
-0.04997379,0.4408263,-0.1358796,0.09965509,-0.1009666,-0.413113,0.4025259,0.05782801,0.3821243,0.4720976
-0.3236195,-0.01499552,0.6370751,-0.08243078,-0.4769,-0.1435944,0.3246174,-0.3629781,0.365695,0.05184823
0.4018698,-0.2948055,-0.2878146,0.192103,-0.3268806,0.1444895,0.1421853,-0.3913194,-0.1467624,-0.3054359
;
-0.3313011,0.1934365,-0.09568673,0.15433,-0.3161094,0.1769919,-0.362506,0.446926,0.22066,0.09950608
-0.211963,-0.001646459,-0.465212,-0.0008146167,-0.4168934,0.2845838,-0.1213891,-0.2035198,0.4895332,0.09554356
;
0.2438935
0.3996406
0.05398649
0.3310285
0.5132973
-0.1774185
0.08927505
-0.0413422
0.4102393
-0.1074331
;
0.1009524,-0.002252332,0.005496506,-0.4308295,0.5788578,-0.7532117,0.06568247,-0.9040396,-0.1902671,-0.2827939
-0.3739635,0.04827444,-0.003907681,-0.4719659,-0.2823758,0.07397693,0.6263687,-0.4488701,0.05649541,0.5449818
-0.3153341,0.3501382,0.2552344,-0.1077972,-0.508572,-0.2647461,0.01952525,0.3307497,0.2043879,0.1931355
0.1424927,0.0571693,-0.1096511,0.1960194,0.08428878,-0.01525597,-0.3670178,-0.3186042,0.1093989,0.4787732
-0.001531808,-0.005562786,0.3002171,-0.7598372,0.02216035,0.1849312,0.2473208,0.08619335,0.4097792,0.2968108
-0.3720953,0.841609,0.1721746,0.05751258,0.0006901153,-0.2380577,0.04567856,-0.009408494,-0.2437871,0.3691299
-0.06240683,0.3139359,-0.03540343,0.2367031,0.4712542,-0.2897219,-0.1683413,-0.4365152,-0.02093429,-0.1129089
-0.0004970926,-0.007861612,-0.7056296,-0.4993824,2.000487,-0.1450863,0.04794086,0.4175123,0.4868933,0.01597244
-0.2181281,-0.2951103,0.1335683,-0.2343637,0.3399605,-0.1096184,-0.1615801,0.4784648,0.4117461,-0.2035548
0.2369986,0.04226035,0.2590047,0.02845747,-0.1943136,0.4984317,0.4498165,-0.005305066,0.3737366,-0.004987848
;
0.9049119,0.001059387,0.01656178,-0.1148685,-0.026765,0.206778,-0.4259071,0.346593,0.28009,-0.278658
-0.0008127357,-0.06014754,-0.3153638,-0.03739051,0.05778353,-0.01469255,0.119297,0.03427406,-0.7010072,0.1619428
;
0.3643851
-0.435647
1.122492
-0.1639675
-0.4375216
0.1956462
0.1996567
0.1327363
-0.5449354
-0.2799903
;
-0.0754386,0.3798172,0.3531476,-0.1899975,0.003192976,1.076373,-0.3621299,0.35711,-0.004773389,0.02688552
0.4285375,-0.2870349,-0.3708882,-0.371242,0.1082143,0.4346552,0.2158742,0.05064704,0.09023318,0.135412
-0.2976322,0.05309974,-0.03152603,-0.007986398,0.08719942,0.3728277,-2.146935E-06,-0.2776852,-0.2626213,0.1174135
0.01301975,-0.2981941,1.722957E-05,0.007368008,0.1500335,-0.002445167,-0.02412983,-0.1151974,0.1275585,0.4349225
0.2763328,-0.4490676,2.302354,-0.1815096,0.04857756,0.01680393,-0.002869771,0.4951593,0.3509008,-0.05864613
0.8726642,0.1220261,-0.05079331,-0.1516329,-0.01405223,-0.03333608,-0.03553103,-0.3823781,-0.4549714,-0.0006209931
0.7406281,-0.1688261,-0.315925,-0.4893284,0.1187536,-0.2905071,-0.1756054,-1.441116,-0.1788393,-0.0701018
-0.2877311,0.003998782,0.4396627,0.07220619,0.8523237,-0.2292174,-0.1988097,-0.3355417,-0.001841743,-0.03893393
-0.3181541,-0.006267243,0.03022466,0.174192,0.001317565,-0.01262155,0.3131554,0.0005428595,-0.01749755,0.2062972
0.393443,0.432785,-0.1579069,0.009861648,-0.03569892,0.02477289,0.2426323,0.5248898,-0.7004226,0.4562465
;
-0.01789281,0.7666202,0.03288335,-0.006325149,-0.04209191,-0.2464455,-0.3380569,-0.238801,0.4638344,0.4270077
0.0001472234,-0.1980526,-0.1363297,0.01789814,0.09371109,-0.03024723,0.5678501,0.008123503,-0.02067024,-0.3299776
;
0.1887709
0.1059645
0.09626789
0.001297799
0.4582682
-0.02992778
-0.1754233
0.3192531
0.00176665
0.2815037
;
0.06945314,0.211327,-0.2351562,-0.1884897,0.2675068,-0.6776596,-0.1102906,-0.1550875,0.3343325,-0.310815
0.4268804,-0.0648279,-0.1178313,0.08085471,0.1056216,0.6771738,0.09553384,0.3403226,0.05980941,0.3133553
0.05753752,0.003298533,-0.004683537,0.08211394,0.118497,-0.05728656,0.09560841,0.4296457,0.1791217,0.4956427
-0.09970902,0.03099515,0.01507883,0.7767707,-0.0006647157,0.02793079,-0.4180401,-0.1741116,-0.07252507,0.1308702
-0.01115877,0.158561,-0.03015218,-0.008977112,0.0276973,-0.1849119,0.4876744,-0.167394,-1.770914,-0.1602568
0.2195114,0.008984953,0.1506824,0.4585299,0.08118656,-0.4005682,-0.5671888,0.5450298,0.001056304,-0.5363242
0.1947628,0.1206653,-0.002034247,0.03385253,0.3622962,0.02347354,0.0181508,-0.4967238,-0.3424068,-0.3704628
-0.5370049,0.1952785,-0.3677973,-0.008536105,0.01453906,0.1672935,-0.1298918,0.145986,0.1382884,0.1022516
0.0350637,0.0017555,-0.4370465,0.007389986,0.03266874,-0.02974363,-0.1413762,0.124084,-0.1823413,0.2106654
0.139525,-0.427176,-0.0007858968,0.0684489,0.3719406,0.009631679,-0.4769802,-0.1750138,0.4524822,-0.05151131
;
0.005815144,0.4603163,0.25888,0.03762912,-0.1317415,0.44169,-0.219533,0.2623519,0.03888886,-0.861226
-0.008494904,-0.004058676,-0.258253,-0.2241936,-0.4164984,-0.5660327,-0.3701213,-0.1312456,0.08405934,0.02881503
-0.7255968,0.6031739,0.05905249,0.2441035,0.01784212,-0.1506167,-0.9465865,0.7472236,-0.3593066,-0.004435607
;
-0.01492891
-1.968621
0.248782
0.007597586
0.5086021
0.4679929
-0.03179139
0.1360776
0.01573378
-0.279025
-0.3574857
-0.07473501
0.02090262
-0.1415282
0.2557501
0.2739557
-0.6029359
0.07164362
-0.5708908
-0.1637336
-0.3964156
-0.3076819
-0.6917344
0.1519041
-0.3070755
-0.5242024
0.04419299
-0.7277387
0.004880791
0.3963775
;
-0.01296911,0.9611355,0.08415908,0.3321502,-0.1664296,0.117926,-0.03208488,0.2690469,-0.5147084,0.0005312122,0.3211918,0.04583436,0.02026589,-0.2865287,0.2370193,0.1233371,0.01278914,0.1689296,0.4573815,0.1170536,0.0183626,-0.4505085,0.1134938,0.03946224,-0.4908279,-0.007925212,-0.4198431,0.9429584,0.09905147,0.1700117
0.3031113,-0.01723255,-0.08404809,0.4365458,0.1303668,0.0990992,0.2155933,0.4251803,-0.1140525,-0.3503051,0.2883695,-1.011953,-0.4385472,0.04016002,-0.02376395,0.2671716,-0.01758878,0.3478643,-0.01145175,-0.08581096,0.03703065,-0.3773751,-0.1110747,0.07254165,0.2543381,-0.4415078,-0.09568332,-0.0135207,-0.1122915,-0.1634738
-0.1790259,0.07001513,0.2614495,-0.3561535,0.3943957,-0.04059868,0.03087297,0.04904369,0.3289658,-0.4333411,-0.2152157,-0.02318001,0.03906117,-0.1063718,-0.3600231,0.8147448,-0.4739407,0.3515997,0.4494173,0.275884,0.3583716,0.2304321,0.08832186,-0.127468,-0.06230831,-0.05598789,-0.2492532,0.4835444,0.01214748,-0.4002705
0.4416521,0.3039706,-0.005076977,-0.4430281,-0.001674928,-0.0167783,0.3577014,-0.5330968,-0.367605,0.2921728,0.08578819,-0.6620965,-0.1230808,0.4807344,-0.07614225,0.8364925,0.3289055,0.3402919,0.366322,0.5007496,0.01894686,0.3234731,0.1554818,-0.1865508,-0.46856,0.0815879,-0.01309397,-0.0006700557,-0.1461316,0.06350547
-0.0002744519,0.006040315,-0.07366998,0.06717417,-0.001797597,0.3793194,-0.09231825,-0.7880535,-0.5708433,0.0444789,-0.08025526,0.1335651,0.2904414,0.02347771,0.008526443,-0.08524674,-0.01532788,0.2005926,-2.351743,0.3201112,0.02686518,0.05987474,-0.3440013,0.2632005,-0.01046241,0.1963547,-0.05010623,2.056006,-0.1041523,-0.23988
0.1093554,0.07178169,0.002285846,0.1173992,0.01637132,-0.1611527,-0.2295352,0.4882731,-0.2308802,0.3736238,-0.03429104,0.1230929,-0.1125841,0.03961423,0.2986766,0.2928185,0.214184,-0.3692104,-0.05266098,-0.1505138,-0.4597026,-0.02503895,0.2160504,-0.2177037,-0.3260233,0.426555,0.4547235,0.6114003,0.16636,-0.1821647
0.3811427,-0.2505827,-0.5435579,0.1408987,0.4644158,0.4427695,-0.04284284,-0.0005104444,0.2659917,-0.1928744,-0.03287156,0.3231962,0.02874273,-0.2002006,0.1075099,0.4311213,-0.4426427,-0.3228128,0.3430726,-0.3018626,-0.114037,0.03950704,1.465387,0.5741041,0.6804197,-0.002815392,0.2570878,-0.1311917,-0.05304056,0.812664
-0.11705,-0.1021333,0.03275269,-0.224344,-0.4045519,-0.1550381,-0.005039632,-0.0101216,-0.1358443,0.5069827,-1.260386,-0.07398623,0.9379623,-0.0937091,-0.4780272,0.0853073,-0.4343019,-0.383446,0.125551,-0.3207483,-0.2112018,0.2902912,0.001461914,0.1110114,-0.02487557,-1.538899,-0.4470118,0.5409932,-0.04488539,-0.006885003
-0.2834228,-0.2743402,-0.2028828,-0.1314905,0.04519429,-0.09350544,0.196274,0.482751,-0.1893798,0.05454764,-0.4834895,0.1816598,-0.0248819,-0.01067441,-0.004032659,-0.222854,-0.1521973,-0.0003091133,0.01958897,0.2831951,0.1140187,0.07448941,0.1000478,0.07275629,-0.05182642,-0.4803906,-0.1675298,0.001630088,-0.001943368,0.006782575
0.1128367,-0.04929534,-0.3807716,-0.1169216,-0.0259766,-0.0589167,-0.3125889,-0.003217399,0.09055877,-0.01556615,-0.02242836,0.01880633,-0.2328212,-0.2395009,-0.3766507,0.1785882,0.01054005,-0.3169427,-0.0147381,0.06164778,0.3125284,0.1117247,0.03756195,-0.4813699,-0.9549116,-0.06061702,0.1634509,0.4204339,0.1774369,0.001301323
-0.3764758,0.2507232,0.471931,0.01206257,-0.04355845,0.1541965,0.8457161,-0.4540195,0.1545606,-0.03162777,-0.1555784,-0.469376,0.1098618,-0.3971012,-0.03726071,-0.4040699,0.02163341,-0.4073223,-0.2394032,0.08842704,0.5295258,-0.01156042,0.266833,-0.1678028,0.3603922,-0.3050954,-0.1800606,-0.006779146,-0.1675717,-0.0670879
-0.01471605,0.1908278,-0.4510628,-0.8255066,0.01592932,0.2451656,-0.2816046,0.09684225,0.3952742,0.05823344,0.008385088,-0.4785602,-0.1843063,0.00220396,-0.2625409,0.005478818,-0.7170328,0.2840249,0.5534565,0.384966,-0.07864221,0.001495048,0.9984044,0.4455406,-9.366124E-08,0.09171516,0.08888608,-0.3393198,0.2223993,0.01152876
0.3465728,-0.03386921,0.01948185,0.3908966,-0.08412295,0.08561128,0.4478347,-0.05097906,-0.5611643,-0.1821971,0.007205546,-0.4972956,0.2578483,0.294281,0.03020316,-0.2455596,0.01909737,-0.2774898,0.08129127,0.0975013,0.2122937,-0.2923211,0.06274384,0.7338496,0.151043,-0.2559972,0.02021448,-1.031505,0.186637,0.1531411
-0.08688289,-0.05014521,-0.1354965,0.01193915,-0.0236665,0.08954473,-0.04356509,0.05085798,0.459705,-0.3012983,0.2681736,1.515784,-1.303592,0.3643181,0.2338927,-0.3679653,-0.1942686,0.4291788,-0.119042,0.1045498,0.2151367,-6.803707E-05,-0.0160714,0.0007385421,-0.10363,-0.133899,-0.01770151,0.1284513,-0.01910186,0.00136237
-0.1071941,0.6091223,0.2878501,-0.393703,-0.03534965,0.2092345,0.05068427,-0.4873464,-0.448365,-0.3208712,0.1938589,-0.2597011,0.01821647,-0.3906404,0.002942516,0.3785856,0.4571694,0.3755523,-0.4102315,-0.417826,0.2367432,-0.04025069,-0.05244102,0.5377887,0.08564828,0.8118376,-0.1179859,-0.07061164,0.9088593,-0.07292253
-0.2861604,-0.04697034,0.2159893,-0.01570576,0.08893838,0.3713902,-0.0062978,-0.7030434,-0.1107192,-0.1786627,0.04057027,-0.4243284,0.4397898,-0.1945567,0.3241707,0.3348117,-0.2681662,0.04668259,-0.01119922,0.2847342,-0.006855806,0.6188129,-0.4306159,0.4835395,0.3466066,-0.002754731,-0.1493646,-0.01310235,0.4555202,0.01123985
0.1587812,0.3554132,0.1424854,0.1622645,0.9073564,0.006892642,-0.286593,-0.1624686,0.355062,-0.1696512,-0.1884599,0.1306023,-0.2962137,-0.7264631,-0.877178,-0.3315145,0.01583892,0.02847828,0.1220223,-0.2576308,0.4092356,-0.005604811,-0.04015161,-0.3351635,-0.3413944,0.4575089,0.01630503,0.1926522,-0.1717649,-0.0009544781
-0.3578248,0.0009455391,-0.1847356,-0.2639424,0.2472902,0.5232811,-0.2356809,0.9205705,-0.1263678,0.02935485,0.05480248,-0.01491426,0.06164819,-0.00378497,0.2662659,-0.01663714,0.2260695,-0.731743,-0.1777378,0.4981345,-0.2436453,0.3012058,-0.2653795,0.3650932,0.3565352,-0.0481289,-0.0200852,-0.4344957,0.1777874,-0.2214241
-0.06786837,0.1188495,0.3756648,0.3099129,-0.02192674,0.1695977,0.06227034,0.4318807,0.02273512,-0.009399123,-0.1912114,0.04353986,-0.1758698,-0.1406494,-0.4841642,-0.08414286,0.6163889,0.398504,0.1568514,0.8605499,0.3558792,-0.1309043,-0.1159441,0.00153426,0.012092,-0.4598196,-0.5029134,-0.04212355,-0.01031577,-0.271439
0.009073914,0.3045377,-0.1066131,0.0683297,0.002275122,0.1174763,0.0419989,0.02418204,-0.4659399,0.2449846,0.1726218,0.1036519,0.04636529,0.1251968,-0.1151834,-0.7073922,-0.1621935,0.2061383,-0.4546652,-0.02559161,0.05588165,-0.0293084,0.2840592,-0.2454975,0.4651682,-0.3565843,-0.001914103,-0.004205466,-0.02553683,-0.07414875
-0.316479,0.5753499,0.01607078,0.01936454,-0.6480848,0.01195271,0.03788707,-0.5478005,0.07249277,-0.4396659,-0.2691765,0.418775,0.127867,0.09623736,0.01852273,0.4579074,-0.148895,-0.3024133,1.361838,0.01750932,-0.03595119,-0.1127004,-0.01123586,-0.46202,-0.0006514811,-0.1674469,0.1039144,-0.07399439,0.2629544,0.06434339
0.4551511,0.4309367,2.34856,1.366933,0.0385768,-0.00939256,-0.4629033,-0.06132275,0.253433,0.08930425,-0.2131,-0.4838061,0.0096016,0.0451377,-0.08945352,-0.1817268,0.1535241,-0.1579332,-0.04346715,0.3085811,-0.2228138,-0.1440759,-0.1009374,-0.2168346,0.05646379,0.3420505,0.1363188,0.1023454,-0.03698483,0.7757784
-0.01596193,-0.1269908,-0.02534634,0.4504701,0.339409,-0.439015,0.1258724,-0.001168183,0.17856,0.05692011,0.4067485,0.2129057,0.2011679,0.03763061,-0.1647771,-0.02153875,-0.0002098138,-0.06539536,-0.08441633,-0.003879216,0.06405554,-0.3004344,-0.4521879,0.001590285,0.02579309,0.3030865,0.3424407,0.1519739,0.481714,0.1965452
0.05730333,0.06042998,0.0001519165,0.2365081,0.1754169,-0.824235,-0.3309911,-0.1296535,0.001142436,0.1813274,0.003905225,0.1749313,3.463894,0.0192068,-0.04594648,0.531655,-0.08424272,0.3241348,-0.2697099,-0.01314074,-0.8716211,0.04249996,-0.04283259,0.01446676,0.317347,0.4068438,-0.2002001,-0.6687905,0.1569171,0.1457041
-1.293939,-0.01194581,-0.2024463,-0.4587687,0.1513916,0.3864255,0.001644825,-0.05520314,0.6266012,-0.2387956,-0.2402447,0.4084274,0.273421,0.05759507,0.0875787,0.0268933,0.34217,-0.08114614,0.4114519,0.009141329,-0.00177067,-0.0002925349,-0.03093373,0.2068415,-0.02875943,0.01510353,-0.4305052,-0.2955502,-0.1638381,0.1323148
-0.3714904,-0.04803614,0.3749368,-0.4941522,0.1194608,0.2192085,-0.02880059,0.4234053,0.1733136,0.1751857,-0.03279709,0.2356868,-0.3987995,-0.006942083,0.6837584,-0.1425623,-0.04753405,0.01946314,-0.4412614,-0.1369345,0.002442846,-0.5231321,0.01065608,-0.3269734,0.120238,0.02121914,1.184086,0.2170827,0.6046335,-0.1593722
-1.186061,0.04331402,-0.2253982,0.4117476,0.1084853,0.4181077,-0.2398497,0.389853,-0.009472609,0.3119309,0.1040012,-0.3165706,0.01224252,0.09132492,0.3668693,-0.2017305,-0.2800043,0.1087686,-0.2100577,-0.2274593,-0.1888712,-0.07044078,-0.03738505,-0.03282878,-0.6648217,0.1395552,-0.3595855,-0.7041584,0.2566005,0.001906626
0.6087177,-0.02633494,0.08609182,-0.329476,0.3762544,-0.6370652,-0.01413035,0.2240797,-0.4473826,0.5152645,-0.3986768,2.41433E-06,-0.1312815,-0.3626581,-0.156771,0.317988,0.1358843,-0.2927033,0.4854205,-0.3532075,0.4641619,-0.03833152,-0.4684029,-0.1112609,0.5160148,-0.1233032,-0.0774508,0.2059882,0.2731209,-0.007655462
-0.0003013938,-0.001018112,-0.01903957,-0.3384266,0.1268457,-0.02135145,-1.054413,-0.4219747,0.5714633,-0.3223102,0.2253704,0.3940998,0.07834613,1.327043,-0.001147937,0.3849146,-0.04380479,0.4133971,-0.03981102,-0.1454888,-0.0008752859,0.36509,0.5342715,-0.3013101,0.3793525,-0.4103775,-0.3551812,-0.3250835,-0.004885343,-0.2567407
-0.04957101,-0.4145423,-0.007928931,0.7480777,0.6921037,0.5692405,0.3409337,-0.791665,0.2845691,0.007149824,0.3859367,0.3797696,-0.04951419,-0.1123399,-0.01647772,-0.2559595,0.2073247,0.4306827,0.2184135,-0.0007432301,0.1025087,-0.3197749,-0.3807051,-0.2624105,0.2990029,0.04060324,-0.05058366,0.1842685,-0.193612,0.2240612
;
-0.03650534,0.1425124,0.3752931,-0.1736855,-0.005281508,0.04332018,-0.03962125,-0.3583826,0.004701984,0.09900939,-0.02753641,-3.304221,-0.4993938,-0.4453003,-0.01496714,0.3179343,-0.5296684,0.4081459,0.6879728,0.005470389,-0.02878338,0.382243,0.4284365,0.1204172,0.4311049,0.01872319,-0.1026142,0.1137247,-0.001882851,0.01610835
0.1059771,0.3579433,-0.4462653,-0.4686328,0.1428299,-0.4990211,0.336056,-0.4408627,0.08811883,0.01751596,-0.03680134,0.12159,-0.02406804,0.3704367,0.1744462,0.468613,0.7630386,-0.01497731,-0.06271917,-0.4293918,-0.08479862,-0.2776022,0.01221704,0.001357612,-0.08534987,0.3782705,-0.6933793,0.01140192,-0.03766608,-0.3277256
0.2638346,-0.4668475,-0.03850994,-0.07882938,-0.2342061,0.05712353,-0.3604033,0.4277387,0.08925062,-0.2440463,0.2704937,0.3327156,-0.1371171,-0.4330266,-0.1524327,-0.06933068,-0.3011565,0.144429,0.0905895,-0.1353893,-0.2506264,0.0002308959,-0.1164195,0.3388308,0.0294041,1.843171,-0.02604662,-0.07357806,0.2259924,-0.3116232
;
0.09713262
0.1788804
0.6319675
0.3826141
0.4719675
-0.3099866
0.06788956
-0.09772998
-0.3429803
0.03827916
-0.1591582
0.03924304
0.1321043
0.7562591
0.1275253
0.0419055
-0.3733819
-0.3119541
0.1290092
-0.07579774
-0.4287829
-0.4790432
-0.498314
0.01169022
0.02085954
-0.01456499
0.198057
0.05290776
0.06519838
-0.4116443
;
-0.05337183,-0.02629316,0.3817213,0.02480269,-0.006341484,-0.05598455,0.3519885,-0.339107,-0.1102607,0.3715975,-0.1820294,0.01064762,0.2261094,0.1435509,0.02322525,-0.4309186,-0.2338577,-0.009240765,-0.3797541,0.4263597,-0.6576286,-0.02934493,0.5301938,0.1954137,-0.5255307,1.980456,0.4726037,-0.0557843,0.002312423,0.326385
-0.1235813,0.01846163,0.03222568,-0.1021078,-0.04879597,0.2047391,0.02015989,0.497762,0.6428042,-0.1339882,0.01658195,0.06637278,-0.3537177,0.624038,0.152441,-0.09117931,-0.1103763,0.3009276,-0.09987169,0.3514704,-0.04943369,-0.03183611,-0.2045184,-0.07760972,0.2030453,0.05222701,0.02848653,-0.3364194,-0.01330996,-0.6342946
0.05118901,-0.0002575404,-0.3224845,-0.2203106,-0.207559,-0.05495244,0.2779219,0.124936,0.2788954,0.04888179,-0.3038784,0.0007678024,1.340142,0.206876,-0.07113878,-0.05887372,-0.4771284,-0.03438104,-0.2074137,0.3084892,-0.9673635,0.2170422,-0.01764188,-0.08684668,-0.3777008,-0.004486551,0.5580651,0.4006435,0.002760893,-0.01767265
-0.6903202,-0.2367252,-0.1339662,0.008160786,0.1590037,-0.3647956,0.8367978,0.2540797,-0.2626789,0.001880441,-0.00914248,0.08082043,-0.3167472,0.1862882,-0.4709616,0.3219572,0.06936011,-0.3420348,-0.3120134,0.454827,0.6062556,-0.4316459,0.003224096,-0.08952442,-0.07667357,1.155984,0.06601119,0.003825724,0.5082365,0.3902776
-0.005638404,-0.1891451,-0.06659963,0.1933299,-0.1239583,-0.003673065,-0.4689169,-0.2319955,0.5788425,-0.002155815,0.9897048,0.2195097,-0.4446291,0.2953986,-0.03094086,0.06854802,-0.2279233,-0.3413739,-0.7795636,-0.4144583,0.008525908,-0.05355899,-0.4166592,-0.283892,0.0796266,-0.03478102,-0.01073745,-0.2670684,-0.15161,-0.03007138
-0.04329556,-0.1025992,-0.1495892,0.4122133,0.5771607,-0.168983,-0.08043259,-0.007655203,0.07623664,-0.01683467,-0.2922156,0.4697378,0.4923354,0.3441168,0.1021941,-0.03372271,0.08164638,0.04612257,0.1453341,0.2568585,0.07678086,0.2867425,-0.08053605,-0.4030164,-0.002126064,-0.6224948,-0.08120956,-0.0305329,0.6784121,0.3424827
-0.02572339,0.3413935,-0.4805834,-0.085275,0.2624856,0.05415672,-0.1712207,-0.04505426,0.2836448,0.5031731,0.645158,-0.1661005,0.3606008,0.1711594,-0.02573828,0.100843,-0.3218561,-0.4028834,0.03745006,-0.2575518,0.01968844,-0.009706265,0.3811368,0.3612595,-0.472826,0.02705742,0.00764045,-0.2867812,0.08058608,0.1127892
0.3058056,-0.03381139,-0.2496449,0.4098082,-0.08267611,-0.07381457,0.4960116,0.3824332,-0.3415339,-0.1648063,-0.01592308,-0.1890935,-0.5476429,-0.2849281,-0.4994848,-0.5311715,-0.3768124,0.02266437,0.4520147,0.2576247,0.006975114,-0.4898514,-0.4193993,-1.049997,0.006011156,-0.005643351,-0.3244388,0.02727162,-0.02976364,-0.367499
0.4676614,0.3107791,-0.2055002,0.03495708,-0.9558708,0.06032173,-0.003409316,0.0150649,0.3497798,0.3999748,0.359499,1.472877,0.0108997,0.1766598,0.2987961,-0.04706055,0.4425009,-0.274295,-0.2178351,0.02076294,0.3921849,-0.2603805,-0.1077994,0.01333314,0.06424348,0.3584897,0.2679412,0.004664555,0.1184437,-0.681469
0.235711,-0.008964538,0.1273652,-0.2093181,0.2384781,-0.03849453,-0.529266,-0.03828964,-0.04231995,0.008731113,0.416562,0.673795,0.02488822,-0.9496782,0.07013231,0.4276936,0.3119719,0.04062313,-0.2345271,0.1260236,0.0130437,-0.3188602,0.4274594,0.02568728,0.2739414,0.07674982,-0.0272594,-0.5572588,0.4564414,0.03588553
-0.1167354,-0.3496865,-0.9593543,-0.1074852,0.1262306,-0.1573073,-0.2316547,0.1873028,-0.006972332,-0.04544268,0.4118986,0.3995754,0.299716,-0.08781213,0.2156586,0.2308029,-0.003250587,0.0720934,-0.2364054,0.03082108,-1.383869,0.5306802,1.392007,-0.004135039,-0.1431616,0.2268324,-0.1739804,-0.2553871,0.2323908,-0.02279155
-0.7032729,0.1532077,-0.2573209,0.5661816,-0.02640443,-0.01467943,-0.004028177,0.5232484,0.2594693,0.03608043,-0.1129519,0.005167469,-0.008991539,0.002292812,0.4360746,0.2602098,-0.08728652,0.3340344,0.5668837,-0.2235638,0.05747956,-0.008281718,0.02705261,0.07599322,0.3985959,0.3150048,-0.3488978,0.1664622,-0.1639546,0.0757452
0.1046352,0.3073072,-0.1755016,0.293837,0.07867151,0.09202057,-0.005053561,0.347385,0.4728799,0.2441521,0.003392853,0.7984437,-0.002766402,0.003609205,-0.4522389,-0.3216144,0.288305,-0.3448055,-0.1520939,-0.01051766,0.3996257,-0.1473959,-0.3052622,0.4716028,-0.05133919,-0.219026,0.2358113,0.1048531,-0.02609915,0.001700805
-0.2775297,-0.3770108,0.02400963,-0.1862239,-0.1514635,-0.1371311,0.2793714,0.9173204,0.4053352,0.399788,-0.4216665,0.2874159,-0.01483962,-0.6377092,-0.08653829,0.4417708,-0.5267631,0.321189,-0.4986474,-0.2245445,-0.3405459,-0.1827627,-0.09735157,0.3914653,-0.2892221,0.01859194,0.04792132,0.01106508,-0.01605029,0.0949606
-0.3304224,-0.03134814,-0.272686,-0.08877331,0.1459012,0.008294118,-0.3632693,-0.4045661,-0.2261205,-0.4057465,0.3922555,0.4379951,-0.3359938,-0.05850472,0.444798,0.007952575,-0.1159873,-0.1880434,0.4178455,-0.1851902,-0.003337444,-0.464343,-0.06285123,0.06564637,0.1772588,0.3764119,-0.3050963,0.02908736,0.1516689,-1.140527
0.2649796,0.1467605,0.01561458,0.5547459,0.3002943,-0.3717231,0.07907831,-0.0495987,0.06048791,-0.01792216,0.02897432,-0.06555086,0.008274541,-0.3557264,0.4862536,0.2158389,0.3914571,-0.01018447,-0.3580589,0.008477047,-0.2300458,-0.1045924,-0.2413095,-0.1548809,1.046363,-0.4903487,-0.001818269,-0.01313955,0.113952,-0.09269397
0.403038,0.3508152,0.009220078,0.00461957,0.04286331,-0.4718919,0.960648,0.3715472,0.2023792,0.5159186,0.3810812,-0.04761456,-0.02004118,-0.3871583,0.1962494,-0.002324634,-0.002758276,0.08494173,0.6278028,-0.006547492,0.0004714409,-0.194031,-0.1170942,0.06051074,-0.0006966172,0.01431385,0.6471406,0.32389,0.1021233,-0.1687683
0.1389542,-7.728932E-05,-0.02842485,0.09770697,0.4930919,-0.4468558,0.02642159,0.3623014,0.03018901,0.1969116,0.1587384,-0.310552,0.1225131,-0.09631676,-0.2454975,0.1429254,-0.5341626,0.05033457,-0.1659393,0.0358853,-0.007220907,0.2606299,-0.03243243,0.6544651,0.7644718,2.47065,-0.2843449,-0.0003138129,0.003847841,-0.2212712
0.1255254,-0.4098419,-0.1726699,-0.3868002,-0.005581406,-0.2724089,-0.8563093,0.04865905,0.7859539,0.330002,0.4228047,0.03908607,0.01814431,-0.003159727,-0.02577805,-0.465245,0.3314474,-0.03116142,0.01974112,0.3397408,0.1404153,0.01126809,0.001006026,-0.3408264,-0.2696526,-0.03994197,-0.2438174,-1.037509,-0.3294069,0.1957889
0.1830895,-0.006573385,-1.231431,0.4352628,-0.4294883,0.2287944,-0.4775552,0.1703199,0.3115259,-0.03776329,0.1633626,-0.1820976,-0.1791885,0.241693,0.3614385,-0.6556709,0.2108756,-0.4421817,0.4165598,-0.2177196,1.258754,0.1307019,-0.3159169,-0.2286172,-0.02928575,0.8524299,-0.02963131,0.05869277,-0.2366477,-0.280808
0.352855,0.1506316,-0.25024,-0.03520055,0.4888314,0.1019736,-0.06958503,1.583329,0.4544933,-0.306234,0.08035976,-0.03237459,0.2026851,0.3151293,-0.3617569,0.08173209,0.008213783,0.295466,-0.009629324,-6.563935E-05,0.2260561,0.2748259,0.3128016,0.07544467,0.0006533547,0.7440769,0.02142814,-0.388115,-0.252148,-0.06291288
-0.02447758,-0.1190627,-0.07966352,0.005903256,-0.06871015,0.7880232,-0.4825248,0.03706966,0.296563,0.4406783,0.05388263,0.05083412,-0.3658,0.2081121,-0.3357972,0.1264458,-0.2799345,0.4335146,-0.02924009,0.3330267,0.01765703,1.485391,-0.6944854,0.2102841,-0.01796552,0.2658902,0.07012115,-0.1152373,-0.02692356,0.4202596
-0.7650321,-0.3329461,0.0174552,-0.6573111,0.05324966,-0.03061566,-0.05942781,0.05305768,0.09134223,-0.2368306,-0.006623922,0.1734536,0.3854204,-0.02091461,0.3031107,0.0479563,0.3162307,-0.2273799,0.2360076,0.1168986,-0.01447557,0.4090741,0.3099492,-0.1424047,0.3356858,0.4569317,0.08419927,0.02892219,0.0002218013,-0.009546123
-0.0247249,0.08680547,-0.4035401,-0.1528752,-0.07889587,-0.07952668,0.4972296,-0.2618239,-0.07504004,-0.06581215,-0.8159854,0.09487541,-0.1047559,-0.05628989,0.003074933,-0.2799877,-0.03500468,-0.4725304,-0.5607907,-0.03858322,0.20472,0.1660199,0.1680975,0.08855038,-0.001968518,1.078427,0.4011418,0.01370825,-0.217022,0.3086995
0.499994,-0.03636044,0.4133186,-0.1548641,0.1354374,-0.02272116,0.2994441,-0.3387373,0.7079761,-0.4465837,-0.3279406,0.7101429,-0.0184175,0.3797592,-0.09268929,-0.09061903,0.07652663,-0.06258591,-0.2605298,-0.01377343,-0.4506502,0.1592405,1.272968,-0.1133117,-0.1672756,0.6353439,0.13105,0.3809848,0.0292235,-0.06845444
0.1246384,-0.00537428,-0.1959775,-0.1195632,0.03440515,-0.2349424,-0.4316038,-0.1390718,0.3944135,0.4018322,0.3260671,-0.03901523,-0.7429568,0.1303915,-0.2998477,-0.4438006,-1.815026,-0.3014147,0.460338,0.004031956,-0.01381058,-0.2403592,-0.3653252,-0.3229082,-0.07765157,-0.1577544,-0.6603287,-0.7974848,-0.1652952,0.5220726
0.3811047,0.06362443,-0.07529434,-0.6807413,0.4378109,-0.1650743,-0.3747147,-0.1023278,-0.9417505,-0.306529,0.4157761,0.4084399,0.1014333,-0.4753308,1.844934,-0.1249322,-0.0506809,-0.1961909,0.2607906,0.02287035,-0.1896245,0.2251692,-0.120777,-0.1101856,0.08029789,0.09409805,0.08225328,0.01333268,-0.00249928,-0.006723541
0.1706107,-0.3630649,0.3152189,-0.285412,0.3023909,-0.02758105,0.4668502,-0.08746535,-0.698432,0.2261703,0.30594,-0.7756745,-0.1379936,-0.05481273,0.3960089,-0.01701079,1.868052,0.01089967,0.3312016,-0.08915329,-0.2996166,-0.370212,-0.1728947,-0.2224679,-0.09264928,0.3182765,-0.1924126,0.3928374,0.006982267,-0.07600194
-0.007870159,0.4016542,0.3408741,0.2918028,-0.3504989,-0.03851992,-0.02990923,0.1657577,0.3120756,-0.03854021,-0.2280355,-0.236457,-0.2580151,-0.153322,0.1090586,-0.08929303,0.1461259,0.1005387,-0.1265317,0.2048166,-0.0665969,0.0682823,0.006836398,0.08338317,0.248994,-0.02194493,0.1429432,0.07159271,-0.3430932,-0.01940969
-0.2307205,0.36239,0.1122605,0.6089417,-0.4316262,0.02730452,0.127957,0.5488345,0.3848957,0.07511548,-0.5789731,0.401695,0.6473086,0.01127815,0.03587252,0.0925189,0.3347285,-0.1284042,-0.038784,0.004332642,-0.5591399,-0.1783649,-0.1012723,-0.2617594,-0.3322879,-0.03021996,0.0002339209,0.1140341,-0.5963563,-0.3407775
;
-0.4344439,0.1348126,0.7103921,0.4053277,0.3869605,0.489388,0.05919379,-0.2574638,0.003055355,0.253435,-0.2985002,0.6234109,-0.3219881,0.7613546,-0.07825989,0.4702793,0.1173657,-0.2957119,0.08951048,-0.1114472,0.4392954,-0.2932765,-0.02796067,0.04472848,-0.0003909992,0.04032357,-0.4235972,-0.35309,-0.06746615,-0.1142279
0.3765692,0.5880529,0.142495,-0.4123291,0.320696,-0.0008141024,0.7213435,-0.07494789,0.1211555,0.004592866,-0.4105166,0.04233056,0.5597243,-0.006397758,-0.4997646,-0.2642351,-0.1753502,0.01058074,-0.2469861,-0.3930072,-0.4866192,0.648988,0.026796,-0.103388,0.5122627,-0.1072922,0.00758139,-0.004667125,-0.06040709,0.005720221
-0.05917001,-0.1899667,-0.1354951,0.08427614,0.281236,0.3343925,0.09372322,0.2021422,-0.1731379,0.007872188,-0.4764598,-0.0003785759,0.2488248,-0.4459647,-0.07540202,0.3949081,0.05660409,0.3380913,-0.0450222,0.1723176,0.4528887,0.4018905,-0.02901529,-1.386514,0.1322361,0.04811954,0.5912208,-0.07098127,-0.3909408,-0.4614384
;
-0.1111532
-0.00318038
-0.08524089
-0.06321301
-0.02544992
-0.1715251
-0.3757918
0.2707449
-0.2995258
0.8826216
-0.03904739
0.3737373
0.9752793
0.0231728
-0.0163631
-0.02592768
0.2190362
0.3430816
0.08681148
-0.2511166
-0.2985827
1.036006
-0.1220528
-0.00216112
-0.1016445
0.009579563
-0.383568
0.04004667
0.3901347
0.3678164
;
0.01265851,-0.3675481,0.2201226,0.4642496,-0.07783879,-0.04515149,-0.5941353,-1.527108,0.3358279,0.5749517,-0.1171023,-0.05634207,0.02095895,0.1073964,-0.1079046,-0.2374239,-0.206715,-0.0351359,0.1980742,-0.2583403,0.03037281,-0.3848809,-0.325734,-0.4178879,0.1515104,-0.2958804,-0.3044149,-0.1259659,0.2904711,-0.1643139
-0.3682318,0.1314708,-0.2030084,-0.04328269,0.6141339,0.08509755,-0.009064039,-0.1266676,-0.006557989,-0.06023933,-0.02402048,-0.6432368,0.3802376,0.2703765,0.02113984,0.0485788,0.7812036,0.5071688,-0.009356439,-0.1725111,-0.1721696,-0.05514839,-0.4786215,0.4295969,-0.2857939,-0.4103329,-0.04530273,-0.09488777,0.1142337,0.2172349
0.04873165,-0.1002833,0.0239237,-0.08976175,0.6011632,-0.08577315,0.03339055,-0.02939807,-0.3480051,0.1047309,0.001845844,0.8851876,-0.05134755,-0.3073571,-0.4189582,-0.1728227,0.03192381,0.6411467,0.3009661,0.04091884,-0.09084231,0.004243155,-0.2939975,0.4777688,-0.3145329,0.4737887,0.6769494,-0.168447,-0.02119316,0.764897
-0.27661,-0.4217285,-0.01277582,-0.005523338,-0.06251153,0.351542,-0.4500551,-0.5631845,0.4136382,-0.3321329,0.03569442,0.4603364,-0.4272495,-0.2585051,0.0991241,-0.0122842,0.6325275,-0.3200996,-0.2133128,0.02747766,0.3962672,-0.4036374,-0.04998118,-0.4995533,-0.2818561,-0.04867847,-0.02539495,0.2358526,-0.05346495,-0.04298652
-0.5874572,0.1571352,0.527515,-0.6758575,0.3368472,-0.193736,-0.00877528,-0.001032406,-0.8131114,0.2238381,-0.7543367,-0.05824938,0.04055333,-0.04730757,0.253963,-0.09561187,-0.4013605,0.01728113,-0.4722416,0.1692865,-0.07204433,0.08530146,0.0252231,-0.4988124,0.008889019,-0.1644478,-0.01015121,-0.05117482,0.06209919,0.02052257
-0.369131,-0.1542554,-0.2441985,-0.2146195,-0.2415402,0.2833301,0.4728625,0.01975435,0.8123255,-0.06474889,-0.07568859,0.1969153,0.007849741,-0.2586695,0.599219,-0.4864502,0.002879376,0.2279958,-0.2351671,-0.1460583,-0.4227842,0.4161846,0.01089052,-0.03134205,-0.3451278,-0.09690715,0.288958,0.4155414,-1.327732,0.09268099
-0.6593142,-0.3380383,-0.3772396,-0.1988411,0.1965634,-0.3603984,0.2409382,-0.4298773,-0.2286813,-0.3271747,-0.01897615,0.3117075,-0.008276857,-0.5255293,-0.02932344,-0.3483991,0.2613593,0.2854785,0.4079486,-0.06108731,0.09823352,0.1512098,-0.000729794,0.006825864,-0.8315861,0.05339947,0.4579294,-0.08113204,-0.04460301,-0.8037181
0.01286613,0.170357,0.5772616,0.2519267,0.09347904,-0.2609171,-0.1353039,0.0006218143,0.1488483,-0.009466952,-0.4993115,0.3587434,-0.1778225,-0.4972677,-0.2760568,0.3154541,0.3452063,0.3153863,-0.08595636,0.5081058,-0.2654927,0.03439835,0.6915792,0.02175224,-0.2543041,-0.3172799,-0.1126456,0.5097818,-0.01308354,-0.08806016
0.0003907122,0.5166939,0.2691116,0.3427544,-0.1689053,1.242155,0.3378425,0.07791144,0.03708129,-0.006804508,-0.01422127,-0.2538617,-0.5254699,6.446018E-07,-0.2681084,0.5045852,0.1090671,-0.280027,-0.2837586,-0.2205515,-0.8626687,0.2106385,-0.1329942,0.4329489,-0.2181035,0.4585522,-0.04008162,-0.08884008,-0.2657949,0.2662146
-0.05395234,0.1044978,0.3583419,-0.1129465,-0.03362024,-0.9488053,-0.008221862,-0.3652687,0.1798949,0.8379599,0.01525303,-0.01328808,-0.2618042,-0.3900944,0.2066444,-0.005549287,0.05242664,-0.4050924,0.04053055,0.4446105,-0.2935299,-0.1157749,-0.2716641,-0.05213427,-0.02262055,-0.06272599,0.6330056,-0.3692693,-0.2043206,0.02684957
0.2522828,0.009483541,0.1488115,0.3637681,0.002784398,-0.272894,-0.02436326,-0.04787248,-0.1436835,0.005722533,-0.4258722,-0.3657005,0.06923681,-0.5123664,0.04992713,-1.609487,-0.6121536,-0.04121697,0.2312587,-0.0009356347,0.4907101,0.2883128,-0.1231636,0.4160609,0.3661857,0.1755693,0.2290663,-0.1513357,0.009198077,-0.03855535
-0.4513285,-0.03379494,-0.01262682,0.656568,0.04648461,-0.08631085,0.02102528,0.4828864,-0.5798136,0.3012343,-0.4738247,0.002579314,0.1562306,2.191545,1.073038,0.00373328,0.03815103,-0.1279051,0.1167807,0.2110709,-0.09466269,0.4083006,-0.09338377,-0.442063,0.1307539,-0.01804579,-0.3395319,0.3899504,0.1637058,0.005355299
0.002790169,-0.4279914,-0.7591289,0.01034049,-0.5041054,0.2581937,-0.1751212,-0.2703427,-0.3809782,-0.1295595,0.004052204,0.3235326,0.6891493,-0.5280527,-0.08495849,0.005113698,0.5991971,0.001294398,-0.03237729,0.2471601,0.03449994,0.08018673,0.1385717,0.2665446,-0.05249167,0.127533,-0.9770201,-0.5336136,-0.4277458,0.0610985
-0.3159557,-0.01432301,1.759108,-0.06953605,-1.689225,0.3323711,0.4941694,-0.002960503,0.1516771,0.3785846,-0.055253,0.4876426,0.2480455,-0.4602465,0.3887228,-0.2537243,-0.04947239,-0.02880423,-0.07950717,0.2399517,-0.1917986,-2.511077,0.03432992,-0.003702072,0.02415725,0.3902848,0.2870203,-0.1600133,-0.1602416,-0.112435
-0.02557735,0.05204994,-0.4477798,0.05995579,0.1113807,-0.2657934,0.1571288,-0.0303209,-0.4052014,0.6041708,0.00190692,-0.6287223,-0.4841915,0.03880416,0.4559847,-0.7021734,-0.3026278,0.7421749,-0.323577,-0.1375591,0.06467236,0.08784056,-0.2473122,0.06377354,-0.291783,0.1219106,0.03952755,-0.4032925,-0.04140502,-0.1071575
0.3155508,0.7051936,-0.2403544,0.1483727,0.06974656,-0.3675897,-0.4472125,-0.2549075,0.1211192,0.09637477,-0.3567518,0.01598682,-0.1981265,0.3816952,-0.4961046,-0.381188,-0.03342042,-0.1995657,-0.03248206,-0.2874306,-0.02740866,-0.3684609,0.1864719,-0.04294511,0.04555157,0.7297029,-0.07025188,-0.4742054,0.2017735,-0.07248914
-0.03028477,0.3709728,-0.01009221,0.1253666,-0.2782654,-1.484488,-0.04217006,-0.09542494,-0.5103011,-0.01800014,-0.008046169,0.03056996,0.8295884,-0.00947068,-0.4778489,-0.005987122,-0.1273628,-0.04242749,-0.1759791,0.3201103,0.1089404,-0.0006035845,0.9101146,0.3859411,-0.00021409,0.7255493,0.5488971,-0.2618933,0.1637407,-0.07226698
0.2084493,-0.01522879,0.2860017,0.4997473,-0.04535844,0.01287939,0.001427206,0.1207569,0.08944507,-0.1573598,0.0002525703,-0.710117,-0.03748554,-0.3023666,0.3693195,-0.1035865,-0.06560928,0.4421327,-0.2313005,-0.2448688,-0.05034095,-0.09929407,0.4851536,-0.08496672,0.009974926,-0.1042755,-0.1064009,0.1051596,0.2978098,0.443599
0.2333224,0.3728718,0.02945453,-0.03217842,0.129176,0.05241793,0.1824775,-0.491699,-0.2345484,0.392164,-0.1031458,0.3849559,0.135002,-0.3872832,-0.08574521,0.5265188,0.1659434,0.06653672,0.8680369,0.2844573,-0.3480507,-0.1085196,-0.04796976,0.4630057,-0.2156723,0.1821781,0.01053712,0.2882711,0.06741792,-0.0447976
-0.2280056,-0.2665349,0.4033577,-0.1404164,0.1428439,-0.05695018,0.0007714366,-0.4955812,0.1431743,-0.06273192,-0.4096181,0.0124001,0.1185258,0.2605367,0.5845929,-0.05694517,0.3831147,-0.05793383,-0.1228252,0.2798208,0.7574946,0.232241,0.6958594,0.06299978,0.06879225,-0.2324308,-0.07043499,-0.2490374,-0.01215046,-0.2436785
-0.06517412,-0.1056716,0.1660109,-0.1440844,-0.3842307,0.2855878,-0.1023569,-1.641566,-0.2293091,0.0005409659,0.1159153,-0.2260921,-0.03779608,0.004412669,-0.03807472,0.1563506,0.0430261,-0.2817919,0.2623531,0.2203832,-0.1029349,0.7698591,-0.08782589,-0.1266167,-0.09281124,-0.1091376,0.005510747,-0.1466452,0.01616059,-0.04612445
-0.1060658,-0.3694179,0.3385724,-0.4113227,0.04918104,-0.1266063,0.4946366,0.4324331,1.59686,-0.3950361,-0.1998648,0.001007598,-0.1499127,2.018227,0.1596367,-0.7424426,0.8005479,-0.04911827,-0.3704112,-0.01204148,0.3937119,-0.5383725,-0.1584002,0.253767,0.01581816,0.002815367,-0.3047234,-0.3341113,-0.4870394,0.1628102
0.4984237,-0.1412111,0.3455338,0.0347864,0.1464272,-0.3467726,-0.1679729,0.3009354,0.624118,-0.2207159,-0.1746074,0.03983015,-0.2029229,0.5353777,-0.3391852,-0.05152913,0.5217518,0.3051406,-0.09731468,-0.1621671,0.2635286,-0.3769946,0.4934875,-1.040466,0.5137104,-0.3619393,-0.8291046,0.0529477,-0.177734,-0.2007751
-0.0775699,-0.3539295,-0.1443296,-0.3010176,-0.2167038,0.4505994,0.1993384,0.05660123,0.0325967,-0.4189855,0.03716644,-0.03575452,-0.2615457,0.5455528,0.6871727,0.1793577,0.1750069,-0.1699601,0.3521978,0.02302279,0.1869091,0.2981426,0.07991597,0.001542956,0.0006287324,0.2983366,-0.218217,-0.3907954,0.4104863,-0.393283
0.07814246,-0.2948547,-0.2559922,-0.7978353,0.08187431,0.07180208,-0.08908588,0.4649878,-0.03819209,-0.01232606,-0.2932736,-0.07751361,0.04257295,-0.3576205,-0.05676295,0.3134973,-0.07449013,-0.611935,-0.3583791,0.3703484,-0.2294861,0.2905277,0.06931152,-0.2888733,0.01271114,0.294424,-0.6214609,-0.06062699,-0.4794024,0.4902456
0.07477172,0.0259279,-0.4009298,-0.4312338,-0.0431357,-0.3674539,-0.01087324,-0.3597168,-0.2248135,0.4152966,0.2701168,0.909413,-0.7846168,1.79964,0.4557546,-0.000770616,-0.707354,0.3552444,0.3730351,0.2574478,0.03515773,0.4737546,-0.02469967,-0.4689164,-0.08965803,-0.08948272,0.01012899,-0.5020778,0.1296234,0.4656752
-0.09495878,-0.3102954,-0.3902654,0.01885734,-0.3765092,-0.02177757,-0.3676657,0.4730193,-0.1050131,-0.05748063,-0.09934035,0.1652314,0.09935042,-0.1838683,0.002062767,0.2628329,-0.01349288,0.2227103,0.003069052,-0.001981138,-0.2351648,-0.1491892,0.2168175,0.4866138,-0.0009046384,-0.207195,-0.07882005,0.6068147,-0.08750302,-0.2447865
-0.4566031,-0.04366785,-0.126828,-0.3762892,-0.2348781,0.2993248,-0.01827237,0.2659826,-0.3368089,-0.0008666603,-0.1372816,0.2241242,0.4425604,0.2437571,-0.7399404,-0.002915072,-0.02598763,0.0444414,-0.4533393,0.3231425,0.1062202,0.2602028,0.1665587,-0.01131314,0.4059935,-0.2159873,0.01843793,-0.002161351,-1.403505,0.06889278
-0.1623306,-0.3434223,-0.4840343,-0.7704345,0.4621054,0.0373804,-0.04260473,0.3345892,0.02717883,0.355487,-0.02245758,-0.2199242,0.6389428,0.4316494,-0.377669,0.2090407,-0.1849332,-0.5451943,0.06300408,-0.004317479,0.5608739,0.4166056,0.4133157,0.0001511203,0.2445274,-0.2554535,0.003081656,-0.4157524,-0.4302038,-0.2833296
0.5422024,0.1318893,0.8885679,0.0512692,0.01641545,-0.2997169,-0.2335542,1.009012,0.1216808,-0.1917369,0.01533037,0.8248574,-0.323585,0.5424168,0.03007434,-1.504423,0.9414937,-0.007540052,0.9844848,0.08929986,-0.2944838,-0.3583456,-0.06660539,0.3068158,-0.4326406,-0.08379566,0.5476168,-0.1436404,0.1125754,-0.279431
;
-1.533213,-0.03233308,-0.09365795,0.04206973,0.001648571,-0.2520403,0.1222361,-0.1048137,-0.07752392,-0.02375311,0.002065685,-0.2625859,-0.03154504,0.1147282,0.01901268,3.550939E-05,-0.244497,-0.09028208,0.2457361,0.1572475,-0.02825677,0.552514,-0.02825648,-0.2197051,-0.4759781,0.005004775,-0.01086408,0.6768566,0.1317099,-0.06783125
0.2404811,0.04941342,-0.002240862,-0.3411382,-0.08969507,0.06024975,-0.3319517,0.1591778,0.0415842,0.2562481,0.1379538,-0.308863,-0.0001715232,-0.1138973,0.2068665,0.1983735,-0.1573882,-0.008723438,0.1652018,-0.1626728,-0.0933766,-0.001480039,0.07803092,0.4837569,0.5784569,0.04101748,-0.05687672,-0.4583629,1.140738,-0.3482558
0.3323602,0.2999322,0.02306789,0.1421572,-0.4504467,-0.006559559,-0.001202832,-0.07854851,-0.3789876,-0.2799884,-0.1884531,0.3043132,0.04100277,0.4313463,0.2385354,0.7949663,-0.03264702,0.03625564,-0.08060356,0.0231406,-0.2349449,0.4614972,0.2974595,-0.46461,-0.01002592,-0.6336823,0.01320141,0.1233516,0.216034,-0.2595816
;
