-0.2219035
0.05034584
-0.0837141
-0.4855996
0.4723047
-0.1286373
0.4560946
0.2959985
0.3446774
0.1592886
;
-0.2459465,-0.4394888,0.196599,0.01602,-0.08905393,0.1640591,0.4450126,0.4043015,0.2707806,-0.1139221
0.03602463,0.4812562,0.3936437,0.1873714,-0.1298125,0.005655706,-0.1485552,0.1000296,-0.469111,0.1982338
-0.1268085,0.2352943,-0.2173048,0.2304848,-0.4555269,-0.2156785,0.4712518,-0.1004366,-0.04844195,-0.03079051
-0.4027208,-0.07452542,-0.3218135,-0.4655355,-0.4749284,0.3971393,-0.4728361,-0.2505388,0.1095302,-0.3886925
0.193956,-0.4527218,-0.2281139,-0.09516498,-0.2430812,0.2667713,0.2571765,0.2888871,-0.03855437,-0.21841
-0.3512034,0.3307128,-0.3886691,-0.4992964,-0.4297307,-0.4635764,-0.1186314,-0.09694582,0.4270762,-0.2071646
-0.3555597,-0.05615133,-0.135735,0.2510411,-0.3241454,0.1612638,-0.4899031,0.07735091,0.1079332,0.1356184
-0.04997379,0.4408263,-0.1358796,0.09965509,-0.1009666,-0.413113,0.4025259,0.05782801,0.3821243,0.4720976
-0.3236195,-0.01499552,0.6370751,-0.08243078,-0.4769,-0.1435944,0.3246174,-0.3629781,0.365695,0.05184823
0.4018698,-0.2948055,-0.2878146,0.192103,-0.3268806,0.1444895,0.1421853,-0.3913194,-0.1467624,-0.3054359
;
-0.3313011,0.1934365,-0.09568673,0.15433,-0.3161094,0.1769919,-0.362506,0.446926,0.22066,0.09950608
-0.211963,-0.001646459,-0.465212,-0.0008146167,-0.4168934,0.2845838,-0.1213891,-0.2035198,0.4895332,0.09554356
;
0.4148169
-0.1168385
0.3376622
-0.4198655
0.3348721
-0.4695405
-0.08927505
-0.0005367267
0.003395193
-0.0926964
;
-0.1496273,-0.00139412,-0.1965986,-0.006244957,0.2086255,-0.8736935,-0.494049,-0.0125035,-0.05327261,0.3275729
0.1325255,0.08816405,0.01049667,-0.4345593,-0.2823758,0.2944348,-0.1985836,0.2689378,-0.1421949,-0.6743652
-0.3288132,-0.3501382,0.3683285,-0.08454067,-0.02952846,0.02002472,0.002789236,0.2314281,0.2363386,0.06734246
0.6295562,-0.2207154,-0.2116912,-0.2997273,0.0004563085,-0.3142154,-0.2254301,0.2320139,-0.264321,-0.2571621
0.0349452,0.4380534,0.6043363,0.8177749,0.4039001,-0.4576582,0.4263186,-0.3658288,-0.2686585,0.02894763
0.122675,0.841609,-0.6709729,-0.3555413,0.102558,0.07663907,-0.07916301,-0.008658053,0.5058388,0.1144682
-0.7834973,0.06648788,0.006810481,-0.9109135,-0.06896812,-0.4327559,0.3992382,0.01195374,0.0001130696,-0.4906617
-0.003538582,0.00115095,-0.01857114,-0.0004940473,2.000487,0.5409263,0.006169369,0.3787049,-0.1878682,0.3084778
-0.2181281,-0.05308908,-0.2546803,0.002629053,-0.6635456,0.1096184,-0.4200865,0.4491562,-0.4117461,-0.1437592
0.2171436,-0.3380955,-0.5537846,-8.450454E-05,0.1295909,0.4158029,-1.277314E-06,-0.3913886,0.6952647,0.003608893
;
0.6172405,0.0004862478,0.01656178,-0.5240359,-0.01358297,-0.1837407,0.08556187,-0.1799399,-0.8742322,-0.4997089
-0.0003242407,-0.1701484,-0.3225778,0.004879327,0.4538845,0.4848908,-0.4482433,0.01937479,0.1679191,0.1576794
;
0.2085712
-0.435647
1.122492
-0.1639675
-0.4375216
0.1956462
0.1996567
0.1327363
-0.5449354
-0.2799903
;
-0.0754386,0.08487742,0.3333471,-0.158802,0.003192976,1.076373,-0.05247315,0.35711,-0.004773389,0.02688552
0.02228071,-0.2870349,-0.3708882,-0.371242,0.2893096,0.01153808,0.2158742,0.05064704,0.2710015,0.135412
-0.2976322,0.05309974,-0.03152603,-0.1207374,0.04756441,-0.3728277,-5.442979E-06,-0.2776852,-0.2626213,0.1174135
0.01301975,-0.2981941,1.722957E-05,-0.007368008,0.1500335,-0.002445167,-0.02412983,-0.1151974,0.5137491,0.4349225
-0.2763328,-0.02006479,-3.467134,-0.3861715,0.04857756,0.01680393,-0.002869771,0.4951593,0.3509008,-0.1353586
0.8726642,0.1220261,-0.05079331,-0.1516329,-0.04563294,0.03333608,-0.03553103,-0.3823781,-0.04772242,-0.00118116
0.05505477,-0.1688261,-0.315925,-0.4893284,0.1187536,-0.2905071,-0.1756054,-0.7388617,-0.1788393,-1.022033
-0.2877311,0.003998782,0.4396627,0.07220619,0.8523237,-0.2292174,-0.1988097,-0.3355417,-0.001391285,-0.03893393
-0.3181541,-0.006267243,0.03022466,-0.174192,0.003605885,-0.01756914,0.6919987,0.0005428595,-0.01749755,0.2062972
0.393443,-0.432785,-0.1579069,-0.009861648,-0.04542722,0.02477289,0.2426323,0.5248898,-0.7004226,-0.4562465
;
-0.06050575,0.7666202,0.4942851,-0.006325149,-0.07940024,-0.2464455,-0.3380569,-0.238801,0.4638344,0.4270077
0.0001472234,0.1980526,-0.1363297,0.01789814,0.09371109,-0.1761069,0.3829886,0.008123503,0.004555878,-0.3299776
;
0.1887709
0.1059645
0.09626789
-0.1278974
0.8628566
0.02122098
-0.1754233
0.3192531
0.001291845
0.3812318
;
0.1644648,0.2466502,-0.1285556,0.1884897,0.2675068,-0.3662423,-0.1102906,-0.1550875,0.02806831,-0.01718885
0.4268804,-0.0007100352,-0.1178313,-0.08085471,-0.1056216,0.6771738,0.09553384,0.3164146,-0.05980941,0.6473165
0.1071425,0.003298533,-0.01048917,-0.06202962,0.118497,-0.02882901,0.09560841,0.4296457,0.1791217,-0.02886266
-0.09970902,-0.03099515,0.01507883,0.7767707,-0.0006647157,0.362338,-0.4108813,-0.1741116,-0.3091326,0.1308702
-0.05721899,-0.158561,-0.1385874,-0.008977112,-0.1479514,-0.1849119,0.4876744,0.3650482,-1.770914,-0.1602568
0.2195114,0.3091553,0.1506824,0.4585299,0.08118656,-0.4005682,-0.5671888,0.5450298,0.001056304,-0.5363242
0.2472802,0.1206653,-0.002034247,0.0191636,0.3554327,0.02347354,0.01318687,0.1271633,-0.4056917,-0.6745004
-0.5370049,0.1952785,0.3677973,-0.008536105,0.1730659,0.1672935,0.3753044,0.145986,-0.1344926,0.1022516
0.0350637,0.001113103,-0.4370465,0.1863179,0.03266874,-0.04732259,-0.1413762,0.124084,-0.1823413,0.2106654
0.139525,-0.427176,-0.0005720962,0.0684489,0.3719406,0.009631679,-0.4769802,-0.1750138,0.575044,-0.05151131
;
0.005815144,0.2142121,0.25888,0.03762912,-0.1317415,0.44169,-0.219533,0.2623519,0.03888886,-0.6893142
-0.008494904,-0.004058676,-0.258253,-0.2205603,-0.4164984,-0.5660327,-0.3701213,-0.1312456,-0.4691952,0.02881503
-0.1127886,0.7295609,0.05905249,0.2441035,-0.01784212,-0.01779423,-0.9465865,0.4483114,-0.3593066,-0.004435607
;
-0.01492891
-1.145459
0.248782
0.007597586
0.4347475
0.4679929
-0.03179139
0.1360776
0.01573378
-0.279025
-0.3574857
-0.1167279
0.1851961
-0.1415282
0.434128
0.2739557
-0.6029359
0.07164362
-0.5708908
-0.1113891
-0.3964156
-0.3076819
-0.4369728
0.1519041
-0.3070755
-0.5242024
0.4950889
-0.7277387
-0.0102785
0.3963775
;
-0.01296911,0.9611355,0.1306876,0.3321502,-0.1664296,0.1507678,-0.03208488,0.2690469,-0.5147084,0.0005312122,0.3211918,0.04583436,0.02026589,-0.2865287,0.2370193,0.1233371,-0.01278914,0.1689296,0.4573815,0.1170536,0.0183626,0.4505085,-0.1134938,0.03946224,-0.4908279,-0.007925212,-0.4198431,0.9429584,0.09905147,0.1700117
-0.07178731,-0.01723255,-0.08404809,0.4365458,0.1303668,0.0990992,0.2155933,0.4251803,-0.1140525,-0.3503051,0.1841282,-1.011953,-0.4385472,0.04016002,-0.02376395,0.2671716,-0.01758878,0.3478643,-0.01145175,-0.08581096,0.03703065,-0.3773751,0.1110747,0.07254165,0.2543381,-0.4415078,-0.09568332,0.0135207,0.2746347,-0.1634738
-0.1790259,0.07001513,0.2614495,-0.3561535,0.3943957,-0.04059868,0.09118718,0.04904369,0.3289658,-0.4333411,-0.2152157,-0.02318001,0.03906117,-0.1063718,-0.3728854,0.8147448,0.4739407,0.3515997,0.4494173,-0.007604649,0.3583716,0.2304321,0.08832186,-0.127468,-0.2489632,-0.08945907,-0.2492532,-0.4835444,0.01214748,0.4002705
-0.4416521,0.3039706,-0.005076977,-0.4430281,-0.001674928,-0.0167783,0.3577014,-0.5330968,-0.367605,0.2921728,0.08578819,-0.6620965,-0.1230808,0.2981244,-0.07614225,0.5028206,0.4227984,-0.004062074,0.366322,0.5007496,0.01894686,0.3234731,0.1554818,-0.1865508,-0.46856,0.0815879,-0.006700817,-0.0006700557,-0.1461316,0.06350547
-0.004951606,0.006040315,-0.242422,0.06717417,-0.01198575,0.3346707,-0.09231825,-0.7880535,-0.5708433,0.0444789,-0.08025526,0.1335651,-0.2904414,0.02347771,0.008526443,-0.08524674,-0.0132129,0.2005926,-2.351743,0.3201112,0.02686518,0.05987474,-0.3440013,0.2632005,-0.01046241,0.1963547,-0.05010623,2.056006,-0.1041523,-0.4317256
0.1093554,0.07178169,0.002285846,0.1173992,0.01637132,-0.1611527,-0.1585501,0.4882731,-0.2308802,0.3736238,-0.03429104,0.09730822,-0.1125841,0.03961423,0.2986766,0.2928185,0.214184,-0.3692104,-0.2878469,-0.1505138,-0.4597026,-0.02503895,0.2160504,-0.1251784,0.06177372,0.426555,-0.4210078,0.6114003,0.16636,-0.1821647
0.3811427,-0.2505827,-0.5435579,0.1118531,-0.4644158,-0.1178883,-0.02268022,-0.0005104444,0.2659917,-0.1928744,-0.03287156,0.3231962,0.02874273,-0.2002006,0.1899991,0.4311213,-0.4426427,-0.3228128,0.3430726,-0.3018626,-0.114037,0.03950704,1.465387,0.5741041,0.3595806,-0.002815392,0.2570878,-0.1311917,0.1534659,0.812664
-0.11705,-0.1021333,-0.3205619,-0.224344,-0.4045519,-0.1550381,-0.005039632,-0.0101216,0.2867693,0.5614462,-1.260386,-0.07398623,0.9379623,-0.0937091,-0.4780272,0.0853073,-0.4343019,-0.383446,0.125551,-0.3207483,-0.2112018,0.2017606,0.001461914,0.1110114,-0.01903786,-1.538899,-0.4411248,0.5409932,-0.02499523,-0.006885003
-0.4871131,-0.2743402,0.2028828,-0.1314905,0.04519429,-0.09350544,0.196274,0.482751,-0.2297467,0.05454764,-0.4834895,0.1816598,0.05628129,0.01067441,-0.004616238,-0.222854,-0.1521973,-0.0003091133,0.01135741,0.2831951,0.1140187,-0.1702231,0.1000478,-0.04209211,-0.05182642,-0.4803906,-0.101278,0.01311588,-0.001943368,0.006782575
0.1128367,-0.04929534,-0.3807716,0.1169216,-0.0259766,-0.0589167,-0.3125889,-0.003217399,0.4501472,-0.01556615,-0.02242836,0.01880633,-0.2328212,0.2395009,-0.3766507,0.1785882,-0.01054005,0.3169427,-0.0147381,-0.06164778,1.200183,0.196253,0.03756195,-0.4146968,-0.9549116,-0.03161477,0.1634509,0.4204339,0.1774369,0.001301323
-0.3764758,0.2212519,0.471931,0.01206257,-0.04355845,0.1541965,0.8457161,-0.4540195,0.1545606,-0.03162777,-0.1555784,-0.469376,0.09056681,-0.3971012,-0.03726071,-0.4040699,0.02163341,-0.3239766,-0.2394032,0.08842704,0.5295258,-0.01156042,0.266833,-0.1678028,0.3603922,-0.3050954,-0.1800606,-0.07768001,0.1675717,-0.0670879
-0.01471605,0.1908278,-0.4510628,-0.8255066,0.01592932,0.2451656,-0.2816046,0.09684225,0.3952742,0.05823344,0.02947695,-0.4785602,-0.1843063,0.00220396,-0.2625409,0.005478818,-0.7170328,0.2840249,0.5534565,0.384966,-0.07864221,0.001495048,0.5018606,0.2299253,-9.366124E-08,0.09171516,-0.08888608,-0.3393198,0.2223993,0.01152876
-0.3465728,-0.03386921,0.01948185,0.3908966,-0.08412295,-0.339645,0.4478347,-0.05097906,-0.4128644,-0.1821971,-0.007205546,0.006817644,0.2578483,0.294281,0.03020316,-0.2455596,0.01909737,-0.2774898,0.08129127,0.1808184,0.2394024,-0.2923211,0.06274384,0.7338496,0.151043,-0.2559972,0.02021448,-1.031505,0.186637,0.1531411
-0.08688289,0.05014521,-0.1530178,0.01193915,-0.0236665,0.0514744,0.8150645,0.05085798,0.459705,-0.3012983,0.2681736,1.515784,-1.303592,0.3643181,0.2338927,-0.3679653,-0.1942686,-0.4291788,-0.119042,0.2069402,0.2151367,-6.803707E-05,-0.011831,0.0007385421,-0.10363,0.133899,-0.01535045,0.1284513,-0.01910186,0.00136237
0.1071941,0.5818285,0.2878501,-0.393703,-0.02205553,0.2092345,0.05068427,-0.4873464,0.405229,-0.3208712,0.1938589,-0.2597011,0.01821647,-0.3906404,0.002942516,0.3785856,0.1404582,0.3755523,-0.4102315,-0.417826,0.2367432,-0.04025069,-0.05244102,0.5377887,0.08564828,0.8118376,-0.1179859,0.1137376,0.9088593,-0.07292253
-0.2861604,0.04697034,0.2159893,-0.01570576,1.613234,-0.1040958,-0.0062978,0.3792441,-0.1107192,0.1786627,0.04057027,-0.4243284,0.4397898,-0.03813447,0.01823471,-0.1067562,-0.2681662,0.04668259,-0.01119922,0.2847342,-0.006855806,0.6188129,0.4306159,0.4835395,0.3466066,-0.002754731,-0.1070697,-0.01310235,0.4555202,0.008077908
-0.1587812,0.3554132,0.1424854,0.1622645,0.9073564,0.006892642,-0.286593,-0.1624686,0.355062,0.002633962,-0.1884599,0.1306023,-0.2962137,0.7264631,-0.1255586,-0.3315145,0.01583892,0.02847828,0.1220223,-0.2576308,0.4092356,-0.005604811,-0.04015161,-0.3351635,-0.3413944,0.4575089,0.01630503,0.1926522,-0.1717649,-0.0009544781
-0.3578248,0.0009455391,-0.1847356,-0.2639424,-0.01277506,0.5232811,-0.2356809,0.9205705,0.1263678,0.02935485,0.05480248,-0.01491426,0.06164819,0.00378497,0.2662659,-0.01663714,0.3361458,-0.731743,-0.1777378,0.4981345,-0.2436453,0.3012058,-0.2653795,-0.1098182,0.3565352,-0.0481289,-0.0200852,-0.4344957,-0.1458008,-0.2214241
0.06786837,-0.1188495,0.3756648,0.4303241,-0.02192674,1.764945,0.06227034,0.4318807,0.02273512,-0.009399123,0.1912114,0.04353986,-0.1758698,0.1406494,-0.4841642,-0.08414286,0.6163889,0.398504,0.1568514,0.8605499,0.3558792,-0.1149639,-0.1159441,-0.00153426,0.012092,-0.4598196,-0.5029134,-0.02223307,-0.01031577,-0.271439
0.009073914,0.3045377,0.1066131,0.0683297,0.002275122,0.1174763,0.0419989,0.02418204,-0.4659399,0.2449846,0.1726218,0.1036519,0.04636529,0.1251968,-0.1151834,-0.7073922,-0.1621935,0.2061383,-0.3204353,-0.02559161,0.05588165,-0.07264362,0.2840592,-0.2454975,0.4651682,-0.3565843,-0.04253498,-0.02393144,-0.02553683,-0.07414875
-0.316479,0.5753499,0.01607078,0.01936454,-0.6480848,0.01195271,0.03788707,-0.5478005,0.07249277,-0.4396659,-0.2691765,0.418775,0.127867,0.09623736,0.116163,0.2879899,-0.0812223,0.2478367,1.361838,0.01750932,-0.03595119,-0.1127004,-0.01123586,-0.46202,-0.0006514811,-0.1674469,0.1039144,-0.07399439,0.2629544,0.0631408
0.4551511,0.3900998,1.24109,1.366933,0.0385768,-0.00939256,-0.4629033,-0.06132275,0.311259,0.08930425,-0.1739002,0.4838061,0.0096016,0.0451377,-0.08945352,-0.1817268,0.1535241,-0.1579332,-0.04346715,0.3085811,-0.2228138,0.1440759,-0.1009374,-0.2168346,0.05646379,0.8826961,0.1363188,0.1023454,-0.03698483,0.7757784
-0.01596193,-0.3197409,-0.02534634,0.4504701,0.339409,-0.439015,0.1258724,-0.0005914232,0.17856,0.05692011,-0.4067485,0.3364913,0.2011679,0.05775342,-0.1647771,0.02153875,-0.0002098138,-0.06539536,-0.08441633,0.003879216,0.06405554,-0.3004344,0.4521879,0.001590285,0.02579309,0.3030865,0.1891851,0.1519739,0.481714,0.1965452
-0.05730333,0.07367492,0.0001519165,0.2365081,0.1754169,0.824235,-0.3309911,-0.1142309,0.001142436,0.1813274,0.003905225,0.1749313,3.463894,0.0192068,-0.04594648,-0.531655,-0.08424272,0.3241348,-0.1778964,-0.01314074,-0.8716211,0.04249996,-0.04283259,0.01234457,0.317347,0.4068438,-0.2002001,-0.6687905,0.1569171,0.1457041
-1.293939,-0.01194581,-0.2024463,-0.4587687,0.1513916,0.3864255,0.001644825,-0.05520314,0.3908668,-0.2387956,-0.2402447,0.4084274,0.273421,0.05759507,0.0875787,0.0268933,0.34217,-0.08114614,0.494554,0.009141329,-0.00177067,-0.0002925349,-0.03093373,-0.2068415,-0.02875943,0.01510353,-0.004694576,-0.2955502,-0.1638381,0.1323148
-0.3714904,-0.04803614,0.3749368,0.0517666,0.1194608,-0.01086394,-0.02880059,-0.9855106,0.1733136,0.1751857,-0.03279709,0.2356868,-0.4967823,-0.006942083,0.6837584,-0.1425623,-0.04753405,0.01946314,-0.4412614,-0.1369345,0.001940524,-0.5231321,0.01065608,-0.3269734,0.120238,0.02121914,1.184086,-0.221501,0.6046335,-0.1593722
-1.186061,0.04331402,0.2210222,0.4117476,0.1084853,0.1452188,-0.2398497,0.389853,0.009472609,0.3119309,0.05227346,-0.3789508,0.01224252,0.09132492,0.3668693,0.2017305,-0.2800043,-0.1087686,0.2100577,-0.2819,-0.1888712,-0.07044078,-0.1351122,-0.03282878,-0.6648217,0.1395552,-0.2575221,-0.7041584,0.2566005,-0.001906626
0.6087177,-0.02633494,0.08609182,-0.329476,0.3762544,-0.6370652,0.01413035,0.2240797,-0.4473826,0.5152645,-0.3986768,2.41433E-06,-0.1312815,-0.2388141,-0.156771,0.317988,0.07919019,-0.2927033,0.4854205,-0.3532075,0.4641619,-0.03833152,-0.4684029,-0.138612,0.5160148,-0.1233032,-0.0774508,0.2059882,0.2731209,-0.007655462
-0.0003013938,-0.001018112,-0.01903957,-0.3384266,0.1268457,-0.02135145,-1.054413,-0.4219747,0.5714633,-0.3223102,0.2253704,-0.3940998,0.07834613,1.327043,-0.001147937,0.3849146,-0.04380479,0.4133971,-0.03981102,-0.1454888,-0.009675721,0.36509,0.5342715,-0.7730919,0.3793525,-0.4103775,-0.3551812,-0.3250835,-0.004885343,-0.2567407
-0.04957101,-0.03394061,-0.007928931,0.7480777,0.3605529,0.5692405,0.3409337,-0.791665,0.2845691,0.007149824,0.3859367,0.3797696,-0.04951419,-0.1123399,-0.01647772,-0.2559595,0.2073247,0.4306827,0.2184135,-0.0007432301,0.1025087,-0.3197749,0.3807051,-0.2624105,0.2412178,0.04060324,-0.05058366,-0.0987584,-0.193612,-0.4931523
;
-0.03650534,0.1425124,-0.3752931,0.1736855,-0.005281508,0.04332018,-0.1909294,-0.3583826,0.004701984,0.09900939,-0.02753641,-3.304221,-0.4993938,-0.4453003,-0.01496714,0.3179343,-0.5296684,0.4081459,0.6879728,0.005470389,-0.02878338,-0.06116908,0.4284365,0.1204172,0.3595772,0.01872319,-0.05795604,0.1137247,-0.001882851,0.1539217
0.1059771,-0.3178717,-0.4462653,-0.4686328,0.1428299,-0.4990211,0.336056,-0.4408627,0.08811883,0.01751596,-0.03680134,-0.3763251,-0.02437693,0.3704367,0.1744462,-0.06009191,0.7630386,-0.01497731,0.06271917,-0.4293918,-0.06713516,-0.3818059,0.0320496,0.002218283,-0.08534987,0.3782705,-0.6933793,0.01140192,-0.03766608,0.3277256
0.2638346,-0.4668475,-0.03850994,-0.07882938,-0.2342061,0.05712353,-0.3621761,0.4277387,0.08925062,-0.2440463,0.2704937,-0.3327156,0.1371171,-0.4330266,-0.1524327,-0.2530114,-0.3011565,0.144429,0.0905895,-0.1353893,-0.2506264,0.0002308959,-0.1164195,0.3388308,0.1901227,1.187404,0.02604662,-0.07357806,0.2259924,-0.3116232
;
0.09713262
0.1788804
0.6319675
0.3826141
-0.2578822
-0.3681743
0.0002040267
-0.09772998
-0.3429803
0.1535558
-0.04637355
0.03924304
-0.002502147
0.4056965
0.1275253
0.0419055
0.1679836
-0.3119541
1.907458
-0.4737259
-0.4287829
-0.2296812
-0.498314
0.01169022
0.0292324
0.01456499
0.198057
0.05290776
0.06519838
-0.4116443
;
-0.05337183,-0.02629316,0.1610931,0.02480269,-0.05351001,-0.05598455,0.3519885,-0.339107,-0.1102607,0.8689248,-0.1820294,0.01064762,0.2261094,0.1435509,-0.298799,0.05101455,-0.2338577,0.009240765,0.4621978,0.4263597,-0.1223202,-0.02934493,0.5487511,-0.1954137,-0.5255307,1.23169,0.2094446,-0.0557843,0.002312423,0.5230757
-0.1235813,-0.01846163,0.1680853,-0.1021078,-0.003742306,0.4761692,0.02015989,0.4413401,0.6428042,-0.1339882,0.01658195,0.7820821,-0.3537177,0.624038,0.07647604,-0.003971991,-0.1894912,0.3009276,-0.09987169,0.2399555,-0.08268215,-0.03183611,-0.2045184,-0.07760972,0.1219922,0.0374595,0.1852134,-0.3187686,0.03869826,-0.6342946
0.05118901,-0.0002575404,0.2697831,-0.2203106,-0.2317844,-0.05495244,0.2779219,0.124936,0.2788954,0.04888179,0.007535322,0.0007678024,1.340142,-0.1395025,-0.07113878,0.05887372,-0.4771284,-0.03438104,-0.1484355,0.3084892,-0.7016205,0.2170402,-0.01251121,-0.08684668,0.0128451,0.006199734,0.3691807,0.4006435,0.002760893,-0.4308852
-0.6903202,-0.09039108,0.1339662,0.008160786,0.1590037,-0.3647956,0.8367978,0.2540797,-0.140746,0.001298471,-0.00914248,0.1213462,-1.030722,0.1862882,0.4709616,0.3219572,0.2237726,-0.2725869,-0.3120134,0.5325745,-0.1800471,0.1628883,-0.07384998,-0.08952442,0.07667357,-1.155984,-0.1054779,0.04063934,0.4382496,0.5390567
-0.3512055,-0.2479458,-0.06659963,0.04243595,-0.1239583,0.4452128,-0.4031302,-0.2319955,0.3711113,-0.002155815,0.8013355,0.2195097,-0.4446291,0.1872883,-0.01395602,0.2897271,-0.2279233,-0.3413739,-0.4941809,-0.6250542,0.1532603,0.05355899,-0.4166592,-0.283892,0.04705858,-0.03478102,-0.01073745,-0.1632701,0.1826276,0.03007138
-0.04329556,-0.1025992,-0.1495892,0.4122133,0.5771607,-0.168983,-0.08043259,-0.007655203,0.07623664,-0.05157596,-0.2922156,0.4697378,0.4360958,0.3441168,-0.1052526,-0.02816945,-0.4368839,0.04612257,0.1453341,0.2568585,0.07678086,0.2867425,-0.08053605,-0.4030164,0.01114671,-0.2659236,-0.06181367,-0.0305329,0.6784121,0.3424827
-0.04684116,0.3413935,-0.3749763,-0.08373285,0.3356502,-0.05415672,-0.1712207,-0.04505426,0.2836448,-0.5031731,0.3612982,-0.1661005,0.3606008,0.2253245,0.1413291,0.1715487,-0.3218561,-0.5026826,0.03745006,-0.2575518,0.01968844,-0.009706265,0.3811368,0.3612595,-0.472826,-0.01717743,0.01755133,-0.2867812,0.08058608,0.1127892
0.3466239,0.03381139,-0.2496449,0.4098082,0.4677957,-0.07222222,0.4960116,-0.283583,-0.4053019,-0.06532082,-0.3482759,-0.1890935,-0.5476429,-0.2552192,-0.6112646,-0.5311715,-0.3768124,0.02266437,0.4520147,0.2576247,0.1668601,-0.1493557,-0.1823575,-1.049997,0.006011156,-0.005643351,-0.007877002,0.02727162,-0.02976364,-0.367499
0.4676614,-0.03022064,-0.2055002,-0.03495708,-0.4554768,0.1001949,-0.003409316,0.0150649,0.3497798,0.4665753,0.3828315,0.4114745,0.0108997,0.1074771,0.2987961,0.04706055,0.4425009,-0.4540954,-0.2178351,0.02076294,0.3921849,-0.2603805,-0.06433841,0.2769731,0.06424348,0.1891795,0.2679412,0.004664555,0.1184437,-0.02309786
0.235711,-0.02536187,-0.1273652,-0.6071763,0.2384781,-0.53534,-0.4388153,0.03828964,-0.04231995,0.005246492,0.09667709,0.673795,0.02488822,-0.9496782,0.107524,-0.4276936,0.3119719,0.2171638,-0.3676747,0.1260236,0.0130437,-0.3188602,0.5505603,0.02568728,0.2739414,0.07674982,-0.0272594,-0.5572588,0.4564414,0.03588553
0.1167354,-0.3496865,-0.9593543,-0.1074852,0.2244607,-0.6514924,-0.2316547,0.1873028,-0.006972332,-0.1726793,-0.4118986,-0.2657702,-0.02274229,-0.08781213,0.2156586,0.3111812,-0.01132078,-0.1588861,-0.2364054,0.0571202,-1.383869,-0.04067892,1.392007,-0.004135039,-0.1431616,0.2052809,-0.1739804,-0.2553871,-0.2323908,-0.02279155
0.4193356,0.09244261,-0.2573209,0.5661816,0.02640443,-0.01467943,0.004028177,0.4762195,0.2714587,0.03608043,-0.2440721,0.005167469,-0.008991539,0.002292812,0.4360746,0.2602098,-0.05179995,0.3340344,0.3304877,-0.2235638,-0.05747956,0.008281718,0.01552106,-0.07599322,0.3985959,0.3150048,-0.3488978,-0.1664622,-0.2963011,-0.1183447
-0.4986839,0.3073072,-0.1755016,0.293837,0.07867151,0.09202057,-0.005053561,0.347385,0.4728799,0.1619349,0.003392853,0.7984437,-0.204794,0.003609205,0.1148236,-0.3216144,0.288305,-0.674056,-0.8648466,-0.01051766,0.3996257,-0.1473959,-0.3052622,0.4716028,0.03274905,-0.219026,0.2358113,0.1048531,-0.1933544,-0.002261341
-0.2775297,-0.3770108,-0.02400963,-0.1862239,0.2137394,-0.1371311,0.2793714,0.9173204,0.1223721,0.09089632,0.4216665,0.5113935,-0.01483962,-0.1495791,0.1647921,0.4417708,-0.5267631,0.321189,-0.473428,0.2245445,-0.3405459,-0.1964257,-0.09735157,0.3914653,-0.2829443,-0.1661169,0.03524411,0.01106508,0.1252131,0.0949606
-0.3304224,0.08041447,-0.272686,-0.08877331,0.1459012,0.008294118,0.3632693,-0.4045661,-0.333581,-0.1404039,-0.3922555,0.4379951,-0.3983613,-0.05850472,0.444798,0.005650246,0.1159873,0.1880434,-0.4178455,-0.164889,-0.003337444,0.9472364,-0.06285123,0.06564637,0.1772588,-0.3764119,-0.3917864,0.02908736,0.1516689,-0.6178138
0.2649796,0.1467605,0.01561458,1.069027,-0.07043546,-0.3717231,0.3507898,-0.0495987,0.06695683,-0.01762593,0.02897432,-0.161062,0.3487146,0.4922098,0.4862536,-0.1281886,-0.3914571,0.1231454,-0.5685124,-0.3893614,0.2300458,-0.1045924,0.2413095,-0.09498329,1.046363,-0.4903487,-8.271939E-05,0.01313955,0.113952,-0.09269397
-0.1226611,0.17251,0.009220078,0.004563111,0.04286331,-0.4718919,0.960648,0.3715472,0.2568823,0.5159186,0.3810812,-0.04761456,-0.02004118,-0.3871583,0.1962494,-0.002324634,-0.2371241,0.01296676,0.6278028,-0.1786756,0.0004714409,-0.194031,-0.06591906,0.02202612,-0.0006966172,0.01431385,0.6471406,0.03975249,0.1021233,-0.1687683
0.1389542,7.728932E-05,-0.02842485,0.09770697,0.4930919,0.4468558,-0.02642159,-0.3623014,0.03018901,-0.1969116,-0.1587384,-0.310552,0.1225131,-0.09631676,-0.2454975,-0.09435382,-0.5341626,0.05033457,0.07690197,0.5111874,-0.007220907,0.3943144,-0.03243243,0.6544651,0.7644718,2.47065,-0.1770232,-0.0003138129,0.003847841,-0.2212712
0.1255254,-0.4098419,-0.1726699,-0.3868002,-0.00940397,-0.2724089,-0.8563093,-0.7153025,0.6228729,-0.330002,-0.4228047,0.03908607,0.1649572,0.002695712,0.4358813,-0.233814,0.3314474,-0.01775443,0.01974112,0.3397408,0.1503472,-0.004288798,0.001006026,-0.3408264,-0.2696526,-0.03994197,-0.1777681,-0.3644067,-0.3294069,0.2933513
0.1468606,-0.007061845,1.231431,0.1576594,-0.4294883,0.2287944,-0.4775552,0.4561498,-0.3115259,-0.03776329,-0.07519423,-0.1820976,-0.1791885,0.241693,0.3614385,-0.6556709,0.179132,-0.4421817,0.4165598,-0.2177196,1.258754,0.1307019,0.3159169,-0.3906721,-0.02928575,0.8524299,0.1588189,-0.05869277,-0.9551814,-0.280808
0.03916777,0.1506316,0.1281772,0.03520055,0.07361727,0.06203908,-0.403806,1.583329,0.4491037,0.0316678,0.08035976,-0.03237459,-0.2460429,0.3537373,0.6480243,0.2386521,0.008213783,0.295466,0.009629324,-6.563935E-05,0.03331656,-0.03863443,0.3230638,0.07544467,0.1255811,-0.7440769,0.02142814,-0.388115,-0.137262,-0.06291288
-0.02447758,-0.1190627,-0.07966352,0.005903256,0.06871015,0.4432008,-0.4825248,0.03706966,0.3905131,0.4406783,-0.3952513,-0.003149645,0.04707941,0.2081121,-0.836861,-0.1264458,-0.2799345,-0.2799942,-0.2466337,0.3330267,0.02052982,1.485391,-0.7872573,0.2102841,-0.01796552,-0.148949,0.1107336,0.1022733,-0.02692356,0.4202596
-0.7650321,-0.3329461,0.02064006,-0.3941778,-0.008574584,-0.03663175,-0.05942781,0.05305768,0.09134223,0.2368306,-0.003484572,0.1568507,-0.3854204,-0.2390409,0.4664723,0.0479563,0.2191676,-0.2273799,0.2360076,0.1168986,-0.01447557,0.02895525,-0.3099492,-0.1424047,-0.01783188,0.6359652,0.0212668,0.02892219,0.0002218013,-0.4702853
-0.0247249,0.08680547,-0.4035401,-0.1528752,0.1643851,-0.07952668,0.4972296,-0.02967531,-0.07504004,0.04337559,0.07295591,0.09487541,-0.1047559,-0.05628989,0.003074933,-0.6836442,-0.05656602,-0.4725304,-0.5607907,-0.03858322,0.2520087,0.1660199,0.1680975,0.08855038,-0.00825172,0.1671165,0.4011418,-0.01370825,-0.1678839,0.3086995
0.499994,-0.007142753,0.4133186,0.1548641,0.1354374,-0.02272116,0.2994441,-0.3387373,0.7079761,-0.4465837,-0.2725308,0.7101429,-0.0184175,0.05450815,-0.326767,-0.09061903,0.07652663,0.06258591,0.4761951,-0.005984807,-0.4506502,0.1592405,-1.272968,-0.1133117,-0.06434301,0.6353439,0.090159,0.3809848,0.2978368,0.3983306
0.1246384,-0.00537428,-0.1959775,-0.2164534,0.03440515,-0.5161038,-0.4316038,-0.1390718,0.3944135,0.4018322,0.3260671,-0.03901523,-0.7429568,0.1303915,-0.2998477,-0.5757709,-1.815026,-0.3014147,0.460338,0.03435581,-0.009500311,0.2403592,-0.3653252,-0.3229082,-0.07765157,-0.4078119,-0.008165419,-0.7974848,-0.1652952,-0.5220726
0.3811047,0.03966058,-0.07529434,-0.4574035,0.4378109,-0.1650743,-0.3747147,-0.1023278,0.256547,-0.306529,0.02431065,0.4084399,0.1014333,-0.4753308,0.929944,-0.1249322,-0.0506809,0.1961909,0.2607906,0.01407156,-0.1896245,0.1479815,0.04811841,0.1101856,0.08029789,0.09409805,-0.2174135,0.00969207,0.00249928,-0.006498626
0.1706107,-0.01237731,0.3152189,-0.4004014,0.3023909,-0.02085709,-0.1205181,-0.4730976,-0.698432,0.2261703,0.30594,-0.6534757,-0.1723329,-0.05481273,0.3960089,-0.01701079,0.974082,-0.01089967,-0.3312016,-0.08915329,-0.2996166,-0.370212,-0.1728947,-0.3316368,-0.09284717,0.3605097,-0.1924126,0.3928374,0.0009306792,-0.07600194
-0.0005008213,-0.4511319,0.476921,0.2970321,-0.3504989,-0.03851992,-0.02990923,0.1657577,0.3120756,-0.03854021,-0.2280355,-0.236457,-0.3894848,-0.153322,0.1090586,0.06397689,0.1461259,0.1005387,-0.09232707,0.2048166,-0.0665969,0.07768048,0.006836398,0.08338317,0.3303515,-0.3143861,0.1429432,0.07159271,-0.3430932,-0.01940969
-0.2307205,-0.02800113,0.1122605,-0.6089417,-0.5072886,0.02730452,0.2527933,0.5488345,0.01731283,0.01172711,-0.4618988,0.401695,0.6473086,0.01127815,0.03587252,0.0925189,0.3347285,0.005415264,-0.038784,0.004332642,-0.3447304,-0.1783649,-0.1012723,-0.2617594,-0.3322879,0.03021996,0.0002339209,0.02978054,-0.5963563,-9.296557E-05
;
-0.4344439,0.08810908,0.7103921,0.4053277,0.4494965,0.489388,0.06368019,-0.2574638,0.03921062,-0.4629263,-0.2985002,0.7876756,0.167268,-0.5743105,0.3211988,0.03654787,0.1173657,-0.2000964,0.08951048,-0.1114472,0.4392954,-0.2932765,0.02796067,0.04472848,-0.0002422212,0.04032357,-0.4235972,0.1108056,-0.06746615,-0.1142279
0.3765692,0.5880529,-0.142495,-0.4123291,0.1728023,-0.0008141024,0.7213435,-0.07494789,-0.1211555,0.003028692,-0.4105166,0.03869266,0.5597243,-0.006397758,0.4997646,-0.2642351,-0.1753502,-0.01058074,0.4865755,0.3930072,-0.4866192,0.648988,0.026796,-0.08462402,0.3518866,-0.2053031,0.00758139,0.01533088,0.008589208,0.005474971
-0.05917001,-0.09896618,-0.1354951,0.08427614,0.1737157,0.3343925,-0.08066327,0.6235856,-0.1731379,0.007872188,-0.4764598,-0.0003785759,-0.2488248,-0.4459647,-0.1684831,0.4155169,0.05660409,0.3380913,-0.0450222,0.1723176,0.4528887,0.4018905,-0.02901529,-0.8636758,0.2373277,-0.04811954,0.5912208,0.2334589,-0.3909408,0.2240516
;
-0.1111532
-0.005822682
-0.08524089
0.1274333
-0.02544992
-0.1715251
-0.3757918
-0.2707449
-0.2995258
0.5708707
-0.01203257
0.3737373
2.110764
0.0231728
-0.01151114
-0.02592768
0.1830625
-0.3430816
-0.08681148
0.2511166
-0.2985827
0.7442186
-0.4529063
-0.00216112
-0.182785
0.009579563
-0.4898526
-0.04004667
0.3748574
0.3678164
;
0.02283953,-0.3675481,0.2201226,0.1245534,-0.07783879,-0.04515149,-0.5941353,-1.527108,0.01342839,0.4155782,-0.1171023,-0.159134,0.02095895,0.1803956,-0.1079046,-0.2374239,-0.206715,0.04133958,0.2916472,-0.1738127,0.04221608,-0.2779018,-0.325734,-0.5404293,0.09453863,-0.2958804,0.2022506,-0.1076761,0.07083863,-0.2305595
0.4987332,0.05579903,-0.2030084,-0.04328269,-0.4763986,0.3147345,-0.009064039,-0.1266676,-0.01072675,-0.06023933,-0.02402048,-0.4250254,0.3802376,0.09929687,0.02113984,0.1089372,0.7812036,0.2606474,-0.009356439,-0.1725111,-0.1721696,-0.05514839,-0.4399072,0.4295969,0.1704121,-0.4214232,-0.04530273,-0.09488777,0.1142337,0.2172349
0.04873165,-0.1002833,0.0239237,0.08976175,-0.1151479,-0.08577315,0.03339055,-0.006536664,-0.3480051,-0.1572282,0.001845844,0.8851876,-0.05134755,-0.3073571,-0.2662359,-0.1728227,0.03475996,1.012399,-0.1184253,-0.04091884,-1.060665,0.004243155,-0.4047824,0.4777688,0.3145329,-0.04501207,0.6769494,-0.168447,-0.02119316,0.764897
-0.27661,-0.4155167,0.4395813,-0.005523338,-0.06251153,0.351542,0.4500551,-0.5631845,0.4136382,0.3321329,-0.03569442,0.4603364,-0.4272495,-0.2585051,0.0991241,0.0122842,0.4731679,-0.3200996,-0.2133128,0.02747766,-0.3962672,-0.4811343,-0.04998118,-0.1324872,-0.2818561,-0.1922218,-0.02539495,0.0355869,0.05346495,-0.07055856
-0.5874572,0.1571352,0.6088502,-0.6758575,0.3368472,-0.193736,-0.003874653,-0.001032406,-0.8131114,-0.5893776,-0.7543367,-0.05824938,0.04055333,0.04730757,0.2752723,0.09561187,-0.620243,-0.01728113,-0.4722416,-0.1692865,-0.07204433,0.08530146,0.0252231,-0.6188956,0.005134922,-0.7823769,-0.05038816,-0.05117482,0.06209919,0.02052257
0.369131,0.3255441,-0.2614893,-0.1034454,-0.4155586,0.2833301,0.4728625,0.1253442,0.8123255,-0.06474889,-0.04342641,0.1969153,0.007849741,-0.1039123,0.599219,-0.4864502,-0.01132474,0.3655239,-0.2351671,-0.1460583,0.370047,-0.3200132,-0.0351739,-0.03134205,0.1281071,0.09690715,0.288958,0.3425783,-1.327732,0.09268099
0.4433686,-0.3380383,0.4518096,-0.1988411,0.1965634,-0.5845307,-0.4037331,-0.4298773,-0.4477193,-0.3271747,0.08889516,0.6871852,-0.008276857,-0.5255293,-0.02932344,-0.3175176,0.2613593,0.2854785,0.4079486,-0.06108731,0.09823352,0.1984871,0.000729794,0.006825864,-0.8315861,-0.05339947,0.3618752,-0.1074307,0.04460301,-0.6378472
-0.01286613,0.170357,-0.5772616,0.3560607,0.09347904,-0.1059221,-0.1353039,-0.001170337,0.205325,-0.1219129,-0.4993115,0.3587434,-0.1778225,-0.4972677,0.2372513,-0.6546984,0.3452063,-0.3153863,-0.1481598,0.5081058,-0.2654927,-0.03439835,0.6915792,-0.00672071,-0.1710568,-0.3172799,-0.1126456,0.5097818,-0.01308354,-0.08806016
0.0004466006,0.3110508,0.2691116,0.1860804,-0.27673,-0.2298405,0.4012996,0.07791144,0.01946646,0.006804508,-0.02171511,-0.2538617,-0.3900538,2.083615E-06,-0.01672251,-0.5045852,0.5824338,0.280027,-0.2837586,0.1323939,-0.5326127,-0.2106385,-0.1329942,0.4329489,0.2181035,-0.4585522,-0.05130128,-0.08884008,-0.2657949,-0.07755063
-0.05395234,0.1044978,-0.5630515,0.1182049,-0.03362024,-0.5080052,-0.008221862,-0.3652687,-0.47754,0.8379599,0.01525303,-0.01328808,-0.2618042,0.3900944,0.08663872,-0.005549287,0.05242664,-0.4304382,0.2872915,0.01404316,0.4477098,-0.1157749,-0.2716641,-0.1149541,0.02262055,-0.1240493,0.8218059,-0.3108176,-0.2043206,0.02684957
0.2522828,0.009483541,-0.1445139,-0.2889074,0.002784398,0.3721019,-0.02434164,0.04787248,-0.1436835,0.0005253782,-0.164443,-0.3657005,0.1486907,-0.4120921,0.04992713,-1.613067,0.3200591,-0.04121697,0.2312587,-0.0009356347,0.4907101,0.2443582,-0.1231636,0.4160609,0.3661857,0.1755693,0.2290663,-0.1430495,-0.2003359,-0.03855535
-0.4513285,-0.03379494,0.0101892,-0.1116078,0.05786278,-0.2579027,0.02102528,0.4828864,-0.5798136,0.3012343,-0.4738247,0.002579314,0.1562306,2.191545,1.073038,0.00373328,-0.1618272,-0.3610104,0.06474657,0.3651152,-0.09466269,-0.1221897,-0.09338377,0.006751075,0.1307539,-0.01804579,-0.3674976,0.3899504,0.2573623,0.005355299
0.002790169,0.109265,-1.355679,0.009573133,-0.5041054,0.2581937,-0.176449,-0.2703427,-0.2997589,-0.09748507,0.009410163,0.3235326,0.1478041,-0.2158248,-0.08495849,0.4480944,-0.5991971,0.001294398,-0.0218719,-0.459221,0.03449994,0.2394202,0.1385717,-0.2665446,-0.05249167,0.1319028,-0.9770201,-0.5336136,0.5143073,0.0610985
-0.8681782,-0.1840039,1.759108,-0.06953605,-1.689225,0.2429676,0.4941694,-0.002960503,0.2309746,0.3785846,-0.055253,0.4876426,0.15369,-0.4602465,5.780819E-05,-0.3188418,-0.04947239,-0.02880423,-0.07950717,0.2399517,-0.1917986,-1.026833,0.02601618,-0.005550636,0.0244819,0.3902848,0.4891207,0.1744324,-0.1153943,-0.112435
0.02557735,0.05204994,-0.4477798,0.4726745,0.1113807,0.4031041,-0.5217884,-0.02428379,-0.4052014,0.05996317,0.00190692,-0.5613782,0.4841915,0.4986166,0.3169572,0.7021734,-0.3026278,0.7421749,0.3938234,0.002329975,0.1867499,0.2782109,-0.2473122,0.06377354,-0.4988871,0.5104394,0.03236356,-0.4862864,-0.04140502,-0.1071575
0.002640123,0.7051936,-0.1391456,0.1483727,0.08636039,-0.03597869,-0.4472125,-0.496429,-0.6075296,0.09637477,-0.5089931,0.02996478,-0.1981265,0.006943992,-0.3238791,0.3551146,-0.03342042,-0.1995657,-0.03248206,-0.2874306,-0.02740866,-0.3684609,-0.06152898,-0.04294511,0.03662464,-0.7297029,-0.07025188,-0.3796064,0.2017735,-0.07248914
0.1498711,-0.3709728,-0.01009221,0.1253666,-0.2782654,-1.484488,-0.0244146,-0.09542494,-0.5103011,-0.01800014,0.008046169,-0.03056996,-0.1482201,-0.0590371,-0.4778489,-0.005987122,-0.2464938,-0.04242749,-0.3338664,0.3201103,0.1089404,-0.001064276,0.6405375,0.3859411,-0.00021409,0.7255493,-0.5488971,0.2618933,-0.1637407,-0.07226698
0.2084493,-0.01522879,-0.2860017,0.4997473,-0.04535844,0.06522214,0.2549258,0.1081772,0.07650488,-0.1573598,0.0008917737,-0.4260395,-0.02918468,-0.3023666,0.3693195,0.1087533,-0.06560928,0.4421327,-0.2313005,-0.2448688,-0.05034095,-0.09929407,0.4851536,0.0318091,0.00885959,0.1635364,-0.1064009,0.1051596,0.5066732,0.443599
0.1006412,0.3728718,0.02945453,-0.03217842,-0.129176,0.05241793,0.1824775,-0.1527132,0.2345484,0.580937,-0.1031458,0.6495891,0.135002,-0.3872832,-0.08574521,0.5265188,-0.1659434,-0.1988868,0.4517347,0.3561903,0.1368017,-0.06128067,-0.04796976,-0.4630057,-0.2156723,0.1821781,0.01053712,0.2882711,-0.2249313,-0.0447976
-0.2280056,-0.2665349,0.4033577,-0.1404164,-0.1428439,-0.04734545,0.001446796,0.01791726,-0.0788644,-0.06273192,-0.4096181,0.0124001,0.1185258,0.2605367,0.0240594,-0.05694517,0.3831147,-0.1481857,-0.1228252,0.2798208,-0.7574946,0.232241,0.6958594,0.06299978,0.06879225,-0.2324308,-0.07043499,-0.2490374,-0.01215046,-0.6633604
0.06517412,-0.1056716,0.1660139,0.4273545,-0.3842307,0.2855878,-0.3366232,-1.986476,-0.2293091,0.3039924,0.1159153,-0.4608809,-0.03779608,-0.004412669,-0.03807472,0.1563506,0.0430261,0.3096074,0.2623531,0.1596975,-0.1029349,0.7698591,0.08782589,-0.1266167,0.09281124,0.1333448,0.005510747,-0.1466452,0.01760543,-0.04612445
-0.1060658,-0.3694179,-0.09364384,-0.3964509,-0.04918104,-0.1266063,0.4584477,0.4324331,0.8421788,0.3950361,-0.3571513,0.001007598,-0.1499127,2.018227,-0.1638781,-0.4345894,0.8005479,0.04911827,-0.3704112,-0.01204148,0.3937119,-0.5383725,0.1584002,0.007963262,0.01811275,0.002815367,-0.0615887,-0.3341113,-0.4870394,0.05749991
0.4984237,-0.0708892,0.3455338,0.03315308,0.1464272,-0.3467726,0.1679729,0.3009354,0.457219,-0.2207159,-0.007622823,0.4132529,0.2029229,0.5353777,-0.3391852,-0.05152913,0.5217518,0.4514704,-0.1718031,-0.1621671,0.2635286,-0.3769946,0.4934875,-0.698781,0.3854212,0.2267773,0.015315,0.1568649,0.00720357,-0.2007751
0.237687,-0.3539295,-0.1443296,-0.1218642,-0.008139499,0.4505994,0.1669609,0.2701535,0.0325967,-0.4189855,0.03716644,0.06562668,-0.1152035,0.5455528,-0.6871727,0.1793577,0.1750069,-0.1699601,0.3521978,-0.02302279,0.2494468,0.06509457,0.07991597,-0.001542956,0.0006287324,0.2983366,-0.218217,0.1965604,-0.6381504,0.393283
-0.4090911,0.2948547,-0.2559922,-0.4391018,0.08187431,-0.390286,-0.08908588,0.4649878,0.03819209,-0.01978535,-0.2932736,0.4897861,0.4773024,0.2389719,-0.06854872,0.1820667,-0.07449013,-0.4375579,-0.3583791,0.3703484,-0.2294861,-0.2905277,0.06931152,-0.2888733,0.01379472,0.3371331,-0.6214609,-0.06062699,-0.4794024,0.4902456
0.07477172,0.03888015,-0.4009298,-0.3695599,-0.0431357,-0.3674539,-0.01087324,-0.3597168,-0.1737522,0.4152966,0.2701168,0.909413,-0.7846168,2.451453,0.7129034,-0.0009957575,-0.3826244,0.01021902,0.3730351,0.2574478,0.03515773,0.4737546,-0.02469967,-0.4689164,-0.1641512,0.08948272,0.01012899,-0.5020778,0.1296234,0.4470097
-0.09495878,-0.4766518,-0.3902654,0.01885734,-0.2114359,-0.02177757,-0.3676657,0.3987433,-0.05781039,-0.3996814,-0.1220098,0.1652314,0.09935042,-0.1838683,0.007945658,0.2628329,-0.01754798,0.1775323,0.003069052,-0.001981138,0.2351648,-0.1491892,-0.2711356,0.4866138,-0.001090606,-0.207195,-0.07882005,0.6068147,0.08750302,-0.1727626
0.004912028,-0.04366785,-0.2051788,-0.3762892,-0.2348781,0.2993248,-0.00946128,-0.2659826,-0.3368089,-0.0008666603,-0.1372816,0.2241242,0.4620829,-0.01640552,0.7871222,-0.005956046,-0.02598763,0.0444414,0.1239172,0.6000512,0.1062202,0.2602028,0.5866064,-0.01131314,0.2260108,-0.02817475,0.01843793,0.002161351,-1.403505,-0.06889278
-0.386773,0.3434223,-0.4840343,-0.7704345,0.01585568,0.0384207,-0.04260473,0.3345892,0.02717883,-0.355487,-0.07173681,-0.2522943,0.7391141,0.4316494,-0.4506139,0.05797808,-0.139634,-0.4738859,0.06300408,-0.004317479,-0.5608739,0.4166056,0.1761204,7.673771E-05,0.2445274,0.32839,0.003081656,0.007629731,-0.4302038,-0.07800609
-0.5422024,0.365374,0.4603462,0.0512692,0.01641545,-0.2997169,-0.5461738,1.009012,0.1203837,-0.1917369,0.01330622,0.8248574,-0.323585,0.5424168,0.0204301,-0.5446677,0.9414937,-0.007540052,0.9844848,0.4894464,-0.2944838,0.3583456,-0.07602854,0.4461131,-0.9107358,-0.07636785,0.2826455,-0.1436404,0.09174293,-0.4920132
;
-1.533213,-0.07224356,-0.06139225,0.04206973,0.002774885,-0.149643,-0.4977072,-0.211692,0.07801145,-0.02375311,0.002065685,0.03242415,-0.03154504,0.1147282,0.01901268,0.0001557978,-0.03537673,-0.09028208,0.2457361,0.1148009,-0.02825677,0.552514,-0.04458393,0.2197051,-0.4759781,0.005004775,-0.01086408,0.6768566,0.1317099,-0.06783125
-0.6413991,0.04941342,-0.003255031,-0.3411382,-0.05709344,0.00932517,0.3685234,0.1591778,0.07541188,0.2562481,0.08818729,0.1911802,-0.0003889646,-0.06190878,0.2068665,0.03619173,-0.1573882,0.2755544,0.1652018,-0.1351358,-0.0555324,-0.001480039,0.07803092,-0.4072804,0.5784569,0.0353526,-0.05687672,-0.4583629,-0.3399001,-0.3482558
0.3323602,0.2999322,0.009435475,-0.1421572,-0.4504467,-0.1941786,-0.001202832,-0.09507885,-0.2585683,-0.2799884,-0.1884531,0.1179724,0.04100277,0.7794133,-0.3766455,0.7949663,-0.06617385,0.03625564,0.08060356,0.02517798,-0.2478141,0.4614972,0.2974595,-0.8161961,-0.01002592,-1.193091,0.01320141,0.1233516,0.1113116,-0.2595816
;
