0.1244492
0.1927925
-0.1919567
-0.01363176
-0.3042367
-0.1642299
-0.4026687
0.203367
0.2044181
0.1621574
;
0.3191797,0.05357844,0.1351905,-0.1614888,0.09537667,-0.08855242,0.02401537,0.3861439,0.1233884,0.1763102
0.2227815,-0.1092617,-0.1654591,0.0487638,-0.05643088,-0.2433726,0.2838488,0.01548356,0.1742596,0.1340387
-0.1752002,0.1369198,0.1096708,-0.09621018,0.1208636,0.03131884,0.01638681,-0.3793674,-0.2325231,0.3740414
0.03755981,-0.4057416,-0.3045162,0.1658592,-0.06815356,0.3133925,0.3888537,-0.3124447,-0.1001667,-0.06359118
-0.3873808,-0.2186291,-0.07061523,0.382905,-0.3220088,0.4520725,0.3753997,-0.38801,0.07491869,0.1591567
-0.4562237,0.4311889,-0.511214,0.1752899,-0.2416052,-0.1225751,0.06510025,-0.3192892,0.01757747,-0.4574986
-0.2221389,0.3077157,0.01281446,-0.1233005,-0.4877441,0.3565522,-0.8029463,-0.3224174,-0.3361539,-0.3035918
-0.02036172,0.4971254,-0.02113003,-0.05965418,0.09722775,0.0693149,0.203534,0.1256113,-0.4569314,0.726371
0.2779002,-0.05965859,-0.09240483,0.4691019,0.08379537,-0.1606752,0.4094207,-0.2037839,-0.2365898,0.02310365
-0.2854507,-0.5607327,0.1712266,0.1800766,0.0673731,-0.2172428,0.05714732,0.3325843,-0.4189638,-0.4817914
;
-0.2729869,0.07874447,0.04360968,0.4664968,-0.1296243,0.3547367,-0.1828139,-0.2326255,-0.3131866,0.1964073
0.2008648,0.006950557,-0.2714759,0.07707113,0.09683365,0.209383,0.2987705,0.1282146,0.4859217,0.4667546
;
0.4634813
0.02341169
0.216792
0.09681517
0.02368635
-0.348403
-0.4666915
-0.02537447
0.4755861
0.7463788
;
0.05522066,0.1299278,0.002796948,0.1989847,-0.01602357,0.3590053,-0.156112,0.1395621,-0.1808501,0.4438311
-0.4846185,0.002696574,-0.2671961,0.4519928,0.30964,-0.1168776,0.08249754,-0.2398407,-0.01722151,0.1681055
-0.1010943,-0.06091732,-0.3051929,0.2840265,-0.04061526,-0.2510985,0.05287105,-0.2661287,0.03611726,-0.1973906
-0.1536128,0.3969893,0.1486961,-0.05904752,-0.3913215,-0.1717824,0.4635519,0.02038127,-0.4347752,0.2084642
-0.1921492,0.173331,-0.2383174,0.1155292,0.1523628,-0.3076019,-0.3036159,0.3986342,-0.302786,-0.491635
0.05637354,0.2616119,-0.4978012,0.235229,0.4114943,0.4235351,-0.08358747,-0.4178457,0.252404,0.3862693
-0.2507505,0.05083281,-0.08299011,0.4279892,-0.1423836,-0.241734,-0.1448579,-0.4898567,-0.2352459,0.3145704
-0.1297613,0.4130714,0.1031448,0.3416743,0.3959849,-0.06802434,0.2925217,-0.09260815,-0.2574248,-0.05152541
-0.2484668,-0.201,0.07902592,0.2388069,0.0233863,0.1150362,0.1029033,-0.4164752,0.2888694,0.2287026
0.1063328,0.3609018,0.04407591,0.2304762,-0.4793704,-0.005570829,0.04017252,-0.1167814,-0.3958852,0.4090073
;
0.1280541,0.01072854,0.191668,-0.1037115,0.3454946,-0.0299651,-0.4208173,0.02552253,-0.4096816,0.3091823
0.268942,-0.1284291,0.2484598,-0.3789349,-0.3740852,-0.1184012,0.2269299,0.2230676,-0.07299787,0.3494642
;
-0.2219035
0.05034584
-0.0837141
-0.4855996
0.4723047
-0.1286373
0.4560946
0.2959985
0.3446774
0.1592886
;
-0.2459465,-0.4394888,0.196599,0.01602,-0.08905393,0.1640591,0.4450126,0.4043015,0.2707806,-0.1139221
0.03602463,0.4812562,0.3936437,0.1873714,-0.1298125,0.005655706,-0.1485552,0.1000296,-0.469111,0.1982338
-0.1268085,0.2352943,-0.2173048,0.2304848,-0.4555269,-0.2156785,0.4712518,-0.1004366,-0.04844195,-0.03079051
-0.4027208,-0.07452542,-0.3218135,-0.4655355,-0.4749284,0.3971393,-0.4728361,-0.2505388,0.1095302,-0.3886925
0.193956,-0.4527218,-0.2281139,-0.09516498,-0.2430812,0.2667713,0.2571765,0.2888871,-0.03855437,-0.21841
-0.3512034,0.3307128,-0.3886691,-0.4992964,-0.4297307,-0.4635764,-0.1186314,-0.09694582,0.4270762,-0.2071646
-0.3555597,-0.05615133,-0.135735,0.2510411,-0.3241454,0.1612638,-0.4899031,0.07735091,0.1079332,0.1356184
-0.04997379,0.4408263,-0.1358796,0.09965509,-0.1009666,-0.413113,0.4025259,0.05782801,0.3821243,0.4720976
-0.3236195,-0.01499552,0.6370751,-0.08243078,-0.4769,-0.1435944,0.3246174,-0.3629781,0.365695,0.05184823
0.4018698,-0.2948055,-0.2878146,0.192103,-0.3268806,0.1444895,0.1421853,-0.3913194,-0.1467624,-0.3054359
;
-0.3313011,0.1934365,-0.09568673,0.15433,-0.3161094,0.1769919,-0.362506,0.446926,0.22066,0.09950608
-0.211963,-0.001646459,-0.465212,-0.0008146167,-0.4168934,0.2845838,-0.1213891,-0.2035198,0.4895332,0.09554356
;
-0.2600306
0.1450299
0.03122705
-0.07769626
0.4375081
-0.1682037
-0.1260577
-0.1173411
-0.4293102
-0.09446639
;
-0.07524425,-0.1136168,-0.05222449,-0.180896,0.327426,-0.1479643,0.1661256,-0.1618374,0.3583072,-0.2383654
0.04010636,0.3086322,0.492462,0.1584327,0.3439826,0.4824229,-0.1632282,-0.3434393,-0.01852006,-0.087403
0.3210706,-0.1313524,-0.1551979,0.374277,-0.4184272,-0.2243543,0.08607048,-0.1903415,-0.3487295,0.4563761
-0.3685789,-0.4427123,0.4429605,-0.1338691,-0.470191,-0.3080275,0.3137395,0.4505914,0.3647455,-0.2512937
0.1612079,0.4167403,0.3845695,-0.2403199,-0.05132312,-0.265483,0.4538852,-0.8526962,0.3060486,-0.1275662
-0.3105227,0.05225259,-0.03673118,-0.4815791,0.2519716,-0.4094859,0.3610299,-0.3997967,-0.0571124,-0.01450533
0.1532221,0.234106,-0.4084595,0.3479342,0.4533199,0.2393747,0.05520803,-0.4899843,-0.4131869,-0.4667289
0.1560107,-0.4455816,0.3440034,0.2368774,-0.3738399,0.3914797,0.1465804,-0.4647783,-0.1193771,0.4541231
0.2579826,0.4035023,-0.09423739,0.3908218,-0.4311223,0.3872521,0.1872082,-0.1074249,0.442224,-0.1817737
0.006052077,-0.4139969,-0.09788591,0.4666435,0.4618462,0.09157497,0.03858346,0.3452474,-0.4175223,0.1943767
;
0.056068,-0.05563325,-0.1840132,0.2077806,0.01539236,-0.1545144,-0.07014841,-0.2277383,0.04345793,-0.1128587
0.3685002,-0.152034,-0.4032179,-0.2272443,0.4543005,-0.4577332,0.4051733,0.05770039,0.3031776,-0.4811946
;
-0.06685525
-0.0913366
-0.01701409
-0.4828154
0.4073412
0.4749957
0.2614757
0.0006516359
-0.02946211
0.1860741
;
0.3809242,0.04345272,-0.5599104,0.4781457,-0.4632411,-0.331032,-0.6588799,-0.5935012,1.108196,0.203389
0.3444818,-0.1003941,0.3428623,0.266802,-0.382853,0.09140097,0.07970325,-0.1569299,0.107202,0.2756321
0.2716462,-0.1335003,-0.3707023,0.04754258,-0.2225084,-0.07928509,0.01952525,-0.1903022,0.1364953,-0.4013084
0.07833616,0.7731483,-0.3524162,-0.1400594,0.05846879,-0.6893712,-0.0831134,0.1010754,-0.196813,-0.3357099
0.4619816,-0.4613354,-1.028623,-0.08282316,0.03538687,0.1870205,-0.1502033,-0.05712374,-0.5921079,0.247962
-0.1993956,0.3954397,-0.2545548,-0.2003081,0.03137493,-0.05560356,0.1250951,-0.1117461,-0.1178772,0.1144682
-0.562507,0.3995166,-0.1256276,0.1659919,0.06424166,0.2428011,-0.1271745,-0.4734391,0.03901678,0.01544665
0.03889781,-0.350983,-0.1507666,-0.09126847,-0.7588807,-0.3806563,-0.1098642,-0.4175123,-0.4230386,0.2273184
-0.106154,0.08749217,0.03033772,0.03021792,-0.4576515,-0.213979,-0.4427929,-0.3121495,0.3974998,0.004523294
-0.1415634,0.2616274,0.5537846,-0.04694922,0.08713529,-0.0775464,0.0005794981,-0.2938426,-0.4762374,0.394599
;
-0.3115789,0.0358395,0.01346273,-0.02779943,0.1449117,0.203561,-0.05389204,0.346593,-0.0349525,0.278658
-0.01407436,0.03605537,0.006803552,0.03955865,0.2284586,0.02387947,0.3171883,-0.1977672,0.0165295,0.3058984
;
0.125939
0.3760954
-1.253438
-0.2610365
-0.324746
-0.184889
0.393171
0.01914743
-0.3289591
0.1278425
;
0.1685513,-0.07055062,0.3388997,0.07859302,-0.1278779,1.003518,-0.2358263,0.04019594,0.1279693,-0.253516
-0.4939975,-0.2703694,-0.2064674,-0.5752162,-0.4401478,-0.1158107,-0.02323407,0.02744759,0.4814372,-0.08531278
-0.01717218,-0.03471188,0.1107581,-0.3551786,-0.2343504,0.123218,-0.0001347239,0.6593884,0.02547715,0.004578012
0.04276059,-0.1942539,-0.0001106858,0.1439751,0.3097057,-0.04535832,-0.07062428,0.03494915,0.5059544,0.0594092
0.4706548,-0.03632063,0.8247784,0.1542905,0.4233667,0.01680393,0.04386378,0.5529655,-0.08137602,-0.08116296
-0.6214817,0.3878306,-0.4788074,0.03198181,-0.2387162,0.2030523,-0.4513309,0.03461949,0.2119191,0.02000331
-0.2410001,0.02780329,0.2707187,0.1862048,-0.3973751,-0.007622475,0.1847284,-0.03489625,0.2222702,0.1626611
0.2229987,-0.01194725,0.4779204,0.07220619,-0.6564161,-0.3758399,-0.2391358,0.03342528,0.2245292,0.01750843
-0.2370882,0.1899589,0.2191727,0.1837059,-0.0120729,-0.3212644,0.2864133,-0.4711518,0.3620952,0.3114163
-0.3866097,0.002252347,0.2863166,0.8498388,0.0339783,0.1462612,0.1389174,0.504494,-0.4619378,0.8568892
;
-0.05457328,0.4298565,0.1234665,0.01774285,-0.3157463,0.2464455,0.03524698,0.3142883,-0.3061515,-0.4270077
-0.000141134,-0.4751348,-0.1425119,-0.4969256,-1.329613,0.3579879,0.3227191,-0.005420268,-0.1973274,0.3220339
;
-0.1314523
0.4063674
-0.4499872
-0.2049913
0.1303718
-0.3863611
0.06890601
-0.04362899
-0.01414484
0.3144037
;
0.456077,-0.347155,0.2387973,0.008834183,0.4837112,0.2509331,-0.1637514,-0.4160643,0.3130765,0.1290157
0.1012511,-0.07908779,-0.3669535,0.3625871,-0.04562038,0.3979177,0.2190908,-0.1030121,-0.2625548,-0.4641974
0.3434324,-0.4210981,0.2182318,0.1270358,0.2097267,-0.428499,0.2207622,0.2064129,-0.3113163,0.3845419
-0.1846097,0.186493,0.07486361,0.142988,0.2609658,-0.2145014,0.3513004,-0.4023502,0.4474088,0.3676983
-0.05886537,-0.3189206,-0.395199,0.4391161,0.0003884435,-0.2130713,-0.3969427,0.3468854,-0.3904685,-0.4421014
0.1022508,0.2525636,0.311677,-0.007638395,0.02293733,-0.3079,0.1331276,-0.3387549,-0.3066946,0.00706929
0.4722465,-0.1195098,0.1152052,-0.3472825,-0.4955108,0.4315569,0.4916254,0.4569426,0.4310998,-0.2960039
-0.4270051,0.06264335,0.2622401,-0.1664848,-0.106052,-0.1870798,0.1744084,-0.4821742,0.03475744,-0.0854463
-0.1754549,0.2687271,-0.2958734,-0.06039447,0.2942293,0.2284125,0.2463742,0.2048482,-0.2392685,0.4934454
-0.4596817,0.06037706,0.117202,-0.0491789,-0.4264224,-0.1354802,0.005328,-0.417686,-0.242182,-0.09661537
;
0.4186138,0.01559907,0.4288195,0.290511,0.08170444,0.172342,0.3085687,-0.4029275,-0.3699639,-0.4414948
0.3935667,0.2345894,-0.04554826,-0.402963,0.3070002,-0.01486236,-0.2685691,0.2934654,-0.07218999,0.4658247
;
-0.2440435
0.01414723
-0.1040935
-0.1996161
-0.1744781
0.01529297
0.2910048
0.2376439
-0.4281412
0.04928406
;
-0.01754019,-0.0529525,0.07004076,0.3600992,0.09749502,0.8037828,0.1319311,-1.070866,0.411978,-0.7686856
0.4528747,0.04739838,0.3198091,-0.0006105732,-0.04884855,0.07997708,0.4763786,0.1084625,-0.6084578,0.3118166
-0.001144003,-0.01934642,-4.169292E-05,-0.07395516,-0.04208495,0.1729297,0.4153891,-0.04320455,0.1646995,-0.3730731
0.006128497,-0.4369994,0.1756862,-0.02776499,-0.1165769,0.7139699,0.3281515,-0.1359289,-0.02689332,-0.4993953
-0.1547375,-0.4109031,0.03741267,0.4496998,-0.4742283,-0.6266971,0.2249908,0.3257514,0.1335742,0.3836903
1.049256,0.1505026,0.4657464,-0.03883868,-0.3489076,-0.007729745,-0.01764985,0.2997586,0.02042248,0.1986827
0.1107941,0.4494567,0.08537632,-0.09718369,0.7093222,-0.2933367,0.2667584,-0.4237552,0.4134939,-0.07229847
0.228867,0.2647965,-0.1189136,-0.02845717,0.1352809,-0.4024899,0.03859948,-0.4256425,-0.08359252,-0.03117772
-0.06380133,0.1756108,0.05554189,-0.2718172,0.3124695,-0.01544388,0.1990058,-0.1360809,0.4600822,-0.07483886
-0.01338547,-0.4669536,0.1857775,0.486828,0.08126777,-0.2553942,0.4656816,0.06559888,0.3905734,0.9472048
;
0.06824099,0.05225575,-0.00248563,-0.01749171,0.008940806,-0.3323977,-0.2128572,-0.008096443,-0.0752839,0.1325134
0.02747372,0.05471808,0.2522827,0.6589248,0.09122189,-0.4059312,0.3359901,-0.02931839,-0.5451215,0.06444162
;
-0.07822839
-0.1059645
-0.09626789
-0.1278974
0.6096404
0.3338437
0.1754233
0.1749845
-0.07933027
0.281284
;
0.005324081,0.2466502,-0.2413893,-0.06341189,0.2138338,0.007998577,0.3546767,0.03492469,-0.09032062,0.01718885
-0.1712043,-0.004175902,0.3518378,-0.1347308,0.601661,-0.3207666,-0.221141,0.1291264,0.05980941,-0.3913065
0.2124301,0.06127602,-0.01048917,0.4723016,-0.1006949,0.6944035,0.005394084,-0.1669336,0.2575593,-0.3320936
-0.5748113,0.9982322,-0.02362437,-0.132253,0.03967224,-0.1871615,0.4108813,0.06794579,-0.03654138,-0.01357109
0.03911058,-0.1135831,-0.1618498,-0.1105004,0.06661677,0.001485996,-0.4343539,0.5970237,1.038834,0.03734666
0.1265349,-0.7933399,-0.273598,0.275828,-0.4950542,0.4005682,0.4106085,-0.2859374,0.280134,0.2819043
-0.8271346,-0.2094002,0.354577,-0.6276389,0.6207433,0.01624161,-0.3459841,0.02557609,0.4247134,0.0007983504
-0.4458646,-0.25003,0.02318463,-0.05051567,0.03551781,0.1269454,0.4425399,0.1099682,0.006463357,-0.1703076
0.1488795,-0.001460827,0.2376938,0.02125913,0.020017,-0.4123831,-0.08680993,-0.08992587,-0.1759777,-0.1707945
-0.4467013,0.01761762,-0.003055071,0.1028158,0.4823523,-0.3401034,0.3195744,0.1025446,0.4404483,-0.2117707
;
0.1371409,-0.2224699,-0.2769495,0.03762912,-0.2559814,-0.00854024,-0.1311047,-0.2623519,0.09938532,0.4356382
-0.2909068,1.016757,0.258253,0.2205603,-0.1256281,0.197744,0.4285107,-0.1355938,-0.4691952,0.3023493
-0.05290468,-0.2010676,0.05905249,-0.4789972,-0.03462061,-0.359431,-0.5869949,-0.2706926,0.0210138,-0.01462968
;
-0.3244884
0.2535746
0.3229508
0.4071932
-0.03217238
-0.3637678
0.03179139
0.04421662
0.1251539
0.2657849
0.3574857
0.1619122
0.1479552
-0.05775211
0.03415572
-0.02085371
0.8372208
0.3291546
-0.06459742
-0.1387443
0.0883453
-0.005308051
0.03690559
0.2952494
-0.1806936
-0.3065282
0.1589214
0.4221944
-0.03617004
-0.3531979
;
0.01274401,-0.4516987,-0.1633134,0.3997159,0.01532836,-0.158846,0.1359029,0.7195709,0.3829608,0.866303,0.3211918,0.3944788,-0.06448235,0.6554123,0.1432384,-0.1312784,-0.29774,0.08552259,-0.004940103,-0.02942764,0.02871699,-0.3984756,-0.1742888,0.1573075,-0.4215875,0.007925212,-0.4505148,-0.3801341,-0.106826,-0.1700117
0.2298057,0.3645511,0.1562801,-0.4365458,-0.1303668,0.2648847,0.3428113,-0.2635622,-0.1883126,0.08779815,-0.4134999,-0.2039586,-0.2326134,0.2551778,0.9337226,0.2771719,-0.2075909,-0.2467429,-0.02235528,0.3727551,0.0891735,0.2887912,-0.01906345,-0.3641341,0.1353287,0.4139072,-0.09568332,-0.2622881,-0.1510168,0.1634738
-0.7659171,-0.1292404,-0.4377823,-0.1789202,0.1872862,-0.3478148,-0.4124081,0.02225319,0.04919142,-0.1702529,-0.1162071,0.02791367,0.2050061,-0.3674601,-0.157355,-0.3012626,-0.1045609,0.2253445,0.4414197,-0.209634,-0.2138483,0.004859114,-0.2581513,0.4904663,0.4085826,-0.1559227,-0.2760446,0.5656505,0.0115372,0.4486375
-0.0303871,-0.4222455,0.1974453,0.153789,0.3714483,-0.02642849,-0.1997313,0.4856199,-0.1551569,0.1607774,-0.8399565,0.2458528,0.2213044,0.1704036,-0.04528517,0.07113174,-0.2074177,-0.004842086,-0.2338069,-0.2785475,-0.03209561,0.2061201,0.4362234,0.7768082,-0.4214659,0.4591408,-0.4681098,0.3833054,0.3932678,0.2562733
0.4482201,0.4206229,-0.005297124,-0.1088132,0.3344303,0.3492311,-0.5171555,0.7880535,-0.5059084,-0.9820023,-0.0676226,-0.01095717,-0.4539438,-0.373698,0.06335201,0.289587,0.1686795,0.1384848,-0.1241112,-0.2821003,-0.9757919,0.1866324,-0.4156716,-0.4954872,-0.2464564,0.01520858,-0.01288271,0.945942,0.2671094,0.3508729
-0.2727729,0.3088038,0.05645257,-0.1087045,0.01625304,0.1588875,-0.06444019,0.2341445,-0.1661825,0.3482509,0.3838748,0.3911083,0.2503397,-0.07153329,-0.1637819,0.3632022,-0.3878536,-0.351787,0.0003985763,-0.4645384,-0.09546831,0.02970988,0.2557074,0.1232555,-0.205192,0.007155192,-0.04146549,0.4535967,0.32969,0.2034881
0.00830866,-0.2275192,-0.5635148,0.4648739,0.6720084,-0.0956993,-0.9880982,-0.0004645219,0.162485,0.3041953,0.02319187,-0.02828965,-0.4661143,0.1899891,-0.2798827,-0.3824656,-0.1880326,-0.4415956,-0.2554739,-0.02612144,0.5677444,-0.7337586,0.06027957,0.07005967,-0.8466079,0.3611914,0.1730791,0.07056528,0.7324337,0.4851952
0.08261673,0.6358457,-0.1292452,-0.4053194,0.2373528,0.4229474,-0.301544,-0.0101216,-0.2538056,-0.3753173,0.3810239,-0.9941452,0.3235599,0.4265856,-0.4782485,-0.1347573,-0.2373163,-0.01361453,0.09742972,0.08722764,-0.7829353,-0.3894974,-0.315514,0.1589127,-0.3432478,-0.06556314,0.01805883,0.00543777,0.07572788,-0.1720381
0.03146836,-0.0009248045,-0.2480047,0.3710856,-0.04519429,-0.1207854,-0.1448949,-0.3073199,0.8267844,-0.4061824,-0.325076,0.2609552,-0.04176933,0.114224,-0.3188081,-0.222854,0.0647698,-0.2654728,0.08651914,-0.4328579,0.009152442,-0.2008984,0.5099387,0.5185081,0.2707449,-0.0941667,0.7344927,-0.163063,-0.01018828,0.0201044
-0.29392,-0.3819133,-0.1021337,-0.05531687,0.4027743,-0.675709,0.1252418,-0.4017509,0.4501472,0.1613769,-0.382014,0.2194732,0.6336079,0.3533006,0.2284842,0.3647226,-0.2110918,-0.03260231,0.1583361,-0.1958671,-0.6211565,0.08765735,-0.09056811,-0.2330399,-0.1422029,0.3252152,-0.1476872,0.4204339,0.4939677,-0.008905737
0.6994578,0.2431939,0.2312313,-0.2518169,-0.4906937,0.02144891,0.3285008,-0.3322601,-0.05570343,-0.01773024,0.07480147,0.224673,-0.0363452,0.1189808,0.7722651,0.4940746,0.06599554,0.3908242,-0.09975924,-0.4684932,-0.001173493,0.0984492,-0.4209495,0.4405615,-0.1404466,-0.2670626,-0.3325789,-0.3311565,-0.3928708,0.4322605
-0.1943801,0.04170929,-0.2287787,0.520402,0.3302749,-0.009212693,0.2481306,0.05962723,-0.04343516,0.4786057,0.2062614,0.1644959,0.4803642,0.1294713,-0.4338678,-0.1268201,-0.06589407,-0.2359842,0.3682984,-0.1670974,-0.06193998,0.3890745,-0.1894429,0.319316,-0.001850026,-0.00103995,-0.227758,-0.04297919,-0.001852113,0.397945
0.661582,0.04548734,0.02972489,-0.4558718,-0.6645513,0.757695,0.03776771,-0.3960348,-0.4128644,0.1894222,0.6363523,0.3865639,-0.2127297,-0.1596847,-0.1309864,0.3704237,-0.006074458,0.2435208,-0.2123831,0.2070118,-0.2828842,-0.418102,0.0497455,-0.4655862,-0.1042007,-0.03391844,0.463756,0.5299001,-0.121532,0.009928493
0.211433,-0.2762792,-0.2504315,-0.4762404,0.03609899,0.07539765,0.7254569,0.09515606,-0.05134267,0.0703817,0.3455335,0.006723869,0.07352094,0.3643181,0.2338927,-0.1529106,-0.1942686,-0.3206887,-1.481586E-05,0.3171203,0.234878,0.08773506,0.2820647,0.1257868,-0.10363,0.4827089,-0.05787731,-0.01176649,0.2861327,-0.02252978
0.03074986,0.7283925,-0.3534098,-0.3231948,-0.1373733,0.3910629,-0.05068427,0.1868452,-0.405229,0.01816474,-0.419693,-0.2218191,0.3190051,-0.2009246,-0.4149514,-0.3152624,-0.01125181,0.3755523,-0.6422946,0.1044374,-0.07879752,-0.01242683,-0.004524949,-0.3434142,-0.1489001,0.05029911,-0.4084834,0.2127372,0.002572583,0.4406856
-0.08943665,0.0379236,-0.3415375,0.3074139,0.3589952,-0.7584051,0.2071533,-0.03427142,0.04334837,0.2927854,-0.1402327,-0.1656705,-0.472217,-0.4380251,-0.3641908,-0.2865965,0.02795857,0.01873608,-0.3110869,0.1735072,-0.05379921,0.344281,-0.03565539,-0.1784138,0.3940691,0.5580247,-0.08476162,-0.2072969,-0.2295629,-0.02394896
-0.3060025,-0.3890494,-0.350502,0.1182519,0.2081853,0.008981765,0.1901204,0.2619188,-0.002728696,-0.2557214,-0.1884599,0.2336014,0.09431534,-0.04319684,-0.2074077,-0.107194,-0.1299478,0.1369893,-0.22725,0.2439251,-0.03131542,0.01132731,-0.1993346,0.6420487,-0.03947294,0.04520077,-0.02189858,-0.7169779,-0.1858017,0.005078733
0.332481,0.4509209,-0.2735171,-0.03039311,0.0572719,-1.05925,-0.2356809,0.2416102,0.01861113,-0.4147909,0.1647737,-0.370711,0.2614912,0.066381,0.3510848,0.5818143,0.176915,0.3720301,0.464734,0.348094,-0.006012801,0.2631946,0.2053565,0.05092067,0.3565352,0.001487135,-0.0362913,-0.1550497,0.1175192,-0.02324771
0.187613,-0.3705523,-0.01205507,-0.02257746,0.2037688,-0.2297428,0.4449382,-0.376464,-0.3550388,0.2311493,-0.003053182,-0.6780424,-0.3445532,0.1406494,0.2096718,0.00045677,0.717831,0.1873756,0.2144883,0.4890034,-0.1881755,0.4871423,-0.218631,-0.02206778,-0.2862698,-0.06713464,-0.4242911,0.004019195,-0.2149072,0.3995804
0.03286749,0.1618606,-0.4540807,0.1573999,0.00119107,0.1348572,0.05863982,-0.049658,-0.02322393,-0.0954656,-0.1794403,-0.02082157,-0.4228953,-0.317487,0.3221234,-0.3781085,0.3508403,0.3102868,0.3696674,0.4843167,-0.05588165,0.05792171,-0.2089397,0.03826857,0.3406289,0.8167943,-0.04253498,0.3191715,-0.169627,0.09591848
-0.2976717,0.3105969,-0.3778886,-0.02597556,-0.152273,-0.3827782,-0.6015118,-0.01844436,0.1842897,1.105263,-0.4816102,0.2836929,0.3988378,0.06146461,-0.04753242,0.2879899,0.1611988,0.4469469,0.1591852,0.06523484,0.05843361,-0.3924831,0.3642522,0.2438109,-0.07769555,0.2982792,0.3874462,0.07399439,-0.4036974,-0.4249267
0.4733663,0.1095385,0.4625801,0.2732214,0.05891973,0.07743372,0.4958756,-0.05505854,-0.05913001,0.1839465,-0.4714953,0.02712624,0.0096016,-0.2433424,0.258895,0.4713072,0.3396769,-0.33416,-0.04571944,-0.4357463,0.03755802,0.1721346,-0.1009374,0.05280753,0.3783789,0.4893796,-0.4764197,0.04718478,-0.02264374,0.5567529
0.3419502,0.03458459,-0.06203129,-0.006742299,-0.1932638,-0.1215011,0.0799906,0.001256645,-0.2071043,-0.2737691,0.1658932,-0.01880302,0.09443666,0.05680031,0.01615649,-0.3611566,0.01779334,0.1348649,-0.4466326,-0.01274817,-0.06405554,0.5486872,0.4950006,0.1222462,0.09642297,0.1417707,-0.0292024,0.1455704,0.5081273,0.1707183
0.06428133,-0.3165211,-0.2593548,0.1987956,0.2308878,0.341782,0.3711451,-0.0583725,0.06352043,0.114139,0.2153873,0.1738034,1.339031,-0.05167931,-0.09765586,0.2617406,-0.1371749,-0.08058829,0.4923937,-0.0431213,-0.1556664,-0.2106881,0.07185262,-0.1200284,0.06650968,0.2309493,-0.3897626,-0.2936419,0.4541415,0.1751598
0.4979794,-0.05136263,-0.3272448,-0.2216681,0.8806542,0.217153,-0.001285561,-0.135215,0.7008525,-0.4775177,-0.406947,0.4746577,0.0165531,0.8354028,0.05913669,0.02656754,0.3368092,-0.1373977,0.494554,0.1643079,0.2983845,-0.2105825,0.03437717,-0.2631133,0.6511059,0.9211464,0.8125862,-0.2955502,0.04409219,0.1042116
-0.02382714,-0.1236056,0.0299946,-0.03637643,-0.3698467,0.06961329,-0.7390136,-0.4662684,-0.07899585,-0.2251939,-0.03279709,0.04070417,-0.3566214,0.8080482,0.3049196,0.2145641,-0.4575393,0.3249116,-0.07879142,-0.07781184,0.2297751,0.06280129,0.1952114,0.1143015,0.3254929,0.1987069,0.5062312,0.01091303,0.04289765,0.1818757
-0.412178,0.3256595,-0.1192317,-0.1959719,0.2878985,-0.3061593,-0.1462422,-0.3034004,0.1166802,-0.2155164,0.06658167,-0.3616275,-0.05306599,0.136124,-0.1694143,-0.1479695,-0.5933456,0.1762984,-0.1893285,0.2292858,0.1473838,0.5059774,-0.4563719,-0.05743576,0.3343778,0.3618464,-0.1522331,0.3482671,-0.523163,-1.0667
-0.4278243,-0.4808657,0.08609182,0.4039757,-0.1827305,0.2551672,-0.06600462,0.02428025,-0.3890324,-0.4478191,0.7611839,-0.1384233,0.2442074,0.08947228,0.2920662,0.07445103,-0.4606233,0.03252126,-0.004784937,-0.0166289,-0.05834657,-0.4331218,0.4684029,-0.4240931,0.06095476,-0.4418065,0.0774508,0.2075687,-0.9850458,-0.2646921
-0.503038,-0.00222379,0.008305517,-0.3648064,-0.3245363,0.2293824,0.6867936,0.03887266,-0.2584884,0.1582371,0.6462895,0.02961766,-0.4059496,1.327043,0.07433117,0.01049465,0.1223554,0.6793047,-0.004868135,-0.06773302,0.01006862,-0.1410538,0.1994717,0.04346152,0.5188553,-0.3531996,-0.2226923,0.3820381,-0.09303457,0.2809271
0.1232702,0.5051005,0.02699715,-0.6556108,0.1118608,-0.4243104,-0.2903358,-0.0001599099,0.2343969,0.4727507,0.05054234,0.1963726,0.4197431,0.06250028,0.2510657,-0.3098799,0.01910359,-0.1156153,0.1608352,0.0002426221,-0.2991509,-0.4553331,0.2163213,0.4240246,-0.4180537,-0.03018794,-0.1528012,-0.0263142,-0.05529362,0.1245747
;
0.347111,0.2511398,-0.1272961,0.02253919,-0.3219405,-0.3689277,-0.03403236,0.3187445,-0.01138163,0.05998321,-0.00777346,-0.9016631,-0.2005373,-0.3403266,-0.009108666,0.148151,0.4508076,0.3677026,-0.472981,-0.00171005,-0.3753103,-0.4682887,0.02313761,0.008857035,0.316243,-0.4569108,0.3740392,-0.02459633,-0.04263835,0.09239887
-0.01969411,0.02136586,0.247319,-0.3406882,-0.1302329,-0.4200765,0.0288381,0.3998381,0.05584068,-0.309046,-0.04384071,0.4118807,-0.4363343,-0.3659537,0.0115338,-0.4183097,-0.4047321,-0.3008554,-0.01185992,-0.3285313,0.647568,-0.3900341,0.1493585,0.001025281,-0.0307849,0.7724991,0.1711728,0.1114259,0.3001878,-0.06016496
-0.01212053,-0.2399408,0.06221807,-0.1903992,0.235595,0.4096047,0.2211475,0.6266163,0.01596203,0.4209361,0.2452761,0.06219906,-0.1581376,0.05526556,-0.1600802,-0.1898991,0.4690585,0.3466307,0.05258502,-0.05205566,0.5586482,0.003192136,-0.06587023,-0.2449244,0.06608075,0.6980805,-0.3187199,0.0431543,0.1455264,-0.2775674
;
-0.3114985
-0.2913584
0.1119402
0.4069575
0.2865065
-0.2695069
0.2060207
-0.2737571
-0.2994174
-0.3884324
-0.05744511
-0.1456822
0.2345236
0.1419817
0.1837187
-0.1061037
0.04266864
-0.2008346
-0.01139385
-0.3787528
-0.1747811
0.1140011
-0.1656552
0.1310377
0.2946421
-0.4222643
0.1105905
-0.3852081
-0.1018538
-0.2094108
;
0.2465967,0.4466906,0.1357725,-0.3227365,-0.4592537,0.09083277,-0.1799427,-0.3488156,0.1656271,0.1850855,-0.1876369,0.3743384,0.2707516,-0.4291878,-0.4249318,-0.4660546,0.01441377,0.2332612,0.279175,-0.354102,-0.3584133,0.3033788,-0.4185539,-0.1328306,-0.3276541,0.2304396,-0.01206011,-0.3741428,-0.5364851,-0.4530818
-0.1681218,0.3026613,-0.345786,0.2146597,-0.4982909,0.02224559,-0.2277123,-0.1556903,-0.3287349,-0.07297128,0.4499333,-0.3397851,0.4677676,-0.1524088,0.3901361,0.1140612,-0.381442,-0.3524213,-0.1227555,0.01357776,-0.3466787,-0.3425024,0.2063926,-0.108365,0.04184359,0.0446077,0.1587967,0.3834771,-0.1424544,0.1339852
-0.326431,0.4089438,0.1296756,-0.226186,0.06824356,-0.3606948,0.4101262,-0.4179611,0.001008451,0.3769886,-0.3843245,-0.02989739,0.3481408,-0.4219348,0.1017063,0.2113122,0.2701175,-0.4466903,-0.3238288,-0.2555009,-0.1032214,0.4632986,-0.1834671,0.4286073,0.3357253,-0.4275635,0.1210381,-0.3369542,0.2718545,0.4721565
-0.4425206,-0.4289529,-0.4858866,0.03764433,0.01288217,0.100982,-0.06972092,-0.2841552,0.4692928,0.3675088,-0.1426242,0.245519,0.3268166,-0.07593995,0.4321313,-0.1926463,0.384153,0.4120049,-0.2890376,0.4385576,-0.4040442,0.2922642,0.2843795,0.3909185,0.009030759,-0.1382659,0.1890329,-0.4299228,0.0743682,-0.4644146
0.2869816,0.3696908,0.1248963,-0.1286322,-0.171966,0.4139122,-0.3446163,-0.3632803,-0.1192474,-0.4412622,0.2696755,0.3811334,-0.4390442,0.4784353,-0.2442817,0.4348434,0.1499387,-0.4730562,0.07213134,0.0526368,0.1200909,0.106066,-0.1453487,-0.03810531,-0.1877888,0.2200293,0.4965625,-0.2747296,-0.2543781,0.3127466
-0.190014,0.2849751,-0.337395,-0.4346782,0.1574079,-0.3823547,-0.2877493,-0.2366429,0.2256157,-0.288964,0.06807107,0.1403868,0.403034,-0.4392933,-0.4962186,-0.09300619,-0.0178569,-0.4244541,-0.4152125,-0.1891317,0.4102184,0.03189653,-0.05012852,0.2222445,0.3459597,-0.09476858,0.2090303,0.1283235,0.3179986,0.4282454
0.08428842,-0.4982592,0.290529,-0.3678312,-0.2998121,0.4355026,-0.1206302,0.480309,0.1800374,0.1115238,-0.4486303,0.07696134,-0.004341424,0.3164724,-0.302487,0.3593436,0.275504,-0.09394389,-0.2444764,-0.2027079,-0.3935876,0.4207385,-0.2151781,0.3710136,-0.2780792,0.3949767,0.3142557,-0.4443555,0.2484203,-0.04559421
-0.00983423,0.007576287,0.4253824,-0.183937,-0.048919,-0.05532581,0.3051571,0.02523263,-0.08868843,0.4603449,0.2260954,0.4713504,-0.1418663,0.2346032,0.2741766,0.1211719,0.2643583,0.1164265,-0.05017906,-0.0528776,0.4630735,-0.1346299,0.07956129,-0.06995827,0.4877199,0.263436,-0.2013168,0.1172804,-0.4278448,-0.3545713
-0.2556221,0.3928341,0.0550105,-0.4638215,-0.4965886,0.05158287,0.1853405,0.483798,-0.2094019,0.1806294,-0.2121863,-0.1595376,0.2976681,0.08086652,-0.1861562,-0.0001011265,-0.2589676,-0.4784135,-0.007582366,0.3550427,-0.4273397,0.02215618,-0.4289874,-0.4468703,-0.3709326,-0.3303852,0.07883006,-0.4223233,0.2141322,-0.3056461
-0.3760512,-0.4972324,-0.04036313,0.3094596,-0.2981064,0.04585749,-0.148274,0.4566665,0.2750686,-0.4443723,0.3421439,-0.09573323,-0.38425,0.498897,0.02628225,0.03652149,-0.255583,0.2889781,0.4816688,-0.274615,-0.4478577,0.01193053,-0.07819623,-0.2910757,-0.2638339,0.4830556,-0.2446923,0.1066162,0.02932411,0.186133
-0.05187315,-0.3214784,-0.1641505,-0.401353,0.3204963,0.01519901,0.1702048,0.1736051,-0.149913,0.3220307,0.1831567,-0.08714193,0.2615644,0.4186211,0.04192191,-0.1077979,-0.1642658,0.02941952,-0.112035,0.4434378,-0.3204968,0.2969816,-0.2784584,0.1278498,0.2799668,-0.4817469,0.4517175,0.009347498,0.4389055,-0.1276267
-0.03853816,0.1094819,0.233237,0.4999855,0.06739837,-0.3638307,-0.3199848,0.07234699,0.305951,-0.008982718,0.2635506,-0.3778044,-0.4410455,-0.06226689,0.4449937,-0.006251991,0.3430552,0.1517007,-0.1392459,0.4312692,-0.491066,-0.1861352,-0.4859287,-0.1168947,-0.1599219,-0.009871066,-0.1395996,0.4144167,-0.1530665,0.06852108
-0.1749722,-0.02770978,0.3316003,-0.1622844,-0.0291298,0.1963011,0.107383,0.3511266,0.3936836,0.3999031,0.04675144,0.4443336,-0.4162885,-0.4236045,0.2122654,-0.2370717,0.2249014,0.09007818,-0.0652588,-0.4501779,-0.2513117,-0.4897089,0.0108798,-0.03283554,-0.3004471,-0.3076804,-0.02048796,-0.3069237,-0.1290249,-0.242205
0.4966422,0.2917681,0.2072559,0.4202226,0.3590254,0.0427461,-0.2255169,-0.6450834,0.4452068,0.3910421,-0.2880943,0.08648556,0.4388199,0.4718877,-0.3646301,-0.2918849,0.02214199,0.0659911,0.2955739,0.1350024,-0.06600505,0.3832049,0.3475879,0.06117135,0.2753384,-0.1922687,0.1179373,0.18803,0.3081626,0.1149153
0.4946296,-0.3677701,-0.3665673,-0.266924,0.2679642,0.1684972,0.009525597,-0.1508275,-0.4041969,-0.4174557,0.1347099,-0.2745429,0.04806322,0.3213998,0.3501025,-0.4338295,0.03351992,0.1760213,0.1873962,0.3976417,0.1730444,0.4819659,-0.333197,0.1624278,0.04739338,0.2083298,0.4127203,-0.3250455,0.146618,0.1640963
-0.385196,0.005791366,0.3634795,0.2111615,0.2509706,0.4666508,-0.01876372,-0.4700423,-0.24812,0.1802546,0.4280075,-0.2493991,-0.2755141,0.009214025,-0.03922504,-0.3879682,0.1376141,-0.4776173,0.3019564,0.4350618,-0.4244013,0.0008205771,-0.2934204,0.08107728,-0.05517691,0.1321497,-0.4664102,-0.161524,0.03303839,0.1370767
0.3600513,-0.2807714,-0.2297203,-0.4426951,-0.1502936,0.3229036,-0.3901573,-0.2400431,-0.04450589,0.144029,-0.03490788,0.07796496,-0.4227358,0.1873618,-0.3821175,0.003683507,-0.3687272,0.2147058,0.007258236,0.09831363,0.4675472,-0.1648545,-0.1598218,-0.3890028,-0.1987809,0.4057854,0.4527102,0.003581345,0.0665186,-0.1588184
-0.1431375,-0.2079174,-0.4919693,-0.4206675,0.2700131,0.225829,-0.09632176,0.4701316,0.4093823,0.4712043,0.1149098,-0.4901558,-0.1214932,-0.3319041,0.2514695,0.02269608,-0.1605138,-0.2179168,0.01937586,-0.2870345,-0.07483715,-0.1492115,0.3229318,0.2361431,0.06080872,-0.2797616,0.282642,0.1171142,0.08989471,0.07850307
-0.1968579,-0.396423,0.3731909,0.4210371,-0.4370496,0.3849065,0.4907634,-0.436587,-0.2621802,-0.3937659,-0.2501442,-0.3213639,-0.04572672,-0.345013,0.08479565,-0.4131858,0.4196885,-0.3107105,-0.3104172,0.1603064,0.2276735,-0.485543,-0.06909829,0.4147642,-0.2592189,-0.2538112,-0.1535179,-0.00811547,-0.2195633,0.3680283
-0.3502948,-0.09561402,-0.3818473,-0.2058372,-0.03898424,0.4352896,-0.009165943,0.1672728,-0.05188578,-0.02951235,-0.2351411,-0.1796066,0.4396136,0.1297552,0.04505438,-0.173428,-0.3178766,0.2564189,0.1818244,0.4238064,0.362114,-0.1831539,-0.265419,-0.184384,-0.4886192,-0.1322048,-0.3137553,0.3276834,-0.1366911,0.4502907
0.3257179,-0.1714311,-0.4337336,0.09210128,-0.04696065,0.1204563,0.1953348,-0.1912195,-0.3774613,0.4697524,0.1078135,-0.05226094,0.3267801,0.1153335,0.2039252,0.3090287,0.06868523,-0.2210627,-0.3910897,-0.1720373,-0.1972004,0.1389708,0.441702,-0.06296581,0.1915289,0.1447776,-0.2913716,-0.2726538,0.4051813,-0.1070011
0.2920183,0.1427525,0.01065415,0.03968793,-0.181254,-0.4390686,0.2641704,-0.1065878,-0.1709811,-0.09059733,0.1671852,-0.3242321,0.3353752,0.005500149,-0.422267,0.3202975,-0.01050236,-0.4033774,0.4411598,-0.4133618,0.3316528,-0.2002671,0.476136,0.06994981,-0.3460399,-0.2062741,-0.4010845,-0.4237456,0.03004152,0.4247082
0.3297861,0.3349192,-0.4364122,-0.4973668,0.4398096,0.2274211,-0.4405785,-0.236597,0.3843839,-0.1826407,-0.4308392,0.08918029,-0.4111469,0.1938736,0.4748904,0.2315889,-0.05256301,0.3327805,-0.5670047,-0.3422207,0.1642505,-0.0290888,0.3098027,0.2725641,0.209809,-0.4873497,0.422666,-0.4327011,-0.3715076,0.4117696
0.09655279,0.2200781,-0.3778032,-0.04097337,0.427472,0.1962911,-0.3389801,-0.4142596,0.1656471,-0.1081697,0.408717,-0.2405713,-0.3419141,0.2845438,0.3469354,-0.184177,0.06625515,-0.2668462,0.3010617,-0.2567773,-0.1543141,0.3650922,-0.1284001,-0.1698901,0.1505033,-0.02015108,-0.1605189,-0.3760772,-0.2360037,-0.4197205
0.06149656,0.06491393,0.07772881,-0.3332561,0.2719567,-0.4694371,0.4677769,0.4881276,-0.01612085,0.4311111,0.30682,-0.1934844,0.08617538,-0.1047794,0.3208507,0.3194176,-0.1694371,-0.1528797,-0.4410723,0.03067309,-0.3913486,-0.4396137,-0.358445,-0.3039922,-0.269663,-0.4731641,0.04890686,-0.08453411,0.01499003,-0.1245711
0.0237655,0.4973737,-0.06418675,-0.2422256,0.06675023,-0.3352964,-0.2976812,0.397007,0.421334,0.3893657,0.2830099,0.4416236,-0.3142885,-0.1588487,0.416537,-0.1330121,-0.2874585,0.3645716,-0.4865702,-0.1208264,0.4762403,0.006215751,0.3411431,-0.1657253,0.206061,-0.4901917,0.07309729,0.2843453,0.1752477,-0.1711224
-0.4400407,0.1602442,0.3457539,-0.402993,-0.1025773,-0.1833108,0.1007184,-0.261649,0.468495,-0.1194944,0.1334041,0.08059841,-0.356737,0.6496777,0.06572306,0.1790904,0.413511,0.2176047,-0.310374,-0.1565593,-0.2076083,-0.2193787,-0.1924407,0.4314812,-0.6202036,-0.4416745,-0.0840047,-0.1943912,-0.03215057,0.3835961
-0.01715761,0.07841986,0.3453103,0.483881,0.2994831,-0.07403296,-0.1572432,0.2761649,0.3780172,-0.4517256,-0.2115451,-0.3751084,-0.1518266,0.02350694,0.2854799,-0.1125976,0.4784629,-0.1190785,0.02894312,-0.3514282,0.09386271,0.1224876,0.161434,0.06817919,-0.2662911,-0.4599675,-0.4472188,0.08731228,0.4765593,-0.5904387
-0.4155077,-0.3543336,0.3702923,-0.04694217,0.4847186,0.4183844,-0.3138278,0.007962525,-0.3459083,-0.3727549,-0.3994524,0.4218282,0.1266835,0.4151751,-0.05118209,0.2206256,-0.4633542,-0.1015653,-0.1690847,0.2768151,0.3333818,0.4909551,-0.2177905,-0.1401365,0.4975796,-0.2631086,-0.2531264,-0.2251201,-0.2534267,0.4409939
-0.3608681,-0.4599264,-0.4258627,0.1953294,0.4706275,0.1760977,-0.2567497,0.1258663,-0.06588942,-0.06319684,0.2328247,0.3039953,-0.330708,-0.1250388,0.3563585,0.3031069,0.1824008,0.2901442,0.3442661,-0.2858856,-0.4219573,-0.3850896,0.1883579,0.4212269,0.4223529,0.3752679,0.2797852,0.390638,-0.09117478,0.2247274
;
-0.1564167,0.390977,-0.108327,0.02232748,-0.2270762,0.4138379,-0.308945,0.4852347,0.2454634,0.2200118,0.3832994,-0.01329738,-0.2922362,0.4574809,-0.4570323,0.4785693,-0.4645452,0.2402719,0.4951257,0.1026012,-0.1611912,-0.1869279,0.1850505,0.2114084,0.1103794,0.4058841,-0.1979228,0.1050184,-0.1809824,-0.05118304
0.2113439,-0.270908,-0.2929255,0.4530736,-0.4975218,0.3953624,-0.1965885,-0.0001074195,-0.2362822,-0.4034513,0.45629,0.3984288,0.4732141,0.286442,-0.006395741,-0.1254414,-0.4125397,0.4744782,0.1840056,0.2508986,-0.3507351,-0.03842443,0.1997808,-0.3867128,0.4272436,-0.6339147,-0.09812516,-0.1099642,0.05542439,0.1263213
-0.2156348,-0.1619546,-0.01233798,-0.175526,0.006469429,-0.277223,-0.2915431,-0.07653445,-0.298045,0.1828008,-0.2382374,-0.3955586,0.348199,-0.4485875,-0.3805354,-0.3807697,-0.172123,-0.3460028,-0.02506644,-0.128794,0.02029794,0.1357661,-0.4438047,-0.289399,0.1566819,0.3276303,0.4579538,-0.009357728,0.1953753,-0.197823
;
0.4728817
-0.02696894
-0.3659472
0.1235345
0.4588935
0.6771613
-0.01710651
0.3283422
-0.2790266
0.478034
-0.4638748
0.1049545
-0.3137574
0.3547527
-0.0009705887
0.106993
0.1679836
-0.009482563
1.310714
-0.4951503
0.4287829
0.3540421
0.3215981
-0.4532701
0.02085954
0.4121754
0.2650374
-0.213145
0.1263873
-0.8875605
;
0.3501309,-0.2193359,0.1889038,-0.3923956,-0.1810933,0.2397342,0.08372679,-0.06125287,0.04220206,0.2064272,-0.3914729,0.01263016,0.07970589,-0.3339581,0.1535467,-0.5210876,0.1278689,-0.2859094,0.3309461,0.4263597,0.1479618,0.1316941,-0.3408262,-0.1660284,-0.4229115,-1.034884,0.1692315,0.2565924,0.1301937,-0.44346
0.9918329,-0.3593194,-0.391937,-0.06249337,0.3353509,0.3381656,0.01593134,0.003179723,-1.335912,-0.3339055,-0.0329065,-0.2505277,-0.4414665,-0.3484943,-0.7717866,0.1662166,-0.4402829,0.08326174,0.09548289,0.4971438,-0.198014,-0.0003743803,0.04640106,0.05311853,-0.2624953,-0.03167082,0.3371497,-0.8830694,-0.003237769,-0.7278863
0.5068034,0.03209051,-0.1236659,-0.4909036,-0.242809,0.2190714,0.2183721,0.2457218,0.9599112,-0.4997681,-0.05211252,0.00784926,0.7223178,-0.02763749,-0.03767829,-0.1420257,-0.08969907,0.008883995,-0.1484355,0.0380194,-0.3195108,-0.1062722,-0.3183738,-0.003919407,-0.3610245,-0.009984072,-0.05825419,-0.3733408,0.05353863,-0.2682668
0.1062701,0.4141384,1.245358,-0.2192166,0.4781539,-0.06664881,-0.43243,-0.003330146,-0.4872897,0.003006067,0.1132199,0.3119118,-0.1828861,-0.1862882,-0.005005171,0.1920285,0.001839573,-0.4690351,-0.8595823,-0.5730623,-0.4855435,0.1201345,0.144675,-0.07917052,0.2110344,0.6965067,0.1414256,0.1447188,-0.1259837,0.1470699
-0.06484133,0.05765988,-0.07279655,-0.3463309,0.2089192,-0.4237906,0.09100167,0.3976328,0.3243811,-0.330182,0.1162664,-0.475278,0.02924722,-0.03125806,-0.05569231,0.1475426,-0.261983,-0.2774755,-0.1450307,-0.1652014,-0.04143751,0.3056525,0.1249019,-0.07885927,0.205916,-0.05905973,-0.1025303,0.0429836,0.3299301,0.01194563
0.4232137,0.250784,0.04544646,-0.1682945,0.1702559,0.6055297,0.4263899,-0.5549344,0.2810797,-0.03467235,-0.2922156,0.1505182,0.05507559,-0.3441168,0.6873096,0.09633113,0.4794675,-0.04612257,0.05709674,0.2568585,-0.1772166,-0.2249381,0.1054821,-0.2907375,0.3002912,-0.2946463,0.2296847,0.2217932,0.006963684,0.05767662
0.1699473,0.09256119,0.09266381,0.1293872,-0.1436359,-0.08286875,-0.1232007,-0.1554386,0.03097159,0.4364797,-0.1752321,-0.2077545,0.5017784,0.2709352,-0.2031502,0.547693,-0.1874437,0.1490319,0.04584295,-0.08079046,0.1017784,-0.005652089,-0.3811368,0.2829779,-0.3094611,-0.01673967,0.02892882,0.2479504,0.2615814,0.1478691
-0.3058056,0.4364436,0.06224696,-0.4400575,0.4550398,0.1526251,0.2881864,-0.08376437,-0.1963511,0.2472643,-0.3482759,0.02837452,-0.3940781,0.3205628,0.5248484,0.5364987,0.2603422,0.124897,0.5472333,-0.1596848,0.1887518,0.1107684,-0.2474145,-0.3909268,0.2788206,-0.1486533,-0.005889952,-0.9210849,-0.1856332,0.1192455
0.3317551,-0.04068466,0.2885236,-0.3464181,0.01288706,-0.6844437,0.4465073,0.02675933,0.07546812,-0.3999748,-0.7193264,0.01194829,-0.5480006,0.003008316,0.2778254,0.7932945,0.4539634,-0.02956923,-0.6643505,0.1757185,0.001180213,-0.1521859,-0.2106857,-0.03313932,-0.4225299,-0.08211619,0.07890731,0.739597,-0.1273689,0.2690571
0.4577478,0.0968333,0.3470699,-0.4625549,0.1759853,0.0388015,0.3946925,0.02983297,-0.2161687,0.02789062,0.4762182,0.636174,-0.1255336,0.379246,0.4185145,-1.033173,-0.3152933,0.01615014,-0.4725561,0.04915476,-0.01556428,0.4278277,0.3782613,0.1168246,-0.4707381,0.1062927,-0.2833334,-0.3609451,0.9052668,0.004350345
-0.4230309,-0.3496865,-0.1393164,0.1179325,0.3216753,0.3697218,0.1542722,-0.1873028,0.5289996,-0.1587881,0.4118986,0.4662385,-0.2847226,-0.08342999,0.2571533,-0.007052854,0.2323934,-0.5371031,-0.4566503,0.4132874,0.8097297,-0.283867,0.5844424,-0.2894002,-0.2209186,0.01583792,-0.3846039,-0.09431189,0.3163564,0.05611316
-0.2493828,-0.3954352,-0.2573209,0.2892135,-0.0006114337,0.1348258,0.4085898,-0.004349147,0.1268859,-0.7878245,-0.06109041,0.3361124,0.02722527,-0.05459528,-0.01313083,-0.3606633,-0.1885051,0.2388719,0.04499044,-0.3094156,0.2014872,-0.4985808,0.07003802,-0.8924199,0.2203092,0.5222677,-0.004487216,0.04108243,0.2023899,0.1183447
-0.3592087,-0.2758923,-0.1535787,-0.1362513,0.07867151,-0.2020031,-0.00223224,0.04312196,-0.006701071,0.07147387,-0.2901808,0.1088632,0.05675657,0.2014295,0.1880916,0.1269047,-0.03556573,0.1963177,-0.8656553,-0.282876,-0.3987909,0.01404229,0.204308,0.04672597,-0.003972296,-0.09650026,0.09282272,-0.0003686504,0.1835316,-0.4329934
-0.2775297,-0.3411944,0.4341384,-0.3983644,-0.3455973,0.003878697,0.2462908,0.3764812,-0.6487527,0.2980388,-0.1384213,-0.01266327,0.09652894,-0.001844337,-0.3726019,0.1329257,0.08748156,0.321189,-0.2821687,-0.02665034,-0.003169635,0.1362394,-0.1338285,0.01834658,-0.08532578,0.0741654,0.1498486,0.1894804,-0.6345568,0.2333838
-0.0314584,0.04935323,0.2143898,0.07027376,-0.1459012,0.1579366,-0.02339619,-0.2768959,0.3564774,-0.5115331,-0.3329707,-0.6235721,0.03555995,0.153696,-0.4927061,0.03940893,0.05827659,-0.4612854,-0.07257403,-0.1967449,0.1742802,0.1595065,-0.2814578,-0.1078333,-0.07334839,-0.1369007,0.5356879,0.3593001,0.6542831,-0.04583889
0.004895985,-0.05989147,-0.06225023,-0.4058576,0.2978903,-0.3709493,0.265696,0.4139954,0.2424654,-0.1914518,0.3011518,-0.2868463,-0.1864294,-0.04756847,0.5565615,-0.2895749,0.1029027,0.06263313,0.2710619,0.3733021,0.4904803,-0.0002073646,0.8204485,-0.04966706,1.218347,0.2005577,0.1104017,-0.004706578,-0.3377117,-0.1824107
0.2393322,-0.3999163,-0.06401093,-0.01324826,0.02472717,-0.3958753,0.2882153,-0.2549486,-0.00451082,-0.1075806,0.1531281,0.01174651,-0.3244774,-0.1357693,0.5488245,-0.04342402,-0.04077136,-0.1722044,0.3936732,-0.4398323,0.004257904,-0.3144328,0.1159157,0.04533738,-0.0165078,0.2915957,0.3038481,-0.007892957,-0.1731371,-0.1160705
0.4203277,0.02420646,0.1764906,-0.2801648,0.1880909,0.4468558,-0.363684,-0.01079792,0.008214123,0.5063009,-0.3659106,-1.008994,0.1309774,-0.0335229,0.003350675,-0.1141727,0.5341626,-0.4241256,-0.1517645,-0.3226051,-0.2143752,-0.4004336,0.05578645,-0.1095116,-0.2388133,1.247952,-0.1802175,0.0112388,-0.3976932,0.06703983
-0.05065984,0.2182243,0.116284,-0.4645145,-0.04341096,0.2530777,0.2750561,0.3204894,0.3199396,-0.5429956,0.602464,-0.1701247,0.1649572,0.1816778,-0.2757725,-0.06514639,0.4357558,-0.2325398,0.2990197,-0.2110163,-0.2439548,-0.06167176,0.0004653944,0.07915645,0.4124807,-0.7337136,-0.1244462,-0.2672106,0.08831442,0.2614689
-0.7405342,0.2269354,-0.3242997,0.334691,-0.3339593,0.2542125,-1.007058,0.2105981,-0.1869671,0.1496566,-0.03809065,0.2576451,0.2816366,-0.4504963,-0.3598014,0.6629953,-0.0799125,-0.7466203,0.1781209,0.1506809,0.1998739,0.1610238,-0.04643708,-0.03508691,0.2306112,1.099903,-0.02926153,0.4708639,0.5495571,0.195687
0.356703,0.4443502,0.1004516,-0.2404712,0.08967319,-0.02121401,0.4873908,-0.3716809,0.3133798,-0.4628989,-0.5276971,-0.109161,0.01045282,0.3052526,-0.7029776,0.4832616,-0.5543366,0.2115155,0.3054308,-0.002503763,0.3707631,0.04974085,-0.2617532,0.3956144,-0.4309852,-0.405409,0.02499014,0.2667971,0.1822911,0.3863519
-0.4478662,0.3230314,0.3703361,-0.2384064,0.2808229,0.3856581,-0.08532065,0.1528684,0.2326549,0.2746024,-0.1654158,0.1096299,-0.1588144,0.2717128,0.3390384,-0.03914371,0.3400073,-0.7325208,0.1525339,-0.2103127,-0.2542543,-0.5457397,0.7932519,-0.2367801,0.08275624,0.4014018,-0.1409797,-0.4717008,0.006484051,0.01733836
-0.0935789,-0.4788703,0.1877554,-0.04685265,0.1653334,0.04014023,-0.01957005,0.4631426,-0.0398494,1.23228,-0.2421721,-0.3119297,0.339304,-0.03028266,0.02857739,0.4241898,0.06553479,-0.1771647,-0.132994,-0.480122,-0.02401214,0.4632621,0.3130679,0.3308488,-0.2010421,-0.2502349,-0.08419927,0.1273815,0.007118523,0.8343363
0.002796368,-0.06960889,0.009560287,0.03427559,0.2192132,0.4334315,-0.2728004,-0.09912699,-0.3025392,0.2116968,0.2358241,-0.01113656,0.06217125,0.07102408,-0.08981767,0.1338412,-0.02541357,0.4254225,-0.4451044,0.05238932,0.2896694,0.03663298,-0.1628393,0.8973743,-0.2526417,0.001074255,-0.4011418,0.1689035,-0.2578582,-0.3476104
-0.09137163,0.2194217,-0.125178,0.3368397,0.009033301,0.4278885,0.1088658,-0.1816581,0.001911492,0.4465837,-0.2709514,0.2254952,-0.8743539,-0.5781743,0.009156537,0.0784108,-0.1449216,0.3187035,0.4749096,0.6059699,-0.8781353,-0.03010853,-0.3547899,-0.06189338,-0.1672756,-0.4080442,0.460943,-0.004736587,0.09150833,0.1950779
-0.228747,-0.1158008,-0.3170291,0.05393089,-0.2380625,1.343374,-0.02381486,0.06174737,-0.6544569,-0.2178317,0.1665086,-0.4346439,0.578677,0.2047864,0.2844703,0.04949778,0.01286311,0.582851,-0.3783822,0.009551823,-0.1941364,-0.353348,0.2437629,0.4713784,0.09730653,0.1577544,-0.7646475,0.7974848,0.8393983,-0.5890027
0.2157324,-0.07857271,-0.2365751,-0.3512957,-0.07045337,0.3885427,-0.1530837,-0.1032236,0.349471,-0.3776201,-0.2645841,0.03099871,0.3471292,0.1703387,0.4434876,-0.2947938,0.0620935,-0.2228191,0.003188312,-0.01609078,-0.08763415,-0.213581,-0.2297554,-0.04110639,-0.100862,0.3007737,0.1469264,0.199965,0.3117334,0.4788003
-0.2206703,-0.5353855,0.4769317,0.2132052,0.1004645,-0.01350627,-0.1725658,-0.2125401,0.1621617,-0.3062035,-0.7141131,0.1279884,-0.08160037,-0.05481273,-0.1451295,-0.1296307,-0.01054639,0.08607727,-0.4543941,0.8082581,0.2996166,0.05012423,0.3651369,-0.08912987,-0.1581192,-0.4454904,0.171921,-0.4013186,-1.020733,-0.1292761
0.2576582,-0.1375241,-0.2955824,0.0673456,0.2668577,-0.4306359,0.4364492,-0.1227183,-0.07653689,-0.09128229,-0.01492694,0.6493129,-0.3000913,-0.379443,0.1090586,-0.05399527,0.286978,-0.04544711,0.3906769,0.2957589,0.2163352,-0.03113991,0.4162772,0.07415758,0.06775795,0.05482138,-0.1681032,0.3629115,0.07083596,0.3999785
-0.04652585,-0.05822879,-0.2946922,-0.3912034,0.8125032,0.4594257,-0.3691579,-0.166789,-0.02784396,0.36999,0.3392865,0.1905889,0.6126431,-0.0159575,-0.1448385,-0.2714538,0.468817,0.2887758,0.03596324,0.3667296,-0.4971303,-0.2398014,-0.06666058,-0.1640422,-0.3540897,0.1732319,0.1434359,0.09698722,0.4793831,-0.3980556
;
0.08052672,0.001785804,-0.2391096,-0.2073513,0.1114684,-0.3140118,0.02643804,0.4736853,0.006864488,0.3942335,-0.003130077,-0.04290555,0.2873998,0.4570676,-0.1583393,-0.3570733,0.8917919,0.08068031,0.05131632,-0.334152,0.4675738,0.2277315,0.02229577,0.03597516,0.02256606,-0.1171891,-0.5248858,0.451441,-0.05744756,0.179476
0.2839917,-0.2217546,0.178867,-0.2148622,0.3486378,0.5321702,-0.2290844,-0.07899361,-0.2589858,0.639258,-0.0511491,0.02553731,-0.2749423,0.2461606,-0.1288403,0.1807749,0.1777712,0.2078354,-0.1873257,0.1836707,-0.4034951,0.6430668,0.009672365,-0.1949314,-0.1242786,-0.0862212,0.04613736,0.4729056,0.08735241,-0.06267875
0.3392796,-0.04176217,0.3455597,-0.02092024,-0.1520815,-0.04001409,-0.1913141,-0.1549858,-0.1698088,0.6986213,0.2433497,0.1930611,0.09872522,0.4772422,0.0250712,0.78118,0.3180375,-0.02704948,-0.1670172,0.178699,-0.8146102,-0.09397668,0.05531996,-0.4323016,-0.1322361,-0.1772178,0.3864456,-0.1198562,0.06975129,0.04330653
;
-0.0697889
-0.01212577
0.1093173
-0.02198971
0.1238586
-0.2292973
0.000117899
0.2551095
0.4768828
0.1155404
-0.3002925
0.02518605
2.914544
0.4832746
-0.3805043
0.2180061
-0.1879541
0.1691664
-0.09132554
-0.2376403
-0.2979972
0.05025699
-0.4810643
0.6318461
-0.3560147
-0.1930744
0.4809703
0.3155381
-0.1379276
0.1345572
;
0.03769678,0.6270226,-0.419032,0.6514529,-0.04786724,-0.377488,-0.2049145,0.1163077,-0.429034,-0.4416052,0.4547713,0.5856039,-0.4170647,0.08131624,0.3171585,0.08652716,-0.2254918,0.474236,0.1230854,0.04404038,-0.2652915,0.01725262,0.4424971,0.8359793,0.4296451,0.3311185,0.03052679,-0.2675987,0.5929864,-0.06255069
0.0455009,0.02388916,-0.0791446,-0.7616693,-0.1240358,-0.06181484,0.4651501,0.03367813,0.08475465,-1.569562,0.3961391,-0.7726591,0.009118602,0.01778196,0.09162062,0.2025834,0.8102397,0.00558001,0.3110121,-0.001132529,0.03210849,-0.1864422,0.5090579,0.04370684,0.203851,0.5081812,0.1533894,0.5233355,-0.706094,0.0970742
0.2901231,0.3646305,-0.4012654,-0.631595,0.005002201,-0.009200841,0.2339569,0.2631549,-0.08747488,-0.07622153,0.473948,-0.1292272,0.1095534,-0.4257981,0.2436192,-0.03505263,0.2586147,0.05404776,-0.3493302,-0.0330496,0.3628224,-0.2604711,0.03166015,0.156402,0.7229366,-0.4138046,-0.1574187,-0.03328189,-0.1562683,0.2422182
0.01368223,-0.03619033,0.08695652,-0.3572788,0.1739964,0.4374961,0.0518094,-0.1098419,-0.2322135,0.1450289,0.07490729,-0.1399007,-0.07232667,0.2830884,0.04391354,-0.3370959,-0.3766356,-0.3931012,0.4476318,-0.1703939,-0.07746774,0.2718355,0.1557698,0.2839627,-0.5932937,-0.03544873,0.4942966,0.3174497,-0.4015692,-0.02677733
-0.08178259,-0.1527054,0.3571144,-0.08275951,-0.1817722,0.5025201,0.03477785,-0.2379072,0.3176025,0.005343603,0.005845249,-0.4671552,0.2244996,0.4084603,0.4190239,-0.04202494,0.2242365,0.03423125,-0.41247,0.00185097,0.1527438,-0.1565016,-0.04120272,0.04997151,-0.1352395,0.3720701,0.2727979,-0.5417885,-0.04445797,0.4358019
0.02349521,-0.03160125,0.1817589,-0.1532341,0.115467,0.6533104,0.3531421,0.0012514,-0.001898722,0.01326075,0.1898891,-0.01971907,-0.3369581,-0.3354075,0.4328616,-0.05429071,-0.2034033,-0.1942518,0.03544133,-0.3341666,0.5895585,-0.06036788,0.4218459,0.2249001,-0.2743331,0.13185,-0.1586126,0.296232,0.7877448,-0.06530601
-0.1920557,0.01857881,-0.001430939,-0.3103704,-0.4751385,-0.02211338,-0.2369947,0.3459198,-0.02654423,0.1282143,-0.3628485,-0.2865312,-0.1162827,-0.1974192,0.3494043,0.7128059,-0.0208471,0.1785866,-0.6612537,-0.272742,0.7530555,1.921651,-0.4246464,0.2741868,0.316883,0.0115551,0.01957637,0.1781425,-0.1495614,0.004728895
-0.3646182,-0.1501255,0.3020456,0.06797739,-0.3933344,-0.002075045,-0.08521143,0.4476193,-0.1877399,0.4018002,0.5755544,0.2838676,-0.2098729,-0.09217066,-0.2822689,0.3468844,-0.4039979,0.06674337,0.02661282,-0.09483128,-0.03655869,0.6694942,-0.265201,-0.03232904,0.289965,0.1852356,-0.8278515,-0.05226916,-0.04898208,0.6288052
-0.2540561,0.0004874323,0.4009656,-0.1223748,-0.1543147,-0.02896005,0.09644312,-0.4143645,-0.08034939,0.1451698,-0.07048321,-0.4090917,-0.03498836,0.2869809,-0.003084958,-0.05813831,0.2438935,-0.3369242,-0.03793588,0.0714175,0.1407562,-0.3630977,0.3147102,-0.1044095,-0.04176048,0.2262548,0.1199365,0.05549553,-0.4570415,-0.3298161
-0.388272,-0.5256967,-0.06257723,-0.04354491,0.4515676,-1.245362,-0.4867543,0.1425552,-0.1868177,-0.4077165,0.2554761,-0.02397007,0.1601586,-0.4519113,-0.1647485,0.6053886,0.2720795,-0.5683537,0.4213344,-0.3702712,-0.2900544,-0.1691628,0.06007832,-0.4228086,0.2600456,-0.351981,-0.1751729,0.7859808,-0.4122206,0.1092001
0.4734297,-0.09404951,-0.01391488,0.1081389,-0.184285,0.1054991,0.08014498,0.7102101,0.3260202,-0.1576806,-0.03339034,-0.5961701,0.3708894,-0.6863393,-0.4337682,0.393558,-0.1474183,-0.3680385,-0.1457985,-0.04872999,0.05571467,0.0627492,0.03296255,-0.4163904,0.4634826,-0.1805849,0.3835469,0.03782042,-0.2958419,-0.08869221
-0.4391896,-0.4919006,0.001052312,0.2717623,0.07734025,0.08858389,-0.4693403,-0.0864169,0.2208022,-0.2383213,-0.03116651,-0.4906839,-0.1445386,-0.038973,-0.3896111,-0.4315889,0.1654875,0.1507986,-0.431677,0.04057735,0.1310626,-0.1779327,-0.7885157,0.4611953,-0.4095089,0.02033176,0.007077552,0.1050401,0.6858178,0.1651152
-0.005870081,0.4552685,0.1768965,-0.00183934,-0.01547651,-0.8000696,-0.002722323,-0.2971553,0.6923572,0.09681958,0.3091634,-0.03857214,-0.3021297,0.4682176,-0.2565916,0.02981788,0.3039395,0.3457,0.4232589,-0.3273976,0.3535873,-0.2121421,-0.2275721,0.0412101,-0.147713,0.3786567,-0.08975486,0.03131988,0.4372935,-0.3348488
-0.1816952,0.1613769,-0.2294589,0.5603121,-0.07553131,0.03282183,-0.04095368,-0.4221395,0.2009751,0.1517335,0.1514826,-0.3529912,0.01898427,-0.09206575,0.1182517,-0.4523767,-0.3473078,0.1927286,0.3575844,-0.07854149,0.4117333,0.4930044,0.08315665,-0.3000526,0.02277433,0.03803702,-0.1080575,-0.09472957,0.5350164,0.4794175
-0.04696904,-0.4234431,-0.01573616,0.2256902,0.1246332,-0.5212741,-0.05426258,0.0009047837,0.003814021,0.1083397,-0.07783026,-0.1487852,0.2787782,-0.4724432,0.6762264,-0.4633242,0.3735293,-0.4623393,0.009830485,-0.4837224,-0.3935967,0.4326913,-0.03169776,-0.2957692,0.0333355,-0.955399,0.2823497,-0.3716646,-1.19754,0.1730431
0.04062706,-0.4493414,-0.1851823,0.4429953,0.02368624,0.003345972,-0.01439989,0.2430919,-0.2184836,-0.0232974,-0.05563706,0.02783138,0.235197,0.5777366,-0.06328255,-0.6510502,-0.2343352,-0.1069792,-0.1391331,0.4589648,0.2924483,0.07284299,0.2767634,-0.181355,0.08777913,0.2229166,-0.2019999,0.002296489,-0.07229263,0.1046633
0.4202887,-0.06590325,-0.1006954,0.2024399,-0.2003345,-0.1125055,0.1035706,0.06962731,-0.382758,-0.4999747,0.1514357,-0.4293141,0.1222868,-0.01333533,-0.03379048,-0.02034777,0.06830496,-0.1252704,-0.1542354,0.1232165,-0.2201433,-0.2072566,-0.4939377,0.2759326,-0.09977412,-0.7237996,-0.4037466,-0.2101709,-0.4337021,-0.540972
-0.1288396,-0.07197421,-0.186708,-0.6338909,0.2900754,0.3885666,-0.6806229,0.1986976,0.0488413,-0.4054783,0.3355428,0.4900346,0.03828215,0.4070684,0.2264722,-0.06303786,-0.05588284,-0.14759,0.1334783,0.3428514,-0.2696112,0.382004,-0.1013111,-0.01065284,0.1727363,0.1656034,0.3559383,0.05317425,-0.05039269,0.402555
-0.0393706,0.03024417,0.08399451,0.09002555,0.4901781,0.1967969,0.4112145,-0.4748624,-0.371261,1.235758,0.2641061,-0.1440507,-0.06072778,-0.03831077,0.03206533,-0.03824633,0.2110449,-0.2306173,-0.165261,-0.1325899,-0.8223416,0.1329968,0.2324315,-0.4546559,0.1301044,0.1900141,0.156047,-0.1617202,0.3375076,0.4240607
0.007638744,0.001420647,0.1346677,-0.1846018,0.4257954,0.01639313,0.3389369,0.07376584,0.4824541,0.4455899,-0.03002562,0.4306266,0.256329,0.7217197,-0.0104666,-0.0001538472,-0.6581076,-0.4536341,0.9126945,0.09722529,-0.02538817,-0.4327489,-0.09650713,-0.2549546,-0.423673,-0.3242074,-0.08777648,0.09836584,0.1203227,-0.3061196
-0.0815938,-0.3510148,0.02212828,0.1031906,-0.23629,0.2338077,0.2593678,0.4059657,-0.02967125,0.6697354,0.05511924,0.4637092,-0.4164173,-0.3886664,0.4483626,0.1634997,0.1297438,-0.1779149,0.01217035,0.3246924,-0.134522,-0.497347,0.5149412,-0.4559624,-0.4669902,0.2255031,-0.3361143,-0.4841329,0.1103691,-0.08215751
0.2002224,-0.314954,-0.4765144,-0.148498,-0.5306927,0.2120572,-0.5828112,0.7320201,-0.001493483,0.1305641,0.156369,-0.4910342,0.159209,0.3933429,0.2013567,0.161095,0.07146102,-0.2842846,0.2708288,-0.4946302,0.006794042,-0.4121161,0.02953164,0.3464708,-0.6535088,0.3338504,-0.1987756,-0.2217883,-0.2554027,-0.0404399
0.2120178,-0.02297006,-0.2825882,-0.33352,-0.141562,0.2743709,-0.3881326,-0.1762513,-0.1779055,0.4754664,-0.3911297,-0.1661323,-0.09099215,0.07509011,-0.03320252,0.4836557,0.006268561,0.07432409,0.1787859,-0.4049077,-0.4394397,0.03136397,-0.1168852,-0.4647242,0.2404619,0.04087812,0.1748733,-0.4442123,0.2136228,0.4518572
0.004306355,-0.2433901,-0.1382116,0.4405122,0.2454331,-0.1654176,-0.1859868,0.07370013,0.1560403,0.1229298,0.2245896,0.4618753,0.01705949,-0.4738986,0.2541124,-0.03923939,0.9799593,-0.1636109,0.01809853,-0.4036416,-0.2506435,0.767022,-0.2879108,-0.2382358,-0.2396557,0.09087539,-0.3559941,-0.2226121,0.05630425,0.05187073
-0.1951909,-0.2641306,0.006153947,-0.05498594,-0.09511595,-0.2805139,0.005464556,0.3653071,-0.08250433,0.2494397,0.2950395,0.4191221,0.01374399,-0.03108218,0.275689,0.002786833,-0.0323351,0.07841831,0.123545,-0.03991665,0.2300368,-0.2539142,-0.0747959,-0.4808074,-0.4136213,-0.4201467,-0.1892793,-0.09742327,-0.0644692,-0.4040279
-0.03099719,0.07341274,0.041297,0.3023561,0.3122085,0.1388879,0.1857114,0.3908554,0.4832045,-0.04189928,-0.5598132,0.05708333,0.633153,-0.2695351,-0.6105954,-0.1505567,-0.003007673,-0.3261294,-0.4576263,-0.2560288,0.2077695,-0.1071841,0.6575394,-0.01939676,0.3970457,-0.1111514,0.6551325,-0.01655213,0.2535883,0.01274868
0.04020363,0.7716877,-0.3289921,-0.1662282,-0.1581933,0.3647551,-0.9874373,-0.0782997,-0.2635466,-0.468199,0.07009392,0.1418162,0.07306068,-0.1917698,-0.008842512,0.2645771,0.1364932,-0.5535204,0.4697152,0.2397632,0.08824511,0.1088471,-0.007975392,0.02269572,-0.4783624,-0.5113646,-0.1391546,-0.06250173,0.1538607,0.4214256
-0.3619539,0.04912608,-0.153819,0.05048438,-0.4348555,0.05543437,0.3086668,0.1129748,-0.4734412,-0.08819288,0.2318176,0.1158232,0.1435288,0.2640699,0.3590333,0.1428839,-0.1094531,-0.02100352,0.247529,-0.09488116,-0.1488,-0.03946353,-0.3433084,-0.1674162,0.4147407,-0.05453509,-0.3698119,-0.007909119,0.09384209,0.469298
0.1974627,-0.03475411,-0.2321178,0.4576938,-0.3550804,0.06911403,-0.1056296,0.1702311,0.4620124,-0.02278675,0.295954,0.4946293,-0.02511209,-0.313473,0.12375,0.04669099,-0.0811886,0.2057546,0.4618527,0.1404058,-0.0487133,-0.4547218,-0.4426067,0.06083924,-0.2541728,0.2470604,0.338231,-0.1499818,0.1502622,-0.205716
-1.320856,-0.5702936,-0.4487944,0.1382271,0.06062075,0.4373927,-0.07278506,0.072299,-0.1802846,0.00445748,0.2856032,-0.3769661,0.1340235,-0.06736392,-0.1741311,-0.03662247,1.035583,0.004165046,-0.1427914,-0.2619197,-0.9581113,0.2731123,-0.3404744,-0.2932298,-0.2887832,0.101924,0.008987224,0.2205786,-0.4038041,0.1115932
;
6.428528E-05,0.280092,-0.313983,-0.2277729,0.3336197,0.2329482,0.1375696,-0.4352377,0.1115397,-0.4164984,0.739461,0.04079049,0.4635832,0.318772,-0.526834,-0.04131126,0.05811617,0.1469836,-0.2961813,-0.4595462,0.7250453,-0.4579774,0.2190752,-0.07636665,-0.0127097,0.07651454,0.2027142,-0.1835636,0.1198582,0.005357565
-0.2647059,0.2878919,0.2697397,0.2222054,-0.4684467,0.07287651,0.04307717,-0.1903014,0.1885686,0.02433742,0.4339784,0.4305059,0.4794602,-0.1642615,0.01996404,-0.2848271,-0.4469939,-0.2313345,0.4230242,-0.3091185,0.1578055,0.002982933,-0.2066415,-0.5542069,0.3624978,-0.4174304,-0.2516174,-0.0005962672,0.2501328,-0.1689602
-0.462284,0.1672262,-0.2883151,-0.2073593,-0.4529673,-0.4439439,-0.003454943,-0.4172291,0.1788228,-0.1232918,-0.2784395,-0.0523258,-0.05172497,-0.201199,0.4611951,0.001726449,-0.03210324,1.197495,0.1944833,0.5574257,-0.1157632,0.00651437,0.01484855,0.2288395,0.006171526,0.2332162,-0.1315534,-0.3479474,-0.2549734,-0.1487454
;
-0.2552882
-0.3090857
-0.1190712
-0.2409088
0.02544992
0.2462741
0.4992169
-0.2041483
0.3084792
0.003945227
-0.5660763
-0.8139685
0.1668947
0.05686104
-0.07920033
0.01130608
-0.2835323
0.3430816
-0.0610829
-0.4045265
0.11168
0.3953562
-0.4529063
-0.006548272
0.2010522
0.8065842
0.1956242
0.1402703
0.2237819
0.4383755
;
0.03870551,-0.7738144,0.3058455,0.01810781,-0.09304919,0.4397303,-0.5941353,1.082738,-0.2505,0.5749517,-0.3664436,0.05150433,-0.06827991,-0.2184481,0.04358786,0.1321272,-0.9738536,0.6166064,0.2689486,-0.1738127,0.23253,0.3848809,0.7117949,0.1886989,0.09453863,-0.02545955,-0.1421494,0.05718822,0.05351859,-0.02881247
0.3682318,-0.4289814,0.321413,0.4231091,-0.5754985,0.1005316,-0.05270561,-0.1404011,-0.2704054,0.05498558,0.04618829,-0.7766665,0.1021211,0.3001491,0.2865839,-0.5427718,0.4163876,-0.5285298,0.009356439,0.4784535,-0.02294463,-0.1388737,0.5808389,0.0336954,-0.2502199,-0.1453297,-0.1623492,-0.1561136,-0.2488316,0.05510475
0.672143,-0.1002833,-0.2736743,-0.268995,-0.05911615,-0.485374,-0.3538455,-0.07253462,0.2769587,-0.445513,0.1816904,0.03975505,-0.3656065,-0.2359133,0.4020327,0.07213178,-0.8494491,0.3719795,-0.1569615,-0.07524509,-0.8470248,0.002163987,-0.2939975,-0.6833115,0.1135662,-0.2529212,-0.4334538,-0.001075958,0.07458176,-0.4202358
0.1512882,0.4155167,0.01277582,-0.005523338,-0.2174711,0.4294913,-0.07621554,0.1694147,0.08201151,0.3321329,-0.2050905,0.3747154,-0.2464801,0.2725655,-0.2530143,0.009696305,0.4227463,0.2048563,0.3815351,0.1525132,0.01673571,-0.4219394,0.1412622,0.073899,0.2229842,-0.06946892,0.3829659,-0.2007343,-0.09258217,-0.05068856
-0.5874572,0.6692281,0.04597793,0.3932101,0.3368472,-0.128509,-0.02965313,-0.001417924,-0.4210924,-0.5999728,-0.4592866,0.2448497,0.1125511,-0.005272031,-0.06434399,0.1882235,0.3567849,0.8191324,-0.4722416,-0.2816083,-0.199942,0.001601018,-0.0006899238,-0.08896594,-0.06546033,0.4075914,-0.006278783,-0.01036409,0.2473209,0.154331
0.007703404,-0.1215535,-0.3761084,0.3929847,0.1263067,0.2833301,0.3426306,-0.1292918,0.4389024,-0.4740342,0.7199725,0.05397466,-0.007647672,-0.1450913,0.1989995,-0.1587393,0.02475549,0.3526744,-0.7170142,0.418389,-0.04642562,-0.0846114,0.2911363,-0.08712872,-0.3451278,-0.07344526,0.288958,-0.3575392,-0.4104857,0.2271191
-0.3168738,0.1306372,-0.4518096,0.1988411,0.1965634,-0.02124393,-0.3683422,-0.5697454,0.140434,-0.3271747,-0.1135815,0.4012229,-0.004611254,-0.435073,0.02932344,-0.1082934,0.03383959,0.05600649,-0.4079486,0.09530924,0.2263188,0.4240505,-0.002633035,-0.9461749,0.2417946,0.3009615,0.02899703,-0.08258408,0.04460301,-0.4859559
0.04605978,-0.378305,0.4534889,0.6846797,-0.0873628,-0.4370856,-0.0833618,-0.2769043,-0.2827305,0.2415083,-0.4993115,0.1066084,-0.006837308,0.07387397,0.07142149,-0.3750306,0.1079367,0.3153863,0.4892151,-0.3293935,0.04648072,-0.6729532,-0.225559,0.056295,0.1402378,-0.1618061,-0.4246415,0.3781936,-0.009024859,-0.5188663
0.006893753,-0.2854204,-0.05652255,-0.03282665,0.4950442,-0.1655389,0.2178402,0.1534252,0.4343489,0.2941577,0.2007724,0.0215575,0.5254699,-1.956518E-05,-0.01227607,0.1688429,0.7731476,0.1981013,0.3369682,-0.06115109,-0.5326127,-0.1445562,0.1016736,0.1837172,0.1530049,-0.5338424,0.0607972,-0.2814784,-0.4376834,-0.1452548
0.2182392,0.135512,0.2280049,0.02489783,0.2091361,-0.4987689,-0.008221862,0.3652687,0.389431,-0.4526575,0.04129714,0.01328808,0.2552173,0.2116588,0.2150634,0.412121,-0.1394749,-0.1849163,0.4549366,-0.3265097,-0.2515489,-0.3533757,-0.3094022,-0.04210502,-0.4229444,0.1326877,0.8218059,-1.267738,-0.5721839,0.04451897
0.4702814,-0.02443304,-0.03703135,-0.2889074,0.4372511,-0.1305092,0.04406983,-0.3929194,-0.6499825,0.005722533,-0.1867094,0.001701366,-0.2776228,-0.0995937,0.09809798,-0.353118,0.394118,0.1492171,-0.469967,-0.006410496,-0.3392668,0.2800443,0.106997,-0.8358057,-0.004984796,0.09025139,-0.2290663,-0.2328592,0.02626563,-0.5191191
0.4513285,0.5273943,0.0002798961,-0.3610177,0.2179317,-0.2579027,-0.3282557,-0.4369375,-0.07691962,0.2947875,0.392329,-0.08524984,0.1562306,-1.078097,0.6037861,-0.4443584,0.1618272,-0.5442169,-0.04689816,0.2380391,-0.0887247,0.09848241,0.09338377,0.04278702,0.3631986,-0.06289512,-0.471864,-0.2418151,0.1404101,-0.00356031
-0.01868037,-0.01729643,0.4971412,0.4073246,0.5041054,0.1848341,0.1751212,-0.2384577,0.4629779,0.4118426,0.4913948,0.364023,0.5416003,-0.470974,0.373742,0.6156191,0.6876217,0.02596204,-0.02302283,0.1666081,0.1895127,-0.06802326,0.4473608,0.1950306,-0.2753788,-0.062105,0.2415362,-0.5336136,-0.3800904,0.1720213
-0.2354091,0.3006716,-0.6247061,0.4963417,-0.9396533,-0.1807617,0.04473614,0.4095875,0.1082137,-0.2223769,-0.1721649,0.3924881,0.3513361,-0.4602465,-0.0021938,0.462037,-0.1204133,0.1009252,0.4635414,-0.4533625,0.1358676,0.6601062,-0.152369,-0.03385073,0.4657552,-0.1790152,0.3870285,-0.2022251,-0.08592527,0.2499283
0.2385509,0.3455598,0.6501561,0.04367839,-0.3884009,0.2332947,-0.7141708,-0.1914642,0.1971259,-0.4095824,0.05930656,0.223888,-0.4841915,-0.2875139,-0.02425477,0.5167567,-0.2606523,-0.251122,-0.323577,-0.001254525,0.1867499,0.2985871,0.2679132,-0.3593276,-0.4988871,0.2749351,0.2141597,0.3607209,-0.4752766,-0.5382879
0.01327442,-0.3907595,0.310123,0.3555517,-0.002076237,-0.7703666,-0.2513353,-0.5162393,0.03440542,-0.3931602,0.5761914,0.01554341,-0.2495711,0.3213534,0.006134182,0.3513895,-0.03342042,-0.3280553,0.445096,-0.1828583,0.2821094,-0.4069053,-0.07159749,0.3503067,0.1150934,0.4262941,0.4419636,0.1268244,-0.4620272,0.3299335
-0.1327059,0.8199524,0.0722962,-0.1380846,0.1188762,-0.6144151,-0.3551674,0.06605073,-0.1831356,-0.3686438,0.1618883,-0.5121541,0.4169264,-0.02096339,-0.4621055,-0.005987122,-0.03039603,-0.5532262,-0.008653343,-0.003100781,0.1089404,-0.3006167,0.5655484,0.4245724,-0.0001528981,-0.7255493,0.001463592,0.08001822,-0.1339071,0.1869328
0.02537638,-0.2301395,-0.07361504,0.4997473,0.03083293,-0.1962608,0.03858593,0.02859608,-0.04249618,0.370433,0.0009216201,0.4260395,0.00159845,-0.3828874,-0.4289219,0.2134458,0.358176,0.2921125,-0.04693762,0.5096774,0.04235199,-0.2178819,-0.4851536,0.4667249,0.007432131,0.4215151,-0.4272668,0.1051596,-0.86683,-0.3964133
0.2333224,-0.2211706,0.3364102,-1.154621,-0.2163299,-0.4079989,0.1980053,0.2631842,0.1422431,-0.1435482,-0.1337343,-0.3686,0.1217775,-0.307935,-0.08907229,-0.4673505,-0.1309098,0.1259097,-0.09356527,-0.5972124,-0.1177073,0.06128067,0.01456922,0.01323233,-0.3658221,0.1821781,0.009489688,-0.4221677,-0.1644251,-0.2508895
0.2858195,0.344411,-0.3589883,-0.4805191,-0.06300159,-0.421152,0.1071836,0.02335512,-0.1453171,-0.3132346,0.43652,0.1402382,0.3443876,0.2605367,0.4142444,0.08806747,-0.04579511,-0.05793383,0.1228252,0.04891628,-0.2239296,0.1544719,0.3321903,-0.0007625222,-0.08417863,0.1302496,-0.1295209,0.005016081,0.006122281,-0.6633604
-0.09918433,-0.05567977,0.1196259,0.2369903,0.0357402,-0.1927653,0.2195298,0.4223547,-0.2293091,0.365678,-0.1284541,0.6451395,0.03779608,-0.08062992,-0.1576083,0.0005439486,0.03713087,0.3597691,0.3461806,-0.7567406,0.1029349,-0.06073147,-0.05527109,0.2288824,0.09281124,0.04435868,-0.02623821,-0.2177915,0.1965516,-0.01634859
0.02161762,-0.4983979,-0.420175,-0.1490127,0.4040729,-0.09939653,-0.4425231,0.2622526,-0.4569936,0.3806846,0.2739529,0.02535169,-0.00984011,0.7453612,0.1553608,0.7854599,0.09913377,0.04911827,-0.1054548,-0.2047968,0.1667655,0.5383725,-0.02360834,-0.4519951,0.008041164,0.2215913,0.1258119,-0.6466988,0.04229928,-0.05749991
0.01275164,0.0708892,0.03040638,-0.09938885,-0.07559985,0.3467726,0.3731796,-0.1500145,0.4034991,0.2237456,-0.06603706,-0.2037249,0.0853127,0.3088415,-0.2340152,-0.4120204,0.4597315,0.3121001,-0.4528604,0.3012509,-0.2004525,-0.4472136,-0.1451772,-0.3336259,0.2163279,0.3206063,0.4706405,0.2400523,0.00720357,0.1482312
0.3574709,0.05688469,0.2419446,-1.150798,0.2882238,0.07192732,0.32232,-0.001778543,0.0612269,-0.3277506,0.0581127,-0.09302884,-0.3088696,0.422938,-0.4699427,0.1026513,-0.1714576,0.458905,-0.156427,-0.2549947,-0.3982402,0.07429928,0.1163958,0.08325017,-0.3110516,0.6037236,0.7934133,0.3069457,-0.1073771,0.393283
0.4432456,-0.2842714,-0.2559922,-0.2023997,-0.106153,-0.3937289,-0.03195773,-0.4649878,0.03819209,-0.08611045,-0.2932736,-0.001200057,0.05039811,0.3438632,0.02385145,-0.3840679,0.07449013,0.4121714,0.1524615,0.2588513,0.2294861,-0.326245,0.4605711,-0.1675449,-0.2100125,-0.3064767,-0.3174236,0.04695898,0.2739675,0.4902456
-0.07477172,-0.3418692,0.3796083,0.0454511,0.0431357,0.3615752,-0.06333603,-0.1229106,-0.4949083,0.1556874,-0.1465124,0.909413,0.3934475,-0.4853382,-0.2137275,0.03195312,-0.1566487,-0.005257622,-0.2745055,0.622009,0.2101142,-0.4862786,-0.02469967,0.01064743,0.5238958,0.07685272,0.01464399,0.437327,-0.00304505,0.07794827
-0.2625724,-0.2174962,0.3294466,0.02969425,0.3189252,0.1068012,-0.01636576,-0.8907643,0.1151813,-0.3996814,-0.1220098,0.0940215,-0.4289346,-0.2231208,0.003796141,-0.4115132,0.08033127,0.3498964,0.0388712,-0.01938075,-0.1907802,0.009256736,-0.4970677,0.2559609,-0.05390318,0.06884569,-0.3286898,0.3929917,0.2244841,-0.2460509
0.03071266,0.02271463,0.004005291,-0.407933,-0.2399164,0.001374974,0.1352684,0.1390595,-0.3733001,-0.3455521,-0.2572434,0.01702195,0.3130924,0.2630429,0.207662,-0.005956046,0.4762025,0.1440828,0.3716186,0.2295727,-0.0382517,-0.1547151,0.5866064,-0.01131314,-0.8872573,0.04376537,0.01843793,-0.264222,0.9656839,0.06889278
0.4665339,0.2151328,0.06329288,0.0187333,-0.01585568,0.2412201,-0.04260473,-0.4512066,-0.542345,0.02918118,-0.37501,-0.2302454,-0.3297923,-0.01761185,-1.052035,-0.2668933,-0.3770549,0.3142023,-0.4154985,-0.1643822,-0.2791884,0.431541,-0.07925753,-4.971937E-05,0.1809575,0.06182619,0.8454724,-0.1306663,0.3773246,-0.02890264
-0.3073548,0.2661701,0.4603462,0.2008811,0.4774897,0.1381273,-0.4330138,0.8861493,-0.2618718,-0.1917369,-0.2102709,0.8104328,0.02913792,0.1282229,0.05861421,0.7617337,0.2731788,0.08013223,0.5615101,-0.4037756,0.02010878,0.3583456,-0.07390429,-0.04182603,-0.9107358,0.08379566,0.06240676,-0.1436404,-0.7712202,-0.2563353
;
-0.4993552,0.07224356,0.02766431,-0.06694287,-0.00454584,0.2989319,-0.2636806,0.3651589,0.00797091,-0.2222422,-0.0072977,0.05672687,0.03154504,0.08473911,0.05903476,0.006401528,0.1538358,0.1727933,-0.4351433,-0.5729131,0.1206402,-0.4214231,-0.04124613,-0.2197051,0.377964,0.007566434,0.3391281,0.385439,0.119738,-0.06770462
0.1179635,0.03859809,-0.03153545,-0.1586313,0.2057805,-0.3394269,-0.3414583,-0.2164821,0.0249833,0.2562481,-0.07449335,-0.3988957,-0.01523475,-0.06190878,-0.4985391,0.005287826,0.165577,-0.03250529,-0.3527082,0.3346332,0.1402724,-0.00287205,-0.09220523,-0.06382821,0.2942109,0.2604125,-0.06112391,-0.4583629,-1.140738,0.09949106
-0.1516788,-0.3491811,0.01082032,-0.2836881,-0.09771843,0.2681482,0.3099052,-0.07854851,0.152944,0.1666517,0.1076514,-0.263748,1.031291,0.1645827,-0.2220759,-0.4990443,-0.1304005,0.1453686,-0.2526903,-0.02517798,-0.2965047,0.2422874,0.5825784,-0.4491959,-0.5095328,-0.4189309,0.01320141,-0.1233516,-0.2503363,-0.02108723
;
