-0.2928678
1.272197
-0.1550719
0.07919844
0.08889395
-0.4071704
0.136528
-0.2639849
0.04854941
0.3621855
;
-0.8513871,-0.4384421,-0.01860923,-0.3107193,-0.0878889,-0.0006869792,0.4412053,-0.7708091,-0.03563154,0.07156616
0.1046106,0.1818582,-0.3363178,-0.4890803,0.01668816,-0.006582293,-0.3292601,-0.0005245341,0.1525512,0.04769164
0.08647942,0.03830463,-0.3665471,-0.01773055,-0.5198544,-0.1440346,-0.2100147,-0.001297891,-0.2889956,0.9251808
-0.001159814,2.374573E-05,0.3332224,0.244142,-1.175543E-05,-0.06795072,0.4402597,-2.823691E-06,0.3810196,-0.5825039
0.02704367,0.05896383,-0.2288269,0.03301259,-0.2828591,0.004662958,0.004836577,0.1263213,0.2845418,0.09244954
-0.0205163,0.1946995,-0.08177782,0.4636415,-0.0004859704,-0.1176178,-0.009545889,-0.000467224,-0.02333342,0.04830271
-0.1351379,0.4055868,-0.08836657,0.01888096,-0.04537132,0.1974494,-0.0637632,-0.1452137,-0.08823906,-0.03795844
-0.1038833,-0.3923516,-0.2971886,-0.3338372,-0.303753,-0.478888,-0.9777871,0.1546272,1.215259,-0.4823067
-0.03647104,0.000730198,0.2864929,0.3473756,-0.5226507,-0.3415115,0.320726,-0.01473428,0.05001003,0.04754167
-0.05956703,0.3926809,-0.3682092,-0.0173314,0.21794,-0.01666445,-0.8296095,-0.09482387,0.2277107,0.3556097
;
-1.208643,-0.1435305,-0.1425957,0.003748123,0.1902009,-0.44911,-0.2239394,0.4003237,0.0189623,0.4340218
1.329589,-0.0008224292,0.004100364,0.1322632,0.1373767,-0.02371611,0.0610853,-0.01643457,0.3284236,-0.008894208
;
0.126455
-0.09081608
0.09865922
-0.2244464
0.1152847
-0.003321747
-0.1055808
-0.05915374
0.06140251
-0.02060002
;
-0.6941156,-0.3479069,0.008812553,-0.0006850106,-0.469525,0.3210119,-1.349397,-0.3696988,-0.04546669,-0.1067458
0.07030183,-0.4642687,0.1964374,0.01165277,-0.1068721,0.01331456,-0.3650845,0.3139549,0.3551919,-0.007920206
0.4708329,0.08250386,-0.2537767,-0.01419429,-0.1599701,0.2562634,-0.3550573,-0.08974499,0.1063706,-0.1082232
0.006106952,-0.007469227,-0.4604888,0.002926538,0.3076237,-0.09397286,0.4028007,-0.03548497,-0.09625643,-0.09373182
-0.2610141,-0.1368776,-0.0062545,0.3113039,-0.1507161,0.3779227,0.1685554,-0.3949133,-0.141473,-0.04139099
-0.1906684,0.2318209,-0.2601385,-0.1093783,0.3526533,0.1060774,0.0006443045,0.5961963,0.01093006,0.05310912
0.565153,0.08085778,-0.4309878,-0.001154796,-0.2629966,-0.02654886,1.309655,-0.4200779,0.04298371,0.2373367
-2.138625,-0.03184992,0.5963941,0.5102462,0.1303362,-0.3774,-0.683142,0.009238109,-0.04656108,0.03222686
0.6271914,-0.2662566,-0.4898835,-0.8487035,0.01008646,0.4649997,-0.4328047,-0.3177414,0.07838389,-0.8497286
-0.02637649,0.3560762,-0.007350476,-0.339902,0.1859417,0.2110722,0.06471688,0.441504,-0.005846861,0.3449125
;
0.06759959,0.1568444,-0.3137728,-0.09825188,-0.04397159,-0.00415335,0.001511881,0.3961478,0.4544295,0.1596275
-0.1205217,-0.009223728,-0.3522553,-0.1809918,-0.2952937,-0.1008395,0.04868822,-0.002242988,-0.0004295384,-0.06277276
-0.3885555,0.009133533,0.2473205,0.4550362,-0.5599577,0.4860849,0.008762244,0.01481265,0.7419078,0.7511683
;
