0.2586278
0.1605196
-0.009724096
-0.1682013
0.3424842
-0.4165138
-0.29264
-0.1330983
0.341646
-0.3116848
;
-0.5233796,0.08601615,0.7536152,-0.4295456,-0.01189391,0.3206944,0.9318286,-0.7239531,-0.7145689,-0.6102195
-0.2939214,-0.005214966,0.4322248,0.4197257,-0.2547822,0.1750653,-0.2268216,-0.5854592,0.142308,0.1968284
-0.41166,-0.2925853,0.3883545,-0.009513006,0.04630762,-0.05505706,0.3722581,0.5828621,-0.09446834,-0.3352945
0.08875708,-0.05590277,0.553692,0.1304031,-0.1946569,0.02250077,-0.003735095,-0.09540325,0.05749613,-0.1267462
-0.5099205,0.2612392,0.6494367,-0.1346886,-0.3159016,-0.08784827,0.1054761,0.3392823,0.1919578,0.3376191
-0.0009313217,1.305102,-0.3142338,0.02679355,-0.2926474,-0.2135415,-0.1634355,-0.06449705,-0.1861214,-0.2065009
0.1897617,0.08466524,0.2818248,-0.2851971,-0.1518664,0.4744596,-0.2542548,-0.00572732,0.06334215,-0.6008991
-0.4564778,0.002357197,0.5361151,0.1168346,-0.216155,-0.00449415,0.03895627,-0.002279788,0.008507669,0.3448815
-0.6103606,0.2536621,-0.1507043,0.04143509,0.02866975,-0.04146471,0.02905256,0.01355158,0.4775907,0.3898661
-0.1592927,0.01226634,0.02661219,0.4460003,-0.5184109,-0.1576751,-0.228533,-0.1809414,-0.01561707,0.1492388
;
-0.0008100851,0.002534568,-0.2773753,0.0004749963,-0.01186616,-0.06772142,-0.01113259,-0.02944726,-0.4961349,-0.4168998
0.03903565,-0.2765691,0.01430348,-0.09073987,-0.1074726,0.9266242,-0.03495195,0.02128655,0.013776,0.01533836
;
-0.01606106
0.780682
0.1780252
0.1099646
0.08707646
0.1879451
-0.3550149
-0.08132751
-0.3431782
-0.02133068
;
-0.1350506,0.09122614,-0.1864607,0.3537486,-0.3812981,-0.4809841,0.353043,-0.3286998,0.08854402,-0.3347639
0.1228614,0.09728391,0.06451014,0.6641551,-0.05463737,0.485721,-0.9185148,-0.3951502,0.08998626,-0.03773624
0.06069503,0.1595232,0.3098258,0.6693822,-0.2784401,0.4924002,0.1336084,0.1373869,0.2343967,-0.6524592
-0.0004748879,-0.08969248,-0.09097785,0.03062321,0.002743879,0.2519508,-0.4753835,0.4670319,0.3200719,0.07361406
0.2789392,0.2726026,0.07210237,1.510738,0.02587861,-0.1278034,0.07407993,-0.3286543,-0.1520999,-0.009544395
-0.1368707,0.2042257,-0.002658597,0.09403102,-0.04275186,-0.04939915,-5.105482E-05,-0.1515902,0.04539806,-0.5641452
-0.2394054,-0.01416241,-0.000380658,-0.2151321,-0.2510765,-0.4220332,-0.1814067,-0.1277946,-0.2708664,-0.000198963
-0.3320963,-0.03085444,-0.4036767,0.09843558,-0.4223076,-0.2340707,0.7522261,-0.005427017,0.02220851,0.2783227
-0.06319059,-0.0232158,-0.5338926,0.002633893,0.00134885,0.2576852,0.0009478615,-0.2268211,-0.6334732,-0.2132992
-0.4042737,-0.4401745,0.1359624,0.4049855,-1.733238E-05,0.09528068,-0.02191919,0.1407226,-0.06206238,0.2633264
;
0.5568205,-0.0005444774,-0.3638913,-0.01035114,-0.1291152,0.04012445,0.09207278,0.1282581,-0.07898389,-0.08153726
-0.09506553,0.5968326,0.4791646,0.01936591,0.007568341,-0.08788947,0.05650573,0.4190219,-0.2064983,-0.3085469
-0.2720853,-0.04227728,-0.2822921,-0.1653028,-0.177218,-0.05321962,-0.2954599,0.07897812,-0.1753161,-0.1314058
;
