0.09492868
-0.194536
-0.3702317
0.2710239
0.0005453064
0.003744291
-0.3446153
0.4602084
-0.5072166
-0.2683346
;
0.2971291,0.13221,0.04806147,0.4574392,-0.2897815,0.03661149,-0.04278897,0.008508249,0.1190524,-0.3863465
-0.7434881,-0.4716212,0.7117726,-0.02401043,0.7592686,-0.03564638,-0.2993432,0.1281702,-0.2483247,0.5286411
-0.1913427,0.02686272,-0.3052208,0.1014418,-0.05935539,0.01474287,0.03205699,-0.4776112,0.2876081,0.05071064
-0.003102679,-0.6879859,-0.4507265,0.2122005,0.6470737,0.02881177,-4.824977E-06,-0.01724548,0.001191928,0.07552739
-0.6222382,0.1760079,1.558548,-0.3164535,-0.03618342,-0.09127992,0.03581136,-0.3440689,-0.1083098,-0.006949707
0.333943,0.4731559,0.2144605,0.03875747,0.1265718,0.074093,0.8455687,0.3129232,-0.1377844,0.379192
0.02241639,-0.9338078,-0.009692817,4.813802,0.3152187,0.4335027,0.5245151,-0.3714554,-0.3370827,0.5988355
0.01165229,0.4519219,0.04743239,0.001494558,-0.2366646,0.03762452,-0.005012838,0.01477812,-0.002708673,-0.06266516
0.237117,-0.3832645,-2.379534E-05,0.09722152,0.2926347,0.05050987,-0.3064231,0.01229566,-0.4295453,-0.008107184
0.001445215,0.2026289,-0.002050762,0.1540359,-0.2281964,0.2785728,-0.2363376,-0.1383541,-0.09801693,0.2334682
;
-1.304145E-05,0.04883798,0.002103175,0.1370111,-0.008569583,-0.2174204,0.3785754,0.003450635,0.264989,-0.008718519
2.482165E-08,0.08310801,0.3611263,0.05731374,-0.2540301,0.04384195,0.0310502,0.04079677,0.1195782,-0.0002676417
;
-0.004746642
0.9066723
-0.2451077
-0.1285667
-0.406635
0.009522578
-0.0157137
0.1788686
-0.234556
0.1167634
;
0.03464931,-0.09482653,-0.2811052,1.165905,-0.04895818,0.1719039,-0.01785587,0.4818796,-0.04777585,0.01648742
-0.1169194,0.3535694,-0.002628677,0.1763619,-0.2790642,-0.2909018,0.3703802,-0.1983709,0.1228088,-0.4201751
0.2219684,-0.3374349,-0.003870874,-0.02705101,0.1178655,-0.2799083,0.1741244,-0.03721132,0.1074201,0.21194
0.05738765,-0.4175245,-0.7061388,-0.07062993,-0.1761895,0.0297758,-0.3380886,-0.0003258883,0.1178452,-0.005239021
0.1761383,0.2040311,0.5999941,0.4537951,-0.09315009,0.1258814,-0.04548053,-0.0269174,-0.2047712,0.1524522
0.3750561,-0.2574131,-0.001116863,-0.215911,-0.3714792,-0.1410751,0.006212494,-0.01024174,-0.07276219,-0.7785487
-0.171086,-0.00998913,-0.0003579798,0.0004947597,1.247857,-0.9715545,-0.1740007,-0.1851185,0.2291115,0.4001608
0.6366895,-0.02521444,0.03446406,-0.01096708,-0.1123235,0.3089082,0.3990146,0.03958768,0.2596192,0.0004841277
-0.13336,-0.3799615,-0.2080591,0.01285191,-0.05814871,0.07893164,-0.4316227,0.2485555,1.230253,0.07037366
-1.066212,-0.0877889,-0.003017729,0.03666596,0.2410178,0.03875297,-0.02655113,-0.1968357,-0.2546233,0.2973861
;
0.760078,0.02223556,0.4165972,0.06175175,0.02848932,0.1964572,-0.5963972,0.007183027,0.04425949,-0.4788285
-0.6104859,0.3421043,0.3901636,0.3010755,0.190062,-0.4226691,-0.1798743,0.2463497,-0.2567886,0.461598
-0.3102489,0.05095892,-0.4309288,0.02715,0.6425257,0.1017824,0.1390253,0.2227197,-0.149927,-0.1951005
;
0.07617062
0.06682985
-0.3134957
0.0009527701
1.275989E-07
0.1844123
-0.2164264
-0.2656268
0.02952576
-0.1275559
1.510269
0.3588369
-0.2746931
0.0001417634
0.001261005
-0.00374154
0.008214102
-0.1965386
-0.1074573
-0.00478494
-1.13161
0.03173766
0.2194047
-0.01305319
0.07054114
-0.03638164
0.5631481
-0.1666521
-0.3313899
-0.4359727
;
0.4656594,0.1203302,-0.6467511,-0.1578794,0.2319563,0.1330035,0.001649473,-0.04116558,0.4233202,0.4166786,-0.2891456,0.2079279,-0.07073526,0.263505,1.661276,0.1666968,-0.3618356,-0.04527304,0.005796747,0.5516236,0.01598215,0.4151577,0.1089684,0.1780585,0.1549802,-0.004387697,0.2609377,0.004785877,-0.3828589,-0.3170558
0.309538,-0.08424208,0.09423339,0.08467386,-0.002049517,-0.1460589,0.1739021,-0.04326638,0.005914032,0.1850458,-0.1486248,0.1752152,0.0577123,0.1315888,-0.01659855,-0.1098747,-0.3989345,-0.2435593,0.3760666,0.06419778,-0.2804229,0.04352401,0.0255686,0.1015561,0.03123765,-0.08400302,-0.3340983,0.06064177,-0.006083061,0.06755508
0.2227919,-0.300118,-0.3586441,0.09699991,-0.01459164,-0.9135053,0.1453636,-0.07293154,-0.02154858,-0.4449139,-0.1904729,-0.2676378,0.2157039,0.1173951,0.3197477,0.1673426,-0.03233358,-0.009810499,-0.8412223,0.2431154,-0.008085773,-0.1142762,-0.1144231,0.04052427,-0.08711201,0.300281,-0.1334055,0.1408326,0.2263955,-0.6141001
0.132763,0.06610503,0.03807918,-0.000101187,0.03406128,0.6051235,0.3544282,-0.6562525,-0.08382399,-0.1422464,-0.05231307,0.02752944,0.1006108,0.01475717,0.3212839,-0.4002676,0.07659756,0.01111704,0.8823711,-0.2256487,-0.2687857,0.05776948,0.03324788,-0.181111,-0.0380882,-0.004693907,-0.3223007,-0.3419119,-0.6154934,-0.1049688
0.005657576,0.3252631,0.3955215,0.0004030466,0.1709701,0.0004894054,-0.3207991,-0.03031581,-0.0928497,0.3200156,-0.03591947,-0.2114102,1.264836,-0.0164755,-0.3410863,0.0009740824,0.03335473,-0.1260414,-0.3204432,-0.09183828,-0.419675,0.3329844,-0.1770249,0.03711751,-0.5853971,-0.2718372,0.2772027,-0.3101344,0.1186418,-0.002621515
1.076027,0.102489,0.1719965,0.1679909,-0.4409355,0.08776835,0.3161187,0.01620952,-0.08615643,-0.3249902,0.4401871,1.510728,0.05885345,0.1854524,-0.7188675,0.1374884,-0.300491,-0.332235,-0.08750507,-0.2310018,-0.4785012,0.05369288,0.04752316,0.2281582,-0.3059008,-0.1060764,-0.1239032,0.01873025,-0.01887107,0.4990503
0.01865387,-0.08905283,0.06467809,0.4663595,0.1386718,-0.7031066,0.1988658,-0.001897366,0.4221957,-0.1383199,-0.4669645,0.8679301,0.08728034,0.1967529,-0.04058467,0.240438,0.04066259,0.4239211,-0.3790833,-0.4440491,0.05524375,0.1166014,0.3218069,-0.2209436,-0.215618,0.01011607,-0.04581341,0.4694493,-0.03996819,-0.00156858
-0.09150683,-0.07372431,0.4405463,-0.09276179,0.4252586,0.3877912,0.4364024,0.3566906,0.003720156,0.1366945,-0.09086659,0.4833431,-0.5696752,0.02360456,-0.03265236,0.626418,0.6487959,0.01380515,-0.009758793,0.04844727,-0.06086594,-0.4453817,0.7619649,-0.001090211,-0.02950276,-0.3284841,0.2448951,-0.08751971,-0.2409403,-0.1894135
0.08570868,0.2535627,0.8605213,-1.683258,-0.2664655,0.06158254,-0.1764269,-0.3190489,0.05900479,0.1236792,-0.0844696,0.04738589,0.3988892,-0.06141946,0.6192023,0.306154,-0.0813629,-0.03244,0.01291355,-0.4421887,-0.282113,-0.2716862,0.01518053,-0.04264188,0.5054373,-0.04978266,-0.2427711,-0.3262123,0.1938021,-0.4693603
-0.3584627,0.02018546,-0.8182961,0.01172903,0.3992851,0.4812267,-0.00307333,0.1778154,-1.572344E-05,-0.3323429,0.3413165,-0.2106398,-0.06810981,-0.1296677,0.1392674,0.03121116,0.3186556,-0.02931407,0.3211421,-0.1981955,-0.1703509,0.2675264,0.001960428,-0.1339242,-0.01835376,-0.07819056,0.03211677,-0.3438361,-0.2090352,0.3999759
-0.02171041,0.07932148,-0.5973156,0.2671053,-0.02167298,-0.007382635,0.005285757,0.5688692,0.01472864,1.038848,0.6407778,0.07885102,0.393217,0.03048423,0.001864619,-0.7378759,0.1159403,0.01071456,-0.3926802,-0.02131945,-0.1316086,-0.4269956,-0.2923843,0.04415107,-0.1291112,-0.2882382,-0.0656888,-0.1340409,0.5361055,-0.007471513
0.04350411,7.922095E-05,-0.1157487,-0.1943536,0.2189363,-0.04235912,0.006411548,0.1063337,-0.2050347,0.03261276,0.1261115,0.04126753,-0.001968466,0.05821602,-0.1020921,0.932758,0.2461637,0.06909826,0.2202251,-0.2118217,-0.06305177,0.231118,-0.2137667,-0.146738,-0.3273692,0.003594252,-0.3559057,-0.2725636,-0.03888673,0.1755366
0.4014369,0.001612184,0.4704483,-0.01444453,-0.2986283,0.7453567,-0.1618906,-0.1387056,0.1307481,0.09578222,-0.001979174,-0.3368529,-0.0001714026,-0.08561196,0.1937669,-0.1009137,-0.8137652,0.4322714,-0.3817881,-0.002528738,-0.2376267,-0.05931361,0.4358951,-0.4103703,-0.1392432,0.0003998784,0.3768777,-0.2343396,-0.4372269,-0.2217773
-0.4829028,-0.01560309,-0.01959286,-0.1794655,-0.1699472,0.002219805,0.1247859,-0.3149685,-0.08228129,0.2253389,-0.000901131,-0.1456439,0.007990183,0.2065735,-0.0003505262,-8.78494E-05,0.05840064,-0.4023547,0.4922512,0.8240222,-0.4786745,1.458801,-0.3339757,0.01864819,-0.01526573,-0.0591828,-0.05080541,-0.3729149,0.007893536,0.07768641
-0.2117683,0.8231885,0.009100878,0.4375793,-0.03233583,0.2045867,-0.2793045,0.4531686,0.3494953,-0.03688835,-0.2934447,0.2550029,0.0774606,0.02872204,0.1151827,0.06063053,-0.002953159,-0.442672,0.0316121,0.1890222,-0.1057046,-0.06750764,0.01144518,-0.3717852,0.8995916,0.1587816,-0.1694191,0.7122406,-0.2198103,-0.01339412
0.09280423,0.2934887,-0.02382229,-0.0974163,0.1484608,0.2504545,0.0383784,0.3031648,0.6424191,-0.1132651,-0.006382012,1.134514,0.3578327,0.1596426,-0.1615904,0.002752258,0.2498212,0.2152761,0.07808566,-0.08285031,-0.005259291,-0.6954982,-0.4502437,0.05441131,-0.4685726,0.04246036,-0.4040907,-0.2637479,0.03781902,0.04605731
0.6980847,-0.3683521,-0.02867285,0.2522388,0.1547662,0.3149427,0.08445118,0.02630155,-0.3954551,-0.3966246,-0.527451,0.2854795,0.08454355,0.3293692,-0.5433919,0.2251276,-0.01758472,0.1500427,-0.3697299,0.4956382,1.589684,-0.6091063,-0.1891697,0.03879509,-0.4680613,-1.167244,-2.45458,0.0002895068,0.2524091,0.09371501
0.02499798,0.2109381,0.1116336,-0.7348279,-0.04342836,0.4279265,-0.003519716,-0.470202,0.01645561,0.294754,-0.03651483,-0.006239629,-0.4250406,-0.4872283,0.2162541,-0.005571058,-0.4312175,0.05125099,0.07975036,-0.310339,0.4971878,0.4544987,0.4239644,0.1031769,-0.01287208,-0.3800825,0.2922901,0.07508457,0.380778,0.4570056
-0.3045093,-0.2236115,0.0001064395,0.100675,-0.05102478,0.01688156,-0.01408801,-0.06197673,0.4336393,0.04255718,0.12609,-0.1233346,0.0377836,-0.07164794,-0.0009426692,-0.1445951,-0.3487617,0.5553497,0.06484926,0.3896724,0.4195472,-0.3015385,0.01234152,-0.0661261,0.03873122,0.1528895,0.3368073,0.162217,-0.5095426,0.05323603
0.332867,-0.6729463,0.374699,0.2820543,-0.0002728628,0.08143252,-9.654232E-05,0.09515733,0.2238859,-0.07136945,0.01082995,-0.1183613,0.5627666,0.04984597,0.8055621,0.052359,0.08003347,-0.4190803,-0.3933021,0.318174,0.01347131,-0.1140326,-0.2008042,0.3248295,0.4663972,0.2578126,0.01847868,-0.2818986,-0.4922794,0.1257955
1.047877,-0.2898469,-0.08988899,0.06724589,-0.3097771,0.2192411,0.2471739,-0.4901961,0.5541494,-0.4412113,-0.3338298,-0.03864986,0.09287447,0.2489503,-0.8073736,-0.04657944,0.2300765,0.06360191,-0.2090065,-0.3688273,0.01476177,-0.05106413,0.2652186,-0.3122357,0.03356797,0.07826382,-0.1900474,0.497093,-0.001885679,-0.07468802
0.07398381,-0.006145149,-0.001636583,0.2940013,-0.4568301,0.4903946,0.07585668,-0.3735074,-0.007370248,-0.3646243,0.4602679,-8.600314E-05,0.00420342,0.5292755,0.2907777,-0.3925231,0.02118719,-0.2040955,-0.02346605,0.1591984,-0.2536175,0.01249025,-0.2392716,-0.471177,-0.001853102,-1.316862,0.1500814,0.04921185,-0.4549426,0.8646246
-0.4848643,-0.7871931,0.6026769,0.3936386,1.200158,0.5234136,-0.3111396,0.4160597,0.1591609,0.02627782,0.3914274,0.2683476,-0.4772288,-0.7196205,-0.05424489,-0.4642798,0.312823,-0.00322675,-0.01753979,-0.1316479,-0.5961882,0.1459951,0.001096289,0.06537062,-0.2167262,-0.05974108,0.1369928,-0.7848206,-0.04921347,-0.02796243
0.2355862,0.003782865,-0.3369277,-0.2483014,0.08321244,-0.4309635,0.2938967,0.119,0.01350576,0.1434519,0.01545973,-0.1792977,0.00994784,0.9510292,-0.1821599,0.5583641,0.3084735,-0.00562029,0.3830065,-0.4664797,0.4375582,-0.1307072,-0.06046307,0.01985858,-0.03969777,-0.06159876,0.4739428,-0.002074706,-0.3222046,0.3078967
0.03635496,0.3359685,0.1824597,-0.07541889,-0.3066652,-0.2242365,-0.05835614,0.4951631,-0.3855305,-0.478737,-0.0251389,-0.05473976,-0.1904805,-0.3738829,0.3993943,0.2452742,-0.1494434,0.01128549,-0.1423099,-0.19977,-0.0093796,-0.01089925,0.1122642,0.2228588,0.872268,-0.05604523,0.2364843,-0.02251887,-0.07290424,-0.001960493
9.647899E-05,-0.4260079,0.324531,-0.2694377,0.3713275,-0.03652325,-0.1014527,0.072338,-0.06894793,0.3222246,-0.0002502476,0.08075578,0.0004228606,2.961306,0.2253659,0.2365479,0.4070465,-0.02742118,-0.2927075,0.09080881,-0.05216039,0.02811474,-0.1770458,-0.4794117,-0.000392056,0.1313028,-0.1307431,0.02655241,-0.6119844,0.2573152
-0.3618162,-0.3712647,0.1890555,0.008436278,0.02407187,0.09029692,-0.09877762,-0.2154348,-0.794228,0.3992995,-0.03010995,-0.2496212,-0.3501863,-0.07946616,0.1496689,0.0005540234,0.001446794,-0.3632528,-0.24688,-0.0302108,0.01170798,-0.3440193,-0.02912186,0.05283514,0.21646,0.1962575,0.535243,-0.3668914,-0.2752088,0.0379948
-0.6789048,0.3742906,0.02689957,0.3291621,0.4966028,0.2533542,0.1131678,0.1135809,0.2951726,-0.09610483,-0.03794843,0.03259641,-0.3780965,0.02292744,2.718172E-06,0.3927405,-0.211059,0.1695187,-0.005754249,0.3205191,0.1261426,0.5569539,0.130412,0.3587509,0.2895193,-0.2726361,-0.3556992,-0.181138,0.02027761,-0.1793695
0.1005837,-0.5162416,0.1846896,-0.0002598554,0.2934597,-0.1558721,0.04326189,-0.8137205,-0.1043775,-0.06316821,-7.979529E-07,0.1270346,0.2557222,-0.05072254,-0.4170609,-0.6851168,-0.4807092,-0.1352809,0.3474869,0.06237423,-0.02849553,-0.4423431,-0.006953058,0.1758244,-0.007446072,-0.01095365,0.08191793,-0.1121869,0.3440809,-0.1339146
0.3137307,0.3561392,-0.2946876,0.1804441,0.05670696,-0.05565504,0.1099704,-0.1108362,-0.1184888,0.4857407,-0.01017958,0.5814818,-0.4096558,-0.4617643,-0.006420789,-0.08864063,-0.420601,0.06095022,0.1544787,0.02603716,0.3336645,-0.08557504,0.0007504402,-0.1954666,-0.2889865,-0.06316715,0.2905505,-0.003727495,-0.04808369,-0.06584928
;
0.4138278,0.3203415,0.4876109,0.04932362,-0.1642513,0.2672931,0.3839592,0.3941523,-0.5804704,0.1560611,0.1489858,-0.2463889,-0.2445431,0.01931445,-0.4506195,0.09459872,-0.1295243,-0.435908,0.214412,0.06280138,-0.4626037,-0.4840863,-0.0466747,0.0376139,0.2908478,0.5804677,-0.2792571,0.01886932,0.0300156,0.2281121
-0.5114993,-0.06553949,0.3032126,-0.05378824,0.1392996,-0.00248455,-0.1746133,-0.2406403,-0.118754,0.4956723,0.2795804,0.06416704,0.4566737,-0.3632276,-0.09313601,0.4065541,0.06898415,0.162157,-0.08530162,0.04824859,-0.05228027,0.118023,0.3169683,-0.0596233,0.3511257,-0.3739406,0.1922836,0.002567453,-0.1892741,-0.1779299
0.2934808,0.1035554,0.1696408,-0.4525745,-0.2641015,0.1709053,0.2122069,-0.04595071,0.4302382,0.06893128,-0.0003703237,-0.117297,0.3380477,-0.009636048,0.3337953,-0.07497574,0.5074367,0.6965758,-0.1729811,0.006110696,0.3634559,-0.2424303,-0.07087952,0.254747,-0.07880069,0.07388455,-0.22764,0.1003712,0.8944498,0.3352408
;
