0.3292172
-0.3223584
-0.2820288
-0.1712874
0.001537845
-0.1109261
-0.1820232
0.01692663
0.04322305
0.6487693
;
-0.4985564,-0.3877386,-0.03368479,-0.08545727,-0.2935627,-0.03723254,0.1211134,-0.1080804,0.3593072,-0.2092185
-0.1081981,0.306394,0.1569212,-0.1199889,0.1940235,0.1869773,-0.01218649,0.2229035,-0.009153898,-0.2155333
0.001565091,-0.09872265,0.3029616,0.1267409,0.1883752,0.639544,-2.371294E-08,-0.4931829,-0.3953934,0.3923104
-0.7042783,0.414582,2.20674E-05,-0.3646538,0.44848,-0.143788,-0.009728492,0.4801898,0.2484144,0.1853872
-0.01638199,0.07472305,-0.2880691,0.08607894,-0.1897647,0.03459391,-0.0003264666,0.0373252,-0.05474042,0.3095608
0.002119369,0.02930999,0.4621111,0.2360208,-0.562908,0.03285773,0.4097363,-0.09403902,-0.3948121,-0.1690229
0.3705512,0.01615924,1.159119,0.56047,0.4633512,-0.4292397,-1.212466,0.3617313,-0.0593149,0.07729747
0.04947585,-0.2280284,-0.1846819,-0.426561,0.0003425617,-0.1649168,0.1099159,0.1369102,0.001391285,-0.07077134
0.03059334,-0.6645225,0.07332368,0.4249816,0.403202,-0.7664073,1.809235,-0.03335672,0.08300573,-0.4084513
0.009180302,-0.04935331,-0.009170913,-0.3501696,0.8105426,0.05264207,0.4288963,-0.3070415,-0.05783552,0.1758051
;
-0.0880901,0.06341902,0.14125,-0.1448923,0.2461841,-0.1500559,-0.2447593,0.003077997,-0.2018371,-0.0295559
-5.339963E-07,-0.01118416,0.4184465,0.1961341,-0.3172438,0.252514,0.4593889,-0.04551858,-0.01692905,0.1579784
;
-0.004746642
0.02079603
0.04670446
0.1243171
-0.1764997
-0.006218668
0.01992245
-0.04198097
-0.0004218971
0.009511391
;
-0.4692377,-0.2536004,-0.3885678,-0.2384418,-0.09285594,-0.01791753,-0.02875886,-0.01425821,-0.2914684,-0.03927322
-0.128494,-0.3253176,-0.4586044,-0.08618157,0.0001572825,0.07567465,0.4151297,0.4114271,0.2806685,0.430636
0.1770124,0.1794742,0.06070278,-0.00350902,-0.2789139,-0.4088094,-0.1381516,-0.1780146,0.1542117,-0.6032211
-0.1910393,0.006869629,-2.090015,0.4062926,-0.2050025,0.002574512,0.4000356,0.003499982,0.01964701,-0.409053
-0.1599863,0.02039499,-0.3533919,-0.002653786,-0.0843484,-0.1676819,-0.2461264,0.1059412,0.2737648,0.3124992
0.3101789,-0.01988713,0.02434247,0.8514054,1.181438,-0.1175019,-0.08240348,-0.2694843,-0.1408347,0.5417959
0.07776937,0.2868733,-0.004090668,0.0005659987,-1.144138,-0.2678168,0.3318588,-0.2384468,-0.2415315,0.03320178
-3.679415,0.1095824,-0.2661418,-0.09221745,-0.1936196,-0.2030134,0.1938085,0.01429859,-0.00473649,0.793837
-0.1608132,-0.9675124,0.001960256,-0.01067497,-0.01660365,-0.29258,-0.4073541,-0.1262393,0.3778188,0.3904959
0.357399,0.3593626,0.06294589,0.04651874,-0.1487066,0.1039112,-0.2903102,-0.2216271,-0.2367684,0.170911
;
0.01262912,-0.01810986,0.03180367,-0.1688786,-0.4363644,0.2654352,0.5893151,-0.3970869,0.01159491,0.02657574
0.003064714,-0.1396472,0.02672218,-0.007625639,-0.09616047,0.1592429,0.01146991,-0.01941574,-0.09328884,0.03084077
-0.247989,-0.1604432,0.04753932,0.04117101,-0.02329723,0.07844621,-0.06380741,0.2511494,-0.5817496,1.356501
;
0.05006806
-0.02382948
-0.02981049
-0.5758466
0.02347657
-0.003565119
-0.03591878
-0.1106755
-0.5724159
-0.01422782
0.2229295
0.4587986
-0.2404891
-0.1483864
0.1881799
0.2629834
0.0430191
-0.4840355
-0.2408939
-0.1720814
-0.2386829
0.001777526
-0.1575771
-0.0099877
-0.35788
0.6666575
-0.1393412
0.4397082
-0.1572761
-0.2407788
;
0.0003228566,0.2556545,0.5207956,0.164943,0.03558508,0.1797453,-0.0225334,-0.3653567,0.0006683469,-0.9013571,-0.2293609,-0.288287,0.2275032,-0.1448713,-0.4098756,0.1755452,-0.001477846,0.2891525,0.06222949,-0.3694431,-0.3062059,0.007431522,-0.4086959,0.01765472,-0.4822979,-0.01098484,0.09020821,0.3316503,0.2808353,-0.3926973
-0.1652444,0.2790789,-0.1106595,-0.07838837,-0.1967242,-0.1851103,-0.1562467,-0.05369956,0.4230751,-0.02658099,-0.08362484,0.2132346,0.1997949,-0.2992235,0.0373668,0.05118988,-0.2999655,-0.1344887,0.0163975,-0.4268523,-0.143785,-0.04067924,-0.3154539,-0.9325896,0.4607038,-0.09039786,-0.07945675,-0.06195268,-0.004879773,0.3541828
-0.3107476,0.4545543,-0.0005167052,0.4827991,0.05497221,-0.5667036,0.1059958,-0.0175196,-0.1347764,-0.2339523,0.5300869,0.4810044,0.365577,-0.4499192,-0.1553745,0.3599085,0.1802395,0.04554155,0.166547,0.4109358,-0.001504721,-0.415095,0.01190759,0.0443309,0.4088213,0.4306279,-0.2041997,-0.02987573,0.3409014,0.05476719
-0.0209348,0.1508816,0.08402626,0.04580494,-0.01286035,-0.4199965,0.2229102,-0.07873744,0.03874243,-0.06012988,-0.4308523,0.125927,-0.3157132,0.01330131,-0.4126189,-0.3219572,-0.06123859,0.2369125,-0.1345974,-0.3566879,0.464306,-0.1350929,0.2075221,0.002945318,-0.4505069,-0.453073,-0.1638935,0.496974,-0.05432159,-0.2083292
-0.4126454,0.4652318,-0.1362068,-0.4516265,-0.3311712,0.3809451,0.4462992,-0.4638612,-3.841672,-0.2146997,-0.363303,0.00663694,0.3985454,-0.1988024,0.06597134,-0.008371872,0.0292521,-0.112878,0.1039316,0.009382497,-0.4411708,-0.03969492,0.02290794,0.2310339,0.5778468,0.493731,0.00560474,0.7637548,0.05158991,0.01667332
0.01626386,-0.4076386,0.003690018,-0.495216,-0.06925255,0.2469314,-0.9742093,-0.01748968,0.4032955,0.06116134,-0.513218,-0.5489684,0.09265257,0.02263635,0.4950156,-0.1023696,0.7092069,-0.1463799,0.06678009,1.455645,-0.1915712,-0.1836511,0.02212045,-0.3181426,0.2827326,-0.4132137,0.0680756,0.03056413,-1.739578,-0.1564353
0.1303069,0.1995838,-0.0007337017,-0.005428621,0.5884576,-0.2261371,-0.1634911,-0.3268098,-0.05583052,0.1595658,1.872817,-0.4448387,0.2466951,0.0452091,0.1900041,0.1397343,0.123697,0.2279131,-0.1623286,-0.02180507,0.002101024,-0.4668614,0.1707332,-0.737444,-0.3053254,0.4643929,-0.1555341,-0.3107771,-0.5234506,-0.473388
0.1701151,-0.006886241,-0.002202571,-0.0113506,-0.4482928,-0.4898057,-0.3764786,-0.1657405,-0.3898445,-0.3667566,-0.5238093,0.0522163,0.1471533,-0.1650735,0.2080964,0.8434486,0.06676048,-0.1125694,0.7585974,-0.3952645,0.1614768,0.184648,-0.005409992,0.04752652,-3.767948E-05,0.001736136,-0.02514012,-0.05703165,-0.1998943,0.05742437
0.1406197,0.03792018,0.2036629,0.3758241,-0.001311115,0.01565752,0.3640766,0.4406705,-0.1495097,0.06174033,-0.189589,0.2447892,-0.02389854,0.4173411,-0.001230568,2.484898,-0.07216062,-0.2164297,0.04061138,0.3903002,0.2762204,0.001654112,-0.1461801,-0.06201409,0.01404963,-0.2972413,-1.050271,0.003775587,0.06569853,-0.2760117
-0.304741,0.1870098,0.1448822,0.3731411,-0.1201068,-0.08405749,-0.4962864,0.2489208,0.4846587,-0.04579873,1.026301,-0.06043893,0.2157821,-0.06850223,0.0565117,-0.494642,0.06702513,0.4133939,-0.004559183,-0.2536258,-0.1454502,-0.07162625,0.2981407,-0.2878179,-0.04285691,-0.03211515,-0.5505663,1.011665,0.1574794,-0.07629136
-0.3888417,-0.1241344,-0.1576891,-0.07143766,-0.2170533,0.3082185,-0.3484257,-0.03427915,0.01102056,0.08847886,0.5795851,-0.4476164,0.006691045,0.1190466,-0.06800725,0.006011474,0.08857495,0.2659936,0.1625089,0.0049998,-0.6464211,0.2252893,0.1088342,-0.008403945,-0.02305282,-0.02402988,0.02379694,0.1743329,0.1509774,-0.419625
0.4991669,0.3000911,-0.1949985,0.1674998,0.1426139,-0.0195435,0.4500031,0.005293779,-0.3236867,0.06265364,0.3006538,-0.2562512,0.2419593,-0.01449748,0.4057703,0.02690773,-0.4835089,0.4033051,-0.9956775,0.4765195,-0.1958029,-0.3536144,-0.2359801,0.1240038,0.2776105,0.4829865,-0.3431591,-0.06641236,0.1100333,-0.0330116
-0.06484641,0.6484066,-0.3123353,-0.1334619,0.3310853,-0.3634837,0.001664692,0.0007367458,0.3429984,-0.8017045,0.0004610636,0.2102681,0.6082283,-5.020696E-05,-0.1512195,-0.003114358,-0.04479966,0.1576892,-0.05034234,-0.4248684,-0.6945643,0.177737,-0.1529444,-0.001918012,0.02215601,-0.3154106,0.2405387,-0.6772966,-0.4688537,-0.1901093
0.5554805,0.1447081,0.1502019,-0.08344454,-0.0249575,-0.4396864,-0.08378231,-0.03831169,-0.4172797,-0.4425757,0.4778867,-0.01481552,0.01175056,1.038893,0.1556558,0.4452215,-0.4452938,0.3144736,0.3608049,0.01586293,0.002491764,0.009345949,0.9326845,0.2171903,0.1263043,-0.130057,-0.03472509,0.4381059,-0.1139485,-0.4152603
0.03509924,0.03134814,-0.3810587,0.1267375,0.0903422,-0.109331,0.01395827,0.09396762,0.4104275,-0.211805,0.3628328,-0.6193867,-0.2934805,-0.03718251,0.2104252,0.05792671,-0.01482265,0.003586716,-0.5222129,0.4685545,0.1591865,0.3155119,-0.01733098,0.4322859,0.2511805,0.01353711,0.07593551,0.02754974,0.2664027,0.142012
0.1490671,0.3811822,-0.1855137,0.02663968,0.1075845,0.7071438,-0.02002661,-0.03535403,0.04014686,0.04810962,-0.263783,-0.05688447,0.00193633,0.0002026849,-0.03980654,-0.1431611,0.02957481,-0.008055753,-0.01401561,-0.256022,0.2998446,-0.3567475,-0.04045669,0.01300169,-0.1982995,0.02225665,-1.199858E-06,0.4963874,0.2775543,-0.1776409
-0.05921608,0.6070305,-0.2553942,0.2395964,0.01387319,-0.1277611,0.03699537,-0.2048026,-0.1435878,-0.2051112,0.2093496,0.01210405,-0.000164699,-0.4038828,0.1703953,0.4581104,-0.003837562,0.02366058,-0.3255656,0.1492928,0.0006942928,0.2856092,-0.08427023,-0.3720984,-0.2476619,-0.4152459,-0.2660831,-0.6277452,-0.3481683,-0.4578254
-0.04517353,0.01980054,-0.3429759,0.09477895,-0.5504537,-0.2859002,0.01781324,-0.406027,0.2734636,0.366282,-0.399718,-0.2628969,-0.003469741,0.01336888,0.05625409,-0.4833553,0.02576884,0.101136,0.0465355,0.476316,0.007122906,0.08551687,0.0326035,-0.2160444,-0.2513472,0.9308885,0.3333833,0.04227489,0.00430614,-0.3013468
-0.342623,-0.006928358,0.0980664,0.06604683,0.302812,0.06738312,0.8563093,-0.2167965,0.2763491,-0.0158692,0.4359441,0.1256088,-0.005635436,-0.01383073,-0.8307163,0.9040793,-0.2385504,-0.2564657,0.05670935,-0.3253516,0.4133828,-0.0004346865,0.1192114,-0.006140659,0.5541777,-0.100995,0.3262852,-0.4484838,-0.7915676,-0.0003255144
-0.2697423,-0.4987967,0.215391,0.4405664,-1.305312,0.3502328,0.1838831,0.2159521,-0.2949487,0.320465,-0.02947873,0.2612156,-0.06222178,-0.05619698,-0.002197453,-0.1156059,0.4522552,0.4393225,1.137345,0.0002777656,0.1007632,-0.103626,0.3066458,0.01098225,-0.1311144,0.4474638,0.1816402,-0.02064654,0.2950584,-0.2351733
0.02987259,-0.02236884,0.09753305,0.07605968,0.03773702,0.7459701,-0.7469057,0.01169209,0.7391728,-0.1720096,0.009031259,-0.0644265,0.1142181,-0.01235575,-0.5167009,0.01901725,0.1101828,-0.3746634,-0.07353121,0.05778364,-1.664555,-0.008910093,0.3127091,0.4889972,0.3282057,0.2564245,-0.03258456,-0.6289518,-0.1630609,0.1931455
-0.0214756,0.1472702,-0.07381155,-0.306477,0.04948285,0.197888,-1.115202,0.05175297,0.00476085,0.1854665,-0.004506077,0.5812114,-0.01277651,0.4651221,0.3692403,0.00158418,0.1601026,0.467728,0.4504284,-0.006288697,0.004115553,-0.02100424,-0.03380385,0.06514914,0.006144027,0.00708729,0.03209722,0.227045,-0.2964064,-0.2389069
0.01578862,0.3232392,-0.07145661,-0.225612,-0.1522167,-0.1295024,-0.4706062,0.2466686,0.2180644,0.1343965,-0.0001520213,0.3515742,-5.344135,0.7313141,-0.05403832,0.182861,-0.1173674,0.1168371,0.2803642,-0.1190572,-0.3122442,0.05000946,-0.3099492,0.2451079,-0.08064313,0.3381549,0.5796922,0.004287064,-0.1334765,0.1263287
-0.04078406,-0.2461458,0.2283001,-0.4836521,-0.3508174,0.4983328,-0.2824108,0.00848863,0.1651442,0.02060039,-0.0007326745,-0.191581,-0.0005095098,0.1811586,0.5336107,0.07634868,0.3420386,0.09570219,-0.1319998,0.01477018,0.009601558,-0.01911579,0.02844747,0.1285112,-1.010116,-0.1131867,-0.2037329,-0.4963312,0.04317386,0.3295553
-0.2475968,0.2335629,0.3895308,0.4296225,2.986947E-05,0.5608376,0.4170741,0.08504485,0.1160287,0.2437391,0.01187119,0.0972155,-0.3568556,-0.1579558,-0.4309548,-0.3598746,-0.04990311,0.05262333,0.1138993,0.004815063,0.0973018,-0.1592405,-0.3424942,0.1305791,-0.7865408,-2.323901,0.2299167,-0.01732793,0.0183055,-0.1947286
-0.1908236,0.001448467,0.4577315,0.2723779,-9.997864E-05,-0.3872578,0.437345,-0.09048229,0.4575662,-0.2003747,0.01017088,-0.250638,0.05732304,-0.09803206,-0.04712039,0.3095487,-0.400368,-0.3255246,-0.004069421,0.01482041,-0.7399778,-0.0668284,-0.3927615,-0.07094535,-0.4462953,0.04737177,-0.08625704,0.00191492,0.0001069934,-0.1827608
-0.1110763,0.05173498,0.02208528,0.07235228,0.005593522,-0.4567316,0.1125459,-0.00734812,-0.01076158,-0.04480504,-0.2056558,0.3693454,0.1698921,-0.005277715,0.0687355,-0.05567453,0.06651127,0.3651479,-0.3619487,0.07433552,0.1431148,-0.04244374,0.1203558,0.3951743,-0.2356378,0.2460906,-0.03528219,0.2381915,-0.08930019,-0.1231139
0.5582958,0.3228757,0.247078,0.02393537,-0.4640076,-0.01526234,0.3946066,-0.2106507,0.4504434,-0.001962679,0.4248551,-0.06326872,-0.6217065,0.4599748,-0.4295854,-0.3661351,-0.003589332,0.6006287,-0.4096966,-0.003491104,0.001628575,-0.6131194,-0.2280539,-1.799629,-0.03103249,0.06398484,0.2483004,-0.08807016,0.3114089,-0.4797394
0.3716374,0.2082352,0.02405173,0.170662,0.1525128,-0.2921373,0.6743689,0.3710658,-0.3290327,-0.3086661,-0.1276718,0.7948825,-0.0005189977,-0.3088955,-0.1552648,-0.6238397,-0.4549111,0.2445407,-0.4268533,0.3562172,-0.6619385,0.2077498,0.273895,-0.03547234,-0.04327156,-0.3305454,0.3643926,0.04380418,0.01858065,0.002282466
0.6363408,0.4440869,0.008403825,0.2577351,0.01225313,0.2215122,-0.03877928,-0.07179671,0.4291131,0.2760783,0.001779404,-0.2657387,0.000871576,-0.3871502,-0.3744944,0.0250956,0.001877385,0.0576184,0.01336295,0.02860249,-0.764993,-0.1797968,-0.2361966,1.680154,-0.2544512,0.009802476,-0.3997897,0.01957333,-0.2959333,-0.2892847
;
-0.5920615,0.02631822,0.373598,0.5534819,0.02628902,0.003309502,0.7779684,0.003122151,-0.506052,0.5529125,0.02013029,-0.02830283,-0.4885608,0.3942682,0.1587596,0.2102594,-0.4263308,0.009882824,-0.01882031,-0.01259908,0.008507619,-0.09370743,0.112946,3.847872E-06,-0.0543979,-0.02667028,0.03169505,0.3377662,0.2048487,0.2325402
-0.02533424,-0.02015083,0.2887458,0.2010391,0.1116909,0.01552657,0.03864577,0.2508592,-0.01249832,-0.000899141,-0.06399423,-0.01424637,-8.496626E-05,0.03299926,0.02808131,0.02902201,0.5282801,-0.1860587,-0.3457478,-0.08175392,-0.04319425,0.1094834,-0.9499844,0.1651304,-0.1182141,0.03095049,-0.5546637,-0.01424798,0.1082277,0.4405035
0.1133602,0.4265997,0.47864,-0.3966876,0.465695,-0.01091823,-0.08312453,-0.03717704,0.4669911,-0.4794301,0.06409981,-0.002460999,-0.2320181,-0.3807471,0.1386907,0.09266965,-0.2118257,0.118779,0.6227721,0.2148511,0.00276524,0.01644187,0.4419116,-0.4063206,0.3295058,0.07419648,0.1277911,0.3951831,-0.1607726,0.3905046
;
0.04842799
0.3268112
0.1328455
0.02075883
-3.485595E-06
0.4531001
-0.2674642
1.000898
-0.02841585
0.05297994
0.1393616
-0.008188381
-0.1882508
0.0007705412
0.3785288
0.4342487
-0.1094411
-0.0660091
0.3197659
0.02158264
0.3365798
-0.1496205
-0.2152557
0.00216112
0.2282678
-0.7734042
0.1959449
-0.0169526
0.3148814
-0.175617
;
-0.03656475,-0.5032925,0.09146437,-0.1559969,0.499102,-0.01418072,-0.3068798,-0.02783032,0.0861496,-0.1065142,-0.1376779,0.2989099,-0.2505391,-0.04450682,-0.3690116,-0.0006630839,0.004181174,-0.2830527,0.003579737,0.08209997,-0.01096592,-0.3541662,-0.1002716,-0.2115537,0.09544817,-0.0533921,0.01299233,0.05208725,-0.04575468,0.1545984
0.1415167,-0.002369106,0.2718284,0.3233047,0.05455726,0.2996709,0.1824793,-0.02193194,-0.1194191,-0.4814816,0.1486248,0.2410124,-0.3743658,0.0171765,-0.05946691,-0.1848992,0.03935546,-0.05716115,0.361347,-0.3185933,-0.2268103,0.001327271,0.04383519,0.1882806,0.2628419,0.3696567,-0.08194494,0.01450629,-0.1713843,0.07338207
-0.008222526,0.4072547,0.0957759,-0.6806956,0.04591471,0.0005759568,0.9190528,-0.1242489,-0.1110237,0.02044693,-0.0002935809,-0.3030469,0.05606142,-0.4468735,-0.6032568,-0.5453308,0.4223228,0.001926957,-0.08832837,0.06159023,-0.2745548,0.3850549,-0.04748732,0.1485797,-0.1682552,-0.05107621,0.395485,-0.1821289,0.402663,0.2148508
0.1749944,0.2462865,-0.3957117,-0.7643859,-0.2780288,0.001165402,1.858669,2.579547,0.5554787,-0.04388313,0.2722943,-0.2280444,-0.01517767,0.1161005,0.1942992,-0.2100397,-0.1614863,-0.02330125,0.4345793,-0.2885993,-0.241509,-0.08381907,0.168444,-0.3393003,0.161729,-0.2474734,0.1310493,-0.1375861,0.02471638,-0.143537
-0.008548993,0.3332312,-0.5074255,0.0003705523,-0.7632891,-0.001241184,-0.03757202,0.1330154,0.2231093,0.6441281,-0.3549696,-0.07242538,-0.3590153,-0.2739686,-0.1173182,-0.0004667054,-0.3168623,0.1850931,-0.8986536,-0.1102301,-0.3730929,-0.3030455,-0.03370261,0.03711751,-0.3124601,0.02623438,0.3049135,0.1797863,-0.2776952,-0.02744275
-0.3012934,0.03548127,0.1002589,0.02968107,0.09805512,-0.16163,-0.4538696,0.03523917,-0.4937406,-0.3874371,0.4561375,0.5498648,-0.5725676,0.0006139262,-0.4310108,-0.1374884,0.3337929,0.1646151,-0.1702094,-0.001818105,0.4015849,-0.01680421,-0.01307591,-0.3317858,-0.2610207,-0.07896418,-0.07419366,-0.01605992,-0.08855477,-0.01467291
-0.08669525,0.08905283,1.040263,-0.04991633,0.3322145,-0.07303208,0.000512224,-0.01067902,-0.3760684,-0.04138244,-9.350666E-05,0.1458483,-0.7198483,-0.2175243,0.0001008407,-0.2970015,0.2904474,-0.3121232,0.3301587,-0.09077355,-0.0317868,0.3963072,-0.1647912,0.2985195,-0.2380482,-1.636982,0.531541,-0.01103369,-0.07228976,-0.2555034
0.1177961,-0.5012178,0.5190622,-0.1872961,-0.9715381,0.7500499,0.4433198,0.005499222,0.4939155,0.1018991,-0.143884,-0.1173101,-0.06575745,0.01035374,0.1447104,0.3350208,0.00140178,-0.4380681,0.5442026,0.07826435,-0.05437798,0.2076641,0.2208674,0.002410063,-0.06198546,0.09671572,0.01729061,-0.159256,0.0007271217,-0.2283634
0.5127305,-0.3197986,0.427512,0.2852863,0.1712385,1.445241,-0.4500424,-0.2922891,0.6662754,0.001565091,0.2479793,0.09372165,0.1284648,0.05463213,0.2060387,0.4397913,0.3690861,0.05565767,-0.01389311,0.2474123,-0.1821026,-0.7774892,-0.1330271,0.05078755,-0.1756099,-0.11586,0.02083,0.2511668,-0.01367891,0.2460749
0.1587846,-0.427104,0.2742146,-0.07803406,0.1809755,0.3663952,0.09934326,-0.4539924,0.0008578968,0.3909934,-0.501013,0.4033402,-0.2712908,-0.1305115,0.1419729,0.3642374,0.5708439,-0.450546,0.1957911,-0.06375615,-0.419601,-0.2494925,0.002094314,-0.2054515,0.03438641,-0.1028987,0.2313748,0.2570099,0.477806,-0.1511799
0.3742253,-0.006371668,-0.3131771,-0.1236124,0.003527813,0.00202666,-0.007761856,-0.5774878,-0.478285,0.0450349,0.3641607,0.3050164,-0.5718319,-0.2888781,0.5893698,-0.3470598,0.06335793,-0.2458127,0.07582451,-0.01304977,-0.2047509,0.02986736,0.2793353,0.406402,-0.1463187,0.2619188,-0.06957427,0.3981634,-0.06423157,0.003250449
0.06336945,0.001494127,-0.4367752,-0.05939931,-0.0596686,0.05969325,-0.08774201,-0.2052427,-0.343985,0.02949653,0.1687994,0.02847725,0.1706356,-0.121747,0.03921598,0.1678767,0.06066332,0.4202805,-0.1685092,-0.3651152,-0.06860518,-0.4347728,0.1734699,-0.08493243,0.494235,-0.005150646,0.4079419,1.945951E-07,0.6510604,-0.0008202208
-0.1127618,-0.01339157,-0.4182305,-3.530377,-0.2527799,0.1226488,-0.1690603,0.08102307,-0.08143741,-0.08758907,0.005743284,-0.4478149,-0.04898113,0.4398877,-0.7639189,-0.2665877,0.04506451,0.02140778,-0.3319106,0.001473012,-0.0965604,0.04668098,-0.05965284,0.335564,0.2294288,-0.004978903,-0.07941383,-0.5336136,-0.3376793,-0.2493687
-0.4310123,-1.058831,-0.08477312,-0.135697,-0.4587922,0.00354337,-0.1696563,-0.4729027,-0.3191985,0.4302689,0.1898967,-0.08167899,0.01595944,0.4120824,9.297424E-05,0.04019705,-0.3046186,-0.05090417,0.06162119,0.4816813,0.1997847,-0.8960713,-0.002164365,0.5034207,0.1570409,0.4956636,-0.3205018,0.05695548,0.5944079,0.1132781
0.6879185,0.5113565,2.345676,-0.04425731,0.3031312,-0.04581193,-0.1635955,0.02782957,0.233584,0.1663387,-0.05716816,0.3189059,-0.03167859,0.08423599,0.4258424,0.4434446,-0.4326661,-1.019169,0.04669036,-0.4409827,-7.327365E-06,0.08569235,0.280899,-0.2489001,-0.437646,-0.3550025,-0.350337,-0.06768515,-0.05507249,0.01205736
-0.01825655,0.2449466,-0.4999628,8.944719E-05,0.526857,0.002345228,-0.09387773,0.08039372,0.01054825,-0.08742136,-0.04152064,-0.3718218,1.477086,-0.2595772,-0.00894568,0.00416345,-0.03567632,-0.01671618,0.02744002,0.1865662,-0.2028228,0.1927055,0.0759713,0.03968725,-0.2314027,-0.6207519,0.01367313,0.03551334,-0.2349101,-0.06636158
0.6036525,0.1554012,0.02729074,-0.03132262,0.1035579,0.4209919,0.1992766,-0.02495913,-0.1032645,-0.1453899,-0.0002623407,0.1290772,-0.0002844383,-0.3078976,0.03008175,-0.05648501,0.6839859,-0.07450341,0.528331,-0.005925844,-0.08611156,0.4016309,0.01716461,-0.7310073,0.0003090551,0.7307824,-0.4548895,0.5465192,0.1258617,0.04191166
-0.1539141,-0.1037702,0.2283343,-0.210962,0.1628768,0.422989,-0.06162076,0.1440111,-0.2059505,-0.2237263,-0.08297724,-0.1965305,-0.56892,-0.01811941,0.1854902,0.3166313,-0.002225007,0.02183763,0.003547835,0.02556468,-0.001104101,0.0242663,-0.4728612,-0.5109671,0.1099442,0.1142785,0.3683056,0.03435943,-0.1618018,0.009164457
0.3831664,-0.005346512,-0.2408404,0.344438,0.009409328,-0.4798216,-0.1081534,-0.009423712,-0.2226241,0.1148838,1.35957,0.1077421,-0.3097438,-0.1171057,-0.1062121,0.1279718,-0.01438874,-0.33474,0.4879568,0.01533124,0.3769298,-0.5873032,-0.07408509,0.09852093,-0.008393926,0.1384188,0.001556933,0.1695651,-0.1191233,-0.2117776
-0.04658831,0.3850528,-0.2511222,0.004723738,0.4813697,0.7684127,-1.989927E-05,0.4688017,0.1105017,-0.05268009,-0.0416044,-0.02253903,0.3863698,0.07508744,-0.6134703,-0.4951342,-0.3278213,0.3158078,-0.05997826,-0.3610377,-0.04352349,-0.1981823,0.9709386,-0.02622599,-0.1221028,0.0001406746,-0.2629131,0.001243746,-0.1852614,-0.08256719
-0.7883393,-0.01365592,-0.3258137,-0.02602619,-0.05030562,0.4974619,-0.2633767,-0.1251117,-0.08950964,0.4169873,-0.1032023,0.4207186,-0.05486156,-0.02450585,-0.1636816,-0.02612354,0.129558,0.02839913,0.4426632,-0.4202317,-0.2205536,-0.4033841,0.3772599,0.01849094,0.1254797,-0.2156313,0.0002867983,-0.002421439,0.01252657,-0.004004369
0.3757466,0.1495009,-0.07279295,0.6015682,-0.002398742,-0.04339726,0.02204448,-0.08350743,-0.8575072,0.2914454,-0.1483082,-0.0002459517,-0.03937115,-0.2035443,0.4300624,0.002128837,0.02185616,-0.7382811,-0.3781621,0.1127765,-0.4304296,-0.02041089,-0.4113725,0.005739514,-0.04125488,-0.05202228,-0.0001164761,0.04987627,-0.008454594,0.05000502
0.001773575,0.09775984,0.3334566,0.2826613,0.4038105,0.6891875,0.01617909,0.4023995,-0.3442464,0.5078383,0.5224249,-0.06722208,1.041286,-0.3977536,-0.3597299,0.2116069,-0.1584279,0.01930209,0.4679251,0.1917623,0.05117092,0.2334121,-0.01098852,0.1904886,0.3444555,-0.2337293,-0.002146312,-0.09486505,-0.3539584,0.05358098
-0.1979577,0.4960891,0.09441473,0.4348151,0.1071618,-0.3507849,-0.7220901,-0.1667262,-0.02896489,0.01452294,-0.01367741,0.0378569,-0.002586251,0.5145696,0.0307646,0.09519048,0.3047501,0.056896,-0.4148366,0.06089346,-0.08164807,0.0177002,-0.06518304,0.2019078,0.2368082,0.1077873,-0.01134627,0.03777985,-0.0264484,0.3475875
-0.2333535,-0.1744261,-0.4777638,-0.1136352,-0.1683931,0.4255309,0.2942394,-0.2323971,-0.1105221,7.718369E-05,0.01299542,0.247793,0.06059127,-0.3984157,0.3435977,-0.457918,0.1985849,0.01731932,-0.4345976,0.1398373,-0.0306101,0.05066286,0.3897755,0.1109535,0.1172847,-0.08083378,0.7225188,-0.0735564,-0.1144125,0.1133984
-0.3224372,0.02833612,-0.3650253,-0.3858793,-0.08494633,0.3033326,-0.2649,-0.003081767,-0.4900237,-0.08480781,-0.1145028,0.1074423,-0.01560331,-11.82011,-0.08759969,-0.3298154,0.3225111,-0.001697593,0.7209383,-0.3025154,0.4020907,0.02680583,-0.14064,-0.3680879,-0.1981521,-0.151493,-0.01722645,-0.3644449,0.3153669,0.003115823
5.488878,0.1075297,0.04572457,-0.003736175,-0.1039933,0.005353002,0.1529156,-0.1197326,0.005878959,0.2262782,-0.04597704,-0.2021157,0.005331944,-0.0426628,-0.002514724,0.4924613,0.0332603,-0.1470044,0.03671514,0.01992313,-0.02448467,0.3006531,0.06542951,-0.004599485,0.0004278133,0.09444806,0.007336337,-0.1242359,-0.01704923,0.1137068
-0.483569,0.001603363,-0.1749942,0.06852868,-0.1781309,0.3967176,0.09102684,0.09655625,-0.00126233,-0.09610483,0.5767501,-0.2315127,0.1406882,-0.133514,-0.02262198,0.007261405,-0.05224605,0.3333887,0.7902891,0.1227985,-0.001544532,0.3859435,-0.337575,-0.1274856,0.1129141,0.01972978,0.4124266,-0.3473908,0.3581086,-0.0119485
-0.2141928,-0.2873688,0.000983175,0.8268733,0.3054205,-0.09498352,0.02247797,0.2787964,-0.02345896,-0.05266213,-0.476095,-0.002961262,-0.1827064,-0.026624,-1.132266,0.3928329,0.1193414,-0.3861219,-0.3825325,0.871263,0.1455062,-0.1567322,-0.1428799,-0.2815207,0.4421965,0.01095365,-0.002907164,0.1365923,0.2975546,-0.2959282
0.2822597,0.2668005,-0.02048217,-0.05342381,-0.2987577,-0.2274334,-0.1329601,-0.002574345,-0.1459243,0.09292717,1.03434,-0.2306533,0.1871111,0.288571,0.005210742,0.2127565,-0.3483714,0.7115471,0.4656724,0.01806596,-0.1678877,0.3705137,-0.02404276,-0.1620809,0.09891394,0.4365195,0.1036184,-0.7735783,-0.1761382,0.5102764
;
-0.003900788,0.1923432,-0.2056399,0.003334327,-0.4438735,0.0690977,0.06695204,-1.108855,0.5823723,0.3143527,0.0001376207,0.03455726,0.2345288,0.1247925,0.07536989,-0.0145652,0.1763245,0.03157676,-0.1725824,0.02467217,-0.003356418,0.2063935,0.4677454,0.3566377,0.07158079,0.8506053,-0.04148245,0.0968267,0.0300156,-0.05062149
-0.02213367,-0.0946424,-0.001910646,-0.01874149,-0.3472007,0.03578717,0.07692701,0.02185323,0.1163481,0.2583492,0.1637436,0.5229954,0.2525976,-0.3954515,0.1432445,-0.004765195,0.3044751,-0.08130449,-0.4062597,-0.1253938,0.01143628,-0.001286024,0.01394306,0.29139,-0.2943051,0.02899871,0.0242062,0.1429777,0.1231642,0.107795
0.1844562,0.1839059,0.2367492,-0.05523092,0.1546103,-0.2156063,-0.01015179,0.3122405,0.0361663,0.005509365,-0.1813727,-0.1861001,-0.01930944,0.139435,-0.5506608,0.00624041,0.08335918,-0.04379428,-0.270622,0.006874255,-0.2485473,0.7327322,-0.04559487,0.1375941,-0.2510096,-0.1155542,0.1047092,0.4934188,-0.4999093,0.3052154
;
