0.1334462
-0.2678658
0.3702317
-0.09346484
0.0005235895
0.0008644842
1.799836
-0.1117784
-0.2294315
-0.2683346
;
0.1908934,-0.4245229,0.04806147,-0.203451,0.4651186,-0.2943985,-0.04278897,0.01098464,0.02705072,0.3390851
-0.7434881,0.1411151,0.8261845,0.02268749,-0.1118068,0.400151,-0.04417109,-0.2459713,0.2483247,-0.6954893
-0.06201655,-0.1139883,0.3009259,-0.2378108,-0.04950391,0.01474287,0.05125775,-0.4776112,0.3007914,-0.2495815
-0.003660433,-1.106021,-0.7961853,-0.003013033,-0.1116917,0.03967937,-0.3594069,0.1197965,-0.001191928,-0.1348088
-0.1665354,0.05953747,0.467555,0.4060024,0.1505571,-0.005231249,0.6652684,-0.02842586,0.0503917,0.142182
0.05724157,0.09576828,-0.01200235,0.03875747,0.4262282,0.07726316,-0.1290339,-0.5143567,-0.2081971,1.587536
-0.03545472,-0.9338078,-0.009692817,-2.78308,0.3152187,0.2797098,0.6623664,0.6780907,-0.04860956,-0.3968002
0.4116505,-0.3003844,-0.3183267,0.3081316,0.1961965,0.03762452,-0.005012838,0.01477812,0.0003975986,0.08981389
-0.4631106,0.3027451,-4.759107E-05,0.1434274,-0.3448838,-0.007588408,0.127414,-0.2738895,0.1536194,0.008107184
-1.505132E-06,0.2026289,0.01521283,0.05942866,0.8105426,-0.3596858,-0.6940883,0.04595783,-0.1705173,-0.04749486
;
-0.02339331,-0.6363986,0.4142257,-0.1089664,0.4464064,-0.2174204,0.3785754,0.003229014,0.09311897,0.01052864
3.162626E-08,-0.0846228,0.3611263,0.05731374,0.3830785,-0.532739,0.01958235,0.04079677,-0.2531646,-0.0004200592
;
-0.004746642
0.4592437
0.1548706
-0.04450244
0.08524472
0.009522578
0.1815419
0.1788686
-0.04562464
-0.4721122
;
0.02779973,-0.2772261,0.03359348,-0.7542496,-0.04895818,0.1948701,0.01785587,0.2936543,0.0793924,0.01648742
-0.1169194,0.2906931,-0.002628677,-0.4991879,-0.2790642,-0.1240025,0.3990136,-0.1983709,0.1228088,-0.223294
0.2219684,-0.3374349,-0.00391611,-0.02705101,0.1604937,-0.2799083,-0.366614,-0.03721132,0.0674904,0.21194
0.05738765,0.1281736,0.7079549,0.05000774,-0.1555187,0.03585229,-0.3380886,0.0002176226,0.1178452,-0.05828112
0.5183405,-0.3271388,0.05924112,0.4537951,-0.09315009,0.1085176,-0.003235406,-0.0269174,-0.1637997,0.265148
-0.1298087,0.2909948,-0.002126326,-0.215911,-0.6084265,0.0904972,0.006212494,-0.01024174,-0.1260586,0.04532258
0.2730769,0.01760072,0.06764847,0.00013387,2.304664,0.1853587,-0.06676537,-0.1851185,0.2291115,0.4001608
0.4908473,-0.02521444,0.03446406,-0.002834619,-0.199419,-0.1723379,-0.3990146,-0.03476022,0.3469714,-0.1780452
-0.13336,-1.030476,0.2080591,-0.01593495,0.1935464,0.1409086,-0.1271175,-0.02331454,1.230253,0.1328107
-1.066212,-0.1059512,0.005668767,-0.03666596,-0.2410178,-0.03875297,-0.4668029,-0.2775767,0.03372635,-0.2702726
;
0.458043,0.004056793,0.1130773,0.06175175,0.04150374,0.09792627,0.3872623,-0.004895558,0.03813978,0.08653623
0.1919064,0.3421043,0.4882804,-0.09711653,0.154584,-0.3011308,-0.2086976,-0.3125409,-0.008476404,1.337366
-0.3891552,-0.7439725,0.2468606,0.02715,0.6840717,0.1017824,0.1390253,-0.3868893,0.1486879,0.01787907
;
0.1324438
0.003643094
-0.3134957
0.4684075
-1.275989E-07
-0.178157
-0.1199579
0.2656268
-0.02952576
-0.5001617
-0.3801701
0.001176889
-0.2746931
0.4627724
-0.2974575
0.00374154
-0.2651374
0.1965386
0.1260383
0.1626896
-0.5303757
0.01638994
0.389487
-0.01801022
-0.07054114
0.2365043
0.5631481
-0.3333669
-0.2219034
0.1654191
;
-0.003414985,0.1830035,-0.7127014,0.2960186,0.01965269,-0.2767887,0.8154619,-0.06027318,0.1321525,-0.4861444,0.1871007,0.2079279,0.05948196,0.2351169,-0.9455535,0.4636548,-0.4415976,-0.04533146,-0.09127134,0.7758673,0.000359271,0.457046,-0.1135515,0.1780585,-0.01201189,-0.01435653,-0.09129979,-0.3808516,-0.4595088,-0.002062085
1.07589,-0.08855396,0.04880887,0.1340896,0.4925163,0.06707127,-0.1025098,-0.1148356,0.153418,-0.4792587,-0.4852008,0.3268402,0.08853412,0.2516106,-0.06358208,-0.008685961,0.1663038,-0.2435593,0.4702657,-0.0716694,0.2804229,0.04352401,0.01366654,0.04050193,0.1038764,-0.3553308,0.1283723,-0.1904035,0.3887566,-0.1026594
-0.7930857,0.4421143,0.09865686,0.2403833,0.4180715,0.9135053,0.1453636,-0.3778725,0.07240133,0.1331187,0.302751,-0.2676378,-0.4305255,-0.1173951,0.3338514,0.02836325,0.2691732,0.3253565,-0.7216524,0.04465271,-0.4622725,-0.02861276,0.1485908,-0.04052427,-0.1598238,-0.2921961,-0.001272763,0.2571245,-0.2107009,0.1882356
-0.1629626,0.1608037,-0.1102509,0.2644012,0.1016909,0.274324,-0.4883745,-0.0003211681,-0.1746755,0.4665632,0.05231307,0.1722723,0.1006108,-0.01475717,-0.001641134,0.06751924,-0.2105939,0.006279364,-0.01973568,-0.4792127,1.068159,0.09707087,0.3037875,-0.1096185,-0.0380882,0.1284862,0.0910503,-0.3496468,0.6154934,-0.6114975
0.01132684,0.1218228,0.216611,0.0001643331,-0.2470746,0.0002171041,0.2962259,-0.03031581,-0.06934077,0.875919,0.2698801,-0.2114102,-1.264836,-0.3658168,-0.3410863,-0.0009740824,-0.03658898,-0.1260414,-0.05191853,-0.1744532,-0.4179214,0.3165541,-0.03982516,0.04820636,0.3146313,-0.2716814,0.5347416,-0.3101344,0.1186418,-0.2152025
1.26595,0.1247648,-0.06613167,0.4657249,-0.2066883,0.1275146,0.0163355,-0.05254155,0.1674855,0.04196853,-0.1072123,0.1238928,0.265412,0.1156593,0.03755348,0.3473334,-0.1489157,0.2432695,-0.08750507,-0.2321848,-0.4785012,0.1829712,0.1750031,0.2281582,0.1018998,-0.1060764,0.08544534,0.01873025,0.09052603,0.04557106
-0.004968765,-0.08905283,0.001581718,-0.1877932,0.2185708,0.3334469,-0.1988658,-0.002179078,0.4221957,-0.7430516,-0.6073136,-0.6302097,-0.1493595,-0.3017279,-0.1880842,0.4274088,0.09922583,-0.9401857,0.7322456,-0.05340943,-0.999312,-0.1115443,0.4997692,0.1481876,-0.4249525,0.02370355,-0.02592212,0.08898526,-0.002333214,-0.1893318
-0.106902,-0.01877624,0.7518077,-0.4725378,-0.4252586,0.00759785,-0.4620388,0.7147554,-0.0100221,-0.1366945,-0.1198266,-0.0609908,-0.9887755,-0.01234092,-0.05795404,-0.457546,0.9980593,0.05351052,-0.002935112,0.4927965,0.4972318,-0.2231558,0.4253203,0.3342118,-0.03558476,-0.2410518,0.2054635,0.1597193,-0.802695,0.4082866
0.08570868,-0.2535627,-0.4633012,-1.451847,-0.07874215,0.04951771,-0.2047453,-0.4016903,-0.02324586,0.0007188983,0.1813854,0.02589928,0.4845892,-0.343055,0.2424787,0.003884733,0.6974875,-0.418252,0.01291355,-1.264182,0.5707538,0.1511426,0.2707354,-0.06614814,-0.4420512,0.4120771,0.4467638,-0.1567894,0.02107755,0.5615288
0.02373689,-0.005722005,-0.05249727,-0.03939295,-0.2682903,0.721297,0.00307333,-0.1433279,-0.5807904,0.2149739,0.2191404,0.2106398,-0.000289462,0.06955153,0.1298345,0.03121116,0.07034447,0.04437079,-0.3309872,0.01017033,-0.1589537,0.1333176,0.2862129,0.1339242,-0.4942261,0.01650351,0.01899783,-0.01573282,-0.001265467,0.2138191
-0.03405697,-0.277119,0.5973156,0.1513522,0.0431926,-0.03773578,0.001693199,-0.4852862,-0.0446477,0.3495164,0.6407778,-0.02688654,0.2399372,0.0504422,0.0009663227,-0.1883619,-0.02601599,-0.3384162,-0.2115077,0.1194295,-0.1316086,0.008195102,0.003092368,0.02949064,-0.08550476,0.3274972,-0.0656888,-0.0005338051,0.2467174,0.007528164
-0.01926037,-0.002140697,-0.1391808,0.2725854,0.3283802,-0.1410445,-0.001496546,0.2508726,0.4654271,0.03143396,0.01046305,0.04126753,-0.02119737,0.3013599,-0.1795513,-0.007917472,-0.2461637,-0.3161849,0.2202251,0.415917,0.05848998,0.3660655,0.06472682,-0.02950079,-0.0707597,0.003594252,-0.2211011,-0.3211401,-0.02897597,0.5836053
-0.1841658,0.006936933,0.4704483,-0.2762574,0.2251933,0.1743215,-0.01676446,-0.3317479,0.2856078,0.1409886,-0.02935042,-0.4388708,0.01192008,0.09283034,0.253329,0.04892686,-1.130462,-0.4322714,0.4581763,0.1561235,0.005899847,-0.05931361,0.4358951,-0.05336171,-0.2229732,0.0003998784,0.1173463,-0.0001759338,-0.2047532,-0.2250719
-0.08905276,0.3105756,-0.1638897,-0.2961456,0.04483457,0.0005969559,-0.0002130914,-0.3261486,-0.0004498566,0.1317153,-0.07650652,-0.2207999,0.004305184,-0.122859,0.4394836,-0.1819495,-0.06814498,0.1362656,0.002266035,0.02475666,-0.04046737,2.11086,0.8403434,-0.01431113,-0.01526573,-0.04217152,0.4063931,0.3027567,-0.007893536,0.003964961
0.3455493,0.8231885,-0.008769704,0.3900583,0.0102621,-0.2045867,0.2907784,-0.4490712,0.1902326,-0.3533247,0.05562109,-0.3211517,0.02378601,-0.0122691,-0.3627262,-0.4860646,-0.4412631,-0.2762401,0.0316121,0.2061505,-0.07773226,0.03578459,0.08187017,0.02484584,0.9194431,0.1587816,0.168769,0.6136973,0.3131136,-0.1229918
0.009243169,-0.1803697,0.0008514525,0.07661276,-0.2838414,0.06667715,-0.04045232,0.3031648,-0.6424191,-0.1320014,-0.1052709,0.4501535,0.2715955,0.2973589,-0.183431,-0.07834798,-0.08835863,0.09558098,0.09450859,-0.08914261,-0.003646562,0.8191242,0.1866963,-0.1154964,0.01808678,-0.2567731,0.1504183,0.2637479,0.2938567,0.0261453
-0.9419251,0.04574712,-0.02867285,0.0184415,0.1045702,0.03799134,-0.08445118,-0.3480773,0.01435133,0.5879792,-0.05066925,0.1938527,-0.3192235,0.7823273,-0.3249731,-0.002322753,0.09572071,0.154745,0.3169594,-0.7329121,0.414678,-0.4049058,0.02463009,0.352057,-0.1564271,-0.06858651,-0.2719135,0.02829738,0.1222029,0.05182919
0.01194643,0.1671379,0.3989044,-0.4708143,0.4236959,0.2551062,-0.003519716,-0.005771449,-0.008136575,-0.1557018,0.3737678,-0.006239629,-0.7233844,0.001502116,-0.02389809,-0.009378291,0.6946887,0.09176785,0.3926316,0.0104379,-0.4841177,-0.4809644,0.4038464,-0.4588499,-0.1088569,0.5761185,-0.4550208,0.3248378,0.2984455,0.1551273
0.3274653,0.0251388,-7.200662E-05,-0.4081236,-0.3520864,-0.01688156,-0.01765231,-0.002976904,0.4341165,0.2297518,0.1309207,-0.1233346,-0.03126385,-0.4090607,0.0009426692,0.4513888,-0.1456585,-0.260192,-0.3394853,-0.3896724,0.09648798,0.3015385,0.4244432,-0.4628046,0.1389797,0.05458964,0.3368073,-0.2248693,-0.1179681,0.05323603
-0.2760837,-0.6729463,0.374699,0.1207687,0.0003867821,-0.3692665,0.3037527,0.110569,0.1213529,0.09601799,-0.02129852,-0.07637315,0.3827477,-0.02629275,0.01388791,-0.052359,0.08003347,-0.1547197,-0.0001528101,0.01427202,0.2706589,-0.4788003,-0.08135236,-0.08531029,0.04510444,-0.3545564,-0.763368,-0.5200077,-0.9029872,0.1257955
1.047877,-0.6630104,-0.3423033,0.04348018,0.8086807,0.2267258,0.01977546,0.1079354,0.7289552,0.1791797,0.7060224,0.04950552,0.02410406,0.3854638,-0.6403607,-0.03265742,0.2300765,0.003682434,-0.03012055,-0.5866933,-0.04468971,-0.05106413,0.04420291,-0.1562049,-0.06125412,0.4294779,0.4418402,-0.497093,0.01891445,-0.07468802
0.09725112,-0.654734,-0.001636583,0.08628339,-0.4935631,-0.4882125,0.4979945,0.001583755,0.05498361,-0.05480801,-0.01918308,-0.01088803,0.2165799,0.3808313,-0.3368278,0.1523542,-0.0373177,-0.1998109,-0.002325125,0.01911639,-0.3671765,-0.0001575822,0.4047183,-0.6519698,0.2932743,-0.08297445,-0.01497208,0.2688323,-0.05713521,0.2154448
0.4848643,-0.04349661,0.6110859,-0.1043399,-0.3319279,0.426355,-0.4216543,-0.5876625,0.4413824,0.01866385,0.8189374,0.2738849,0.4772288,0.4828775,0.06689277,0.3931273,-0.06063968,-0.1163078,0.04046671,0.3630439,-0.009028773,-0.284766,0.002649099,0.12138,-0.2167262,-0.06195726,0.1369928,-0.5252028,-0.5147068,0.1360786
-0.05954012,0.003335089,-0.001789691,-0.2760164,-0.03864618,-0.3047085,-0.2491103,-0.01388463,-0.02695239,0.9731889,-0.4356269,0.2783765,0.3310399,-1.662608,0.04347162,-0.07034212,0.1223908,-0.01769009,0.4329875,-0.2515044,-0.2099334,-0.07691342,0.006882747,0.01985858,-0.05250395,-0.03356806,0.9078454,-0.02563363,-0.1225916,-0.02193481
-0.3623201,0.3384771,0.1824597,-0.426342,-0.608539,0.1280525,0.096079,0.4951631,-0.1121129,-0.478737,0.05068399,0.1585142,-0.1647166,-0.2665237,0.05551982,0.158044,0.6123549,0.3800759,0.2424272,-0.01092325,-0.0093796,0.005220475,-0.4654626,-0.1301399,-0.2888455,-0.05764127,-0.2974317,-0.02251887,-0.07290424,0.000156017
3.794594E-05,0.4260079,0.07012182,0.3962934,0.5620936,0.004389957,0.007929811,0.04855785,-0.1577968,0.3111943,-0.2483121,-0.3947943,0.0004228606,-0.4485352,0.2381494,0.3256317,-0.3513782,0.4642401,1.16651,0.1086495,-0.0419324,-0.3641098,0.03441007,-0.07647091,-0.08737689,0.8331797,-0.1208957,0.02349456,-1.116776,0.1221523
-0.2018856,0.3577102,-0.01025285,0.0008196341,-0.04517289,-0.02788817,-0.06931348,0.2154348,-0.2414023,0.1452849,0.1560709,-0.3590277,-0.410798,-0.009550301,-0.01995699,-0.0001309875,-0.2932736,-0.4408497,0.4061025,-0.06274617,0.01170798,-0.02213247,-0.03199734,0.2250542,0.5409011,-0.1962575,0.535243,-0.5472639,0.3305731,0.3638389
-0.6196395,0.5225283,-0.02689957,0.9646705,-0.4966028,0.3801382,0.08164554,0.03242368,-0.3011072,0.005517285,0.005505228,-0.06777928,-0.3604774,-0.02292744,2.560131E-06,-0.418111,0.234247,-0.1853238,-0.3670707,0.002413909,0.1261426,0.09908491,0.4305636,-0.1938058,0.2895193,0.1877739,-0.3556992,0.06010471,0.007264674,-0.1890144
0.01793656,-0.549862,0.1846896,-0.4270145,0.4785385,0.3603232,0.03092025,-0.6116626,0.125515,-0.340277,0.3781601,0.5518066,-0.1396594,0.1383548,0.4170609,-0.6851168,0.4807092,-0.6131021,0.03911322,-0.01051753,-0.2600297,0.3845463,-0.01114956,0.1072841,-0.002530235,-0.01095365,-0.2306353,0.3092988,0.4305615,-0.1339146
0.04182345,0.3120526,0.49123,0.1437229,0.04528584,0.3378496,-0.1099704,0.3993073,0.005315639,0.2147754,-0.1689893,-0.01657201,-0.5501644,0.4615122,0.01019841,-0.004281387,-0.05349654,0.06095022,-0.3905651,-0.1022167,-0.2554853,-0.1415782,-0.1874936,-0.1954666,0.3830364,-0.3222795,0.1202106,-0.02639063,0.02025884,-0.1638534
;
0.09936395,-0.03576273,0.8153249,-0.1884065,-0.4683245,-0.3370178,0.3842379,0.880678,-0.1038421,-0.4651026,0.09903696,0.1115193,0.1925395,0.004177205,-0.2590948,0.1101502,-0.4253944,0.435908,0.214412,0.0009506615,-0.2570385,-1.188755,-0.2086254,0.0005988147,0.3430012,-0.06767305,-0.1187744,-0.01886932,0.02815235,0.2281121
-0.1097534,-0.04517461,-0.1423591,-0.05378824,-0.4291928,0.3549479,-0.09582765,-0.08668232,-0.07358694,-0.1727306,0.08987091,0.06416704,-0.002850834,-0.08957233,0.03195518,-0.2368792,-0.275386,0.162157,-0.004055992,0.03391013,-0.1596269,0.0002473545,-0.3169683,-0.05122258,-0.3665454,-0.3914714,0.08035912,-0.4382243,-0.1892741,0.120521
0.4939617,-0.07100219,0.2010856,-0.06454617,-0.1763065,0.3619943,0.2524774,-0.04595071,0.5867791,-0.03140158,0.2395788,0.2452766,0.5658773,0.0002195289,0.3402569,0.3282592,-0.9790735,-0.6965758,0.01145835,0.0323718,0.3303645,0.1080232,0.3428915,-0.1903073,-0.3389181,0.07388455,-0.00811632,-0.0642001,-0.03997868,-0.2528826
;
