0.09492868
-0.05082683
-0.3702317
0.3710136
0.0005453064
0.003744291
-0.9741901
0.4602084
-0.5072166
-0.3942101
;
0.5045998,0.13221,0.04806147,0.4574392,-0.2897815,-0.03661149,-0.04278897,0.007390663,-0.1190524,-0.3863465
0.7434881,0.09299947,0.7117726,-0.02268749,0.6296735,0.4555811,-0.2993432,-0.4247181,-0.2483247,-0.362906
-0.1913427,0.06696421,-0.3052208,0.1147949,0.05935539,-0.01474287,0.03205699,-0.4776112,0.2876081,0.1096902
-0.01307172,-0.6879859,-0.4507265,-0.02250439,0.6753054,0.02881177,-2.732728E-06,-0.01090613,0.03727907,0.07552739
-0.6222382,0.6862583,0.8657816,-0.2263067,-0.1505571,0.1664299,-0.2625939,-0.3440689,-0.3134751,0.01536769
0.002577687,0.4731559,0.2144605,0.03875747,-0.4262282,0.074093,0.8455687,-0.2158495,-0.08608276,-0.4567177
-0.03545472,-0.9137076,0.009692817,4.813802,0.3152187,-0.04505378,0.5245151,-0.4638016,-0.6542404,-0.5988355
-0.1522993,0.4519219,0.04743239,0.001011002,-0.2366646,0.03089177,-0.005012838,0.01477812,-0.002708673,0.06266516
0.237117,-0.3832645,-2.836926E-05,0.08142664,-0.1614796,0.01082339,-0.5087945,0.01229566,-0.4295453,-0.008107184
0.0008589881,0.2026289,0.02175708,0.1540359,0.8105426,-0.3176993,-0.2363376,-0.1383541,0.09801693,-0.2334682
;
-0.07342257,0.04883798,0.005936374,0.1089664,-0.005559698,-0.2174204,0.3785754,0.0169267,0.2593996,-0.005125575
2.482165E-08,0.08310801,0.3611263,-0.3674754,0.4873124,0.04384195,-0.01231359,0.04079677,0.1195782,0.0002676417
;
-0.007161229
0.4592437
0.2451077
-0.1243171
-0.300158
0.009522578
-0.0157137
-0.1788686
-0.6344539
-0.006427169
;
0.2098651,-0.09482653,-0.008040602,-0.3944726,-0.03641058,0.1371285,-0.5370362,-0.02017615,-0.03282209,0.2988517
0.2313214,-1.450093,-0.003115511,0.1763619,-0.3877707,-0.05382472,-0.3703802,-0.3495566,-0.3768524,0.4201751
-0.2219684,-0.3374349,-0.09001531,0.03875401,-0.4247942,-0.3558817,0.1561597,0.0696649,0.04275905,-0.6165453
-0.1910393,-0.2640682,-0.5352098,-0.07062993,0.07567781,0.06134931,0.124049,-0.0004583736,0.199479,-0.0800312
-0.3309432,-0.3363153,0.5999941,0.3027582,0.09315009,0.06947845,-0.4628775,-0.03709527,-0.1393463,-0.2972729
-0.02187141,-0.2574131,-0.0008177952,-0.01859635,0.4402064,-0.2303146,-0.3748624,0.1702804,0.2315458,-0.4024047
-0.1008007,-0.1056668,-0.0002503623,0.0004598796,-1.247857,-0.487425,0.003180648,-0.1851185,-1.114951,-0.173277
0.6366895,-0.1067301,1.613674,0.01096708,-0.06908125,-0.4115099,-0.002126109,0.02118145,0.07272238,0.0004841277
-0.1617317,-0.3799615,-0.2080591,-0.01285191,-0.1051533,0.1525763,-0.2869814,0.7265058,-0.7046136,0.1258246
-2.114231,0.5850159,-0.2585686,0.02561704,0.2410178,-0.03875297,0.08213452,-0.1968357,-0.1466334,0.2973861
;
0.458043,0.02223556,0.4165972,0.07090382,0.0161795,0.1964572,-0.494743,-0.007183027,-0.01711606,0.01478095
0.4644801,0.3421043,0.4167361,-0.2508209,0.2032218,0.2759027,0.01146991,-0.598595,-0.2567886,-0.1855781
-0.3787723,0.02704405,-0.652166,0.02715,0.379258,0.1017824,0.1390253,0.2667581,0.08813936,-0.1951005
;
0.07617062
0.06682985
-0.3134957
0.0009527701
1.275989E-07
0.1844123
-0.1199579
-0.2656268
0.02952576
-0.5001617
0.9067796
0.2520813
-0.2746931
0.0001417634
0.001261005
-0.00374154
0.008214102
-0.1965386
-0.1074573
-0.03806299
-1.13161
0.03173766
0.2194047
-0.01471645
0.07054114
-0.03638164
0.5631481
-0.1666521
-0.3313899
-0.4359727
;
-0.2485951,0.4022558,-0.5758523,-0.1578794,0.1254269,-0.2082629,0.001649473,-0.04116558,-0.4233202,0.4166786,0.00962481,-0.2079279,-0.07073526,0.1724694,-0.9455535,0.1666968,-0.3618356,-0.04533146,0.008087031,0.5516236,0.01073518,-0.06444257,0.1170307,0.1780585,0.01080384,-0.009532511,-0.09129979,0.004785877,-0.3828589,-0.3170558
0.4512394,-0.08424208,0.09423339,0.08467386,0.002049517,-0.1460589,0.1739021,-0.04326638,0.2259697,0.4567198,0.1486248,0.1752152,0.0577123,0.1315888,-0.01749358,-0.03579367,-0.3989345,-0.2435593,-0.3092701,0.06419778,-0.2804229,0.04352401,0.01366654,0.1015561,0.03123765,-0.1054675,0.3340983,0.06064177,-0.006083061,0.06755508
0.4822462,-0.300118,-0.3586441,0.3252748,-0.01459164,-0.9135053,0.1453636,-0.07293154,-0.02154858,0.07217687,-0.1904729,-0.2676378,0.2157039,0.1173951,0.3197477,0.1673426,0.03233358,-0.4453545,-0.8412223,0.2431154,-0.008085773,-0.1142762,-0.0887507,0.04052427,-0.08711201,0.300281,-0.1334055,0.258338,-0.3101599,-0.6141001
-0.132763,0.08889586,0.3957117,-0.000101187,0.05799508,-0.6051235,0.3544282,-0.4641732,-0.08382399,0.4665632,-0.05231307,-0.02752944,0.1006108,-0.01475717,0.3212839,-0.4002676,0.1595095,0.01111704,0.8823711,-0.3837553,-0.2687857,0.05776948,0.03324788,-0.181111,-0.0380882,0.004693907,-0.3223007,0.3496468,-0.6154934,0.515375
0.008548993,0.3252631,0.3955215,0.0004262913,0.1709701,0.0004894054,-0.2962259,-0.03031581,0.0928497,0.3200156,0.9628557,0.2114102,-1.264836,0.0820964,-0.3410863,0.0009740824,0.03335473,-0.1260414,-0.3204432,-0.09183828,-0.419675,0.2331304,-0.1770249,-0.03711751,0.3146313,-0.2718372,0.2772027,0.3101344,0.1186418,-0.002621515
1.076027,0.1033468,0.1719965,0.1679909,-0.4409355,-0.09925158,-0.3161187,0.02108654,-0.08615643,0.3249902,0.4401871,1.510728,0.05885345,-0.1854524,-0.7188675,0.1374884,-0.300491,0.09167501,-0.08750507,-0.2321848,-0.4785012,-0.05369288,0.06358379,0.2281582,0.3083141,-0.1060764,0.1239032,0.01873025,-0.1250632,0.4990503
0.01865387,-0.08905283,-0.06467809,0.007315082,0.1386718,-0.7031066,-0.1988658,-0.001897366,0.4221957,0.7430516,-0.4669645,0.4350015,0.1493595,0.1714821,-0.04058467,0.2367612,0.09922583,0.4239211,0.3790833,-0.6128614,0.4641643,0.1166014,0.3218069,-0.2209436,-0.215618,0.02356409,-0.04581341,0.4694493,-0.03996819,-0.004457464
-0.3920393,-0.07372431,0.4808434,-0.09276179,-0.4252586,0.1142346,0.2349681,-0.4351735,0.006819665,-0.1366945,-0.09086659,0.4833431,-0.5696752,-0.01234092,-0.03265236,0.626418,0.6487959,0.05351052,-0.01162812,0.04844727,-0.06086594,-0.4453817,0.3113889,-0.001090211,-0.03558476,-0.3284841,0.2448951,-0.08751971,0.2409403,-0.1894135
0.08570868,0.2535627,0.8605213,-1.014545,-0.2664655,0.06158254,0.1764269,-0.3138591,0.05900479,0.1236792,-0.1597657,0.04738589,-0.2937982,0.06141946,0.6192023,0.306154,0.6974875,-0.03244,0.01291355,-0.4421887,-0.282113,-0.2222687,0.3250325,-0.04264188,0.5054373,-0.04978266,0.2427711,-0.3262123,0.01829934,-0.4693603
-0.3584627,0.02018546,-0.8182961,0.02546805,-0.002650897,0.4812267,0.00307333,0.09646446,-1.345058E-05,-0.3323429,0.3413165,-0.2106398,0.002655626,-0.06955153,-0.6298733,0.03121116,0.3186556,-0.02931407,0.3211421,0.09813794,0.2299942,0.2675264,0.001960428,0.1339242,-0.01835376,-0.07819056,0.03211677,-0.3438361,-0.2090352,0.2138191
-0.02171041,0.07932148,-0.5973156,0.3161484,-0.02167298,-0.007382635,0.005285757,0.496801,0.02884275,-1.038848,0.6407778,0.07885102,0.393217,0.03048423,0.001864619,-0.4217874,-0.1159403,0.01071456,0.1993402,-0.02131945,-0.1316086,-0.4269956,0.2923843,0.02949064,-0.1463187,-0.2882382,-0.0656888,-0.0005338051,0.5361055,-0.007471513
0.04350411,0.0005814686,-0.08280164,-0.1943536,-0.2515154,-0.04235912,0.006411548,0.1063337,-0.2050347,0.03143396,0.1122374,0.04126753,-0.001357948,0.06689233,-0.1020921,0.4745321,0.2461637,0.4346124,0.2202251,-0.2118217,-0.05848998,0.231118,0.2137667,-0.2767545,0.2759866,0.003594252,-0.3559057,0.006928647,-0.03888673,0.3045167
-0.1841658,0.003919757,0.4704483,-0.06566508,-0.2251933,0.7453567,0.1004471,-0.1387056,0.387906,0.09578222,-0.1227071,-0.3368529,-0.0001714026,0.08561196,0.1748309,0.04892686,-0.8137652,0.4322714,0.3817881,-0.002528738,-0.2376267,0.05931361,0.4358951,-0.4103703,-0.1468599,-0.0003998784,0.3768777,-0.2546053,-0.2047532,-0.2217773
0.0456174,-0.01560309,-0.01959286,-0.1794655,-0.1295967,0.002219805,0.1247859,0.5721382,0.0004524012,0.9269645,-0.0006819594,-0.2207999,0.004305184,-0.2065735,-0.0001852843,-5.874534E-05,0.06814498,-0.4023547,0.004787958,0.8240222,-0.4786745,1.458801,-0.3339757,0.01431113,-0.01526573,-0.0591828,-0.05080541,-0.3729149,-0.007893536,-0.05347368
-0.2117683,0.8231885,0.009100878,0.4375793,-0.03233583,0.2045867,-0.2907784,-0.4531686,-0.1902326,-0.03688835,-0.2012699,-0.3211517,0.0774606,0.02872204,0.1151827,-0.06063053,-0.002953159,-0.2928095,0.0316121,0.1890222,-0.1323465,-0.06750764,0.02036768,-0.07945988,0.4678564,-0.1587816,-0.1694191,0.5529687,0.2833484,-0.01339412
0.009243169,0.2934887,-0.01546939,-0.0974163,0.1484608,0.2504545,0.0383784,0.3031648,-0.6424191,-0.1132651,-0.01340158,0.8619195,0.3578327,0.1596426,-0.1615904,0.002752258,-0.2498212,-0.1395846,0.07808566,-0.08285031,-0.003646562,-0.3668504,-0.4502437,-0.08424169,-0.4685726,0.1962293,-0.4040907,-0.2637479,0.03781902,0.04605731
0.6980847,-0.3683521,-0.02867285,0.2522388,0.1547662,0.4544281,0.08445118,0.02630155,-0.3954551,-0.3966246,0.4457077,0.2854795,0.08454355,0.3293692,-0.3438352,-0.4202712,-0.01758472,0.07940666,-0.3697299,0.4741033,1.589684,0.6091063,0.01716461,0.03879509,-0.2222973,1.167244,-2.45458,0.06696421,0.2524091,0.09371501
0.02499798,0.2109381,0.4026706,-0.7348279,-0.04342836,0.6940985,-0.003519716,-0.1253961,0.01645561,0.385891,-0.03651483,-0.006239629,0.421195,-0.001780436,0.2162541,-0.005571058,-0.4312175,0.05125099,-0.3926316,-0.005869695,0.4971878,0.4544987,0.610339,0.1031769,-0.0683679,-0.3800825,0.5452133,0.05886255,0.380778,0.4570056
-0.2041342,-0.2236115,0.0001064395,-0.100675,0.05102478,0.01688156,-0.01765231,-0.06197673,0.4606433,-0.2297518,0.12609,-0.1233346,0.0377836,-0.07164794,-0.0009426692,-0.1445951,-0.3487617,0.5553497,0.723905,0.3896724,0.4195472,0.3015385,0.01234152,-0.0661261,0.03873122,0.3641374,0.3368073,0.162217,-0.5095426,0.05323603
0.332867,-0.6729463,0.374699,0.2820543,-0.0002728628,0.3692665,-9.654232E-05,0.09515733,0.2195582,-0.07136945,-0.01082995,-0.1183613,0.3137469,0.04984597,0.8055621,0.052359,0.08003347,-0.4190803,-0.001022139,0.02549732,-0.2706589,-0.1140326,-0.3320003,-0.105587,-0.2705667,0.1512917,0.01847868,-0.2818986,-0.4922794,0.1257955
1.047877,-0.482484,-0.2422616,0.06724589,0.3097771,-0.07151078,0.1323431,-0.4901961,0.5541494,-0.4412113,-0.3338298,-0.03864986,0.09287447,0.2744223,-0.4936504,-0.04657944,0.2300765,0.06360191,0.03012055,-0.3688273,0.01476177,-0.05106413,-0.2652186,-0.1562049,-0.03356797,0.07826382,-0.1900474,0.497093,-0.002277487,-0.07468802
0.2446586,-0.006145149,-0.001636583,0.2940013,-0.3672816,0.4903946,0.4979945,-0.3735074,-0.03256148,-0.3646243,0.1618119,0.0009747659,0.00420342,0.3068393,0.2907777,-0.3925231,0.02118719,0.04658693,-0.02346605,0.1127765,-0.2536175,0.01249025,-0.2392716,-0.471177,-0.001853102,-1.316862,0.1500814,-0.04921185,-0.4549426,0.8646246
-0.4848643,-0.7871931,0.4294918,0.3936386,-1.200158,0.5213854,-0.3111396,0.5876625,0.1591609,0.02627782,0.3914274,0.2683476,-0.4772288,-0.4828775,-0.05424489,-0.4642798,0.312823,-0.00322675,-0.01753979,-0.1316479,-0.393791,0.1459951,-0.001096289,0.06537062,-0.2167262,-0.05974108,0.1369928,-0.5252028,-0.08845132,-0.02796243
0.2355862,0.003782865,-0.3369277,0.4868506,0.08321244,-0.4309635,0.1813085,0.04896982,0.01350576,0.6403189,0.01545973,0.1843357,0.00994784,-0.9510292,-0.0948437,0.2876267,0.5628991,-0.03534507,0.3830065,-0.4664797,-0.04985775,-0.006512451,-0.06046307,0.01985858,-0.03969777,-0.06159876,0.4739428,-0.002074706,-0.3222046,-0.3078967
0.03635496,0.3359685,0.1824597,-0.07541889,-0.3066652,-0.2242365,-0.05835614,0.4951631,-0.3855305,-0.478737,-0.01299542,-0.446329,0.4087687,-0.3738829,0.3993943,-0.03115555,0.377663,0.01128549,-0.4272159,-0.19977,-0.0093796,-0.01089925,0.4654626,-0.2228588,0.8178418,-0.05604523,0.2974317,-0.02251887,-0.07290424,-0.002036661
9.647899E-05,-0.4260079,0.324531,-0.2694377,0.3713275,0.03652325,-0.1014527,0.072338,-0.2237928,0.3222246,-0.0002502476,0.2105291,0.0004228606,1.56915,0.09914514,0.2365479,0.4070465,-0.02742118,-0.4303249,0.09080881,-0.0419324,-0.21223,-0.4618267,-0.4794117,-0.003363,0.3683114,-0.1666148,-0.02349456,-0.6119844,-0.2573152
-0.3618162,-0.3712647,0.1890555,0.008436278,0.02407187,0.09029692,-0.06931348,-0.2154348,-0.4461538,0.3992995,-0.04597704,-0.2496212,-0.3501863,-0.07946616,0.2416545,0.0005540234,0.004042949,-0.3632528,0.24688,0.0302108,0.01170798,-0.3440193,-0.09402531,0.05283514,0.2912134,0.1962575,0.535243,0.1209944,0.3305731,0.0379948
-0.6789048,-0.4096495,0.02689957,0.3291621,0.4966028,-0.2533542,0.0588613,-0.4519604,0.2951726,-0.09610483,-0.07311308,-0.1093431,-0.05759558,0.02292744,2.718172E-06,0.3927405,-0.1789874,0.1695187,-0.005754249,0.3205191,0.1261426,0.5569539,0.4778049,0.02195235,0.2895193,-0.2726361,-0.3556992,-0.181138,0.02027761,-0.1793695
0.01450837,-0.355479,0.1846896,-0.0002598554,-0.2934597,-0.1558721,0.04326189,0.8137205,0.3121614,-0.06316821,-5.571177E-05,0.1270346,0.2557222,-0.05072254,-0.4170609,-0.6851168,0.4807092,-0.1352809,-0.2743784,0.03619907,-0.02849553,-0.4423431,-0.006953058,-0.2192526,-0.007446072,-0.01095365,0.1836018,-0.1121869,0.3440809,-0.1339146
0.3137307,0.3561392,-0.2946876,0.1804441,0.05670696,-0.1089192,0.1099704,-0.1108362,0.03179555,0.4857407,-0.01017958,0.4640279,-0.4096558,-0.4617643,-0.006420789,-0.08864063,0.1047451,0.06095022,0.1544787,-0.08640026,0.3336645,-0.1415782,0.0007504402,-0.1954666,-0.2750968,0.06316715,0.2905505,-0.009503197,-0.07552856,-0.06584928
;
0.4138278,0.3203415,0.4876109,0.04932362,0.2505786,0.2672931,0.3839592,0.3941523,-0.5804704,0.1129402,0.1489858,-0.3223754,-0.2445431,0.02935079,-0.4506195,0.09459872,-0.1295243,-0.435908,0.214412,0.06280138,-0.4626037,0.1167263,-0.3128719,0.06065705,-0.2908478,0.5804677,-0.08275742,0.01886932,-0.0300156,0.2281121
-0.5114993,-0.06553949,0.2504582,0.05378824,0.1392996,-0.00248455,-0.156453,-0.2406403,-0.1809083,0.4956723,0.2795804,0.06416704,0.4566737,-0.3632276,-0.09313601,0.4065541,0.06898415,0.162157,-0.05319694,0.04824859,-0.05228027,0.003610302,-0.3169683,-0.0596233,-0.7163867,-0.1443451,0.1922836,-0.174581,-0.1892741,0.1779299
0.2934808,0.1035554,0.1696408,0.6590934,-0.2448532,0.1709053,0.2122069,0.04595071,0.4302382,0.06893128,-0.2699284,0.5303994,-0.9018574,-0.009636048,0.3337953,-0.07497574,0.5074367,0.6965758,-0.1729811,0.1572115,0.3634559,-0.2424303,-0.07087952,0.254747,0.07880069,0.07388455,0.22764,-0.06586877,0.8944498,0.1704653
;
