-0.01178402
-0.1289929
-0.4755713
-0.1728163
0.4120806
-0.0002591464
0.3203301
-0.02736869
-0.6805426
-0.2212884
;
0.7496421,0.07518727,-0.5743569,0.360617,-0.01461123,0.6204674,0.0617109,-0.09832305,-0.1542013,0.07255679
-0.1598547,0.00672301,0.509603,0.4197257,-0.2547822,0.1390178,0.006810801,-0.4732585,0.07381313,-0.5489212
-0.2097806,-0.2925853,0.4029392,0.001229697,0.4359366,-0.03656844,0.3179165,-0.468379,0.1786973,-0.1991573
-0.2463035,0.06066288,0.03052749,0.09050647,-0.3625473,0.02287346,-0.07359424,-0.1188544,-0.0001410051,-0.138862
-0.2614871,0.02166232,-0.6939949,-0.1346886,0.252237,0.01434467,0.0001403387,-0.1713393,0.3034877,0.09587101
0.3140714,1.305102,-0.1275559,-0.1568374,-0.214833,0.4845912,-0.09215731,-0.3986064,0.0007375273,-0.2232819
-0.07499012,0.08466524,-0.2818248,0.4778081,0.0800252,0.4744596,0.2718819,-0.4405312,0.8474121,-0.6008991
-0.191157,0.1771978,0.5361151,0.1168346,-0.2118551,0.05311531,0.04607526,-0.007425156,0.01557805,0.926038
0.1444439,0.2536621,-0.1805624,-0.06986767,0.02866975,-0.3598951,-0.01064492,-0.0843062,0.1464456,-0.2829205
0.2553248,-0.008815541,-0.00954634,-0.1018554,0.005617783,0.3010711,-0.07659383,0.04222388,-0.2787585,-0.207979
;
0.2806698,-0.1322697,0.05633968,0.0002195919,0.6931036,-0.1442501,-0.05072948,0.02944726,0.4798859,-0.1831056
-0.4674224,0.3167135,-0.01430348,-0.3653609,-0.1509499,0.9258704,0.08279651,-0.01181628,0.01336303,0.01533836
;
-0.01606106
-0.5415017
0.1799232
0.3855907
-0.06176663
0.2984644
-0.09560283
-0.7950272
0.3431782
0.4107642
;
0.1518499,0.01248774,0.2326276,0.4845226,-0.2119919,0.4601156,0.5190356,0.001854956,0.007036578,0.4914954
0.4119506,0.1171887,0.07320124,0.4376004,-0.05463737,0.3321283,-0.9185148,0.3951502,0.2275214,-0.01121121
0.1532033,-0.747361,-0.2181156,0.1307866,-0.8107608,0.1522906,0.188748,-0.1373869,0.2104283,-0.6524592
-0.0004748879,0.08969248,0.4502027,0.02581339,0.001407876,0.4054052,0.1441763,-0.1336337,-0.09717437,0.2001561
0.7701811,0.5358634,-0.07210237,1.241633,0.03060051,-0.1278034,-0.04861847,-0.1031142,-0.2518904,-0.002573195
0.1234453,-0.3372962,-0.00425759,0.1314238,0.1341415,0.2791429,-0.0001582843,0.00983047,0.1388147,-1.054054
-0.3122222,-0.01552281,-0.000380658,0.1771843,0.01288432,-0.5416687,-0.2860202,0.4801211,0.06405073,0.002125189
0.07158325,-0.3174392,-0.4036767,0.03722044,0.5728104,-0.2274795,-0.4790778,-0.01329165,0.005664621,0.3399111
-0.1014562,0.1802739,-0.5338926,-0.0005773666,0.0007813607,0.2914829,0.008184956,-0.03833888,-0.3613566,0.2752326
-0.3998385,-0.3508037,-0.03615004,-0.4049855,-1.733238E-05,0.1030424,0.001970934,0.2496272,-0.4671338,0.3270817
;
0.7106877,-0.3271021,-0.425737,-0.0009280873,-0.4217436,0.04971858,-0.06012737,-0.3771944,0.01951033,0.007107198
-0.4622207,0.4756068,-0.1415257,-0.03575718,0.0002970124,-0.0009719274,0.4721428,-0.3988955,-0.1431789,-0.2794771
0.2720853,0.4810146,0.5413201,0.1822148,0.006532233,-0.443812,-0.4815903,-0.07897812,-0.3254319,0.004492471
;
