-0.03278859
-0.5482842
0.2281653
0.430616
0.4607101
-0.3273113
-0.1954549
0.173889
0.06427075
-0.5651718
;
-0.7256778,0.06904477,-0.07338501,0.8098556,0.2362604,-0.05328077,0.03474301,-0.745944,0.1809887,0.3861863
-0.003617164,-0.5404585,0.2412876,0.4033241,-0.04001151,-0.04869652,0.0483745,0.08721747,-0.1388736,0.02210096
0.04380881,-0.259794,0.02533245,0.04216057,-0.3216389,0.00429947,-0.3765377,0.007863098,-0.2611745,-0.02166253
-0.3969959,-0.001562851,0.2610584,0.1484493,3.829205E-05,-0.2655098,0.01874458,-2.823691E-06,0.4568591,-0.3589567
0.1092174,0.001897654,0.4270521,0.128603,-0.1734989,-0.04090009,-0.2731943,-0.367741,0.143575,-0.4193096
-0.1663044,-0.8207451,0.1308502,-0.2090971,-0.002083245,-0.102954,-0.06074029,-0.03176028,0.07208878,0.04632729
0.2937264,0.2595189,0.06915468,-0.02666964,0.02742353,0.4652839,0.01205215,0.2692558,-0.6364549,0.3724239
-0.2566147,-0.1771978,0.114836,-0.07660513,-0.4951795,0.5215108,1.039281,0.2623468,0.6302221,-0.2234729
6.119026E-06,0.1250069,0.0001592325,-0.01908473,-0.1203036,-0.03684961,0.0005227625,0.005123207,-0.05001003,-0.02875894
-0.001036138,-0.008815541,-0.2667521,-0.3934312,0.1955003,0.1283523,-0.05562375,0.0006133914,-0.07812429,-0.3556097
;
0.01521627,0.1435305,-0.4000032,-0.03730569,0.5149366,-0.3828152,-0.005457561,-0.2140795,0.2422135,-0.3208357
1.563286,-0.0132778,-0.05129482,0.07434094,0.2724299,0.3161446,0.5082765,-0.2702293,0.001813004,-0.007680766
;
-0.01216896
0.4707709
-0.5288876
0.4436586
0.04478151
0.3325108
-0.3286184
0.1269402
-0.001807616
-0.06667715
;
0.06934287,-0.2761382,-0.1086082,0.03061344,-0.09564351,0.5460158,-0.3707466,-0.3232684,-0.1693076,0.09086465
-0.2124116,0.8883096,-0.08974089,0.03072802,-0.1923049,-0.1135702,-0.1776229,0.109755,-0.0004201863,-0.01121121
0.1705483,0.2689204,-0.002980333,0.1611582,0.1599701,0.01705195,0.2020331,0.002317727,-0.1063706,-0.04033536
0.03331361,-0.1097504,0.1840728,-0.1353309,-0.002787532,-0.05199236,0.0819995,0.5229308,0.04524972,-0.2705373
1.189721,0.3079946,0.1338966,-0.06740567,-0.06322617,0.003757308,-0.1685554,0.2729745,0.00293203,-0.01809295
-0.4573851,0.2064117,0.4831101,-0.2393602,-0.229175,-0.2029825,-0.03140241,0.006582844,-0.1148633,0.3669903
0.04614013,0.04939085,0.3965031,-0.003191054,-0.3891028,-0.07013007,0.6945627,0.3561856,-0.2589631,0.1235447
0.2620302,0.3119242,0.002817518,-0.4349782,0.08185159,-0.4507388,0.1036219,-0.1219732,0.04656108,-0.3901754
-0.005873369,0.3930776,0.0362347,-0.03498007,-0.3749399,-0.1177151,-0.1031098,0.8168468,0.0636017,0.1889397
0.04952508,-0.4148208,0.1790132,0.505466,3.480976E-06,-0.0006465524,-0.005633,0.4302616,0.3356185,0.348793
;
-0.06128889,-0.05255268,1.45415,-0.2733643,-0.2469654,0.09250265,-0.009205589,0.02425408,-0.1747401,0.1187292
-0.08408561,-0.06301595,0.3522553,-0.01413599,0.009625513,0.06598169,0.2051139,-0.1225524,-0.1900442,-0.07461445
-0.2155575,0.1082425,0.001442647,0.0989458,-0.2050897,-0.4552236,0.0703997,-0.1019385,0.01036184,-0.4947748
;
