-0.4087485
0.1534335
-0.2126953
-0.4158506
-0.0155955
2.996514E-05
0.30267
0.1601136
0.1420615
-0.01738651
;
-0.05317226,0.1135284,-0.08382735,0.1586127,-0.3991525,0.2605141,-0.1857443,0.3000597,-0.399377,-0.09948856
0.364162,-0.2703899,-0.3177838,0.4658942,-0.1908543,-0.1007672,-0.1256388,0.4436301,0.02169815,-0.4922986
0.08094951,-0.03649022,0.188372,0.1978941,-0.0447276,0.2338623,-0.1390277,-0.03087649,0.3860468,-0.4243907
0.7124164,-0.02931799,0.165071,-0.3070153,-0.1949437,0.328207,-0.6684169,-0.09540325,-3.108637E-06,0.2316508
0.08836183,-0.1753417,0.04449345,-0.1997647,-0.07922608,0.04000336,-0.1212838,-0.3278242,-0.3092357,-0.3364712
0.002021504,0.1999588,-0.0005363772,0.2335236,0.1893829,0.4421697,0.2990813,0.03374235,0.02092504,0.2077137
-0.4579121,0.2240235,-0.0005935243,0.002917251,-0.04656953,0.2935246,0.2796872,-0.1277153,0.07947594,0.5619037
0.06712408,0.07411858,0.07227588,0.1181884,0.5857316,0.1152701,-0.6707016,0.2660539,-0.3731008,-0.4006183
-0.03348884,-0.4073451,-0.167983,0.2203239,0.1477785,0.873755,0.2046406,-0.08527774,-0.2727108,0.1122487
-0.1321576,0.04351198,0.191395,-0.1674466,0.02026099,0.03235464,0.08540834,0.1377597,0.161614,-0.0185752
;
-0.07100573,0.1458187,0.03359765,-0.09946774,-0.02162952,0.3972913,-0.07498346,-0.1389064,0.3283113,-0.001893222
1.456939E-08,0.5248642,-0.06052452,-0.3453079,0.0417669,-0.3355976,-0.01958235,0.04079677,0.3585751,0.0002643291
;
-0.05314574
0.3027531
0.1060072
-0.09882513
0.02009371
-0.4086736
-0.1142711
-0.415524
0.01880795
0.03250743
;
-0.4666282,-0.2796898,0.004452463,0.7594241,-0.2095468,-0.006784976,-0.1623636,-0.6816186,0.09080248,-0.3888745
0.3506136,-0.0626253,0.171981,0.09309334,-0.05075275,0.00072043,0.1490403,0.09032699,-0.4807252,0.005143039
-0.05973174,0.2442772,-0.3312198,0.4704896,0.4997468,0.08536102,-0.4600354,-0.01931004,0.0798021,0.05285538
-0.2152695,-0.1225469,-0.06394622,0.0371291,-0.001827143,0.1337748,-0.0483084,-0.07045724,0.03255111,0.003694747
0.03867377,0.01532991,-0.03828065,0.2016588,-0.1823168,-0.0866383,0.2944535,0.0134187,-0.01274026,0.2546753
1.127119,-0.5337225,0.002610073,-0.03006361,-0.3415422,-0.1884809,-4.644016E-05,0.4880923,0.3648212,0.004299547
-0.008119994,0.1056706,-0.2863477,-0.0001706016,0.5370256,-0.09432606,-0.2554312,-0.01682813,-0.03603045,-0.3558357
0.7754507,0.2031607,-0.0003305728,0.002607149,-0.04580784,-0.2058244,0.2785913,0.04065454,-0.6444988,-0.2645998
0.116482,-0.2360662,0.2253257,-0.03033731,0.2607127,-0.2646892,-0.008582202,-0.1109347,-2.774374,0.210134
0.02048136,0.328914,0.4930406,0.04731802,-0.03955867,0.1700635,0.4081253,-0.1248576,0.4836376,-0.4591187
;
-1.191356,-0.4014531,0.003038411,-0.3773104,-0.2789987,0.1097744,-0.3382831,-0.002516203,-0.1932241,-0.4465141
0.06520778,-0.01705048,-0.4578891,-0.4545346,0.254001,-0.0639126,0.08595584,-0.4686796,0.02492612,0.0217537
0.02085899,0.006923308,-0.4828519,0.003163746,0.1559219,-0.5036015,-0.07731992,0.2079403,0.07827555,-0.004184265
;
0.02152954
-0.00562809
-0.4684721
-0.2124511
0.2482036
-0.01812609
-0.2084046
0.3647845
0.0152092
0.1656436
-0.4444906
0.3311276
0.04973597
0.2947442
-0.08755974
-0.0006124639
-0.4559001
0.01789408
-0.01641339
0.0252309
-0.6497183
-0.0148315
-0.04768462
0.003605185
-0.274583
0.2254061
0.0251015
-0.7005872
0.04079738
-0.4880817
;
-0.3782974,-0.006362298,0.4934134,-0.407766,-0.5600194,-1.356798,-0.7534418,0.4532923,0.1615893,-0.08921669,0.477057,0.07847654,-0.2826209,0.7130809,-0.473103,0.09616187,0.04228572,0.2035497,-0.139972,0.08717629,-0.1067357,-0.8572593,-0.4887075,-0.04256481,-0.2782991,0.3535461,0.1939518,-0.06705778,0.1915108,-0.001558246
0.2776885,0.0973323,-0.09779876,-0.2034557,-0.8133031,-0.3352793,-0.1131277,-0.0007238286,-0.1898642,-0.2465311,0.5540295,0.006672437,0.1841065,0.8015664,0.005830904,0.4272362,-0.07110757,-0.4497605,-0.01604173,0.3077794,-0.398175,-0.5411863,-1.84998,-0.472562,0.588963,-0.4156353,0.1495991,-0.1404298,-0.3782987,0.05064481
-0.1029186,-0.6345294,-0.2614621,-0.318807,0.2321447,0.9036955,-0.2693669,-0.3843354,-0.281597,0.05339055,-0.07422163,-0.4340808,0.2240249,0.7156314,0.5488535,0.006414899,0.4705456,0.2098232,-0.1796708,-0.03988343,0.06808468,0.009503586,0.1792937,-0.003328023,-0.6108121,0.1965618,0.231812,0.6317312,0.01267668,0.1412287
-0.08300691,0.3419977,-0.03363595,-0.2751163,-0.1884625,0.03946024,-0.1608305,0.0217366,-0.5428898,0.9607052,-0.2028368,0.4335117,0.5269319,-0.4265635,0.1984182,0.01406875,0.004728707,-0.2435251,0.6962629,-0.01042409,-0.7230421,0.02728724,0.3605931,0.6479389,0.4420732,0.07408135,-0.378323,-0.8509644,-0.4358925,-0.4787884
0.6914129,-0.02090269,0.2599758,-0.2931217,0.09665267,-0.3969685,-0.2962259,-0.006986973,-0.1813353,-0.1146149,0.04596156,0.2908478,0.1507734,0.0004515453,-0.2373341,0.2550386,0.001156959,-0.02129161,0.311296,1.194227,0.07822317,0.5300936,0.4453766,0.04428964,-0.3146313,-0.07627171,0.08255746,-0.003218033,0.06375157,0.8849605
0.3169388,0.2309482,0.01201433,-0.1086995,0.0758623,0.1395572,0.4498899,-0.07404181,0.07910805,-0.05851509,0.4059044,0.3206948,0.0574041,-0.3262118,0.01125615,-0.3725317,-0.02912677,0.3085898,0.4117063,-0.1733316,0.2567414,-0.07594627,-0.4607153,-0.4986804,0.05725588,-0.02785077,-0.1613398,-0.01000458,0.1958724,0.4920948
-0.2217052,-0.003405267,0.0003953283,0.4915011,0.02077252,-0.4441091,-0.4848907,-1.621405,0.0663659,0.3287421,-0.04005253,-0.2561146,-0.1192918,0.01836338,-0.02879006,0.01141359,0.001052748,-0.3181422,-0.148656,-0.1924858,-0.4339093,-0.4823998,-0.01476181,-0.223679,0.1559339,-0.4495534,0.5126468,0.1072922,0.01053444,0.007684931
-0.01408216,-0.009096092,0.5106946,-0.1215991,-0.1114802,-0.3465115,0.04166296,-0.01859587,0.3664528,-0.04651326,-0.6819726,0.5765399,-0.04476731,-0.4742587,0.1042333,0.1874235,0.4650565,0.2794503,0.04246949,-0.3766983,-0.4047946,-0.3566597,0.1954958,0.2975405,-0.006511839,-0.7730536,-0.2796721,-0.4452317,0.1958408,0.004625007
0.004490416,0.3504228,-0.2509423,-0.04735869,-0.1421705,0.4980198,0.06822413,-0.05528612,-0.2686144,-0.00893944,-0.4098473,0.3055764,-0.5095015,-0.0008287902,0.1034915,0.1304359,-0.009755744,0.2643534,0.09594235,-0.1035816,0.01833797,-0.1465901,0.3095632,0.01285897,-0.133967,-0.09312373,0.449581,-0.4046141,0.0361206,-0.596101
0.2035608,0.1398933,0.4870864,0.4920751,-0.0671267,-0.005365793,-0.5262039,-0.08874722,-0.4533724,0.2649822,-0.4714494,-0.3059995,-0.1118247,-0.7575558,0.4723662,-0.3260382,-0.09773005,0.1792355,-0.5262347,0.04716666,-0.6339465,0.3246667,0.1519387,-0.001896546,0.05335643,0.6037837,0.3101807,0.004045338,0.0008018212,-0.2586396
0.006932458,-0.001267434,-0.1065277,-0.4778137,0.1475135,0.7146932,0.002769162,0.26451,0.2648748,0.688616,-0.03840107,-0.3735022,-0.1107171,0.4358438,0.1166708,-0.1196811,-0.4170792,0.1572178,0.1259596,-0.7420107,-0.2036844,0.7561117,0.2899457,0.00142422,-0.2925412,0.04704805,-0.002610496,0.04258011,-0.1828555,-0.3914884
-0.09287047,-0.3496362,-0.0191271,0.4327596,-0.4493971,-0.1967809,-0.003425347,0.001884967,0.02184337,0.05361122,0.2971822,-0.03168135,0.2815062,0.08598395,-0.4789394,-0.001262715,0.4389418,0.1016447,-0.3199176,0.352031,0.5557796,0.02264002,-0.06555286,0.4316687,0.1370973,0.1057468,0.1909079,-0.05246393,-0.05930663,-0.00546521
-0.5314254,0.327622,0.3765244,0.3499916,-0.1723028,0.002293332,0.09928343,-0.05222836,-0.1805335,-0.8939292,-0.146676,-0.1957112,0.1705784,-0.4360922,-0.08191668,0.4949043,0.1599308,0.178982,0.1855311,-0.4743537,-0.381757,-0.2585191,-0.6089546,-0.04210991,0.08884376,0.001414439,-0.2470648,0.05118102,0.1063591,-0.2695206
0.3511418,0.1347084,0.3847497,0.4941384,-0.4625792,-0.4899414,7.425373E-06,-0.3232492,-0.2995405,-0.06561465,0.06672906,-0.6868353,0.2300116,0.08638674,0.5747582,0.02725279,0.3675484,-0.1745185,0.1120045,0.1098987,-0.1717224,-3.57799,0.2526214,0.01346081,0.0162118,-0.04885299,0.4442993,0.3342119,0.00390398,0.182418
0.1158363,1.849621,-0.2680479,-0.2186314,0.1641791,-0.3977348,0.02012344,-0.4699779,0.001788254,0.001276051,-0.8505812,-0.2489953,-0.1928391,0.02618778,-0.03217949,-0.2087144,0.05741337,-0.004654432,0.3216643,-0.1247268,-0.06344986,0.1215336,-0.01923712,-0.1606831,-0.02918263,-0.1733372,-0.2568203,-0.2429391,-0.4686007,-0.001450867
-0.0002594942,-0.2930652,0.0006199572,-0.4859605,0.06367916,-0.3234377,0.1153378,-0.3974205,0.04096024,0.02082823,0.1326168,-0.0774917,0.4893993,0.3425467,0.06550673,-0.107815,0.3703905,-0.0135925,0.1170699,0.01575138,0.2513937,0.1171904,0.2971511,-0.1107543,0.1523957,-0.04991839,0.3475137,0.0857288,-0.00928098,0.03936011
0.004917597,0.0007651609,-0.02167197,0.07625297,0.08474205,-0.7040028,-0.04052871,0.1392242,-0.6807354,-0.559413,0.2792007,0.3581964,-0.3639206,-0.137161,-0.1813193,-0.001332621,-0.2302112,0.1142865,-0.00252764,-0.01088268,0.04500121,-0.3407188,-0.1834056,0.3996162,0.2049019,-0.07748716,-0.004423934,-0.1976223,0.03981552,0.07656819
-0.03232783,-0.7634389,0.1006047,0.01742437,-0.4755714,-0.05378991,0.008987283,-0.1585084,0.1398588,0.5563686,-0.4361928,0.3289295,-0.0771212,0.3706691,0.1323844,0.04631186,-0.1296673,0.0797845,-0.1928716,-0.1967,-0.1234122,-0.04880495,-0.2088537,-0.0006503802,-0.06145471,1.707667,-0.4410355,0.1882719,-0.07358962,-0.1230937
-0.3464143,0.06582389,0.01922532,-0.2212871,0.1588135,0.1891949,0.3420478,-0.001033267,-0.2463761,0.8113313,0.282389,0.04418059,-0.8395002,-0.07368293,-0.4090283,0.1621895,0.06304651,-0.1340438,-0.04000378,0.7173773,0.01563398,0.4603479,-0.6352386,0.1122019,-0.01176209,0.1767314,-0.07174975,0.4589641,-0.7738467,-0.04618056
0.3323829,-0.07221442,0.006523398,-0.0009580869,-0.02213473,-0.2737818,0.005309809,0.02150625,-0.1325925,-0.3003584,0.3813511,-0.3864177,-0.1141829,0.3896261,0.2419344,-0.0583948,-0.1137173,-0.09043317,0.2447309,-0.01339924,0.001917135,0.8346767,0.0002391127,0.08302863,-0.2106068,0.07125974,0.4092065,-0.04960791,-0.01017152,0.3987626
0.003943667,0.2121821,0.1189656,0.4703424,-1.060231,-0.3280575,0.0936133,-0.1067489,0.08747599,-0.3723851,-0.4550309,0.5262927,0.05013532,0.4170303,-0.01992508,-0.03265742,0.157497,0.03073762,-0.05649823,0.4510787,-0.1045393,0.177516,-0.5707805,0.003935354,0.496688,-0.202672,-0.08072728,-0.4937749,0.0063724,0.1865962
-0.3510986,-0.2912887,0.1724495,0.06601614,-0.5887597,-0.1195017,0.4744748,-5.216416E-05,0.09941939,-0.3878721,-0.01058716,-0.395939,-0.2963722,-0.4850291,0.3335303,-0.002323133,-0.6069314,-0.2963324,-0.008937413,-0.2822822,0.352108,-0.1217677,0.2230988,-0.4751103,0.1279421,0.606223,-0.12462,0.3900547,0.03695815,-0.2154448
-0.4100808,-0.3273159,-0.2084875,0.02714013,0.08408695,0.04641145,0.07728606,-0.1274349,0.5978681,0.1458081,0.3497716,-0.01524126,-0.4772288,0.4828775,0.351644,-0.2280161,0.2924507,0.4439846,-0.0613054,-0.2111709,0.01417543,0.5590072,-0.0001232193,0.09808166,-0.2046743,0.07807344,-0.01906308,-0.3462291,-0.109516,-0.1056965
0.003414112,-0.003182597,-0.06968487,-0.2403695,0.1037826,-0.2278324,0.0623979,0.1671166,-0.6253003,-0.474316,-0.330386,0.01455991,0.1725002,-0.02945467,-0.1251717,-0.08020371,0.1640704,0.5417412,-0.158368,0.1757768,-0.3285871,-0.2790462,0.09918671,-0.4645412,0.07064094,0.02175816,0.06471774,0.0004088312,-0.09764822,0.002752734
0.009571027,0.07038633,0.07178289,0.3485717,-0.0008715043,-0.3975608,-0.9589852,-0.03313125,-0.04222013,-4.676888,0.4614578,-0.07787063,0.0551791,0.003592954,0.1365755,0.03486096,-0.04463261,-0.02088554,0.1293577,0.1492619,-0.1253297,-0.3914215,-0.01509315,0.7966374,0.001721142,0.3466768,0.1586334,-0.06972646,-0.06615538,-0.02407891
-0.02439444,0.5560169,0.1285982,-0.06507587,-0.06281521,-0.0003801351,0.03271084,-0.178903,-0.3328198,0.3751031,0.06393635,0.6058091,0.2763379,0.5037887,-0.003948343,0.0125229,0.3536078,0.1360919,-0.06454775,-0.05252878,-0.4521532,0.1044925,-0.05451319,0.4977542,-0.2033017,0.5894921,0.1823661,0.3841911,-0.5817572,-0.1894401
1.411506,0.1301685,0.02034951,-0.0002521391,0.0003826215,0.4555852,-0.6914829,-0.03350911,-0.325487,-0.2962534,-0.03440836,-0.03179039,-0.1036931,0.00022009,0.02548622,9.12918E-05,-0.7055262,0.2723802,-0.3753346,0.03611594,0.2238333,0.2171598,0.2794243,-0.2593543,-0.1726728,-0.06034571,-0.6214651,-0.03949672,0.05734039,-0.02958421
-0.1917744,0.2692593,0.07141147,-3.86491,0.3549204,-0.003564994,-0.1302139,-0.2623245,0.0289359,-0.3284642,-0.2770007,0.2599048,0.08502646,0.7080048,-0.4382999,-0.1349435,0.4339986,-0.06693199,0.03673166,0.4375814,0.1258971,-0.1518554,0.09507333,-0.366504,0.4649028,-0.04746081,0.05465238,0.1966847,0.001783507,0.06717833
-2.603521E-05,-0.1362895,0.1772575,0.3820233,-0.1311224,-0.04994217,0.05072137,0.1230526,0.2644441,-0.007916275,-0.2391702,-0.3743342,1.147178,0.4199438,-0.1640952,1.18943,-0.3412489,-0.0851759,-0.04294152,0.01856708,0.2213881,-0.7291591,-0.2212853,0.2770157,0.000725956,0.1727116,0.02482215,-0.4268701,0.2586675,0.7649508
0.4767052,-0.2400743,0.4352614,0.7899592,0.1033414,-0.03163026,0.027387,-0.008752593,-0.02686983,0.1011692,0.3850154,-0.3610438,-1.022825,0.04283208,-0.005134278,-0.1259915,-0.2461172,-0.08629924,0.496042,0.3661678,0.7676887,-0.02287868,-0.2112957,0.3868155,0.4673387,-0.2632759,-0.397568,-0.04043391,-0.7095847,-0.4519562
;
0.007537995,-0.3612151,-0.009916297,-0.3641863,0.007895422,-0.3317468,0.01495095,-0.222411,-0.003467872,-0.02017361,0.4039073,0.1364207,0.4921101,0.003841122,-0.5435246,-0.02596008,-0.2716483,-0.1923149,0.009373367,-0.01692774,0.3278147,-0.03156876,0.1171733,0.2380042,-0.02780086,0.0108931,0.2194942,-0.0004986892,-0.007785756,0.02207885
-0.4392819,0.01619898,-0.07538635,0.3144766,0.01937845,-0.3763601,-0.3343968,-0.3852743,-0.3085275,-0.2575705,-0.2003185,-0.5686272,0.2993386,0.4986508,0.1290452,-0.1875136,0.507564,0.4158623,-0.02978212,-0.3540954,0.1297808,-0.2310804,0.5763996,0.2296599,-0.1863745,-0.2796264,0.1264659,-0.670595,-0.02374619,0.3495682
0.4643471,0.3136071,0.2297431,0.02968752,0.09682816,-0.4186171,0.7434955,0.004547376,0.1062027,-0.5990651,0.3025981,-0.08277428,0.2531623,-1.895831E-05,0.3113145,0.4453274,0.001991361,0.0390533,-0.002071379,0.2650713,-0.2822685,0.06053994,0.05594391,-0.08099508,-0.6217546,8.809978E-05,-0.1673056,0.06043211,2.228143,0.2761464
;
