0.1038495
-0.1512583
0.01708093
0.07919844
0.03557103
-0.6855802
-0.1954549
-0.01010953
-0.03262569
-0.157305
;
-0.7256778,0.1701718,0.5117503,0.3111043,-0.06617765,0.1997234,0.1772966,-2.043056,-0.2133022,-0.1249898
0.003617164,-0.9322636,-0.3441615,0.482119,0.1707381,-0.05303638,0.1766651,0.003415893,-0.3999845,-0.02345475
0.1116086,0.1776778,-0.05271358,-0.2070067,-0.7575383,-0.00098826,0.4255314,0.004530205,-0.2611745,0.01631719
0.07254222,2.291839E-05,-0.3332224,0.03616987,0.1147735,-0.4554942,0.1676079,-0.6362898,0.2551582,0.3895042
-0.03106374,0.003676138,0.1486012,0.128603,0.1734989,0.1454325,-0.4288264,0.004841917,0.4552153,-0.4935157
-0.3474444,-0.07612708,-0.04417604,0.05933744,0.002083245,-0.3265598,-0.005381681,-0.08930629,-0.21987,-0.03731897
-0.06030679,0.2722956,-0.8139561,0.02666964,0.2236062,0.2402178,-0.01645045,-0.4627283,-0.7429757,0.2119488
-0.4212476,0.3667887,0.153147,-0.274951,-0.7199942,0.0428008,-1.576978,0.2231383,-0.6080817,0.03528506
-0.001765674,0.07406753,0.0720947,-0.4068204,-0.2399063,0.0265356,0.2757332,0.02202861,0.08054351,0.06757507
-0.2225637,-0.3500875,-0.3682092,0.1245869,0.3665533,-0.003047455,-0.06334167,-0.01736928,-0.001520361,-0.3303884
;
0.4327669,-0.1499935,0.3978409,0.05692116,0.05786023,0.5306487,-0.1540303,-0.05315538,-0.4670088,0.3208357
1.084057,-0.0132778,-0.2710329,0.05323967,-0.2361737,0.8991405,-0.1197419,-0.3876947,0.3284236,-0.009270819
;
-0.1776532
-0.09081608
1.000526
-0.01604043
0.1152847
-0.06006247
0.06721267
0.3577568
-0.2856288
-0.06667715
;
0.06934287,-0.2761382,-0.0308858,0.0006554675,0.0005054387,0.3324461,-0.6801931,-0.3696988,-0.1335508,0.1067458
-0.3077333,0.8883096,0.1034402,0.01165277,-0.1923049,0.01331456,-0.1776229,0.1610217,-0.0004201863,-0.01121121
-0.01925403,-0.2958331,-0.002980333,-0.05178849,0.1599701,0.01435244,-0.115681,-0.04475576,-0.1063706,-0.04700968
0.006106952,-0.02022939,-0.262663,0.002325761,0.3076237,0.05199236,-0.04332781,-0.2611406,0.04524972,-0.05693177
-0.1761992,0.2312842,-0.003042703,-0.1854681,-0.1507161,0.3779227,-0.2084867,-0.2215389,-0.1199195,-0.03400822
0.3787789,0.3186686,-0.1731878,-0.1093783,-0.02987893,0.2029825,-0.01689011,0.2628885,0.08941634,0.05310912
0.565153,-0.01280622,0.3272216,-0.1196385,0.2971849,-0.07037705,1.309655,-0.6659576,0.02347884,0.941195
0.874256,-0.1051375,-0.001389186,0.2144863,0.1303362,0.09431106,-0.9826191,0.07339197,-0.04656108,-0.150855
1.007667,0.5584035,-0.02228996,-0.01311308,-0.01747866,0.2348547,0.4328047,-0.006887019,-0.4670374,0.1877622
0.02034348,-0.3169703,-0.007318119,-0.4015499,-2.692576E-06,-0.2110722,-0.5100951,0.2597546,-0.005846861,-0.004993028
;
0.4658655,-0.08250564,-0.1284748,0.1862368,0.004759581,0.00415335,-0.01175838,-0.08362287,0.1453678,0.1187292
-0.09755975,-0.009533882,-0.3522553,-0.1040476,0.009625513,0.0672353,0.04868822,-0.005126297,0.001545506,-0.06277276
0.006721383,-0.01615614,0.09707647,0.02520841,0.1494758,0.03214175,0.1479738,0.01481265,-0.01036184,0.7511683
;
