-0.2219035
0.05034584
-0.0837141
-0.4855996
0.4723047
-0.1286373
0.4560946
0.2959985
0.3446774
0.1592886
;
-0.2459465,-0.4394888,0.196599,0.01602,-0.08905393,0.1640591,0.4450126,0.4043015,0.2707806,-0.1139221
0.03602463,0.4812562,0.3936437,0.1873714,-0.1298125,0.005655706,-0.1485552,0.1000296,-0.469111,0.1982338
-0.1268085,0.2352943,-0.2173048,0.2304848,-0.4555269,-0.2156785,0.4712518,-0.1004366,-0.04844195,-0.03079051
-0.4027208,-0.07452542,-0.3218135,-0.4655355,-0.4749284,0.3971393,-0.4728361,-0.2505388,0.1095302,-0.3886925
0.193956,-0.4527218,-0.2281139,-0.09516498,-0.2430812,0.2667713,0.2571765,0.2888871,-0.03855437,-0.21841
-0.3512034,0.3307128,-0.3886691,-0.4992964,-0.4297307,-0.4635764,-0.1186314,-0.09694582,0.4270762,-0.2071646
-0.3555597,-0.05615133,-0.135735,0.2510411,-0.3241454,0.1612638,-0.4899031,0.07735091,0.1079332,0.1356184
-0.04997379,0.4408263,-0.1358796,0.09965509,-0.1009666,-0.413113,0.4025259,0.05782801,0.3821243,0.4720976
-0.3236195,-0.01499552,0.6370751,-0.08243078,-0.4769,-0.1435944,0.3246174,-0.3629781,0.365695,0.05184823
0.4018698,-0.2948055,-0.2878146,0.192103,-0.3268806,0.1444895,0.1421853,-0.3913194,-0.1467624,-0.3054359
;
-0.3313011,0.1934365,-0.09568673,0.15433,-0.3161094,0.1769919,-0.362506,0.446926,0.22066,0.09950608
-0.211963,-0.001646459,-0.465212,-0.0008146167,-0.4168934,0.2845838,-0.1213891,-0.2035198,0.4895332,0.09554356
;
-0.007235154
0.06169277
-0.03229069
0.3310285
0.01142798
-0.2621271
0.0706223
-0.0413422
-0.4439946
-0.1074331
;
-0.02649015,0.0005453475,0.910635,-0.4674893,0.5788578,-0.8765131,-0.001840377,-0.9040396,-0.1902671,-0.3240845
-0.3739635,0.2788366,-0.1598712,-0.4261967,-0.3191595,-0.02864248,0.6263687,-0.3547918,-0.0302269,-0.5678815
-0.3153341,-0.3501382,0.6564062,0.2837824,0.1592963,0.2647461,0.01134637,0.1903022,-0.4389458,-0.3150462
-0.0326516,0.0571693,-0.1096511,-0.1960194,-0.0111253,-0.01525597,0.05612721,0.3186042,0.174749,-0.7212545
-0.07701689,0.006308088,-0.2249286,0.3639629,0.05512514,0.1223971,0.3995939,0.6991035,0.4097792,0.2968108
-0.2196606,0.9212433,-0.1721746,0.4592401,0.0006901153,-0.1120688,0.07867908,-0.007915275,0.003363854,0.3778755
-1.152186,0.3061841,0.0798566,0.2367031,0.1013608,-0.1392631,-0.1874581,-0.4365152,-0.02093429,-0.051757
-9.367763E-05,-0.3275031,-0.0162075,0.4993824,2.621902,-0.6316583,0.02822837,0.4175123,0.06639494,0.3084778
-0.2181281,-0.2951103,-0.3286932,-0.2343637,0.388702,-0.1096184,-0.2168036,0.4784648,-0.4117461,-0.2035548
0.2496132,-0.04226035,0.5537846,0.05545451,-0.1295909,-0.1616617,-2.889118E-05,-0.3303998,0.3737366,0.004987848
;
0.6172405,0.001059387,-0.01656178,0.3771448,0.4914839,0.1416284,0.4009995,0.346593,0.7016118,0.278658
0.0780853,-0.2462217,-0.2189212,-0.2657762,0.04004533,0.01368397,0.4090846,0.03610283,-0.5359347,0.1576794
;
0.2085712
-0.1939428
1.122492
-0.1639675
-0.4375216
0.1676242
0.1182049
0.1327363
-0.2786406
-0.2298479
;
-0.0754386,0.08487742,0.09133167,-0.158802,-0.4602247,1.286906,-0.05247315,0.02197735,-0.004773389,0.05952624
0.02228071,-0.2870349,-0.3708882,-0.4220538,0.5441689,0.01153808,0.2158742,0.07145614,-0.2793547,-0.2987021
-0.1195848,0.05309974,0.03152603,-0.1415929,-0.04756441,-0.3728277,-5.442979E-06,-0.2776852,-0.2330198,-0.1174135
0.01301975,-0.5693319,1.722957E-05,-0.0361484,0.1078049,-0.002445167,-0.02412983,-0.1151974,0.5137491,-0.04046931
-0.4779032,-0.06007963,-3.757323,0.3861715,0.2322008,0.03242264,-0.001453367,0.4951593,0.6500291,-0.1353586
0.8726642,-0.00823999,-0.01918608,-0.1516329,0.3755983,-0.03333608,-0.03709267,-0.3823781,-0.04772242,-0.00118116
-0.06145159,-0.4782097,-0.5251895,-0.4893284,-0.03895205,-0.2905071,-0.1756054,-0.5475025,-0.2493708,-0.2418039
-0.1455908,0.00747753,0.4396627,0.07561129,0.8523237,0.4970464,-0.1988097,-0.05116748,-0.001391285,-0.03893393
0.4396009,-0.01192314,0.03022466,-0.174192,0.4346091,-0.03413006,0.6919987,0.0007364823,-0.0175795,0.2669519
-0.1260124,-0.432785,-0.1579069,-0.009861648,-0.0006040006,0.02477289,-0.07132132,0.5248898,-0.7004226,-0.4735264
;
-0.00249729,-0.579239,-0.1753883,-0.006325149,0.07940024,0.2464455,-0.3380569,-0.01740418,0.4638344,0.2402254
9.955587E-06,0.1086324,-0.1363297,0.7198365,0.09371109,-0.1761069,0.0001898408,0.008123503,0.004555878,0.2845392
;
0.1887709
0.1059645
0.09626789
0.001297799
0.4582682
-0.02992778
0.1754233
0.3192531
0.00190155
0.2815037
;
0.06945314,0.211327,-0.2351562,-0.1884897,0.2675068,-0.6776596,-0.154353,-0.04381631,0.3343325,-0.310815
0.4268804,-0.0648279,-0.1178313,0.08085471,-0.1056216,0.6771738,0.1803065,-0.3403226,0.05980941,0.3133553
0.05753752,0.003298533,-0.004683537,0.08211394,0.118497,0.3928149,0.09560841,0.4296457,-0.0237024,0.4956427
-0.09970902,0.03099515,0.01507883,0.4530555,-0.0006647157,0.02793079,-0.3781091,-0.07408429,-0.07252507,0.1308702
-0.007168105,0.158561,-0.03015218,-0.1923364,0.0276973,0.1849119,0.4876744,-0.167394,-1.770914,-0.1398535
0.2195114,0.008984953,0.1506824,0.8995058,0.08118656,0.4980862,-0.5671888,0.5450298,0.001235148,-0.5363242
0.1947628,0.1206653,-0.003497607,-0.03385253,0.3622962,0.02347354,0.0181508,-0.4967238,0.3424068,-0.3704628
-0.5370049,0.03156892,-0.3677973,-0.008536105,0.01453906,0.1672935,-0.1298918,0.145986,-0.06521171,0.1022516
0.0350637,0.0017555,-0.4370465,0.007389986,0.03266874,-0.02974363,-0.1413762,0.124084,-0.1823413,0.2106654
0.139525,-0.427176,-0.04046875,0.0684489,0.3719406,0.01713954,-0.4769802,-0.1750138,0.4524822,-0.05151131
;
-0.2763284,0.4603163,0.25888,0.03762912,-0.1317415,0.007234334,-0.219533,0.2623519,-0.03888886,-0.861226
-0.330212,0.004058676,-0.258253,-0.2241936,-0.4164984,-0.5660327,-0.3701213,0.1312456,0.08405934,0.02881503
-0.9162436,0.6031739,0.08695556,0.2441035,0.01784212,-0.1506167,0.9465865,0.7472236,-0.3593066,-0.004435607
;
-0.01492891
1.840727
-0.1139051
0.009369546
0.05971116
-0.4679929
-0.04661896
0.2676715
-0.4293513
0.008037328
-0.1806487
-0.1521537
-0.1851961
-0.1415282
0.7233329
0.2739557
0.224191
-0.2471747
0.2310156
0.2854737
-0.0063742
-0.1120364
-0.8631307
0.1519041
-0.5710073
-0.3990132
0.1191761
0.596409
0.123211
0.36202
;
-0.01724278,0.2740484,0.4134141,0.4783011,-0.1664296,0.009617388,0.2523628,0.1008005,-0.5147084,0.0005515609,0.3211918,0.04583436,0.02326744,0.3245803,0.2958236,-0.2925872,0.4917548,0.1689296,0.02747956,0.1742186,0.05777889,0.3784754,-0.4719554,0.03946224,-0.01461914,-0.007925212,-0.4198431,0.9429584,0.1302523,-0.216232
-0.07178731,0.3049766,-0.3225328,0.4365458,0.01318078,-0.09234001,0.2155933,0.1628127,-0.1140525,0.4517235,0.3361066,-1.011953,0.001980126,0.06464426,-0.02376395,0.3227838,-0.002922286,0.3478643,-0.01145175,0.07485946,-0.1819665,-0.624409,0.09835911,-0.07254165,0.2543381,-0.01518055,-0.2199958,0.00776848,0.1313104,-0.1634738
0.1364306,0.02410308,0.2779894,-0.04409482,0.3943957,-0.04059868,0.09118718,0.02758584,0.1559534,0.5057374,-0.2216297,-0.02318001,0.07293142,-0.1063718,-0.2764029,0.01322015,0.4739407,0.3515997,0.4494173,0.009693788,0.09389239,0.2701259,0.08832186,-0.127468,0.1384847,-0.0564094,-0.3214381,-0.8839829,0.01214748,0.4944644
-0.4416521,0.3039706,-0.3080907,-0.6663749,-0.001284394,0.1793487,0.03232766,-1.009189,-0.2818176,-0.4983726,-0.08578819,-0.4914726,-0.1230808,0.3891075,-0.07614225,0.1338883,-0.131119,0.229915,0.06698945,-0.5007496,0.01894686,-0.8796088,-0.03644758,-0.07043354,-0.46856,-0.1407686,0.01197697,0.1616707,-0.1232978,-0.3212674
-0.04053028,0.01123645,0.3431432,0.06717417,-0.4184016,0.3346707,-0.02413223,-0.7880535,-0.248296,0.0444789,-0.08025526,-0.08261333,-0.2904414,-0.02347771,0.008526443,-0.08524674,-0.02526017,0.1778133,-2.351743,0.2821003,0.4405128,0.05987474,0.2564744,0.03870141,-0.1642206,0.3341273,0.06681317,2.056006,0.0909442,-0.2268445
0.09631105,0.07178169,0.002285846,0.3434824,0.0009630799,-0.1611527,-0.02523918,0.4860432,-0.2308802,0.6860453,0.05761449,0.1154372,-0.1125841,0.02031261,0.1930966,0.07220818,0.1231321,-0.3692104,-0.3652585,-0.2179333,0.4597026,-0.03552184,-0.001401789,-0.02590606,0.06177372,0.337709,-0.353507,0.06978816,0.1442381,0.4251431
2.12898E-05,-0.4562733,-0.2809165,0.1118531,-0.0339954,0.2741094,-0.02268022,0.001011452,0.2659917,0.2487827,-0.03287156,-0.3231962,0.02874273,-0.02377132,0.1899991,-0.7689267,-0.4426427,0.2154952,0.3430726,0.2140507,0.2762759,-0.03950704,0.170984,0.5741041,0.3595806,0.2448045,0.2523471,0.4330297,-0.1534659,0.5012954
-0.3648031,0.1021333,-0.183841,-0.224344,0.1406747,-0.06275972,0.7537903,0.004303826,0.2867693,0.5761268,1.260386,-0.1214464,0.002911547,-0.2251482,-0.2884288,0.0853073,0.941106,0.383446,0.125551,-0.3207483,-0.155819,-0.4999011,0.001461914,-0.1110114,-0.01903786,-1.131467,-0.238569,-0.5409932,-0.04656507,-0.006885003
-0.6408413,0.3834614,0.2028828,0.3733066,0.04283701,-0.05982388,0.196274,0.9417427,0.05630253,0.05454764,0.3622031,0.1816598,0.04176933,0.1318011,-0.01853015,-0.1675593,-0.1521973,0.4633949,0.3852429,0.474331,0.1140187,-0.4039838,-0.3796995,0.3261169,-0.05182642,0.2194984,0.07577449,0.01311588,-0.00168053,0.006923581
0.1128367,-0.02101523,-0.1014757,0.06640396,-0.0259766,-0.0589167,-0.3125889,-0.003058602,0.1171678,0.3765337,-0.1289597,0.02864105,0.4132243,0.2706978,-0.260667,-0.02444822,0.1632372,-0.3688986,-0.0147381,-0.06164778,1.200183,0.01115281,0.03756195,-0.01431853,-0.9549116,-0.03161477,-0.1309249,0.6191769,0.3363274,0.001301323
-0.2828033,0.01716981,-0.00972369,0.01855249,-0.07615805,0.1541965,-0.2374149,-0.4540195,0.1960068,0.03162777,0.1555784,-0.2738843,0.09056681,-0.3971012,0.3361759,-0.02566995,0.001524807,-0.3239766,-0.2750728,0.05427831,0.3805965,-0.01156042,0.266833,-0.1678028,-0.1566401,-0.4397172,-0.1800606,-0.1026097,0.1675717,-0.2129024
-0.3907461,0.1694079,-0.387127,0.6745369,0.006252655,0.2451656,-0.2816046,0.3094491,-0.1159793,0.05823344,-0.02947695,-0.4785602,0.2774955,-0.2431092,-0.2625409,0.005478818,-0.1042461,0.5595624,0.5534565,0.01891666,-0.147804,0.5295941,0.0365718,0.4428697,-9.366124E-08,0.05814438,-0.07499512,-0.1862938,0.2223993,-0.01152876
-0.07602949,-0.4089592,-0.03965636,-0.3386039,-0.3737304,-0.04454206,-0.503377,-0.01978213,0.1495712,-0.1821971,-0.007205546,0.006817644,0.07631514,0.357996,-0.4869027,-0.4866052,-0.3375416,-0.2774898,-0.08129127,0.1633098,0.217836,-0.5636174,0.06274384,0.7729687,-0.2203622,-0.4543644,-0.4099938,-1.031505,0.3025055,-0.1531411
-0.08185857,0.05014521,-0.1476358,0.01193915,-0.03036612,0.2485866,1.790271,0.05085798,0.5595335,0.3012983,0.2681736,-0.7593819,-0.6896978,-0.3643181,0.2587527,0.1062875,-0.1942686,-0.1363498,-0.02343789,-0.2038011,0.2151367,-6.803707E-05,0.3296328,0.003291559,0.01105617,0.1493397,0.01268667,-0.1284513,-0.04699643,0.001313
0.01008021,0.5818285,-0.02245456,0.393703,0.02205553,-0.08906215,-0.05068427,-0.3970085,0.1107597,0.3216966,0.1938589,0.3334412,0.001015722,-0.3906404,-0.001913376,-0.3785856,-0.2697393,-0.3086111,0.3127441,-0.3434542,0.2367432,-0.3712261,-0.08834542,0.5377887,0.1572306,0.5679961,-0.1885061,0.4375087,0.9088593,0.07292253
-0.1845162,0.3899388,0.2159893,-0.2975101,0.9966584,-0.2161539,-0.0062978,0.004359802,-0.1260223,0.1786627,0.07140549,-0.4243284,0.06000242,-0.1470948,0.01823471,0.284353,-0.2681662,-0.04668259,-0.01119922,0.2710013,0.007091986,0.6188129,-0.5128331,0.8129093,0.6615316,0.002754731,-0.1625312,-0.01310235,0.4555202,0.005518931
0.01342994,0.3554132,-0.01206485,0.1622645,0.9073564,-0.006892642,-0.01743966,-0.02971957,0.04347802,0.002333938,-0.1884599,0.1306023,-0.1145796,0.7264631,0.1741597,-0.4976233,0.01583892,0.02847828,-0.2160198,-0.424309,0.4092356,-0.005604811,-0.07690507,-0.3351635,0.3413944,0.6896541,0.001802485,0.07215404,-0.1311115,0.1060438
-0.1677126,-0.4879723,-0.1847356,0.01870337,-0.00333759,0.5232811,-0.2201483,-0.9205705,0.1263678,0.02036624,-0.05480248,-0.4067558,0.06164819,0.001858828,0.2468063,-0.01965996,0.2229628,-1.039917,-0.0749469,0.1584708,-0.4886549,0.3716389,-0.240186,-0.08237424,0.05338537,0.4837127,0.4623961,-0.4344957,-0.1955755,-0.2214241
0.06786837,-0.1188495,0.3756648,0.1668181,-0.02192674,0.2427271,0.1232212,0.4318807,-0.4750816,-0.009399123,0.1460193,-0.1041837,0.1758698,0.1406494,-0.004706917,0.08414286,0.2392932,0.3577074,0.1568514,0.6701353,0.3558792,-0.4076768,-0.007026645,-0.00153426,0.002735072,0.1027786,-0.008020222,0.1591272,-0.01031577,-0.1162232
0.006445067,-0.3045377,0.00448972,0.1083753,0.002275122,-0.09599179,0.0419989,0.02418204,-0.4659399,0.2449846,0.1726218,-0.1036519,0.3437771,0.1251968,0.1151834,-0.9147036,-0.1621935,0.2061383,-0.3204353,-0.05498869,-0.05588165,-0.07264362,0.02687424,-0.2454975,0.3704035,-0.3565843,-0.05919412,-0.02393144,-0.02553683,-0.1289268
0.2976717,-0.07334584,0.01983649,0.03052862,-0.06497592,0.2354272,-0.2544205,-0.3267046,0.07249277,-0.1171972,-0.2627793,0.2321593,0.127867,-0.07304284,-0.03501141,0.1227405,-0.0812223,0.2478367,0.02921468,0.01888875,0.335439,-0.1622919,-0.01123586,-0.2060181,-0.0007493168,0.1674469,0.1039144,-0.07399439,0.2629544,-0.2696435
-0.4551511,0.6942751,-1.24109,-1.366933,0.07056902,0.006832456,-0.1541354,-0.3113464,0.311259,-0.08930425,-0.1097597,0.02412516,-0.003257293,-0.3602804,-0.08945352,-0.325865,-0.08476812,-0.3430803,-0.02681058,-0.2892837,-0.3896668,0.1440759,-0.422977,-0.1900713,0.4921,-0.0791468,0.00759634,0.1023454,0.03686386,0.4913951
-0.02018478,0.3197409,0.007414345,0.3616644,-0.339409,-0.1820566,0.1110793,-0.000423971,-0.4498346,-0.08432992,-0.6422694,0.5573305,0.2624548,0.05708928,0.1647771,0.02153875,-0.0002098138,-0.06539536,-0.08441633,-0.002856184,0.08295101,0.4175322,0.4521879,0.001590285,0.02451514,0.3030865,-0.001502605,0.2852358,0.3197296,-0.4006308
0.462043,-0.07367492,9.026055E-05,0.2929517,0.1754169,-0.2430187,-0.174079,-0.1705457,-0.005062554,0.2590074,0.003905225,-0.4721453,3.463894,-0.0192068,0.01665956,0.008338468,0.08424272,0.1847042,-0.0893734,0.009802206,0.007378548,0.04249996,0.4150224,0.01234457,-0.5827899,-0.4068438,-0.2002001,-0.2363041,0.1241484,0.1457041
1.293939,-0.02340256,-0.2024463,-0.3514659,-0.3843016,0.1803681,0.000177681,-0.4664562,0.3908668,-0.2387956,0.1404617,-0.4084274,0.1054913,0.08827426,-0.1336834,0.0268933,-0.1698129,-0.05109258,0.06722511,0.009141329,-0.09788703,-0.0001003725,0.03093373,0.2068415,0.02875943,0.01510353,0.1258197,-0.2955502,-0.1638381,-0.08704837
-0.3714904,-0.07390092,-0.2348933,0.0517666,-0.2634882,-0.01276096,-0.407157,1.93362,-0.4184977,0.2604325,0.1378399,0.2356868,-0.01394933,-0.006942083,0.7596807,-0.1405162,0.02577014,0.01946314,-0.4412614,-0.1369345,0.001940524,-0.391257,-0.01874563,-0.3269734,0.120238,-0.1925556,1.184086,0.1901892,-0.1844475,-0.2064624
2.012896,-0.2893864,0.2210222,0.8067459,0.1084853,0.1452188,-0.03363091,0.389853,0.00650043,0.2847405,0.08026925,0.4832214,0.01224252,0.1131457,0.6478049,0.2017305,-0.5042057,-0.02196067,0.2100577,0.2819,-0.1888712,0.07044078,-0.2146248,-0.04341696,-0.6648217,0.1395552,0.2575221,0.7041584,0.07022934,-0.001906626
-0.2862233,0.005319338,0.05369397,-0.329476,-0.2870108,-0.1273946,0.01413035,0.2550884,-0.4473826,-0.02852994,-0.1563491,-0.4652725,0.1783076,-0.2388141,-0.156771,0.3265156,0.14179,-0.2261947,0.7266651,-0.1823865,-0.009410225,-0.2964483,-1.061181,-0.3553957,0.5160148,-0.0932551,-0.0186682,-0.2239544,0.2731209,-0.007655462
-0.0003013938,-0.002794706,-0.3909798,0.3384266,0.1268457,-0.02135145,-1.585716,0.03887266,0.2422497,-0.2881165,1.631633,-0.3940998,-0.07834613,1.743099,-0.001120791,0.3849146,-0.05670995,0.4788187,-0.07545307,0.08289579,-0.3002861,0.36509,-0.5342715,-0.7730919,0.3793525,-0.6119034,-0.2052366,0.003977954,0.008510482,-0.3955965
-0.04957101,-0.03394061,-0.5180855,0.3820432,0.1464131,0.1925957,0.3409337,0.4942289,-0.4777623,-0.03679089,0.3235631,-0.1323699,-0.04951419,0.1123399,-0.01660546,-0.1324734,0.2073247,0.4306827,0.2184135,-0.0007432301,0.1175579,-0.3197749,0.08597034,-0.3162161,-0.0977598,0.0170907,-0.05058366,-0.1633259,0.2403708,-0.1994604
;
0.03650534,0.1425124,-0.370858,0.1187926,-0.004664213,-0.04952592,-0.402505,-0.3583826,0.004701984,-0.04105747,0.1015756,-4.680779,-0.4993938,0.4453003,0.4633553,-0.4883063,-0.5296684,0.4081459,-0.5087453,-0.005470389,0.01941244,-0.04046231,0.4673798,0.1501606,0.4562329,-0.4061085,-0.05795604,-0.04555796,-0.07004815,0.1539217
0.1059771,-0.002411634,-0.4462653,0.1421551,-0.1428299,-0.1138869,0.336056,-0.6789605,0.3208252,0.1884734,-0.01780469,0.2405389,0.04849289,0.3704367,0.06337132,-0.04596157,0.7630386,0.01497731,0.02478248,-0.2635879,0.3337843,-0.3818059,0.0320496,0.0006131595,-0.4068928,0.1852262,-0.6933793,-0.01140192,-0.03542161,0.3277256
0.2638346,-0.1315468,0.03850994,0.07882938,-0.3265232,-0.08077294,-0.3621761,-0.3582027,0.1902287,-0.2440463,0.2824868,-0.1135047,0.1371171,-0.6022938,-0.1524327,-0.4750118,-0.3011565,-0.2889501,0.0905895,-0.2207235,0.07875007,0.0002308959,-0.4056512,0.2478564,0.1901227,1.187404,0.001012314,-0.3213968,-0.03144938,-0.3116232
;
0.1220796
0.1788804
0.6319675
-0.3826141
-0.4719675
-0.3099866
0.04095954
-0.09772998
-0.3429803
0.1535558
-0.02226018
0.03924304
-0.1321043
0.4056965
0.1275253
0.0419055
0.1679836
-0.3119541
1.862641
0.4737259
-0.4287829
-0.2606331
-0.7036591
0.01169022
0.02085954
0.01456499
-0.4769144
0.05290776
0.06519838
-0.4116443
;
0.05337183,-0.02629316,0.1610931,0.02480269,-0.05351001,-0.05598455,0.3519885,-0.339107,-0.05439635,0.8689248,-0.1820294,0.01303116,0.2261094,0.1435509,-0.298799,0.05101455,-0.2338577,-0.425037,-0.3797541,0.4263597,-0.6576286,-0.02934493,0.4976969,0.1954137,-0.5255307,2.06054,0.4726037,-0.0557843,0.002312423,-0.05268651
-0.1235813,0.01846163,0.1680853,-0.1021078,0.04879597,0.4761692,-0.1535984,-0.001338273,0.6898845,-0.1339882,0.00420809,0.7820821,-0.3537177,0.4572372,0.07647604,-0.09117931,-0.1895491,0.3009276,-0.09987169,0.2319479,-0.04943369,-0.03183611,-0.2045184,0.07760972,-0.1730581,0.05222701,0.02848653,0.3187686,-0.01330996,-0.6054228
0.05118901,-0.0002575404,-0.3224845,-0.2203106,0.2317844,-0.05495244,0.2779219,0.124936,0.2788954,0.04888179,0.01997033,-0.4017273,1.340142,-0.206876,-0.07113878,-0.293678,-0.4771284,-0.03438104,-0.2074137,0.3084892,-0.7016205,-0.2170422,-0.01764188,-0.08597318,-0.3777008,0.004486551,0.3691807,-0.4006435,0.002760893,-0.01767265
-1.135803,-0.2867309,0.1843072,0.008160786,0.1590037,-0.3647956,0.8367978,0.2540797,-0.2725773,0.0007234545,-0.00914248,0.08082043,-0.200188,0.1862882,-0.499148,0.3219572,0.09131366,-0.352017,-0.3120134,0.454827,0.6062556,0.1628883,0.003224096,-0.08952442,-0.07667357,-1.155984,0.06601119,0.06958435,0.458425,0.3902776
-0.302979,-0.2479458,-0.06659963,-0.04243595,-0.1239583,0.2622023,-0.7781798,-0.2319955,0.6717287,-0.002155815,0.4085081,0.2195097,-0.4446291,0.2953986,-0.03094086,-0.06854802,-0.2279233,-0.3413739,-0.7795636,-0.4144583,0.1532603,0.08652434,-0.0941513,-0.283892,0.0796266,-0.002451113,0.01073745,-0.1632701,0.15161,-0.02955405
-0.04329556,-0.1025992,-0.1495892,-0.1033582,0.5771607,0.4508584,-0.04683466,-0.007655203,0.07623664,-0.05157596,-0.2922156,0.4697378,0.4360958,0.3441168,-0.1021941,-0.02816945,0.08164638,0.04612257,0.1453341,0.002017975,0.07678086,0.2867425,-0.08053605,-0.4030164,-0.01114671,-0.6224948,-0.08120956,-0.0305329,0.2063269,0.3424827
-0.04684116,0.221447,-0.4805834,-0.0827802,0.2624856,0.05415672,-0.1712207,-0.04505426,0.2836448,0.5031731,0.3612982,-0.1661005,0.3606008,0.1711594,-0.1413291,-0.100843,-0.3218561,-0.4028834,0.03745006,-0.2575518,0.01968844,-0.009706265,-0.3811368,0.3612595,0.472826,-0.02705742,-0.00764045,-0.2867812,0.08058608,0.1127892
0.3058056,0.03381139,-0.2496449,0.4098082,0.4677957,-0.07381457,-0.4960116,0.3824332,-0.3415339,-0.1648063,-0.01592308,-0.1890935,-0.5476429,-0.1624928,-0.6112646,-0.5311715,-0.3768124,0.03937254,0.4520147,0.2576247,-0.006975114,-0.1493557,-0.4193993,-1.049997,0.006011156,-0.005643351,-0.01465059,-0.02727162,-0.02976364,-0.367499
0.4676614,-0.3107791,-0.2055002,-0.03495708,-0.236655,0.06032173,-0.003409316,0.0150649,0.3497798,0.3999748,0.3828315,1.472877,0.0108997,-0.1609029,0.2987961,0.3143364,0.4425009,0.274295,-0.2178351,0.02076294,0.3921849,0.3206939,-0.1077994,0.2769731,0.06424348,0.1891795,0.2679412,0.004664555,0.1184437,0.2362454
0.3997353,-0.006223484,-0.3113933,-0.5061209,0.2384781,-0.53534,-0.4117868,-0.3240253,-0.04231995,-0.2690197,-0.09667709,0.9808683,0.02488822,-0.9496782,-0.07013231,0.2581303,0.3119719,0.2585162,-0.3676747,0.1260236,0.0130437,-0.5945175,0.5505603,0.03295175,0.2739414,0.08741882,-0.0272594,-0.5572588,0.3008707,0.03588553
-0.1167354,-0.3496865,-0.9593543,-0.1074852,0.1262306,-0.4694363,0.02459918,0.06502422,-0.006972332,-0.04544268,-0.4118986,0.3995754,0.299716,-0.08781213,0.2156586,0.2308029,-0.01821173,0.0720934,-0.2364054,0.0571202,1.593258,-0.5306802,1.221259,-0.004135039,-0.1431616,0.2268324,-0.2710184,0.2305239,-0.2323908,-0.02279155
-0.5223531,0.09244261,0.2573209,0.5661816,0.02640443,-0.01467943,0.004028177,-0.5232484,0.2714587,0.03608043,0.1129519,0.005167469,-0.008991539,0.002292812,0.6817519,0.2602098,-0.05179995,0.3340344,0.5668837,-0.2235638,-0.1116737,0.008281718,0.001735849,0.07599322,0.3985959,0.3150048,-0.3488978,0.1664622,-0.1639546,0.1183447
0.1660828,-0.2959076,0.1755016,0.4662822,0.247172,-0.4105867,-0.005053561,-0.1845099,0.1529399,0.1619349,0.003392853,0.7984437,-0.07778985,0.003609205,0.1148236,-0.3216144,0.288305,0.3448055,-0.2222939,0.09143931,0.3996257,-0.3613862,-0.3052622,0.4716028,-0.03979785,-0.1787417,0.2358113,-0.2329661,-0.02609915,0.001700805
-0.2775297,-0.3770108,0.004971506,-0.2338078,0.1514635,0.1458173,-0.2793714,0.9173204,0.6487527,0.002685553,0.4216665,-0.2874159,-0.01483962,-0.6377092,0.1444045,0.4417708,-0.5267631,0.321189,-0.4986474,0.2245445,0.3405459,-0.1509897,-0.09735157,0.3914653,-0.7731701,-0.2811717,0.04792132,0.01106508,-0.02761528,0.0949606
-0.06581027,0.03134814,-0.272686,-0.08877331,0.1459012,0.008294118,0.3632693,-0.4045661,-0.8267649,-0.4057465,-0.3922555,0.1109834,0.3359938,0.0822283,-0.444798,0.005346585,-0.1159873,-0.1880434,0.3530318,-0.164889,-0.003337444,0.9718179,-0.06285123,0.06564637,0.1772588,0.3764119,-0.3050963,-0.02908736,0.1516689,-0.6178138
0.2649796,0.1467605,0.01561458,0.5547459,-0.1228469,-0.3717231,-0.3746566,-0.0495987,0.06695683,-0.01536131,0.02897432,-0.2113941,0.03007611,-0.3475568,0.4862536,-0.1281886,0.3914571,-0.01018447,0.4022522,0.008477047,-0.2300458,-0.1045924,0.2413095,-0.1548809,1.046363,-0.4903487,-0.001818269,-0.01313955,-0.4932425,-0.09269397
-0.1226611,0.17251,0.009220078,0.00461957,0.04286331,0.4718919,0.960648,0.4640484,0.2023792,0.4412905,0.3810812,-0.04761456,-0.02004118,-0.3871583,0.1962494,-0.002058797,-0.2371241,0.08494173,0.6278028,-0.1786756,0.0004714409,-0.194031,-0.1170942,0.06051074,0.0006966172,0.01431385,0.6471406,0.4156866,0.1021233,-0.1687683
-0.1389542,7.728932E-05,-0.02842485,0.09770697,0.4930919,0.4468558,-0.02642159,-0.4431547,0.03018901,0.1969116,-0.1587384,0.310552,0.1225131,-0.09631676,0.2454975,0.09435382,-0.5341626,-0.05033457,-0.1545292,0.1587124,-0.007220907,0.3943144,-0.03243243,0.6544651,0.7644718,2.47065,-0.3044335,-0.04120427,0.003847841,-0.3259223
0.1255254,-0.4098419,-0.1726699,-0.3868002,0.167469,-0.2724089,-0.8563093,-0.04012318,0.6228729,0.330002,0.4228047,0.03908607,0.1649572,0.003159727,-0.02577805,-0.465245,0.3314474,-0.01775443,0.00709195,0.3397408,-0.1503472,0.01126809,0.001006026,-0.3408264,-0.2696526,-0.04282206,-0.2438174,-0.9483984,-0.265328,-0.2933513
0.1007305,-0.006573385,1.231431,0.4352628,-0.4294883,0.2287944,-0.4775552,0.1703199,0.3115259,-0.03776329,0.1633626,-0.3085109,-0.1791885,-0.3753449,-0.1722041,-0.6556709,0.01622888,-0.4421817,0.4165598,-0.2177196,1.258754,0.1307019,-0.3999003,0.2286172,-0.03669937,0.8524299,-0.02963131,0.05869277,-0.9551814,0.2312118
0.03916777,0.1506316,0.1542344,-0.03520055,0.05775959,0.06203908,-0.403806,-0.4064758,0.4544933,0.0316678,0.08035976,-0.03237459,0.05579513,0.3151293,0.3617569,0.2386521,-0.008213783,0.295466,0.009629324,6.563935E-05,0.1605735,0.2748259,0.6164693,-0.08574921,0.1255811,0.7440769,0.02142814,-0.388115,-0.0208717,-0.06291288
-0.02447758,-0.2056036,0.07966352,0.00760165,-0.06871015,0.7691094,-0.4825248,0.008484546,-0.1969168,0.4406783,0.04123399,-0.05083412,-0.2539306,0.2081121,-0.836861,0.1241566,-0.2799345,0.2799942,-0.2466337,0.3330267,0.01622758,1.485391,-0.1178103,0.2102841,-0.01796552,-0.148949,0.07012115,0.1022733,-0.1827956,0.4202596
-0.7650321,-0.3329461,0.0174552,-0.4888948,-0.01196618,-0.03061566,-0.05942781,0.05305768,0.09134223,-0.2368306,-0.003484572,0.2224505,-0.3854204,-0.02091461,0.3031107,0.0479563,0.4108538,-0.2273799,0.2360076,-0.1168986,-0.01818258,-0.4090741,-0.3099492,0.1424047,0.01783188,0.4569317,0.1306505,0.02892219,0.0002218013,0.05184117
-0.0247249,0.08680547,-0.4035401,-0.1528752,-0.07889587,-0.09556188,0.4972296,-0.2618239,-0.07362369,-0.04337559,-0.4368398,0.09296034,-0.1047559,-0.05628989,0.003074933,-0.6836442,-0.03500468,-0.8704807,-0.5607907,-0.03858322,0.2193493,0.4848434,0.1471984,0.08855038,-0.001968518,0.8518717,-0.1533569,-0.01370825,-0.217022,0.490726
0.499994,0.2197455,0.4133186,0.3157552,0.1354374,-0.02272116,0.5256357,-0.3387373,0.538586,-0.4465837,-0.1778934,0.7101429,0.0184175,0.3797592,-0.09268929,-0.09061903,0.07652663,-0.07151403,-0.2605298,-0.01377343,-0.4506502,0.1592405,-1.272968,-0.2091897,-0.1672756,0.6353439,0.13105,0.3809848,-0.0292235,-0.06845444
0.1246384,-0.00537428,-0.1959775,-0.1195632,0.03440515,-0.4299995,-0.4316038,-0.1390718,0.3944135,0.4018322,0.3260671,0.2844996,-0.7429568,0.1303915,-0.409856,-0.4438006,-1.815026,0.3014147,0.460338,-0.02164072,-0.01078381,0.2403592,-0.3653252,-0.3229082,-0.07765157,-0.1577544,-0.3620285,-0.7974848,-0.1652952,0.5220726
0.3811047,0.03966058,-0.07529434,-0.3617711,-0.4378109,-0.1650743,-0.3747147,-0.1058448,0.1742545,-0.306529,0.02431065,-0.4084399,0.1014333,-0.2394111,0.929944,-0.116505,-0.005223651,0.1961909,0.2607906,0.2202121,-0.1896245,0.1969635,0.1448464,0.07720303,0.08029789,0.09409805,-0.2174135,-0.00969207,-0.00249928,-0.006498626
0.1706107,-0.5284722,0.3152189,-0.285412,0.3023909,0.4753677,-0.05458105,-0.08746535,-0.698432,0.2261703,0.30594,-0.7756745,-0.2601653,-0.05481273,0.3960089,-0.01701079,0.974082,0.01005863,-0.1641376,-0.06261463,-0.2996166,-0.370212,0.1728947,-0.3780622,-0.2793097,0.3605097,-0.1924126,0.06290755,0.4207965,-0.07600194
-0.007870159,-0.4511319,0.2980917,0.2918028,-0.3504989,-0.03851992,0.02990923,0.1657577,0.3120756,-0.03854021,-0.161193,-0.236457,-0.2580151,-0.153322,0.1090586,-0.06397689,0.1461259,0.1005387,-0.09232707,0.2048166,-0.01688945,0.0682823,0.006836398,0.08338317,0.2704369,-0.0238321,0.1429432,0.07159271,0.05475968,-0.01940969
-0.2307205,-0.02800113,0.1122605,-0.6089417,-0.4316262,0.02730452,0.3089257,0.1195748,0.0009748946,0.07511548,-0.5789731,-0.409982,0.6473086,-0.01127815,0.03587252,0.0925189,0.3347285,0.005415264,-0.01062943,0.002395881,-0.5591399,-0.1783649,-0.1012723,-0.4139371,-0.3322879,0.03021996,0.0002339209,0.1140341,-0.5963563,0.3407775
;
-0.4344439,-0.08810908,0.7103921,0.4053277,0.3869605,-0.3718376,0.05919379,-0.2574638,0.007109177,0.4835844,-0.2985002,0.7876756,0.167268,-0.7613546,-0.07431955,0.04904565,0.1173657,0.2957119,0.08951048,-0.1114472,0.4392954,-0.2932765,-0.02796067,0.04472848,-0.4899902,0.0766973,-0.4235972,-0.35309,-0.06746615,-0.1142279
0.08568263,0.5880529,-0.1347101,0.1206364,0.320696,-0.0008141024,0.7213435,0.07494789,-0.1211555,0.003028692,-0.4105166,0.03869266,0.5597243,-0.006397758,-0.4997646,-0.2642351,-0.1753502,-0.01058074,-0.1068649,-0.3930072,-0.4866192,0.648988,0.026796,-0.103388,0.3518866,-0.2053031,0.005803796,0.01533088,-0.08959255,0.005720221
-0.3071135,0.1899667,-0.1354951,0.08427614,-0.1737157,0.3343925,0.0595789,0.6235856,-0.1731379,-0.007872188,-0.4764598,-0.0003785759,-0.2488248,0.4459647,-0.00709039,0.3949081,0.05660409,0.3380913,-0.0450222,0.1723176,0.460982,0.4018905,-0.02901529,-1.386514,0.1322361,-0.235688,0.5912208,-0.04569542,-0.5598015,0.2240516
;
-0.04472838
-0.005822682
0.08524089
0.1274333
-0.04428729
-0.09489819
-0.3757918
-0.2707449
0.2995258
0.5708707
-0.01203257
0.3737373
2.110764
0.0231728
-0.1436241
-0.02592768
0.2695447
-0.3430816
-0.08681148
0.2511166
-0.3933007
0.2783567
-0.4529063
-0.002638121
-0.182785
-0.009579563
-0.4898526
-0.04004667
0.3748574
0.2698108
;
0.02283953,-0.4553347,0.2201226,0.2882385,-0.1027859,-0.06587654,-0.9465703,0.2264473,0.4884477,0.4155782,-0.1171023,-0.159134,0.02095895,0.1803956,-0.09637147,-0.2374239,-0.206715,-0.04133958,0.4957661,-0.1738127,0.04221608,-0.2270988,-0.5688903,-0.5404293,0.09453863,-0.2958804,0.2022506,-0.1076761,0.07083863,0.2305595
0.4987332,0.05579903,-0.2030084,-0.04328269,-0.4763986,0.3147345,-0.009064039,-0.1689349,-0.04489487,-0.06762756,-0.02402048,-0.4250254,0.3802376,0.09031649,-0.02113984,-0.1089372,0.7812036,0.06532544,0.03202599,0.1725111,-0.1721696,-0.05514839,0.4399072,0.4295969,0.1704121,-0.1041085,-0.04530273,-0.09488777,0.1142337,0.2172349
-0.3101768,-0.06267525,-0.02381431,-0.3456361,-0.1151479,-0.08577315,0.03339055,-0.009758926,-0.3158807,-0.1572282,-0.001845844,0.8851876,-0.05134755,-0.3073571,0.2662359,-0.1187809,0.03475996,-1.012399,-0.05480428,-0.04108372,-0.2663156,0.007210772,-0.4047824,0.4777688,0.3145329,-0.04298038,0.6769494,-0.168447,-0.02387029,0.764897
-0.27661,-0.05479485,0.4395813,-0.005523338,-0.1728799,0.351542,0.4500551,0.2826809,0.4136382,0.3321329,0.2870889,0.8271274,0.4272495,-0.297731,0.0991241,-0.4067974,0.2436355,0.3200996,-0.2133128,0.02736721,-0.3962672,-0.2427828,-0.04998118,-0.1324872,-0.2818561,0.2858862,-0.02539495,0.2449039,0.05346495,-0.07055856
-0.5874572,0.1335212,0.6088502,-0.6758575,-0.3368472,-0.3564628,-0.00739893,-0.001032406,-0.8131114,-0.5893776,-0.3819775,-0.1043555,0.04055333,0.04730757,0.3234185,0.09561187,-0.620243,-0.01728113,-0.4722416,-0.1692865,-0.07204433,-0.08530146,0.0252231,-0.6299348,-0.005134922,-0.356758,0.05038816,-0.05117482,0.2668034,0.02052257
-0.2014723,0.2232148,-0.5216913,0.4440725,-0.1298485,0.09141713,-0.4728625,0.1872205,-0.4133099,-0.06474889,-0.04342641,0.1294295,0.01028634,-0.1039123,1.021793,-0.6883252,0.01132474,0.3655239,-0.2351671,-0.2221526,0.370047,-0.3200132,-0.0351739,-0.07634578,0.1281071,0.1314429,0.288958,0.3425783,-1.327732,0.09268099
-0.4433686,-0.6099421,-0.04571551,-0.0294486,0.3850397,-0.5845307,-0.4037331,-0.4298773,-0.4477193,-0.02322795,0.2255493,0.6871852,-0.008276857,-0.5255293,-0.02932344,-0.6107626,0.2613593,0.2854785,0.1125328,-0.06108731,0.1134444,0.005896023,0.0008741242,0.006825864,-1.164275,-0.05339947,0.3618752,-0.1074307,0.06969565,-0.6378472
-0.01286613,0.07718361,-0.5772616,-0.07545636,-0.09347904,-0.04671026,-0.1353039,0.0008666783,0.3392626,0.158005,-0.4993115,0.09492782,-0.3107096,-0.7225546,0.2638336,0.6546984,0.3452063,-0.3153863,0.1428302,1.011143,0.2654927,-0.03439835,0.6915792,-0.00672071,-0.1710568,0.3172799,-0.1126456,0.5097818,-0.01308354,-0.08806016
0.0002687637,0.3110508,0.2495503,-0.1860804,-0.27673,-0.157771,0.4012996,0.07791144,0.01946646,0.006804508,-0.03070202,-0.2538617,-0.3900538,2.083615E-06,-0.01672251,-0.5045852,0.5824338,0.280027,-0.5426378,0.1323939,-0.5326127,-0.2106385,-0.1192752,0.4329489,0.2181035,-0.4585522,-0.02856384,-0.08884008,-0.2657949,-0.07755063
0.05395234,-0.1044978,-0.5630515,-0.1247548,-0.1139343,-0.2056319,-0.008221862,-0.1051653,-0.47754,0.8379599,0.01525303,-0.01328808,-0.2618042,0.3900944,0.08755101,-0.006221159,0.05242664,-0.5695472,0.2872915,0.1307197,0.4477098,-0.1157749,-0.2716641,-0.1149541,0.03377944,0.1240493,0.8218059,-0.1043079,0.2043206,0.02567619
0.22953,0.2741126,-0.1445139,-0.2889074,0.002784398,0.3721019,-0.02434164,0.03705512,-0.0489576,0.0005253782,-0.427837,-0.03700893,0.1486907,-0.4120921,0.04992713,-1.613067,0.3200591,-0.04121697,-0.2312587,-0.1948923,0.4907101,0.04292904,-0.187845,-0.6832832,-0.3661857,0.1120231,0.2290663,-0.1430495,0.1124833,-0.03855535
-0.4513285,-0.03379494,0.0101892,-0.1116078,0.1210133,-0.1130303,-0.0009995103,-0.237536,-0.2312443,0.3012343,-0.402452,0.002579314,0.1644816,2.191545,1.073038,0.00373328,-0.1618272,-0.2360324,0.05004257,0.3285369,-0.09466269,-0.1221897,-0.03990007,0.3705187,0.1175498,-0.01804579,-0.2483901,-0.3899504,-0.4786882,0.01013486
0.001182538,0.1486621,-1.355679,0.009573133,-0.8592833,0.2581937,-0.176449,0.3744188,-0.2997589,-0.09748507,0.009410163,0.1855126,0.1478041,-0.2158248,-0.1526603,0.4480944,-0.5991971,0.001294398,0.0380476,-0.459221,-0.03449994,0.2394202,0.1385717,-0.2665446,-0.05249167,0.1319028,-0.9770201,-0.5336136,0.5143073,-0.0610985
-1.603341,-0.1840039,0.4438537,-0.06953605,1.689225,-0.2429676,0.4941694,-0.002960503,-0.2309746,0.1117512,-0.055253,-0.4876426,0.259809,-0.3195678,6.996169E-05,-0.3188418,-0.04947239,-0.02880423,-0.1107508,0.03223976,-0.1917986,-1.026833,0.02601618,-0.005550636,0.0244819,0.3902848,-0.4891207,0.3426445,-0.2125385,-0.112435
0.2785653,0.05204994,-0.4477798,0.4726745,0.1113807,-0.4031041,-0.5217884,-0.02428379,-0.4374849,0.05996317,0.007161419,0.5613782,0.9466345,0.4986166,-0.1967191,0.951212,-0.3026278,0.7421749,0.5637006,0.002329975,0.01995873,0.2782109,-0.2473122,0.06377354,0.4988871,0.2489961,0.1292192,-0.02963406,-0.04140502,-0.1071575
0.002640123,-0.7051936,-0.1391456,0.1483727,0.08636039,-0.03597869,-0.4472125,-0.496429,-0.6075296,0.1757929,-0.07104939,-0.02996478,-0.1981265,0.006943992,-0.004522435,0.5046012,-0.03342042,-0.1683736,-0.02463572,0.2874306,0.02740866,-0.3684609,-0.06152898,-0.04294511,0.03662464,-0.7297029,-0.1120721,-0.3796064,0.3807244,-0.07248914
0.2976337,-0.3709728,-0.01009221,0.1253666,-0.2782654,-1.484488,-0.0244146,-0.09542494,-0.4056398,0.4642376,-0.008046169,-0.03056996,-0.07060761,-0.0590371,-0.1363519,-0.005987122,-0.2464938,-0.04242749,-0.3338664,0.3201103,0.1089404,-0.001064276,0.6405375,-0.1650462,-0.0002731592,0.6318151,-0.5488971,-0.2618933,-0.1637407,-0.07226698
0.2084493,-0.01522879,0.4025881,-0.3598591,-0.04535844,0.06522214,0.3845452,0.1081772,-0.0313938,0.1573598,0.0009205149,-0.4260395,-0.02918468,-0.007315096,-0.3019487,-0.07177454,-0.491708,-0.4421327,-0.2313005,-0.1835752,0.05034095,0.08392233,0.1260112,0.0318091,0.01612987,0.1635364,-0.117152,0.1051596,0.5066732,0.443599
0.1006412,0.3728718,0.0457404,-0.03217842,0.2133272,0.05241793,0.1824775,-0.2419227,-0.13397,0.580937,-0.1031458,0.6495891,-0.135002,-0.3872832,0.2453667,0.5265188,0.1659434,-0.1962726,0.4517347,0.1696779,0.1139169,-0.06128067,-0.04796976,-0.4630057,-0.1274051,-0.1821781,-0.3704416,-0.2479374,-0.2249313,-0.0447976
-0.2280056,-0.2665349,0.4033577,-0.1404164,-0.1428439,-0.04734545,0.001372674,0.01791726,-0.000708741,-0.1229274,-0.2309757,0.0004785359,0.1185258,0.3371129,0.0240594,0.05694517,0.5755267,-0.1481857,-0.1228252,-0.2798208,-0.7574946,0.5461993,0.6309108,0.06299978,0.06879225,-0.2324308,-0.1060082,-0.2490374,-0.01215046,-0.6633604
0.06517412,-0.1056716,0.4130646,0.4273545,-0.3842307,0.3419728,-0.3366232,-2.276805,-0.2293091,0.3039924,0.1157636,0.4608809,-0.03779608,-0.004412669,0.03807472,0.1563506,0.0430261,0.3096074,-0.2623531,0.1596975,-0.1029349,-0.7698591,0.08782589,-0.1266167,0.09281124,0.1333448,-0.005510747,0.1712608,0.02784778,-0.08755779
0.1060658,-0.3694179,0.09364384,-0.3964509,0.04918104,-0.1266063,0.8294158,0.4324331,1.147165,-0.3479494,-0.3571513,0.001007598,-0.4693171,2.018227,-0.1638781,0.3994316,0.8005479,0.04911827,-0.5059392,-0.01204148,0.2058046,0.3583475,0.1584002,0.007963262,0.01811275,0.2515608,-0.1838065,-0.3341113,-0.4870394,0.05749991
0.4984237,-0.0708892,0.3455338,-0.03315308,0.1464272,-0.3467726,-0.3916891,0.3009354,0.457219,-0.2207159,-0.005937469,0.4132529,0.2029229,0.5353777,-0.3391852,-0.1808901,0.5217518,0.03661823,0.0447803,-0.1621671,0.2635286,-0.3769946,0.4934875,-0.698781,0.3854212,-0.3396956,-0.015315,-0.02765864,0.00720357,-0.2007751
0.2256168,-0.3539295,-0.1443296,-0.1218642,-0.001228529,0.4505994,-0.1669609,-0.4891669,0.2485689,-0.4189855,0.01349785,-0.06562668,-0.1152035,0.7504483,-1.311306,0.1793577,0.1750069,-0.0006437065,0.3521978,-0.02302279,-0.2494468,0.06509457,0.1172408,-0.001542956,0.0006287324,0.2983366,-0.218217,0.1965604,0.6381504,0.393283
-0.4090911,0.2342749,-0.2559922,-0.7385886,0.08187431,0.06713772,-0.08908588,0.4649878,0.06108351,-0.03062922,-0.2932736,0.4897861,0.9204558,0.2389719,-0.06854872,0.02345985,0.07449013,-0.4375579,-0.3583791,0.3703484,0.2294861,-0.2905277,0.04099796,-0.2888733,0.01379472,0.3371331,-0.6214609,-0.06062699,-0.4794024,0.4902456
-0.3309492,-0.02984299,0.4009298,-0.3695599,-0.0431357,-0.01252814,-0.01087324,-0.4216255,0.2157317,0.4152966,0.2701168,0.909413,-0.7846168,2.451453,0.4192225,-0.0007106125,-0.3826244,0.01021902,0.5369925,0.6296786,-0.3987406,0.20977,0.1610954,-0.6588274,0.1735735,0.08948272,-0.01012899,-0.03243811,0.1296234,0.4470097
-0.09495878,-0.3968028,-0.3902654,0.01885734,0.2114359,-0.04100988,-0.3676657,0.5590901,0.2344243,-0.3339517,-0.08168033,0.1652314,-0.09935042,-0.1838683,0.007945658,0.2628329,-0.01754798,0.1775323,0.003069052,-0.001981138,0.4540587,-0.1491892,-0.2711356,0.3747094,-0.001683626,0.1625302,0.4808705,-0.6068147,-0.08750302,-0.2436532
0.004912028,-0.04319663,-0.07227775,-0.3762892,-0.2348781,0.2993248,-0.00946128,-0.1539792,-0.3368089,-0.0008666603,-0.1372816,0.2241242,0.620842,-0.01640552,0.7871222,0.005956046,-0.04502921,0.0444414,0.1239172,-0.4076849,0.1062202,0.2602028,0.5866064,-0.01055355,-0.2260108,-0.02817475,0.2468387,-0.3663447,-1.403505,-0.06889278
-0.386773,0.3434223,-0.4840343,-0.9859495,0.01585568,0.0384207,-0.04260473,0.3345892,0.01035876,-0.355487,-0.07173681,-0.2522943,0.7391141,0.4296733,0.4506139,-0.05797808,-0.139634,0.4738859,0.1212724,-0.004317479,-0.5608739,-0.6677758,0.1761204,7.673771E-05,0.2445274,0.32839,0.003081656,0.00775428,0.4413782,0.07800609
-0.5422024,0.5353844,-0.4603462,0.0512692,0.01641545,-0.01849991,-0.5461738,-1.009012,0.1243016,-0.1653173,-0.04215389,0.8248574,-0.323585,-0.004446447,-0.0204301,-0.5446677,0.9414937,-0.007540052,0.9844848,0.4894464,-0.2944838,0.3583456,0.1802641,0.4461131,-0.9107358,-0.07636785,-0.2826455,0.1436404,0.1497838,-0.4920132
;
-1.533213,-0.1071654,-0.06139225,0.03215569,-0.002774885,0.149643,-0.4977072,-0.211692,0.07801145,-0.02375311,0.002065685,0.03242415,-0.03154504,0.1147282,-0.02472758,-0.3036519,-0.03537673,-0.06944527,0.2457361,-0.2715545,-0.02825677,-0.168501,-0.04458393,0.2197051,-0.4949657,0.002060611,-0.01086408,0.6768566,0.1317099,-0.06783125
-0.6413991,0.04941342,-0.003255031,-0.3411382,-0.05709344,0.00932517,0.3685234,-0.03204091,0.07541188,0.2562481,0.3474281,0.0152003,-0.00057746,-0.06190878,0.006906688,0.01601296,0.1573882,0.2755544,-0.3316859,-0.266261,-0.2815295,-0.001480039,0.07803092,-0.3849146,0.4399252,0.0353526,0.05686229,-0.4583629,-0.1347471,-0.05955194
0.3323602,0.2999322,0.009435475,-0.1421572,-0.4365293,-0.1281695,-0.001202832,-0.09507885,-0.4566285,0.01978069,0.1884531,0.1179724,0.04100277,0.9511112,-0.4362597,0.7949663,-0.01560074,0.03625564,0.08060356,0.04821558,0.05210811,0.08037562,-0.4116409,-0.8161961,-0.01002592,-1.193091,0.01320141,0.2992103,0.1206927,-0.1939677
;
