0.2928678
1.272197
-0.1550719
0.07919844
0.08889395
-0.4071704
0.2219898
-0.2639849
0.04854941
-0.3087321
;
-0.8513871,-0.4384421,-0.08638352,-0.3107193,-0.0878889,-0.001246669,0.4412053,-1.199658,-0.04503322,0.07156616
0.1046106,0.3184245,0.3363178,-0.4890803,0.01668816,-0.006582293,-0.3292601,0.0001889224,0.1525512,0.04769164
0.001395384,0.03830463,-0.3665471,-0.02433536,-0.5198544,-0.1440346,0.2100147,-0.0006559758,0.304751,0.9251808
-0.001159814,-2.566991E-05,-0.3332224,-0.244142,-1.175543E-05,-0.04198985,0.4402597,-2.823691E-06,0.3810196,-0.5825039
0.02704367,0.05896383,-0.2288269,0.03301259,0.2828591,0.004662958,0.004836577,0.234834,0.1433381,0.09244954
-0.0205163,-0.1946995,-0.02054354,0.4636415,-0.0004859704,-0.1176178,-0.009545889,-0.00226934,-0.008982249,0.02809713
-0.1351379,0.4055868,-0.08836657,0.01888096,0.005638897,0.1974494,-0.0749407,-0.1407577,-0.08823906,0.03795844
-0.1038833,-0.3923516,-0.2971886,0.3338372,-0.303753,-0.2631507,-0.9777871,0.1546272,2.068841,-0.4823067
-0.03586045,-0.0005973164,0.2864929,0.3473756,0.5226507,-0.3415115,0.3537169,-0.02202861,0.05001003,0.05881393
-0.05956703,0.3926809,0.3682092,-0.0173314,0.21794,-0.01666445,-0.4423436,0.02933735,0.1701562,0.3556097
;
-1.208643,-0.06027531,-0.1425957,0.003748123,0.1902009,-0.4625236,-0.2239394,0.4003237,0.0189623,0.2447879
1.329589,-0.0008224292,0.004100364,0.2875142,-0.1373767,-0.02371611,0.0610853,-0.01643457,0.3284236,-0.008894208
;
-0.2331844
0.09081608
0.09865922
-9.921587E-07
-0.06283766
0.06006247
-0.04455635
0.1108576
0.09461373
-0.3208682
;
0.0338057,-0.1702362,0.0308858,0.0002098084,-0.0006335719,0.3210119,-0.2594242,-0.01973052,-0.1236323,0.1067458
-0.01956585,0.4642687,-0.3556755,0.1982946,-0.004593234,0.1628837,-0.09717461,0.3672295,0.332462,-0.005008609
0.5104736,-0.08250386,0.005398158,-0.02596625,0.1599701,-0.2562634,0.1078301,0.3765417,0.1063706,-0.2381334
-0.4399703,-0.0007390113,-0.255345,0.001624361,0.09668513,-0.1755879,0.4087714,-0.03548497,0.06464291,0.03661068
0.2179238,-0.1368776,-0.003264085,-0.3974349,-0.1507161,0.3779227,0.1685554,-0.3209708,-0.1199195,0.2580359
-0.1906684,-0.04930075,-0.1758892,-0.0850022,0.2829002,0.03954142,-0.003084376,-0.004696667,0.09955043,0.4590613
-0.0868066,0.1409687,-0.2489184,-0.4266964,-0.1606535,0.05103202,-0.2078851,-2.079062,-0.04298371,-0.4057989
0.814385,0.2210861,0.3384315,0.2303475,-0.4980992,0.09431106,-0.06136662,0.01752458,0.08704372,-0.007414042
1.010475,-0.1789916,-0.2592218,-0.3085089,-0.002987065,0.1531378,-0.4328047,-0.2052934,-0.07063954,-0.3573623
-0.02034348,-0.2286675,-0.05887437,-0.5265847,-0.4069448,-0.2110722,0.4739988,0.04964536,-0.0116184,-0.3449125
;
-0.4658655,-0.1101272,-0.2739196,0.3718646,0.7155379,-0.008231883,0.01175838,-0.1381501,0.6688443,-0.07190085
-0.1980942,-0.0004974427,-0.3208203,-0.1040476,-0.01113607,-0.06240108,-0.2069442,0.09969917,0.0007899256,0.06277276
0.186265,-0.009166688,0.3133549,0.4861911,-0.4254289,0.04244175,-0.08200328,-0.01538935,-0.4677167,-0.847775
;
