-0.1216921
-1.272197
-0.2154568
0.3861116
0.1880354
-0.3784991
0.07889611
-0.2880363
0.03262569
0.3087321
;
-0.8513871,-0.4384421,-0.2103779,-0.3107193,-0.0878889,-0.3879331,-0.3656149,-0.7708091,-0.1736057,0.4226149
0.1740376,-0.1155832,0.01391656,-0.482119,-0.01668816,-0.05502862,0.2475365,0.0005245341,0.2117659,0.04769164
0.05686725,-0.2110794,0.02391976,-0.01485702,-0.4797262,-0.001659367,0.2632221,0.003652758,-0.1851976,-0.475379
-0.1812686,-2.374573E-05,0.3332224,0.2315701,-3.625655E-05,-0.4554942,-0.103397,-2.891382E-06,0.2551582,-0.4284383
0.02704367,0.4451697,0.2288269,0.1363562,-0.2828591,0.06848747,0.01855403,0.1263213,0.2845418,0.09244954
-0.01058966,0.1946995,-0.04417604,0.4839714,-0.0004859704,0.4162014,-0.2467019,0.001481775,-0.03288046,0.0492932
-0.1351379,0.2722956,-0.2182617,0.01010516,-0.04537132,0.2035872,0.0637632,0.511262,-0.7429757,-0.1978517
-0.4212476,-0.07707544,-0.2971886,-0.2121135,-0.2744102,-0.313652,1.039281,-0.3214271,1.215259,-0.2662648
-0.03647104,0.1200809,0.3258948,0.2651008,-0.5226507,-0.3415115,-0.4062157,-0.002937547,0.05001003,-0.04754167
-0.0007328709,0.3926809,-0.3682092,-0.01822308,0.21794,-0.01101331,-0.3337024,0.06870264,-0.2277107,0.3556097
;
1.208643,-0.1435305,0.1830245,0.05692116,0.1902009,0.7019239,0.0006267971,-0.08730584,-0.4670088,0.0233645
1.329589,-0.0003710063,-0.002674671,0.1322632,-0.2361737,-0.02053927,-0.1404281,-0.4052582,0.3284236,0.004695304
;
-0.1776532
-0.3806159
3.671164
-0.01604043
0.1152847
-0.06006247
0.06721267
0.3577568
-0.2856288
-0.06667715
;
0.06934287,-0.2761382,0.2150804,0.0006554675,-0.0005054387,0.3324461,-0.6801931,-0.6203739,-0.1335508,0.1651626
-0.3077333,0.1014488,0.1034402,0.01269072,-0.1923049,0.005900771,-0.1776229,-0.5609058,-0.0004201863,0.07842141
-0.01925403,-0.2958331,-0.002980333,-0.05178849,0.1599701,0.03347407,-0.115681,-0.04475576,-1.686488E-05,-0.09175856
0.006106952,-0.01246522,-0.262663,0.003907386,0.3104837,0.05199236,0.4028007,-0.02657311,0.07656732,0.05693177
0.1761992,-0.2312842,-0.003042703,0.1615227,-0.1507161,-0.3779227,-0.1685554,-0.178224,0.1199195,-0.03400822
-0.4473248,0.3186686,-0.1731878,-0.1093783,-0.02987893,0.03627988,-0.3069566,0.2628885,0.08941634,-0.2892863
0.565153,-0.01280622,0.3272216,-0.1196385,-0.2971849,-0.07037705,1.309655,-0.4038831,0.02347884,0.941195
-0.874256,-0.1051375,-0.001389186,0.2144863,-0.1303362,0.1187831,-0.853018,-0.04595289,0.3568916,-0.150855
-0.4279993,-0.5584035,0.05850822,-0.01311308,0.01747866,0.2348547,0.4328047,-0.006887019,0.04436607,0.1877622
0.02034348,-0.3169703,-0.007318119,0.4015499,-0.01268619,-0.2110722,-0.5100951,0.1734979,-0.005846861,0.5928154
;
0.4658655,-0.08250564,0.007327497,0.1134834,0.004759581,0.00415335,-0.01175838,-0.09056419,0.1453678,0.1187292
-0.09755975,-0.009533882,-0.3522553,-0.1040476,0.009625513,0.0672353,0.04868822,-0.4846845,0.001545506,-0.06277276
0.006721383,0.06353754,0.09707647,0.02520841,0.1494758,0.03214175,0.08200328,0.01481265,-0.01036184,0.7511683
;
