0.4772229
0.08931886
-0.0550003
0.3689888
-0.01473458
1.508843E-05
-0.183485
0.1561992
-0.4211118
0.003472645
;
-0.3777948,0.7588177,0.4237678,0.03293321,0.4665685,-0.252964,-0.3350068,-0.3312378,0.1100235,0.08646964
-0.1935143,0.009724677,-0.3849239,-0.2420482,-0.2547822,0.1007672,-0.129363,0.3729408,0.2951915,-0.04386357
-0.5408199,0.2925853,0.4785815,-0.1140582,0.001928318,-0.6739832,0.460772,0.0313259,0.2288558,0.8728019
0.327111,0.09573089,0.3280757,-0.06914002,0.1085246,-0.001501143,-0.1223918,-0.09540325,-4.859498E-05,0.03233418
0.07679096,0.1753417,0.07417875,0.0336602,0.2679389,0.2354066,0.06722513,-0.2769599,0.1495048,-0.1565271
-0.002021504,-0.04968761,-0.0003992968,0.08168474,-0.2602681,0.1291655,0.06826304,-0.2657326,0.3074459,-0.2065009
0.01010472,-0.209706,-0.2818248,0.2413658,-0.1394795,-0.1522872,0.2542548,0.2636014,-0.06849295,-0.4955962
0.1446912,0.001068442,-0.2849222,-0.411384,-0.07798398,0.003042321,-0.607052,0.04509217,-1.252598,-0.1376649
0.2533553,0.1440241,0.0004466628,0.0162892,0.04776782,0.4100487,0.3709626,-0.134005,0.4775907,-0.001790697
0.6029734,0.6512137,0.1746954,-0.2871822,-0.4371682,-0.3419138,0.07059259,0.1588342,-0.2886129,-0.02792477
;
-0.0003170363,-0.06778139,-0.1706892,-0.003600022,0.1373416,-0.2994988,-0.01113259,0.4769394,-0.3283113,-0.003025061
0.4208272,-0.0220168,0.0806822,0.1400759,0.1977168,0.2716796,-0.03162439,0.05287808,0.7549348,-0.1076227
;
-0.01606106
0.4563385
-0.5490724
-0.07684841
0.195995
-0.07982022
0.01056535
-0.7160661
0.4074486
0.05901153
;
-0.09757961,0.2011342,-0.007985764,-0.005397744,-0.2214348,-0.0001700252,0.3722242,0.2645604,0.04631394,-0.06183389
0.06619482,0.5617275,-0.3106294,-0.4816434,-0.00673359,0.3627106,0.0272364,0.01213344,0.08998626,-0.01657733
-0.09459942,0.1130828,0.1923405,-0.1483547,-0.4997468,0.2288296,-0.4748052,-0.1631604,-0.5656382,-0.6524592
0.2831064,-0.08969248,-0.2216118,0.08464348,0.001827143,0.3748602,0.4753835,0.4670319,0.04529148,0.0049421
0.03446339,-0.4578568,0.1110495,1.345057,0.04648884,0.07427245,-0.2461919,-0.03088856,0.07001871,-0.3426942
-0.06796215,0.42212,0.00165269,-0.340068,-0.03225366,0.004408993,-2.843889E-05,0.01316456,0.04683441,-0.005437644
0.0002931507,-0.05401962,0.006193408,-0.0001229957,0.1133284,-0.2668497,-0.5055565,-0.1991412,0.2680561,-0.0249487
0.1248734,-0.0253179,0.09214228,-0.4046019,-0.4870035,0.1796777,0.2290531,0.005427017,-0.2587997,0.05399087
0.04818302,-0.0727381,-0.2120301,-0.06162389,0.0452238,-0.01435322,-0.01602497,-0.1149702,-0.6334732,-0.25624
-0.02370945,-0.5175974,0.2984239,0.4686815,-8.984405E-06,0.1988702,0.01084191,-0.1909633,-0.06206238,-0.2633264
;
0.2374112,-0.003553239,0.1183829,0.02471417,0.1598679,0.1694245,-0.4667885,-0.00229689,0.04674126,-0.1507134
-0.2549534,0.01705048,-0.4791646,0.1010079,0.1306584,0.4358847,0.01795231,0.414338,0.4754639,-0.05451371
-0.3956975,0.01658512,-0.04017916,-0.0001732142,0.2567164,-0.2169651,-0.3242496,0.06701424,0.1753161,-0.222021
;
