-0.1216921
-1.272197
-0.2154568
-0.07919844
0.401803
0.3784991
0.1399981
-0.2639849
0.03262569
0.3087321
;
-0.8513871,-0.4384421,0.2103779,-0.3107193,-0.0878889,-0.3879331,-0.3656149,-0.7708091,-0.1736057,0.07109529
0.4543906,-0.1155832,0.01391656,-0.482119,-0.01470732,-0.05502862,0.3946369,0.0005245341,0.2117659,0.07852063
0.03591802,-0.03830463,-0.1696624,0.01773055,-0.2650257,-0.002568301,0.2632221,0.003652758,-0.1851976,-0.008816183
-0.1812686,-2.374573E-05,0.4064174,0.3986442,0.4009016,-0.4554942,-0.103397,-2.823691E-06,0.2551582,-0.4284383
0.02704367,0.4451697,0.2288269,0.1363562,0.2828591,0.06848747,0.01855403,0.1263213,0.2845418,0.09244954
-0.01058966,0.1946995,-0.04417604,0.2918159,-0.0004859704,0.4162014,-0.2467019,-0.001481775,-0.03288046,0.0492932
-0.05689579,0.2722956,-0.08836657,0.01010516,-0.04537132,0.2035872,0.0637632,0.511262,-0.7429757,-0.2067115
-0.4212476,-0.07707544,-0.2971886,-0.2121135,-0.003249824,-0.3742865,1.039281,-0.3214271,1.215259,-0.4113678
-0.03647104,0.1200809,0.3258948,0.2651008,-0.5226507,-0.3415115,-0.4062157,-0.02202861,0.05001003,-0.04754167
-0.0007328709,0.3926809,-0.3682092,-0.01822308,0.21794,-0.01101331,-0.4423436,0.06870264,-0.2277107,0.3556097
;
1.208643,-0.1435305,0.1830245,0.006573531,0.1902009,0.7019239,-0.0006267971,-0.2866632,-0.4670088,0.0233645
1.329589,-0.0004619883,-0.002674671,0.1322632,-0.2361737,-0.02053927,0.1404281,-0.4052582,0.3284236,0.004695304
;
-0.1776532
-0.07225303
0.09865922
-0.01604043
0.1152847
-0.06006247
0.1055808
0.3577568
0.09461373
-0.2440209
;
0.01735306,-0.2761382,0.0308858,-0.0006554675,0.000646008,0.3210119,-0.6801931,-0.6558042,-0.1335508,0.1067458
0.05897957,-0.4642687,0.2046054,0.01165277,-0.1136371,0.01331456,-0.09717461,0.3139549,0.0004201863,-0.00490193
-0.01925403,0.08250386,-0.003705482,-0.01099966,0.1599701,-0.2562634,-0.1576284,-0.06471565,0.1063706,-0.09175856
0.006106952,-0.02022939,-0.262663,0.3786595,0.3076237,-0.09397286,0.4028007,-0.03548497,-0.4147434,-0.09373182
0.1761992,-0.2312842,-0.003042703,0.1854681,-0.1507161,0.3779227,-0.1685554,0.4292622,0.1199195,-0.03400822
-0.1906684,-0.3186686,0.1731878,-0.1093783,-0.02987893,0.3272606,-0.01689011,0.2628885,0.08941634,0.05310912
0.565153,0.4384542,0.4309878,-0.1196385,-0.1606535,-0.07037705,1.309655,-0.6659576,0.00131262,0.4243764
-0.07167655,-0.1051375,-0.453825,0.2144863,0.1303362,0.09431106,-0.3887981,0.009238109,-0.04656108,-0.1902709
0.5703774,-0.5584035,0.05850822,0.4396597,-0.005198709,0.05461162,0.4328047,-0.006887019,0.04436607,0.1877622
0.02034348,-0.2168505,-0.007318119,-0.4859691,-2.844548E-06,-0.2110722,-0.5100951,0.1734979,-0.005846861,0.3449125
;
-0.4658655,-0.1101272,0.06997532,0.2261054,0.004759581,-0.00415335,0.02126479,-0.1002664,0.2679026,0.1187292
-0.09755975,-0.004203955,-0.3522553,-0.1040476,0.0175379,0.0672353,0.04868822,-0.003836624,0.001691005,-0.06277276
0.006721383,-0.01615614,0.09707647,0.02520841,0.1180272,-0.0562396,0.08200328,0.01481265,-0.01036184,0.7511683
;
