0.4772229
0.08931886
-0.0550003
0.3689888
-0.1217535
1.508843E-05
-0.183485
0.1561992
-0.2622652
0.003472645
;
-0.4125519,0.7588177,0.4237678,0.03293321,0.4665685,-0.252964,-0.3350068,-0.3312378,0.1100235,0.1463166
-0.1935143,0.009724677,0.3910165,0.2420482,-0.2547822,0.1007672,-0.129363,0.3729408,-0.388574,-0.04386357
-0.3935851,0.2925853,-0.230671,-0.1140582,0.001928318,-0.3752632,0.460772,-0.0313259,0.2288558,0.5168442
0.1378152,0.06909272,0.3280757,-0.06914002,-0.419957,0.001501143,-0.1223918,-0.09540325,0.4064777,0.03233418
0.07679096,0.3439206,0.07417875,0.08594233,0.2679389,0.2354066,0.3825098,-0.2005291,0.4740025,0.1565271
-0.03607982,-0.04968761,-0.0003992968,0.2390352,-0.2602681,0.1291655,0.01818939,-0.2423504,0.3074459,-0.2077137
-0.2766522,-0.209706,-0.2818248,0.2413658,-0.4929634,-0.1522872,0.439281,0.3334703,-0.06849295,-1.649051
0.1446912,0.004311151,-0.2849222,-0.411384,0.07798398,0.003042321,-0.607052,0.0200187,-1.252598,-0.1207103
0.2533553,0.1440241,0.0003891751,0.0162892,0.04776782,-0.4100487,0.3709626,-0.134005,0.4775907,-0.01159006
0.1321576,0.4682388,0.1746954,-0.4872547,-0.4371682,-0.3419138,0.09331987,0.1588342,-0.2886129,-0.02792477
;
-0.0003170363,-0.06778139,0.4104788,0.05706614,0.1373416,0.2994988,-0.01113259,0.4769394,-0.06820616,-0.003025061
-0.4208272,-0.0220168,0.4545437,0.3614756,0.1977168,0.2716796,-0.03162439,-0.39011,0.7549348,-0.2454696
;
0.02211028
0.6660581
1.130482
-0.1809535
-0.3991414
-0.3925661
0.004050818
-0.6196417
0.4074486
0.05901153
;
-0.09757961,0.2011342,-0.007985764,-0.005397744,-0.2214348,-0.0001700252,0.3905975,0.2645604,-0.5572016,-0.06183389
0.009087984,0.753498,-0.3106294,0.4816434,-0.00673359,0.3627106,-0.03594146,-0.1202676,0.08998626,-0.01528738
-0.03957704,0.08615167,0.1923405,-0.1483547,-0.4997468,0.2288296,0.1308865,-0.1631604,-0.4395373,0.3695611
0.2831064,-0.1103067,-0.1589862,0.08464348,0.001827143,0.3748602,0.4816884,0.4670319,0.04529148,0.003694747
0.1309866,-0.4578568,-0.1039462,1.345057,0.04648884,-0.09000527,0.2461919,-0.1239117,0.07001871,-0.3426942
-0.06796215,0.42212,0.00165269,-0.340068,-0.2870494,0.004408993,-2.843889E-05,0.01316456,0.001546125,-0.005437644
0.0001328361,0.1676444,0.006193408,0.0002065491,-0.1133284,-0.2668497,-0.5055565,-0.1991412,-0.2617469,-0.01486787
0.1256571,0.0253179,-0.09214228,-0.001866148,-0.3428161,0.1131523,0.2290531,-0.4195346,-0.2587997,0.05399087
0.04818302,-0.0727381,-0.04192467,0.06162389,-0.4888235,-0.01435322,0.01602497,-0.1149702,-0.6334732,-0.25624
-0.02370945,-0.328914,0.2984239,0.4686815,0.002377422,0.1988702,0.4424138,-0.1909633,-0.06206238,-0.2633264
;
0.2374112,0.003553239,-0.1165784,0.02471417,0.1598679,-0.4189408,0.2488841,0.3750783,0.165689,-0.1507134
-0.2549534,0.01705048,-0.4791646,0.1010079,0.1306584,0.4358847,0.01795231,0.414338,0.4754639,-0.04995651
-0.3956975,0.06423117,-0.0736355,0.2234835,0.2567164,0.1510502,-0.3242496,0.06701424,0.1753161,-0.222021
;
