0.1244492
0.1927925
-0.1919567
-0.01363176
-0.3042367
-0.1642299
-0.4026687
0.203367
0.2044181
0.1621574
;
0.3191797,0.05357844,0.1351905,-0.1614888,0.09537667,-0.08855242,0.02401537,0.3861439,0.1233884,0.1763102
0.2227815,-0.1092617,-0.1654591,0.0487638,-0.05643088,-0.2433726,0.2838488,0.01548356,0.1742596,0.1340387
-0.1752002,0.1369198,0.1096708,-0.09621018,0.1208636,0.03131884,0.01638681,-0.3793674,-0.2325231,0.3740414
0.03755981,-0.4057416,-0.3045162,0.1658592,-0.06815356,0.3133925,0.3888537,-0.3124447,-0.1001667,-0.06359118
-0.3873808,-0.2186291,-0.07061523,0.382905,-0.3220088,0.4520725,0.3753997,-0.38801,0.07491869,0.1591567
-0.4562237,0.4311889,-0.511214,0.1752899,-0.2416052,-0.1225751,0.06510025,-0.3192892,0.01757747,-0.4574986
-0.2221389,0.3077157,0.01281446,-0.1233005,-0.4877441,0.3565522,-0.8029463,-0.3224174,-0.3361539,-0.3035918
-0.02036172,0.4971254,-0.02113003,-0.05965418,0.09722775,0.0693149,0.203534,0.1256113,-0.4569314,0.726371
0.2779002,-0.05965859,-0.09240483,0.4691019,0.08379537,-0.1606752,0.4094207,-0.2037839,-0.2365898,0.02310365
-0.2854507,-0.5607327,0.1712266,0.1800766,0.0673731,-0.2172428,0.05714732,0.3325843,-0.4189638,-0.4817914
;
-0.2729869,0.07874447,0.04360968,0.4664968,-0.1296243,0.3547367,-0.1828139,-0.2326255,-0.3131866,0.1964073
0.2008648,0.006950557,-0.2714759,0.07707113,0.09683365,0.209383,0.2987705,0.1282146,0.4859217,0.4667546
;
0.4634813
0.02341169
0.216792
0.09681517
0.02368635
-0.348403
-0.4666915
-0.02537447
0.4755861
0.7463788
;
0.05522066,0.1299278,0.002796948,0.1989847,-0.01602357,0.3590053,-0.156112,0.1395621,-0.1808501,0.4438311
-0.4846185,0.002696574,-0.2671961,0.4519928,0.30964,-0.1168776,0.08249754,-0.2398407,-0.01722151,0.1681055
-0.1010943,-0.06091732,-0.3051929,0.2840265,-0.04061526,-0.2510985,0.05287105,-0.2661287,0.03611726,-0.1973906
-0.1536128,0.3969893,0.1486961,-0.05904752,-0.3913215,-0.1717824,0.4635519,0.02038127,-0.4347752,0.2084642
-0.1921492,0.173331,-0.2383174,0.1155292,0.1523628,-0.3076019,-0.3036159,0.3986342,-0.302786,-0.491635
0.05637354,0.2616119,-0.4978012,0.235229,0.4114943,0.4235351,-0.08358747,-0.4178457,0.252404,0.3862693
-0.2507505,0.05083281,-0.08299011,0.4279892,-0.1423836,-0.241734,-0.1448579,-0.4898567,-0.2352459,0.3145704
-0.1297613,0.4130714,0.1031448,0.3416743,0.3959849,-0.06802434,0.2925217,-0.09260815,-0.2574248,-0.05152541
-0.2484668,-0.201,0.07902592,0.2388069,0.0233863,0.1150362,0.1029033,-0.4164752,0.2888694,0.2287026
0.1063328,0.3609018,0.04407591,0.2304762,-0.4793704,-0.005570829,0.04017252,-0.1167814,-0.3958852,0.4090073
;
0.1280541,0.01072854,0.191668,-0.1037115,0.3454946,-0.0299651,-0.4208173,0.02552253,-0.4096816,0.3091823
0.268942,-0.1284291,0.2484598,-0.3789349,-0.3740852,-0.1184012,0.2269299,0.2230676,-0.07299787,0.3494642
;
-0.2219035
0.05034584
-0.0837141
-0.4855996
0.4723047
-0.1286373
0.4560946
0.2959985
0.3446774
0.1592886
;
-0.2459465,-0.4394888,0.196599,0.01602,-0.08905393,0.1640591,0.4450126,0.4043015,0.2707806,-0.1139221
0.03602463,0.4812562,0.3936437,0.1873714,-0.1298125,0.005655706,-0.1485552,0.1000296,-0.469111,0.1982338
-0.1268085,0.2352943,-0.2173048,0.2304848,-0.4555269,-0.2156785,0.4712518,-0.1004366,-0.04844195,-0.03079051
-0.4027208,-0.07452542,-0.3218135,-0.4655355,-0.4749284,0.3971393,-0.4728361,-0.2505388,0.1095302,-0.3886925
0.193956,-0.4527218,-0.2281139,-0.09516498,-0.2430812,0.2667713,0.2571765,0.2888871,-0.03855437,-0.21841
-0.3512034,0.3307128,-0.3886691,-0.4992964,-0.4297307,-0.4635764,-0.1186314,-0.09694582,0.4270762,-0.2071646
-0.3555597,-0.05615133,-0.135735,0.2510411,-0.3241454,0.1612638,-0.4899031,0.07735091,0.1079332,0.1356184
-0.04997379,0.4408263,-0.1358796,0.09965509,-0.1009666,-0.413113,0.4025259,0.05782801,0.3821243,0.4720976
-0.3236195,-0.01499552,0.6370751,-0.08243078,-0.4769,-0.1435944,0.3246174,-0.3629781,0.365695,0.05184823
0.4018698,-0.2948055,-0.2878146,0.192103,-0.3268806,0.1444895,0.1421853,-0.3913194,-0.1467624,-0.3054359
;
-0.3313011,0.1934365,-0.09568673,0.15433,-0.3161094,0.1769919,-0.362506,0.446926,0.22066,0.09950608
-0.211963,-0.001646459,-0.465212,-0.0008146167,-0.4168934,0.2845838,-0.1213891,-0.2035198,0.4895332,0.09554356
;
-0.06685525
-0.0913366
-0.01701409
-0.267914
0.4073412
0.1686735
0.2614757
-0.2873931
-0.3730735
0.07393042
;
0.3809242,0.02592661,-0.5599104,0.6876831,-0.4632411,-0.1339427,-0.6588799,-0.5587844,1.108196,0.05945896
-0.3444818,0.1003941,0.3428623,0.266802,-0.1568657,0.09140097,0.1054678,-0.1569299,0.343431,0.2756321
0.2847083,-0.1335003,0.3707023,0.04754258,-0.2225084,0.07928509,0.01952525,0.1903022,0.07623716,-0.4013084
0.09249815,0.7731483,-0.3524162,-0.1400594,-0.05846879,-0.3490804,-0.0831134,0.1010754,-0.3486761,-0.3357099
0.4619816,-0.4701835,-0.5257596,-0.08282316,-0.03538687,0.006923616,0.1960385,-0.03349694,-0.4652313,-0.07220905
-0.1993956,-0.3954397,0.2545548,-0.2720484,0.1514021,-0.05560356,0.1250951,0.1117461,-0.1178772,-0.1144682
-0.562507,0.3995166,-0.1256276,0.1659919,0.1156539,-0.2428011,0.1271745,-0.9037379,0.3592309,0.009067357
-0.008381546,-0.350983,0.2281516,-0.09126847,-0.4035839,-0.02824836,-0.1173097,-0.005017459,0.4230386,0.1630233
-0.106154,-0.1839102,0.03922509,-0.03021792,-0.4576515,-0.04257132,0.4689388,0.02936868,0.09668676,0.004523294
-0.1415634,0.159163,0.5594557,0.03951116,0.08713529,0.7994236,2.66775E-05,-0.2938426,0.3271593,0.4597636
;
-0.3084103,-0.1043206,0.01346273,-0.001332456,0.1496731,0.4356884,0.1288705,0.346593,-0.0349525,0.278658
-0.01736515,0.03605537,-0.1165881,0.4430557,0.2284586,0.06614871,0.06002618,-0.1205733,0.0165295,0.07491559
;
0.125939
0.3760954
-1.253438
0.2610365
-0.006344012
-0.184889
0.393171
0.01914743
-0.3289591
0.1278425
;
0.1685513,-0.07055062,0.3388997,0.06286222,-0.1278779,1.003518,-0.2358263,0.04019594,0.1279693,-0.253516
-0.4939975,0.2703694,-0.2064674,-0.5752162,-0.4401478,-0.14633,-0.02323407,0.02744759,0.4611007,-0.08531278
0.01717218,-0.03471188,0.1134123,0.3137991,0.2343504,0.123218,-0.0001347239,0.6593884,-0.1360767,0.004578012
0.04276059,-0.2653242,-0.0001106858,0.1439751,0.3097057,-0.04753107,-0.07879622,0.03494915,0.5059544,0.0594092
0.06190301,-0.03632063,0.8247784,0.1542905,0.4233667,0.01680393,0.04386378,0.5529655,0.08137602,0.2901686
0.6214817,0.3878306,-0.4788074,0.03198181,-0.2387162,0.1857009,-0.7752563,0.06060872,0.2119191,0.02000331
-0.2107257,0.02780329,0.2707187,0.1862048,-0.3973751,-0.007622475,0.1847284,-0.03489625,0.2222702,0.0003201988
0.4210554,-0.01194725,0.4779204,0.07220619,-0.6564161,-0.3758399,-0.2391358,0.03342528,0.4993297,0.01750843
-0.2370882,0.1899589,0.1121104,-0.2976815,-0.0120729,-0.3212644,0.2864133,-0.4711518,0.3620952,0.3114163
-0.3866097,0.002252347,0.2863166,0.8498388,0.0339783,0.1462612,0.1389174,0.504494,-0.4619378,0.8568892
;
-0.05457328,0.4298565,0.1234665,0.01774285,-0.3157463,0.2464455,0.1080595,0.3142883,-0.3061515,-0.4270077
-0.0002617257,-0.05037624,0.1425119,-0.4969256,-1.329613,0.3579879,0.214112,-0.005420268,-0.2472649,0.3220339
;
-0.1314523
0.4063674
-0.4499872
-0.2049913
0.1303718
-0.3863611
0.06890601
-0.04362899
-0.01414484
0.3144037
;
0.456077,-0.347155,0.2387973,0.008834183,0.4837112,0.2509331,-0.1637514,-0.4160643,0.3130765,0.1290157
0.1012511,-0.07908779,-0.3669535,0.3625871,-0.04562038,0.3979177,0.2190908,-0.1030121,-0.2625548,-0.4641974
0.3434324,-0.4210981,0.2182318,0.1270358,0.2097267,-0.428499,0.2207622,0.2064129,-0.3113163,0.3845419
-0.1846097,0.186493,0.07486361,0.142988,0.2609658,-0.2145014,0.3513004,-0.4023502,0.4474088,0.3676983
-0.05886537,-0.3189206,-0.395199,0.4391161,0.0003884435,-0.2130713,-0.3969427,0.3468854,-0.3904685,-0.4421014
0.1022508,0.2525636,0.311677,-0.007638395,0.02293733,-0.3079,0.1331276,-0.3387549,-0.3066946,0.00706929
0.4722465,-0.1195098,0.1152052,-0.3472825,-0.4955108,0.4315569,0.4916254,0.4569426,0.4310998,-0.2960039
-0.4270051,0.06264335,0.2622401,-0.1664848,-0.106052,-0.1870798,0.1744084,-0.4821742,0.03475744,-0.0854463
-0.1754549,0.2687271,-0.2958734,-0.06039447,0.2942293,0.2284125,0.2463742,0.2048482,-0.2392685,0.4934454
-0.4596817,0.06037706,0.117202,-0.0491789,-0.4264224,-0.1354802,0.005328,-0.417686,-0.242182,-0.09661537
;
0.4186138,0.01559907,0.4288195,0.290511,0.08170444,0.172342,0.3085687,-0.4029275,-0.3699639,-0.4414948
0.3935667,0.2345894,-0.04554826,-0.402963,0.3070002,-0.01486236,-0.2685691,0.2934654,-0.07218999,0.4658247
;
-0.2440435
0.01414723
-0.1040935
-0.1996161
-0.1744781
0.1715873
0.2910048
0.2376439
-0.4281412
0.04928406
;
-0.01754019,-0.0529525,0.1939141,0.3600992,0.09749502,0.8037828,0.1319311,-1.070866,0.411978,-0.7686856
0.4528747,0.04739838,0.3198091,-0.0006105732,-0.04884855,0.07997708,0.4763786,0.1084625,-0.6084578,0.3118166
-0.001144003,-0.01934642,-4.169292E-05,-0.4516243,-0.04208495,0.1729297,0.4153891,-0.04320455,0.1646995,0.03897578
0.006128497,-0.4369994,0.1756862,-0.02776499,-0.1165769,0.6092345,0.3281515,-0.1359289,-0.02689332,-0.4993953
-0.1547375,-0.4109031,0.0249119,0.3085638,-0.4742283,-0.6266971,0.2249908,0.3257514,0.06991308,0.3011467
0.6608977,0.1505026,0.4657464,-0.03883868,-0.3489076,-0.007729745,-0.01764985,0.2271983,0.02042248,0.1986827
0.1107941,-0.2796621,0.08537632,-0.09718369,0.7093222,-0.2933367,0.4932799,-0.4237552,0.4134939,-0.07229847
0.228867,0.2647965,-0.2085757,-0.02845717,0.1352809,-0.4024899,0.03859948,-0.4256425,-0.08359252,-0.03117772
-0.06380133,0.1756108,0.05554189,-0.2718172,0.3124695,-0.01544388,0.1990058,-0.1360809,0.4600822,-0.07483886
-0.0008341221,-0.4669536,0.1857775,0.486828,0.08126777,-0.2553942,-0.4656816,0.06559888,0.3905734,0.9472048
;
0.06824099,-0.05225575,-0.00248563,-0.01749171,0.008940806,-0.3323977,-0.2128572,-0.008096443,-0.06935553,-0.01215154
0.02747372,0.05471808,0.2522827,0.6589248,0.09122189,0.4059312,0.3359901,0.02931839,0.5451215,0.06444162
;
-0.4902314
-0.2194703
0.2212288
0.06433457
0.6096404
0.3338437
0.4696214
0.2077589
-0.07933027
0.04833056
;
-0.08257872,0.4713366,-0.4273539,0.2314142,0.1170232,0.0001847516,0.2345668,0.03492469,-0.09032062,-0.01718885
-0.1712043,-0.004175902,-0.2636312,-0.03244488,0.4752956,0.2950408,0.008807353,0.3392031,0.0815993,-0.1859223
0.09120542,0.1128972,-0.01048917,0.4723016,-0.3839333,0.6944035,0.03864247,-0.1669336,0.2575593,-0.3320936
0.3295029,0.2305335,-0.02362437,0.327342,0.03967224,-0.1871615,0.4108813,0.06794579,-0.03654138,-0.01357109
0.06413129,-0.4190981,0.1618498,0.0599013,0.1219862,0.004560432,-0.4343539,0.5970237,1.038834,0.03734666
0.1265349,-0.7933399,0.02102357,0.06007285,0.1042593,-0.2377349,0.4106085,-0.3350124,-0.2357669,-0.2819043
0.007617356,-0.2906775,0.354577,-0.6276389,0.3622962,0.4933251,0.4796991,0.1549022,-0.2076981,0.0007983504
0.09580254,0.1352062,0.02545282,0.03486958,-0.09243068,-0.08732587,0.3765413,0.1099682,-0.2834948,-0.3986877
0.1488795,0.4979819,-0.2376938,0.02125913,-0.01522034,0.04227141,0.14429,-0.08992587,-0.1759777,0.1707945
-0.139525,-0.2014928,0.003055071,0.05500311,-0.3962542,-0.3401034,-0.3195744,-0.6538365,0.4404483,-0.2117707
;
-0.2122005,0.1406051,-0.03513801,0.03762912,-0.2559814,0.0004546838,-0.219533,-0.2623519,0.07469162,0.4356382
-0.116437,0.4336367,0.258253,0.03339845,-0.8183531,0.1808722,-0.4285107,-0.3598379,-0.4691952,-0.1318815
-0.05290468,-0.2010676,0.05905249,0.341288,-0.03376115,-0.07308611,0.782858,-0.05270618,0.0210138,-0.01201061
;
-0.2128531
-0.886277
0.6147025
0.007597586
-0.03217238
-0.3637678
0.03179139
-0.04421662
0.03533978
0.7396589
0.3574857
-0.4968642
0.1479552
-0.08049908
0.0322395
-0.2739557
-0.6029359
0.3686018
-0.06459742
-0.1387443
0.1727
-0.3850741
-0.03690559
0.217062
-0.1806936
-0.3065282
-0.1589214
0.4221944
-0.03617004
0.3531979
;
0.01484456,0.4516987,-0.1633134,-0.02267517,0.09314552,-0.1038142,0.2091833,0.2690469,0.3829608,-0.3055494,0.3211918,0.1889829,-0.01648263,-0.6554123,-0.1432384,0.4305749,-0.29774,-0.05283469,-0.004940103,-0.1927478,0.0183626,-0.2479866,0.1742888,0.1573075,-0.07290465,0.007925212,-0.4505148,0.3801341,0.3422775,0.1700117
-0.1460803,-0.01400507,0.04925758,-0.4365458,-0.1303668,-0.08355702,0.6418292,0.2021561,0.2877569,-0.3414589,-0.4134999,-0.4114627,-0.2326134,0.04256868,-0.4883109,0.2771719,0.5724872,0.2467429,-0.02235528,0.3843045,0.0891735,0.2887912,0.02278417,-0.3641341,-0.155738,-0.4415078,-0.09568332,-0.0807456,-0.1261743,0.1634738
-0.7659171,-0.1292404,-0.4377823,-0.2120686,-0.6070296,-0.9242629,-0.4124081,0.04331106,-0.2392828,-0.1702529,-0.1162071,-0.2028844,0.3026381,-0.007114797,-0.1243764,-0.4808636,-0.1045609,0.2253445,0.4414197,-0.1700111,-0.2138483,0.006922456,-0.2581513,0.127468,0.4085826,-0.1559227,-0.2760446,0.5656505,0.0115372,-0.2646664
0.03484032,-0.4222455,0.006776391,0.153789,0.3769089,-0.0167783,-0.1997313,0.16282,-0.07417444,0.1607774,-0.8399565,0.4221921,0.1230808,-0.01949255,-0.04528517,0.02824097,-0.2074177,0.001680653,-0.5005403,0.2925471,0.2325678,0.01432036,0.4886294,0.2254077,-0.4214659,-0.1664535,-0.9324755,0.4921361,0.6587642,0.2562733
0.4482201,0.01557952,-0.05806679,0.1088132,-0.121227,0.3492311,-0.2657559,0.4467064,-0.4408063,-0.5989144,-0.06958308,-0.01095717,-0.4539438,0.493751,0.06335201,0.479392,-0.1686795,-0.1384848,-0.07391924,0.3569505,-0.5013446,0.1866324,0.4156716,-0.04948229,-0.2464564,0.01283745,-0.2033406,0.1310776,0.5024751,-0.3508729
-0.1549755,0.3088038,0.008377216,0.1087045,0.01032137,-0.246575,-0.06444019,0.2341445,-0.1661825,0.3482509,-0.02729355,-0.3911083,-0.2503397,0.07153329,-0.2994702,0.2385374,-0.2475618,-0.351787,-0.0003985763,-0.08217426,-0.09546831,0.3827054,0.2430198,0.63353,-0.205192,0.00410809,0.04919263,0.4535967,0.32969,0.1329463
0.004210293,-0.2275192,-0.5635148,0.08275813,0.1901786,0.008587189,0.6431149,-0.0004645219,0.2482029,0.3041953,-0.02319187,-0.2599919,-0.4661143,0.1899891,-0.4231302,0.4655054,0.1880326,-0.445096,-0.1105228,-0.02612144,0.5677444,0.03994054,-0.06027957,-0.07005967,-0.4738686,-0.3611914,0.3148308,0.07056528,-0.7324337,0.3044993
0.08261673,0.3870766,-0.1292452,0.4053194,0.2373528,-0.1308241,-0.3534452,-0.0007071059,-0.2867693,-0.5614462,0.3810239,-0.809847,0.3235599,-0.2251482,-0.06572133,-0.1203933,-0.08426912,-0.01361453,-0.1735432,0.1108626,0.4136418,0.3894974,-0.3285694,0.0699615,0.2086347,-0.06556314,0.4336559,0.00543777,-0.0652663,0.01991504
0.01877234,-0.0009248045,-0.2480047,0.3710856,-0.04519429,-0.0891868,-0.02443167,0.07159583,0.8267844,-0.2926766,-0.325076,-0.393494,0.04176933,-0.1318011,-0.2825533,-0.1291996,0.1271359,0.08082265,0.08651914,-0.6727132,-0.009152442,-0.2008984,0.3185219,0.5185081,0.2707449,0.0941667,0.776494,-0.163063,0.3838714,-0.02723166
0.29392,-0.05764903,0.4858336,-0.4395179,0.5619468,-0.4171139,0.1252418,-0.1568979,0.4501472,0.1613769,-0.3156376,0.09727758,-0.1612435,0.3533006,-0.3858778,-0.1785882,-0.2110918,-0.3281412,0.2464998,-0.378755,-0.5521671,0.1532135,-0.09056811,-0.2330399,0.4181598,-0.1663795,-0.1476872,-0.4204339,0.3559239,0.008905737
-0.1958163,-0.474489,0.00972369,0.2518169,-0.7803077,0.03279716,0.3285008,0.4540195,-0.05942827,-0.0269101,0.04910787,0.7208945,-0.0363452,1.771965,-0.157644,-0.4040699,0.01295723,-0.3908242,-0.1813449,-0.4684932,0.0008723853,-0.0984492,-0.4209495,0.1587133,-0.0446927,0.2670626,-0.06758823,0.242196,-0.3864153,0.216575
-0.1943801,0.04444893,-0.0475263,-0.8044149,0.4358912,0.0156804,0.709461,0.02610427,-0.04343516,-0.4786057,0.1052151,-0.4818293,0.4803642,0.07624978,-0.05400323,-0.1268201,-0.3927621,0.2359842,0.3682984,-0.01135807,-0.07864221,0.3890745,0.03614555,0.4403847,-0.001850026,-0.00103995,-0.3760535,-0.5431592,-0.003573548,0.397945
0.3465728,0.03477598,0.02972489,-0.4558718,-0.6645513,0.757695,-0.1438131,-0.2110206,-0.04608804,0.196406,0.3925295,0.263668,-0.1204867,-0.005952656,0.001087133,0.3704237,0.01073423,-0.2718115,-0.4521711,0.06713957,0.03705884,-0.418102,0.04408967,-0.4655862,0.07447749,-0.2413454,0.1368727,0.3880168,0.121532,0.4207882
0.211433,-0.1360092,-0.08169858,-0.4762404,-0.01384835,0.02701166,-0.7254569,0.09515606,0.2878653,0.4039036,0.2681736,-0.004368157,0.130817,0.3643181,0.2338927,-0.1497669,-0.1517987,-0.4560665,-0.111366,0.3171203,0.234878,0.08773506,0.2820647,-0.1178634,-0.10363,-0.03170103,-0.05787731,-0.01176649,0.3223608,-0.02252978
0.03074986,-1.191755,-0.7005901,0.393703,-0.1373733,0.06408837,-0.05068427,0.3357185,-0.405229,0.01816474,-0.419693,-0.3654658,0.3190051,0.4197886,0.2432781,-0.3152624,-0.3788508,0.04149884,-0.6422946,-0.308043,0.07879752,0.07815821,-0.03545514,0.3434142,-0.1489001,-0.6705912,0.4084834,-0.3559945,-0.6364207,0.4406856
-0.08943665,0.2400762,-0.3415375,0.04856722,0.6320314,-0.2098495,0.3405447,-0.008941802,0.04334837,0.1334362,0.06908125,-0.06982809,-0.4397898,-0.4380251,-0.3641908,-0.1272839,0.02439541,-0.1531544,-0.3110869,-0.3406312,-0.05003696,0.344281,0.3041716,0.6675243,0.2800388,-0.5580247,-0.1588027,-0.01310235,0.3754949,-0.02394896
-0.3060025,0.458107,-0.350502,0.06062931,-0.409922,0.005839957,-0.11431,0.5169586,-0.3107357,-0.2557214,-0.1884599,0.2336014,0.168632,-0.00370718,-0.1094037,0.107194,0.2620969,0.1369893,-0.04928154,-0.2248636,0.4092356,0.01132731,-0.1993346,0.6420487,-0.03947294,0.04520077,-0.02189858,-0.7169779,-0.102351,0.005078733
-0.06448031,-0.4509209,0.2781132,0.02622253,-0.0572719,1.05925,-0.2356809,0.2416102,0.01677421,-0.4147909,0.1040398,-0.1941727,0.2614912,0.00378497,0.3510848,-0.3240972,0.2089668,0.3720301,0.3074257,0.348094,-0.003027695,0.2631946,0.2053565,-0.1659073,0.3565352,0.09940711,-0.0362913,-0.1550497,0.1403651,-0.02772016
0.187613,-0.4259943,0.07046072,-0.01835534,-0.2037688,-0.6029847,0.2545358,0.376464,-0.3550388,0.03382857,-0.002781166,-0.2270781,-0.416083,0.1406494,0.4758205,-0.00045677,-0.717831,0.3835009,0.2144883,0.4890034,-0.3558792,0.4871423,-0.218631,-0.03130529,0.09978727,-0.06713464,-0.4242911,0.004445356,-0.2149072,0.3995804
0.03286749,0.4072175,-0.1102261,0.1677466,-0.00119107,0.2213721,0.04888031,-0.049658,0.2718721,-0.0954656,-0.007485656,-0.02097982,-0.4228953,0.4986452,0.155985,-0.3781085,-0.2467235,0.3102868,-0.2205994,0.4843167,-0.05588165,0.05792171,-0.2089397,-0.0668148,0.3406289,0.7793466,-0.04253498,0.3191715,0.4460421,0.1144159
-0.2976717,0.3105969,-0.3778886,-0.02075809,0.0007860517,-0.3827782,-0.1579171,0.01844436,0.1068213,-0.376199,-0.4816102,0.2149432,-0.4241849,-0.06146461,-0.03159915,0.2879899,-0.1458346,-0.0525046,0.1950905,0.06523484,0.02926911,0.3924831,-0.3642522,0.2438109,-0.07769555,0.2982792,0.1205706,0.07399439,0.6099027,-0.4249267
0.4985727,0.2125487,0.8038586,0.7052087,0.05891973,0.07743372,0.4958756,-0.05505854,0.4061065,-0.1839465,-0.4714953,0.02712624,-0.0096016,0.2433424,-0.3085046,0.3641874,0.1192578,0.33416,-0.1024198,0.4357463,-0.2228138,0.2575517,-0.1009374,0.03172395,-0.3783789,0.4893796,0.4764197,0.3343023,-0.01431293,0.5567529
0.4220953,0.03458459,-0.06203129,-0.008097435,-0.1029162,-0.1698338,0.1569272,0.002385448,-0.3814806,-0.2737691,-0.1658932,-0.01880302,0.3840425,-0.05680031,-0.1328857,0.3611566,-0.05905908,0.04500037,-0.4466326,-0.01298877,-0.03295342,-0.5486872,0.4950006,-0.1229881,0.09642297,0.1281744,0.0292024,0.1455704,0.5081273,-0.2622178
0.1037469,-0.1624268,0.428051,-0.1987956,0.005241652,0.6067398,0.3711451,-0.1142309,0.3437045,-0.2924277,0.2153873,-0.01903087,1.339031,0.2299653,-0.08280879,0.2555841,-0.4014666,-0.08058829,-0.4923937,-0.006844922,-0.007779711,-0.2106881,0.07185262,-0.1200284,0.2011608,-0.1583888,-0.3897626,0.1488271,0.4541415,0.39361
-0.2304191,-0.0945999,-0.1906544,-0.2216681,0.8806542,0.1491985,0.001285561,-0.7858555,-0.4413579,-0.4775177,0.31126,-0.4746577,0.0165531,0.478618,0.05913669,0.419681,-0.3368092,-0.1373977,-0.494554,0.1643079,0.2983845,-0.2105825,0.01936841,-0.2651895,0.4327526,0.9211464,0.346391,-0.3322053,0.04409219,-0.1707741
-0.04598424,-0.06299485,0.0299946,-0.03637643,-0.2879976,0.04513937,-0.4126219,-0.8567148,-0.07899585,-0.2251939,-0.369894,0.2396896,-0.3566214,0.08985853,-0.4664835,0.2145641,-0.7463862,0.04502708,-0.3464434,0.07781184,0.2297751,-0.0878683,0.1952114,0.1143015,0.3254929,0.1987069,0.007426483,0.04236573,0.06340089,-0.1852698
-0.7992613,-0.3256595,-0.01187513,0.1959719,0.1576071,0.1608099,-0.2017089,-0.3034004,0.1960847,0.416126,-0.0890383,0.01440543,0.1154442,0.136124,0.2240716,-0.1479695,-0.8754837,0.1762984,-0.1314201,0.05260045,-0.1473838,0.5059774,0.1995849,-0.003112157,-0.2077921,-0.3618464,-0.1878912,0.434582,-0.2687868,-0.690251
0.7266923,-0.1521778,0.08609182,-0.5466756,0.09819263,-0.08726855,-0.06600462,-0.4557204,-0.3890324,-0.4478191,0.3416862,-0.1384233,0.2442074,0.1207083,-0.4408285,-0.491882,0.4478939,0.03252126,-0.004784937,-0.03760989,-0.1001119,-0.3946418,0.4684029,-0.4240931,0.06095476,-0.7538337,0.0774508,0.2593234,-0.5855218,0.06498557
-0.503038,-0.00222379,0.09176642,0.3517712,-0.3245363,0.2293824,0.6867936,0.03887266,-0.2584884,-0.4224644,0.7091011,0.02961766,-0.4059496,2.407591,0.07433117,-0.3242294,0.1223554,0.4304359,-0.05821491,-0.08936211,-0.01006862,-0.07179512,0.3606276,-0.326079,-0.4667749,-0.4103775,-0.2351956,-0.3820381,-0.07077661,-0.2809271
0.3565764,-0.5051005,0.02297214,0.6556108,0.1118608,-0.5692405,0.2175432,-0.0009961724,0.2716453,0.5164384,0.2873745,-0.1963726,-0.5077732,0.06250028,0.1022708,-0.398395,-0.01136428,-0.1156153,0.1608352,0.0002426221,-0.2991509,-0.4553331,0.2163213,0.2221811,1.51438,0.02114826,0.1528012,0.4209722,-0.01480037,0.1245747
;
0.347111,0.2511398,-0.1272961,-0.2126123,-0.3219405,-0.01718305,-0.02939671,-0.3080025,-0.0008811481,-0.05998321,-0.00777346,-0.5213313,0.2005373,-0.3403266,0.009108666,0.148151,0.4508076,0.3677026,-0.472981,0.01253492,-0.3753103,-0.3591557,-0.4205066,-0.2708262,0.1864153,0.01872319,0.01272374,-0.02919537,-0.04263835,0.09239887
0.0717449,0.02136586,-0.3878099,-0.3406882,0.1841475,-0.0119139,0.3816824,-0.1067169,0.05584068,-0.309046,-0.1076428,0.2459097,-0.4363343,-0.3659537,0.03365284,-0.4183097,-0.4047321,-0.3008554,-0.01185992,0.4641098,0.3179113,0.1815932,0.2655184,0.0008789686,-0.0005848011,-0.3323143,0.1711728,-0.07191381,0.3001878,-0.02270631
-0.2637306,-0.2749754,0.3964206,-0.05302653,0.4555737,0.8114135,0.1586617,-0.5210561,0.08925062,0.4209361,0.2452761,0.1172006,0.017667,0.0781341,-0.1600802,-0.1898991,-0.3900133,0.3466307,0.05258502,-0.05205566,0.5586482,0.07612196,-0.06587023,-0.2449244,0.1919412,0.6427221,-0.019401,0.0431543,0.2742876,0.2775674
;
-0.3114985
-0.2913584
0.1119402
0.4069575
0.2865065
-0.2695069
0.2060207
-0.2737571
-0.2994174
-0.3884324
-0.05744511
-0.1456822
0.2345236
0.1419817
0.1837187
-0.1061037
0.04266864
-0.2008346
-0.01139385
-0.3787528
-0.1747811
0.1140011
-0.1656552
0.1310377
0.2946421
-0.4222643
0.1105905
-0.3852081
-0.1018538
-0.2094108
;
0.2465967,0.4466906,0.1357725,-0.3227365,-0.4592537,0.09083277,-0.1799427,-0.3488156,0.1656271,0.1850855,-0.1876369,0.3743384,0.2707516,-0.4291878,-0.4249318,-0.4660546,0.01441377,0.2332612,0.279175,-0.354102,-0.3584133,0.3033788,-0.4185539,-0.1328306,-0.3276541,0.2304396,-0.01206011,-0.3741428,-0.5364851,-0.4530818
-0.1681218,0.3026613,-0.345786,0.2146597,-0.4982909,0.02224559,-0.2277123,-0.1556903,-0.3287349,-0.07297128,0.4499333,-0.3397851,0.4677676,-0.1524088,0.3901361,0.1140612,-0.381442,-0.3524213,-0.1227555,0.01357776,-0.3466787,-0.3425024,0.2063926,-0.108365,0.04184359,0.0446077,0.1587967,0.3834771,-0.1424544,0.1339852
-0.326431,0.4089438,0.1296756,-0.226186,0.06824356,-0.3606948,0.4101262,-0.4179611,0.001008451,0.3769886,-0.3843245,-0.02989739,0.3481408,-0.4219348,0.1017063,0.2113122,0.2701175,-0.4466903,-0.3238288,-0.2555009,-0.1032214,0.4632986,-0.1834671,0.4286073,0.3357253,-0.4275635,0.1210381,-0.3369542,0.2718545,0.4721565
-0.4425206,-0.4289529,-0.4858866,0.03764433,0.01288217,0.100982,-0.06972092,-0.2841552,0.4692928,0.3675088,-0.1426242,0.245519,0.3268166,-0.07593995,0.4321313,-0.1926463,0.384153,0.4120049,-0.2890376,0.4385576,-0.4040442,0.2922642,0.2843795,0.3909185,0.009030759,-0.1382659,0.1890329,-0.4299228,0.0743682,-0.4644146
0.2869816,0.3696908,0.1248963,-0.1286322,-0.171966,0.4139122,-0.3446163,-0.3632803,-0.1192474,-0.4412622,0.2696755,0.3811334,-0.4390442,0.4784353,-0.2442817,0.4348434,0.1499387,-0.4730562,0.07213134,0.0526368,0.1200909,0.106066,-0.1453487,-0.03810531,-0.1877888,0.2200293,0.4965625,-0.2747296,-0.2543781,0.3127466
-0.190014,0.2849751,-0.337395,-0.4346782,0.1574079,-0.3823547,-0.2877493,-0.2366429,0.2256157,-0.288964,0.06807107,0.1403868,0.403034,-0.4392933,-0.4962186,-0.09300619,-0.0178569,-0.4244541,-0.4152125,-0.1891317,0.4102184,0.03189653,-0.05012852,0.2222445,0.3459597,-0.09476858,0.2090303,0.1283235,0.3179986,0.4282454
0.08428842,-0.4982592,0.290529,-0.3678312,-0.2998121,0.4355026,-0.1206302,0.480309,0.1800374,0.1115238,-0.4486303,0.07696134,-0.004341424,0.3164724,-0.302487,0.3593436,0.275504,-0.09394389,-0.2444764,-0.2027079,-0.3935876,0.4207385,-0.2151781,0.3710136,-0.2780792,0.3949767,0.3142557,-0.4443555,0.2484203,-0.04559421
-0.00983423,0.007576287,0.4253824,-0.183937,-0.048919,-0.05532581,0.3051571,0.02523263,-0.08868843,0.4603449,0.2260954,0.4713504,-0.1418663,0.2346032,0.2741766,0.1211719,0.2643583,0.1164265,-0.05017906,-0.0528776,0.4630735,-0.1346299,0.07956129,-0.06995827,0.4877199,0.263436,-0.2013168,0.1172804,-0.4278448,-0.3545713
-0.2556221,0.3928341,0.0550105,-0.4638215,-0.4965886,0.05158287,0.1853405,0.483798,-0.2094019,0.1806294,-0.2121863,-0.1595376,0.2976681,0.08086652,-0.1861562,-0.0001011265,-0.2589676,-0.4784135,-0.007582366,0.3550427,-0.4273397,0.02215618,-0.4289874,-0.4468703,-0.3709326,-0.3303852,0.07883006,-0.4223233,0.2141322,-0.3056461
-0.3760512,-0.4972324,-0.04036313,0.3094596,-0.2981064,0.04585749,-0.148274,0.4566665,0.2750686,-0.4443723,0.3421439,-0.09573323,-0.38425,0.498897,0.02628225,0.03652149,-0.255583,0.2889781,0.4816688,-0.274615,-0.4478577,0.01193053,-0.07819623,-0.2910757,-0.2638339,0.4830556,-0.2446923,0.1066162,0.02932411,0.186133
-0.05187315,-0.3214784,-0.1641505,-0.401353,0.3204963,0.01519901,0.1702048,0.1736051,-0.149913,0.3220307,0.1831567,-0.08714193,0.2615644,0.4186211,0.04192191,-0.1077979,-0.1642658,0.02941952,-0.112035,0.4434378,-0.3204968,0.2969816,-0.2784584,0.1278498,0.2799668,-0.4817469,0.4517175,0.009347498,0.4389055,-0.1276267
-0.03853816,0.1094819,0.233237,0.4999855,0.06739837,-0.3638307,-0.3199848,0.07234699,0.305951,-0.008982718,0.2635506,-0.3778044,-0.4410455,-0.06226689,0.4449937,-0.006251991,0.3430552,0.1517007,-0.1392459,0.4312692,-0.491066,-0.1861352,-0.4859287,-0.1168947,-0.1599219,-0.009871066,-0.1395996,0.4144167,-0.1530665,0.06852108
-0.1749722,-0.02770978,0.3316003,-0.1622844,-0.0291298,0.1963011,0.107383,0.3511266,0.3936836,0.3999031,0.04675144,0.4443336,-0.4162885,-0.4236045,0.2122654,-0.2370717,0.2249014,0.09007818,-0.0652588,-0.4501779,-0.2513117,-0.4897089,0.0108798,-0.03283554,-0.3004471,-0.3076804,-0.02048796,-0.3069237,-0.1290249,-0.242205
0.4966422,0.2917681,0.2072559,0.4202226,0.3590254,0.0427461,-0.2255169,-0.6450834,0.4452068,0.3910421,-0.2880943,0.08648556,0.4388199,0.4718877,-0.3646301,-0.2918849,0.02214199,0.0659911,0.2955739,0.1350024,-0.06600505,0.3832049,0.3475879,0.06117135,0.2753384,-0.1922687,0.1179373,0.18803,0.3081626,0.1149153
0.4946296,-0.3677701,-0.3665673,-0.266924,0.2679642,0.1684972,0.009525597,-0.1508275,-0.4041969,-0.4174557,0.1347099,-0.2745429,0.04806322,0.3213998,0.3501025,-0.4338295,0.03351992,0.1760213,0.1873962,0.3976417,0.1730444,0.4819659,-0.333197,0.1624278,0.04739338,0.2083298,0.4127203,-0.3250455,0.146618,0.1640963
-0.385196,0.005791366,0.3634795,0.2111615,0.2509706,0.4666508,-0.01876372,-0.4700423,-0.24812,0.1802546,0.4280075,-0.2493991,-0.2755141,0.009214025,-0.03922504,-0.3879682,0.1376141,-0.4776173,0.3019564,0.4350618,-0.4244013,0.0008205771,-0.2934204,0.08107728,-0.05517691,0.1321497,-0.4664102,-0.161524,0.03303839,0.1370767
0.3600513,-0.2807714,-0.2297203,-0.4426951,-0.1502936,0.3229036,-0.3901573,-0.2400431,-0.04450589,0.144029,-0.03490788,0.07796496,-0.4227358,0.1873618,-0.3821175,0.003683507,-0.3687272,0.2147058,0.007258236,0.09831363,0.4675472,-0.1648545,-0.1598218,-0.3890028,-0.1987809,0.4057854,0.4527102,0.003581345,0.0665186,-0.1588184
-0.1431375,-0.2079174,-0.4919693,-0.4206675,0.2700131,0.225829,-0.09632176,0.4701316,0.4093823,0.4712043,0.1149098,-0.4901558,-0.1214932,-0.3319041,0.2514695,0.02269608,-0.1605138,-0.2179168,0.01937586,-0.2870345,-0.07483715,-0.1492115,0.3229318,0.2361431,0.06080872,-0.2797616,0.282642,0.1171142,0.08989471,0.07850307
-0.1968579,-0.396423,0.3731909,0.4210371,-0.4370496,0.3849065,0.4907634,-0.436587,-0.2621802,-0.3937659,-0.2501442,-0.3213639,-0.04572672,-0.345013,0.08479565,-0.4131858,0.4196885,-0.3107105,-0.3104172,0.1603064,0.2276735,-0.485543,-0.06909829,0.4147642,-0.2592189,-0.2538112,-0.1535179,-0.00811547,-0.2195633,0.3680283
-0.3502948,-0.09561402,-0.3818473,-0.2058372,-0.03898424,0.4352896,-0.009165943,0.1672728,-0.05188578,-0.02951235,-0.2351411,-0.1796066,0.4396136,0.1297552,0.04505438,-0.173428,-0.3178766,0.2564189,0.1818244,0.4238064,0.362114,-0.1831539,-0.265419,-0.184384,-0.4886192,-0.1322048,-0.3137553,0.3276834,-0.1366911,0.4502907
0.3257179,-0.1714311,-0.4337336,0.09210128,-0.04696065,0.1204563,0.1953348,-0.1912195,-0.3774613,0.4697524,0.1078135,-0.05226094,0.3267801,0.1153335,0.2039252,0.3090287,0.06868523,-0.2210627,-0.3910897,-0.1720373,-0.1972004,0.1389708,0.441702,-0.06296581,0.1915289,0.1447776,-0.2913716,-0.2726538,0.4051813,-0.1070011
0.2920183,0.1427525,0.01065415,0.03968793,-0.181254,-0.4390686,0.2641704,-0.1065878,-0.1709811,-0.09059733,0.1671852,-0.3242321,0.3353752,0.005500149,-0.422267,0.3202975,-0.01050236,-0.4033774,0.4411598,-0.4133618,0.3316528,-0.2002671,0.476136,0.06994981,-0.3460399,-0.2062741,-0.4010845,-0.4237456,0.03004152,0.4247082
0.3297861,0.3349192,-0.4364122,-0.4973668,0.4398096,0.2274211,-0.4405785,-0.236597,0.3843839,-0.1826407,-0.4308392,0.08918029,-0.4111469,0.1938736,0.4748904,0.2315889,-0.05256301,0.3327805,-0.5670047,-0.3422207,0.1642505,-0.0290888,0.3098027,0.2725641,0.209809,-0.4873497,0.422666,-0.4327011,-0.3715076,0.4117696
0.09655279,0.2200781,-0.3778032,-0.04097337,0.427472,0.1962911,-0.3389801,-0.4142596,0.1656471,-0.1081697,0.408717,-0.2405713,-0.3419141,0.2845438,0.3469354,-0.184177,0.06625515,-0.2668462,0.3010617,-0.2567773,-0.1543141,0.3650922,-0.1284001,-0.1698901,0.1505033,-0.02015108,-0.1605189,-0.3760772,-0.2360037,-0.4197205
0.06149656,0.06491393,0.07772881,-0.3332561,0.2719567,-0.4694371,0.4677769,0.4881276,-0.01612085,0.4311111,0.30682,-0.1934844,0.08617538,-0.1047794,0.3208507,0.3194176,-0.1694371,-0.1528797,-0.4410723,0.03067309,-0.3913486,-0.4396137,-0.358445,-0.3039922,-0.269663,-0.4731641,0.04890686,-0.08453411,0.01499003,-0.1245711
0.0237655,0.4973737,-0.06418675,-0.2422256,0.06675023,-0.3352964,-0.2976812,0.397007,0.421334,0.3893657,0.2830099,0.4416236,-0.3142885,-0.1588487,0.416537,-0.1330121,-0.2874585,0.3645716,-0.4865702,-0.1208264,0.4762403,0.006215751,0.3411431,-0.1657253,0.206061,-0.4901917,0.07309729,0.2843453,0.1752477,-0.1711224
-0.4400407,0.1602442,0.3457539,-0.402993,-0.1025773,-0.1833108,0.1007184,-0.261649,0.468495,-0.1194944,0.1334041,0.08059841,-0.356737,0.6496777,0.06572306,0.1790904,0.413511,0.2176047,-0.310374,-0.1565593,-0.2076083,-0.2193787,-0.1924407,0.4314812,-0.6202036,-0.4416745,-0.0840047,-0.1943912,-0.03215057,0.3835961
-0.01715761,0.07841986,0.3453103,0.483881,0.2994831,-0.07403296,-0.1572432,0.2761649,0.3780172,-0.4517256,-0.2115451,-0.3751084,-0.1518266,0.02350694,0.2854799,-0.1125976,0.4784629,-0.1190785,0.02894312,-0.3514282,0.09386271,0.1224876,0.161434,0.06817919,-0.2662911,-0.4599675,-0.4472188,0.08731228,0.4765593,-0.5904387
-0.4155077,-0.3543336,0.3702923,-0.04694217,0.4847186,0.4183844,-0.3138278,0.007962525,-0.3459083,-0.3727549,-0.3994524,0.4218282,0.1266835,0.4151751,-0.05118209,0.2206256,-0.4633542,-0.1015653,-0.1690847,0.2768151,0.3333818,0.4909551,-0.2177905,-0.1401365,0.4975796,-0.2631086,-0.2531264,-0.2251201,-0.2534267,0.4409939
-0.3608681,-0.4599264,-0.4258627,0.1953294,0.4706275,0.1760977,-0.2567497,0.1258663,-0.06588942,-0.06319684,0.2328247,0.3039953,-0.330708,-0.1250388,0.3563585,0.3031069,0.1824008,0.2901442,0.3442661,-0.2858856,-0.4219573,-0.3850896,0.1883579,0.4212269,0.4223529,0.3752679,0.2797852,0.390638,-0.09117478,0.2247274
;
-0.1564167,0.390977,-0.108327,0.02232748,-0.2270762,0.4138379,-0.308945,0.4852347,0.2454634,0.2200118,0.3832994,-0.01329738,-0.2922362,0.4574809,-0.4570323,0.4785693,-0.4645452,0.2402719,0.4951257,0.1026012,-0.1611912,-0.1869279,0.1850505,0.2114084,0.1103794,0.4058841,-0.1979228,0.1050184,-0.1809824,-0.05118304
0.2113439,-0.270908,-0.2929255,0.4530736,-0.4975218,0.3953624,-0.1965885,-0.0001074195,-0.2362822,-0.4034513,0.45629,0.3984288,0.4732141,0.286442,-0.006395741,-0.1254414,-0.4125397,0.4744782,0.1840056,0.2508986,-0.3507351,-0.03842443,0.1997808,-0.3867128,0.4272436,-0.6339147,-0.09812516,-0.1099642,0.05542439,0.1263213
-0.2156348,-0.1619546,-0.01233798,-0.175526,0.006469429,-0.277223,-0.2915431,-0.07653445,-0.298045,0.1828008,-0.2382374,-0.3955586,0.348199,-0.4485875,-0.3805354,-0.3807697,-0.172123,-0.3460028,-0.02506644,-0.128794,0.02029794,0.1357661,-0.4438047,-0.289399,0.1566819,0.3276303,0.4579538,-0.009357728,0.1953753,-0.197823
;
0.4728817
-0.2165954
0.6319675
0.1815461
-0.3305489
0.3909707
-0.04044259
-0.3279605
-0.3429803
-0.478034
-0.1280571
0.076632
-0.2024139
0.09503502
0.0513344
0.1552437
0.1679836
-0.4640559
-1.310714
-0.4951503
-0.4287829
-0.1016619
0.4873317
-0.4588517
-0.02085954
-0.02948042
0.11951
-0.2043254
0.06519838
-0.4116443
;
0.0786323,-0.1772559,0.2450815,-0.08895665,-0.1363283,0.1056299,0.4724827,-0.339107,0.03919083,0.02015819,-0.04837195,0.01263016,0.01664049,0.1820768,0.3512418,-0.4005292,-0.2338577,0.2418305,0.3309461,0.4263597,0.1479618,-0.05371898,0.3408262,0.1067976,-0.4229115,-0.6180183,0.2187199,-0.2565924,-0.001599133,-0.3832058
0.462951,-0.522201,0.391937,0.06249337,0.3353509,0.2961394,-0.01038922,0.003179723,0.1161911,-0.07667921,-0.0329065,-0.2505277,-0.2784058,-0.4487257,-0.4307604,-0.1662166,0.4402829,-0.08326174,-0.07459453,0.4084992,0.2455136,-0.0003743803,-0.200185,-0.3119811,0.05009514,-0.0496853,0.418245,-0.4950035,-0.01330996,-0.6342946
0.1797496,0.3928047,0.1236659,-0.2189787,-0.242809,0.2190714,0.7722739,-0.2567177,-0.4925501,0.2589622,-0.05211252,0.01156392,-0.7223178,-0.02763749,-0.01657301,0.1390886,-0.1359357,-0.008883995,0.08126313,0.0548585,-0.3450146,0.1967633,-0.6122217,0.002025994,-0.3610245,0.2671613,-0.0746929,-0.438738,0.05353863,0.3460125
0.1062701,-0.4818825,0.7798097,-0.1433626,0.9402999,-0.220881,-0.8367978,-0.003330146,-0.4872897,0.003006067,0.07517357,0.3119118,-0.6014823,-0.1862882,-0.008827031,-0.1920285,0.154706,-0.0741362,-0.4808627,0.765057,0.7964909,0.1201345,0.03460928,-0.07917052,0.1260951,-1.155984,0.1414256,0.1000018,0.07758766,0.1470699
-0.3875202,-0.4297639,-0.1235379,0.07222062,0.2396078,-0.4237906,0.07850801,0.3976328,-0.2565799,0.0177009,0.4551507,-0.08441073,-0.02924722,-0.02303201,-0.07798208,0.1475426,-0.261983,-0.4386451,-0.1813982,-0.1652014,0.1024732,0.3056525,-0.09798055,-0.07885927,0.08852927,0.07645397,-0.1940167,0.1179305,0.1058688,-0.01272227
0.2077798,0.1636902,-0.3677289,0.3074263,0.2952393,0.6917157,0.08043259,-0.3286684,0.003426705,0.02276331,0.2922156,-0.02287966,0.02703639,0.3441168,0.1021941,-0.2979919,0.8371191,0.04612257,-0.2717634,-0.2568585,-0.4486774,0.3084422,-0.1054821,-0.3397119,-0.3002912,-0.4578469,0.339848,0.2339073,0.3717724,0.2367343
0.1468913,0.09256119,0.0108703,0.08131996,0.288689,-0.25685,-0.1577417,-0.008402407,-0.09560901,0.0378398,-0.3619814,-0.3545687,-0.3692989,-0.3164073,-0.1413291,0.4516075,0.1874437,-0.2821847,0.04584295,-0.08079046,-0.1017784,-0.005840916,-0.3811368,-0.4199601,-0.6447323,0.08923198,0.02892882,0.2482972,0.08058608,0.1133948
-0.3058056,0.4364436,-0.05736083,0.03254229,0.4550398,0.2565593,-0.2881864,-0.08376437,-0.1038713,-0.2472643,0.3482759,-0.1645577,0.4110231,0.3205628,0.7638927,-0.3154862,-0.2603422,0.06713566,0.4722296,-0.1596848,0.1887518,0.1107684,-0.9405882,-0.2038501,0.2425334,-0.2492125,-0.005889952,-0.9210849,-0.1457894,0.1192455
-0.4676614,-0.04068466,0.2885236,0.3464181,-0.113178,-0.493554,-0.002190379,-0.4950117,0.07546812,-0.3999748,0.0449633,-1.232988,-0.2998562,0.01345605,-0.2778254,0.04706055,0.7011698,0.08085207,-0.6643505,0.2253651,0.04625529,0.1521859,-0.3481157,-0.03909162,0.4225299,-0.08211619,-0.02105994,-0.4344229,-0.1184437,-0.1691036
-0.01011407,0.03995346,0.3470699,-0.3927158,-0.1180132,0.5969131,0.3946925,-0.03828964,-0.1874239,0.3173021,-0.57486,0.673795,-0.4987473,0.5346034,0.7484443,1.033173,0.3152933,-0.02265952,0.1796938,-0.05220585,0.01556428,-0.2224406,0.2211766,0.08965267,-0.4707381,-0.04416976,-0.3380674,-0.2823873,0.4677116,0.2949071
0.4161073,-0.3496865,-0.3929105,0.0153013,0.3139538,-0.2325835,0.4977174,-0.1873028,0.008053757,0.1726793,0.4118986,0.2868221,-0.2242873,0.2479549,0.2571533,-0.005119509,0.2323934,-0.1610981,-0.2364054,-0.05305721,0.9351379,0.5306802,0.8866956,0.4390274,-0.1762489,0.4143607,-0.5062163,-0.2553871,0.292262,0.03349334
-0.4192604,-0.4482614,0.2573209,0.2892135,0.02640443,0.09125394,-0.003869189,0.05642107,0.1788871,0.7878245,-0.1129519,0.04606595,0.06213242,0.08644533,-0.01313083,-0.2259635,-0.14095,0.2423789,-0.1170173,0.2235638,0.3610957,-0.04658335,-0.07003802,-0.07679739,-0.2203092,0.3150048,-0.01959864,0.08467728,0.2023899,0.1183447
-0.3592087,0.4871756,-0.06434351,-0.1362513,0.07867151,-0.2020031,-0.002127454,0.05189239,-0.4728799,0.0645172,-0.2901808,0.1088632,0.05675657,0.2014295,0.1880916,0.1111264,-0.177962,-0.1963177,-0.5631215,0.282876,-0.2060954,0.01404229,0.1938988,0.04672597,-0.02075799,0.2876803,0.2706304,-0.001199792,0.1835316,0.6021672
-0.2901332,-0.267886,-0.2784369,-0.7452956,0.1759624,0.1412627,0.148507,0.3764812,0.875935,0.2980388,0.1384213,-0.01266327,0.216316,-0.001844337,-0.3726019,0.4333556,0.1627013,0.321189,-0.2821687,-0.0742142,-0.08192557,0.07191581,-0.09735157,0.158211,0.4541103,0.2811717,0.1498486,0.3681983,-0.47461,0.8523227
-0.01255114,0.530434,-0.2143898,-0.5184134,0.1459012,-0.02001911,-0.02339619,0.3053557,-0.2389181,-0.4296042,-0.3097655,-0.249028,-0.08636063,0.04588166,-0.4927061,-0.1838327,0.05827659,-0.4612854,-0.4178455,-0.4494939,0.4435343,0.2209556,-0.2814578,0.1078333,-0.1772588,0.1369007,0.4207917,-0.3593001,0.1445373,-0.01907505
0.002795829,0.2571304,0.09779549,-0.3136883,-0.2978903,-0.3904264,0.3256546,-0.0495987,0.2424654,-0.1914518,0.4832961,0.1490308,-0.2890446,-0.3557264,0.2878067,-0.2895749,0.1029027,0.4533695,-0.2710619,0.3733021,0.1738988,-0.2687738,0.1714221,-0.08033092,1.218347,-0.4903487,0.001267577,-0.004706578,-0.2884737,-0.09269397
0.2393322,0.3188583,0.04704052,-0.01324826,0.02472717,-0.3958753,-0.2995087,-0.2549486,-0.2507819,0.1070932,0.3810812,0.03551907,-0.3244774,-0.1357693,0.2674103,-0.01117712,-0.1369707,0.05511269,0.3936732,-0.5504508,0.004257904,-0.2414774,-0.1836555,0.0770181,-0.009168684,0.2915957,-0.4106601,0.007892957,-0.1415496,-0.1182662
0.4203277,0.02420646,-0.09504801,0.2801648,-0.3847376,-0.4468558,0.07280129,-0.4325734,-0.2231612,0.1370979,-0.4339358,0.6397077,-0.08816192,-0.1785454,0.1751251,-0.2316645,0.5341626,0.1369874,-0.2276698,-0.3226051,0.05142854,0.2081998,-0.2899325,0.3540276,0.4181504,1.247952,-0.1490921,0.1529496,-0.4204009,0.05422705
-0.003476973,0.3580852,0.1770777,-0.4660197,-0.02554411,-0.3141929,0.9166327,-0.9431764,0.3045108,0.330002,-0.4228047,0.3118069,0.1649572,0.1816778,0.412004,0.1708972,-0.3292857,-0.246148,0.2990197,-0.4965781,-0.3208454,-0.04407436,0.001018707,0.1434695,0.2696526,-0.4391793,-0.1244462,-0.2672106,0.4191038,0.2933513
-0.9037825,0.2269354,0.598677,0.2957475,0.3339593,0.2542125,-0.6426027,0.2105981,-0.03769476,0.1496566,-0.03809065,0.2576451,0.07637549,-0.353351,-0.3598014,0.6629953,-0.0799125,-0.4446553,-0.1133046,0.5097075,0.3040124,0.1515433,-0.06913109,-0.07912332,-0.02928575,-0.7819052,0.2148274,0.2958851,0.5495571,0.195687
0.356703,0.05080674,0.2635901,-0.1750931,0.08967319,-0.02009375,0.4873908,-0.7245222,0.4171221,0.4628989,-0.2361608,-0.1189022,0.2515397,0.3052526,-0.4976069,0.06602256,-0.008213783,0.2115155,0.1936957,-0.000405074,0.5330189,-0.1867231,-0.2617532,0.3956144,-0.3831193,0.405409,0.02499014,-0.2667971,-0.05783235,0.3863519
-0.02383299,-0.03938188,0.1716425,0.02974397,0.2808229,0.3856581,-0.1643896,-0.1528684,-0.277375,0.2746024,-0.04733315,-0.1096299,-0.1532407,-0.3543576,0.836861,0.1739662,0.3400073,0.1642205,-0.1525339,0.2103127,-0.08143586,-1.485391,-0.6768407,-0.2367801,-0.08275624,-0.2690965,-0.1409797,0.4717008,0.02175814,0.02273303
-0.006695635,-0.4764333,0.02186042,-7.250695E-05,-0.1653334,-0.04014023,0.1855956,0.1468387,0.1664452,0.6619611,-0.2180046,0.1568507,0.339304,-0.02091461,0.02857739,0.4241898,0.03833108,0.1771647,-0.05525666,0.480122,0.02722971,0.6260585,0.168539,-0.2546455,-0.2010421,-0.2502349,-0.08419927,0.02406669,0.307642,0.8343363
0.003288656,-0.1379649,0.005448853,0.00852114,0.2192132,-0.2227767,-0.4140527,0.1517941,-0.3387144,0.2116968,0.3580374,-0.02179336,0.06217125,0.1296176,0.04197859,0.1338412,-0.02541357,0.4254225,-0.3319027,0.05238932,-0.3218586,0.2222731,-0.1628393,0.7471712,0.2526417,0.4514005,-0.4011418,0.1689035,-0.3833914,-0.3086995
0.09137163,-0.04670662,-0.1850004,-0.1548641,-0.1115835,0.4278885,0.1088658,-0.3597895,-0.1995158,0.4465837,-0.2709514,-0.4932705,-0.4539144,0.07956556,0.1529624,-0.03506346,-0.1449216,-0.09801073,0.2594342,-0.3752042,-0.8678403,-0.1026298,0.4601334,-0.1133117,-0.1672756,0.2576641,-0.090159,0.1957158,0.001829227,-0.3025395
-0.1246384,-0.003947495,-0.2491621,-0.04658112,-0.03011166,-1.578107,-0.02381486,-0.07821914,-0.3944135,0.7981653,0.1665086,-0.3745061,0.3478523,-0.2521838,0.09096509,0.8959554,-0.4254408,0.3997628,0.2047348,0.01252852,-0.01248611,0.4720491,0.2437629,0.4120395,0.3381207,0.1577544,-0.7646475,0.7974848,-0.3304996,-0.7090614
-0.2594142,-0.03966058,0.2182062,-0.1991739,-0.2434343,0.3885427,-0.2219235,-0.4351697,0.6795717,-0.2206417,0.4571941,0.2009103,0.3471292,-0.3957958,0.5001904,-0.1249322,0.02221519,-0.2228191,0.003188312,0.02927492,-0.1253348,-0.213581,-0.120777,-0.1378508,-0.100862,-0.02868857,0.2174135,-0.2746172,0.1450045,0.004508555
0.1410006,-0.5353855,0.8069836,0.4041271,-0.1004645,-0.02758105,-0.4434385,0.4115739,-0.521818,0.3062035,-0.7141131,0.08796442,-0.08160037,-0.05481273,-0.01387178,-0.1296307,-0.3778878,-0.08607727,-0.3312016,0.8047214,-0.2996166,-0.370212,0.4089379,-0.1871862,0.2621821,0.2717056,0.1280356,-0.5156617,-1.020733,-0.1181984
-0.01543766,0.1671686,-0.2727897,0.2326252,0.1234602,-0.4306359,-0.4500843,0.1227183,-0.4312001,0.1901133,-0.2280355,0.6540725,-0.4345746,0.379443,-0.1090586,-0.44715,0.286978,-0.04544711,-0.1571198,0.3119373,-0.4323804,0.02241937,-0.07675654,0.08338317,0.01088395,-0.05482138,0.1429432,0.3629115,0.5359603,0.04981452
-0.4777085,-0.04487194,0.3720111,-0.3912034,-0.07575209,0.4594257,0.3691579,0.5968796,0.02468253,0.2957915,0.2460302,0.1905889,0.6126431,-0.03018971,-0.1862045,-0.02369678,-0.3347285,0.15601,0.0283336,-0.002609023,-0.2630585,-0.6420628,-0.06194776,0.1353361,0.3540897,0.5700017,0.1978521,0.1140341,-0.4504243,0.02465234
;
0.4570955,0.1469633,0.2391096,-0.2073513,-0.2728001,-0.1774758,0.0577603,0.2574638,0.006864488,0.3942335,0.03304595,0.4288399,0.2873998,0.4570676,-0.322517,-0.1280007,-0.3806885,0.2106292,-0.07711432,-0.1719829,0.03512818,-0.2277315,0.02229577,-0.04924875,0.02256606,0.3598125,0.09801251,-0.451441,0.07199091,-0.08348402
-0.3527874,-0.2236905,0.270126,0.03408712,0.3486378,0.5321702,0.2873863,0.07899361,-0.4374966,-0.9894628,-0.1953615,0.03869266,-0.2749423,0.4468749,-0.2289708,0.1807749,0.1455375,0.2078354,0.4539002,0.1836707,-0.4034951,0.6430668,0.0134178,-0.3672775,-0.1895301,0.2053031,0.04613736,0.1008417,-0.3469012,0.006606042
-0.1978073,0.04176217,0.1354951,0.2991224,-0.1520815,0.3343925,-0.2023398,0.4386663,-0.1731379,-0.3098351,-0.2482848,0.1930611,0.4797467,0.006956616,0.4605098,-0.4957133,-0.05660409,-0.02704948,0.002239645,-0.09284848,0.400673,0.4454489,0.02901529,-0.8289365,-0.1322361,-0.1772178,0.5623978,-0.2281303,0.01478234,0.6936195
;
-0.0697889
-0.01212577
0.1093173
-0.02198971
0.1238586
-0.2292973
0.000117899
0.2551095
0.4768828
0.1155404
-0.3002925
0.02518605
2.914544
0.4832746
-0.3805043
0.2180061
-0.1879541
0.1691664
-0.09132554
-0.2376403
-0.2979972
0.05025699
-0.4810643
0.6318461
-0.3560147
-0.1930744
0.4809703
0.3155381
-0.1379276
0.1345572
;
0.03769678,0.6270226,-0.419032,0.6514529,-0.04786724,-0.377488,-0.2049145,0.1163077,-0.429034,-0.4416052,0.4547713,0.5856039,-0.4170647,0.08131624,0.3171585,0.08652716,-0.2254918,0.474236,0.1230854,0.04404038,-0.2652915,0.01725262,0.4424971,0.8359793,0.4296451,0.3311185,0.03052679,-0.2675987,0.5929864,-0.06255069
0.0455009,0.02388916,-0.0791446,-0.7616693,-0.1240358,-0.06181484,0.4651501,0.03367813,0.08475465,-1.569562,0.3961391,-0.7726591,0.009118602,0.01778196,0.09162062,0.2025834,0.8102397,0.00558001,0.3110121,-0.001132529,0.03210849,-0.1864422,0.5090579,0.04370684,0.203851,0.5081812,0.1533894,0.5233355,-0.706094,0.0970742
0.2901231,0.3646305,-0.4012654,-0.631595,0.005002201,-0.009200841,0.2339569,0.2631549,-0.08747488,-0.07622153,0.473948,-0.1292272,0.1095534,-0.4257981,0.2436192,-0.03505263,0.2586147,0.05404776,-0.3493302,-0.0330496,0.3628224,-0.2604711,0.03166015,0.156402,0.7229366,-0.4138046,-0.1574187,-0.03328189,-0.1562683,0.2422182
0.01368223,-0.03619033,0.08695652,-0.3572788,0.1739964,0.4374961,0.0518094,-0.1098419,-0.2322135,0.1450289,0.07490729,-0.1399007,-0.07232667,0.2830884,0.04391354,-0.3370959,-0.3766356,-0.3931012,0.4476318,-0.1703939,-0.07746774,0.2718355,0.1557698,0.2839627,-0.5932937,-0.03544873,0.4942966,0.3174497,-0.4015692,-0.02677733
-0.08178259,-0.1527054,0.3571144,-0.08275951,-0.1817722,0.5025201,0.03477785,-0.2379072,0.3176025,0.005343603,0.005845249,-0.4671552,0.2244996,0.4084603,0.4190239,-0.04202494,0.2242365,0.03423125,-0.41247,0.00185097,0.1527438,-0.1565016,-0.04120272,0.04997151,-0.1352395,0.3720701,0.2727979,-0.5417885,-0.04445797,0.4358019
0.02349521,-0.03160125,0.1817589,-0.1532341,0.115467,0.6533104,0.3531421,0.0012514,-0.001898722,0.01326075,0.1898891,-0.01971907,-0.3369581,-0.3354075,0.4328616,-0.05429071,-0.2034033,-0.1942518,0.03544133,-0.3341666,0.5895585,-0.06036788,0.4218459,0.2249001,-0.2743331,0.13185,-0.1586126,0.296232,0.7877448,-0.06530601
-0.1920557,0.01857881,-0.001430939,-0.3103704,-0.4751385,-0.02211338,-0.2369947,0.3459198,-0.02654423,0.1282143,-0.3628485,-0.2865312,-0.1162827,-0.1974192,0.3494043,0.7128059,-0.0208471,0.1785866,-0.6612537,-0.272742,0.7530555,1.921651,-0.4246464,0.2741868,0.316883,0.0115551,0.01957637,0.1781425,-0.1495614,0.004728895
-0.3646182,-0.1501255,0.3020456,0.06797739,-0.3933344,-0.002075045,-0.08521143,0.4476193,-0.1877399,0.4018002,0.5755544,0.2838676,-0.2098729,-0.09217066,-0.2822689,0.3468844,-0.4039979,0.06674337,0.02661282,-0.09483128,-0.03655869,0.6694942,-0.265201,-0.03232904,0.289965,0.1852356,-0.8278515,-0.05226916,-0.04898208,0.6288052
-0.2540561,0.0004874323,0.4009656,-0.1223748,-0.1543147,-0.02896005,0.09644312,-0.4143645,-0.08034939,0.1451698,-0.07048321,-0.4090917,-0.03498836,0.2869809,-0.003084958,-0.05813831,0.2438935,-0.3369242,-0.03793588,0.0714175,0.1407562,-0.3630977,0.3147102,-0.1044095,-0.04176048,0.2262548,0.1199365,0.05549553,-0.4570415,-0.3298161
-0.388272,-0.5256967,-0.06257723,-0.04354491,0.4515676,-1.245362,-0.4867543,0.1425552,-0.1868177,-0.4077165,0.2554761,-0.02397007,0.1601586,-0.4519113,-0.1647485,0.6053886,0.2720795,-0.5683537,0.4213344,-0.3702712,-0.2900544,-0.1691628,0.06007832,-0.4228086,0.2600456,-0.351981,-0.1751729,0.7859808,-0.4122206,0.1092001
0.4734297,-0.09404951,-0.01391488,0.1081389,-0.184285,0.1054991,0.08014498,0.7102101,0.3260202,-0.1576806,-0.03339034,-0.5961701,0.3708894,-0.6863393,-0.4337682,0.393558,-0.1474183,-0.3680385,-0.1457985,-0.04872999,0.05571467,0.0627492,0.03296255,-0.4163904,0.4634826,-0.1805849,0.3835469,0.03782042,-0.2958419,-0.08869221
-0.4391896,-0.4919006,0.001052312,0.2717623,0.07734025,0.08858389,-0.4693403,-0.0864169,0.2208022,-0.2383213,-0.03116651,-0.4906839,-0.1445386,-0.038973,-0.3896111,-0.4315889,0.1654875,0.1507986,-0.431677,0.04057735,0.1310626,-0.1779327,-0.7885157,0.4611953,-0.4095089,0.02033176,0.007077552,0.1050401,0.6858178,0.1651152
-0.005870081,0.4552685,0.1768965,-0.00183934,-0.01547651,-0.8000696,-0.002722323,-0.2971553,0.6923572,0.09681958,0.3091634,-0.03857214,-0.3021297,0.4682176,-0.2565916,0.02981788,0.3039395,0.3457,0.4232589,-0.3273976,0.3535873,-0.2121421,-0.2275721,0.0412101,-0.147713,0.3786567,-0.08975486,0.03131988,0.4372935,-0.3348488
-0.1816952,0.1613769,-0.2294589,0.5603121,-0.07553131,0.03282183,-0.04095368,-0.4221395,0.2009751,0.1517335,0.1514826,-0.3529912,0.01898427,-0.09206575,0.1182517,-0.4523767,-0.3473078,0.1927286,0.3575844,-0.07854149,0.4117333,0.4930044,0.08315665,-0.3000526,0.02277433,0.03803702,-0.1080575,-0.09472957,0.5350164,0.4794175
-0.04696904,-0.4234431,-0.01573616,0.2256902,0.1246332,-0.5212741,-0.05426258,0.0009047837,0.003814021,0.1083397,-0.07783026,-0.1487852,0.2787782,-0.4724432,0.6762264,-0.4633242,0.3735293,-0.4623393,0.009830485,-0.4837224,-0.3935967,0.4326913,-0.03169776,-0.2957692,0.0333355,-0.955399,0.2823497,-0.3716646,-1.19754,0.1730431
0.04062706,-0.4493414,-0.1851823,0.4429953,0.02368624,0.003345972,-0.01439989,0.2430919,-0.2184836,-0.0232974,-0.05563706,0.02783138,0.235197,0.5777366,-0.06328255,-0.6510502,-0.2343352,-0.1069792,-0.1391331,0.4589648,0.2924483,0.07284299,0.2767634,-0.181355,0.08777913,0.2229166,-0.2019999,0.002296489,-0.07229263,0.1046633
0.4202887,-0.06590325,-0.1006954,0.2024399,-0.2003345,-0.1125055,0.1035706,0.06962731,-0.382758,-0.4999747,0.1514357,-0.4293141,0.1222868,-0.01333533,-0.03379048,-0.02034777,0.06830496,-0.1252704,-0.1542354,0.1232165,-0.2201433,-0.2072566,-0.4939377,0.2759326,-0.09977412,-0.7237996,-0.4037466,-0.2101709,-0.4337021,-0.540972
-0.1288396,-0.07197421,-0.186708,-0.6338909,0.2900754,0.3885666,-0.6806229,0.1986976,0.0488413,-0.4054783,0.3355428,0.4900346,0.03828215,0.4070684,0.2264722,-0.06303786,-0.05588284,-0.14759,0.1334783,0.3428514,-0.2696112,0.382004,-0.1013111,-0.01065284,0.1727363,0.1656034,0.3559383,0.05317425,-0.05039269,0.402555
-0.0393706,0.03024417,0.08399451,0.09002555,0.4901781,0.1967969,0.4112145,-0.4748624,-0.371261,1.235758,0.2641061,-0.1440507,-0.06072778,-0.03831077,0.03206533,-0.03824633,0.2110449,-0.2306173,-0.165261,-0.1325899,-0.8223416,0.1329968,0.2324315,-0.4546559,0.1301044,0.1900141,0.156047,-0.1617202,0.3375076,0.4240607
0.007638744,0.001420647,0.1346677,-0.1846018,0.4257954,0.01639313,0.3389369,0.07376584,0.4824541,0.4455899,-0.03002562,0.4306266,0.256329,0.7217197,-0.0104666,-0.0001538472,-0.6581076,-0.4536341,0.9126945,0.09722529,-0.02538817,-0.4327489,-0.09650713,-0.2549546,-0.423673,-0.3242074,-0.08777648,0.09836584,0.1203227,-0.3061196
-0.0815938,-0.3510148,0.02212828,0.1031906,-0.23629,0.2338077,0.2593678,0.4059657,-0.02967125,0.6697354,0.05511924,0.4637092,-0.4164173,-0.3886664,0.4483626,0.1634997,0.1297438,-0.1779149,0.01217035,0.3246924,-0.134522,-0.497347,0.5149412,-0.4559624,-0.4669902,0.2255031,-0.3361143,-0.4841329,0.1103691,-0.08215751
0.2002224,-0.314954,-0.4765144,-0.148498,-0.5306927,0.2120572,-0.5828112,0.7320201,-0.001493483,0.1305641,0.156369,-0.4910342,0.159209,0.3933429,0.2013567,0.161095,0.07146102,-0.2842846,0.2708288,-0.4946302,0.006794042,-0.4121161,0.02953164,0.3464708,-0.6535088,0.3338504,-0.1987756,-0.2217883,-0.2554027,-0.0404399
0.2120178,-0.02297006,-0.2825882,-0.33352,-0.141562,0.2743709,-0.3881326,-0.1762513,-0.1779055,0.4754664,-0.3911297,-0.1661323,-0.09099215,0.07509011,-0.03320252,0.4836557,0.006268561,0.07432409,0.1787859,-0.4049077,-0.4394397,0.03136397,-0.1168852,-0.4647242,0.2404619,0.04087812,0.1748733,-0.4442123,0.2136228,0.4518572
0.004306355,-0.2433901,-0.1382116,0.4405122,0.2454331,-0.1654176,-0.1859868,0.07370013,0.1560403,0.1229298,0.2245896,0.4618753,0.01705949,-0.4738986,0.2541124,-0.03923939,0.9799593,-0.1636109,0.01809853,-0.4036416,-0.2506435,0.767022,-0.2879108,-0.2382358,-0.2396557,0.09087539,-0.3559941,-0.2226121,0.05630425,0.05187073
-0.1951909,-0.2641306,0.006153947,-0.05498594,-0.09511595,-0.2805139,0.005464556,0.3653071,-0.08250433,0.2494397,0.2950395,0.4191221,0.01374399,-0.03108218,0.275689,0.002786833,-0.0323351,0.07841831,0.123545,-0.03991665,0.2300368,-0.2539142,-0.0747959,-0.4808074,-0.4136213,-0.4201467,-0.1892793,-0.09742327,-0.0644692,-0.4040279
-0.03099719,0.07341274,0.041297,0.3023561,0.3122085,0.1388879,0.1857114,0.3908554,0.4832045,-0.04189928,-0.5598132,0.05708333,0.633153,-0.2695351,-0.6105954,-0.1505567,-0.003007673,-0.3261294,-0.4576263,-0.2560288,0.2077695,-0.1071841,0.6575394,-0.01939676,0.3970457,-0.1111514,0.6551325,-0.01655213,0.2535883,0.01274868
0.04020363,0.7716877,-0.3289921,-0.1662282,-0.1581933,0.3647551,-0.9874373,-0.0782997,-0.2635466,-0.468199,0.07009392,0.1418162,0.07306068,-0.1917698,-0.008842512,0.2645771,0.1364932,-0.5535204,0.4697152,0.2397632,0.08824511,0.1088471,-0.007975392,0.02269572,-0.4783624,-0.5113646,-0.1391546,-0.06250173,0.1538607,0.4214256
-0.3619539,0.04912608,-0.153819,0.05048438,-0.4348555,0.05543437,0.3086668,0.1129748,-0.4734412,-0.08819288,0.2318176,0.1158232,0.1435288,0.2640699,0.3590333,0.1428839,-0.1094531,-0.02100352,0.247529,-0.09488116,-0.1488,-0.03946353,-0.3433084,-0.1674162,0.4147407,-0.05453509,-0.3698119,-0.007909119,0.09384209,0.469298
0.1974627,-0.03475411,-0.2321178,0.4576938,-0.3550804,0.06911403,-0.1056296,0.1702311,0.4620124,-0.02278675,0.295954,0.4946293,-0.02511209,-0.313473,0.12375,0.04669099,-0.0811886,0.2057546,0.4618527,0.1404058,-0.0487133,-0.4547218,-0.4426067,0.06083924,-0.2541728,0.2470604,0.338231,-0.1499818,0.1502622,-0.205716
-1.320856,-0.5702936,-0.4487944,0.1382271,0.06062075,0.4373927,-0.07278506,0.072299,-0.1802846,0.00445748,0.2856032,-0.3769661,0.1340235,-0.06736392,-0.1741311,-0.03662247,1.035583,0.004165046,-0.1427914,-0.2619197,-0.9581113,0.2731123,-0.3404744,-0.2932298,-0.2887832,0.101924,0.008987224,0.2205786,-0.4038041,0.1115932
;
6.428528E-05,0.280092,-0.313983,-0.2277729,0.3336197,0.2329482,0.1375696,-0.4352377,0.1115397,-0.4164984,0.739461,0.04079049,0.4635832,0.318772,-0.526834,-0.04131126,0.05811617,0.1469836,-0.2961813,-0.4595462,0.7250453,-0.4579774,0.2190752,-0.07636665,-0.0127097,0.07651454,0.2027142,-0.1835636,0.1198582,0.005357565
-0.2647059,0.2878919,0.2697397,0.2222054,-0.4684467,0.07287651,0.04307717,-0.1903014,0.1885686,0.02433742,0.4339784,0.4305059,0.4794602,-0.1642615,0.01996404,-0.2848271,-0.4469939,-0.2313345,0.4230242,-0.3091185,0.1578055,0.002982933,-0.2066415,-0.5542069,0.3624978,-0.4174304,-0.2516174,-0.0005962672,0.2501328,-0.1689602
-0.462284,0.1672262,-0.2883151,-0.2073593,-0.4529673,-0.4439439,-0.003454943,-0.4172291,0.1788228,-0.1232918,-0.2784395,-0.0523258,-0.05172497,-0.201199,0.4611951,0.001726449,-0.03210324,1.197495,0.1944833,0.5574257,-0.1157632,0.00651437,0.01484855,0.2288395,0.006171526,0.2332162,-0.1315534,-0.3479474,-0.2549734,-0.1487454
;
-0.2552882
-0.3090857
-0.1190712
0.2215719
0.02544992
0.2462741
0.6593357
-0.2041483
-0.1795558
0.008955896
-1.105201
-0.8139685
0.1668947
0.05686104
-0.07920033
0.03654391
0.2835323
0.3430816
-0.0610829
-0.4045265
0.1935771
-0.3953562
-0.4529063
-0.006548272
0.2010522
0.8065842
0.1956242
0.1909533
0.2237819
0.4383755
;
0.000428249,-0.3284849,0.1317892,0.0133346,0.09304919,0.6197435,-0.5941353,0.1065226,-0.2505,0.5749517,-0.3664436,0.05150433,-0.06827991,0.6564605,0.04358786,0.1321272,-0.9738536,1.177531,0.2689486,-0.1738127,0.23253,0.3848809,1.099158,0.1886989,0.4265317,-0.02545955,-0.1421494,0.05718822,0.05351859,-0.02881247
0.3682318,-0.6877497,0.6341165,0.4231091,-1.00403,0.1005316,0.05270561,-0.2832066,-0.2704054,0.04238641,0.04618829,-0.7766665,0.1021211,0.5516797,0.2865839,-0.5427718,0.4163876,-0.5285298,0.009356439,0.4784535,-0.02294463,-0.1388737,0.5808389,0.0336954,-0.2502199,-0.1453297,-0.01142104,-0.1561136,-0.2488316,0.05510475
0.672143,-0.1002833,-0.2736743,-0.4492596,-0.01532714,-0.363343,-0.3538455,-0.07253462,-0.001070154,-0.445513,0.1816904,-0.03975505,-0.3656065,-0.2359133,0.4020327,0.07213178,-0.8494491,0.3719795,-0.1569615,-0.07524509,-0.8470248,0.03706962,-0.2939975,-0.8211702,0.1135662,-0.2449753,0.4334538,0.480711,0.07458176,-0.4202358
0.1512882,0.4155167,0.01277582,-0.005523338,-0.4214138,0.4294913,0.07621554,0.1694147,0.01437929,0.3321329,-0.1314214,0.3747154,-0.2464801,0.2214864,-0.2530143,0.009696305,0.4227463,0.2048563,0.3815351,0.1525132,0.02869014,-0.09119105,0.1281301,0.073899,0.2229842,-0.06946892,0.3829659,-0.1712091,-0.4156106,-0.05068856
-0.5874572,-0.6692281,0.04597793,0.7341768,0.3368472,-0.128509,-0.02965313,-0.001417924,-0.4210924,-0.5999728,-0.4592866,0.2448497,0.1125511,-0.005272031,-0.06434399,0.1882235,0.3567849,0.8191324,-0.4722416,-0.2816083,-0.199942,0.001601018,-0.0006899238,-0.08896594,-0.06546033,0.4075914,-0.006278783,-0.01036409,0.2473209,0.154331
0.007703404,-0.1215535,-0.3761084,0.3929847,0.1263067,0.2833301,0.3426306,-0.1292918,0.8424575,0.4740342,0.7199725,-0.1231583,-0.007647672,0.1450913,0.1989995,-0.1587393,0.02475549,0.3526744,-0.7170142,0.418389,-0.04642562,-0.06473893,0.2911363,-0.08712872,-0.3451278,-0.07344526,-0.288958,0.3575392,-0.4104857,0.2271191
-0.3168738,-0.1015649,-0.4518096,0.1988411,0.1502774,-0.02124393,-0.3683422,-0.5697454,0.140434,-0.3271747,-0.1135815,-0.3720772,-0.004611254,-0.435073,0.02932344,-0.1082934,0.03383959,0.05600649,-0.4079486,0.09530924,0.2263188,0.4240505,0.002633035,-0.8041175,0.2417946,0.3009615,0.02899703,-0.08258408,0.1343998,0.4859559
0.04171013,-0.319599,0.07132386,0.6846797,-0.2567066,-0.4370856,-0.0833618,-0.2769043,0.3528936,0.2415083,-0.3806554,0.1066084,-0.006837308,0.08102717,0.07683155,-0.3750306,-0.3723314,0.3153863,0.4892151,-0.3293935,0.06407545,-0.6729532,-0.225559,0.056295,0.1402378,-0.1618061,-0.4246415,0.3781936,-0.009024859,-0.5188663
0.1114664,-0.2854204,-0.05652255,-0.03282665,0.4950442,-0.2491095,0.2178402,0.1534252,0.4343489,0.2941577,0.2007724,0.0215575,0.5254699,-1.956518E-05,-0.01227607,0.1688429,0.7731476,0.02307214,0.3369682,-0.06115109,-0.5326127,-0.1445562,0.1016736,0.0566048,0.1598638,-0.5338424,0.0159405,0.240952,-0.3181134,-0.1452548
0.2182392,0.135512,0.2280049,0.05061582,0.2091361,-0.4987689,-0.008221862,0.3652687,0.389431,0.2744954,0.1786271,0.01328808,0.2552173,0.2116588,0.2150634,0.412121,0.1394749,0.1849163,0.3922718,-0.3265097,-0.2515489,0.3533757,-0.3094022,-0.04210502,-0.4229444,0.1326877,0.8218059,-0.6495757,-0.5721839,0.04451897
0.4702814,-0.02443304,-0.03703135,-0.2889074,0.4372511,-0.1305092,0.04406983,-0.3929194,-0.6499825,0.005722533,-0.03806541,0.001701366,-0.2776228,-0.0995937,0.09809798,-0.4682139,0.394118,-0.1492171,-0.469967,-0.006410496,0.4463251,0.3103464,-0.2875309,-0.8358057,-0.004984796,0.09025139,-0.2290663,-0.2370343,0.02626563,-0.5191191
0.4513285,0.6284242,0.0002798961,-0.3610177,0.2179317,-0.2579027,-0.4686677,-0.4369375,-0.07691962,0.2947875,0.7488971,0.08524984,0.1562306,-0.6143162,0.6037861,-0.4443584,0.3070132,-0.09708073,-0.04689816,-0.2380391,-0.0887247,0.09848241,0.09338377,0.04613598,0.3631986,-0.06289512,-0.471864,-0.2418151,0.1404101,-0.0004327823
-0.01868037,-0.01729643,0.5018234,-0.4073246,-0.5041054,0.1848341,0.1751212,-0.0930298,0.4629779,0.4118426,0.4913948,0.364023,-0.5416003,-0.470974,0.373742,0.6156191,0.6876217,0.02596204,-0.02302283,0.1666081,0.3262685,-0.06802326,0.4473608,0.1950306,-0.2344909,0.062105,0.2415362,-0.5336136,-0.3800904,0.1720213
-0.2354091,-0.3006716,-0.6247061,-0.2088448,-0.9396533,-0.3996737,0.01193389,0.4095875,0.1082137,-0.2223769,-0.1721649,0.3924881,0.3513361,-0.4602465,-0.0021938,0.1093706,-0.1204133,0.1009252,0.4635414,0.1632235,0.1358676,0.6601062,0.152369,0.03385073,0.4657552,-0.3319891,-0.2329275,-0.2022251,-0.05704365,-0.2499283
0.2385509,0.3638355,0.6501561,0.02836411,-0.3884009,0.2332947,-0.7141708,0.008256637,0.1971259,-0.2846883,0.05930656,-0.3045725,-0.4841915,-0.2875139,-0.02425477,0.3077289,-0.2606523,-0.251122,-0.323577,-0.001254525,0.1867499,0.2985871,0.08649867,-0.3593276,-0.4988871,-0.5413046,0.4420108,0.3607209,-0.4752766,-0.5382879
0.01327442,-0.5196716,0.310123,0.3555517,-0.002076237,-0.7703666,-0.2513353,-0.5162393,0.03440542,-0.3931602,-0.0308544,0.1364846,-0.2495711,0.3213534,0.006134182,0.3513895,-0.03342042,-0.3280553,0.445096,-0.08997226,0.2821094,-0.6856022,-0.0432728,0.3503067,0.1150934,0.4262941,0.4419636,0.2174529,-0.0819096,0.3299335
-0.1327059,0.8199524,0.0722962,-0.1380846,-0.1448842,-0.6144151,-0.3551674,0.06605073,0.1295725,-0.5762309,0.1618883,-0.8409248,0.4169264,-0.02096339,-0.4621055,-0.005987122,-0.008149056,-0.5532262,-0.008653343,-0.003100781,-0.1089404,-0.02281643,0.5655484,0.4245724,-0.0001528981,-0.7255493,0.001463592,0.08001822,-0.1339071,0.1869328
0.05914562,-0.2301395,-0.1802021,0.4997473,0.03083293,-0.1962608,-0.1173766,0.02859608,-0.04249618,0.370433,0.0009216201,0.4260395,6.449912E-05,-0.4738277,-0.4289219,0.4747499,0.358176,0.2921125,-0.04701689,0.5096774,0.06594092,-0.2178819,-0.4851536,-0.4667249,0.007432131,-0.4215151,-0.4272668,0.1051596,-0.86683,-0.3964133
0.1791199,-0.2211706,0.3364102,-0.7083106,-0.1209717,0.1689289,0.1980053,0.2631842,0.1422431,-0.1435482,-0.1337343,-0.3686,0.1217775,-0.307935,-0.08907229,-0.4673505,-0.1309098,0.1259097,-0.09356527,-0.3823975,-0.1177073,0.06128067,0.2053562,0.01323233,0.3658221,-0.04658765,0.009489688,-0.4221677,-0.1644251,-0.2508895
-0.25538,-0.344411,-0.3589883,-0.4805191,-0.05346412,0.2249908,0.1071836,0.02335512,-0.1453171,-0.3132346,0.43652,0.1547311,0.3443876,0.2605367,0.4142444,-0.08806747,-0.04579511,-0.05793383,-0.2372765,0.072218,0.2239296,-0.1544719,-0.3321903,-0.001466795,-0.08417863,0.1302496,-0.1295209,0.005016081,0.006122281,-0.6633604
-0.09918433,-0.05567977,0.1196259,0.2369903,0.0357402,-0.1927653,0.2195298,-0.4223547,-0.2293091,0.365678,-0.1284541,0.6451395,0.02334893,-0.08062992,-0.2028066,0.0005439486,0.03713087,-0.3064107,0.3461806,-0.7567406,0.4751192,-0.06073147,-0.05527109,0.3468921,-0.09281124,0.04435868,-0.2584192,-0.2177915,0.1965516,-0.1192978
0.02161762,-0.449239,-0.420175,-0.1490127,0.4040729,-0.09939653,-0.4425231,0.2622526,-0.4569936,-0.3806846,0.2739529,0.02535169,-0.03622407,0.7453612,0.1553608,0.7854599,-0.09913377,0.04911827,-0.1054548,-0.2047968,-0.1667655,0.5383725,0.02360834,-0.4519951,0.008041164,0.2215913,-0.1258119,-0.2633846,-0.04229928,-0.04402319
0.01275164,0.0708892,0.03040638,-0.09938885,-0.07559985,0.3467726,0.3731796,-0.100981,0.4034991,0.2237456,-0.06603706,-0.2037249,0.0853127,0.3088415,-0.2340152,-0.4120204,0.4597315,0.1167728,-0.4528604,0.3012509,-0.2827473,-0.4472136,0.1451772,-0.3336259,0.2163279,-0.4700497,0.251045,0.2400523,-0.00720357,0.1482312
0.3574709,0.05688469,0.2419446,-1.150798,0.08206394,0.07192732,0.32232,-0.001778543,0.07798268,0.3277506,0.0581127,-0.09302884,-0.3088696,0.422938,-0.4699427,0.1026513,-0.1714576,-0.458905,0.3827565,-0.2549947,0.09199744,0.07429928,0.1163958,0.08325017,-0.5185225,-0.2308664,0.205162,0.3069457,-0.1073771,0.393283
-0.05655158,-0.2842714,-0.2559922,-0.2023997,-0.106153,-0.3937289,-0.1969566,-0.4649878,0.01591506,-0.08611045,-0.203983,-0.3383267,0.05039811,0.5574111,1.512998,-0.3840679,0.07449013,0.4121714,0.1524615,0.2588513,-0.2831956,-0.326245,0.4605711,0.1675449,-0.2100125,-0.3923504,0.3174236,0.04695898,0.2739675,0.01118302
-0.07477172,-0.3418692,0.03260261,0.03742351,0.0431357,0.3615752,-0.06333603,-0.1229106,-0.4949083,0.1556874,-0.1213483,0.909413,-0.3934475,-0.4853382,-0.2137275,0.03195312,0.1566487,-0.005257622,-0.2745055,0.622009,0.2101142,-0.4862786,-0.1676764,0.01064743,0.5285194,0.07685272,0.01464399,0.437327,-0.00304505,-0.05090358
-0.2625724,-0.1075661,0.3294466,0.02969425,0.08137816,0.1068012,-0.01636576,-0.8907643,0.1151813,0.3996814,-0.1220098,0.1854551,-0.4289346,-0.2231208,0.005342647,-0.4115132,0.08033127,0.3498964,0.0388712,-0.01938075,-0.1907802,-0.009256736,-0.4970677,0.2559609,-0.05390318,0.06884569,-0.3286898,-0.3929917,-0.1002569,-0.2460509
0.03071266,0.02271463,0.004005291,-0.407933,-0.2399164,0.001374974,-0.1352684,0.1390595,-0.3733001,-0.3455521,-0.2572434,0.01702195,0.3130924,0.2630429,0.207662,-0.005956046,-0.4762025,0.1440828,-0.08778864,0.1007804,-0.0382517,-0.1547151,0.5866064,-0.01131314,-0.8872573,0.04376537,0.01843793,-0.264222,0.6967487,0.06889278
0.4665339,0.2151328,0.06329288,0.444032,-0.01585568,0.2412201,-0.1057354,-0.4512066,-0.542345,0.01269874,-0.37501,-0.2302454,0.04125154,-0.01911356,-1.052035,-0.1718988,-0.3770549,0.3142023,-0.4154985,-0.08874504,-0.2791884,-0.2967163,-0.07925753,-0.3199984,0.07412575,0.06182619,0.8454724,-0.1306663,0.3773246,-0.02890264
-0.3073548,0.2661701,0.4603462,0.1648906,0.4774897,0.1381273,-0.4330138,0.8861493,-0.2618718,0.2375088,-0.2102709,0.8104328,-0.3343407,0.1205728,0.05861421,0.7617337,0.2731788,0.08013223,0.387854,-0.4037756,0.02010878,0.6502411,-0.1537321,-0.04182603,-0.2862645,-0.08379566,0.06240676,-0.1436404,-0.7712202,-0.2563353
;
0.4993552,0.07224356,0.02766431,-0.06694287,-0.00454584,0.1757463,0.43124,0.3651589,-0.00797091,-0.2222422,-0.01636465,-0.05672687,0.03154504,0.08473911,0.05903476,0.006401528,0.1538358,0.1064861,-0.2106618,-0.5729131,0.1017881,-0.4214231,-0.04124613,0.3035333,0.377964,0.007566434,0.3391281,0.385439,0.119738,-0.06770462
0.1179635,0.03859809,-0.03153545,-0.1586313,-0.2057805,-0.3394269,-0.1807155,0.2164821,0.001618877,0.2562481,-0.07449335,-0.06371588,0.01523475,-0.06190878,-0.4985391,0.005287826,-0.4272202,-0.03250529,-0.3527082,0.3058462,0.1402724,-0.00287205,-0.09220523,-0.06382821,0.2942109,0.2604125,-0.06112391,-0.4583629,-1.140738,0.09949106
-0.1516788,-0.3491811,0.01082032,-0.2836881,0.09771843,0.2681482,0.1438142,-0.07854851,0.152944,0.04315263,0.1076514,-0.263748,0.3055867,0.239069,-0.2220759,-0.4990443,-0.03779031,0.04428121,0.2526903,-0.02004881,-0.1054742,0.2422874,0.5825784,-0.4491959,-0.5095328,-0.4189309,0.01320141,-0.1233516,-0.2503363,-0.02108723
;
