0.4087485
0.389653
-0.08730059
-0.3781289
-0.0155955
5.331529E-05
0.2749788
0.1601136
-0.1420615
-0.007155107
;
0.05317226,0.05748855,-0.1260329,-0.03293321,-0.3991525,-0.01220375,-0.1857443,-0.06436795,0.4630128,-0.09948856
0.4826581,-0.4363253,-0.4752845,-0.785916,-0.1908543,-0.1007672,0.1256388,0.3517862,0.005364947,-0.7182904
-0.235187,0.1257534,0.2519614,-0.04834467,0.0007097125,0.1618649,-0.08246343,0.01180893,0.3860468,-0.1840037
0.4049293,0.06909272,-0.2645017,0.06914002,-0.1949437,0.328207,-0.6684169,-0.4744755,-4.859498E-05,0.2316508
0.08836183,0.4497508,0.07239966,-0.2961628,0.03734233,-0.2398854,-0.1212838,-0.1839529,-0.3092357,-0.3364712
0.002021504,-0.1999588,-0.002625167,-0.2425934,-0.145905,-0.4421697,0.2447543,-0.0205864,0.01498212,0.2077137
-0.8469473,-0.3124281,0.3076355,0.762892,-0.2510325,-0.4892603,0.9420025,-0.437698,0.0544993,-0.4831183
0.1715506,0.07411858,0.2169474,0.3182409,0.4764625,0.05527581,-0.6707016,-0.2660539,-0.7078949,-0.07952195
-0.03348884,-0.4073451,-0.0435453,0.05053056,0.1477785,0.8897035,0.2969038,-0.07141937,-0.3596022,-0.3619585
-0.1321576,0.1381198,0.3392163,-0.2871822,-0.2926748,0.04458802,0.0652352,0.4051942,0.2348855,-0.3008893
;
-0.4492545,-0.1302308,0.03359765,0.1212388,-0.03959619,0.248291,-0.3955071,-0.1389064,0.09932622,-0.001893222
1.456939E-08,-0.5248642,-0.06052452,-0.3453079,0.01868075,0.2281277,-0.01958235,0.04079677,-0.5313167,0.0001058158
;
-0.2855582
0.3027531
-0.158955
-0.09882513
0.1193635
0.3856292
0.2126876
-0.227206
0.03245486
0.03250743
;
-0.4666282,-0.2796898,0.004452463,0.4905744,-0.2214348,-0.0004838538,0.1979537,0.2745692,-0.09080248,0.5571365
0.4197215,0.1988909,-0.171981,-0.09309334,-0.0855057,0.00072043,-0.4474177,-0.141113,0.08998626,-0.0135843
-0.05973174,0.2442772,-0.3312198,-0.3549579,0.4997468,0.370928,0.1308865,-0.3838674,0.395083,0.1640761
0.0971331,-0.1103067,0.09238969,0.0371291,0.001827143,0.2191784,-0.0483084,0.4670319,-0.01520597,0.003694747
-0.141118,0.3499265,-0.02284646,0.9072164,0.1571301,-0.1836613,0.3538532,-0.2345222,-0.01274026,-0.4204396
0.03614479,-0.2322794,-0.002500745,-0.03006361,0.3981926,-0.007426152,-4.644016E-05,0.02522995,0.2221397,-0.03062015
-0.005441542,0.1056706,-0.2863477,-0.0001706016,-0.3221201,-0.4917578,-0.2554312,-0.009643018,0.1744376,-0.08887345
0.4630009,0.03053099,0.0003305728,0.001575946,0.28716,0.3466585,-0.02069268,0.1801427,0.4560116,-0.2645998
-0.116482,0.1085094,-0.2810513,-0.03033731,0.5475292,0.0001606217,-0.2363298,-0.07408603,-1.514175,0.4497098
0.08848721,0.328914,0.2984239,0.007490901,0.03955867,0.2569105,0.4424138,0.1414522,-0.1929338,-0.2633264
;
-0.3440993,-0.4785041,0.05627592,0.057659,0.2211934,0.1694245,-0.3382831,-0.002516203,0.165689,-0.1507134
0.2549534,-0.01705048,0.1349289,0.2128534,0.1870333,0.2469835,0.1415544,0.348718,0.4754639,0.04113178
0.02085899,-0.06423117,-0.04130295,-0.002330682,-0.3040199,0.9033563,0.2536283,0.2079403,0.04460799,-0.01438816
;
