0.3292172
-0.3223584
-0.2379008
-0.1712874
0.01781771
0.1109261
-0.1965175
0.02409118
0.04510716
-0.6487693
;
0.3523856,-0.3877386,-0.03368479,0.08545727,-0.4165121,-0.4728628,0.1668964,-0.008234228,0.3593072,0.2092185
-0.1081981,0.306394,-0.08960754,-0.2886238,0.2366186,-0.008276403,0.01218649,0.2229035,-0.01387806,-0.2155333
0.001565091,-0.09872265,-0.6050836,0.1267409,-0.1883752,0.639544,-1.304539E-07,0.5797172,-0.2998134,0.3923104
-0.7042783,0.414582,2.20674E-05,-0.2422709,0.44848,-0.143788,-0.009728492,-0.1871234,0.2484144,-0.01857259
-0.01638199,0.0412663,-0.2880691,-0.08479589,-0.1897647,0.03459391,0.0003264666,0.0373252,-0.05474042,0.3095608
0.002119369,0.02930999,-0.03391725,-0.2360208,-0.601751,0.03285773,0.4097363,-0.09403902,-0.3948121,-0.3205993
0.207198,-0.003784262,0.6516038,0.4392134,-0.4242363,-0.009359787,1.212466,0.3617313,0.0593149,0.0731016
0.3776389,-0.2280284,-0.1846819,0.4829797,0.0003425617,0.04780748,0.1099159,-0.03916143,0.001391285,-0.04583798
0.03059334,-0.6645225,0.04975985,0.4249816,0.3027557,-0.7664073,-1.809235,-0.03335672,1.268931,-0.4084513
0.0296787,-0.06374472,-0.07117663,-0.3501696,0.8105426,0.05264207,0.1715752,-0.3070415,-0.224162,0.1731004
;
-0.04410809,0.06341902,0.1553818,-0.1448923,0.2461841,-0.1500559,-0.2447593,-0.003077997,-0.2018371,-0.0295559
-5.339963E-07,0.01831931,-0.08134414,-0.2675471,-0.4360369,0.252514,0.583603,0.04551858,-0.01692905,-0.3851556
;
-0.004746642
0.02079603
-0.04670446
0.1243171
0.1764997
-0.004078374
0.375746
0.04198097
-0.0004218971
0.3651183
;
-0.3204248,-0.2536004,0.3885678,-0.1556091,-0.09285594,-0.03381277,-0.02875886,0.6831135,-0.2550658,-0.03927322
-0.4250239,-0.217213,-0.4189287,0.08618157,0.0001572825,0.273218,-0.4151297,0.4114271,0.2806685,0.430636
0.04057801,0.1794742,0.06070278,-0.003478477,-0.2789139,-0.4088094,0.1381516,0.2925945,0.1542117,-0.4011201
-0.1910393,0.006869629,-1.456711,0.4062926,-0.3557162,0.01624859,0.1892623,-0.003499982,0.01964701,-0.409053
-0.1599863,0.09007816,-0.6791133,-0.002653786,-0.0843484,-0.1676819,-0.2461264,0.1059412,0.2737648,-0.3449503
0.3101789,-0.1031001,0.02434247,0.8514054,1.181438,-0.2014264,-0.08240348,-0.2694843,-0.1408347,0.5417959
-0.07776937,0.2868733,-0.008578266,0.0005659987,-1.144138,-0.1398715,0.3318588,-0.2748687,-0.2415315,0.09254475
-3.576668,0.03269818,-0.2661418,-0.09221745,-0.1936196,-0.2030134,0.1938085,-0.01429859,-0.00473649,0.9591468
-0.3444665,-1.270416,0.001960256,0.006794754,-0.01660365,0.3074321,0.4073541,-0.1262393,0.3778188,0.3904959
0.357399,0.3593626,0.06294589,-0.3009231,-0.1487066,0.2778818,-0.2903102,0.3961878,-0.008688413,0.3443325
;
0.1067806,0.2157235,0.03628204,-0.1688786,-0.4363644,0.2654352,0.5893151,0.2919086,-0.01159491,0.04370205
0.003064714,-0.1842737,-0.0004437574,0.1733781,-0.09616047,0.1592429,0.01146991,-0.01941574,-0.09328884,-0.03084077
-0.247989,0.1604432,0.04753932,0.02229233,2.33687E-06,-0.3459972,-0.06380741,-0.2511494,-0.5817496,1.356501
;
-0.08152084
-0.02382948
0.02987693
-0.08252567
-0.02347657
-0.003565119
-0.1154529
-0.1335156
-0.5724159
-0.01422782
-0.2229295
-0.3465663
-0.06758502
-0.1483864
0.1834246
-0.009551139
-0.02465573
-0.4840355
0.006871946
0.07640763
0.2386829
0.4403448
0.3548776
0.2685614
0.1324624
0.3372146
-0.1393412
-0.1854368
0.9006783
-0.9779321
;
-0.07886842,0.2556545,0.8981969,-0.03094536,-0.04628038,-0.1797453,0.0225334,-0.3627985,0.1748033,-0.3048087,0.02209345,0.4337075,-0.2623382,0.03005684,-0.4680929,0.4851782,0.3902856,0.4068514,0.3948854,0.6707324,0.1966382,-0.02870268,-1.909844,0.01155003,-0.0743276,0.01098484,-0.2413973,0.4015795,-0.2808353,0.7357693
-0.4994995,-0.2980748,-1.220037,-0.1212073,-0.3758196,0.1556762,-0.3056165,-0.02862734,0.3445641,-0.02658099,-0.02810464,0.2132346,0.1997949,-0.2992235,0.102137,0.1657156,0.286759,-0.1344887,0.0163975,-0.171061,-0.1345716,0.04067924,0.009522344,-0.2411472,0.4607038,0.05042726,-0.1696841,0.06195268,-0.008531511,0.2174142
0.03103543,-0.301649,-0.2497258,0.4289771,-0.0370199,-0.5667036,0.2380138,0.2115348,-0.1172466,-0.2447222,-0.4041138,-0.4100169,5.30727E-05,-0.09792107,-0.730122,-0.6108002,0.2922914,0.04471236,0.5429983,0.3220938,-0.00239197,-0.415095,0.03180756,0.1616748,-0.1774383,-0.6430585,0.6139737,-0.1955325,-0.0005701536,-0.001787186
0.07058488,-0.3633629,0.1059609,0.04580494,-0.01286035,0.2617605,-0.1421988,0.07873744,0.04945585,1.02839,0.08045579,-0.3061507,0.3157132,-0.01330131,0.01514059,-0.3219572,8.195639E-05,0.2369125,-0.1496818,0.1943915,-0.464306,-0.1350929,0.6301443,0.03066446,-0.1853892,0.1330766,0.3068748,-0.496974,0.05432159,-0.3640773
0.3578179,-0.3680058,0.01035458,-0.4826575,0.3311712,0.3865622,0.2963418,-0.3397268,-3.841672,-0.3533682,-0.3400212,0.00663694,-0.4995631,-0.2831574,0.05308907,-0.1052284,-0.03270086,-0.008549132,-0.2418512,-0.008337556,0.8427103,-0.03969492,0.04362959,-0.2887795,0.5428206,-0.2289666,0.009822804,0.4524314,-0.04508885,0.01667332
0.09010922,-0.4076386,0.004568636,-0.495216,0.1996215,0.3337232,0.02091282,0.05768341,0.4032955,0.7941376,-0.4985791,0.8833196,0.09265257,0.02263635,0.4950156,-0.1023696,0.2181758,0.03197659,0.03395182,0.9601014,0.3262894,-0.4163158,0.01992802,-0.3181426,-6.560799E-05,0.09578644,0.02745608,0.1000008,-0.5499135,0.2192037
-0.00132389,0.1733541,0.02784633,-0.003441184,0.3657444,-0.2261371,0.3345167,-0.01987702,0.2583948,0.1595658,1.381602,-0.282577,-0.2466951,-0.1437852,-0.4368335,0.1280286,0.2989534,0.2836444,-0.3428057,-0.03893191,-0.02274664,0.02321437,0.2491237,-0.4287609,-0.2813213,0.02705742,-0.1555341,-0.3324593,-0.5234506,0.2744651
0.1701151,-0.006886241,-0.1522774,-0.3224254,0.4482928,-0.1965187,-0.01665121,-0.2194371,0.256297,-0.04512256,-0.5238093,0.1764549,0.1471533,0.003780686,0.8811595,-0.8434486,-0.1850504,-0.4466742,-0.7585974,0.005491552,0.01744193,-0.1742918,0.3379753,0.03041869,-0.0005003323,-0.03084594,-0.08615047,-0.04801936,-0.1998943,-0.05742437
-0.174641,-0.03792018,0.06637126,0.432556,-0.001292559,-0.01565752,-0.307817,0.4406705,-0.282903,0.06174033,-0.05555429,-0.2447892,-0.4004205,0.2485902,-0.01395192,-2.737183,0.07216062,-1.362626,0.04061138,0.3903002,0.2510823,0.004040078,0.1683102,-0.08283775,-0.0451054,-0.05999804,0.8583376,0.003775587,-0.09891211,0.2553715
0.8417674,0.1870098,0.1319472,-0.6367775,0.01543851,0.1356251,-0.3692306,-0.2475397,-0.3206187,-0.02848142,0.460972,0.0003624924,0.2157821,0.2591618,0.04894611,-0.494642,-0.0845883,0.1458072,0.003303118,0.1755824,0.08260041,-0.05170959,0.2981407,0.2126292,-0.04285691,0.03211515,-0.5505663,-0.372247,0.1574794,-0.4599689
0.006284906,0.3137521,0.2850705,0.4581341,0.10958,0.4831481,-0.2211694,-0.2645001,0.000625101,0.06878832,0.5299275,-0.370611,0.2497814,0.1190466,-0.1891708,0.006011474,-0.1838724,0.2159216,0.5189981,0.0049998,0.6464211,0.390605,0.4458498,0.006916591,0.02305282,-0.02402988,0.02379694,0.1743329,-0.09940299,-0.7735239
-0.1408136,0.08892389,-0.1949985,0.1674998,-0.06481025,-0.4377325,-0.5150675,-0.005293779,0.3236867,-0.4827799,-0.1170873,0.3068633,-0.04711475,0.1756973,0.3133655,0.02690773,0.1041438,0.2260763,-0.9956775,0.2330534,0.1958029,-0.3536144,-0.3838205,0.3779747,-0.4755512,0.4829865,-0.3431591,-0.1998877,-0.4591638,-0.04934942
-0.2119227,0.4523551,-0.4202715,-0.1334619,-0.3310853,0.690164,0.002470276,0.01422762,0.3429984,0.2876585,0.0004610636,-0.195266,-0.6082283,-3.471177E-05,-0.6404749,-0.003179102,-0.0561977,0.001246422,-0.02595606,-0.3752388,0.452547,0.048631,0.168582,0.004599988,0.02215601,0.0006748938,0.5522236,-0.3259308,-0.4688537,-0.06581596
-0.02539844,0.1874945,-0.06178671,-0.1146579,-0.03144279,-0.2724144,0.1095227,-0.01704598,0.2713462,0.2932701,1.019221,-0.01481552,0.00130846,0.03187734,-0.04092606,0.02086918,-0.2187091,0.4204507,0.3608049,0.01586293,0.02051824,0.009345949,-0.09799606,0.3914653,-0.1317428,-0.130057,-0.03472509,-0.09249598,-0.07762551,0.3079201
-0.1119269,0.01504162,0.9232072,-0.06843822,-0.06510307,0.109331,0.03399861,0.499814,-0.4191512,-0.211805,-0.2179456,-0.6193867,0.08461732,0.02607143,-0.2479619,0.1030155,0.7179756,-0.003586716,0.2792003,0.4685545,0.2056537,-0.820015,0.01733098,-0.01634923,-0.1611418,0.2457272,0.04985255,-0.02754974,-0.2664027,0.08340197
0.03263925,-0.4455049,0.3756388,0.5190311,0.056925,-0.7071438,0.06387633,-0.07751736,-0.04014686,-0.04810962,0.07699329,-0.08826953,-0.008776428,6.005599E-05,-0.03980654,-0.2559808,0.3443838,-0.04184777,0.2414012,0.2905858,0.6261187,0.009907141,0.2626893,-0.01300169,-0.09222239,0.1669478,-1.04977E-06,-0.01035297,-0.08400638,0.1776409
-0.05921608,0.3849209,1.176086,0.2395964,-0.002258563,0.3235159,0.05132163,-0.2048026,0.1061305,0.002484869,-0.04847572,0.01527187,0.000164699,-0.550167,0.1703953,0.3891205,0.2790531,0.1994485,-0.1246558,0.1143838,-0.0004714409,-0.4893311,-0.08427023,0.06764325,0.7464396,-0.4152459,0.2527337,-0.2742042,-0.3481683,0.4578254
-0.0620808,0.1012306,0.0586313,-0.1582106,-0.5504537,0.08366474,0.009382478,-0.04967708,-0.0205442,-0.1937547,-0.3221508,-0.3344987,-0.006272152,0.1291761,0.05625409,-0.1618518,0.01494569,0.04824746,0.0399974,-0.1245834,-0.00219979,0.08551687,-0.01234485,-0.4750675,0.2513472,3.802634,0.1681988,0.0004308061,0.01123561,-0.3292617
-0.103256,0.4386028,-0.0980664,0.0480465,-0.302812,0.1824922,0.8835993,-0.2325203,0.3577535,0.8072377,0.07634635,0.1256088,-0.1899622,-0.007856662,-0.5083392,0.2207018,0.1026532,0.4056542,-0.01065495,-1.064477,0.1959115,-0.0004346865,1.079678,-0.09502771,0.4120083,0.09511418,0.01444276,-0.4326537,-0.4759736,-0.09212404
0.2697423,0.4987967,0.3754019,-0.3125553,-1.305312,0.131803,0.1889468,0.1231405,0.4723709,0.414427,-0.01058518,-0.04979581,0.06222178,-0.165009,-0.008724024,-0.8201442,0.4096755,-0.4900416,-0.4165598,-0.0002777656,0.4237889,-0.6537905,-0.003789159,0.4384689,-0.1861636,-0.1023931,0.3946784,-0.01630436,0.3840462,-0.2351733
-0.2046545,-0.03194088,0.0155459,0.1337429,0.03773702,0.8430075,0.7469057,-0.01169209,0.4143722,-0.2539235,0.3261485,-0.484362,0.1142181,-0.1039175,-0.5747812,0.003960502,-0.3886425,-0.3465872,0.04105467,-0.02425468,-1.664555,-0.4054493,0.3471767,-0.006992971,-0.05142815,0.08419124,-0.03570952,0.4166859,0.1630609,0.4943449
-0.02881351,0.164618,-0.345013,-0.1309538,0.04814882,-0.1174637,-1.115202,0.06844693,-0.002492964,0.003031313,-0.004506077,0.4195534,-0.01277651,0.003765254,0.3499817,0.00158418,-1.253311,-0.1621962,-0.02538334,0.0336861,0.002593268,-0.01176253,0.03408557,0.1893658,0.002954597,0.08369917,0.07012115,-0.1760364,0.3523149,0.06475776
0.01365918,-0.3232392,0.06437561,-0.225612,-0.2317378,0.1295024,-0.3089126,-0.4909022,0.2180644,0.0680607,-0.001117951,0.092345,2.971983,0.2191717,-0.2416163,0.302066,-0.406654,-0.001062095,0.2803642,-0.4130665,0.001525126,0.1240918,-0.5454501,0.3684331,0.410055,0.4144772,0.3599156,0.7055241,0.06744397,0.1854052
-0.04078406,-0.102271,0.3947954,0.04588293,-0.3508174,-0.009049572,-0.301741,0.4446627,-0.1651442,-0.0156358,-0.005702161,-0.1274271,0.0003460178,0.1811586,0.5336107,-0.05139142,-0.3420386,0.0001317231,-0.2510353,0.02173628,-0.007885481,-0.02787501,0.3336708,-0.02307536,0.9604214,-0.09206218,-0.004961253,-0.3921224,0.07775087,0.3877279
0.3826945,0.008473108,0.3895308,0.5004155,2.713384E-05,0.558816,-0.2619697,-0.1421738,0.0005813241,-0.1561626,0.008480525,0.190609,0.135257,-0.1579558,-0.4491836,-0.172705,0.04990311,0.149445,0.4942535,0.0009436894,0.08030842,-0.1592405,-0.5102511,-0.03038288,0.7865408,-1.665369,-0.2351945,0.02354095,0.4228979,-0.1462939
0.01463888,0.1870314,-0.4577315,0.01696646,-0.002045907,-0.3872578,-0.3538443,-0.09048229,-0.2909912,-0.01829668,0.03597313,-0.3733898,0.07401758,-0.6960716,-0.002123165,-0.4183209,0.400368,-0.3255246,0.003477654,-0.3863159,-0.780951,-0.01631997,-0.1229835,-0.02502275,0.08637315,0.4560449,-0.08625704,0.00191492,-0.000923563,-0.2674116
-0.1110763,0.4692807,0.02208528,0.9704618,-0.2300346,0.1400781,0.4543537,-0.001486975,-0.1634049,0.2438896,0.3759089,0.6148723,-0.2118139,0.04473081,0.2225372,-0.07982735,0.1347288,0.2111048,0.04718235,-0.4052482,-0.0114619,0.04244374,0.1203558,0.00295528,0.01744109,-0.4420556,-0.03528219,0.2381915,-0.2516334,-0.1231139
-0.4720585,0.3228757,-1.909792,0.04194683,-0.2754855,0.07915823,-0.1983309,0.2106507,-0.4504434,-0.009608714,-0.1376873,-0.1508746,-0.4647099,-0.4709461,-0.2189081,0.4184694,-0.003589332,0.6006287,0.3687607,0.005138098,0.005438949,-0.370212,-0.2280539,-1.451975,0.03103249,-0.06398484,0.5862449,-0.05648018,0.1828236,-0.003362973
0.3716374,-0.4147265,0.2112952,-0.1489159,-0.3424436,0.2921373,-0.434553,-0.1202402,0.3290327,-0.0003173871,0.0128539,0.4813196,0.000410469,0.1103294,-0.1025312,-0.3854498,-0.4549111,-0.1791196,-0.09508532,0.4349523,-0.3847603,-0.3616674,-0.2441702,0.03146935,-0.06182414,-0.3899577,0.3643926,0.1312302,0.02740231,0.002816025
-0.2318734,-0.0007169601,0.008403825,0.09880242,0.01362592,0.06091359,-0.04494181,0.07179671,-0.4291131,0.06340946,0.001528645,-0.006972964,0.0003875084,0.3871502,-0.3087835,0.02085399,-0.02232471,0.1676223,-0.01336295,0.02635622,0.1637282,-0.1797968,-0.2361966,0.4684609,-0.142769,-0.009802476,0.3997897,-0.02632695,-0.9886206,-0.3173981
;
-0.5920615,0.03957432,0.2600626,0.3173356,-0.02628902,0.01545814,2.408753,0.003122151,-0.2609608,0.3620173,-0.02013029,-0.02830283,-0.4885608,-0.626583,-0.6608129,0.2102594,-0.03337293,0.01469178,-0.01882031,-0.01259908,0.1666826,0.09370743,0.4739347,0.0001149058,0.09427482,-0.05301628,-0.3915501,0.3377662,-0.1677291,-0.2712896
-0.06655142,-0.03076793,-0.4715579,0.2010391,0.06619638,0.1996897,-0.07341284,0.2508592,0.04613405,-0.0005991009,0.03185946,0.0446602,-7.439239E-05,0.9272707,0.02349258,0.1565333,0.3105109,0.1860587,-0.3457478,-0.08175392,0.07083364,0.1441612,-0.358432,0.0001397553,-0.1182141,-0.008219557,-0.01253229,0.0491218,-0.1740927,0.4381342
-0.01019433,0.4265997,0.47864,-0.01253467,-0.15452,0.006779052,0.08312453,-0.4123676,-0.07940889,0.2949039,0.05871553,-0.0005397138,-0.06944573,-0.3807471,-0.1941155,0.4499536,-0.3656422,0.0555075,0.8633066,0.1601324,0.002652706,0.009498946,0.4419116,-0.03380862,0.4318743,-0.07419648,-0.1277911,-0.3951831,-0.01915041,0.1402198
;
0.04842799
-0.3942071
0.1328455
0.03273672
-4.810954E-06
0.4531001
-0.2674642
0.5147642
0.02841585
0.05297994
0.2372869
-0.008188381
-0.1882508
-0.0007705412
0.1963132
-0.04953105
0.4585606
-0.0660091
0.3197659
0.02158264
-0.07396172
-0.1496205
-0.2152557
-0.00216112
0.4325589
0.8093295
0.1959449
-0.007959783
0.3148814
-0.2681441
;
-0.03656475,-0.5032925,0.09146437,0.1964727,0.4067105,-0.01418072,0.01809477,-0.01440698,0.0861496,0.09838611,-0.2861388,0.008828222,-0.2505391,-0.04450682,0.09903151,-0.0006630839,0.004181174,-0.0787512,0.003579737,0.08209997,-0.01096592,-0.3541662,-0.2555207,-0.2115537,-0.09544817,-0.0533921,0.01299233,0.05208725,-0.04575468,0.1545984
-0.3076403,-0.002369106,0.2718284,0.3233047,0.05455726,0.3758484,-0.1824793,-0.02193194,-0.1194191,0.4814816,0.1486248,-0.2410124,1.089092,-0.0171765,0.05946691,-0.2765995,-0.03935546,-0.0516569,0.361347,-0.3185933,-0.6734881,0.03119236,0.04383519,0.1882806,0.2628419,0.3696567,-0.04201151,0.01450629,-0.1713843,0.06419586
-0.0138639,-0.4441729,0.1716027,-0.6806956,0.04591471,0.0003359583,0.9190528,0.4493755,-0.1110237,0.02044693,-0.0001528934,-0.3030469,0.05606142,-0.4468735,-0.6032568,-0.1853388,0.2162211,0.3179634,-0.08832837,0.06159023,0.2745548,0.3850549,-0.04748732,-0.1485797,-0.1682552,-0.05107621,-0.1967704,-0.1668513,0.402663,0.2148508
0.1749944,0.03831023,-0.3984759,-0.4703418,-0.142489,0.002371725,1.858669,2.579547,-0.5554787,-0.04388313,-0.4935142,0.1289437,-0.01517767,0.1161005,0.1942992,-0.2100397,0.1614863,-0.01228787,-0.2650231,-0.2885993,-0.1289918,-0.08381907,0.168444,0.1882102,0.161729,-0.2474734,0.218501,-0.1375861,0.01973789,0.143537
-0.008548993,0.3332312,-0.5074255,0.0003705523,-0.7632891,-0.001241184,-0.2350878,0.2556312,0.2231093,0.3535417,-0.3549696,-0.07242538,-0.3590153,0.2739686,-0.1173182,-0.0006303011,-0.04182453,-0.01566272,-0.8986536,-0.1102301,-0.2443915,-0.483066,-0.2164903,0.03711751,0.02142936,0.07398189,0.3049135,-0.1797863,-0.04037812,0.1110618
-0.3012934,0.03548127,-0.1002589,0.1347589,3.393855,-0.16163,-0.2416707,0.03523917,0.4937406,0.272076,0.4561375,0.4232628,-0.5725676,0.0006139262,-0.4310108,-0.1339088,-0.01706707,0.1646151,-0.4011243,-0.03692628,0.4015849,-0.01680421,-0.01307591,0.02790972,-0.2610207,-0.08292247,-0.05703749,-0.01605992,-0.08855477,-0.01467291
-0.08669525,0.1407371,0.7248018,-0.04991633,-0.3322145,-0.07303208,0.0003111701,-0.01067902,-0.3760684,-0.04138244,-0.0001845528,-0.1458483,-0.7198483,-0.2154613,0.0001008407,0.2970015,0.2904474,0.005289048,0.3301587,-0.09077355,-0.03576618,-0.4048178,-0.1647912,0.225044,0.2380482,-1.099475,0.4067937,-0.01103369,-0.07228976,0.1040274
0.06727642,0.5012178,-0.5190622,-0.3560607,-0.6241401,-0.7824159,0.4336488,-0.02647478,0.2783276,0.1018991,-0.5836738,-0.1173101,-0.09564973,0.03845849,0.1447104,0.05920842,0.008608517,-0.4380681,0.3888928,0.07826435,0.05437798,0.2076641,0.2208674,0.01508431,-0.04297476,0.09671572,-0.01265888,-0.159256,-0.0007271217,-0.2283634
-0.5127305,0.5872383,0.1993692,0.2852863,0.1712385,1.445241,-0.4500424,-0.2922891,0.4894351,0.001565091,0.2265428,0.3085201,-0.1284648,0.1067321,0.2060387,0.05281937,-0.3690861,-0.05565767,-0.00902003,0.1517775,-0.1821026,0.7774892,-0.1544818,0.05078755,-0.2126909,0.11586,0.02887027,0.2511668,-0.01367891,0.2460749
-0.09596445,-0.427104,0.2742146,0.06334063,0.1809755,1.6609,0.09934326,-0.4539924,0.0108689,-0.6043662,-0.501013,0.4033402,-0.2712908,-0.1305115,0.0002189128,0.3642374,0.3733158,-0.450546,0.1957911,0.06375615,-0.1571392,-0.2494925,-0.002094314,-0.1981544,-0.03438641,-0.0691177,0.2905701,0.2570099,0.477806,-0.1511799
0.3742253,-0.008332148,-0.4879737,-0.1236124,0.003527813,0.00202666,0.02175191,-0.4615686,-0.478285,-0.0450349,0.2259806,0.3330267,-0.5718319,0.2888781,0.5893698,-0.4916928,0.06335793,-0.2458127,0.07582451,-0.01304977,-0.2047509,0.0247025,0.3000358,0.406402,0.1463187,0.2619188,-0.06957427,0.02147367,0.06423157,0.003250449
-0.12048,0.001494127,0.3709094,-0.05939931,0.08696733,0.05969325,-0.08774201,-0.2052427,-0.343985,-0.02949653,0.1687994,-0.02847725,0.1706356,0.3284645,0.03921598,0.1678767,-0.06066332,-0.02174288,-0.1685092,-0.3651152,0.06860518,-0.003149166,0.1725168,-0.08493243,0.494235,-0.005150646,0.4079419,1.945951E-07,0.4825354,-0.0008202208
-0.1127618,-0.01339157,0.4185289,-1.306021,-0.2527799,0.1226488,-0.1690603,0.08102307,-2.024591,-0.08758907,-0.005743284,-0.4478149,0.03629595,0.3949279,-0.5360654,-0.2665877,0.04506451,0.02140778,0.1799934,0.01921438,-0.08878237,0.04668098,-0.05965284,0.007022982,0.2294288,-0.004978903,-0.07941383,-0.5336136,-0.3307715,-0.2493687
-0.4595681,-1.058831,-0.08477312,-0.135697,-0.4587922,0.02585168,-0.1696563,-0.8330421,0.007707899,0.4302689,0.1898967,0.08167899,0.1956507,0.4120824,9.297424E-05,0.02502225,-0.3046186,-0.05090417,0.1462837,0.4816813,0.1997847,-0.8960713,-0.002164365,0.5034207,0.1331801,-0.1135709,-0.3205018,0.03163781,0.4961724,0.06143658
0.6879185,0.3599557,-2.345676,-0.04425731,0.3646138,-0.04574448,-0.1635955,0.02782957,0.233584,0.4337573,-0.05716816,0.1808329,0.03167859,-0.0863271,0.4258424,0.4434446,-0.4326661,-1.019169,0.2459836,-0.002077222,-0.0003021947,0.08569235,0.1842495,-0.09557364,-0.2044484,-0.427132,0.350337,0.1349477,-0.06862628,0.01205736
-0.01292998,0.1018024,0.4999628,0.000102752,0.526857,0.01062621,0.003830956,0.06606624,0.01054825,-0.06876569,-0.04152064,0.3718218,1.401068,-0.2595772,0.00894568,0.00416345,0.03567632,0.01671618,0.3321451,0.1865662,-0.2028228,0.5501551,-0.0759713,0.05109808,-0.1229066,-0.7653409,0.01367313,0.03551334,-0.2349101,-0.06636158
0.6036525,0.06531671,0.01415983,-0.05223839,0.1035579,0.4209919,0.0556137,-0.04645953,0.1032645,-0.1091335,-0.0002623407,0.1290772,-0.0005382905,-0.3078976,0.03008175,-0.07131244,0.3693681,0.07450341,-0.528331,-0.2460481,-0.3123329,0.1380239,0.01716461,-0.3691524,0.0003090551,0.7307824,-0.4548895,0.5350395,-0.2318198,-0.04191166
-0.1539141,-0.1045294,0.2283343,-0.1092749,0.1628768,0.05476734,-0.06162076,-0.4814714,0.2059505,-0.2237263,-0.08297724,-0.1965305,-0.56892,-0.09819527,0.1400192,-0.3166313,-0.002225007,0.02183763,0.003547835,0.02556468,-0.001104101,0.0242663,-0.0009301354,-0.2991259,-0.1099442,-0.1229703,0.3683056,0.01952246,-0.02097481,0.009164457
0.3831664,-0.005346512,-0.2408404,0.3164048,0.009409328,-0.4798216,-0.2898121,0.009423712,-0.2226241,0.05859192,1.35957,0.1077421,-0.3097438,-0.4133223,-0.1062121,-0.1279718,-0.01438874,-0.33474,0.4879568,-0.01533124,0.3769298,-0.5873032,-0.07408509,0.09852093,-0.02023453,0.1384188,-0.2686986,-0.1096547,-0.03815939,-0.03953992
-0.04658831,-0.05178418,-0.06164211,0.004723738,0.0002190141,0.7684127,-1.989927E-05,-0.08018094,0.1105017,-0.1271637,-0.0416044,-0.02253903,0.3863698,0.06323449,-0.6134703,-0.4951342,-0.2042406,0.03364331,-0.05997826,-0.3610377,-0.04352349,-0.1981823,0.9709386,-0.0253709,-0.1221028,0.000603707,-0.0628441,0.001243746,-0.1852614,-0.1364025
-0.7883393,-0.04187916,-0.3258137,-0.02602619,-0.05030562,0.4974619,-0.1441115,0.1251117,-0.08950964,0.9251741,0.1159153,0.4207186,0.05486156,-0.02450585,-0.1636816,0.02612354,0.129558,0.02839913,-0.0284152,0.2282341,0.4874897,-0.2087771,0.3772599,0.0137184,0.1254797,-0.1297214,0.0002867983,-0.005797449,0.01252657,-0.002558386
0.05250932,-0.1495009,0.01689572,-0.6015682,-0.002398742,-0.04354174,0.02204448,-0.1875531,-0.5082115,0.2914454,0.0008427833,-0.1437364,-0.03937115,-0.3028516,0.5028231,0.1408091,0.02185616,-0.7382811,-0.3781621,0.1127765,-0.4304296,-0.02041089,-0.1966195,0.005739514,-0.04125488,0.442279,0.01592231,0.4514818,0.008454594,-0.05000502
0.001773575,-0.09775984,0.01010409,0.2222564,-0.4038105,0.6891875,0.01617909,0.4849325,-0.3442464,0.4424092,0.2892097,0.06722208,0.5932746,0.3977536,-0.3597299,0.2633184,0.1584279,0.01930209,0.4679251,0.1585255,0.05117092,0.2334121,-0.01098852,0.4350119,0.3444555,-0.2337293,-0.002146312,-0.09486505,0.2967902,0.07074625
-0.1979577,0.4960891,0.09441473,0.4348151,0.1071618,0.2803624,-0.7220901,-0.1667262,-0.05298108,0.01452294,-0.01367741,0.09705733,-0.002586251,0.5685485,-0.09015173,0.09519048,0.1955255,0.056896,-0.4148366,0.03467268,-0.08164807,0.01473617,-0.06518304,0.2019078,-0.1683375,0.1077873,-0.01134627,-0.03777985,-0.01657857,0.3475875
-0.2333535,-0.09695983,-0.4777638,-0.1136352,0.1759354,0.4255309,-0.2942394,-0.2323971,-0.1105221,0.001276789,0.01299542,0.247793,0.03860836,-0.3984157,0.2448055,0.4791562,0.1985849,0.01731932,0.4345976,0.06516663,-0.0306101,0.05066286,0.3897755,0.1109535,-0.1172847,-0.08083378,0.7225188,-0.0735564,0.1074718,0.3259263
0.02947979,0.02833612,-0.2313132,-0.1634543,-0.002107478,0.3033326,-0.2649,-0.003081767,-0.4270186,0.2753738,-0.09830825,-0.1074423,0.2200181,-11.82011,-0.1065485,-0.3298154,-0.4044579,-0.03348922,0.7209383,-0.3025154,0.4020907,0.02680583,-0.14064,0.01999468,-0.1981521,0.01466719,-0.01722645,-0.3644449,0.2247584,0.1701444
5.488878,-0.1075297,1.047431,-0.003736175,-0.0694742,0.005353002,-0.1529156,-0.1197326,0.02846688,0.2441246,0.04689216,-0.2021157,0.01193059,-0.0426628,-0.002514724,0.4924613,0.0332603,0.1470044,0.02449137,0.01992313,-0.02448467,0.3006531,0.06542951,-0.03346599,0.0007601916,0.09444806,0.003846453,-0.1242359,-0.02982226,0.2149336
-0.483569,0.001603363,0.5495818,0.06852868,-0.1781309,0.2053134,0.09102684,-0.04885453,0.01924997,-0.09610483,0.4172002,-0.251543,0.1406882,-0.2708025,-0.02262198,0.007261405,0.05224605,0.3333887,0.7902891,-0.1227985,-0.06308047,0.3859435,-0.1772113,-0.1274856,0.2022692,0.01972978,0.0007810444,-0.3473908,-0.1544408,-0.01014417
0.2141928,-0.4000223,0.000983175,0.5264656,0.3054205,-0.09498352,0.02247797,0.2456562,-0.01659163,-0.09186614,-0.476095,-0.002717403,-0.4461532,-0.026624,-1.132266,0.3928329,0.07811505,-0.2428937,-0.3825325,0.871263,0.09270701,-0.1567322,-0.1428799,-0.01091338,0.4421965,0.1347508,0.04621492,0.1365923,0.2975546,-0.2959282
-0.03545814,0.05907847,-0.02048217,0.03478668,-0.2987577,-0.2274334,-0.1329601,0.006085618,-0.1181391,-0.2518712,1.03434,-0.05672697,-0.06703056,-0.5339734,0.4553596,0.2127565,-0.3483714,0.7115471,0.4656724,1.114047,0.2858279,0.3705137,-0.02404276,-0.1620809,0.09891394,0.4365195,-0.1036184,-0.7735783,-0.1761382,0.5102764
;
-0.003900788,0.1923432,-0.05773503,0.003334327,-0.4438735,0.0690977,0.0567041,-0.3093243,0.5823723,0.3143527,0.06560844,0.0223653,0.2345288,0.8392304,-0.2808501,-0.4041092,0.3204557,-0.03157676,-0.1725824,0.1043202,-0.003356418,-0.2063935,-0.1678293,0.3566377,-0.07158079,0.8506053,-0.3282189,0.0968267,0.0300156,-0.05062149
-0.02213367,-0.3396634,-0.4705851,0.01874149,-0.317126,0.03578717,0.07692701,-0.02185323,0.1163481,0.2583492,-0.1637436,0.5229954,0.2096884,-0.3954515,-0.2947675,-0.004765195,-0.06809238,-0.08130449,-0.4062597,0.1253938,0.2090279,-0.001286024,0.01394306,0.1784548,-0.2787916,0.04735869,0.0298748,0.1429777,-0.1231642,-0.09828389
0.1844562,0.146934,0.2639931,-0.05523092,0.1546103,-0.2584938,-0.01015179,0.1414241,-0.3313335,0.005509365,-0.1085427,-0.1861001,-0.09813291,0.139435,-1.321012,0.00624041,0.08335918,-0.1617097,0.270622,0.006874255,0.344784,-0.8748858,-0.04559487,0.007664502,-0.2510096,-0.1155542,-0.08277088,0.8026322,-0.2223931,-0.3517389
;
