-0.02189857
0.4744647
0.2016443
-0.6045628
-0.001076246
-0.002350328
-0.004732328
0.03130647
0.6805426
-0.3014545
;
-0.04695501,-0.009930343,-0.08940643,0.1725701,0.2013335,-0.07676174,0.05313287,-0.5133588,-0.09877175,0.3306352
0.01685714,0.00672301,-0.03286785,0.01532871,-0.46543,0.1390178,0.01025903,-0.06461884,-0.07381313,-0.08639851
-0.1302499,-0.1897765,0.4029392,0.381822,-0.2791871,0.6535864,0.3869941,0.9343894,0.109394,-0.08363268
-0.1613005,0.001562851,0.03052749,0.04696376,-0.3322093,0.01258641,0.002095268,-4.167396E-06,-0.6066419,-0.2299601
-0.08163067,0.008823344,-0.8639269,0.1346886,0.4793744,-0.01124852,-0.2675226,-0.6461946,-0.3034877,-0.3632929
0.3174238,0.4481623,0.2525827,0.2183803,-0.06683248,-1.059106,0.3559085,0.03607914,0.0007375273,0.03265053
-0.001710276,0.07955109,-0.4188245,0.4778081,0.06629325,-0.4582533,0.2401364,-0.4405312,-0.5776535,-0.3006434
-0.5658137,-0.1771978,-0.1458302,-1.243609,0.4969594,-0.05311531,-0.08837744,0.4235686,-0.05709905,-0.8092317
8.09325E-05,0.3912787,0.0001637034,0.06986767,-0.0255745,-0.3598951,-0.01444122,-0.1496813,0.1464456,-0.4817653
0.0283298,-0.008815541,-0.4422311,-0.3154153,0.3512596,0.6843755,-0.1220319,-0.04222388,-0.08730462,-0.1973009
;
0.003934801,-0.1322697,-0.3459016,1.08443,0.2088035,-0.1173081,0.4270741,0.01861087,0.4776025,0.3319876
0.4674224,0.3995522,0.001931599,-0.07189959,0.05030816,-0.4583914,0.2626987,0.4347574,-0.05770288,-0.3740504
;
-0.2603546
-0.2124416
0.2375444
-0.1055086
0.08740218
-0.3332849
-0.09560283
-0.1090459
-0.06248993
0.3396047
;
-0.235522,0.493897,0.1246511,0.1999982,-0.3104795,-0.4217124,0.1543988,0.4131317,0.07909606,-0.006505578
0.4119506,0.5694801,-0.04757569,-0.04703309,-0.3556445,0.2017096,-0.05830292,0.1483269,-0.1676099,-0.01906583
-0.161656,0.2689204,-0.2749289,0.1336091,-0.08065537,-0.0883137,-0.05989281,0.01962094,0.2343967,0.4094505
0.2421044,-0.1123545,-0.2293848,0.1765873,0.07355064,0.1663146,0.5498616,-0.01924725,-0.01072995,-0.1250595
-0.5790398,0.3804266,-0.05155663,1.098381,0.02560838,0.01062959,0.2967688,-0.04536957,0.2518904,0.09861714
-0.09937012,0.4319965,-0.008348215,0.1241138,0.1162737,0.08632787,-0.000118334,0.02456301,0.1783764,0.2454976
-0.3251233,-0.5210494,-0.4190589,-0.1822,0.02334466,0.4220332,0.1814067,-0.5866075,0.09281342,0.002125189
0.07158325,0.3119242,-0.03826112,0.0197868,-0.6348304,-0.185705,-0.7016516,0.4007111,0.02220851,0.00501836
0.07355589,0.3588067,-0.7595034,0.002633893,0.001257458,0.04916338,-0.01119598,-0.1711344,-0.3189134,-0.1426959
-0.424605,-0.03748138,0.4596698,-0.6565723,1.872119E-05,-0.4652324,-0.004676396,-0.1407226,-0.07651692,-0.2390522
;
0.3560587,-0.2280435,-0.2820322,0.003385423,-0.1602279,-0.08648359,0.1818031,0.01606124,-0.4106386,0.007107198
-0.2321932,0.419559,-0.07128111,0.08041745,0.00863996,0.2523413,-0.3504497,-0.3988955,-0.175892,0.05328101
0.4379491,0.7418098,0.3009889,-0.04461044,0.006532233,0.07093875,-0.2954599,0.05244559,-0.2435194,-0.04539816
;
