-0.1216921
1.272197
-0.1550719
0.07919844
0.401803
-0.0673515
0.136528
-0.2639849
0.04854941
0.3087321
;
-0.8513871,-0.4384421,-0.01977913,-0.3107193,-0.0878889,-0.001651597,0.4412053,-0.7708091,-0.03563154,0.07156616
0.1046106,0.1329385,0.01391656,-0.4890803,0.02676441,-0.004009114,-0.3292601,-0.0005245341,0.1324791,0.04769164
0.050149,0.03830463,-0.3665471,0.01773055,-0.5198544,-0.1440346,0.2100147,-0.001297891,-0.2889956,0.9251808
-0.001159814,-2.374573E-05,0.3332224,0.244142,-1.175543E-05,-0.4554942,0.4402597,-2.823691E-06,0.6505954,-0.4284383
0.02704367,0.4451697,-0.2288269,0.03301259,-0.2828591,0.004662958,0.01855403,0.1263213,0.2845418,0.09244954
-0.0205163,0.1946995,-0.06512225,0.4636415,-0.0004859704,-0.1176178,0.009545889,-0.00226934,-0.01456137,0.04830271
-0.1351379,0.4055868,-0.08836657,0.01010516,-0.04537132,0.1974494,-0.0637632,0.666746,-0.08823906,-0.03795844
-0.1038833,-0.3923516,-0.2971886,-0.4880304,-0.303753,-0.478888,-0.9777871,0.1546272,1.215259,-0.4823067
-0.03647104,0.000730198,0.3258948,0.3473756,0.4181019,-0.3415115,0.320726,-0.02202861,-0.05001003,0.04754167
-0.05956703,0.3926809,0.3682092,-0.01822308,0.21794,0.4017096,-0.4423436,-0.09482387,0.2277107,0.3556097
;
-1.208643,-0.1435305,-0.1425957,0.009914014,0.1902009,-0.44911,-0.2239394,0.4003237,0.0189623,0.4340218
1.329589,-0.0005644772,0.004100364,0.1322632,-0.05317297,-0.02371611,0.0610853,-0.01643457,0.3284236,-0.008894208
;
-0.126455
0.09081608
0.09865922
-1.018612E-05
-0.1152847
-0.06687034
0.1055808
-0.3931185
0.1884957
-0.2440209
;
0.01735306,-0.1702362,0.0308858,0.3432542,-0.0002935312,0.3210119,-0.8722346,-0.3696988,-0.2482865,-0.1067458
0.05897957,-0.4642687,0.1240477,0.01165277,-0.004593234,-0.01331456,-0.09717461,0.1700028,-0.0004201863,-0.00490193
-0.2582104,0.08250386,-0.002980333,-0.02966266,0.1424769,-0.2562634,0.08716279,-0.06471565,0.1063706,-0.02366482
0.009916167,-0.3964753,-0.262663,-0.003288784,0.4664248,-0.156993,0.4028007,0.03548497,0.02318342,-0.09373182
0.1761992,-0.1368776,-0.003264085,0.1854681,-0.1507161,-0.3779227,0.1685554,-0.2356555,0.1400641,-0.03400822
-0.1906684,-0.3186686,-0.1731878,-0.09296191,-0.02987893,-0.1191302,-0.02613413,0.2537457,-0.08941634,0.03711374
0.3632311,0.08085778,0.4309878,-0.4266964,-0.1606535,-0.05103202,1.309655,-1.303554,-0.04298371,0.4057989
-0.08189851,0.05938793,-5.296405E-05,0.1493249,0.1303362,0.02499867,-0.3579254,0.01193976,-0.08704372,0.03222686
1.866966,-0.5584035,0.2592218,0.006823596,0.005198709,0.4649997,-0.2791941,-0.2701924,0.04436607,-0.7857566
0.02034348,-0.2286675,-0.1517044,-0.4015499,-0.3581468,-0.2110722,0.3824383,-0.441504,-0.005846861,-0.3449125
;
-0.4658655,-0.1101272,0.2739196,0.2261054,0.004759581,-0.00415335,-0.7635127,-0.1381501,0.4245616,-0.1596275
-0.1205217,-0.009223728,-0.5864062,-0.1040476,0.0175379,0.0672353,0.00679318,-0.005614236,0.001691005,0.06277276
0.005154012,-0.01469155,0.367484,0.1503432,0.4631963,0.4860849,0.08200328,0.3975987,0.306586,0.7511683
;
