0.2408318
-0.371997
0.7499555
0.1558272
0.0005248439
0.02278414
-0.01070051
0.5686923
-0.7309061
0.6487693
;
-0.1011494,-0.09219392,0.3459703,0.001092392,-0.4740019,-0.01553094,0.07058982,-0.00143352,-0.2472561,0.3247058
0.4637268,0.436821,0.1161246,-0.4610243,0.006016559,0.1741632,-0.07425498,-0.2281148,-0.04244537,-0.3043579
0.4164208,0.2776259,0.1484746,0.4214902,0.1860037,0.2549996,-0.4584236,0.2803423,0.0065909,-0.4642156
0.7509111,0.4814496,-0.641991,0.3105054,0.1931207,-0.2869512,-0.00552941,-0.004672479,0.349142,0.04055388
-0.02408721,0.1537587,-1.016222,-0.1412836,0.4881368,-0.3896558,0.0003801691,-0.3551754,0.003209426,0.01536769
-0.4881577,-0.02283339,0.3734057,0.2017425,-0.3034658,0.02725842,-0.01567702,-0.003950261,-0.02798921,-0.1015082
0.2921985,-0.003642285,-0.008297091,2.416561,-0.1249531,0.0008904165,0.5245151,-0.4807684,-0.0532002,-0.1937644
-0.0007995701,-0.02175339,-0.306375,0.329235,-0.3385398,0.3684189,0.1099159,-0.3395123,0.2376088,-0.06878692
0.05931348,0.5301815,0.07923259,0.2074404,-0.1289865,0.00989002,-0.3736266,0.01229566,-0.3631127,-2.150072
0.4460294,-0.0454997,0.02326404,0.08999255,1.373062,0.1721458,0.427947,0.1454957,-0.05783552,-0.1530709
;
-0.001382545,-0.4418467,0.2691603,-0.004702064,-0.4510239,0.2903655,0.1713762,0.2660537,-0.4020888,-0.005125575
-2.579045E-07,-0.2080952,0.2038916,-0.1961341,-0.5847424,0.2241537,-0.01843088,-0.4976225,0.2390338,-0.03852707
;
-0.002068572
0.4592437
-0.04670446
-0.1243171
-0.0111303
0.009522578
-0.0157137
0.3340942
0.08596011
0.2341354
;
-0.2341927,-0.1127356,0.3817509,-0.5927919,-0.03641058,-0.02744102,-0.5370362,-0.01425821,0.02017474,0.1184297
0.128494,0.08957858,0.003812023,-0.2750617,-0.2092325,0.181388,0.6477151,-0.3495566,-0.3768524,0.3589263
0.004329026,0.482153,-0.09001531,0.03271423,0.03355734,-0.1552325,0.2570493,-0.04668118,-0.04275905,-0.6165453
-0.1910393,0.3202204,0.3525424,-0.07062993,0.1441421,0.4463452,-1.57464,0.4657618,0.1125593,0.0800312
0.2317158,0.8674546,-1.888703,0.07647873,-0.09315009,-0.4025357,-0.4628775,-0.02823466,0.2729484,-0.2972729
-0.3690789,-0.2574131,-0.0008177952,-0.004359073,-0.08298653,0.08527952,0.3748624,0.04918238,0.04765244,0.3764735
0.1008007,-0.1056668,-0.006810068,0.0004598796,-0.05461309,-0.6015863,0.00264467,0.248089,0.5738057,-0.1070701
-0.4791969,0.03823943,0.8745483,0.2735715,-0.06908125,-0.3615211,-0.05300722,0.01736968,0.005599754,0.005086449
0.0007397434,-0.5072645,-0.2858549,-0.01285191,0.3947138,0.08201367,0.2869814,0.307732,-0.4266168,0.07791811
-0.5292439,0.5850159,0.2676994,0.08481986,-0.4760153,0.03555707,0.05609492,-0.1355034,0.2206439,-0.3026842
;
0.2634046,-0.1971852,0.007632053,0.1504426,0.0161795,0.2364585,0.09359884,-0.01103564,-0.01711606,0.00857194
0.3759274,0.3421043,-0.06011708,-0.02428263,-0.09616047,0.2759027,0.01146991,0.3313207,-0.2913741,-0.4732327
-0.319064,0.01890212,-0.3376844,0.1323339,-0.1196185,0.0563857,0.05742348,0.09442681,-0.08813936,-0.4848844
;
8.047813E-06
-0.1121723
0.2342174
1.544875
-0.01245867
-0.0008731703
0.03591878
0.3590835
-0.5725558
-0.01422782
0.03672525
0.7021224
-0.1904169
0.2990647
-0.01725903
-0.3394695
-0.2959981
0.1453931
0.3237743
-0.1365321
0.004500131
-0.3621761
0.1575771
-0.04710301
-0.4759083
-0.080355
0.2818252
0.3858861
-0.1562744
-0.3469529
;
0.464086,0.2889392,0.3618627,1.09359,0.1461743,-0.005145347,-0.09711117,0.0365186,-0.3721404,-0.3735398,0.3518209,-0.182964,-0.2623382,0.1347936,0.2769978,-0.3563976,-0.0002629936,-0.2422827,0.8412463,0.4764766,-0.6747527,-1.071391,0.01944331,-0.01765472,0.2902696,0.3585114,-0.09020821,0.502932,0.117189,0.03630239
-0.2370428,-0.2790789,-0.3067042,0.08942443,-0.2040306,-0.7133471,0.0347249,0.3147213,0.4076298,-0.01855121,0.09331121,0.1906264,0.03540206,-0.008346969,-0.1279185,0.03219717,0.003308344,0.07867977,-0.7478377,-0.1738985,-0.7008451,-0.3608512,0.3154539,0.3202356,-0.002958613,-0.01703892,-0.4183125,0.4720687,0.5929688,0.8129715
0.07661587,-0.355579,-0.001072482,0.1639345,-0.1785578,0.1474158,0.2295195,0.1266129,-0.1037803,0.05756799,0.2487192,-0.04728866,0.2006648,0.2626949,-0.4936994,-0.1456179,0.2501018,0.488848,0.1101822,0.4282399,-0.00309551,0.3671266,-0.2455982,-0.3214884,0.1781393,-0.4911373,-0.1785148,-0.04461914,0.4979866,0.1062619
0.8876897,0.1324852,-0.4068356,-0.06485438,0.4075804,0.1971678,-0.3166374,-0.2421668,0.2743624,-0.1809947,0.1068166,-0.2954396,0.535179,0.01049709,0.4002423,0.3115317,0.3531362,-0.9423699,-0.03575514,-0.08409576,-0.1607539,0.3120403,0.4823199,-0.2197554,0.08279537,-1.342951,0.08348233,-0.01785468,-0.03198455,-0.09117625
-0.3734409,-9.779865E-07,-0.02072655,0.01294431,0.1511422,-0.829927,0.2795862,0.00259167,-0.4862527,0.06425529,0.1852871,-0.09225651,-0.1196706,0.008724343,-0.4152292,-0.1697996,0.0292521,-0.02528112,-0.1077733,0.003927258,0.8506,-0.03969492,-0.4514448,0.03651822,0.210879,-0.05844161,0.07160772,0.3994944,0.195624,0.0180553
-0.3143557,-0.4584724,-0.08588618,-0.0003925496,-0.09532037,-0.01104803,-0.03032697,1.303977E-05,-0.01956334,-0.2739103,0.09868494,-0.4823362,-0.0882884,-0.01708362,0.2434521,0.006422369,1.024517,-0.1662047,0.02880484,-0.347877,0.7417851,-0.2784277,0.3940917,-0.2923505,-0.115503,0.7491171,0.06199824,-0.4187895,-0.4378281,-0.04174443
-0.2739099,-0.4373084,-0.03032368,-0.7800842,0.01275219,0.8106167,-0.1147073,0.2284493,0.1584,0.2118483,0.3396559,0.3787899,0.1077728,0.08989634,-0.07921932,0.05460292,0.1090268,-0.1804724,0.01429767,0.5403438,0.1844621,-0.5936574,-0.1521958,0.001173673,-0.1116613,0.3426487,-0.2071349,-0.1883159,-0.6374294,0.8333277
0.2374491,0.2883427,-0.005289741,0.01244932,-0.1148089,0.002908885,-0.1477273,0.4793483,0.3124732,-0.4143107,-0.2933182,0.05588264,0.3280807,0.03167695,-0.1435688,-0.2157642,0.2415134,-0.09304502,0.313779,0.654828,0.04527937,-0.07990967,-0.01804571,0.04664475,0.1024156,0.1058733,-0.01900452,-0.02092272,-0.1398444,0.002083893
0.00381682,0.01686947,-0.3257776,0.1329141,-0.0006488381,-0.4417485,-0.2850725,1.123475,0.4609867,0.05542706,-0.01922846,1.005158,-0.01919394,0.005615319,-0.04066736,-0.06012115,-0.02240902,0.2694443,0.1059049,0.6490446,0.000223818,-0.2640537,-0.172438,0.02697103,0.4120853,0.1199299,-0.02567796,-0.0003420733,0.8072544,0.1901885
1.08852,-0.2301103,0.2207367,-0.3377044,0.01127004,0.09915096,0.2785665,0.4657382,0.2751856,-0.05972664,-0.1004688,-0.4385817,-0.6367071,0.05266025,-0.04636651,-0.2885573,-0.01522494,-0.006412015,-0.005155924,0.0003868249,0.226848,-0.05800763,-0.2137493,-0.01140571,-0.3268114,-0.03211515,-0.1971301,0.1982254,0.1257325,-0.1838242
0.7102712,-0.3954668,0.1565916,-0.03428847,-0.05638486,-0.1865397,-0.6783888,-0.4915243,0.3857079,0.1273536,-0.3796973,0.2590664,-0.00157453,-0.5651546,-0.2472623,0.1979756,-0.002339592,-0.04172219,0.386587,0.2805234,-0.2164164,0.5348659,0.005994419,-0.2039465,-1.393996,-0.3242413,0.02379694,-0.03741399,0.3020223,0.1345847
-0.6188263,0.152335,-0.01395186,-0.2484661,0.5209898,0.04427087,-0.1547302,-0.4451345,-0.03932112,0.146526,-0.006754943,0.2246338,-0.1688518,0.2146852,-0.8349949,-0.1739257,0.07552999,0.3631904,0.3149208,-0.02540654,-0.4624478,-0.4267246,-0.3232034,0.4216217,0.02976852,-0.0001560667,0.2265462,-1.07525,-0.01635502,0.1591312
-0.02763553,0.4646697,-0.04591978,0.4563334,0.1337759,0.04786134,0.04777104,0.4678094,0.01976508,0.421302,-0.3115983,-0.07093483,2.061278,0.0001402883,-0.1714209,-0.02751886,-0.3986113,-0.1708679,0.007193753,-0.4804924,0.2366708,0.2731402,0.04086002,-0.003288228,-0.02692014,-0.01743563,-0.002069315,-2.370162,0.1523124,0.1985464
-0.3201424,-0.0205315,-0.2370335,-0.2947099,-0.4532011,-0.3436926,-0.06894356,0.02643751,0.1370084,-0.4418403,0.0004897656,0.1150468,-0.2749659,-0.177757,0.2139441,-0.3421919,0.3991262,-0.1362917,0.09002391,-0.2853218,-0.4402684,0.3716066,0.07972997,0.2184751,-0.298087,0.2692857,0.03472509,-0.04865712,0.6325758,0.02416411
-0.2087629,0.6703491,-0.4695389,0.4161184,-0.5166205,0.08059128,0.4180773,0.0618511,0.3956869,0.2959912,-0.08207835,-0.6516375,-0.0174287,-0.1129801,0.2104786,0.2323178,0.09028092,0.3859943,0.2080613,-0.3393642,0.05189067,0.3492786,-0.3549697,-0.1972471,0.458411,-0.0926891,0.01938643,-0.5215096,0.1283845,0.3556249
-0.258057,0.002996571,-0.2522177,-0.1226937,-0.2355744,-0.7071438,0.01455897,-0.4263224,-1.401001,-0.03532665,-0.04520291,0.2214345,0.08617419,1.35723E-05,0.3563075,0.1082922,-0.05270155,-0.1832725,0.04219544,0.527372,-0.01936417,-0.04954365,0.02276845,-0.08287829,0.2252044,-0.0005004834,0.2738203,0.3466284,0.982273,-0.4859858
-0.2004344,0.05038297,-0.4428733,0.2379023,0.01743451,0.1444278,-0.02864287,0.2440568,-0.2033779,-0.1292712,-0.3080465,-0.002784085,0.0002735385,0.2298087,0.2587396,-0.01475913,0.2393601,-0.001429737,-0.1957607,-0.002509077,0.573845,0.01302519,-0.1015947,0.05255415,-0.1734259,0.3584577,-0.01824494,-0.1989098,-0.3071805,-0.03538437
0.2328136,-0.002705215,-0.05437391,0.001853994,0.2118259,-0.176618,-0.0001523123,0.7007639,-0.3679117,-0.4918163,0.2125766,-0.7731747,-0.07530095,0.4916774,0.01683938,-0.2419752,0.1300289,0.4840621,-0.05512077,-0.6219772,-0.004200303,-0.1740248,0.06894988,-0.04649225,-0.1593275,0.05230452,-0.4773442,-0.02690091,0.377501,0.2538417
0.2307667,0.006928358,-0.2099633,-0.2323315,-0.3383175,-0.1577082,-0.05900373,-0.1538421,-0.2432836,-0.4132156,-0.2729001,-0.07562341,0.007728173,-0.03703067,-0.2435562,0.9040793,0.06750964,-0.0009319807,0.3789241,-0.01912701,0.06715599,-0.0004070363,0.2557395,-0.00200634,-0.02651867,-0.3929107,0.3262852,-0.01024646,0.01216751,0.03819031
0.2672324,-0.01921946,0.1106905,-0.3656101,0.2077339,-1.149496,-0.7178441,-0.4916799,-0.0855397,-0.1804556,-0.09974277,-0.04445216,-0.4252467,-0.4909061,0.002069275,0.1988207,0.3179561,1.6946,-0.1037915,0.0001192429,-0.3503918,0.4959112,-0.282073,-0.01018639,0.3063575,0.4255323,0.3532165,-0.9559273,0.7192596,-0.1418607
-0.1787853,-0.3344936,-0.3655389,0.0001004933,0.0006858962,1.005263,-0.09243768,0.4717367,0.03195051,0.1001043,-0.05127033,-0.2655914,0.1868784,-0.009157388,-0.922728,-0.8994474,-0.1458082,0.4194036,0.04187588,-0.1927343,-0.3532261,-0.4109046,-0.02978922,-0.07162172,-0.1285334,-0.2564245,-0.1247087,0.2283756,0.6371843,-0.2822468
-0.1461823,-0.005124808,0.2110649,-0.02103365,0.1691276,-0.5097324,0.1767408,0.223517,-0.4574864,0.3148569,0.2988607,0.2628103,-0.2042601,0.03315026,0.689673,-0.1668866,-0.4151272,0.2169722,-0.3723722,0.03659356,-0.01445876,-0.03472475,0.2886041,0.06514914,3.344732E-05,0.8461554,-0.2732058,0.00426728,0.01435064,-0.1678417
-0.3311837,0.4132289,-0.07145661,-0.3455192,0.2050875,-0.001821642,-0.9047881,0.2013544,-0.6545945,0.02477652,0.104523,-0.5173405,0.4681328,0.03638667,0.01313968,0.5896628,0.01868862,0.07433572,-0.2803642,0.3058102,0.2692451,-0.452742,-0.2778482,0.165425,-0.08971916,0.800735,-0.3139235,-0.4627571,0.09265091,-0.01063806
-0.0536879,0.3338352,-0.006503642,0.2002826,-0.3988557,-0.3965902,0.0038047,-0.628415,-0.2449843,-0.2959479,-0.08030058,0.2617855,0.0001966282,-0.3282796,-0.1682871,-0.2532406,0.1134451,0.01233453,-0.06762926,0.3820632,0.1570097,-0.006909408,0.4766767,0.05396461,-0.5663323,0.4864323,-0.3041964,-0.4963312,-0.03325468,-0.08174301
0.09600966,0.01805836,0.03190764,-0.01456469,0.4192913,-0.2080131,-0.08714825,-0.007177256,-0.2491513,0.08658582,0.001710736,-0.2977334,-0.2268308,-0.02074191,0.1111143,-0.1097036,-0.2316517,-0.01894136,0.3113605,-0.2412309,-0.3851759,-0.2868492,0.04274029,-0.5245336,0.211305,-0.3346745,-0.02055191,0.2259426,-0.1389275,-0.3044064
-0.1225497,-0.1216051,0.1433156,-0.2425515,-0.02813701,0.3872578,-0.4022057,0.1408094,-0.2432209,0.03772753,-0.3262236,-0.2925545,0.01300672,0.02543483,1.090104,-0.01236945,-0.2107166,-0.07251423,0.03790921,-0.3370829,-0.4415121,-0.02749368,0.3411696,-0.2702564,0.4764284,0.1476679,-0.4263377,-0.0003853675,0.0001966414,0.2419083
0.3403754,-0.08060035,-0.07001787,0.1806482,0.008534125,-0.4471434,0.6893527,-0.1258745,-0.3979552,-0.1642043,0.1167251,0.2852437,-1.029062,0.2895396,-0.6933439,0.04168864,0.1051969,-0.7745533,-0.1845144,-0.3661348,0.02401072,-0.006034643,-0.1286455,0.03101447,0.001069963,-0.3344669,-0.08556818,0.4396226,-0.3818976,0.2234268
-0.1661942,-0.3614096,-0.4830483,0.02145753,-0.1722331,-0.0001352158,0.1856885,-0.2434595,0.2253297,0.004173317,0.1737395,-0.1814678,0.3098911,0.007796466,0.4295854,-0.08336681,-0.05714652,-0.2328511,-0.7211285,-0.11213,-0.336979,-2.133756,-0.09957236,0.05977786,-0.0004573223,-0.4768233,0.5063779,0.03979854,-0.2966603,0.3226363
-0.3366922,-0.8119637,-0.7159582,-0.1633983,-0.4937067,0.2845644,0.9627289,0.7322966,0.4723538,-0.3919289,0.1382661,-0.487237,-0.0002805377,0.08565229,-0.6008668,0.3432828,-0.01251441,0.1170318,0.03325455,0.4385999,0.395447,-0.2077498,-0.002085374,0.007249412,-0.265693,0.03415328,0.3643926,-0.0727851,-0.002682273,0.05234951
0.009571959,0.9343421,-0.04182526,-0.7795231,-0.007428267,-0.3237349,0.04349167,-0.1600175,-0.003044388,-0.4865129,-0.003181551,-0.1344315,0.4581255,0.04772308,-0.005580623,-0.002766941,0.001552725,-0.2773544,-0.2701252,0.3116298,-0.01518947,-0.06140695,0.0261749,0.03761451,-0.398514,-0.01252886,0.004766456,0.3066801,0.1201006,-0.1585808
;
0.2156568,-0.05042233,0.4799923,-0.7917408,0.006395757,-0.0009129571,-0.3906105,0.6796537,0.07411811,-0.2280462,-0.01151943,0.2554693,0.2806363,-0.2687557,0.423974,0.3866687,0.3817886,0.4972844,-0.0007401178,-0.07045002,0.03106123,0.0833272,-0.2297736,0.4737657,0.3120753,0.007588618,-0.04418711,-0.1118576,0.2043283,-0.4179783
-0.04313613,0.01413494,0.1744151,0.06283776,-0.4268252,-0.03639939,-0.04071982,0.147376,0.2350336,-0.001780836,-0.2432844,0.02815734,-5.316002E-06,0.2180236,-0.01267844,0.2201661,0.6035163,0.01998527,0.5966043,-0.03097115,-0.2896039,0.05976611,-0.07383436,0.1197575,0.1199254,0.7366473,0.8622543,-0.03564024,0.2096305,-9.762488E-05
0.1032673,-0.4721278,-0.07974654,0.02752216,-0.4054124,-0.0690487,-0.09360796,-0.4403231,-0.7966207,0.4607252,0.342513,0.1273113,0.1819532,0.2985406,-0.3604403,-0.3761528,0.116984,-0.1944547,0.1497729,-0.02622384,-0.0006774266,-0.357034,-0.1995649,-0.1178081,0.02552325,0.2124682,0.05263935,-0.3641393,-0.5855986,0.3122861
;
-0.05352327
0.2989755
0.4391577
0.009905198
-7.600033E-08
0.1554273
0.07145453
-0.7198682
0.04837445
-0.3507226
0.5587853
-0.006274371
-0.03228483
0.0001417634
-0.0720759
-0.001649439
0.08987147
-0.1380748
-0.1074573
-0.03806299
-0.4338492
-0.08900071
-0.1814732
0.4256394
0.2387949
-0.04237577
0.5631481
0.1666521
-0.2145246
0.05325645
;
-0.2485951,-0.0009481405,-0.4186364,-0.1559969,1.584201,0.284157,0.005263986,-0.04116558,0.3314286,0.4166786,0.00962481,0.1801307,-0.5209056,-0.4796988,-0.6842524,0.1666968,0.02240856,-0.04533146,0.3824973,0.08810955,0.4066991,-0.06444257,0.1170307,-0.09287041,-0.009498985,-0.07687825,0.4524274,0.004868029,0.003727003,0.3553352
0.4512394,-0.1259822,0.7182391,0.07877702,0.006175975,0.4890077,-0.1739021,0.02480753,0.1287441,0.1369587,0.1486248,-0.1752152,-0.0577123,0.01771729,0.2442207,0.03579367,-0.3547707,0.1562709,0.4977114,0.1059645,0.2804229,-0.3570731,0.01366654,0.2668735,-0.03123765,-0.1548997,-0.1563033,0.06064177,-0.007906496,0.06396974
0.497545,0.4912256,0.1542613,0.03732032,-0.007850792,-0.3343804,0.1453636,-0.1242489,-0.02154858,-0.03792333,-0.1904729,-0.4925153,0.2157039,0.4086975,0.2229831,0.1673426,0.04227319,0.3167471,0.1736582,0.2431154,0.003588933,-0.1142762,-0.0867182,-0.04052427,0.09867448,0.3842328,0.395485,-0.2511508,-0.3101599,-0.2370661
-0.2766626,-0.2462865,-0.3957117,-0.08291403,-0.0625369,0.2748778,0.860379,2.276438,-0.08382399,0.4665632,0.1906922,-0.02752944,0.02678024,0.09097904,0.03703938,-0.110437,-0.2488577,-0.05027546,-0.5690987,-0.2960548,-0.2687857,-0.05776948,0.04133302,0.3756272,-0.151049,-0.003879506,0.2259665,-0.1994016,-0.4151374,0.2041699
0.008548993,0.1731216,-0.02726627,0.0003705523,0.4406472,0.0004073639,-0.05595194,0.03031581,0.0928497,-0.3200156,-4.841619E-05,-0.116549,-0.2246987,0.2966949,0.02252931,0.0008932452,0.3168623,0.1260414,0.3918017,0.09183828,0.05185694,-0.02275908,-0.004381601,-0.03711751,0.4456921,-0.3229128,-0.1916476,0.2625081,-0.1186418,-0.002621515
-0.3012934,-0.06141086,-0.08214787,0.4475302,-0.4409355,0.1528684,-0.2746161,0.07346062,0.2096868,-0.1438758,0.4201304,-1.510728,0.04406253,-0.1002485,-0.7188675,0.1374884,0.48432,0.09167501,0.08750507,7.627765E-05,-0.4559605,0.05369288,-0.2822313,-0.4087644,-0.3083141,-0.1060764,-0.07419366,0.04172736,-0.1250632,-0.04557106
-0.1316817,-0.08905283,-0.06467809,0.01780752,-0.2734714,0.4013941,-0.1988658,-0.001897366,0.1784469,0.2535396,-9.350666E-05,0.4350015,0.1493595,0.03910334,-0.008423205,0.2215051,0.1731383,-0.4239211,-0.1268069,0.3643088,0.4641643,0.1166014,-0.3490779,-0.09960014,-0.2114127,-0.4755546,-0.02982203,-0.1740236,-0.1101285,0.02916385
0.3593535,-0.07372431,0.4808434,0.4357183,-0.2291424,-0.4338797,0.2349681,-0.2947334,0.4531416,-0.1366945,-0.1198266,0.4833431,0.04403848,-0.01484237,-0.08492047,-0.3350208,0.4570601,-0.04268536,0.01040965,-0.04844727,-0.3698187,-0.2231558,-0.6194652,-0.00149836,-0.28681,-0.3726534,-0.01729061,-0.1363984,-0.1052745,-0.06825469
-0.6257632,-0.3197986,0.3494679,-0.7516925,-0.4221486,0.04691412,0.4917125,0.1920542,0.3564335,0.002311765,0.4432739,0.04738589,0.09148551,0.06141946,0.6192023,-0.3797706,0.3818154,-0.03244,0.01291355,0.3662524,-0.282113,0.2222687,0.3479716,-0.099694,-0.1073771,-0.04978266,0.1629396,0.1955755,0.04177576,0.4693603
0.2535965,0.01835934,-0.8182961,0.02861114,0.07232223,0.3081697,-0.005164003,0.2593461,1.345058E-05,0.3323429,0.3413165,-0.2106398,-0.001360156,-0.3024468,0.3327828,-0.1255535,0.1211224,-0.08227628,-0.06721526,-0.09897495,-0.2299942,-0.1364442,0.001575065,0.1081833,0.01835376,-0.03176261,-0.007071195,0.2446093,-0.008904563,-0.1830948
-0.02171041,0.07932148,-0.5973156,0.1663784,0.5655607,0.003129574,-0.002951127,0.597885,-0.40764,0.542855,0.4160666,0.4212132,-0.393217,-0.03048423,-0.003205494,-0.1957625,0.05522241,-0.01071456,0.1997578,-0.02131945,-0.1316086,-0.1239616,0.2629091,0.03088732,-0.1463187,-0.4049295,-0.0656888,0.0631941,0.4959015,-0.006026
0.1053493,0.0005814686,-0.7412128,0.1943536,0.1265224,-0.04235912,0.01035872,-0.1164083,0.2131747,0.04825898,0.1026262,-0.07491814,-0.0007035988,-0.05550183,0.01248742,-0.1678767,0.02330333,0.4346124,0.1989305,-0.2118217,0.05848998,-0.5889698,-0.1839706,-0.2767545,0.4460998,0.003594252,0.3559057,0.006928647,-0.03888673,-0.001206046
0.3677278,0.3489399,-0.8470424,-0.05090269,-0.2251933,0.4281538,0.05360384,-0.3987231,0.387906,0.09578222,-0.2262713,-0.3368529,0.0001809001,0.05309835,0.008701219,0.07550114,-0.7083514,0.02140778,0.3346672,-0.002291379,0.0965604,0.06789604,-0.08150062,-0.4103703,-0.1949007,-0.0008327995,-0.4770864,-0.2546053,0.08783141,-0.2154804
-0.098574,0.02834016,0.01959286,-0.2575991,-0.6940476,0.002219805,0.1688118,0.3097271,0.0009173998,0.9269645,0.01298195,-0.06680582,0.004305184,-0.2065735,-0.0001852843,-5.874534E-05,0.1590822,0.1981871,0.08676444,0.4816813,0.2984829,1.458801,-0.2628381,0.00900239,-0.01526573,-0.05958985,-0.05080541,-0.6940326,0.1642695,-0.05705159
-0.4414603,-0.4967365,0.09703852,-0.003367353,-0.1108567,0.2045867,0.2850287,0.1701263,-0.233584,-0.01888192,0.05716816,0.3189059,-0.06979722,0.02755433,0.3856973,0.04520312,-0.002953159,-0.1752097,-0.2194521,0.1890222,-2.682579E-05,-0.06750764,-0.02792931,0.04920099,0.2190916,0.3654795,0.06103013,-0.3380293,0.1664265,0.002149848
0.009243169,-0.1803697,0.01546939,0.0974163,0.1406412,-0.0606533,0.0383784,0.3031648,-0.6080214,-0.1132651,-0.3125839,0.4501535,1.477086,0.09469527,-0.1615904,0.4315277,0.4369071,-0.03338591,0.07808566,0.4915242,-0.2521399,-0.3668504,0.02693828,0.1233549,0.313878,-0.06782174,-0.4040907,0.3848451,0.22596,-0.04605731
0.6980847,0.1581962,0.01483108,0.2522388,0.436412,0.01671035,0.08676139,0.02630155,-0.01105186,0.4073403,-0.413557,0.4897313,7.70705E-06,-0.3293692,-0.3438352,-0.08641837,-0.01067034,-0.08637351,0.4427333,0.4741033,0.832581,0.449856,0.01716461,-0.3103259,-0.0005146366,0.7307824,-0.8239848,0.3180157,-0.1404551,0.006987224
0.04301527,0.1717413,0.4026706,0.08550922,-0.01047804,-0.4605776,-0.7787682,0.009980117,0.01645561,0.385891,-0.03651483,-0.002762669,-0.3067842,0.002465924,0.1729996,-0.1516039,-1.04391,-0.3121266,-0.3402212,-0.06111209,0.4971878,0.2517757,0.4423214,0.1031769,0.209923,0.07786854,-0.4632653,0.04115938,0.380778,-0.5162405
-0.3702807,0.5398718,-0.2118414,-0.2625083,0.02648996,0.01688156,-0.0240891,-0.06197673,-0.4464048,-0.05830115,0.1792182,0.09816932,0.03608025,0.07164794,-0.01840856,-0.03484458,-0.009071653,0.2721119,0.02998281,0.0953196,0.4195472,0.1916591,0.01079245,-0.02279078,0.04145042,-0.4005972,0.001481222,-0.07785178,-0.04867945,0.05323603
-0.1208097,0.6729463,0.003603396,-0.4822191,-0.4564563,0.3692665,-3.433364E-05,-0.7672599,-0.297573,0.08987289,0.02012132,0.1086689,-0.0008077077,-0.1863816,1.183974,0.052359,-0.08003347,-0.4190803,-0.002051796,0.0200966,-0.2857324,-0.1140326,-0.3320003,0.1024162,-0.1389728,-0.2760026,0.0304274,0.4145575,0.2699257,0.1659545
0.848267,-0.482484,-0.3244733,-0.2108974,-0.4517648,-0.07151078,0.02605931,-0.3071636,0.3032162,0.06704941,0.4694937,-0.1050274,-0.1826251,0.2744223,-0.4936504,-0.1873565,0.2300765,-0.1328413,-0.2206178,-0.7288913,-0.01476177,0.08893222,-0.2652186,-0.1562049,-0.3506449,0.1687274,-0.3921133,-0.07663971,-0.006478998,0.07468802
0.662615,-0.004606247,-0.001636583,0.2940013,0.3672816,0.4903946,-0.4979945,-0.3735074,0.03256148,0.2759452,-0.1618119,-0.0009959169,0.003431719,0.3068393,0.02924699,0.3925231,-0.01417084,1.369364,-0.425727,0.1127765,-0.2536175,0.01249025,0.07494772,-0.471177,-0.001853102,-0.5014015,0.1677548,-0.0524102,0.3449622,0.8646246
-0.4407064,-0.5514191,-0.3926324,0.1021142,-0.7191513,-0.2820953,-0.3111396,0.401987,0.2283131,0.03252274,0.3282747,0.02075285,-0.4772288,0.4133716,-0.3767224,0.1321608,-0.008400142,0.004937248,0.1257658,-0.2447398,-0.393791,-0.1459951,-0.001907647,0.5223832,0.2167262,-0.05974108,0.4691679,-0.4564162,0.09116966,-0.02796243
-0.2355862,0.005685529,0.2125531,0.4868506,0.08321244,0.01059043,0.1813085,0.05006098,-0.008055253,-0.02510494,-0.01101653,-0.273998,0.2355134,0.9510292,-0.0948437,0.1031737,0.5964419,0.02186556,-0.248889,0.4148169,-0.03495876,-0.01921173,-0.07923645,0.01985858,-0.07839525,-0.03653613,-0.004167287,-0.003854261,0.108507,0.14223
0.003151652,-0.2107948,-0.4498259,0.06622498,-0.3066652,-0.2242365,-0.040404,0.2323971,4.005514E-05,0.4972733,-0.01299542,-0.04315626,-0.2782236,-0.1503064,0.4690379,0.03115555,-0.377663,0.02853426,-0.4272159,0.19977,-0.06260628,-0.4791235,-0.3897755,-0.147333,0.4396116,-0.05604523,-0.1462883,-0.0139578,-0.07290424,-0.001703498
9.342458E-05,-0.3623807,0.324531,-0.2694377,0.3761765,0.7513488,0.2649,-0.003081767,0.2237928,0.2956661,-0.0002582906,-0.01211258,0.01391483,23.87787,0.6751934,0.3555222,0.4070465,-0.7035456,-0.4303249,0.09080881,-0.2604101,-0.4279808,-0.4618267,0.2273237,-0.006741808,-1.022539,-0.1666148,-0.1902774,0.6119844,-0.2573152
-0.3618162,-0.4911516,0.1890555,0.007559976,0.02407187,0.005353002,-0.06931348,-0.1274447,-0.0005658718,-0.07680315,0.04597704,-0.222468,-0.339941,0.07946616,-0.2520406,-0.003682468,0.01167873,0.01815662,0.1154658,-0.008791786,0.02448467,0.3440193,0.1975281,0.1733509,0.4395642,0.2357317,0.1896979,-0.1242359,-0.002586692,0.3862784
-0.4749489,0.08047968,0.01626035,-0.3291621,0.4177856,0.117777,0.0588613,-1.13706,0.2951726,-0.09610483,-0.08488269,-0.1093431,-0.05759558,0.02684397,-7.971781E-06,0.233963,-0.07515794,-0.0219335,-0.006416078,-0.2514933,0.0009459541,0.5569539,0.07361192,0.1990744,-0.0709905,0.1846991,-0.1830242,0.181138,0.02519518,-0.09113681
0.1113371,-0.3241352,-0.06045339,-0.0005953997,-0.505695,0.3550978,0.02247797,-0.1845111,-0.1917909,0.4914939,-0.001357679,-0.1240761,0.1989298,-0.003206091,-0.4170609,-0.4146298,0.01239628,-0.151483,0.6139166,0.03619907,-0.02849553,0.06677908,-0.05126093,0.2386622,-0.3102856,-0.01095365,-0.1863176,-0.1149717,0.426442,-0.1988773
0.5706972,0.3561392,0.00403446,0.001299301,0.05670696,-0.024117,0.07749258,-0.1108362,0.09161952,-0.04972237,-0.01017958,0.7567112,-0.2941075,-0.2934369,-0.005210742,0.09348994,0.4332896,-0.06095022,-0.2837493,-0.393479,0.2183144,-0.1415782,0.01312582,-0.3825901,-0.0002469546,-0.3374851,-0.08493614,-0.009503197,0.2417906,-0.06584928
;
0.5053833,0.6770833,0.4876109,0.03343685,-0.4489511,0.2672931,0.3950486,0.3501118,-0.5610648,0.1083689,-0.0002242555,-0.3049287,0.2467972,0.02271543,-0.06189049,-0.2155214,0.4921595,0.435908,-0.1867807,-0.2676816,-0.0003663616,0.1167263,-0.4551326,0.08250187,-0.02678878,0.1885963,-0.08275742,0.02694765,-0.0300156,0.01698545
-0.6230767,-0.05990546,-0.01155161,0.04772801,0.1392996,-0.00248455,-0.02423315,-0.02496589,0.4680674,0.3300889,-0.05110354,0.04078399,-0.4566737,-0.02705265,-0.09313601,0.01803796,-0.06898415,0.162157,-0.04829553,-0.461552,-0.4424889,0.003610302,-0.3169683,-0.338365,-0.2943051,0.04023639,0.1824713,-0.192,0.1892741,0.1941262
-0.09901149,-0.1556527,-0.3782096,0.6590934,-0.2448532,-0.1998978,0.1366346,-0.02468652,-0.05684446,0.06893128,0.2699284,0.5303994,-0.4402512,-0.3029616,0.2456844,-0.07497574,0.2038195,-0.01886967,-0.2392316,0.1578571,0.2572088,0.6340619,0.3399018,0.3359541,0.1054663,0.1104339,0.1838302,-0.06586877,0.5601048,0.1610998
;
