0.3859662
0.440822
-0.01807115
-0.7274184
-0.09584671
0.01524531
-0.29264
0.3934333
0.2734653
-0.3326994
;
-0.5233796,0.06270834,-0.674857,-0.4295456,0.008628251,-0.05747402,0.9244437,0.4825323,0.07255696,-0.4112802
-0.1935143,-0.008142537,0.1971534,0.4197257,-0.05175303,0.4549589,0.06160671,-0.3514442,0.2951915,-0.05825737
0.2097806,-0.2925853,-0.4473753,-0.005451535,-0.04076093,-0.03037018,-0.3991163,0.001046299,0.09446834,0.2969853
0.1383906,0.07828265,0.553692,-0.1304031,0.1946569,-0.02250077,-0.192578,-0.09540325,-9.308031E-05,-0.0565271
-0.3414575,0.2612392,0.07935813,-0.4472133,-0.1649612,0.08182997,0.06414251,0.3392823,-0.01271582,-0.101301
-0.0009313217,-0.3556786,-0.3142338,0.02679355,-0.2926474,-0.2911015,-0.09215731,-0.3450568,-0.1861214,-0.2065009
-0.01714867,-0.01692335,0.2818248,-0.2851971,-0.1258305,0.3885771,0.2542548,-0.00572732,0.06334215,-0.03612119
-0.3200245,0.002357197,-0.5361151,0.1339732,-0.216155,0.005179255,0.03895627,-0.03188355,0.3526745,0.4624382
-0.08229358,0.3515909,0.394209,-0.002640405,0.003407027,-0.04146471,-0.8114674,-0.3967047,-0.1516514,-0.002906452
0.8155807,0.01226634,0.1672318,0.4320284,-0.298636,-0.1576751,-0.228533,-0.01214055,0.003574943,0.1492388
;
0.02274555,0.1540149,-0.2773753,0.0005795673,-0.01186616,-0.05043625,-0.01113259,0.02944726,-0.4961349,-0.4168998
0.07193733,-0.06699778,0.01208952,0.464164,-0.2026825,0.4643099,0.03495195,0.02128655,-0.000401027,0.01533836
;
-0.01606106
0.780682
0.1780252
0.1099646
0.06048292
0.1879451
-0.3711043
-0.08132751
-0.3431782
-0.02133068
;
-0.2269396,0.09122614,-0.1492393,0.2815983,-0.4084199,-0.4809841,0.353043,-0.3286998,0.07909606,0.1688929
0.1228614,0.09728391,0.06451014,0.4376004,0.05463737,0.2305884,-0.6989447,-0.3951502,0.08998626,-0.02876569
0.06069503,0.1595232,0.3098258,-0.3506681,-0.2784401,0.2288296,0.1336084,-0.1373869,0.2343967,-0.6524592
0.0004748879,0.08969248,-0.4502027,0.02794101,0.002743879,0.2519508,-0.4753835,0.4670319,0.3460703,0.06446725
0.2789392,-0.2726026,0.07210237,2.009178,0.02587861,0.1278034,-0.3362933,0.3286543,-0.1520999,-0.009544395
-0.1368707,0.2042257,-0.002658597,0.09403102,-0.04275186,0.4148923,-5.105482E-05,0.00983047,0.04539806,-0.5641452
-0.1807939,-0.01552281,-0.000380658,0.2151321,-0.3674138,-0.4220332,-0.1814067,-0.5555494,-0.2708664,-0.001787112
0.08604287,-0.0253179,-0.4036767,0.01649922,-0.4223076,-0.2340707,0.4790778,-0.005427017,0.02220851,-0.2783227
-0.4641377,0.1802739,0.5338926,0.002633893,0.00134885,-0.2207842,0.01602497,0.1149702,-0.6334732,0.2510842
-0.4042737,-0.4401745,0.1359624,0.4049855,-1.733238E-05,0.1030424,0.003660867,0.1407226,-0.06206238,-0.2633264
;
0.05121547,-0.0005444774,-0.3638913,-0.0138058,0.2433435,-0.04012445,-0.431614,0.02274689,-0.07898389,-0.08025917
-0.1210965,0.5968326,-0.1183477,-0.01936591,0.007568341,-0.08788947,-0.05650573,0.6765342,0.2064983,0.3085469
-0.2720853,-0.04227728,-0.2822921,0.1111159,-0.177218,-0.05321962,0.0748834,0.07897812,0.1753161,-0.019611
;
