0.4772229
0.05633309
0.1003753
-0.3592849
-0.1217535
4.842716E-05
-0.5141709
0.1561992
-0.2622652
0.01651248
;
-0.2995857,0.2098604,0.3563955,0.03293321,0.4665685,0.4057741,0.4974468,-0.3981487,-0.09927036,-0.1463166
0.9633942,0.009724677,0.7970976,-0.2420482,0.2547822,0.1007672,-0.3234578,0.3729408,0.005383094,-0.04386357
0.2407805,0.03649022,0.4785815,-0.1140582,0.03401521,-0.03710635,0.4390349,0.1557426,0.6761743,0.09580868
0.4746789,-0.06909272,0.3280757,0.06914002,0.2480608,-0.001501143,0.1223918,-0.09540325,-4.859498E-05,-0.04416903
0.07679096,0.1753417,-0.07417875,-0.01327522,0.2679389,0.2398854,0.1212838,-0.2381914,-0.1495048,-0.001854241
0.002021504,-0.2350574,-0.0008112905,0.2390352,-0.01180028,-0.1291655,0.06826304,-0.2423504,-0.5762447,0.2561991
-0.2766522,-0.3124281,-0.2818248,0.2148815,-0.4291649,0.7304639,0.561174,-0.08690363,-0.06849295,-0.6312752
-0.03920794,0.004311151,0.4794064,-0.411384,0.07798398,-0.4513932,-0.607052,-0.04509217,-1.252598,-0.0872419
0.2533553,0.1440241,-0.1420607,0.0162892,0.04776782,-0.8897035,-0.3709626,-0.134005,0.4775907,-0.2684385
0.1321576,0.4682388,-0.199804,-0.2871822,-0.6917925,0.3419138,-0.4086907,-0.01472162,0.1466765,-0.02792477
;
0.003722334,0.06778139,0.562837,-0.05706614,0.2996633,0.2309255,-0.01113259,0.4769394,-0.3283113,-0.0008433377
0.1865826,0.0220168,0.02418717,0.3614756,0.1977168,0.2716796,0.03162439,0.39011,0.7549348,1.50466E-05
;
-0.2855582
0.4795233
0.7519904
-0.2938887
0.01374643
0.05528305
0.04537442
0.4332952
0.03245486
0.08333449
;
0.09757961,0.4231476,0.007985764,-0.1059716,0.09449943,0.0004838538,0.3677465,0.2645604,-0.3866985,-0.08870596
0.7018189,-0.4500788,-0.1943825,0.5214848,-0.09141047,0.3627106,-0.03594146,0.1202676,-0.08998626,-0.01721786
-0.07159557,0.2442772,0.003602664,0.1129499,0.4997468,-0.2288296,-0.02064556,-0.1035353,-0.4329666,0.3695611
-0.0971331,-0.1103067,0.03492837,0.09399158,0.00233746,0.2191784,-0.4816884,0.756746,-0.01906847,0.003694747
0.1309866,-0.4578568,0.1110495,1.345057,0.04648884,-0.09000527,0.2461919,-0.2345222,-0.01274026,-0.4204396
0.06796215,0.42212,0.00165269,-0.05360354,-0.2870494,0.007426152,-2.843889E-05,0.03813157,-0.3956743,0.005437644
-0.0002611323,-0.1676444,0.006193408,-0.0001706016,0.1133284,-0.3335365,-0.3263676,-0.3346462,0.133173,-0.01486787
-0.4630009,-0.4445118,-0.2079399,0.001866148,-0.1495501,-0.1131523,-0.6137078,-0.008894593,-0.2587997,0.08267707
0.04655083,-0.1085094,-0.2810513,-0.05243803,0.3040578,0.01435322,0.01602497,-0.1149702,-1.514175,-0.4497098
0.2932892,0.01200786,0.2984239,0.007490901,-0.002978692,0.1988702,0.4424138,-0.1909633,0.06206238,-0.2633264
;
-0.3440993,-0.01719323,0.2292127,0.02891643,0.1598679,0.1694245,-0.1065876,-0.001178197,0.165689,-0.1507134
0.2549534,-0.01705048,0.3500928,-0.1010079,-0.1306584,-0.2469835,0.01795231,-0.4684449,0.4754639,0.04113178
0.2761905,0.06423117,-0.03712723,-9.303762E-05,0.3040199,0.3087412,-0.06745165,0.06324512,0.1753161,0.222021
;
