-0.002194249
-0.9229577
0.2016443
-0.3979325
0.09060283
-0.4085526
0.0886991
0.2639849
0.04677008
-0.7255495
;
-0.7256778,-0.06904477,0.4002659,0.8098556,-0.2362604,0.2610666,-0.05372141,-0.9076477,0.1809887,0.3389336
-0.003917277,-0.5404585,0.2412876,0.4033241,-0.04001151,-0.294482,0.0483745,0.06064423,-0.1812383,-0.02210096
0.04380881,0.4056867,-0.2186864,0.04216057,0.3216389,-0.002221608,-0.2632221,0.02885666,0.2611745,0.05963105
-0.5586715,7.981271E-05,1.036771,0.2697153,3.829205E-05,-0.4617395,-0.003325694,-2.823691E-06,-0.4568591,0.3097009
0.005863837,0.003676138,0.03899322,0.128603,0.2224777,-0.04090009,-0.4617026,0.006531915,-0.4946035,0.391224
0.1663044,0.8207451,0.04417604,0.2083716,0.07164091,-0.102954,0.01141239,-0.01228694,-0.05262289,-0.02479987
-0.1351379,0.2722956,0.03718446,0.00274445,-0.02742353,-0.2629823,-0.02046862,0.2426621,0.7429757,0.6980597
-0.2720637,-0.07707544,-0.153147,-0.07660513,-0.4951795,0.7350057,1.039281,0.3589504,-0.6080817,-0.2234729
-0.04845385,-0.4389158,-0.0001592325,-0.1149667,-0.4098507,-0.3415115,-0.291141,0.4385552,-0.05001003,0.5549358
0.2493454,0.01007316,-0.2667521,-0.3934312,0.03119475,-0.03118547,0.06334167,1.554614E-05,-0.1318175,-0.3556097
;
0.01521627,0.1473666,0.4000032,-0.0221352,-0.1822475,-0.3942783,-0.005457561,-0.2140795,0.08527833,0.3208357
1.563286,-0.01151662,0.002674671,0.04092417,0.2361737,0.8991405,-0.02929801,-0.7350512,-0.001813004,0.007680766
;
-0.1696135
-0.09081608
0.89692
-0.2149913
-0.1517928
-0.3325108
0.3938616
0.2085382
0.04075495
-0.09910699
;
0.06934287,-0.2761382,-0.04653802,0.001776577,-0.09564351,0.3324461,0.3707466,-0.1228682,-0.1335508,0.1067458
-0.2124116,-0.8883096,-0.2132235,0.01165277,-0.1923049,-0.05467282,-0.1776229,0.3139549,-0.0004201863,-0.01121121
0.04989201,-0.2689204,-0.002980333,-0.05178849,0.1599701,-0.0190827,0.1249723,0.002317727,-0.1780034,-0.05902579
0.006106952,-0.02022939,0.1840728,0.08641072,-0.2556891,0.05199236,-0.02834288,-0.4738888,0.04524972,-0.136354
-0.1761992,0.3079946,0.1338966,0.03710684,0.08255343,0.2097342,-0.1685554,-0.2215389,0.06457623,-0.01809295
0.4573851,0.3186686,0.08180767,-0.8364583,-0.02875656,-0.2029825,-0.01801851,0.3395621,0.1148633,0.05467283
0.4640441,-0.2204941,0.3965031,-0.08592683,0.3891028,-0.07013007,0.6945627,-0.1904304,-0.01605461,-0.02619143
0.2620302,0.05796938,-0.003548367,-0.3694495,-0.1303362,-0.2264907,0.4968445,0.001008113,-0.04656108,-0.1432428
0.005873369,0.3930776,0.01602191,-0.01824051,-0.01747866,-0.2348547,0.4804767,0.8168468,0.04436607,-0.3385715
-0.03052627,-0.3169703,-0.1790132,-0.2487174,3.480976E-06,-0.2126932,-0.005139946,-0.6148914,0.04492901,0.004993028
;
0.08830955,-0.04723482,-0.06803769,-0.2733643,0.2469654,0.04355729,-0.009205589,0.005276858,0.1453678,0.1187292
-0.143425,0.09232023,-0.3522553,-0.1040476,-0.009625513,0.07071224,0.2884524,-0.005126297,0.1900442,-0.07461445
0.4798687,-0.0009947573,-0.001854415,0.0989458,-0.01161102,-0.1049824,0.1479738,-0.1019385,0.01036184,-0.7511683
;
