-0.02613687
0.5183982
0.2016443
0.8816653
-0.4217905
-0.002350328
-0.09320468
0.09822291
-0.6805426
-0.5114039
;
-0.04695501,0.3524936,-0.07338501,0.3966669,-0.02677852,-0.07676174,0.3275303,0.7301407,-0.09877175,0.3306352
0.2455158,0.00672301,-0.1826593,0.4582145,-0.04095981,-0.1751095,0.01025903,-0.07512345,-0.07381313,-0.4713255
-0.06211113,-0.09419796,0.4029392,0.381822,-0.2791871,0.02883223,-0.1326652,1.252398,0.4944437,0.08363268
0.2438857,0.001562851,0.03052749,-0.04696376,-0.1187326,0.01258641,-0.002095268,-2.823691E-06,-1.109487,0.2299601
0.2365647,0.008823344,-0.3182963,-0.1567921,0.4793744,-0.01077873,-0.2675226,-0.4236276,-0.3374968,-0.3632929
0.7445319,0.4481623,-0.2699995,-0.4238192,-0.06683248,1.134211,0.06074029,-0.04560556,1.051428E-05,0.03265053
-0.003402788,0.04077461,-0.4188245,0.5069868,-0.06629325,0.1000428,0.03790734,-0.2657098,0.5776535,0.3006434
-0.2566147,-0.1771978,-0.4311669,-1.243609,0.07454805,-0.05311531,0.08837744,0.2307191,0.1648551,0.5044909
-2.090863E-05,0.2230049,0.0001637034,0.4327414,0.01158497,-0.1158442,0.02081635,0.1496813,-0.2718017,0.4817653
0.0283298,-0.008815541,-0.4996799,-0.1709622,0.3512596,0.6843755,0.1220319,0.04222388,0.1317096,-0.1973009
;
-0.003934801,-0.2141888,-0.3459016,0.8271955,0.2409005,0.05422741,-0.2786101,0.0005792513,0.423511,0.1617272
0.8045372,0.0132778,-0.1969797,-0.07189959,1.080948,-0.5185877,-0.2526242,0.4347574,-0.06464286,-0.3087212
;
0.02229504
-0.4060521
0.4510833
0.1055086
-0.09395809
-0.1808905
-0.1746982
0.08132751
-0.001114959
0.02504016
;
0.1328282,-0.10362,0.2256437,0.001823303,-0.05761939,-0.053154,0.05130702,-0.3232684,-0.693015,0.4594073
-0.05453795,1.359609,-0.03242344,-0.06713168,0.1111999,0.1135702,0.2535746,-0.2704483,0.008898987,-0.006890483
-0.3027572,0.04664709,-0.009374586,0.1471611,-0.08065537,0.009059204,0.05304059,-0.02409106,-0.2229696,-0.0609702
-0.002227265,-0.06241995,0.007176382,-0.1953174,0.3149036,0.249197,0.0615775,0.08911543,0.06203697,0.04262853
-1.189721,-0.2271535,-0.4398967,-1.098381,0.02587861,0.01201661,-0.003085933,-0.1404977,-0.2518904,0.01809295
-0.1265455,-0.02998397,-0.2387257,-0.1314238,-0.1335153,-0.2029825,0.04255766,-0.003290409,-0.1620401,0.7733305
-0.3251233,-0.02417257,-0.0005793577,1.260664,0.2538553,-0.07269603,0.1814067,-0.4801211,0.03450947,-0.3353374
0.07158325,0.3119242,0.005492151,0.06606103,0.4030961,-0.3634295,0.7016516,0.2334896,0.02220851,-0.4111554
-0.1439816,-0.03444903,-0.08686322,1.12014,-0.1751092,0.3858018,-0.3768724,0.8168468,-0.05190699,-0.26009
0.1870769,-0.4148208,0.4206735,-0.6565723,2.497543E-06,0.3537469,-0.003363626,-0.2121622,-0.07124358,-0.006944114
;
-0.1714911,-0.216044,-0.7584081,-0.003141885,0.4458275,-0.0847767,0.05808419,0.05458581,-0.4106386,0.0089714
0.3207352,-0.02788609,-0.3522553,0.03994333,-0.005514992,-0.06368977,0.1666922,-0.3988955,-0.7212662,0.07461445
0.4770287,0.148327,0.2758819,0.0989458,-0.3051805,-0.210733,0.6422331,-0.1465768,-0.3535229,0.001865022
;
