-0.03278859
0.5482842
0.2016443
-1.119154
0.4607101
-0.002350328
0.2495171
0.2140303
-0.2528715
-0.5651718
;
-0.2998587,0.490896,-0.07338501,0.5685927,-0.2362604,0.1808012,-0.1288978,-0.745944,0.09877175,0.3271936
0.003617164,-0.3291841,-0.1826593,0.4582145,-0.03349949,-0.1044804,0.093456,0.08721747,-0.1388736,0.04904932
-0.1074351,-0.09419796,0.2779956,0.381822,-0.1839645,0.00167518,-0.3565657,-0.9343894,-0.2427442,0.08363268
-0.2438857,0.001562851,-0.03052749,-0.04696376,-0.002789069,0.01584879,-0.01918212,-2.823691E-06,-0.4568591,0.2965057
-0.08163067,0.001897654,-0.3182963,0.2523029,0.7079861,-0.03121611,-0.2731943,-0.005315483,0.143575,-0.3632929
0.1663044,0.822404,0.1308502,0.2183803,-0.04108891,2.771825,0.06074029,0.04035643,1.802223E-05,0.04632729
0.2021402,-0.03416683,-0.4188245,-0.2541145,-0.01811107,-0.4652839,-0.01205215,0.02267486,0.6364549,0.3724239
-0.2566147,-0.1771978,0.3742083,1.243609,0.0178859,0.04562098,0.4072275,0.3589504,-0.6302221,0.2234729
2.090863E-05,0.1014327,0.0001592325,0.5271402,-0.005150198,-0.02962989,0.0005227625,0.0128397,0.05001003,0.2984788
-0.001120148,-0.008815541,-0.2667521,0.4260267,0.3512596,-0.6843755,-0.05562375,-0.401922,-0.07812429,0.1973009
;
0.02963585,-0.1609282,-0.3459016,-0.3614159,0.4311806,-0.05422741,-0.6340275,0.3256634,0.4267761,0.3208357
1.563286,0.0132778,0.08591726,0.0936774,0.2242586,-0.5185877,0.3608268,0.001064656,-0.00465277,-0.007680766
;
-0.02229504
-0.5745679
0.4510833
0.1678285
-0.09395809
-0.1808905
-0.1746982
0.08132751
0.001114959
0.02504016
;
-0.3275931,-0.10362,0.1492393,0.03061344,-0.05761939,-0.02297987,0.3707466,-0.3232684,-0.693015,0.2318206
0.05453795,1.359609,-0.03242344,0.06713168,-0.03143337,0.1135702,0.4799305,-0.2704483,0.00262119,-0.01121121
-0.3756551,0.2689204,-0.009374586,0.1471611,0.08065537,0.01705195,-0.05304059,-0.02409106,-0.2229696,-0.0609702
0.3336871,-0.1128775,0.007176382,-0.1953174,0.3149036,0.249197,0.1196849,-0.414976,0.06203697,-0.07302126
1.189721,-0.2271535,-0.05189455,-0.06740567,0.04518606,0.01201661,-0.1140153,-0.1404977,-0.2518904,0.02368014
-0.1265455,-0.05728837,0.2387257,-0.06877093,0.03122998,-0.2029825,0.04255766,-0.006582844,-0.1148633,0.7733305
0.01314384,-0.3320349,-0.08882838,1.260664,-0.3066542,0.07013007,0.3284044,-0.3272013,0.03450947,0.1235447
0.02792524,0.3119242,0.005492151,0.06606103,-0.4030961,-0.3634295,0.7016516,-0.2334896,0.0966081,-0.7351926
-0.02543901,-0.03444903,-0.08686322,0.686166,-0.001514893,0.3858018,-0.3768724,0.8168468,-0.05811874,-0.26009
0.1870769,-0.4148208,0.1790132,-0.6565723,-2.497543E-06,0.1673974,-0.003363626,-0.3669252,-0.07124358,-0.004993028
;
0.594583,-0.05255268,-0.7584081,0.003141885,0.2469654,-0.07542671,0.06268723,0.05458581,0.4106386,0.0089714
-0.4979264,-0.02788609,-0.3522553,0.03994333,-0.005514992,-0.06368977,0.1666922,-0.08023924,-0.7212662,0.07461445
0.2720853,0.148327,0.305547,0.0989458,0.085298,-0.2835376,-0.6422331,-0.1465768,0.01089626,0.001865022
;
