-0.03278859
-1.089642
0.2016443
0.5389946
0.2466901
-0.4085526
0.1954549
0.1932992
0.03262569
-0.7255495
;
-0.7256778,0.06904477,0.06420558,0.8098556,0.3141186,0.2576596,0.05372141,-0.745944,0.1809887,0.4475116
0.003617164,-0.5404585,0.2412876,0.4033241,-0.0757619,-0.1044804,0.0483745,0.1462106,-0.1812383,0.02210096
0.04380881,-0.1974149,-0.2186864,0.05654171,0.3216389,0.001755327,-0.4832613,0.02885666,0.06408999,-0.03968712
-0.3969959,0.001562851,0.2610584,0.2697153,0.04129797,-0.4617395,-0.04535204,-2.823691E-06,0.4568591,-0.3097009
-0.03106374,0.003676138,0.4270521,0.128603,-0.1734989,-0.04090009,-0.2731943,0.006531915,0.4946035,-0.4193096
-0.1663044,0.1336566,0.1308502,0.2083716,-0.002083245,-0.09474951,-0.03371276,0.04035643,-0.03333229,0.02479987
-0.1351379,0.2722956,0.03194721,0.02666964,-0.02742353,-0.2629823,0.01205215,-0.2692558,-0.7429757,0.3724239
-0.2720637,-0.04148785,0.153147,-0.07660513,-0.4951795,0.5215108,1.039281,0.3589504,0.6302221,-0.2234729
-0.03095847,-0.4389158,-0.0001592325,-0.1149667,-0.1203036,-0.3415115,-0.09932464,0.0128397,-0.05001003,0.375793
-0.001036138,-0.01007316,-0.2667521,-0.3934312,0.4147273,0.1182412,0.06334167,5.284867E-05,-0.07812429,-0.3556097
;
0.01521627,0.1435305,0.4000032,-0.0221352,-0.5149366,-0.3828152,-0.005457561,-0.2140795,0.2422135,-0.3208357
1.563286,-0.0132778,-0.002674671,0.04092417,0.2361737,0.09768838,-0.02929801,-0.3876947,0.001813004,-0.007680766
;
0.003148903
0.7463856
0.124812
0.05249689
-0.003287697
-0.3325108
-0.2994808
0.1269402
-0.003371551
0.04177766
;
0.08721917,0.4260138,-0.2566032,0.1499226,0.1053964,-0.06284889,0.3707466,-0.4485453,0.4325217,0.09086465
-0.2124116,0.8883096,0.06297749,-0.2287773,-0.2224328,0.06141299,0.2805747,0.2704483,-0.0004201863,0.005803202
0.04989201,-0.422155,-0.002980333,0.2377366,0.07519764,-0.008493476,0.06289887,-0.4383084,-0.1063706,-0.04033536
0.3397565,-0.1172927,0.0823855,-0.011427,-0.004961953,-0.06791155,0.2470135,0.8841539,-0.07563667,-0.136354
1.936571,0.02888918,0.1022069,-0.129159,0.01903429,0.01295922,-0.1685554,0.180784,-0.002413054,-0.1660302
0.2119435,-0.2309857,0.4831101,-0.184314,0.4547372,0.1229283,-0.03140241,0.009536009,-0.1148633,0.4727416
-0.1709339,-0.06501971,-0.3002623,-0.09852301,-0.01302957,-0.2002774,0.6945627,-0.3739606,0.2585472,-0.1274756
0.2620302,0.06353482,0.003730534,-0.4445887,-0.4030961,0.4449862,-0.1250695,-0.1219732,0.06989031,0.4057227
0.2580806,0.1657905,0.03650116,0.4456328,0.1811336,-0.1177151,-0.1031098,0.8168468,-0.0636017,-0.4025302
-0.4318596,-0.4148208,0.1790132,0.3501747,3.480976E-06,-0.4794078,0.005633,0.7560194,0.3356185,0.003133249
;
-0.01573445,-0.1093081,0.5415307,0.2681096,-0.2469654,-0.3127358,-0.009205589,0.02425408,-0.2483196,-0.1739961
-0.1160674,-0.01596671,-0.2794135,-0.002833178,-0.008305354,0.06598169,-0.01508051,0.2884876,-0.1900442,0.06941407
-0.2089743,0.1082425,0.6216267,0.0989458,-0.1204055,-0.5450163,-0.1206284,-0.02568395,-0.04364318,-0.0229
;
