-0.2219035
0.05034584
-0.0837141
-0.4855996
0.4723047
-0.1286373
0.4560946
0.2959985
0.3446774
0.1592886
;
-0.2459465,-0.4394888,0.196599,0.01602,-0.08905393,0.1640591,0.4450126,0.4043015,0.2707806,-0.1139221
0.03602463,0.4812562,0.3936437,0.1873714,-0.1298125,0.005655706,-0.1485552,0.1000296,-0.469111,0.1982338
-0.1268085,0.2352943,-0.2173048,0.2304848,-0.4555269,-0.2156785,0.4712518,-0.1004366,-0.04844195,-0.03079051
-0.4027208,-0.07452542,-0.3218135,-0.4655355,-0.4749284,0.3971393,-0.4728361,-0.2505388,0.1095302,-0.3886925
0.193956,-0.4527218,-0.2281139,-0.09516498,-0.2430812,0.2667713,0.2571765,0.2888871,-0.03855437,-0.21841
-0.3512034,0.3307128,-0.3886691,-0.4992964,-0.4297307,-0.4635764,-0.1186314,-0.09694582,0.4270762,-0.2071646
-0.3555597,-0.05615133,-0.135735,0.2510411,-0.3241454,0.1612638,-0.4899031,0.07735091,0.1079332,0.1356184
-0.04997379,0.4408263,-0.1358796,0.09965509,-0.1009666,-0.413113,0.4025259,0.05782801,0.3821243,0.4720976
-0.3236195,-0.01499552,0.6370751,-0.08243078,-0.4769,-0.1435944,0.3246174,-0.3629781,0.365695,0.05184823
0.4018698,-0.2948055,-0.2878146,0.192103,-0.3268806,0.1444895,0.1421853,-0.3913194,-0.1467624,-0.3054359
;
-0.3313011,0.1934365,-0.09568673,0.15433,-0.3161094,0.1769919,-0.362506,0.446926,0.22066,0.09950608
-0.211963,-0.001646459,-0.465212,-0.0008146167,-0.4168934,0.2845838,-0.1213891,-0.2035198,0.4895332,0.09554356
;
0.0007427959
-0.4413929
0.008404872
0.3808359
-0.40729
0.2197387
0.2932525
0.01853637
0.2761115
-0.282116
;
-0.02393772,0.1221459,-0.04929378,0.1626565,0.3383637,0.03490537,-0.1089512,-0.161929,-0.3498471,0.006226179
-0.2925746,-0.302974,0.8478329,-0.9405864,-0.02306096,0.01438634,0.2051529,0.06662241,0.4503678,0.1715574
-0.3163904,0.2778025,-0.4684694,0.2564518,0.003129241,0.3534476,-0.0788298,-1.948716,0.4389458,0.1837708
-0.3760425,0.1541134,0.01850155,0.3142323,-0.02190667,-0.0289441,0.04878817,-0.2049603,0.1206249,-0.01021047
-0.3805201,0.01162756,-0.1096461,-0.3639629,-0.02658259,0.03293544,-0.336002,0.4641129,-0.3062702,-0.4414293
-0.4225149,-0.4956061,-0.1911629,0.09513897,-0.0006022236,0.2403433,0.1485996,0.007915275,-0.2018695,0.3819681
-0.5295638,0.2250898,0.3536131,-0.08315551,-0.2444657,-0.1178499,0.01068998,0.9026335,0.1738477,0.2546891
-0.1737089,-0.1223066,-0.5388002,0.352033,4.754299,0.1914446,-0.02822837,0.01764233,0.1374654,-0.637416
0.1445475,0.3331234,0.7267106,0.02049123,-0.01268833,-0.05679401,0.1616827,-0.05502786,-0.4559445,0.5072939
0.1925123,0.08320731,0.6645339,-0.2401682,0.103029,0.3711362,-2.581812E-05,0.3303998,0.3737366,-0.006157327
;
-0.1776148,0.151809,-0.2442992,-0.276699,0.08856366,0.2638456,0.02751033,0.01003347,0.05315718,0.4668532
0.05126687,-0.2970423,0.03497166,-0.3798905,0.265208,0.08505803,-0.5662153,0.03610283,-0.212028,0.1576794
;
0.2855482
0.3943229
0.3462624
0.005485642
0.196458
-0.1830905
0.4108183
-0.2699187
-0.6731198
0.3730187
;
-0.4897238,0.08132064,-0.3531058,-0.09207942,-0.1970132,-0.1982442,-0.4644077,0.01442024,0.002401726,-0.1559994
-0.03762919,-0.4172821,-0.3437411,-0.2020867,-0.02779871,0.005404041,0.3685818,-0.3538862,0.09264599,-0.01509654
-0.4808694,-0.04137112,-0.03152603,0.06073227,0.06631466,-0.5983362,-3.445229E-07,-0.1422613,-0.2987595,0.2447107
-0.2605937,-0.1097452,-0.4214464,0.2809927,-0.2262783,0.001369991,-0.013529,-0.5087816,0.03814802,0.06961364
0.04114554,0.205909,0.3857718,-0.008425772,0.5495452,0.03242264,-0.0001642052,-0.004265023,-0.2811691,0.002965879
0.0402342,-0.1192201,-0.01918608,-0.1115676,0.1232554,-0.03333608,-0.147225,0.1412724,-0.06990242,0.1584079
0.6001874,-0.468877,-0.00128712,-0.1302985,1.338007E-05,0.08917617,-0.8111785,0.3102843,-0.001104336,0.4630417
-0.2360842,0.2558972,-0.001666963,-0.02106743,-0.06386203,0.2672063,0.1058392,-0.05921811,0.001391285,-0.04748313
0.01320138,0.01192314,0.00022197,-0.5586273,0.06446056,0.1656812,0.05866582,0.1866553,0.3209294,-0.4076842
0.2442086,0.01588732,0.06061572,0.09117704,-0.6364282,0.06331941,0.1829369,-0.3851291,0.1040446,0.8287493
;
-0.3820443,-0.1050838,-0.02447431,0.005916803,0.1170698,-0.3043672,0.1173242,-0.01740418,-0.2903939,0.005293176
-6.707169E-07,0.259145,-0.1188084,-0.0966767,0.08694881,-0.1667239,0.4688826,-0.1164289,-0.2936365,-0.1800024
;
-0.003493831
0.3351265
-0.2150361
0.00136963
0.06851218
0.3215331
0.4313889
-0.06330627
0.002882723
-0.3311075
;
-0.08569449,-0.44067,0.08641022,-0.2594742,-0.4837164,-0.03443104,-0.02537795,0.01119362,-0.472182,-0.2656332
0.3233387,-0.2139387,-0.004692455,-0.003871824,-0.02475345,-0.06457128,0.1482638,-0.4969767,-0.3422658,-0.04085812
-0.3614043,0.01494721,0.6492354,-0.05270678,-0.4234738,-0.03249482,-0.121606,-0.2931849,0.1375856,-0.4504787
-0.1910393,0.1471281,0.542235,-0.07740524,-0.0004477504,-0.02321742,0.1823252,-0.02567057,0.0199675,-0.1877746
-0.003621946,-1.340483,0.07715113,-0.03306299,-0.07668944,-0.3445143,-0.0130318,0.4292028,-0.2168468,-0.1486269
0.2622837,-0.1367195,0.2077923,-0.2881931,0.4377024,0.2119242,-0.305647,-0.2694843,0.480669,0.4752903
-0.06556784,-0.05578677,-0.06747323,-0.01581893,-0.6570521,0.1398715,0.007397115,0.405582,0.6314698,0.5386627
-0.0703873,0.371111,0.1861219,-0.3666407,0.2278031,0.4665283,-0.276104,0.00849937,0.1382884,-0.7072427
-0.07640025,-0.1171236,0.002190393,0.01111634,-0.01660365,-0.001586939,0.1875883,-0.1262393,-0.06216449,-0.003404089
0.06516892,0.259134,0.06506027,0.3402311,0.2702457,-0.03251449,0.3505591,0.1750138,-0.4664669,0.005687541
;
-0.5766302,-0.1235427,-0.4813408,-0.1180876,0.2737343,0.1151913,0.5893151,-0.1951497,-0.003400404,-0.1389718
-0.2236492,0.006603137,0.4686429,-0.1003516,0.5228907,-0.4355668,-0.01944684,-0.04108888,0.04829484,0.007869511
0.4967039,0.1291125,-0.08695556,0.1064948,-0.2064427,-0.09951064,0.3857116,-0.1286125,-0.3413125,0.4325818
;
0.06222028
0.2285819
-0.04370397
-0.08252567
0.01121563
0.003565119
-0.1052579
-0.06710809
-0.3135774
-0.06067497
-0.1608197
-0.3228893
0.4407619
-0.4793591
0.1861918
0.009551139
-0.1677085
-0.1819981
0.04260439
-0.07640763
0.2924876
0.1099025
0.3962187
0.223561
0.02843222
-0.3372146
-0.127748
-0.2025042
0.06519838
-0.9779321
;
0.09544277,0.02629316,-0.402375,0.4908522,-0.02673033,0.5051389,0.01135583,0.4923908,0.1748033,0.3048087,0.1470926,-0.4337075,0.2854539,0.01752183,-0.5801913,0.05484459,-0.3902856,0.2662802,-0.2513297,-0.4561594,-0.08211972,-0.007431522,-1.019151,0.00419986,1.460483,0.06129584,0.06904203,-0.497052,-0.2808353,-0.4153177
0.1226708,-0.2020034,0.772119,0.2266442,-0.3758196,-0.3088751,-0.2056041,-0.3872905,0.1389379,0.424435,0.02810464,-0.2399443,0.1997949,0.7148533,0.3924285,0.1479521,0.286759,0.1344887,0.0163975,0.1715921,-0.05212172,-0.02698791,0.3404557,-0.08525556,0.4607038,-0.09039786,0.05839683,-0.07289165,0.02243885,-0.03195546
-0.3107476,-0.1682068,0.5617103,-0.09579895,-0.05497221,0.4915048,0.3142369,0.2115348,-0.4715297,-0.1922671,-0.5300869,-0.4100169,-5.30727E-05,0.3499215,-0.730122,-0.4415532,-0.3884356,-0.07336655,-0.3495256,-0.7341537,-0.003608525,0.415095,0.05577073,-0.4741237,-0.08492652,-0.4428928,-0.3539495,-0.4006435,0.3784637,-0.001787186
0.04067473,-0.006232639,-0.005390964,-0.07569123,-0.01510719,0.6172125,-0.090992,-0.2007168,0.2184822,0.001298471,0.4362919,-0.3061507,-0.3157132,0.01059171,-0.005999705,0.3219572,0.02083679,0.1208021,0.1959829,0.4002014,0.8646041,-0.06942831,0.4446263,-0.2863847,0.9984608,-0.1330766,-0.4526241,0.1224887,-0.2328201,0.4577053
-0.5030048,-0.4619662,0.01809038,-0.4343331,0.2471477,-0.3865622,0.2963418,0.2434261,-3.841672,0.3533682,0.2325389,0.02528816,0.1357305,-0.1457263,-0.05459625,0.05491218,-0.1074683,0.08910362,0.3073453,-0.4974855,-0.4415016,-0.9046456,-0.3748395,0.2887795,0.1972663,0.05837938,0.01062481,-0.04097332,0.4301877,-0.01667332
-0.09010922,0.005965574,-0.1316369,0.3068418,-0.01523244,0.09817477,0.02091282,0.2988844,0.1081626,0.05157596,-0.6362342,-0.5095319,-0.09265257,0.02263635,0.4950156,-0.02584711,0.04242245,0.05556267,-0.2221703,-0.4345707,0.02258441,0.4163158,0.4517729,-0.2090526,-0.003572604,-0.1189149,-0.03417064,-0.1654132,-0.2651118,0.05105559
-0.002232772,-0.701447,-0.3460263,-0.1559194,0.3274291,0.8726985,0.1712207,-0.04405978,0.2277789,-0.3912956,0.3612982,-0.2548524,0.678615,-0.1257526,0.2435907,-0.1280286,0.3218561,0.09650522,0.1476346,-0.2806323,0.02274664,-0.0433286,-0.07539517,-0.8782787,0.42105,0.02705742,0.1496996,-0.00564152,0.1156798,-0.2879857
-0.1510159,-0.004285126,-0.1226651,0.1285188,0.365021,-0.1208625,0.2689216,-0.4328485,0.008079685,0.1244381,0.06647609,0.1575627,-0.1471533,-0.006573683,-0.9654445,0.4308546,-0.2351149,-0.2473065,0.7585974,-0.002633686,-0.0117902,-0.07267326,0.08214171,0.03041869,-0.002844553,-0.002070721,-0.06017891,-0.04801936,0.1998943,-0.02649547
-0.1692581,0.06679162,0.05530477,0.0004282358,0.003476259,-0.1973133,-0.02193483,0.4406705,0.2343426,-0.1312886,-0.4105938,0.7285225,-0.2624501,-0.2485902,0.02700253,-0.399307,0.006731648,0.4725715,-0.04061138,-0.1121174,0.8707029,0.00221153,-0.02951425,0.08283775,0.5242313,0.03768943,0.4685526,0.005735445,0.4522811,0.2553715
0.04168628,-0.2816004,-0.2391902,-0.5061209,-0.7249316,-0.2899964,-0.1103759,0.09743196,0.2610108,-0.02848142,0.1078807,0.08725598,-0.3704035,0.3826718,-0.3529393,-0.4524494,0.06702513,-0.09237629,-0.07765009,0.3208847,-0.00703019,0.4373946,-0.4815627,0.2126292,0.04285691,0.2459485,-0.004667244,0.5572588,-2.489213,-0.1383129
-0.02041,-0.660198,-0.1900935,-0.1541341,0.1262306,-0.9339969,0.009075419,0.1955465,-0.006972332,0.02954429,0.2760448,0.2240611,-0.1247882,0.07738875,-0.3910599,0.006011474,0.2770072,0.03927883,0.313898,0.0049998,0.3139066,-0.5252553,0.4458498,0.01166899,0.117753,0.02402988,-0.0751445,0.09904385,-0.08276439,-0.001237871
0.4991669,0.08892389,0.3793256,0.1674998,0.1612167,-0.002448607,-0.6554705,0.02825492,0.2714587,0.06746914,-0.3220472,0.06645875,0.008991539,-0.01487465,-0.09390491,0.05953836,-0.1041438,-0.2260763,0.9956775,0.2726272,-0.1958029,0.3266466,0.00307175,0.1508477,0.277043,0.4566988,-0.1757896,-0.1936513,-0.324591,0.03065725
0.1660828,-0.00532037,0.464486,-0.04667018,0.247172,-0.2276009,-0.005053561,-0.2012053,0.1667722,-0.3599921,0.0004610636,0.0127469,-0.1622483,4.932271E-05,0.4055912,-0.02136189,-0.0561977,0.1186334,0.313794,0.4615965,-0.452547,-0.07193656,0.168582,0.3431481,0.001987902,-0.0006748938,0.5522236,0.3815596,-0.4456018,-0.2016873
0.1446075,0.1447081,0.1502019,-0.03549408,0.07949664,-0.2016408,-0.05038732,-0.7326007,-0.4149385,-0.3271019,0.009652915,0.0715303,0.007738564,0.9546628,0.04092606,0.02566533,-0.5891559,0.3792384,0.2330447,-0.02972712,-0.004829069,-0.1359435,-0.2423452,0.3914653,-0.1249847,-0.1159715,0.05256575,0.4825277,-0.2420532,0.04815501
0.1211668,0.03134814,0.7840192,-0.06843822,0.06510307,-0.01477578,0.05326074,0.2775323,0.3724754,-0.211805,-0.1161201,0.4741935,0.08461732,0.1680144,0.1622055,0.1030155,0.7179756,-0.006575787,0.339143,0.3159547,0.002008869,0.05027765,0.03505748,0.008866092,-1.102892,-0.2432761,-0.04985255,0.02754974,-0.1306197,0.1377514
-0.06995161,1.377078E-05,0.01888692,-0.1110077,0.1180742,0.4112119,0.007987537,-0.06422419,-0.04014686,0.2719752,-0.02897432,0.3927311,0.03995902,0.0001141838,-0.09549652,-0.004055339,-0.02097622,0.06362051,-0.4912055,-0.005548894,0.03796822,0.005013049,0.07268637,0.09257585,-1.776668,1.614617,8.150329E-07,-0.01035297,0.08400638,0.05534917
-0.1633999,-0.6046927,-0.4710362,0.149361,0.06056422,0.07703114,-0.4887441,-0.03854633,-0.1061305,0.00422515,-0.04847572,0.003536645,0.0002706184,-0.9942369,0.1703953,0.5810136,-0.36262,0.1024101,-0.07939869,0.2352584,0.0004714409,-0.5345952,-0.3067337,0.114785,-0.2729083,-0.4967149,0.1468698,-0.429655,-0.514071,-0.07131805
-0.05085651,-1.380282E-06,-0.08638227,-0.5112683,-0.5123728,-0.08366474,0.008550739,-0.212606,0.0205442,-0.1344514,0.3221508,-0.3793684,-0.002453524,0.04369849,-0.2536165,0.01267903,-0.1074037,-0.03291799,-0.3280022,-0.09730435,0.001838487,0.0009257256,-0.08093646,0.3739604,-0.491698,4.558852,-0.4391454,-0.0003138129,-0.04330813,-0.07268876
-0.2961808,0.4098419,-0.1160936,0.4713609,0.302812,0.7271956,0.8563093,-0.002766094,0.3577535,0.5752914,-0.05905176,0.4041193,-0.1649572,-0.005157009,-0.5083392,0.3596375,0.3314474,0.006927508,0.01879905,0.8645055,0.1959115,-0.0004346865,-0.3727732,-0.09502771,-0.06576794,0.4247262,0.02677885,0.3534046,-0.2469429,0.1727662
0.06399471,-0.8787662,0.9348118,-0.2003028,-1.495016,-0.358474,-0.03524872,-0.2146169,-0.4329394,0.09379655,-0.1633626,-0.4683797,-0.1887334,0.02143611,-0.008724024,-0.8201442,-0.4096755,-0.1246788,0.4165598,0.0002777656,0.1921166,0.1977324,-0.06414054,-0.3230351,0.3836368,0.1023931,0.3526365,-0.03613235,0.1720659,0.1340173
0.3481004,0.2247703,0.01079783,-0.1239623,-0.05430928,0.8430075,0.1418122,0.0584831,-0.4143722,-0.1333162,0.2610479,-0.04331005,0.4803785,-0.1262624,-0.7574119,0.08588576,-0.1439359,-0.3465872,0.04638128,0.0178762,0.4117349,-0.4054493,-0.3467421,-0.03928115,-0.03981113,0.06852376,0.004490684,0.4166859,0.341592,0.4390845
-0.02881351,0.164618,0.1451968,-0.3686796,-0.01515311,-0.1174637,-0.9572509,0.01475284,-0.2375782,-0.8761092,-0.06433719,-0.02870563,0.006855618,-0.004808724,0.04579783,-0.00158418,-0.4162198,-0.1621962,0.3051699,-0.8167731,0.2182474,-0.004882038,-0.03408557,0.2186407,-0.01007198,-0.1002113,0.07012115,0.2058852,0.04725042,0.4020554
-0.03887233,-0.2983522,0.04545715,-0.01705117,-0.2317378,0.0970166,-0.4445546,-0.103142,0.03888796,0.08945996,0.003484572,0.5527843,1.590368,0.01960443,-0.1023674,-0.1627861,0.2148766,-0.2914505,0.3233026,0.1168986,-0.005263507,0.2628942,-0.3099492,-0.0557904,0.01729826,0.4569317,0.3599156,0.2560647,0.0003209687,0.03702635
-0.03913768,0.1380118,0.3139821,-0.4765941,-0.1613243,-0.1350121,-0.2096321,0.02283127,-0.09442583,-0.3007174,-0.05472189,-0.4048406,0.006688129,-0.2550768,0.05857864,-0.05139142,0.3420386,-0.0001098432,-0.2440439,0.04759718,-0.1172155,-0.4016303,0.2572567,-0.02053851,0.1777025,0.4913187,0.06082501,-0.2137759,0.07775087,0.3295553
-0.4372282,0.01709749,0.4023315,0.195786,2.713384E-05,0.488332,0.2619697,-0.0004159156,0.0005813241,0.7114614,0.008480525,0.1229536,0.08543921,-0.0003936647,0.1530631,0.172705,-0.09315488,0.1076548,0.2605298,0.1148139,-0.2263548,0.1592405,-0.466836,-0.1207452,-0.3393287,0.9024826,0.02569366,-0.02346477,0.008529455,-0.1267133
0.2016312,-0.007910356,0.1794987,-0.153647,0.01033964,-0.3091573,-0.1131967,-0.09048229,-0.2909912,0.3858705,-0.3260671,-0.2634691,-0.1449128,0.4110709,-0.001157701,-0.2981368,3.452617,0.3705501,0.007670976,-0.4724144,0.006362082,0.02632222,-0.3560436,-0.4284326,0.08637315,0.318826,-0.3620285,0.00302216,-0.002195851,-0.6970525
-0.4292775,0.05173498,0.1150362,-0.9704618,-0.1340293,-0.3064649,0.3861617,0.001120101,-0.2698339,-0.4049851,0.1750502,0.3342707,0.2118139,-0.04473081,0.2785757,-0.06614572,0.2398085,0.2111048,0.2933189,-0.4346398,-0.07890838,0.2617287,0.1534466,0.470425,-0.08029789,-0.3992001,-0.2374243,0.2381915,0.2516334,-0.01110591
0.2614856,0.3228757,1.10289,-0.1701316,0.2754855,0.2357079,-0.2582556,0.2106507,0.3317354,-0.0187989,-0.05600133,-0.4958768,0.4931355,-0.4709461,0.03750306,0.004360795,0.5598277,0.001394224,0.3687607,0.01035178,-0.01746818,-0.370212,0.4357187,0.9907209,-0.1302838,-0.06398484,0.8406063,0.08807016,0.4278535,-0.003362973
-0.01270467,0.006139099,0.1550784,0.3560554,0.3111826,0.1698601,0.116075,-0.220146,-0.04986865,0.01748586,0.3868393,0.4588293,-0.2827535,0.3675165,0.2605941,-0.3854498,-0.246868,0.08486774,-0.1167368,0.003431823,-0.01688945,0.6512182,-0.006836398,0.03146935,-0.3644155,0.003344118,-0.3643926,0.03532503,0.09725701,-0.004109784
0.4599327,-0.001009524,-0.008285103,-0.7414578,-0.01362592,-0.019134,-0.4405125,0.05611575,-0.1251916,0.06340946,-0.01060095,-0.5012474,0.9219635,-0.1422326,-0.2244131,-0.01259201,-0.02114326,0.208573,-0.009250778,-0.005770934,0.4606864,-0.1783649,-0.2361966,-0.49074,-0.02354737,-0.00975647,-0.04242801,-0.008759069,0.5963563,0.3339171
;
-0.5920615,0.03957432,-0.4574533,0.3609335,-0.05998174,0.02346667,-1.458607,-0.003122151,-0.4627186,0.3691353,-0.1015057,-0.01662356,0.004574025,-0.3220414,-0.6608129,-0.0176515,0.03174561,-0.1085214,-0.01410419,0.05189568,-0.08644329,0.370684,0.4739347,0.0001149058,-0.1044009,-0.05301628,-0.04450875,0.4747834,0.2048487,-0.03400418
0.06655142,-0.02305106,-0.4916744,0.1709253,0.1984417,0.1996897,0.1496268,0.01866614,0.7538328,-0.09869476,0.03185946,0.0446602,-0.001235256,0.4654497,0.02497894,0.2642351,-0.2465668,-0.1860587,-0.5020138,0.3930072,-0.3760469,-0.1336222,-0.2595117,-0.04023311,-0.1612086,-0.00447287,-0.01072929,-0.2396424,-0.1182566,0.4381342
-0.02387155,0.3108968,-0.2820972,-0.2161866,-0.281837,0.04024684,0.1031518,-0.1842116,-0.2128492,0.2949039,-0.1049862,-0.001387739,0.2488248,0.5960378,-0.0077914,0.4499536,0.005800485,-0.05368561,-0.06043093,0.1601324,-0.2409636,-0.00748632,-0.3980316,-0.02236675,-0.04150695,-0.008891153,0.412401,-0.453216,0.04523331,0.340161
;
0.4795387
-0.0815323
-0.236771
-0.03273672
0.1540936
0.5466768
0.03231345
0.1956525
-0.364517
0.07701749
0.02560812
-0.6815236
-0.3062145
-0.07328707
-0.1299954
-0.0488997
-0.08087247
-0.7097995
-0.1313215
0.3192981
0.2985827
0.2703623
0.00877168
-0.00216112
0.02572792
-0.2978157
0.4898526
-0.005862097
0.2373415
0.7057829
;
0.04316165,-0.3675481,0.3068479,-0.0002490022,0.1341138,0.03679746,-0.9465703,-2.855509,-0.9351249,0.08519096,0.01049318,-0.01352995,-0.6934995,-0.261299,-0.4265324,0.3359292,0.01644737,-0.1193478,0.2709756,-0.0572304,0.2114817,-0.3079346,-0.175287,-0.1059722,-0.09544817,-0.08950201,-0.3288744,0.2064819,0.08392143,0.02331754
-0.4951739,0.03935245,0.08304423,0.04235132,-0.4763986,-0.2205101,-0.03313833,0.03845703,-0.418081,-0.1751296,0.06537101,-0.2638453,0.683828,-0.0341745,-0.001906496,-0.04543096,-0.07457602,1.177198,0.009356439,0.1725111,0.2030969,0.1710514,-0.06816822,-0.6160158,0.454769,-0.1573706,-0.1314052,0.1263242,-0.04813462,0.005820292
0.3893608,-0.5932739,0.02191368,0.06615765,-0.04536833,-0.087102,0.3077886,0.2132898,-0.3531692,-0.0924297,0.0001174132,-0.01707274,-0.2570995,0.8847957,0.2662359,0.02579014,-0.2942365,-0.001276357,-0.8468317,-0.1163089,-0.4864712,0.0004127535,-0.1653263,-0.005545341,0.2622184,0.1238594,0.1821184,-0.4865632,-0.01385061,1.666437
0.2293151,0.1711561,0.06425511,0.2544172,-0.0116021,0.002371725,-0.4500551,0.5631845,-0.4136382,-0.3321329,-0.4069526,0.01507294,-0.1332258,-0.2769822,0.003114395,0.01360514,-0.4731679,0.1066823,0.08286148,0.3326781,-0.7222149,0.04508394,0.3224268,-0.1061739,0.1939325,-0.2555368,0.1105998,0.0355869,0.05346495,-0.3914105
-0.26049,0.3496527,-0.09285635,0.4071405,0.2030355,-0.01314198,-0.1644792,0.0003943665,0.3035382,-0.5893776,0.2832553,-0.07305998,-0.07707039,-0.3628867,-0.3893497,-0.09561187,0.03292938,-0.1489317,0.3389492,0.2499422,0.04901072,-0.2424768,-0.03810464,0.3501863,0.08067928,-0.7823769,-0.2773218,-0.372565,0.09779289,0.02052257
-0.1680648,-0.03548127,-0.002836163,-0.1037975,-2.051185,0.269329,-0.4520623,-0.199807,0.8123255,0.004853077,-0.5588817,-0.3042706,0.07140547,-0.0006831353,0.9462324,-0.107019,0.2001097,-0.427158,0.2798221,0.1460583,-0.1685332,-0.01387186,-0.02963103,0.03134205,0.1937206,0.02350848,0.3230965,-0.05072736,-0.2068304,-0.1255081
-0.3022952,-0.3380383,0.7248018,0.02353727,-0.02034389,0.2204874,-0.2503365,-0.02446383,0.4477193,-0.5310665,0.002699852,2.121149,-0.008276857,-0.4872711,0.1933205,-0.3175176,-0.3598123,0.01091136,0.006900893,0.193992,0.3880974,0.3728919,0.4546145,0.005542866,-0.5056719,0.1103002,-0.3618752,0.1074307,-0.321183,0.3426124
0.09683369,-0.1295887,1.771535,-0.3560607,0.418888,-0.4795195,0.0386472,-0.02647478,0.2322388,-0.1018991,0.4380537,-0.3587434,-0.1018695,0.02126835,0.459663,-0.02910477,0.01296814,-0.1101654,0.1673312,0.06884871,-0.601958,-0.001259424,-0.3832965,-0.01508431,-0.3153957,0.06650382,0.1674362,-0.1913272,-0.02591333,-0.08395834
0.1149254,0.5872383,-0.373369,-0.1953647,-0.4360434,-0.2438557,0.6244503,0.4020978,0.09829725,-0.0007751661,-0.0007198481,-0.0410679,0.704569,-0.1460577,0.02640202,0.128071,0.1138586,0.1487578,-0.2837586,0.1362664,-0.5326127,0.1307907,-0.2284791,-0.07810937,0.4584018,-0.02096168,-0.1191835,0.004807166,0.06733168,0.4509717
-0.08544227,-0.005800737,0.2569252,0.0006350615,0.3760554,1.022742,-0.02657069,-0.2879393,-0.3256419,-0.4554642,-0.003109165,-0.002098542,0.1335202,0.09281546,-0.2997024,0.005720807,-0.2197692,-0.1975043,-0.2260674,0.09300666,0.491068,-0.7961941,0.4076972,-0.2344288,0.1451194,-0.3345522,-0.2045313,0.476377,-0.3459754,-0.4769127
0.8707435,0.1304545,0.3583988,0.3750495,0.002784398,-0.1854464,0.4979349,-0.04050842,0.2289428,0.4145896,0.7368461,0.0503352,-0.1486907,0.3921885,0.3530679,0.4748481,0.005446498,-0.4340755,0.2312587,-0.1476942,0.2047509,-0.3929128,-0.4652343,-0.5576622,0.6067895,0.005801618,-0.3409927,0.414278,-0.2531073,-0.03855535
-0.06295064,0.1462971,0.3709094,-0.07834045,-0.1386921,0.4453721,0.2581141,-0.4326035,-0.04301839,-0.01649815,-0.4738247,0.004485372,-0.1858032,-0.3341311,1.073038,-0.7203825,-0.2045463,0.5714705,-0.001465539,0.3651152,-0.07842153,-0.1362129,-0.09338377,0.006751075,0.09820617,-0.006872569,0.5688094,0.4424142,-0.3025463,0.002295123
0.2479769,-0.372248,-0.1971009,-0.603779,0.2527799,0.3939058,0.04329,0.3512253,-0.5835924,0.128439,-0.3641258,0.2907729,0.1478041,0.286643,-0.08495849,-0.7832028,-0.5116352,-0.001294398,-0.4806024,1.360806,-0.07173336,-0.2271738,0.02770877,-0.2665446,0.2531039,0.301835,0.02210063,0.007689846,-0.3652178,-0.4319422
-0.3048524,-0.3848851,0.1042933,-0.03354006,0.4159098,-0.14597,-0.4046987,-0.004690053,-0.437944,0.1159154,-0.03102062,0.9088956,0.6325831,0.4476689,0.000225454,0.2785915,-0.00487242,0.06039548,0.08683497,0.2399517,-0.01903884,0.1433642,0.01475749,-0.262629,-0.03833085,0.1407005,-0.4393343,-0.1646689,-0.01266945,0.112435
0.9077596,-0.1209105,0.5130324,0.3497014,0.3001853,0.4031041,-0.5217884,0.01421485,-0.1730161,-0.3831835,-0.002565559,-0.1383941,0.264945,-0.4986166,0.3169572,-0.0002628588,-0.02999384,0.4530958,0.3938234,4.314004E-08,0.1169707,-0.07648346,0.1800975,0.04639153,0.4988871,0.0863381,0.03236356,0.1814389,-0.1927939,-0.1504758
0.000148182,-0.6232034,-0.1122981,0.1483727,-0.3909988,-0.04879707,-0.01463718,-0.1796247,-1.138197,-0.04285989,-0.1558179,0.9417686,-0.8392255,0.009643272,-0.09445363,0.3453046,-0.05227305,0.1729295,0.1471078,-0.02032413,-0.1244061,0.3618075,0.3278579,-0.08381466,0.0009465981,-0.926714,0.01237726,0.04160947,0.03261939,-0.07248914
-0.1498711,-0.1339306,-0.008411034,-0.02730777,-0.113717,-0.2794559,-0.03085703,0.322906,0.5490755,0.2995909,0.3706061,0.02685618,-0.0006250459,0.1775626,0.4778489,-0.2663431,-0.2464938,-0.2272432,-0.4031692,0.3076147,0.005651421,0.0007510638,-0.1404095,-0.4254986,0.0001541878,1.309773,-0.006220103,0.4100437,0.4270171,0.2282803
-0.182595,-0.05622333,0.1216781,-0.5359284,-0.2824998,0.106999,0.3945086,0.0234734,0.02265844,-0.1573598,0.03417748,-0.2828548,0.4332106,0.1293921,-0.1400122,-0.06784738,-0.06072396,0.08484805,0.4295398,-0.03917971,-0.05034095,0.0242663,-0.006933833,0.002323406,-0.1348753,-0.01425674,0.4544523,0.3048147,0.7412476,0.0191466
-0.4286731,-0.0782389,0.1664632,-0.04904262,0.129176,0.003903545,0.1265441,-0.01478499,-0.07789658,-0.3738606,0.217458,0.3370203,-0.2477126,-0.1086363,-0.1080485,0.4279866,0.4813886,-0.2760522,0.4517347,0.7307844,-0.05050033,0.03064269,0.02815181,0.05009872,-0.1313627,0.4992175,0.7188807,0.4983079,0.403451,0.02348866
-0.04674136,0.09361898,0.4311098,0.06044692,-0.06146082,-0.1698428,0.001446796,0.08709214,-0.1082692,0.08145441,0.1882573,-0.001872934,0.5648427,0.4991338,-0.4039414,0.1193252,1.956072,0.1972035,-0.4747556,-0.2043368,-0.7574946,0.7550452,-0.3084625,0.04610258,-0.1221028,0.440262,-0.3505348,-0.4578198,0.001714193,-0.6633604
-0.02986225,-0.1304726,-0.2384017,-0.1899048,-0.1477353,0.1227957,0.1441115,-0.3062867,0.279735,-0.4668429,-0.30251,-0.4608809,-0.04351699,-0.1509816,-0.03807472,0.1563506,0.0430261,-0.3096074,0.08831526,0.2151879,-0.2820885,0.7989067,-0.2065709,0.2187212,-0.114154,-0.364252,-0.001732922,-0.124168,-0.4362919,-0.04184973
-0.3905418,0.1965415,0.1255652,-0.0008056136,-0.002398742,-0.1538522,0.06587686,0.1185196,0.2160263,0.2081355,0.4635483,0.0005749314,0.4250265,-0.3536287,-0.1638781,-0.1397525,0.05563515,0.01352451,-0.235348,0.23419,0.6356745,-0.4889442,0.3692684,-0.1310669,-0.1279154,-0.1536906,-0.02787359,-0.6523937,-0.376131,0.1468263
0.2793024,-0.133555,0.4289287,-0.03315308,0.1307375,0.007553756,0.3988535,-0.3009354,-0.007501022,-0.1515083,0.226632,-0.1566113,-0.3881003,-0.7480493,0.0007570075,-0.3011909,0.1584279,-0.005544841,-0.0960611,0.4035646,0.4601636,-0.3769946,-0.5514264,-0.09064069,-0.3729161,0.3762453,0.007172464,0.1393701,0.01441954,-0.1319008
0.210551,-0.3168408,-0.073888,-0.2374041,0.1211956,-0.2499935,0.2910969,-0.001838863,-0.3894482,-0.4822532,0.002787491,0.06562668,0.3889493,0.1441773,-0.3931074,0.09184403,-0.0431983,0.0007954728,0.5206549,-0.002903088,0.1919277,0.03240462,-0.2565753,-0.05294529,0.002337432,0.3887647,0.2313504,-0.08458893,-0.2275499,0.03051263
-0.2721566,0.3115801,0.6702923,-0.4823137,-0.04735124,-0.3510125,-0.1764967,-0.4131805,-0.1105221,-0.0003024429,-0.02453947,0.8077646,0.1322024,-0.2081987,0.2462611,-0.06184163,-0.3775345,-0.4375579,-0.08668352,-1.30417,0.2294861,0.2632058,0.02499383,-0.6923685,0.0007752801,-0.583944,-0.6214609,-0.06062699,-0.06068559,0.1496056
0.4294343,-0.03972858,-0.4328859,0.1130193,0.001853609,0.3195561,0.3106529,-0.03472471,0.08597224,-0.1284507,0.1991304,-0.909413,-0.1781383,7.032728,-0.1685285,-0.001081896,3.175233E-05,-0.003469241,0.5602602,-0.01108413,-0.03515773,-0.07306951,-0.1610508,-0.007428164,-0.001743055,0.07912236,-0.02666525,0.684013,-0.2727217,-0.2004699
0.00199765,-0.3329266,1.237628,-0.001151363,-0.1255306,-0.02143321,-0.0153807,0.1734562,-0.05781039,-0.3353324,-0.3339342,-1.106798,0.09935042,-0.2291806,-0.1526588,0.4853966,0.09094638,-0.1775323,-0.06198126,-0.001103766,0.3890682,0.0001079889,0.2711356,-0.001140769,-0.1384078,0.1806592,0.2136716,0.001246814,0.1352745,0.176255
-0.05822569,0.08098218,0.4538538,0.3035078,-0.2490128,-0.2369258,0.2566255,0.1860292,-0.09175244,0.001206809,0.1372816,-0.1999239,0.3725035,0.2087243,0.01589256,-0.2930777,0.02598763,0.02273074,-0.1745581,-1.313217,-0.07285727,0.6716999,0.5866064,-0.009067631,-0.3006267,-0.01714114,0.01511738,0.003078256,0.368947,-0.5364538
-0.08951749,-0.0002081729,-0.0455382,0.1612395,0.2471007,-0.02620733,0.02775467,-0.02198492,0.01659163,-0.3645989,-0.8812689,0.01463786,0.4459134,0.1789043,-0.1820073,-0.04539488,0.139634,-0.2776395,-0.03770179,0.05932289,0.5608739,0.08817261,0.03616286,0.1289489,0.159972,-0.32839,0.05107087,0.0002145069,-0.5981979,-0.3635205
-0.001726564,-0.4455028,-1.020615,-0.3220367,0.1388104,-0.4797344,-0.08533315,0.1536883,-0.1242718,-0.05518538,0.3732661,0.005844012,-0.2873183,-0.002156015,0.1843494,-0.2541891,0.03611261,-0.02791134,0.9844848,0.7201344,-0.06791907,-0.3583456,0.4319884,0.5191817,-0.3459673,0.01775887,-0.2497446,-0.1613445,-0.3411051,0.08180092
;
-0.01369774,0.0002473186,-0.2148072,0.1746342,0.03436178,0.0842305,-0.4977072,-0.02705122,-9.440292E-05,-0.03504576,-0.1424269,0.03242415,0.0341182,0.4993259,-0.005983664,0.4696649,-0.3770921,-0.1391773,0.01627557,0.1507742,0.0572823,0.2856791,0.04458393,0.2197051,0.09734796,0.4714621,-0.003308527,0.05683956,-0.1317099,-0.05062149
-0.6413991,0.4906163,0.2611527,0.01067946,-0.3915055,0.01262933,-0.3740736,0.03076226,-0.156455,-0.2837744,0.4330871,-0.04215473,-0.000985701,0.4297454,-0.1116457,0.01121557,-0.09524947,-0.1913685,0.1841245,0.4036709,-0.1067185,-0.001286024,-0.08297212,0.5513831,0.3085401,0.07358741,0.05463026,-0.7956015,-0.2213951,0.05001226
-0.004349036,-0.2849886,0.009435475,-0.0876133,0.2079875,-0.05200863,-0.2426745,-0.09507885,0.2436435,0.3043927,-0.1884531,0.03879171,-0.2596068,0.8036829,-1.60514,-0.3402729,-0.3870186,0.1352501,-0.2941816,0.0747297,0.01975051,0.2089741,0.0302221,0.0861745,-0.006247591,-2.215304,-0.01838334,-0.07364293,0.3895789,-0.3436075
;
