0.02609384
-0.5482842
0.311853
0.5639317
0.7963012
-0.7923443
-0.1198955
0.03334277
0.06404645
-0.5651718
;
-0.144333,0.06904477,-0.07338501,-0.8098556,-0.2362604,-0.05328077,0.107275,0.745944,0.1796191,0.02322026
-0.4582267,-0.1702458,-0.2412876,0.7420022,0.3458638,-0.1044804,0.1358603,0.08721747,-0.09073436,0.03116596
0.3006686,0.2167113,-0.2199026,0.04216057,-0.3216389,-0.2643574,-0.383423,0.09950072,-0.2611745,-0.02166253
-0.3969959,-0.001562851,0.2610584,0.3527184,3.606702E-05,0.01584879,0.2701632,-2.823691E-06,0.01813398,-0.2965057
0.1092174,0.001897654,0.2779299,0.4373128,-0.8355025,0.01826384,-0.02803429,0.00537788,-0.488492,-0.2952361
-0.1663044,0.8207451,0.2881018,-0.4035838,0.3123771,0.102954,-0.02000501,-0.05602722,0.193943,0.07666395
0.2937264,0.1540092,-0.06915468,0.2541145,0.05329278,-0.04674321,-0.01205215,0.02267486,0.1174832,-0.01779479
-0.2566147,0.04117024,-0.4692626,-0.001695519,0.02328437,0.4149384,0.6082417,0.3589504,0.6302221,-0.2234729
6.119026E-06,0.1466054,-0.0001592325,-0.03636898,-0.1382549,-0.1955498,-0.0005227625,0.0128397,-0.05001003,0.375793
-0.001361224,0.008815541,-0.2667521,-0.3934312,0.04267889,-0.04864381,0.05562375,0.0003716495,-0.07812429,-0.1995804
;
0.02963585,0.09518743,-0.4000032,-0.2726552,0.04128491,-0.1376988,-0.003127885,-0.06924784,-0.1336396,0.3208357
1.273505,-0.0132778,-0.05511297,0.07434094,0.1120756,0.455987,0.3034232,-0.4134375,0.001813004,0.007680766
;
0.01216896
0.4707709
-0.124812
0.05249689
-0.01493569
0.3325108
-0.2994808
0.1269402
0.001807616
-0.06667715
;
0.08721917,0.2761382,-0.2566032,0.01790391,0.1053964,-0.06284889,0.3707466,-0.3232684,-0.1693076,0.09086465
-0.2124116,0.8883096,0.06297749,-0.2287773,-0.376962,0.06141299,0.2805747,0.2704483,0.0004201863,-0.005803202
0.04989201,0.2689204,-0.002980333,0.1453533,0.07519764,-0.007482625,0.3500087,-0.003034819,-0.1063706,-0.04033536
0.3397565,-0.1172927,0.1550444,-0.011427,-0.004961953,-0.05199236,0.3519914,0.8841539,0.15132,-0.136354
1.936571,0.02888918,0.1022069,-0.129159,0.01903429,0.006613281,-0.1685554,0.180784,-0.002413054,-0.005542576
0.4573851,0.1082961,0.4831101,-0.1209034,0.4547372,-0.2029825,-0.03140241,0.009536009,-0.1148633,0.4727416
-0.3263704,-0.04939085,-0.3002623,-0.1619934,-0.01699644,-0.03652215,0.6945627,-0.3739606,0.2589631,-0.1235447
0.2620302,0.06353482,-0.002817518,-0.4349782,-0.4030961,-0.2264907,0.1250695,-0.1219732,0.04656108,0.4057227
0.2580806,0.1657905,0.0362347,-0.1230103,0.1811336,-0.1177151,-0.1031098,0.8168468,0.0636017,-0.4025302
-0.4318596,0.4148208,0.1790132,0.4606662,3.480976E-06,-0.4794078,-0.005633,0.7560194,0.3356185,0.003133249
;
-0.06128889,-0.08560671,1.45415,-0.003141885,-0.2469654,0.06534342,-0.009205589,0.02425408,-0.1747401,0.1739961
0.0966894,-0.01596671,0.3522553,-0.002833178,-0.008305354,0.06598169,0.01508051,-0.0218315,-0.1900442,0.06941407
-0.2089743,0.1082425,0.4185826,0.0989458,-0.2050897,-0.5450163,-0.1243668,0.1019385,-0.04364318,-0.01214403
;
