-0.02898413
-1.089642
-0.03462014
0.5389946
0.2466901
-0.4085526
0.1954549
0.2639849
0.03262569
-0.7255495
;
-0.7256778,0.06904477,0.4002659,0.8098556,-0.2362604,0.2576596,-0.05372141,1.020547,0.03214868,-0.07109529
0.003617164,-0.05539769,0.2412876,0.4033241,-0.04001151,-0.06119473,0.05867421,0.1462106,-0.1812383,0.02210096
0.04380881,0.4056867,-0.2186864,0.04216057,0.3216389,-0.002221608,-0.2632221,0.03194946,-0.3082943,-0.1028827
-0.5586715,7.981271E-05,1.036771,0.2697153,3.829205E-05,-0.6797806,-0.02536424,-2.823691E-06,-0.04939705,-0.3097009
-0.03106374,0.003652363,0.1215209,0.128603,-0.1734989,-0.04090009,-0.2731943,0.006531915,0.4946035,-0.2152248
-0.1663044,0.8207451,-0.04417604,0.3339191,-0.002083245,-0.102954,-0.06074029,-0.0003448193,-0.05262289,0.02479987
-0.1351379,0.2722956,0.03718446,0.02609321,-0.02742353,-0.2629823,-0.2192612,0.2426621,-0.7429757,0.6980597
-0.2720637,-0.04148785,0.153147,-0.07660513,-0.4951795,0.5215108,1.039281,0.3589504,0.6080817,-0.2234729
-0.03095847,-0.4389158,-0.0001592325,0.1149667,0.1970259,-0.3415115,0.4062157,0.0128397,-0.05001003,0.5549358
-0.001036138,0.01007316,-0.2667521,-0.3934312,0.7538566,-0.04260683,0.06334167,3.780033E-05,-0.07812429,-0.3556097
;
0.01521627,0.1435305,0.4000032,0.0221352,0.1822475,-0.3828152,-0.005457561,-0.2140795,0.2422135,-0.3208357
1.563286,-0.1254726,0.002674671,0.05355401,0.2361737,0.8991405,-0.02929801,-0.3876947,-0.003614937,0.007680766
;
-0.09295943
-0.09081608
0.89692
-0.2149913
-0.07132486
0.3325108
-0.3938616
0.1451623
-0.001807616
-0.06667715
;
0.06934287,-0.2761382,-0.1086082,0.001776577,-0.09564351,0.3324461,0.3707466,-0.3232684,-0.1335508,0.1067458
-0.2124116,-0.8883096,-0.2132235,0.01596403,-0.1923049,-0.1135702,-0.1776229,0.3139549,-0.0004201863,-0.01121121
0.04989201,0.2689204,-0.002980333,-0.05178849,0.1599701,-0.0190827,0.3500087,0.002317727,-0.1063706,-0.04033536
0.3397565,-0.1097504,0.1996749,0.08641072,-0.00246293,0.05199236,-0.02834288,-0.4738888,0.04524972,-0.136354
-0.09139628,0.3079946,0.1338966,-0.05450454,0.057293,0.2097342,-0.1685554,-0.2215389,0.00293203,-0.01809295
-0.4573851,0.3186686,-0.1731878,0.4728867,0.2958006,-0.2029825,-0.01801851,0.3395621,-0.1148633,0.05467283
0.02763761,0.01808798,0.3965031,0.3761159,-0.3891028,-0.07013007,0.6945627,-0.1911256,-0.01033959,0.02619143
0.2620302,0.05796938,-0.003548367,-0.4349782,0.08185159,-0.2264907,0.4968445,0.001008113,-0.04656108,-0.1432428
-0.005873369,0.3930776,0.01602191,-0.03498007,-0.3749399,-0.2348547,-0.1574344,-0.8168468,0.04436607,-0.26009
-0.04952508,-0.4148208,-0.1790132,0.3028287,3.480976E-06,-0.2126932,-0.005633,-0.4302616,-0.04492901,0.004993028
;
0.06128889,-0.04723482,-0.458102,-0.2733643,0.2469654,-0.1114444,-0.009205589,0.005276858,0.1453678,0.1187292
-0.1049148,-0.09232023,-0.3522553,-0.01413599,0.019024,0.07071224,-0.2425558,0.005126297,0.08601489,-0.07461445
0.4798687,0.1082425,-0.001442647,0.1499399,-0.2050897,-0.4552236,0.08093788,-0.1019385,0.01036184,-0.4947748
;
