-0.02189857
0.4744647
-0.2016443
-0.6045628
-0.001076246
-0.002350328
-0.004732328
0.004882012
-0.4243686
0.2657143
;
-0.04695501,-0.009930343,-0.1228104,0.1725701,-0.2013335,-0.07676174,0.02064828,-0.5133588,0.1826741,0.3306352
0.01685714,0.00672301,0.03286785,0.01532871,0.46543,0.1390178,-0.01025903,-0.0719367,-0.07381313,-0.08639851
-0.2531757,-0.1897765,0.3432616,-0.1913304,-0.35501,0.6084372,0.0261727,-0.9343894,0.109394,-0.1743657
0.02200659,-0.001562851,0.3770412,0.07291376,-0.3322093,-0.00907006,0.003532541,0.2196172,-1.006777,-0.3196416
-0.08163067,0.008823344,-0.8639269,-0.1160653,0.4793744,-0.01124852,-0.2675226,-0.4648716,-0.06836173,-0.3687651
0.3174238,0.4481623,0.2525827,0.2183803,0.06683248,-0.7683036,0.3559085,0.03607914,0.0007375273,0.01090726
0.1167187,0.06522054,-0.2168242,0.4778081,0.187988,0.4582533,-0.2401364,-0.4405312,-0.5776535,-0.3006434
-0.3294524,-0.1771978,0.1458302,-0.7767794,0.4969594,0.2545201,-0.1395176,0.4235686,0.05709905,-0.8092317
5.135582E-05,0.3912787,0.0001232259,0.06641745,-0.0255745,-0.3598951,-0.01444122,0.1955091,0.322538,-0.4817653
0.0283298,-0.008815541,-0.2165269,0.2504884,0.6767832,0.6843755,-0.1529441,-0.04222388,-0.08730462,-0.3509866
;
0.001426414,-0.07790364,-0.06465775,1.08443,0.1284399,-0.1173081,0.4270741,0.01861087,0.4776025,0.3319876
0.7319967,0.01428109,0.001931599,-0.0185222,0.05103939,-0.4583914,-0.1618762,-0.4347574,-0.05770288,-0.3642163
;
0.02229504
-0.4060521
0.4510833
0.1055086
-0.2861954
0.1808905
-0.1746982
0.1399601
0.4162046
0.2253237
;
0.4975465,-0.09822732,-0.226236,0.06945395,-0.4080969,-0.214489,0.05130702,-0.3232684,-0.1106529,0.05470689
-0.4031132,-1.100658,-0.06055512,-0.6536519,0.05350683,0.1135702,0.2313611,0.1483269,0.008898987,1.012859
-0.04215305,0.2689204,-0.005178337,0.1471611,0.1775561,-0.01174381,0.02826696,0.2204121,-0.1858448,0.0609702
-0.1286926,-0.06241995,0.0008194394,0.1321677,-0.08352,0.3827808,0.4324498,-0.1451702,0.4449805,0.04262853
-1.002078,-0.445888,0.05189455,0.1913456,0.02587861,0.01201661,0.09972762,0.4448934,-0.2518904,0.05931671
-0.1584125,-0.02998397,0.002280405,0.1314238,0.3185403,-0.04695398,-0.03998667,-0.01408693,0.4282436,1.482047
-0.09407336,-0.02589506,-0.0005793577,0.1820203,-0.1007962,-0.09350124,-0.07344431,-0.4801211,0.04129439,0.3353374
0.07158325,0.07048167,-0.149931,-0.02240577,-0.05193775,-0.2448794,0.2313531,-0.5026448,0.02336136,-0.4111554
-0.01850432,0.03444903,-0.08686322,0.686166,-0.0007813607,-0.3858018,0.3768724,0.1711344,-0.3862015,-0.1545365
-0.2089754,-0.4148208,0.01693319,-0.6565723,8.175761E-06,-0.1708433,-0.003363626,-0.2435821,0.7905486,-0.004993028
;
0.594583,0.3139367,0.5353435,0.4239228,0.1034824,-0.04700012,0.02324158,-0.1062845,-0.4106386,0.0089714
0.05870316,0.5968326,0.3522553,0.02218416,0.4144396,0.006823324,0.07675301,0.3988955,-0.4825046,-0.07461445
-0.4071296,-0.1450497,-0.0181354,-0.1090992,0.008239298,-0.189537,-0.4057536,0.1104654,0.04658833,0.001865022
;
