0.02421026
0.3609059
-0.182178
-0.2182699
0.0003187459
-0.0001584149
2.549672
0.1117784
-0.2294315
-0.1618322
;
-0.1908934,0.4245229,-0.04806147,-0.203451,0.4651186,0.0474227,-0.05357641,0.01098464,0.05095866,-0.119026
-0.7434881,-0.1411151,0.4122281,-0.02268749,-0.003379273,0.2043886,0.0656612,-0.2485301,0.2483247,0.6954893
-0.245624,0.2399666,-0.119251,-0.2378108,-0.04950391,-0.03057249,-0.09001905,-0.08932687,-0.3272451,0.494424
0.001671923,1.267948,0.5416106,-0.0007377575,0.06353294,0.1099964,0.3594069,0.1585044,-4.859498E-05,0.1120599
0.1758723,-0.1753417,-0.1899871,0.4198779,0.1505571,0.00878668,0.501211,0.3278242,0.05060526,-0.4382678
-0.1742576,0.476657,0.4228631,0.1806177,0.003971201,0.4421697,-0.2378806,-0.08753095,-0.2081971,-0.3092443
0.4336401,0.2288501,0.009692817,-0.003173671,-0.5895106,-0.4140871,0.6623664,1.128316,0.04860956,-0.1699685
-0.3880571,0.1364192,0.1350194,-0.4871402,0.2366646,-0.2192601,0.01486109,0.008082284,-0.0007353961,0.09018442
0.07660276,0.1683758,0.1119744,0.2044786,0.1702436,0.3353996,0.1387677,0.4544379,0.1525438,-0.0005834662
-3.00591E-06,-0.04351198,-0.01521283,0.05942866,-0.1641179,0.03235464,-0.39169,0.8953128,0.4130689,0.02926029
;
0.0221269,-0.6363986,-0.187342,-0.1089664,-0.003400965,-0.255536,0.08738726,0.08475879,0.006815598,0.01985263
3.162626E-08,0.1161186,-0.1245757,0.02034597,0.09173452,-0.41145,-0.01958235,-0.04079677,0.07750757,0.0006317963
;
0.2637215
-0.5039958
0.3694212
0.07280529
0.128319
-0.009589016
0.253162
-0.1788686
0.1080251
-0.1342824
;
0.3871545,0.2525983,0.01200565,0.206525,0.04895818,-0.1829523,-0.01861077,-0.3098507,0.07195264,0.1081257
0.1143216,-0.4409953,0.4837979,-0.09809643,0.1934965,0.1435661,0.06454305,0.06918982,-0.1228088,0.05320472
-0.0350737,0.1542893,-0.1427721,-0.01632798,-0.156684,0.1928121,-0.3234999,-0.02622282,0.05285254,-0.07839411
-0.03728843,-0.1281736,0.1403492,0.07335813,-0.09204188,0.07175552,-0.0296697,-0.4768932,-0.1178452,0.1217476
0.5460367,-0.3271388,0.05880457,0.223986,0.246228,0.06278387,-0.2944535,0.1472869,-0.080805,0.2015468
-0.2105689,0.3468961,0.002500745,0.04489976,-0.6084265,0.3073944,0.0001947098,0.001102988,0.05140245,0.03056165
-0.1468251,0.3284919,-0.04983276,0.0001554427,4.142549,-0.06040686,-0.1356801,-0.1851185,0.232901,-0.3678207
-0.5107852,0.02113175,-0.2763069,-0.002834619,-0.199419,-0.1723379,0.3232338,-0.1057707,-0.2487881,0.1780452
-0.07578665,-0.6165749,0.4112723,0.03782577,-0.04381553,0.07893164,-0.03855539,0.3658813,-1.230253,0.1700827
-1.066212,-0.1947971,-0.07819858,-0.03666596,0.2974155,-0.03875297,0.4580746,0.04599321,0.311018,-0.1918564
;
0.7630364,0.4026306,0.1130773,0.1300481,-0.07572375,0.09792627,0.8923954,0.004895558,0.06070384,0.05383044
0.09753063,-0.3421043,0.01066558,-0.135709,0.2901472,-0.2524379,0.07070655,0.06850068,0.06581549,0.1084037
0.3646537,0.7439725,-0.913311,0.003163746,0.6840717,0.4780014,-0.1390253,0.3868893,0.2407657,-0.01438816
;
0.0215016
0.003643094
-0.2920048
0.3571477
2.251597E-07
0.4518076
-0.1199579
0.5342189
0.02952576
0.5001617
0.4052028
-0.001176889
-0.3512474
0.0003129669
0.3068577
0.0004042154
-0.1358375
0.2029799
0.4391876
-0.002202662
-0.6497183
-0.01638994
0.389487
-0.003605185
-0.1161137
-0.034724
0.04506972
0.4536033
-0.0991599
-0.1654191
;
-0.3695346,-0.1323845,-0.2861601,0.0413372,0.03175134,-0.8532118,0.8154619,0.4755368,-0.2740849,-0.04982718,-0.1403683,-0.01186253,0.05031877,-0.07962374,-0.4114543,0.4544115,0.152148,-0.439761,-0.277572,-0.5516236,-0.03655746,0.4571233,0.1964925,-0.4450018,0.3682669,-0.02042357,-0.1662341,-0.3372319,0.3854644,-0.001517015
-0.1183063,-0.4934379,0.1197864,-0.1070857,0.7090318,0.08952683,-0.0667918,0.07165007,-0.4909885,0.05310208,-0.4439572,0.2220928,0.02177244,0.419118,-0.0510555,0.1569606,-0.436334,-0.1557026,0.1514588,0.2533393,-0.07815307,0.04352401,-0.03849432,0.1491189,0.3582592,0.4838421,0.4480951,0.01443309,-0.3782987,0.08941537
1.060224,0.4421143,-0.2106277,0.4073173,0.2066747,0.9135053,-0.1273687,0.4920273,0.4594771,-0.4422467,-0.0666825,-0.1098314,-0.3089182,0.6193401,0.3338514,0.01953016,-0.2411803,0.218143,0.1176897,-0.01758676,-0.4604514,0.3122265,0.07762503,0.004484535,-0.2135432,-0.09334809,-0.001148451,-0.6317312,0.01724574,0.4762254
-0.08300691,-0.1608037,-0.2607849,-0.1594201,0.5201156,0.3280379,-0.4883745,-0.01349308,0.06361525,-0.4357578,-0.06790042,0.3382421,-0.4019341,0.1864385,0.1447836,0.03072915,0.4890766,-0.0003509486,-0.6962629,-0.01042409,-1.107393,0.0170473,0.5527076,0.8687348,-0.2727115,0.06619295,0.3644731,-0.4466704,0.09913143,0.1479497
0.008548993,-0.3349243,0.216611,-0.346597,0.1495754,-3.497977E-05,0.1167436,-0.07313114,-0.03959614,0.1973754,0.1010217,0.1162742,-1.264836,-0.7019234,-0.01039863,-7.95639E-05,-0.002666664,-0.1520284,-0.5320321,-0.08014659,0.1643679,-0.5300936,-0.2527394,-0.03088912,-0.2881166,-0.1942919,1.50865,-0.07236398,0.4348279,-0.09187897
-0.9537184,0.01949364,0.2900685,-0.03435827,0.1013484,0.1760979,0.1344896,-0.04243945,0.2737052,0.04007215,0.06960116,-0.2235029,0.1540629,0.08392826,0.02928746,-0.2116943,-0.1445102,-0.4254442,0.1507186,-0.09189072,-0.005804099,0.1290973,0.2063342,0.2281582,0.2684696,-0.2001455,0.06270766,0.2115597,0.2589997,-0.01847872
-0.4675224,0.1212375,0.002533863,-0.1415386,-0.1618169,-0.6651028,-0.2837956,-0.003390464,0.06021952,-0.4102868,-0.5810379,-0.07289853,-0.4178244,0.05153447,-0.04204885,-0.1284841,0.0027316,-1.871925,-0.1724197,-0.3967905,-0.999312,0.4823998,-0.3821204,0.2247668,0.1749195,-0.006193286,0.6487312,0.2105806,0.002914869,-0.1671053
-0.06245579,-0.01486265,0.5768356,-0.06258906,0.4252586,-0.1735168,-0.1190282,-0.003339469,-0.08567744,-0.3407632,0.155321,-0.05034346,-0.3127812,-0.005829279,0.1364148,0.679638,-0.3348341,0.05351052,0.002221344,-0.7205631,-0.4972318,-0.2231558,-0.369396,0.2298678,-0.4338331,-0.4599844,0.005364001,-0.2379446,0.1813511,0.3271065
-0.1556716,0.2535627,0.7049193,0.3914522,0.08561748,0.04951771,0.08013099,-0.6782163,0.02324586,0.003221929,0.4098473,-0.6946495,1.30539,0.07775641,0.1034915,0.003403096,0.06778973,0.2019835,0.3766993,0.2650893,0.06568588,-0.01600591,-0.0229916,-0.03281793,0.4420512,-0.319969,-0.08864111,-0.5808278,-0.0361206,0.3261179
-0.05167682,0.3620548,-0.07781058,0.02616511,0.2160327,-1.744073,0.2726828,-0.08874722,-0.5807904,-0.3011256,0.7873481,0.1445846,0.1733303,-0.07372268,1.059072,0.03121116,0.06423476,-0.327868,-0.2092488,-0.04682523,-0.1589537,0.3015893,-0.2449893,0.005204126,-0.7459487,0.4030201,0.004206039,0.05376042,-0.002228883,-0.2188619
0.02171041,-0.03935736,0.0821446,0.4970472,-0.01767419,0.4152576,0.003317021,-0.2954525,0.1771048,0.4240665,0.02866298,-0.4233239,-0.3420093,0.3100185,-0.001398267,0.4716794,0.142462,0.1572178,0.3806581,-0.4371113,-0.2566224,0.1162994,-0.2116089,-0.02949064,-0.2113188,-0.3860901,-0.1200355,-0.3727584,0.2022946,-0.0385787
-0.04052909,0.3496362,0.05230349,0.04994968,-0.2309878,-0.2304689,-0.1082643,-0.06868552,0.4285773,0.03143396,0.02841968,0.04126753,-0.0114013,0.3871835,0.03609514,-0.2796972,0.3874583,0.183918,0.05504143,0.3263641,0.07712135,-0.007948823,0.06243187,0.2837157,0.4711622,-0.3958447,-0.2211011,0.09318419,-0.03293948,-0.4913549
-0.2851635,-0.1196116,0.2528611,-0.3499916,0.2251933,-0.2477893,0.1681009,-0.2859452,-0.1805335,0.2441617,-0.0431899,0.3047074,-0.09780493,-0.3498802,0.1748309,0.09591764,-0.2884316,-0.09085667,0.1855311,-0.4266101,0.005734925,-0.3002158,0.4366156,-0.06538635,0.08884376,0.0007470528,0.1173463,-0.5569472,-0.3494366,0.004515792
-0.2169177,0.3105756,-0.008054633,-0.3449564,0.6025766,0.4017648,-0.0001879337,-0.2631381,0.1706294,0.05800967,-0.1212775,-0.4081076,-0.1828881,-0.07832173,0.07132584,0.05419952,0.2523342,-0.02283679,0.3310864,0.4765744,0.04046737,-1.983944,-0.2526214,0.1527417,-0.00327533,-0.03849087,-0.2166394,-0.4956194,0.00390398,0.006358546
-0.4116672,0.8231885,0.0124804,-0.1595401,0.007263799,-0.1860785,-0.01596567,-0.07897668,-0.04866822,-0.1168463,0.04588665,-0.0359866,0.2284156,-0.03419738,0.01025829,-0.242954,-0.2003865,-0.2928095,0.2735977,0.08468217,-0.002312227,-0.0980044,-0.06524507,0.7836682,0.2895766,0.1903145,0.1636357,0.2441174,0.5280977,-0.02099315
0.0007978674,-0.02955958,0.0007502537,0.05488026,0.3306187,-0.002987183,-0.2075955,-0.3449055,-0.01857632,0.5853572,0.20238,0.2902944,-0.380427,-0.3149371,-0.4626999,-0.03351484,-0.1126428,0.004683618,0.717508,0.08914261,0.003646562,0.08351965,0.2094216,-0.1453663,-0.01767176,0.03828944,-0.0176642,0.2859105,0.00578016,-0.03367748
-0.2325498,-0.04574712,-0.02867285,0.4657937,0.490818,0.09827109,-0.08445118,-0.6744411,-0.387955,-1.166192,0.1243142,-0.01767486,-0.08454355,0.4151388,0.0681418,-0.0006228847,0.2084721,-0.1142865,-0.2592562,1.1632,-0.2640898,-0.4049058,-0.282088,-0.1223653,0.07361716,0.09219141,0.003920821,0.05875571,0.2977896,-0.05182919
0.2275294,-0.4330071,-0.1518137,-0.01266042,-0.3117356,0.06155425,-0.003519716,-0.4039515,-0.01596638,0.3802701,-0.4974937,0.004871711,-0.3793718,-0.01788423,-0.0792895,-0.009378291,0.0499025,0.1664938,0.1938299,0.01198589,0.0304746,-0.09176368,0.4038464,0.332846,-0.2617481,1.123576,0.06836248,-0.1684217,-0.3519936,0.2483366
-0.230823,0.0251388,0.000135664,0.002142084,0.1757009,-0.07816607,0.001291644,0.2995226,-0.2510304,0.332356,-0.328243,-0.2377207,-0.01528309,-0.2260715,-0.0009650847,0.2085898,0.1737332,0.1215556,0.0221638,-0.1930123,-0.2845682,0.255989,0.4959663,0.2995482,0.03057122,0.07055689,0.1652959,-0.01641835,-0.1179681,-0.4041245
0.2239418,0.6729463,0.2234096,0.0009580869,-0.0003867821,-0.2737818,-0.3037527,-0.04035741,-0.1102959,-0.2607793,-0.1499366,-0.3864177,0.4241508,0.02629275,-0.2424271,-0.052359,0.2367219,0.04586429,-4.596029E-06,-0.01427202,0.2386889,-0.5251138,-0.0007780528,0.07744057,-0.0275335,0.02545923,0.1254749,0.167214,-0.1414446,0.04392916
0.1884155,-0.2355506,0.2608648,0.00831061,0.3162358,-0.2223694,-0.0936133,0.4474033,-0.08132409,-0.07420297,0.2740885,-0.3168221,0.006810077,-0.489818,0.06365424,-0.03265742,-0.3425335,0.2696523,-0.003901417,0.3688273,-0.04468971,-0.05106413,0.02618914,0.1817422,-0.007492977,0.3668029,0.06477513,0.4937749,-0.007231396,0.1017745
0.7145731,-0.2970328,0.06002471,-0.1199077,-0.4935631,0.07284823,0.08434011,0.0001330837,-0.1729712,0.1846026,-0.2468253,-0.01088803,0.220787,-0.03926891,-0.3335303,0.2925982,0.3435356,-0.1998109,-0.003997718,-0.1356542,0.4781102,3.678045E-05,-0.3845718,0.6519698,0.4283375,-2.626983,0.01497208,-0.3281475,0.05730915,-0.2154448
0.4909869,-0.03124764,0.3797656,0.1560002,0.04454456,-0.409335,0.3576615,-0.08083826,0.5465552,0.01866385,-0.5527775,0.2738849,-0.1848577,0.1099958,0.6684487,-0.2875952,-0.08250003,0.02815952,-0.1795227,-0.02128594,-0.03433707,1.100086,-0.0002416477,0.09808166,-0.07894186,-0.1177835,-0.1369928,-0.5252028,-0.07061365,0.007724902
0.003414112,0.003442774,0.001965143,0.2403695,-0.03864618,0.3123077,0.488482,-0.7792651,-0.1681868,-0.9731889,-0.2143336,-0.6712527,-0.3020335,-1.662608,0.05092746,0.07665461,-0.2649279,-0.02822226,0.1270289,0.3390218,-0.2352556,0.001876031,0.05467027,0.01984776,-0.009586562,-0.01195865,0.6904732,-0.0004088312,0.1225916,-0.02193481
0.009571027,-0.1269468,-0.1506986,0.6526654,-0.3681837,0.1667313,0.05919174,-0.4951631,-0.1852856,-1.22138,0.05068399,-0.00774583,-0.309618,-0.00879925,0.06818317,0.07993291,0.0966879,-0.102181,-0.1293577,0.1199673,-0.0728392,-0.005220475,0.4654626,0.09387799,-0.4161324,0.5893303,-0.2467146,0.316762,0.1640717,0.0001090581
-3.794594E-05,-0.4526805,0.1181451,0.08481318,-0.756451,0.0003523632,-0.007929811,0.09406928,0.2399038,0.2831212,-0.145247,0.4851482,0.1941471,0.4026693,-0.3198422,-0.3883871,-0.3513782,-0.2429652,0.7727578,-0.2483466,-0.0419324,-0.1982785,-0.05862425,-0.01303962,-0.08737689,0.5736368,0.1501946,-0.00432345,-1.54822,-0.2496592
0.334748,0.07948213,0.4069613,1.398594E-05,0.02729655,0.3260062,-0.3803285,0.008708961,0.1053466,0.1452849,0.1560709,-0.01212593,-0.1644031,0.007304095,-0.01856044,-0.0001203248,-0.7055262,0.2319581,-0.7088944,0.02622593,0.01170798,0.1864731,0.09402531,0.007559897,0.1726728,-0.1696611,0.4273211,-0.2482278,0.5448512,0.2096305
-0.6196395,0.4782983,-0.07141147,1.821151,-0.3077188,-0.03007544,0.11386,-0.2623245,0.3992716,-0.3284642,0.1737244,-0.06880631,0.06898408,0.7080048,-0.2912068,0.4732561,-0.126892,-0.1271164,-0.302779,0.001334117,-0.1945977,-0.05842754,0.1930526,0.4784107,-0.2895193,0.1877739,-0.1628468,0.07822375,0.00262374,-0.05622833
0.0008557847,0.172049,-0.1487673,0.007443496,0.1912532,0.1558721,0.06156105,-0.6116626,0.1648218,-0.4872838,-0.2035609,0.232306,-0.2142975,0.190873,0.7970531,0.6851168,-0.2059197,0.4697221,0.03911322,0.08641547,-0.4667923,0.3845463,-0.007371315,-0.06022633,-0.0009757857,0.06128854,0.01008718,0.1647539,0.1610925,-0.4116194
0.065379,-0.1254736,0.09306055,0.1437229,0.0539659,0.08404326,-0.02822187,-0.008752593,0.03441699,0.1011692,0.4155687,-0.4538259,-0.7110164,-0.8564442,-0.2749084,0.0008877239,0.002351132,0.005016889,-0.06627545,-0.1022167,-0.3937635,0.02287868,0.001624131,0.2556469,0.3917469,0.1650015,0.003585137,0.03125947,-0.07552856,0.05011325
;
0.1443945,-0.03576273,0.1538874,0.319443,0.05248662,0.3536621,0.08223832,1.510195,0.2623383,-0.02017361,0.1489858,-0.01259888,-0.313296,0.004177205,-0.4582762,-0.1147229,-0.1576743,0.5083914,0.01737195,0.134824,0.2570385,-0.1672138,0.2008157,0.1918632,-0.01687522,0.01702478,-0.3716868,0.01304292,0.01058211,-0.2281121
-0.5059953,-0.1075144,-0.07538635,0.1026399,0.1306856,-0.7660193,0.4612159,0.1168284,-0.3906475,0.1654462,0.5399638,-0.4091054,-0.002850834,0.1183381,0.7668269,-0.2368792,-0.03327779,0.09835879,0.2264074,-0.05411005,-0.1009654,-0.1363855,-0.03412873,0.003435551,0.3786277,-0.9719039,0.09728674,-0.3361341,-0.02345355,0.3069344
0.7978886,-0.22634,-0.1937684,-0.1640178,0.3250606,-0.4896927,0.2524774,-0.03696099,0.127587,0.04980839,0.3275949,0.9272609,0.5658773,-0.0002195289,-0.3452773,0.3282592,0.9790735,-0.08251712,0.034329,-0.04964924,1.483401,0.02704215,0.4361299,-0.2487632,0.3955547,0.03147775,0.01520034,0.3747224,2.429466,0.01002409
;
