-0.01178402
0.5160469
-0.3098781
-0.308218
-0.0009224173
-0.001759742
0.002714096
0.02736869
0.6805426
-0.6220922
;
-0.0543822,0.07518727,-0.08940643,0.1725701,-0.01461123,-0.6204674,0.0617109,-0.693761,-0.09877175,-0.07255679
0.01685714,0.00672301,0.3862392,0.01532871,-0.46543,0.1390178,0.006810801,-0.01646508,0.07381313,-0.5489212
-0.348099,0.2591721,0.4029392,0.001229697,-0.2280043,-0.6535864,0.3869941,0.7974073,0.109394,-0.1991573
-0.2463035,0.04494517,0.03052749,-0.07269169,-0.3322093,-0.01258641,-0.08755424,-0.00452263,-8.658865E-05,-0.2179034
-0.4203603,0.02166232,-0.6939949,0.1346886,0.252237,-0.01434467,-0.1704531,-0.6461946,-0.3034877,-0.2571826
0.3174238,1.305102,0.2525827,-0.2183803,0.06683248,0.4845912,-0.01527399,0.03607914,-0.2001024,-0.01146764
-0.06971443,0.07955109,-0.2818248,0.4778081,0.06629325,-0.4582533,0.2401364,-0.4405312,-0.06040555,-0.3006434
0.191157,0.1771978,-0.277555,0.1168346,-0.03722932,-0.05311531,-0.3579586,-0.007425156,-0.2778578,-0.8092317
0.04789158,0.06708425,0.000210828,-0.06986767,-0.02866975,-0.05313611,-0.01444122,-0.0843062,0.2430352,0.2197281
0.0744297,-0.008815541,0.006741714,-0.3898808,-0.00605542,0.2251528,-0.07659383,-0.04222388,0.2594573,0.214475
;
-0.003934801,-0.02889805,0.1057026,-0.6805013,0.64002,-0.1173081,0.06663606,0.01047041,0.1716853,-0.3319876
-0.4674224,0.6119336,-0.001931599,0.4762422,-0.172026,-0.1938657,-0.1618762,-0.01744096,0.05770288,-0.01533836
;
-0.04393651
-0.2124416
0.2375444
-0.1055086
-0.06176663
0.2459475
-0.09560283
0.08132751
-0.3431782
-0.01369121
;
-0.4975465,-0.09122614,0.2063145,0.1999982,-0.3982497,0.04851132,0.5190356,0.6212994,0.07909606,0.2960309
0.4119506,0.439526,-0.03242344,-0.04703309,0.3556445,-0.2016557,-0.1905361,0.1483269,-0.06516964,-0.01121121
-0.161656,0.2689204,-0.2181156,0.1336091,-0.08065537,-0.0788459,-0.03990644,0.2054305,0.1349721,-0.178034
-0.0004748879,-0.06241995,-0.2293848,0.2214018,0.0009647016,0.2519508,0.4324498,-0.05848362,-0.4449805,0.08153139
0.5790398,0.3804266,0.3612678,1.098381,0.02587861,0.1243729,0.213911,-0.04416126,0.2518904,0.09861714
-0.1265455,-0.3372962,-0.00425759,0.1314238,0.1335153,0.2710566,-0.02386886,-0.2678434,0.09743696,0.5641452
-0.3251233,0.01483676,-0.0003056601,0.695744,-0.01288432,0.4220332,-0.1814067,-0.4801211,0.06405073,0.003246674
0.07158325,-0.2009716,-0.149931,0.06606103,-0.4480797,-0.185705,-0.7016516,0.2048599,0.02220851,-0.2575258
0.07355589,-0.1802739,-0.7595034,0.002633893,0.0007813607,0.485981,0.01119598,-0.1711344,-0.08911388,-0.1426959
-0.3099982,-0.340607,0.2708142,-0.6565723,-1.733238E-05,-0.002424908,-0.003363626,0.2146885,-0.7905486,-0.2633264
;
0.3560587,-0.1512469,-0.3638913,-0.003385423,-0.1602279,-0.08648359,0.1818031,0.6449969,0.4106386,0.007107198
-0.4457203,-0.4924572,-0.3522553,0.08041745,0.00863996,-0.06368977,0.1666922,-0.3988955,-0.4825046,-0.04388247
0.3269448,0.2650894,-0.3009889,-0.04461044,0.006532233,-0.05321962,-0.2954599,-0.1083378,0.3283783,-0.00123436
;
