-0.03278859
-1.089642
0.03462014
0.5389946
0.2466901
-0.4085526
0.1954549
0.2639849
0.03262569
-0.7255495
;
-0.7256778,0.06904477,0.4002659,0.8098556,-0.2362604,0.2576596,-0.05372141,1.020547,0.1809887,-0.07109529
0.003617164,-0.05539769,0.2412876,0.4033241,-0.04001151,-0.06119473,0.0483745,0.1462106,-0.1812383,0.02210096
0.04380881,0.4056867,-0.2186864,0.04216057,0.3216389,-0.002221608,-0.2632221,0.02885666,-0.3082943,-0.1028827
-0.5586715,7.981271E-05,1.036771,0.2697153,3.829205E-05,-0.6797806,-0.02536424,-2.823691E-06,-0.04939705,-0.3097009
-0.03106374,0.003652363,0.07622842,0.128603,-0.1734989,-0.04090009,-0.2731943,0.006531915,-0.4946035,-0.4193096
-0.1663044,0.8207451,-0.04417604,0.2083716,-0.002083245,-0.102954,-0.06074029,-0.0003448193,-0.05262289,0.02479987
-0.1351379,0.2722956,0.03718446,0.02609321,-0.02742353,-0.2629823,-0.01205215,0.2426621,-0.7429757,0.6980597
-0.2720637,-0.04148785,0.153147,-0.07660513,-0.4951795,0.5215108,1.039281,0.3589504,0.6080817,-0.2234729
-0.03095847,-0.4389158,-0.0001592325,0.1149667,0.1970259,-0.3415115,-0.4062157,0.0128397,-0.05001003,0.5549358
-0.001036138,0.01007316,-0.2667521,-0.3934312,0.7538566,-0.03118547,0.06334167,5.284867E-05,-0.07812429,-0.3556097
;
0.01521627,0.1435305,0.4000032,-0.0221352,0.1822475,-0.3828152,-0.005457561,-0.2140795,0.2422135,-0.3208357
1.563286,-0.0132778,-0.002674671,0.05355401,0.2361737,0.8991405,-0.02929801,-0.3876947,-0.001813004,0.007680766
;
-0.05006212
0.7463856
0.124812
0.05249689
-0.003287697
-0.3325108
-0.2994808
0.1269402
-0.003371551
0.04177766
;
0.215623,0.4260138,-0.2566032,0.0192801,0.1078119,-0.06284889,0.3707466,-0.4485453,0.4325217,0.007689368
-0.2124116,0.8883096,0.06297749,-0.2287773,-0.2224328,0.06141299,-0.2805747,0.2704483,-0.0004201863,0.005803202
0.04989201,-0.422155,-0.002980333,0.2377366,0.07519764,-0.008493476,0.06289887,-0.4383084,-0.0949076,-0.04033536
0.3397565,-0.1172927,-0.0823855,-0.011427,-0.004961953,-0.06791155,0.4043598,0.9455456,-0.07563667,-0.136354
1.936571,0.02888918,0.1022069,-0.2094206,0.01903429,0.004831992,-0.1685554,0.180784,-0.002413054,0.09972209
0.2119435,-0.2309857,0.4831101,-0.184314,0.4547372,0.1229283,-0.03140241,0.009536009,-0.1148633,0.4727416
-0.1709339,-0.06501971,-0.3002623,-0.09852301,-0.01302957,0.4946789,1.368692,0.3739606,0.2585472,-0.1274756
0.2620302,0.06353482,0.003730534,-0.4445887,-0.4030961,0.4449862,-0.1250695,-0.1219732,0.06989031,0.4057227
0.2580806,0.1657905,0.03650116,0.4456328,0.1811336,-0.1177151,-0.1031098,0.8168468,-0.0636017,-0.4025302
-0.4318596,-0.4148208,0.1790132,0.3808829,3.480976E-06,-0.4794078,0.005633,0.7560194,0.3356185,0.003133249
;
-0.01573445,-0.1093081,0.5415307,0.2681096,-0.2469654,-0.3127358,-0.0007571806,0.02425408,-0.2992594,-0.1739961
-0.1160674,0.01596671,-0.2794135,-0.002833178,-0.008305354,0.06598169,-0.01508051,0.2884876,-0.1900442,0.06941407
-0.2089743,0.1082425,0.6216267,0.0989458,-0.1204055,-0.5450163,-0.1206284,-0.02568395,-0.04364318,-0.0229
;
