0.01512266
-0.2651633
-0.09550673
-0.09346484
0.0003187459
0.0008644842
1.799836
0.01669406
0.2294315
0.2683346
;
0.1908934,0.3475338,-0.04806147,-0.3147322,0.4651186,0.2943985,0.05357641,0.01951566,-0.06487817,0.1350071
-1.282911,0.1411151,0.8261845,-0.02268749,-0.01963982,0.05491508,0.1061013,-0.2459713,0.2483247,-0.4435369
-0.06201655,0.03643479,-0.3858476,0.2378108,0.04950391,0.06655353,0.0606764,-0.721519,-0.3891934,-1.277048
-0.09876245,0.1647417,-0.1863481,-0.001231599,-0.3695023,-0.03967937,-0.3594069,0.1585044,-0.001191928,-0.1348088
-0.1665354,0.0221203,0.8733239,0.4060024,0.4636467,-0.005807225,0.183757,-0.08132686,0.0503917,0.142182
-0.1742576,-0.09576828,-0.01870597,0.03875747,0.05163556,0.3224394,0.08515161,0.06026877,0.1330306,-0.2473035
-0.3105216,-0.9338078,-0.009692817,2.78308,0.2369826,0.1347095,-0.0158866,0.6780907,-0.04860956,-0.3968002
0.4116505,-0.1109032,0.7253378,-0.4871402,0.3835347,0.02830797,0.00805573,0.04142418,-0.0003975986,-0.2078473
0.07660276,0.09359662,0.1965886,-0.1434274,-0.1247774,-0.4841466,0.05868435,-0.2738895,-0.2464513,0.008107184
-1.847308E-06,0.2026289,0.02932775,0.05942866,0.8105426,0.1349954,0.01132562,0.03205048,-0.05917556,-0.02926029
;
0.1797379,-0.00962009,0.3304952,-0.1089664,-0.01133009,0.46573,0.02359277,0.005633413,-0.00625063,0.4417391
-3.162626E-08,0.1161186,-0.1332731,0.05731374,0.09173452,-0.2026256,0.01958235,-0.01092271,0.3992031,-0.0008142265
;
-7.675573E-05
0.4592437
0.1932562
-0.07280529
0.128319
-0.004065962
0.1815419
0.1788686
-0.04562464
0.3831366
;
-0.02044082,0.2525983,0.03359348,0.1193834,-0.04895818,0.2494919,0.01785587,-0.0215564,-0.410534,0.1143877
-0.1298497,-0.2906931,-0.0005624683,-0.09809643,0.1934965,0.203226,0.3990136,0.06918982,0.1228088,0.05082732
-0.0350737,0.1542893,-0.4344232,0.01723992,0.1342173,0.2799083,-0.3234999,-0.02622282,0.0674904,0.3288026
-0.1026103,-0.1281736,0.1403492,0.08065496,-0.09204188,0.03902317,0.05370923,-0.4768932,0.1178452,0.1217476
0.5460367,-0.3271388,-0.05880457,0.223986,0.5079407,0.06278387,-0.303144,-0.0269174,-0.02675284,0.265148
-0.1298087,-0.1603203,0.002126326,0.3716525,-0.6084265,-0.3073944,-0.0005512522,-0.009348476,0.1260586,0.04532258
-0.1468251,0.01760072,-0.0524881,0.0001554427,4.142549,-0.1853587,-0.1356801,-0.1851185,0.2717257,-0.3678207
0.5107852,0.2151135,-0.2763069,-0.002834619,-0.199419,-0.1723379,0.3990146,-0.1057707,-0.2487881,-0.1780452
-0.07578665,-0.6165749,0.4112723,0.02501376,-0.05814871,0.07893164,-0.1271175,-0.02331454,-1.230253,0.4771819
-1.066212,-0.1947971,-0.2756894,-0.03666596,0.2410178,-0.03875297,-0.4580746,0.04000849,-0.311018,-0.1918564
;
0.7630364,0.001097221,0.1130773,0.073409,-0.1994952,0.09792627,0.5041317,0.004895558,0.0304477,0.05383044
0.1919064,-0.3421043,-0.4882804,-0.135709,-0.409903,0.3011308,-0.03682584,0.03970201,0.1213842,-0.1084037
-0.2183049,-0.7439725,0.3358694,0.02715,0.6840717,0.1017824,-0.1390253,-0.3868893,0.04379885,-0.01787907
;
0.0215016
0.003643094
0.3134957
0.0009527701
1.275989E-07
0.7640258
-0.1199579
-0.2656268
-0.057328
0.09797114
-0.3232306
-0.001176889
0.3512474
-0.4848268
-0.3358022
-0.00736325
-0.2651374
0.2029799
-0.08079377
-0.03806299
0.6497183
-0.01638994
0.389487
0.01801022
-0.06379223
0.034724
0.04506972
0.4536033
-0.0991599
0.1654191
;
0.006238082,-0.1830035,-0.4733834,-0.0413372,-0.2347795,-0.2767887,0.04039079,-0.00506007,-0.3725992,0.4005057,-0.166299,0.01186253,0.1550535,-0.1103478,-0.6038639,0.4636548,0.03365275,-0.04533146,-0.2602825,1.077059,0.1322146,0.6344832,0.1135515,0.1945656,0.009378345,-0.02535895,-0.1119711,-0.3074595,-0.2500651,0.001517015
0.854986,-0.08855396,0.09000831,0.1760293,0.4925163,0.08952683,-0.1739021,-0.06034961,-0.06401069,0.4792587,-0.6366216,-0.1752152,0.2003244,-0.4831622,-0.03016193,-0.4037744,0.3789074,-0.2435593,0.4633098,0.2459348,0.08327974,0.01898775,0.1882053,-0.04050193,0.4835531,-0.2330772,0.364781,-0.05111367,0.3782987,-0.1834671
-0.8824889,0.3675487,0.3192492,0.4086402,0.1150375,0.9135053,0.07953913,0.4920273,-0.4310083,0.6625192,-0.08879476,-0.1606397,-0.4305255,-0.2352861,-0.3338514,0.001180834,-0.1744805,-1.188489,0.1960012,0.03294537,-0.4604514,-0.05653304,-0.07762503,-0.04052427,-0.1598238,-0.2399147,-0.001460538,-0.4089015,-0.01267668,0.1882356
-0.1569398,0.1608037,0.1534153,0.2771101,-0.2999964,0.4832483,-0.3791631,0.08013259,0.0740853,0.4328291,0.03569738,0.3874366,-0.4019341,0.007669828,-0.2405798,0.03072915,-0.2532841,-0.006961402,-0.01973568,-0.0171489,1.107393,0.01647988,0.4344892,-0.03156561,-0.3209071,0.07792367,0.3644731,-0.4466704,-0.6998912,0.515375
0.008548993,0.07420634,0.216611,-0.3271033,-0.1975416,-0.0002171041,0.1382381,0.0225218,-0.04981588,-0.5318932,0.08389735,0.2495797,1.264836,-0.3658168,0.2657666,0.001657429,0.02593428,-0.02006776,-0.3261133,-0.08014659,0.2212881,0.3165541,-0.1770249,0.03088912,0.3146313,-0.1942919,0.5347416,-0.3101344,-0.22871,-0.1398984
0.2765466,0.09972907,-0.01049369,0.2951028,0.2066883,-0.1760979,0.02682583,-0.1603946,0.1607632,0.04196853,0.1588655,0.2153869,0.265412,-0.06168504,-0.04594737,-0.1148329,-0.02116558,0.2150003,0.1507186,-0.1196232,-0.6113849,-0.1011637,0.241941,0.2281582,0.2684696,-0.2001455,0.1900266,-0.06741308,0.2589997,0.08231832
0.2556651,0.04885906,-0.002533863,-0.1415386,-0.3582655,0.2773597,0.4667071,-0.00216384,0.4221957,0.653979,-0.03310734,-0.4350015,0.2517141,-0.05153447,-0.1880842,0.08688542,-0.0007895632,0.9401857,-0.7322456,-0.2199794,-0.999312,-0.1413153,-0.4997692,0.1481876,0.4249525,-0.2911187,-0.142033,-0.3523853,0.002914869,0.1959312
-0.07260276,0.01877624,0.1865557,-0.4725378,0.4252586,0.1377026,-0.2133157,-0.002677484,0.1045545,0.1366945,-0.1198266,0.05869686,0.323272,0.02293923,-0.4631228,0.836268,-0.9980593,-0.1769581,-0.002935112,-0.4927965,-0.3537763,-0.2231558,0.369396,0.6704489,0.3498517,-0.1701349,0.3960018,0.4352722,0.3038501,0.002583896
0.1556716,-0.2535627,0.5611772,-1.451847,0.361044,0.04951771,0.4012519,-0.01002902,0.00818507,0.4318216,-0.4098473,-0.2952981,0.8023298,-0.389366,0.4739137,0.00354907,-0.6974875,0.418252,0.01291355,1.264182,0.07820994,-0.1634955,-0.1924019,-0.02136924,0.4420512,-0.3257551,0.4500086,-0.323923,-0.0298572,0.01281327
0.07172789,0.004032551,0.05249727,0.08755714,0.2004497,-0.721297,-0.1673265,-0.01588343,0.2574046,0.1831454,0.0003859115,0.1979932,0.3173074,-0.06955153,-0.7139404,0.03121116,-0.06423476,-0.04360396,-0.3309872,-0.110113,-0.01028076,0.06849873,-0.07402198,0.05104762,-0.7459487,0.4030201,0.004206039,0.0330172,0.001265467,0.06982865
0.03237878,-0.1649559,0.5973156,0.1513522,-0.02167298,-0.001518717,-0.003938002,-1.181203,0.0446477,0.02901875,-0.2309362,-0.01470708,0.2399372,0.7803962,0.001864619,-0.4716794,-0.05279857,0.3846911,0.7375252,-0.07131201,0.1316086,0.1162994,0.016702,-0.2311758,-0.09997999,0.3820148,-0.1200355,-1.844587E-05,0.3005728,-0.01309043
-0.2641342,0.0005942726,-0.128919,-0.04994968,0.3459771,-0.2304689,0.006208781,0.1212612,0.3650289,0.03143396,0.03477431,-0.04126753,-0.4980575,0.3013599,6.149851E-05,-0.2796972,0.05141238,0.4449169,-0.2597104,0.270197,-0.06261767,0.3660655,0.009672054,-0.02950079,-0.346158,-0.0009082856,-0.1103879,0.125551,-0.2139407,0.8160601
0.3349243,0.00244253,-0.397606,0.5267564,0.2251933,0.2477893,-0.4446573,-0.0524922,0.2856078,0.1409886,-0.0431899,0.4388708,0.1293864,0.3498802,0.1748309,0.1768787,-1.130462,-0.03246802,0.3817881,-0.6245106,-0.0415296,0.05931361,0.4366156,-0.05336171,0.3258664,-0.3480328,0.007083985,0.1004097,-0.3494366,0.05607408
-0.08905276,0.3105756,-0.008054633,0.3449564,0.04074122,-0.2535397,-0.0002130914,-0.4136254,-0.1364426,0.3746815,-0.0732823,-0.2207999,0.001398467,-0.02760094,0.3991081,-0.05059088,-0.02986204,-0.0617395,0.002266035,-0.04863162,0.04046737,1.471398,0.8403434,-0.009135162,-0.01526573,-0.04393853,-0.05464976,-0.3296057,0.007893536,-0.003570861
0.4200237,0.1841173,-0.02280369,0.004378946,-0.0102621,-0.3458638,-0.2907784,0.4701378,-0.2138611,-0.0001511704,0.02951364,-0.5133763,0.02126216,0.03419738,-0.04949953,-0.4447109,0.2003865,-0.4238188,-0.1477562,-0.01908153,0.01523846,-0.02360429,-0.0200751,-0.02484584,0.2126636,0.02859551,-0.2874554,0.7067459,0.5280977,0.3267002
0.0007978674,0.2930652,-0.0007248985,0.0974163,0.3358265,0.0266382,0.2075955,0.2856308,0.01857632,0.230948,-0.1648098,0.02219313,0.0539313,0.136117,-0.183431,0.005289176,-0.1209151,0.004683618,-0.3518408,-0.4570342,-0.003646562,0.1047491,0.2124372,-0.1154964,0.01767176,0.4280418,0.257112,0.4849271,0.2938567,-0.0261453
-0.2325498,0.04574712,-0.02867285,0.02741639,0.02999914,0.105037,-0.08445118,-0.6214709,0.009025434,0.345695,0.1243142,-0.4881657,-0.07235531,0.4050507,0.003774941,0.0008249881,0.149372,-0.126221,-0.2726737,-0.1234254,-0.2640898,-0.4049058,0.00888487,0.0155022,-0.1564271,-0.07746752,-0.01500529,-0.05875571,-0.03561524,-0.05182919
0.01338918,-0.1241959,-0.08163235,0.7089062,-0.3333176,0.4256732,-0.003519716,0.110082,-0.008136575,0.2727865,0.1662172,-0.2430379,0.2057375,0.3172673,0.0792895,-0.009378291,0.6195702,0.005588039,0.1938299,-0.006132628,-0.9364457,-0.09176368,0.1678315,0.4588499,0.1088569,-1.045188,0.1196663,-0.1684217,0.09487617,-0.2104158
-0.3274653,0.0251388,4.93598E-05,-0.002334177,0.3337168,-0.003525734,0.4377297,-0.002292392,0.006751915,-0.4869,-0.1701005,0.1233346,0.03126385,0.4090607,-0.001610246,-0.1898262,0.2609574,-0.3114181,-0.3248576,0.3896724,-0.2996058,0.2274569,-0.2907622,-0.3018612,-0.06371389,0.4639809,0.3609925,-0.04666853,-0.07071126,0.09926829
0.07749993,0.6729463,0.374699,-0.01315717,0.0003867821,-0.0640617,-0.4145159,-0.0001632459,-0.4669036,-0.1282384,-0.08505535,0.2106751,-0.4016758,0.08907694,0.01981571,-0.052359,-0.04110962,0.02749819,-4.201248E-06,-0.02107831,-0.2019177,-0.4788003,-0.08135236,-0.08531029,-0.0275335,1.152779,-0.6770508,0.1403912,-0.1171445,0.09684557
0.2996098,-0.2355506,0.3423033,0.01488128,-0.3106694,0.2927426,-0.2429168,0.234059,0.7289552,-0.1791797,0.4927062,-0.02560386,0.008681083,-0.09772772,0.2135575,-0.0339017,-0.02611771,0.2080457,-0.2798849,-0.3688273,0.09915334,-0.05106413,0.03859685,0.1725003,-0.006581162,0.4294779,0.1043499,0.4937749,-0.007231396,0.04331857
-0.7578353,0.2970328,-0.001718918,0.1199077,0.1182904,-0.9146982,0.1812636,0.001583755,-0.09068973,0.05480801,0.3381813,-0.01088803,0.002883196,-0.4509867,-0.3335303,-0.04214211,-0.0373177,-0.1998109,0.002900739,0.1160326,-0.3119955,-3.678045E-05,-0.3845718,-0.6519698,0.0009152846,2.626983,-0.01497208,0.4459672,0.06734568,-0.2154448
0.4848643,-0.03124764,0.2379002,0.02536078,-0.08222264,0.3520248,-0.008638281,-0.08083826,1.304747,0.01866385,-0.6154408,0.2738849,0.5275801,0.001773589,-0.01131027,0.08988751,-0.1037088,-0.1013017,0.06404191,-0.4177465,0.06983151,-0.432193,-0.001370439,0.09808166,-0.1899986,-0.09013845,0.1369928,-0.5252028,-0.5147068,0.1953203
0.006583785,0.004996595,0.001965143,-0.2760164,0.03864618,0.09076827,0.2576841,0.01388463,-0.1087988,-1.722225,-0.4356269,0.07020836,-0.08366887,-1.662608,0.06829512,0.07034212,-0.02915739,-0.4188033,0.6785074,0.8024069,-0.2352556,0.004473005,0.02081195,0.01984776,0.07753363,-0.03356806,0.9078454,0.4445853,0.4636399,-0.02193481
-0.01868112,-0.04483797,-0.3777299,-0.2926923,-0.01375293,0.1280525,0.3481001,0.4951631,-0.1570649,0.419767,-0.05068399,0.1585142,0.4521626,0.2665237,-0.1076864,0.08803482,0.05016625,0.001047964,-0.08749479,-0.007656876,0.1096161,-0.005220475,0.3869339,0.2086796,-0.2888455,-0.3688264,-0.07758231,-0.04491631,0.08016942,6.895852E-05
-3.794594E-05,0.4260079,0.2948722,0.3050925,-0.3079566,-0.004389957,-0.1920575,0.07897887,0.441955,0.446106,-0.1254851,-0.0870494,0.4234526,-0.4485352,0.02791196,0.3883871,-0.3513782,-0.004205788,1.16651,0.1341188,-0.0419324,-0.1982785,0.03441007,0.0132984,-0.08737689,0.5736368,0.1208957,-0.01457717,-1.116776,0.1588232
-0.3873022,0.07948213,-0.01276184,0.05770117,-0.8228576,0.3260062,-0.3477752,0.2154348,-0.03747625,0.1468243,-0.1560709,0.01809928,-0.410798,-0.009550301,0.2451656,-0.0001309875,0.7136654,0.05230767,-0.3905474,-0.004999942,0.01170798,0.02213247,0.03922904,-0.1088346,0.1726728,0.3005944,0.6674452,-0.4693716,0.3305731,0.3638389
-0.6196395,0.7436123,-0.04594944,1.002931,-0.4966028,-0.04777735,0.0588613,0.03242368,0.223625,-0.001266388,0.08806733,-0.05201862,0.03376562,-0.006610899,-2.560131E-06,-0.2415329,0.126892,-0.2264875,-0.1519383,0.004279382,-0.1261426,-0.09908491,0.3715725,-0.09868675,0.2895193,0.1877739,-0.3556992,0.06010471,0.000169103,-0.1026405
0.0009516376,-0.1142501,0.1846896,0.4270145,3.001358,-0.3000387,-0.3613408,-0.6116626,-0.125515,-0.4872838,0.06060122,0.2270131,-0.2142975,0.190873,0.7970531,-0.6851168,-0.2578601,-0.8617486,0.03911322,0.01332812,-0.4667923,0.3845463,-0.01062453,-0.08070535,-0.0009757857,-0.0003767049,0.2306353,-0.3604784,-0.05791703,-0.2286791
0.07884733,0.3120526,1.417479,-0.000178021,0.03084158,-0.3919389,0.2113154,0.3993073,0.01779644,0.2147754,-0.4986011,0.01657201,0.1624485,-0.4615122,-0.008027732,-0.001611077,-0.2677457,0.1129313,0.1306744,-0.1872911,0.4290231,-0.02287868,0.236142,-0.1954666,-0.3446636,0.04853308,0.1202106,-0.03125947,-0.03121954,0.05011325
;
0.09936395,-0.03576273,0.2318044,0.319443,0.07766682,-0.3536621,0.4330416,1.510195,0.000424087,0.02017361,0.1489858,0.1814876,0.1629753,0.07296485,0.3821304,-0.1101502,-0.5775184,0.08248939,0.01872957,-0.04647113,0.2640295,-0.4647955,0.294312,-0.002462622,-0.01774094,-0.2814073,0.3716868,0.01482283,0.01111464,0.2281121
-0.5059953,-0.06553949,0.2369498,0.4944106,-0.1392996,0.3422524,-0.08334337,0.08627723,0.3906475,-0.102009,0.05202824,0.2632381,-0.002850834,0.1183381,0.06051287,0.2368792,-0.3630214,0.1040291,-0.05709372,-0.1617827,0.1747929,-0.3702396,-0.03412873,-0.003094663,0.3212837,-0.6619435,-0.3026247,-0.4886782,-0.08752304,-0.3069344
-1.944163,0.04096956,-0.2010856,0.1805134,-0.2094018,0.3619943,0.110425,-0.0378532,-0.5867791,-0.4822937,0.2453532,0.2716503,0.5658773,-1.987146E-05,0.1883693,0.3064376,-0.04175499,-0.4822328,0.01240201,0.01170176,0.3303645,0.1080232,-0.04949357,-0.4299881,0.04727547,0.2486545,0.02446808,0.3747224,-1.348255,-0.00340803
;
