0.4087485
0.3609059
0.8066641
0.4158506
0.0003187459
-0.05388135
2.549672
-0.3067983
0.2064427
0.2888683
;
-0.181378,0.07468555,-0.2507139,0.1603414,0.3991525,0.01139268,0.07114431,-0.01668482,-0.2433183,-0.2883757
-0.1670715,-0.1411151,0.0554052,-0.04414903,0.01548748,-0.2566353,0.1077172,0.4880623,0.02169815,-0.05770782
-0.122557,0.02254124,0.119251,-0.4105295,0.02828584,-0.01785147,-0.09001905,-0.004387894,-0.3860468,-0.08729106
-0.354777,-1.822181,0.165071,0.00063095,0.06353294,-0.2615092,0.1270629,0.2283633,-9.251427E-05,0.1120599
0.4606981,-0.2129949,-0.09883958,0.1046777,0.3224651,0.03140265,-0.501211,0.03942481,0.5009984,0.1526996
-0.3455334,0.1053056,-0.1162733,0.02742259,0.005580943,0.2587409,-0.2378806,-0.08753095,-0.03238622,-0.1466559
0.2652157,0.3132142,-0.009692817,0.003876265,1.106494,0.3018901,0.2396916,-0.6313182,-0.4906608,-0.1952885
-0.4876025,0.1451582,0.1090418,-0.5824124,0.3236339,-0.3352437,0.007525499,-0.9702417,0.0007353961,0.08239633
-0.07660276,-0.1146332,0.1040847,-0.226826,-0.07381304,0.01078413,0.1387677,0.4544379,-0.04492706,-0.3427427
4.334792E-06,-0.002407297,-0.01384164,-0.3867167,0.4918885,0.001734365,0.4079684,-0.4398789,0.8102776,-0.0185752
;
0.4562258,-0.4469007,-0.187342,-0.1212388,0.3566705,0.2609926,-0.0576377,0.4470698,-0.06772073,-0.2025619
-8.402469E-08,0.5248642,-0.2102311,0.2776681,0.09173452,-0.41145,-0.01958235,0.04079677,1.037995,-0.000199741
;
0.05928031
0.172238
0.1153129
-0.07280529
0.1244389
-0.3856292
0.253162
-0.1498492
-0.1080251
-0.08054162
;
-0.6804593,-0.2311923,0.01978275,0.4318391,0.04895818,-0.09588564,-0.03695017,1.110113,0.001970517,0.2049079
0.4197215,-0.2906931,0.3845153,0.09309334,0.0855057,0.06065268,-0.07902685,0.06300895,-0.1831787,0.004367196
-0.06517829,0.1542893,0.3312198,-0.0008603047,-0.4997468,0.174616,0.1194243,0.125383,0.02972022,-0.5242583
-0.07014958,-0.1281736,0.34575,0.0371291,-0.09204188,0.07175552,-0.0483084,-0.09741896,0.03255111,0.003694747
0.1686793,-0.06865114,-0.05880457,0.3583008,0.246228,0.08038902,-0.2944535,0.01393228,-0.06697318,-0.2157627
0.604084,-0.5337225,0.002500745,-0.04489976,0.2029061,-0.1948845,-2.36879E-05,0.00993802,-0.09895804,0.0199809
-0.1097776,-0.1056706,0.0524881,-0.0001706016,0.3903494,-0.1081172,-0.1356801,0.06362003,-0.1114399,-0.08887345
0.5107852,-0.03053099,-0.05381524,0.001575946,-0.199419,-0.0289249,0.4896537,0.1057707,-0.2487881,0.2691955
0.0948624,-0.5555601,0.212918,-0.1287639,-0.008999666,-0.0001606217,-0.03320808,-0.221088,2.994633,-0.09698561
0.08848721,-0.1947971,0.3053302,-0.03666596,-0.08773988,-0.2344147,0.4580746,-0.4107354,-0.1194085,0.1918564
;
-0.8732027,-0.5011718,0.06082094,0.3077862,0.811121,0.6142468,-0.8923954,-0.002516203,-0.1932241,0.05383044
0.2028027,0.08253162,0.008444111,-0.135709,-0.1342872,-0.03968495,0.1015289,-0.348718,-0.4894737,0.01840335
0.01949006,0.5056489,-0.07725513,0.003163746,-0.1731662,0.9033563,0.1390253,0.1545964,0.04460799,-0.01438816
;
0.0426548
0.0003556714
-0.608956
-0.008051097
6.563394E-08
0.554559
-0.15105
0.4282086
0.00305719
0.5275513
-0.007221997
0.0007489963
-0.3512474
0.456599
0.2806017
-0.04269022
0.1358375
-0.1178969
0.09751585
-0.1031308
-0.0238366
0.04347187
0.7317528
-0.0003669022
-0.1161137
0.3494556
0.04191362
0.4536033
-0.00132176
0.2956837
;
-0.005816509,-0.03458244,0.3970532,-0.0413372,0.03175134,1.534848,0.1365469,0.07355409,-0.4783516,-0.03170756,0.2022079,-0.007699066,0.05031877,0.101776,0.06337041,-0.7354928,-0.2175765,0.04581733,-0.01301154,0.5752536,0.03655746,-0.8741916,-0.3545721,0.0861702,0.003664379,0.002665848,-0.2215689,0.2042973,0.07079652,0.3170064
-0.1465492,0.03178964,-0.04905747,0.1070857,-0.4843717,-0.08981413,-0.0667918,-0.06606288,-0.1471232,0.09213126,-0.1426386,0.1722602,0.02177244,-0.419118,-0.0510555,-0.4731134,0.4023949,-0.1340351,0.01852149,0.2522174,-0.04001391,0.04090767,0.7765582,0.01394377,0.3582592,-0.3370937,-0.4480951,0.01443309,0.2748947,0.1661939
-0.05546445,0.05323774,-0.1684652,-0.2559389,-0.1906472,-0.9825862,-0.1273687,-0.4825479,-0.196533,-0.0906474,-0.02868013,-0.1205449,0.1548432,0.657699,0.8219,-0.005041946,-0.2482236,-0.3010404,0.4449102,0.2867714,0.07751006,0.004425125,0.1571015,-0.002186283,-0.1598238,-0.58851,-0.4587601,0.2995986,-0.4613017,0.4947139
-0.08603104,-0.2537351,0.1787333,-0.0644539,0.5407982,-0.0478253,0.80458,0.3753688,-0.4840649,-0.1300403,-0.1243222,0.2567422,-0.008194013,0.1864385,-0.1577064,0.01267586,0.2572847,-0.0006975547,-0.6962629,-0.005342574,-0.4838789,0.0002671993,0.5646204,-0.4917972,0.2727115,0.01130982,0.8109409,-0.1410297,-0.2618002,-0.6677451
0.004344488,0.4745392,-0.216611,0.618853,0.4565922,0.04065232,-0.2962259,0.1892507,-0.1723332,-0.1973754,-0.2342976,0.2495797,-1.657695,0.6777782,-0.1163576,0.1512042,-0.3139367,0.1520284,-0.5320321,0.01751959,0.8363603,0.5711699,-0.2527394,0.01634463,-0.3146313,-0.06850111,0.5266437,-0.3484615,-0.706356,-0.2448114
0.3092532,0.4491961,-0.2900685,-0.05660284,-0.03417054,0.1372502,0.01083759,0.02837686,0.4236649,-0.04222802,0.3611909,0.19803,-0.08586367,-0.06195357,-0.3190895,0.210838,-0.03172326,0.1587009,-0.07795457,0.07308666,-0.001220524,-0.4451888,-0.2063342,-0.2645285,0.01175214,-0.2001455,-0.2436536,0.02450913,-0.1058242,-0.1348952
0.4675224,-0.01656434,0.002533863,0.1434322,0.2579567,-0.2824354,-0.4267212,-0.4046179,0.2601398,0.2153621,-0.5227758,0.1661882,0.07926996,-0.3610363,-0.1880842,-0.1284841,0.348452,1.871925,-0.1734794,0.184444,0.9172482,-0.2710506,0.3821204,-0.07062114,0.3127668,-0.006193286,-0.3121764,0.1627245,0.002914869,-0.1959312
-0.004396823,0.005953372,-0.3940615,-0.06258906,0.3044449,-0.1735168,-0.03340059,-0.3807592,0.02598573,-0.4130702,0.05428317,0.01101762,-0.3127812,-0.0176869,0.107675,-0.1874235,-0.3823776,0.0483472,0.003420724,0.2340987,0.01796941,-0.06315758,-0.1954958,-0.3900455,-0.1833223,0.0224163,0.2225196,0.02344781,0.1813511,-0.007325077
-0.1827317,-0.2700245,0.03368872,0.09099394,0.4744104,-0.1706426,0.1041947,-0.3488828,0.3895495,0.00637016,0.2500353,0.3309786,0.5999603,0.07775641,0.148574,-0.3830668,-0.01573713,-0.001482452,0.1639804,-0.1136114,0.1162201,-0.1423979,-0.1998335,-0.007074959,-0.5405037,0.1516523,0.2376068,-0.03326041,-0.02204985,0.2344285
-0.2038654,0.1353119,-0.8047307,0.2214055,-0.2406474,1.15247,0.1367916,-0.3044403,-0.1709068,0.3011256,0.5707174,0.1445846,0.1638144,0.3228173,0.456204,0.008183879,0.3878815,-0.3213114,-0.3965188,-0.3491588,0.6559415,0.3441637,0.3462363,-0.005704632,-1.395063,-0.07951814,0.004206039,-0.4205018,0.0006794755,0.2188619
0.02171041,-0.05346965,0.0821446,0.4266845,0.02167298,-0.001419696,-0.003606667,0.1716766,0.1512419,0.2655637,0.0426801,-0.371833,0.3486453,-0.08538121,0.0006110511,-0.1187913,0.005480853,0.4573388,0.1549424,-0.4371113,0.07531029,0.4790468,1.806783E-05,-0.03367411,-0.2113188,-0.1120942,0.2046595,-0.3269941,-0.2808173,-0.5566601
0.03780994,0.3496362,0.110088,-0.0003933621,0.2309878,-0.3032079,0.1890929,-0.009253959,-0.6488934,0.2236817,0.05589814,-0.04674836,0.00398773,0.2170106,0.1733366,-0.1589857,0.3874583,0.1864806,-0.2603167,0.352031,0.08048899,0.01468558,0.06243187,-0.4345846,-0.1077585,-0.3958447,-0.3285241,-0.4420885,-0.2139407,-0.3320549
0.3763385,-0.09266609,0.3834735,-0.2029527,0.01009773,-0.09105414,-0.06891057,0.1062471,0.1423605,0.4174305,-0.07386352,0.1957112,-0.01997513,0.06588057,0.3206857,0.003388067,-0.1972337,0.09085667,-0.1577922,-0.2456612,-0.005734925,-0.5177338,-0.05096209,0.09846562,0.08884376,0.0009226108,0.1921381,-0.05081242,-0.3393276,0.2479008
0.2305201,-0.2831413,-0.006595531,0.01337565,0.4625792,-0.002010872,0.06612092,0.1879553,0.4311044,-0.2285208,-0.09320676,-0.4473203,-0.138616,0.1737874,-0.6383047,0.05419952,-0.2943836,-0.02283679,0.008633247,0.1142501,-0.007893449,-0.1410568,0.2817528,-0.0232811,-0.4115125,0.4933562,-0.2166394,-0.9693779,0.004567649,0.0298658
0.411558,-0.1364012,0.0124804,-0.3179909,-0.008085286,0.3458638,0.0208799,-0.4352626,-0.01796751,0.1168463,0.07072542,-0.5370886,-0.2284156,-0.05482769,0.3600776,0.2874705,0.2003865,0.08770424,-0.1257873,0.2292609,0.02929431,-0.3783524,-0.0253568,5.567606,0.1348105,-0.1903145,-0.01136857,0.153528,0.05198091,0.01393883
-0.0003481816,0.2930652,0.4738208,0.03887129,0.1443,-0.004621963,-0.09618201,0.7552375,-0.4037205,0.9978986,0.054478,0.2902944,0.132118,-0.6974705,0.4626999,0.009840631,-0.1400517,0.004683618,-0.1060566,0.2510719,-0.006150873,-0.05202306,-0.4437501,0.73576,0.0244338,0.03828944,-0.4234235,-0.6208697,0.0839463,-0.002512075
0.332855,-0.04747703,-0.02867285,0.2295896,0.1045702,0.07303435,-0.0649427,-0.3104559,-0.3169236,-0.0450688,-0.1842539,0.1699947,0.08506016,0.2479878,0.1100516,0.0002598081,0.1158603,-0.1142865,-0.4108717,1.431906,0.4050814,0.3783452,-0.1229731,-0.4001027,-0.464108,-0.1025659,0.05956298,-0.00717242,-0.4209504,0.2513537
0.1135242,-0.4803569,0.4341002,-0.01465122,-0.02747609,0.000384426,0.006016631,-0.019301,0.02095051,-0.2494764,0.4348502,-0.00756512,0.1704266,-0.03523972,-0.3329492,0.1265672,0.9000908,-0.2177028,0.005000847,-0.01282147,-0.2999032,0.07263899,0.1125633,0.332846,0.07088932,2.507512,-0.5225365,-0.1125057,-0.2078367,0.2150876
-0.07258184,0.007880496,-0.01338571,-0.002624094,0.3195381,0.1912473,0.3066821,-0.1980326,0.2493999,0.3524207,0.610442,-0.2377207,0.4005372,0.2260715,-0.3996537,-0.4696935,0.1737332,0.1215556,0.0221638,-0.3869604,0.1857428,0.4560122,0.4959663,-0.392488,0.4868248,0.0188584,-0.07174975,0.0138734,-0.2188862,0.02651293
0.05784298,0.6729463,-0.1834638,0.2756678,-0.2424438,-0.0664466,0.03891047,-0.04035741,0.1077384,0.2535423,0.2414739,0.2802152,0.1925914,-0.3595312,-0.007582447,-0.052359,-0.05296554,-0.100797,-7.464058E-06,-0.00354504,0.01173266,-0.04782635,-0.0006658278,0.1245715,0.000931522,0.1309727,-0.6514923,0.5132654,-0.1414446,0.04392916
0.1104832,-0.2355506,-0.03351073,0.04691215,-0.4752971,0.01509112,0.2428117,0.4474033,0.2785231,0.09539723,-0.1110377,-0.4410391,-0.4228039,-0.3015588,0.1917116,0.001252061,0.06078535,0.2216871,0.3853139,0.1238403,-0.1149329,-0.06653458,-0.5796453,0.1411511,-0.1120656,-0.3632149,-0.05066118,0.4937749,0.09257489,-0.1865962
0.4423088,-0.2970328,-0.1055327,0.1946699,0.6895431,-0.1195017,-0.01981677,7.15555E-05,0.001200863,-0.2322496,0.3031673,0.3285412,0.5088362,1.328715,-0.3335303,0.1353947,0.349082,-0.1998109,-0.00123365,-0.317714,0.4781102,0.4692827,0.3845718,0.3656323,0.4283375,-4.064837,-0.6019846,0.6324211,-0.008676456,-0.2154448
0.1589585,-0.2238774,0.461172,-0.06041788,0.02529685,0.1582885,-0.3339909,0.08083826,0.03074794,0.01866385,-0.4875585,-0.07996237,0.2887453,0.4828775,0.6684487,0.2879596,-0.1044326,-0.1140032,-0.0162149,-0.01676291,0.4937801,0.2257682,0.02791112,0.09808166,0.1183881,0.05358094,0.08609931,0.5252028,0.06552035,-0.05874529
0.007654426,0.006265996,0.001330052,0.2403695,0.1515443,0.4891875,-0.04391531,0.01784121,0.09697827,0.4023982,0.4625188,-0.9183896,-0.2324625,-0.1125336,-0.1065176,0.07642132,0.1010663,0.2110062,-0.1270289,-0.3262228,-0.008845233,-0.001876031,0.02534827,-0.330706,-0.03405942,-0.03356806,0.3150899,0.0004088312,-0.008415373,-0.02493292
0.009571027,-0.06837314,0.2134511,-0.775345,-0.004235839,-0.1937505,-0.005627096,0.8380795,-0.1482875,0.459214,0.05358712,0.1555968,0.5151805,-0.00879925,0.6676987,0.2450723,-0.07247752,-0.1980964,-0.2572767,-0.5858881,0.08522328,-0.004826083,0.6675954,0.02234189,0.7096074,0.8566304,0.02666527,-0.1941906,0.06285661,0.000162267
-5.60757E-06,0.05106848,0.08132523,0.01313062,-0.3042077,0.3846694,0.009871988,-0.1362403,-0.1844116,0.2478385,0.005408108,-0.06669027,-0.2703005,0.3962924,0.02198921,-0.007541852,0.2851059,0.3680208,-0.510092,-0.05252878,0.01389629,0.1982785,-0.05862425,-0.4977542,-0.1248737,-0.0137257,-0.4109515,-0.2969341,0.3534189,-0.2818698
-0.9358861,-0.1588083,-0.0004149808,0.0004946702,-0.06594247,0.1745018,-1.020015,0.1772688,0.1869767,-0.1920716,-0.12401,0.0104838,-0.1075168,0.0009022315,-0.01856044,0.444821,1.07165,0.2319581,0.7573473,0.616326,0.06764793,0.1000648,-0.4593209,0.100448,-0.2461688,-0.3920742,-0.1254044,-0.06208336,-0.08598559,-0.2096305
0.2733679,-0.05258265,-0.393553,-1.831497,-0.2242017,-0.03007544,0.11386,-0.4874418,0.1138721,-0.3690891,0.2286351,-0.03149599,-0.06898408,0.7080048,-7.722924E-07,-0.4318583,0.009169634,0.05567338,-0.2749968,-0.001902921,-0.3415707,-0.3612181,-0.1287474,0.1870804,-0.2895193,0.01201617,0.4334247,0.1911237,-0.3226455,0.1693301
0.4050696,-0.1080536,0.1772575,-0.2240948,0.3038942,0.2864003,-1.448033,0.08231311,0.2130604,-0.5671355,0.2725086,-0.1332541,-0.009527584,-0.2248645,-0.7970531,0.6851168,0.3802577,-0.07484154,-0.02109792,0.0247764,0.2047223,0.267547,0.1151801,-0.3472754,-0.0008457055,0.3397861,0.3538734,-0.1894593,-0.04125788,-0.2450879
0.09434992,-0.140998,-0.1783398,-0.7325211,0.2113497,-0.2619561,-0.002435565,-0.00169105,0.0302396,-0.1011692,0.2344055,-0.3586233,-0.5501644,-0.8564442,-1.469178,0.0180082,0.001185241,-0.001987967,0.06627545,-0.01303456,-0.4959291,-0.05576831,0.1454493,0.4316585,0.4200999,0.003949294,-0.003585137,-0.02351705,0.3603607,0.1646767
;
-0.03694995,0.2478306,0.002033648,-0.1291845,-0.01299364,-0.6616703,-0.07936811,-0.3697745,0.1449885,0.4157287,-0.2267907,0.2892005,-0.05442137,-0.2255816,-0.381689,0.1147229,-0.3061766,-0.2733665,0.03452745,0.01133364,0.004532104,0.1089766,0.01225457,-0.1918632,0.005787204,0.01046816,0.5671526,0.01738623,0.01058211,0.09825683
0.4155758,-0.008737861,-0.07538635,0.3595476,-0.3375379,-0.1078091,0.4648795,0.2727283,0.5141793,0.04805632,0.4450609,0.4517559,-0.005137397,0.1316694,0.2000155,-0.2368792,0.3630214,-0.2148223,0.03131006,0.2254722,0.01808717,-0.897451,-0.03412873,-0.008932436,0.413458,-0.2796264,0.09728674,0.0450004,-0.04640608,0.3069344
0.05009709,0.03316415,0.5652568,-0.1992615,0.4279049,-0.4741396,-0.1546512,0.04562708,-0.5867791,-0.04028656,0.4126188,0.1104207,1.075079,-0.0002195289,0.2236652,0.3612375,0.07984179,-0.07359664,0.01145835,-0.2705162,-0.2979733,0.03003251,0.4618107,-0.3426174,-0.01023534,-0.02911827,0.1895803,0.7475052,4.352965,0.006197012
;
