-0.02189857
0.4744647
0.2016443
-0.6045628
-0.001076246
-0.002350328
-0.004732328
0.004882012
-0.4243686
0.3404835
;
-0.04695501,-0.009930343,-0.1228104,0.1725701,-0.4436278,-0.07676174,0.02064828,0.5133588,0.2910666,-0.3432816
0.01685714,0.00672301,0.03286785,0.01532871,-0.46543,0.1390178,-0.01690424,-0.0719367,-0.07381313,-0.08639851
-0.2531757,0.1897765,-0.3432616,-0.1913304,-0.2791871,0.6084372,0.0261727,-0.9343894,-0.109394,-0.1743657
0.02200659,-0.001562851,0.02893811,0.07291376,-0.3322093,-0.00907006,0.003532541,-4.167396E-06,-1.006777,0.3196416
-0.08163067,0.008823344,-0.8639269,-0.1160653,0.4793744,-0.01124852,-0.2675226,-0.4648716,-0.06836173,-0.3687651
0.3174238,0.4481623,-0.2808534,0.2183803,0.06683248,-0.7683036,-0.3811539,0.03607914,0.0007375273,0.01090726
0.1167187,-0.06522054,-0.2168242,0.4778081,0.187988,0.4582533,-0.2401364,-0.4405312,-0.5776535,-0.3006434
-0.3294524,-0.1771978,0.1458302,0.7767794,0.4969594,0.2661982,-0.08837744,0.4235686,0.4370911,-0.8092317
5.135582E-05,-0.3912787,0.0001232259,0.06491327,-0.0255745,-0.3598951,-0.01444122,0.04813952,-0.0332436,-0.4817653
0.0283298,-0.008815541,-0.2165269,0.2504884,0.6767832,0.9093785,-0.1529441,-0.04222388,-0.08730462,-0.3509866
;
0.001426414,-0.07790364,-0.06465775,1.08443,0.1284399,-0.1173081,0.4270741,0.01861087,0.4776025,0.03708547
0.7319967,0.01428109,0.001931599,-0.0185222,0.05103939,-0.4583914,-0.06857295,-0.4347574,-0.05770288,-0.3642163
;
0.02229504
-0.4060521
0.4510833
0.1055086
-0.09395809
-0.1808905
-0.1746982
0.08132751
-0.4162046
0.02504016
;
0.1328282,-0.10362,0.1492393,0.001823303,0.4080969,-0.053154,-0.05130702,-0.3232684,-0.4491262,0.04976977
-0.05453795,0.5212428,-0.03242344,0.001858512,0.1111999,0.01561737,0.2535746,-0.2704483,0.008898987,-0.01121121
-0.161656,0.2689204,0.009374586,0.1471611,-0.08065537,0.126303,0.05304059,-0.02409106,-0.2229696,-0.0609702
-0.0009485911,-0.06241995,0.007176382,-0.1258434,0.3149036,0.249197,0.0615775,0.08911543,0.08936428,0.04262853
1.189721,0.2271535,-0.05189455,-1.098381,0.02587861,0.01201661,-0.1140153,-0.1404977,0.3529335,0.05931671
-0.1265455,-0.02998397,-0.2387257,0.1314238,0.1335153,0.400402,-0.2822595,-0.01408693,-0.1620401,0.7733305
-0.3251233,-0.02417257,-0.0005793577,0.695744,0.2538553,0.07269603,-0.1814067,-0.4801211,0.03450947,-0.3353374
0.07158325,0.3119242,-0.149931,0.06606103,0.3658683,-0.3634295,0.7016516,0.2334896,0.02220851,-0.4111554
-0.1350785,-0.03444903,-0.08686322,0.686166,-0.0007813607,-0.3858018,0.3768724,0.4148598,-0.05190699,-0.26009
0.1870769,-0.4148208,0.4206735,-0.6565723,2.497543E-06,0.7726333,-0.003363626,-0.3669252,-0.07124358,-0.004993028
;
0.594583,-0.216044,0.5353435,0.003141885,0.4458275,-0.04700012,0.05808419,0.4238024,-0.4106386,0.0089714
0.03674465,-0.02788609,-0.3522553,0.03994333,-0.005514992,-0.06368977,0.1666922,-0.3988955,-0.7212662,0.07461445
0.2720853,-0.1450497,0.2758819,-0.1671513,0.008239298,-0.2835376,-0.4057536,0.1465768,0.01089626,0.001865022
;
