0.1244492
0.1927925
-0.1919567
-0.01363176
-0.3042367
-0.1642299
-0.4026687
0.203367
0.2044181
0.1621574
;
0.3191797,0.05357844,0.1351905,-0.1614888,0.09537667,-0.08855242,0.02401537,0.3861439,0.1233884,0.1763102
0.2227815,-0.1092617,-0.1654591,0.0487638,-0.05643088,-0.2433726,0.2838488,0.01548356,0.1742596,0.1340387
-0.1752002,0.1369198,0.1096708,-0.09621018,0.1208636,0.03131884,0.01638681,-0.3793674,-0.2325231,0.3740414
0.03755981,-0.4057416,-0.3045162,0.1658592,-0.06815356,0.3133925,0.3888537,-0.3124447,-0.1001667,-0.06359118
-0.3873808,-0.2186291,-0.07061523,0.382905,-0.3220088,0.4520725,0.3753997,-0.38801,0.07491869,0.1591567
-0.4562237,0.4311889,-0.511214,0.1752899,-0.2416052,-0.1225751,0.06510025,-0.3192892,0.01757747,-0.4574986
-0.2221389,0.3077157,0.01281446,-0.1233005,-0.4877441,0.3565522,-0.8029463,-0.3224174,-0.3361539,-0.3035918
-0.02036172,0.4971254,-0.02113003,-0.05965418,0.09722775,0.0693149,0.203534,0.1256113,-0.4569314,0.726371
0.2779002,-0.05965859,-0.09240483,0.4691019,0.08379537,-0.1606752,0.4094207,-0.2037839,-0.2365898,0.02310365
-0.2854507,-0.5607327,0.1712266,0.1800766,0.0673731,-0.2172428,0.05714732,0.3325843,-0.4189638,-0.4817914
;
-0.2729869,0.07874447,0.04360968,0.4664968,-0.1296243,0.3547367,-0.1828139,-0.2326255,-0.3131866,0.1964073
0.2008648,0.006950557,-0.2714759,0.07707113,0.09683365,0.209383,0.2987705,0.1282146,0.4859217,0.4667546
;
-0.2219035
0.05034584
-0.0837141
-0.4855996
0.4723047
-0.1286373
0.4560946
0.2959985
0.3446774
0.1592886
;
-0.2459465,-0.4394888,0.196599,0.01602,-0.08905393,0.1640591,0.4450126,0.4043015,0.2707806,-0.1139221
0.03602463,0.4812562,0.3936437,0.1873714,-0.1298125,0.005655706,-0.1485552,0.1000296,-0.469111,0.1982338
-0.1268085,0.2352943,-0.2173048,0.2304848,-0.4555269,-0.2156785,0.4712518,-0.1004366,-0.04844195,-0.03079051
-0.4027208,-0.07452542,-0.3218135,-0.4655355,-0.4749284,0.3971393,-0.4728361,-0.2505388,0.1095302,-0.3886925
0.193956,-0.4527218,-0.2281139,-0.09516498,-0.2430812,0.2667713,0.2571765,0.2888871,-0.03855437,-0.21841
-0.3512034,0.3307128,-0.3886691,-0.4992964,-0.4297307,-0.4635764,-0.1186314,-0.09694582,0.4270762,-0.2071646
-0.3555597,-0.05615133,-0.135735,0.2510411,-0.3241454,0.1612638,-0.4899031,0.07735091,0.1079332,0.1356184
-0.04997379,0.4408263,-0.1358796,0.09965509,-0.1009666,-0.413113,0.4025259,0.05782801,0.3821243,0.4720976
-0.3236195,-0.01499552,0.6370751,-0.08243078,-0.4769,-0.1435944,0.3246174,-0.3629781,0.365695,0.05184823
0.4018698,-0.2948055,-0.2878146,0.192103,-0.3268806,0.1444895,0.1421853,-0.3913194,-0.1467624,-0.3054359
;
-0.3313011,0.1934365,-0.09568673,0.15433,-0.3161094,0.1769919,-0.362506,0.446926,0.22066,0.09950608
-0.211963,-0.001646459,-0.465212,-0.0008146167,-0.4168934,0.2845838,-0.1213891,-0.2035198,0.4895332,0.09554356
;
0.01053614
0.1327271
-0.03229069
-0.08199761
0.4073412
0.0553723
-0.464856
-0.0005367267
-0.3825891
0.1860741
;
0.107443,0.03142731,0.2519977,-0.4308295,0.6032152,-0.4065162,-0.494049,0.3146254,0.03238517,-0.09276229
-0.2066231,-0.04725164,-0.1247366,-0.1933412,0.001752426,0.1587173,-0.1998405,-0.006918727,-0.1421949,-0.5582685
-0.3186725,0.2683567,-0.239177,-1.310207,-0.2896873,0.004764896,0.01952525,-0.1903022,0.01277006,0.1838474
-0.09249815,-0.03843446,0.1115759,0.37084,0.037107,-0.01525597,-0.3064271,0.1010754,-0.2658124,-0.1709611
-0.07406931,-0.01553768,-0.2753074,-0.09942526,0.03538687,0.1870205,0.2473208,-0.4111724,0.1903777,-0.473924
-0.2196606,-0.4427915,-0.6709729,0.2783015,0.07385318,-0.03883035,-0.01808768,-0.1612332,0.197098,0.1060551
0.5660028,-0.3815094,0.249969,0.3129313,-0.06896812,0.4353091,-0.4841005,0.1494953,-0.0509246,-0.09550291
0.006928772,0.02663232,0.02986909,0.0122275,3.227882,0.09327643,0.007534562,0.3286491,0.1359272,0.09693507
-0.1047996,0.06314581,0.1335683,-0.1885458,-0.6991446,0.1096184,-0.4427929,0.0002523065,-0.4117461,-0.1806666
-0.1819112,-0.2169864,-0.5537846,-0.02845747,-0.3659329,-0.140246,-0.0005794981,-0.2938426,-0.1221656,0.01550274
;
0.6172405,0.008843152,0.02663393,-0.3771448,0.04591399,-0.2128067,0.05380164,0.09088546,-0.4144017,0.009950578
-0.005991335,-0.1008992,0.08699709,0.03739051,0.2284586,0.02387947,-0.4146193,0.3487374,0.02999936,0.1518414
;
0.4138534
0.3760954
-0.1735337
-0.3970809
0.324746
2.851226E-05
0.9659292
-0.02753741
-0.146237
0.01561481
;
-0.05455881,-0.1654793,0.5165067,0.1083717,0.03900221,1.629766,0.1987674,-0.04019594,0.476701,-0.4814695
-0.02027634,-0.07839476,-0.4765013,-0.3538406,0.2447879,-0.006103394,-0.0439068,0.07346894,0.001819434,0.1021736
0.04478813,-0.03471188,0.4355725,0.2175274,-0.2343504,-0.2107498,-0.0001501329,0.0682798,-0.2468829,-0.01644201
-0.02020003,-0.01600898,6.415446E-06,0.1439751,-0.2619081,0.4172074,-0.09149252,0.159652,0.5059544,-0.397383
-0.3452437,-0.4929529,-1.654872,0.03113851,0.2968158,0.01680393,-0.001560461,0.08103047,0.03184199,0.01201044
-0.2783763,-0.4871674,-0.1583128,-0.3685309,-0.05384964,0.3420113,0.2691467,-0.0297155,0.04772242,-0.001734762
0.5335355,-0.4288732,0.2707187,0.3215502,-0.4015416,-0.2905071,-0.2873714,-0.3870635,0.3717191,0.1626611
-0.3522122,-0.003998782,0.04319149,0.07220619,0.6564161,0.3554994,-0.3083118,0.2123254,-0.02174939,-0.001529855
-0.2905199,0.3287733,0.1121104,-0.2168285,-0.0120729,-0.01507528,-0.2668996,0.1058477,-0.1368616,0.001537961
0.393443,0.3820345,0.08483148,0.7087982,0.02293663,0.01748813,0.1389174,0.3545151,-0.2823458,0.3566897
;
-0.02237963,-0.3107349,0.1234665,-0.2618206,0.4667965,-0.2464455,0.01554697,-0.5494258,-0.3362257,0.4270077
-0.05922979,0.1412458,-0.1425119,-0.2325543,-1.692422,-0.6189576,0.2623425,0.005420268,0.006709571,0.3220339
;
0.1165364
0.1059645
-0.09626789
-0.1278974
0.6096404
-0.3338437
0.1754233
0.1349007
-0.07933027
0.6318029
;
-0.2948998,0.2466502,-0.1285556,-0.1379421,-0.0790059,0.007998577,-0.3546767,0.4334259,-0.04961104,0.01718885
0.316628,-0.004175902,-0.3518378,-0.1711707,0.601661,0.3491592,-0.221141,0.3045235,0.05980941,-0.6473165
0.4144605,0.06127602,-0.01048917,-0.3480235,-0.118497,0.04799408,0.001319025,0.2583517,0.2575593,-0.3320936
-0.7280653,0.03099515,0.03454197,0.458542,-0.0006647157,-0.09519468,0.4108813,-0.05907724,-0.07252507,0.1308702
-0.05721899,-0.08175321,-0.1385874,-0.008977112,-0.1479514,0.01689135,0.07216287,0.3048633,-1.986379,0.03734666
0.1265349,0.3091553,-0.273598,0.5022339,0.08118656,0.4005682,0.4106085,-0.2859374,0.02028948,-0.2819043
-0.8271346,-0.002251796,-0.2248583,0.3423191,0.3622962,0.0174086,-0.3459841,-0.1434521,0.353467,-0.3461972
-0.4998035,-0.2556286,0.3677973,-0.008252782,0.1406148,0.1269454,0.2368634,0.145986,-0.2882643,0.1310181
0.009114805,0.0017555,0.2376938,0.02125913,0.03058849,-0.04227141,-0.1413762,-0.124084,-0.1827633,-0.2106654
0.139525,-0.06195873,-0.0005720962,-0.0684489,0.3719406,-0.008790912,0.3463172,0.9773192,0.5845833,0.09817523
;
0.1747495,-0.2142121,0.2769495,0.03762912,-0.4914277,0.44169,-0.219533,0.2623519,0.2710025,-0.6121831
-0.005343139,0.004058676,0.258253,0.2205603,-0.08512611,0.1808722,-0.4285107,-0.1312456,-0.4691952,0.3023493
-0.06642298,0.5039186,0.05905249,-0.2441035,-0.03462061,-0.3086088,-0.664329,0.4483114,-0.3593066,-0.004435607
;
0.3058449
-1.145459
-0.02315435
0.007597586
-0.0260091
0.4679929
0.03179139
-0.01232856
0.1510184
0.475885
0.3574857
-1.31628
0.1851961
-0.07426927
0.434128
0.2739557
-0.6029359
-0.1846543
0.2913675
0.1911869
-0.1051382
-0.3076819
-0.4369728
0.1519041
-1.949719
-0.3065282
0.5167452
0.433576
-0.0102785
0.324147
;
-0.01484456,0.9611355,0.1633134,0.3321502,0.1758498,0.1031636,0.5608143,0.2690469,-0.7422645,0.02022702,0.3211918,-0.3944788,0.02026589,-0.2865287,-0.2370193,0.1233371,-0.01315433,0.04413233,0.4573815,0.09788054,0.0183626,-0.3411498,-0.3875831,0.02956191,-0.07977727,0.007925212,-0.4198431,0.9429584,0.2735931,0.1700117
-0.07178731,0.01723255,-0.2518847,-0.4365458,0.1303668,0.0990992,0.2417158,0.2021561,-0.0005865693,-0.1185781,0.4134999,-1.011953,-0.2357061,0.03361449,-0.5255573,0.2771719,-0.01758878,0.2467429,-0.007213092,0.08581096,-0.03703065,0.5533869,0.05684406,-0.26244,-0.1773848,-0.4415078,-0.09568332,-0.1134747,-0.1566183,0.1634738
0.3461609,0.2495735,0.2614495,-0.2120686,0.4448228,0.1196302,-0.4124081,-0.04904369,0.04681412,0.2035221,-0.1481614,-0.08944478,0.03906117,-0.1063718,-0.3401071,0.7215376,0.4739407,0.3515997,0.4494173,-0.007604649,0.07233761,0.2304321,0.3271857,0.127468,-0.2489632,-0.1559227,-0.2492532,0.4835444,-0.01148435,0.2646664
0.07352135,0.3039706,-0.03918405,0.3899121,-0.06382424,-0.0167783,0.1082144,-0.4044498,0.4974256,0.2921728,-0.1162706,0.6712328,-0.1230808,0.2469263,-0.07614225,-0.3159868,0.4227984,-0.007714263,0.366322,0.2925471,0.2893642,0.5495201,0.2089376,0.08396751,0.3276551,-0.4303044,-0.02397313,-0.007741078,-0.1461316,-0.1747733
-0.4460214,0.003793871,-0.1322136,0.1088132,0.009213386,-0.2160413,-0.4032864,0.7880535,-0.5708433,0.04395002,-0.06958308,-0.04247981,-0.06020958,0.02347771,0.1121165,-0.08524674,-0.0126838,-0.2005926,-0.4886899,0.2821003,-0.02686518,0.05987474,-0.2099583,0.2766581,-0.04878285,0.1963547,-0.05010623,-0.4081861,0.1281078,-0.8992413
-0.2728833,0.07178169,0.002285846,0.1375288,-0.2478041,0.1611527,0.08257978,-0.4068808,0.1573474,0.3736238,-0.03429104,-0.3911083,-0.1125841,0.07153329,0.2031781,0.00567115,0.05236246,-0.3692104,-7.726774E-05,-0.1205352,0.5075974,-0.2342317,-0.04163998,-0.1498406,-0.1079894,-0.426555,-0.001122689,0.6114003,0.3948613,-0.09690654
0.3811427,-0.2505827,-0.5635148,-0.2961625,-0.1825933,-0.1178883,0.5506634,-0.0004645219,0.2482029,-0.1928744,-0.03287156,0.2268314,0.02874273,0.2002006,0.1168109,-0.5801716,-0.4426427,-0.3228128,0.2958281,-0.02612144,-0.114037,0.03375885,1.465387,0.07005967,0.3595806,0.002815392,0.2570878,0.03320907,-0.1534659,0.812664
0.1449723,-0.3870766,0.3205619,-0.7408648,-0.4045519,-0.1550381,-0.422628,-0.0101216,0.2867693,0.5614462,-0.8403643,0.03929108,0.480657,-0.1418164,0.4780272,0.0853073,-0.4343019,0.0006786858,-0.1997927,0.2466273,0.6682959,-0.2017606,0.110207,-0.03518373,-0.01903786,-0.7619829,-0.4411248,0.8456197,-0.03896935,-0.02037348
-0.4871131,-0.2743402,0.2028828,-0.3710856,0.04519429,0.09350544,-0.2178538,-0.3968546,-0.2297467,0.2926766,-0.4834895,-0.3322238,0.3639106,0.1318011,-0.009578124,-0.222854,-0.1521973,0.3314467,0.01144532,0.2831951,-0.01706114,-0.3461516,0.1000478,0.04720603,0.3707032,-0.4803906,0.101278,0.009641134,-0.001943368,-0.006782575
-0.6452895,0.01976415,-0.1454253,0.1169216,0.3021458,-0.4171139,-0.3783828,0.183565,0.4501472,0.1613769,-0.3156376,0.2194732,0.4132243,0.3510736,-0.3766507,-0.1785882,-0.3487483,0.3169427,0.1583361,-0.04350644,0.682004,-0.07006627,0.03756195,-0.4146968,-0.9549116,0.04964954,-0.2210908,0.1505098,0.1774369,0.003589636
-0.3764758,0.2212519,0.00972369,0.2518169,-0.3001919,0.0417311,0.4781144,-0.4540195,0.2187611,-0.02641289,-0.1088994,-0.318485,-0.0363452,0.3437648,-0.03726071,-0.4040699,0.02163341,-0.3239766,-0.309449,0.08842704,0.4198248,-0.2884761,0.294813,-0.1678028,0.3603922,-0.3858919,-0.2375038,-0.04391323,0.1472682,-0.2809553
0.02165924,0.1857559,-0.4510628,0.5241075,0.3302749,-0.0130927,-0.7699169,-0.001798942,-0.3619306,-0.05823344,0.4747263,-0.0822943,-0.2659571,0.008361502,-0.2625409,0.07873754,-0.7170328,0.2840249,0.3682984,-0.4507833,-0.07864221,0.421021,0.4206628,0.4224572,-1.543735E-06,0.2747959,-0.08888608,-0.3393198,0.2223993,0.1511167
-0.3465728,-0.02781807,0.02972489,-0.7858425,-0.08412295,-0.339645,0.09755132,-0.05097906,-0.4128644,0.03587419,-0.007205546,0.00839382,-0.00168821,-0.0861913,-0.03905946,-0.3704237,0.02123903,-0.4066496,0.4521711,0.3220454,0.217836,-0.2923211,-0.06274384,0.4655862,-0.4226506,0.2559972,0.01555532,-1.031505,0.186637,0.2703742
-0.08688289,0.004975359,-0.1530178,-0.1538534,0.02984935,-0.08698729,0.3951697,0.09515606,-0.459705,-0.2702514,0.2681736,0.2703699,-0.6896978,-0.3643181,0.2338927,-0.1522391,-0.1942686,0.2294392,-0.119042,-0.3023891,-0.1851062,-0.04251612,-0.04355496,0.003291559,0.03387005,0.133899,-0.06794626,0.1284513,-0.03935064,0.00136237
0.1965473,0.5818285,0.2878501,-0.1273841,-0.0258204,0.2092345,-0.05068427,-0.4873464,-0.405229,-0.3216966,0.1938589,0.1342763,-0.01821647,-0.3906404,-0.03892971,-0.3785856,0.05426998,0.3755523,0.3993585,0.417826,-0.1070583,-0.4949678,-0.05244102,0.5377887,0.2503226,-0.6705912,-0.1755762,0.1137376,0.9088593,0.07292253
0.1491937,0.0379236,0.2159893,0.002891937,1.613234,-0.2597481,-0.0062978,-0.0112058,-0.05788681,0.6706253,0.002078593,0.1656705,0.4397898,-0.03813447,0.03712515,-0.1067562,0.009529511,0.04668259,-0.01094275,0.6173146,-0.008070213,0.4065745,0.4306159,0.4719099,0.3466066,-0.002754731,-0.1625312,-0.01310235,0.3437809,0.008077908
-0.09089106,0.3554132,0.07522111,-0.1622645,-0.9073564,0.005839957,0.286593,-0.006682384,-0.355062,0.002633962,-0.1884599,0.2721714,-0.1406941,-0.7264631,-0.1094037,-0.3789818,0.01583892,0.02847828,-0.09897994,-0.07477814,0.4092356,0.005604811,-0.3807129,-0.4073997,-0.3413944,-0.4575089,-0.01630503,0.3537818,-0.1911526,0.0009544781
-0.3578248,-0.001136243,-0.2781132,0.2639424,-0.007307946,1.773594,-0.2356809,-0.9205705,0.04092532,0.03772789,0.08019357,-0.1432106,0.06164819,-0.00378497,0.2662659,-0.01663714,0.3361458,-0.4986292,-0.1571956,-0.1270879,-0.004947243,0.3012058,0.2653795,-0.4523103,0.3565352,0.0725008,-0.0200852,-0.3099276,-0.1224346,0.02663147
0.1243308,0.1188495,0.3260645,0.4303241,-0.01719111,-0.916302,-0.1862528,0.3934937,0.02273512,-0.007943166,-0.1371222,-0.09478533,-1.851751,-0.3122158,-0.4841642,0.00045677,0.9817597,0.398504,0.2525562,0.8605499,0.3558792,-0.3473446,0.1159441,-0.002216353,0.031003,0.06043545,-0.2764566,-0.4772239,-0.01031577,-0.3740382
0.009073914,-0.3038545,0.1066131,0.0683297,-0.00119107,0.2185016,0.02665722,-0.02682639,1.027107,-0.03900833,0.4728148,0.005811058,0.3176203,-0.1251968,-0.1722986,-0.7073922,0.01304613,0.2061383,-0.2205994,-0.02559161,-0.05588165,0.05792171,-0.2840592,-0.2454975,0.05562675,-0.8787425,-0.04253498,-0.07425517,0.02553683,-0.09591848
0.2976717,-0.3105969,0.01607078,0.03169815,-0.3560126,0.6373092,0.0202896,0.01844436,0.07249277,0.1656608,0.3408334,0.418775,0.127867,-0.06146461,-0.03159915,0.2879899,-0.0812223,-0.4454613,0.9746007,0.01393481,-0.03595119,-0.1915737,0.04006851,-0.46202,-0.0007493168,0.3827564,-0.1034736,-0.07399439,-0.2629544,0.0631408
0.4985727,0.4114666,1.094931,1.366933,0.0385768,0.08131918,0.7877972,-0.1189247,0.2909951,-0.2577526,-0.06693166,0.01851762,-0.0096016,-0.2433424,-0.08945352,-0.1817268,0.07430584,-0.33416,-0.04346715,-0.2892837,-0.2228138,0.1440759,-0.1009374,-0.4111539,0.06321496,0.8826961,0.1363188,0.1438354,-0.02264374,-0.3757348
-0.1538756,-0.4651933,0.02455537,0.0009256639,-0.05133623,-0.1715136,0.2503041,-0.0005914232,-0.499339,-0.2737691,-0.4067485,0.3364913,0.3840425,0.05680031,-0.1647771,0.02153875,0.001535245,-0.04500037,-0.05295151,0.3575728,-0.06405554,0.5486872,-0.5211331,0.001462119,0.04162848,0.3030865,-0.004688066,0.1519739,0.481714,0.1965452
-0.1037469,0.04741584,-0.428051,0.06846184,-0.1754169,0.7487952,0.3309911,-0.1142309,-0.0230405,-0.1813274,0.026595,0.1749313,3.463894,0.2299653,-0.04594648,-0.531655,-0.231768,0.3241348,-0.4923937,-0.01318719,0.001027156,-0.2528659,-0.04283259,0.007288873,-0.2994636,0.2363129,-0.2002001,-0.2604659,0.1569171,0.4835143
1.293939,-0.01194581,-0.1333886,-0.4587687,-0.169381,-0.2229049,0.001644825,0.3031973,0.7384934,0.2387956,-0.2402447,0.4084274,0.273421,0.7871923,0.09921352,0.5206678,-0.3368092,-0.08114614,0.494554,0.01938634,-0.008143019,-0.00902397,0.03093373,0.2068415,-0.05941492,-0.2196179,-0.004694576,0.2955502,-0.02828218,0.1707741
-0.3714904,-0.06694224,0.2348933,0.06153983,0.4090997,-0.01086394,-0.02880059,-0.5404948,0.386249,0.2061643,-0.03279709,0.2356868,0.4967823,0.412574,0.3634335,0.4017744,0.04753405,0.01946314,-0.01167642,0.04315986,0.04331085,-0.2851265,0.01058012,0.03627625,0.120238,-0.3262206,0.314754,0.1452418,0.4258187,0.1098179
-1.079544,-0.04513212,-0.2210222,-0.4117476,0.2923878,0.09545204,-0.2140456,-0.7440842,0.00650043,-0.06502314,0.06658167,0.1846763,0.01541188,0.09132492,0.2240716,-0.1001663,-0.2555203,-0.1087686,0.4522764,0.01829153,0.000692766,0.07044078,-0.1351122,0.4882534,-0.3343778,0.2334968,-0.2274105,-0.7041584,-0.2566005,-0.001906626
0.6087177,0.04526285,0.08609182,-0.5068887,0.3762544,-0.6370652,-0.06600462,0.2240797,-0.3160227,0.5152645,0.3544745,2.751651E-05,-0.04615772,0.2564578,0.4550928,0.2246541,0.07919019,0.2465734,-0.4854205,0.227382,-0.01186099,-0.03833152,-0.4684029,-0.1325269,0.5160148,0.2568723,-0.0774508,0.2059882,0.2731209,0.007655462
-0.503038,0.0008032371,-0.01903957,-0.3384266,-0.4033597,-0.02135145,-1.054413,-0.03887266,0.2584884,-0.4224644,1.631633,0.1090353,0.2037564,1.327043,-0.001147937,-0.3849146,-0.04380479,0.2830275,-0.03981102,-0.1370257,-0.009675721,0.2275017,0.5342715,-0.4554844,-0.3793525,-0.4103775,0.4360938,-0.3820381,0.004885343,0.2809271
0.04957101,-0.5051005,-0.02918303,0.7480777,-0.3347814,0.2670234,-0.08993588,-0.4609349,-0.2845691,0.01283725,0.2327105,-0.6003488,-0.03677458,-0.1123399,-0.02605341,-0.1972918,-0.005261697,0.4306827,0.2184135,0.0002426221,0.270436,-0.2922051,0.2163213,0.2624105,0.2412178,0.02316652,-0.05058366,-0.1064457,-0.01379049,-0.4931523
;
0.05268137,0.1425124,-0.4588265,0.3675182,-0.52142,-0.2053981,-0.2673941,-0.264995,0.008771976,0.09900939,-0.02753641,-3.042665,-0.4993938,0.4453003,0.4633553,0.3179343,-0.5296684,0.4081459,0.6879728,-0.4397051,-0.02878338,0.2204447,0.4284365,0.1204172,0.3595772,0.01872319,-0.07667545,0.1137247,0.07537738,0.1539217
-0.0717449,0.01993971,-0.2045361,0.06919646,-0.1428299,-0.4052293,0.4863684,-0.4408627,0.08811883,-0.1214023,0.1076428,-0.3763251,-0.2212457,0.4037755,0.05981068,-0.06009191,0.7630386,-0.4255168,0.06271917,0.3285313,-0.1294088,-1.489489,0.04229639,0.001377499,0.3907006,-0.0713734,-0.6933793,0.01140192,-0.3001878,-0.02662438
0.06811558,-0.04653622,-0.05784124,0.07882938,-0.2342061,0.2611095,-0.3522511,0.4277387,0.08925062,-0.2440463,0.4103812,-0.166713,0.5292221,0.4330266,-0.1524327,-0.161555,0.1715887,0.4924886,0.05258502,-0.1353893,-0.2506264,0.0002308959,0.06587023,0.02321682,0.3181978,1.187404,0.02604662,0.07357806,-0.5266846,-0.2368895
;
-0.2713378
0.2165954
0.6319675
0.4495015
0.3305489
0.5016649
-0.4710456
-0.1929684
-0.2604313
-0.3955412
0.4611027
0.076632
-0.1216131
-1.248165
0.1129377
0.0419055
0.1679836
-0.3119541
-0.4646338
0.4737259
-0.7928472
-0.1016619
-0.498314
0.2302883
0.02085954
0.02948042
0.02864123
0.2043254
0.06519838
0.2283442
;
0.08241992,-0.02837654,-0.3731095,-0.2564743,-0.1057981,-0.1056299,0.3519885,-0.2204261,0.03919083,-0.0252733,-0.4828571,0.005703196,0.2261094,0.1820768,0.5232707,0.05101455,-0.1191216,-0.0347963,-0.05634138,0.6945223,-0.1006031,0.04811818,-0.5837294,0.1067976,-0.4229115,0.6180183,-0.1368137,-0.002958679,-0.3420318,-0.6513915
0.1235422,0.04349929,0.2738037,0.009532685,0.1902162,0.2961394,0.09797043,0.008626962,0.1776884,-0.04891795,-0.2368602,0.6538981,-0.45286,0.7478307,-0.3351497,-0.4697368,-0.1887879,-0.05236857,-0.1208672,0.5445426,0.774245,-0.4104589,0.2386243,0.3119811,0.2961833,0.01941493,0.3371497,0.4950035,-0.01330996,-0.6342946
-0.1403942,-0.0001468245,-0.06301337,-0.1663093,0.242809,0.0239442,0.3362688,-0.06841268,-0.3948061,0.02505401,0.01997033,0.01067636,0.8169411,0.09560683,-0.2293503,0.1133572,-0.1595027,-0.06041977,0.1484355,0.1548169,-0.4245864,0.4134861,-0.2916174,-0.08481926,0.2900857,-0.3469092,0.10026,-0.4006435,0.002434746,0.2552465
0.03339246,-0.7222164,0.5680246,-0.008160786,0.04141862,-0.3647956,-0.8367978,-0.001321371,0.4218732,0.009081095,-0.07517357,-0.2029429,-1.720013,0.1862882,0.01399131,0.4759625,0.164432,0.2419669,-0.3120134,-0.765057,0.7964909,0.1201345,0.002873361,-0.0833078,0.2106757,-1.155984,0.1414256,0.1556992,0.1200548,0.1470699
-0.3282666,-0.4436742,-0.2409851,-0.02152481,0.1239583,-0.04902918,-0.09100167,-0.4790541,0.4851314,0.8304931,0.1718582,0.1668276,0.02924722,-0.008120325,-0.03094086,-0.1475426,-0.3756221,0.2193522,-0.2750785,-0.1652014,0.2818259,-0.05766867,0.05886525,0.002587021,-0.3414168,0.05505392,-0.1323711,-0.0289942,0.1058688,-0.330242
-0.2077798,0.3448277,0.006606348,0.147328,0.5771607,0.1918812,-0.08043259,0.1231904,-0.003426705,0.02276331,-0.2922156,-0.007904949,-0.02703639,0.113044,0.1021941,-0.01253848,-0.6593468,-0.07929922,0.1755538,0.09546846,-0.6768298,0.4885235,-0.06109336,0.2190552,-0.3781774,-0.4728087,-0.1006674,-0.2008432,0.3717724,-0.0124575
0.02421085,0.03962538,0.3870324,0.06123843,0.1871412,0.01661834,0.1577417,0.4721113,-0.05168581,0.2727715,0.8695166,0.3071655,-0.3100968,0.08105411,-0.2152202,0.03706735,0.1457765,0.253353,-0.190398,-0.08079046,0.06690534,-0.005840916,0.3811368,-0.3612595,-0.6447323,0.08923198,0.02892882,-0.232087,0.08058608,-0.1127892
0.3058056,-0.0671666,-0.3386542,0.4098082,0.4003778,-0.07381457,-0.06838098,-0.02599416,0.07497498,0.1417854,-0.3482759,-0.1137208,0.3754484,-0.216759,0.3100549,-0.4605016,0.02967006,-0.2054864,-0.1535756,0.1712869,0.006975114,0.03672953,-1.414459,-0.4782412,0.1685968,-0.09591395,0.009379271,-1.569925,-0.04058547,0.1192455
-0.1585167,-0.04068466,-0.2885236,0.1324769,-0.1122905,-0.4453465,-0.003409316,0.0150649,0.1817217,-0.3999748,0.2416601,0.06225175,-0.4387065,-0.1052945,0.2987961,0.04706055,0.7011698,0.08085207,-0.6643505,-0.01153017,0.2189039,0.1634301,0.274914,-0.2544729,-0.7889084,-0.08211619,-0.02105994,-0.004664555,0.01669483,-0.5069429
-0.0215338,-0.03995346,0.6714427,-0.3927158,0.01314617,1.06117,0.3946925,-0.04789621,0.1874239,-0.006019542,0.57486,-0.3338896,0.006813725,-0.5346034,0.02559515,-0.3177863,0.3152933,-0.03113206,0.2821132,0.08506948,0.0130437,0.623452,0.03575128,0.1170357,-0.2739414,0.07674982,0.185215,0.09183709,0.2797771,-0.02092835
0.1167354,-0.3496865,-0.08251017,0.1539717,0.3139538,-0.3903234,0.3480705,0.1873028,0.1080074,0.1726793,-0.4015191,0.1922611,-0.2242873,0.03347473,0.2571533,0.005119509,-0.2388753,-0.0720934,-0.2364054,0.05305721,-0.9178839,0.5029278,1.150482,0.1279735,-0.0539154,0.2268324,-0.1359822,-0.2553871,0.292262,-0.02279155
0.5733275,-0.1356759,-0.2573209,0.4550046,0.180701,0.09125394,-0.4246676,0.3464332,0.1788871,0.4563478,-0.04494636,-0.002881564,0.04438269,0.1742309,-0.4360746,-0.2259635,0.05449349,-0.4771205,0.3362584,0.3241324,0.3874117,0.006666726,-0.04529607,-0.04752193,0.3844827,0.02143278,-0.01959864,-0.08467728,-0.123674,0.2173407
-0.4986839,-0.1803195,-0.08265673,-0.1362513,-0.07867151,-0.1977446,-0.005053561,-0.05189239,0.4728799,0.05088204,0.05202265,0.4462124,0.07082681,0.007628766,-0.1880916,0.3216144,-0.177962,-0.3720772,-0.5631215,-0.4805888,-0.04525334,0.1949149,0.1938988,0.189723,-0.02075799,-0.2876803,0.3191692,0.3756185,0.1933544,0.8322439
-0.2775297,-0.34654,-0.4412545,-0.1073351,0.2569691,-0.4120521,0.05929842,0.3764812,-0.6487527,0.2980388,0.1384213,0.2874159,0.216316,0.001844337,-0.5313196,0.4333556,-0.2699951,0.321189,-0.6712894,-0.1240399,-0.08192557,0.002374528,-0.09735157,0.4682485,-0.3231525,0.4079472,0.05526417,0.5907362,-0.02322948,0.1353778
-0.4046686,-0.2232648,-0.272686,0.4172552,-0.1459012,0.448963,0.003163916,-0.4045661,-0.2275567,0.02000314,0.2958833,0.4379951,-0.2700052,-0.3684399,-0.1603645,-0.05364674,0.4254438,-0.178625,-0.4178455,-0.2280731,0.03891486,0.3810007,-0.2996967,0.01166735,-0.1772588,0.1369007,0.07106302,-0.3593001,-0.135135,-0.6178138
0.1517033,-0.4586287,0.04678863,0.1239957,0.1869857,-0.418186,-0.009548247,0.0495987,-0.3031378,-0.3621827,0.06662661,-0.213397,0.3487146,-0.05203829,-0.1839736,0.1281886,-0.3914571,0.4174683,-0.2710619,0.3631468,0.1738988,-0.3982196,-0.4516263,0.2472635,-0.7957484,-0.05861078,0.001818269,-0.001263756,-0.2056181,-0.09269397
0.4895698,0.3188583,0.03910193,0.01324826,0.009787986,-0.3769448,-0.2995087,-0.3302745,-0.2507819,0.2053125,0.5959138,0.07440358,0.03175467,0.1436729,0.327381,-0.4392077,-0.2371241,0.1390425,-0.3936732,-0.402776,0.001634582,-0.08025519,-0.2492195,0.05049028,-0.004518911,0.006407917,0.3933533,0.6169975,-0.1415496,-0.1687683
-0.5687354,-0.4032396,0.09504801,0.2658621,-0.6242008,-0.4468558,-0.08269612,0.6346496,-0.2735695,-0.1370979,-0.4461724,-0.2474108,0.0521161,-0.1378158,0.2454975,-0.02578051,0.1991388,0.09187511,-0.4347036,-0.5968607,0.009465396,0.2601708,-0.03727357,-0.2002444,0.7644718,-1.326375,0.1490921,0.1553871,0.2055157,0.5684772
0.1524135,-0.6079289,-0.1582488,0.05075961,-0.005581406,-0.1248962,-0.7047036,-0.9431764,0.1854172,-0.330002,-0.4228047,0.4314317,-0.1649572,-0.02356237,-0.7179299,-0.2396514,0.3292857,-0.01775443,0.03308037,0.4965781,-0.3208454,-0.1763424,0.001006026,-0.1705828,0.3739376,-0.4391793,0.1140513,-0.2672106,-0.4191038,0.3243478
-0.9037825,0.5413424,-0.8493882,-0.2957475,-0.1726018,-0.2542125,0.1400009,0.3829877,0.7585911,-0.05745212,-0.06554711,0.1552351,-0.3988322,-0.241693,0.2316974,0.3844296,0.2143229,0.4446553,0.0881436,0.9234067,1.151553,0.2297975,-0.2231809,0.2286172,-0.03933853,-0.8524299,0.2148274,-0.2958851,-0.6062927,-0.587345
-0.08822948,-0.1506316,-0.2025944,-0.02017111,0.08967319,0.04118532,-0.006527245,-2.169555,-0.1145286,0.6848822,0.2121382,0.1189022,-0.3830694,0.3151293,0.3617569,0.2386521,0.008213783,-0.4287713,0.2641934,-6.563935E-05,0.03368803,-0.07081369,0.2628369,-0.664292,0.1806129,0.1682464,0.02689257,-0.2667971,0.2426949,0.6129789
-0.02383299,-0.00830886,0.05336028,0.005032761,0.2808229,-0.5226828,0.6347597,0.14824,0.1969168,0.1187633,-0.07643503,-0.2292456,-0.2153717,-0.3543576,0.4679416,0.3342861,-0.1284938,0.2256804,-0.1639493,0.2039962,0.08143586,-2.200213,-0.6768407,0.3646108,-0.01870011,-0.4514242,-0.07012115,-0.2021843,0.02175814,0.02273303
-0.06387861,-0.4266689,0.04314914,-0.3672556,-0.129993,-0.03061566,-0.0481251,0.1697274,0.1664452,0.6619611,-0.003484572,0.1568507,0.1994336,-0.02091461,-0.2756571,0.1877371,0.06202834,-0.1771647,0.4316081,0.299886,0.04564427,0.6260585,-0.3099492,-0.0541487,-0.01156205,-0.1626283,-0.06414633,0.02892219,0.007118523,-0.4163101
-0.6294428,0.6347798,-0.4022164,-0.09360403,-0.05349833,-0.07952668,-0.4972296,-0.1517941,0.0538457,-0.2116968,0.3580374,0.01030481,-0.1631511,0.326262,-0.04175169,-0.3697417,-0.03500468,0.4740195,0.3319027,-0.06809392,0.4650289,-0.08801359,0.0561979,-0.02617504,-0.3931015,0.8518717,-0.1107201,0.2383687,-0.3833914,-0.3086995
-0.499994,-0.04670662,0.2401279,-0.1572903,-0.044774,0.3781736,-0.1088658,-0.0261181,-0.3746811,0.2982341,-0.6358689,-0.07337243,-0.03307067,-0.3086121,-0.1054443,-0.1668674,-0.02096146,0.09801073,0.2594342,-0.4084572,0.351819,0.05690791,0.6986164,-0.04024471,-0.1496978,0.1583412,0.090159,0.3819008,0.1932862,0.1944168
0.1246384,0.003349478,-0.2491621,0.04658112,0.03011166,0.001355934,-0.004278076,-0.1390718,-0.07307438,0.7981653,0.1665086,-0.07925528,0.07989448,0.1303915,-0.55756,-0.4752703,-1.347305,0.3997628,0.3786749,0.0174576,-0.2573426,0.353348,0.2437629,0.1929558,-0.3381207,0.1911886,0.06364375,0.3201283,0.2417513,0.9891477
-0.1732156,0.03966058,0.07529434,-0.1991739,-0.1243369,0.3885427,-0.1096191,-0.338048,0.6795717,0.1719677,0.4571941,0.6708905,0.1231769,-0.3957958,0.349685,-0.1249322,-0.5166709,-0.1837935,0.03804,0.04674845,-0.1896245,-0.3362763,-0.2318145,0.4046792,-0.3860753,0.1656525,-0.3202956,-0.06124915,-0.07961041,-0.004508555
0.2546026,-0.2128655,0.8069836,-0.6974984,0.3023909,-0.02758105,-0.5836763,0.03114718,-0.698432,0.2553537,-0.4031045,0.1627555,-0.003780154,-0.05481273,0.6721185,0.3939728,-0.974082,-0.08607727,0.3312016,-0.1493279,-0.2996166,-0.370212,-0.1728947,-0.2224679,-0.05204219,0.2717056,0.1924126,0.7555672,2.836804,-0.07600194
-0.01867844,-0.2270723,-0.1101693,-0.1640075,-0.04264535,-0.4306359,0.3508967,0.1993843,-0.7237615,0.3027508,0.2280355,-0.2670317,0.4174712,-0.7256343,-0.1090586,-0.06397689,0.4708568,-0.4679269,0.09232707,0.4061906,-0.07519166,0.04913121,0.1901394,0.08338317,0.0104629,0.02194493,0.1429432,0.113775,-0.5359603,-0.03723248
0.1638624,0.02800113,-0.3720111,-0.3912034,0.4349815,0.02730452,0.004357059,-0.304614,-0.03168926,-0.46964,0.2460302,0.01073792,0.390278,0.05967162,-0.281704,0.3468388,0.3347285,0.1534529,-0.4331005,-0.002609023,-0.3364211,-0.6420628,-0.06194776,-0.1550636,-0.6627843,-1.000899,0.07148896,0.1140341,-0.6976495,-0.003042277
;
0.09429127,0.06505778,-0.3702649,-0.6561083,-0.3869605,0.1774758,0.0577603,-0.2574638,0.405458,1.167201,-0.03304595,-0.7876756,0.5900221,-0.3316301,-0.2060762,0.05052668,0.03884672,-0.2957119,0.4214849,-0.06790481,0.4392954,-0.05186075,0.0142472,0.03597516,-0.002654755,-0.04032357,0.4862339,-0.3307443,-0.005606997,0.08348402
-0.06591272,-0.2236905,0.270126,0.2317046,-0.1099081,0.5321702,-0.401091,0.07899361,-0.1211555,-0.2105755,0.05660724,0.2502942,0.2672857,-0.04192292,0.8921052,-0.2503898,-0.2081381,0.03630716,-0.01665095,0.1836707,-0.8041015,0.6430668,0.01511399,-0.103388,-0.1162786,0.2053031,0.007094826,0.06835133,-0.4093821,-0.117164
-0.05917001,0.04176217,0.1354951,-0.1939847,0.4849693,0.3343925,-0.03688331,0.2478438,-0.2749978,0.05962911,-0.4922713,-0.002502194,-0.4797467,0.4459647,-0.3612615,0.3949081,0.05660409,-0.02704948,0.001471638,-0.09284848,0.4528887,0.1663874,-0.02901529,-1.338319,-0.2294212,-0.3752904,0.5623978,-0.2259925,-0.26557,0.5889941
;
-0.0697889
-0.01212577
0.8564222
-0.02198971
0.02898845
0.02376757
0.000117899
-0.4473294
0.4768828
-0.1155404
0.1424754
-0.2538418
4.899005
0.03173408
-0.3805043
-0.04257449
0.1879541
0.03572193
0.006070469
0.803537
0.3058615
0.001790534
-0.4810643
-0.6318461
-0.41432
-0.1930744
0.4809703
-0.05003875
0.1379276
0.003408949
;
-0.007513265,-0.5664347,0.2116365,0.001160441,0.03815501,-0.377488,0.4178687,0.2842934,0.857105,0.007346262,0.8207626,-0.1900186,-0.3320003,-0.2578099,-0.156805,-0.3389215,-0.3673742,0.474236,0.4228098,0.1307821,-0.3436821,0.468112,-0.007250726,0.8359793,0.5718217,0.340611,-0.04460074,0.2675987,0.6852391,0.3653928
-0.07768451,0.006289676,-0.1124162,0.03004092,-0.2227805,-0.1269463,-0.4651501,0.03956077,0.07401975,0.2580971,0.7389803,0.3456171,0.009118602,-0.03475638,0.09519357,0.2025834,-0.1629239,0.3963829,0.3110121,-0.00176893,0.04071073,-0.08581051,-0.6879916,-0.3959154,-0.203851,-0.4924315,0.1385067,0.8897687,-2.374587,0.1147218
0.01472617,0.2401004,0.1638035,-0.3157652,0.005002201,0.009200841,-0.2272658,-0.2631549,0.04738761,0.4614695,0.3730322,-0.1292272,0.1095534,-0.4257981,-0.2613268,0.008994454,-0.334884,0.001373813,0.5816447,-0.05334118,-0.2293925,0.1914349,-0.003944789,0.156402,-0.1515191,-0.4215484,-0.1574187,-0.04436569,0.1619455,-0.001411333
-0.01368223,0.03619033,0.08695652,-0.5213979,0.1011645,0.4374961,-0.3750644,0.03014116,-0.4549758,0.3421302,0.05805002,0.03035855,0.03817453,0.2830884,0.2655966,-0.03294855,-0.3766356,0.01154148,0.003659601,-0.05927843,-0.1837717,-0.4930506,0.04935965,0.1862999,-0.1160497,-0.02034498,0.6340337,-0.2735533,-0.4015692,0.1428519
-0.1175452,0.2150233,-0.3571144,-0.1506306,0.02409199,-0.5347379,-0.05141363,0.4991011,0.3176025,0.005343603,0.01948553,-0.4939156,0.2872905,0.2283943,0.4578201,-0.04202494,-0.1911991,-0.4100631,0.4944242,0.003068645,0.415418,-0.0338883,0.2931082,-0.1554951,-0.01924156,-0.3720701,0.00197091,0.5200918,-0.1457219,-0.1679178
-0.2621448,-0.06501991,0.1817589,0.2623943,-0.4686247,-2.380181,0.1737834,-0.115802,-0.0009208647,0.01326075,0.1898891,-0.01120813,0.0004281051,-0.1263625,0.4328616,-0.04176867,-0.02529755,0.3322792,0.03544133,0.133925,-0.4185101,0.290673,-0.4218459,0.04282138,0.5750347,0.09067535,-0.130383,-0.3598945,-0.1150283,-0.1165247
-0.1920557,-0.01857881,-0.002505693,-0.3966251,0.4043339,0.002153109,0.4373619,-0.2799514,-0.03454216,-0.204805,0.5506196,-0.4517008,0.05464833,-0.04938982,-0.2494826,0.940696,0.0208471,-0.2175864,-0.5624932,-0.272742,0.7530555,0.1598531,-0.4246464,0.1936452,-0.3474615,0.2683278,0.02612999,0.3295259,-0.1495614,0.006544042
-0.1908743,0.1501255,-0.4083925,-0.07470226,-0.1860957,-0.0003797156,0.130369,-0.01770407,0.2100944,0.07005969,0.7714853,0.2838676,0.1115569,-0.0373686,0.05001158,-0.4916263,0.09492564,0.005575226,0.02661282,-0.09483128,0.4681633,0.6694942,-0.1871517,-0.3573244,0.289965,0.2207634,0.6336117,0.008780583,0.06810814,0.6288052
0.390301,-0.04258662,0.4009656,-0.0059366,0.1543147,0.2252708,0.09644312,-0.4143645,0.148108,0.2698578,0.03218099,-0.7236838,0.0103275,0.1570343,0.004464735,0.1910827,-0.2297636,0.4589927,0.4497198,0.006260018,0.3090358,0.1042494,0.3147102,-0.05186435,0.1507044,-0.2262548,0.1938378,0.02289454,-0.04610168,-0.1378186
0.5178741,-0.5256967,0.06847046,-0.3913417,-0.005938357,2.043986,-0.2579592,0.1425552,-0.4801075,0.578627,0.4389288,-0.4483668,0.2392909,0.6094055,-0.2911755,0.01528972,-0.2353415,-0.5683537,-0.291877,-0.1093181,-0.4753631,0.3487806,0.06007832,0.4901961,-0.2454456,0.351981,0.2535586,-0.3384966,-0.4122206,0.0004132833
-0.4017584,-0.09404951,-0.01391488,-0.1081389,0.08859688,0.3063061,-0.2972653,0.5782787,-0.3260202,-0.05565459,-0.4521657,0.09191356,-0.14342,-0.3370215,0.3984724,0.393558,0.03333704,0.4318801,-0.005990708,0.008877791,-0.009356685,0.0627492,0.02559298,0.5310079,0.7196015,-0.1805849,-0.4752512,0.1825269,0.02394336,-0.1021671
-0.4391896,0.4515442,-0.4661455,0.2717623,0.2100357,-0.03635702,0.4509804,-0.1563485,0.1084185,0.05530457,0.06317061,0.2634809,0.4540062,-0.00335439,-0.08528452,0.2516519,-0.2826071,0.4213935,0.454886,-0.1387007,0.4667161,0.5311481,-0.7885157,-0.5411369,0.0573135,-0.2443419,0.1522151,-0.2869802,-0.3794211,0.4612451
-0.1091244,0.2933767,0.4707124,0.1230051,0.1987727,-0.4746692,0.1768153,-0.2971553,1.64904,0.09681958,-0.4776334,0.5035381,0.03503489,-0.3696941,-0.06416816,0.02981788,0.2387459,0.241817,0.00238198,-0.3273976,-0.4697275,-0.6965372,0.2275721,-0.03088386,-0.0087945,0.567201,-0.08975486,-0.3610828,0.4951339,0.5837165
-0.3633161,0.02238273,-0.0453788,-0.4148163,-0.2436197,0.04960911,0.1061212,0.4845089,-0.04554859,0.617375,0.002950391,-0.09687984,0.1396678,0.09206575,0.1182517,-0.1412886,-0.1314634,0.09770942,0.607825,-0.1043176,-0.4117333,0.1928854,0.1796157,0.2077336,0.1489727,-0.05400005,-0.3197978,-0.7952785,-0.1253254,-0.1984995
0.374642,-0.2698569,-0.3159233,-0.3846936,0.008260952,-0.3521055,-0.02211659,-0.00153319,-0.003814021,-0.1186588,-0.08218884,-0.07945239,0.01695481,-0.4890046,-0.2918372,0.4633242,-0.3735293,0.02633165,-0.0003102191,0.3113296,-0.587543,-0.4326913,-0.3452228,-0.2957692,-0.05837382,0.3080025,0.002434568,-0.3716646,0.6959845,0.3558642
0.04062706,-0.4493414,-0.1851823,1.377659,-0.6213757,0.006235699,-0.02054688,0.1170439,0.009673554,-0.0232974,0.001329404,0.02783138,-0.235197,-0.37726,-0.01771893,0.6510502,0.07985301,-0.08539981,0.1391331,-0.2066996,0.03517673,-0.1367112,0.2582188,0.1983889,0.0150153,0.08965284,0.361419,0.004252142,-0.002415717,0.001342973
-0.7582658,-0.1505286,0.1420943,-0.2479935,-0.03594275,0.1013196,0.330826,0.06962731,-0.09864801,-0.1911718,-0.007855819,-0.3839713,-0.195565,-0.0006435961,0.002097275,-0.02034777,-0.483844,0.4770636,-0.04495692,0.06780954,-0.6419777,-0.2232305,-0.4055932,0.3079903,0.2572532,-0.8066614,-0.4402537,-0.1853895,-0.4337021,0.2057287
-0.1292929,0.2151581,0.186708,-0.6338909,-0.2900754,-0.1075066,-0.2632353,-0.246682,-0.1818584,0.4915515,0.3708119,0.1634629,-0.1941178,0.4070684,-0.0391589,-0.1113466,-0.102211,-0.14759,-0.3991908,0.3428514,-0.2696112,0.687354,-0.04524969,-0.001224748,-0.5890729,0.2269887,0.2267979,0.05317425,0.09964502,0.035777
-0.0393706,-0.1956191,0.2105482,0.02193718,0.1352942,-0.08464321,0.4112145,0.725403,-0.2559495,-2.282986,0.3916259,0.08881442,-0.0442981,-0.05442405,0.09557658,-0.05821032,0.2110449,0.002999697,0.1442296,-0.1325899,0.08321515,0.1329968,-0.01436485,-0.4546559,0.211399,-0.02015287,0.156047,-0.4567823,0.3375076,0.02788385
-0.007638744,0.002801069,-0.02710452,-0.04801556,0.4257954,-0.003536699,0.337618,-0.1466812,0.3364867,0.04064121,-0.04529062,0.4306266,0.3891107,-0.200343,-0.0104666,0.4929386,0.01207596,0.08039271,0.7324119,-0.2731689,0.826893,-0.8404238,-0.1881689,-0.2704026,0.423673,-0.1832384,-0.08656176,0.05054924,0.1898895,-0.3061196
0.0815938,0.1098557,-0.01947393,0.1189166,0.23629,0.4073672,0.3841864,-0.0101842,-0.02967125,0.6697354,0.07032152,0.04223569,0.1971299,-0.008046259,0.4483626,0.05066912,-0.01323298,-0.1779149,0.3726179,-0.1294893,0.09225649,-0.5384051,0.2223116,-0.03046702,-0.1179246,0.6558648,0.2517584,0.4841329,-0.5656978,-0.0477154
0.02350724,0.314954,0.4765144,-0.8387221,-0.2958742,-0.2120572,0.2605681,-0.4195771,-0.0014879,-0.01760274,0.156369,0.4943126,-0.05455369,0.2176568,0.3896241,-0.1236044,-0.2796469,-0.1122469,-0.3664517,-0.4021271,0.01273088,0.3551818,0.2640053,0.3464708,0.6535088,0.3338504,-0.1597823,-0.01914025,0.3149482,-0.3032279
-0.006868131,0.02297006,0.4713522,-0.002024323,0.4285357,0.2597846,-0.3819635,-0.07428781,-0.005785927,0.200734,-0.08492619,-0.6176091,0.09099215,-0.7565519,0.3208554,-0.4465945,0.4924755,0.4130095,-0.003550035,0.1305149,-0.102491,-0.06661028,0.7461748,-1.049958,-0.04461169,0.02647921,0.2104716,0.6864743,0.04794055,0.3791198
0.006049207,-0.1927255,0.07173689,0.4405122,-0.4098603,-0.3721882,0.2860718,0.01216541,0.2602675,-0.1513823,0.3084779,-0.01031883,0.003114156,0.1579954,-0.2541124,-0.008539021,-1.349009,-0.4972748,0.009919498,0.2377056,-0.2506435,0.7520548,0.2879108,-0.2382358,-0.3315941,-0.09087539,-0.3559941,0.08186692,-0.02416797,-0.2882819
-0.1951909,0.1410891,0.2998118,-0.09078936,-0.1080681,0.111765,-0.0002550916,0.5179716,0.02960783,0.2494397,0.2950395,0.4191221,0.005937456,0.05971523,-0.338764,-0.08332007,0.1412229,-0.07841831,0.2264894,0.009505694,-0.1822253,-0.2539142,0.2521808,0.08896885,0.4136213,-0.1614694,0.0006975162,-0.3098882,-0.2258053,-0.2221034
-0.4947175,-0.04578849,-0.4346188,-0.4057057,0.4374514,0.1388879,0.2851723,-0.2441058,0.04785292,0.3562991,-0.09488541,-0.1961813,-0.4247373,-0.2695351,-0.1770008,-0.1505567,-0.004247366,0.10338,0.9119008,0.2560288,0.2077695,-0.002237488,-0.9123337,0.02497104,0.0003631976,-0.1111514,0.07050496,0.0004096985,-0.5007392,0.01274868
-0.04020363,1.54062,-0.3774654,0.01857319,-0.1581933,-0.144832,0.4660344,0.0782997,0.2635466,-0.1076761,0.003728272,0.1418162,0.3853773,0.03356725,0.07888359,0.1363631,0.418908,0.1308458,0.01854181,0.2397632,-0.009119804,-0.1088471,-0.007975392,-0.0418498,-0.4783624,-0.5113646,-0.05011302,0.4305239,-0.1148752,-0.4835367
0.08755844,-0.04912608,-0.153819,0.05048438,-0.09096915,-0.05543437,0.1437127,0.1403453,-0.05452668,-0.181001,0.1412839,0.1158232,-0.04232262,0.03763603,0.1313766,-0.1897213,-0.1474082,-0.01205002,-0.3796196,-0.1242796,-0.3776563,-0.04854949,-0.1101229,0.2773718,-0.3586901,-0.05453509,-0.6749087,0.1670997,0.1826659,-0.1585278
0.1974627,0.06757909,-0.4265492,-0.2162287,-0.7263352,-0.08805219,-0.08142532,-0.4953942,0.004092049,1.006046,0.3106351,0.4109522,0.01378414,-0.313473,-0.1050772,0.4882962,0.0811886,0.2057546,0.03175721,0.09855622,-0.06998042,-0.08652391,0.4426067,-0.3839958,0.169705,0.2470604,0.4288795,-0.1499818,-0.5822425,-0.2265055
0.3212992,-0.3764199,0.2109954,-0.2140997,0.03496159,0.4373927,0.06250598,0.4134576,0.4925491,0.01810473,0.1847174,-0.3769661,-0.06720013,-0.02105183,0.05470514,0.4072142,0.1840896,-0.04491347,-0.1427914,-0.5459275,-0.8228935,-0.1140338,0.3404744,0.2932298,0.1064884,0.4854853,-0.301826,-0.4016606,-0.07676274,-0.05872048
;
-0.4565631,0.03033721,0.06312589,0.2426303,0.7115198,0.2329482,0.1549124,-0.0494042,-0.1344692,-0.3205661,0.3010837,-0.03445114,-0.1437896,0.06206903,-0.526834,-0.0703084,0.0528978,0.4188044,-0.4798832,-0.4595462,-0.9322717,0.3769699,-0.1847652,0.1275843,0.0127097,-0.1109633,-0.4491087,0.1556687,-0.1198582,0.002327832
0.4027712,0.4703171,0.1841121,-0.02673215,0.6587477,0.2488429,0.09097806,-0.08564478,-0.01347848,-0.3690157,0.1145666,0.5120661,0.0594359,0.4311178,-0.01996404,-0.0424088,0.01504481,0.4284961,-0.2050263,0.117166,0.2326946,0.00250215,-0.09817475,0.2146264,0.2603946,0.002133686,-0.4369394,-0.001040404,-0.3787041,-0.2600738
-0.3924426,-0.1943052,-0.2609349,0.2338132,-0.7356005,-0.4439439,0.2585305,0.2241283,0.4232138,-0.1232918,-0.1808381,-0.0523258,0.1682215,-0.201199,-0.006542325,-0.08018478,-0.214521,1.197495,0.1944833,0.4799636,-0.008200081,0.1933032,0.008848862,0.2288395,0.00324156,0.06945223,-0.5131463,-0.10962,-0.2549734,0.1487454
;
-0.1111532
-0.3090857
0.1293226
-0.06321301
0.02544992
-0.001772574
-0.3757918
-0.2707449
-0.2995258
0.4075615
-0.03904739
-0.8756855
0.6371235
0.0231728
-0.4615874
-0.01689504
0.2190362
-0.6835233
0.2045448
-0.4045265
-0.3513259
0.8081722
-0.4529063
-0.004724129
0.182785
0.4995176
0.278192
-0.3654404
0.3748574
0.3678164
;
0.02362701,-0.3675481,0.2201226,-0.4629113,-0.07783879,-0.04515149,0.5941353,-1.691773,-0.2287607,0.5749517,-0.3664436,-0.159134,0.06132811,0.1073964,0.2670251,-0.2374239,-0.206715,-0.0351359,-0.2397146,-0.1738127,0.03037281,0.3848809,-0.2991196,-0.01735693,0.09453863,0.1297486,0.1655944,-0.1259659,0.380996,-0.02515667
-0.3682318,0.4289814,-0.481928,-0.04328269,-0.3338201,0.3147345,-0.009064039,0.05688943,-0.01072675,-0.4893826,0.02402048,0.467314,0.3802376,0.3001491,-0.02113984,0.5427718,0.7812036,0.8021708,0.009356439,-0.1725111,-0.3622357,-0.04782293,-0.449415,0.4295969,0.1730596,-0.04580742,-0.04530273,-0.09488777,0.1142337,0.112525
0.04873165,-0.1002833,-0.2736743,0.09163648,0.6195175,-0.08577315,0.03339055,0.01486743,0.3987603,-0.1047309,-0.001845844,0.3006853,-0.2427033,-0.5379885,-0.3818052,0.07213178,-0.1241134,0.3719795,-0.1569615,0.1809102,-1.060665,0.004243155,-0.1742286,0.4777688,0.1261545,-0.02741479,0.4334538,0.3079388,0.07458176,-0.764897
-0.27661,-0.4155167,-0.01277582,-0.005523338,-0.09990181,0.01841925,0.4500551,-0.1694147,0.08201151,0.3321329,0.04129196,0.4404823,-0.2464801,-0.2585051,-0.0991241,-0.1992094,-0.4227463,-0.3563983,0.003668923,-0.02747766,-0.1941159,-0.1768423,-0.1486741,-0.1324872,0.2818561,0.1597745,-0.03943616,-0.0250838,0.05346495,-0.05068856
1.167642,0.1571352,0.527515,0.6758575,0.3368472,-0.128509,-0.02358811,-0.001032406,-0.4210924,-0.3195938,-0.7543367,-0.3713615,0.1125511,-0.04730757,-0.06434399,-0.02695278,-0.3567849,-0.01728113,-0.4722416,-0.2622268,-0.07204433,0.08530146,0.04701191,-0.1954996,-0.008889019,0.4913845,-0.05038816,0.2387285,0.04369188,0.02052257
-0.369131,-0.3441354,-0.07612044,0.2146195,0.2415402,0.2833301,0.4024516,0.1106459,-0.4389024,-0.03222138,-0.1371513,0.1969153,0.3542501,-0.2564315,0.5057129,-0.1587393,0.03340205,-0.1791087,-0.4583913,-0.1460583,-0.04642562,0.3121647,-0.02436005,-0.03134205,-0.3451278,-0.09690715,0.288958,-0.06004203,-0.7233533,-0.1377057
-0.355974,0.198608,-0.2063053,-0.1988411,-0.1965634,-0.3603984,-0.3683422,-0.5697454,-0.2286813,-0.3271747,0.08889516,0.6871852,-0.004611254,-0.2985229,0.02932344,-0.3536679,-0.2613593,-0.06081139,0.4079486,0.001037521,0.007822625,0.1512098,-0.000729794,0.4440049,-0.3385844,-0.05339947,0.4579294,-0.1257614,-0.04460301,-0.6378472
-0.04605978,-0.170357,0.8517211,0.6846797,-0.0873628,0.3876677,0.2861366,0.3926862,-0.5800146,-0.2250675,-0.4993115,0.4114578,-0.09452707,-0.4972677,0.2372513,-0.3750306,0.1603036,0.3153863,-0.08595636,0.262496,-0.2654927,-0.3969957,0.3909998,0.02873337,-0.1932608,-0.3172799,0.06747293,0.5097818,0.01308354,-0.5188663
0.0003907122,0.3110508,-0.05652255,0.09490822,-0.1600226,-0.2298405,0.01639539,-0.1534252,-0.01946646,-0.03708667,0.001928763,-0.0215575,-0.5254699,1.956518E-05,0.01880301,-0.4001896,0.7731476,-0.280027,0.2837586,-0.0129688,-0.5326127,-0.2106385,-0.1329942,0.4329489,0.1390679,-0.3336138,-0.05115423,-0.2249646,-0.2657949,-0.2662146
0.343946,0.135512,-0.1313824,-0.07421881,0.01968084,-0.784816,-0.008221862,-0.3652687,-0.47754,0.4526575,0.04129714,-0.01558338,-0.2618042,-0.3900944,0.2150634,-0.01951259,1.156745,-0.1849163,0.03028245,0.02205244,-0.4767908,-0.1157749,-0.2716641,0.1130654,-0.02262055,0.06272599,0.8218059,-0.3108176,-0.6637593,0.02684957
0.4702814,0.007451317,0.1488115,-0.2889074,-0.06958783,-0.272894,0.07768333,-0.4929673,0.1436835,0.005722533,-0.164443,0.02382606,0.1640842,0.4120921,0.04992713,-0.8688226,-0.6121536,0.04121697,0.2312587,-0.0009356347,0.4907101,0.02586468,0.106997,-0.4160609,0.2675087,0.1755693,-0.2290663,-0.1203898,0.01362551,-0.03855535
-0.4513285,-0.03379494,0.0002798961,0.656568,0.05786278,-0.2579027,0.3282557,0.4828864,-0.5798136,0.2947875,0.4738247,0.0204379,0.1562306,1.266155,1.073038,-0.03527343,0.1618272,-0.2024057,0.06474657,-0.2380391,-0.09466269,0.2592811,0.09338377,0.1352422,0.05325622,-0.08767983,0.2972319,0.3899504,0.2573623,0.005355299
0.002790169,0.01729643,0.659103,0.009573133,-0.320653,-0.5262532,-0.1751212,-0.2932045,0.1293466,-0.2819908,0.368641,0.3235326,1.004332,-0.5280527,0.1141698,0.006938681,0.1163478,0.001294398,-0.0218719,-0.459221,0.03449994,-0.08382589,-0.1385717,-0.5158023,-0.0835976,0.101153,0.2786892,-0.5336136,-0.5045383,0.03501597
-0.8681782,0.1840039,1.759108,-0.06953605,-0.9396533,-0.4472958,0.04473614,-0.002960503,0.06558391,0.3785846,-0.1721649,0.4876426,0.05512124,-0.4602465,-1.025776E-05,0.462037,-0.04947239,-0.04302698,-0.4635414,0.2399517,0.1917986,-1.026833,-0.1955092,0.003702072,0.4198598,0.2373537,0.3870285,0.1744324,0.2608672,-0.2306441
-0.1932403,0.329244,0.9600009,0.08272332,0.1113807,-0.4308649,-0.3247347,-0.0303209,0.4052014,-0.3617783,0.00190692,-0.08683401,-0.4841915,0.002685794,0.4559847,0.7021734,-0.3026278,-0.7421749,-0.323577,0.002329975,0.1867499,0.1616621,-0.2473122,0.06377354,-0.4988871,0.387308,0.02028597,-0.4862864,-0.04140502,0.1071575
0.002640123,0.7051936,-0.310123,0.3624807,0.002076237,-0.3615327,-0.4472125,-0.5162393,0.04320932,-0.03289141,-0.3567518,0.01736192,-0.1981265,0.006943992,-0.3238791,-0.07134052,-0.03342042,-0.1543285,0.03248206,0.2874306,-0.3169725,0.6000439,0.1864719,-1.098547,0.03662464,-0.5520471,-0.07025188,0.1643762,-0.1394858,-0.07248914
-0.1275044,0.6813725,-0.01009221,0.1133569,0.2782654,-1.484488,-0.495059,0.09542494,0.4601632,-0.02084466,-0.01867222,0.181271,0.8295884,-0.06038642,-0.4778489,-0.005987122,-0.1273628,0.08851921,-0.01142239,0.3201103,0.1089404,-0.2565369,0.5592878,0.3859411,-0.0001528981,0.7255493,-0.5488971,-0.1052563,-0.3089741,-0.4644349
0.2084493,-0.2301395,0.2860017,0.4997473,0.04535844,0.3201055,0.06571165,0.1081772,0.04249618,-0.370433,0.0008917737,-0.4260395,-0.03748554,-0.3828874,0.3693195,0.2778647,-0.06560928,-0.01984888,-0.002946454,-0.2448688,0.4437467,-1.082664,-0.4851536,0.4761469,0.01141352,-0.749087,0.1104401,0.1051596,-0.6967786,0.443599
-0.2333224,-0.3728718,0.02945453,-0.03169522,-0.10666,-0.1692791,0.1824775,-0.2631842,-0.2345484,-0.392164,-0.1031458,-0.0121662,0.107201,-0.3441716,-0.08009351,0.4673505,-0.1659434,0.06846372,-0.2426668,0.06899244,-0.1501201,-0.052801,-0.0003038638,-0.6472615,-0.2156723,0.1821781,0.01053712,-0.6234314,-0.3204031,-0.6072453
-0.2280056,-0.344411,-0.4033577,0.1404164,-0.1428439,-0.1001854,0.0009143844,-0.02335512,-0.1431743,-0.5199506,-0.3485794,0.0124001,0.1185258,0.2605367,0.5845929,-0.05694517,0.3831147,-0.05793383,0.1228252,0.006347273,-0.4695525,0.232241,-0.5472586,0.06299978,-0.06879225,0.1236585,0.07043499,-0.4904392,0.01215046,-0.6633604
0.1683805,-0.1056716,0.1036701,0.4057029,0.3842307,0.2855878,0.0648126,-0.9916025,-0.4751205,-0.002050459,0.1284541,0.4608809,-0.03779608,-0.004412669,-0.1576083,0.1563506,0.03713087,0.3629492,0.5736222,0.1469592,0.1029349,0.4485431,0.05527109,0.1266167,0.09281124,-0.492613,0.005510747,-0.1469408,0.01616059,-0.01390813
-0.1060658,-0.5380106,-0.1748776,-0.3075343,-0.2132886,0.1266063,0.4584477,0.4324331,-0.8421788,-0.056696,-0.1182854,0.001007598,-0.1489387,1.299239,0.1638781,-0.4345894,0.8005479,0.04911827,-0.3704112,-0.02609186,0.1803378,-0.5383725,-0.1584002,0.01604134,0.01581816,0.0195598,-0.0615887,-0.9971596,0.4870394,0.05749991
0.4984237,-0.07622597,-0.3455338,0.0347864,0.071163,-0.3467726,-0.1679729,0.3009354,-0.2607371,0.2207159,-0.06603706,-0.03983015,0.2029229,-0.4499266,-0.1907576,-0.05152913,0.04073412,0.4514704,-0.1718031,-0.1621671,-0.2004525,0.3769946,0.2150086,-0.4263327,-0.01276123,0.1947873,-0.8291046,0.2400523,0.00720357,-0.2007751
0.1540666,-0.007109955,0.0965029,-0.3010176,-0.008139499,0.4024247,-0.3237958,0.001778543,0.0325967,-0.4189855,0.3654737,-0.1552444,0.2615457,0.3846862,-0.6871727,0.1152031,0.134314,-0.458905,-0.3521978,0.02302279,-0.2494468,0.2243562,0.1704861,0.02010518,-0.003219387,0.6037236,-0.218217,-0.1965604,-0.4624654,0.393283
-0.06506473,-0.4983518,-0.1605528,-0.2023997,-0.08187431,0.07180208,-0.08908588,0.3229737,-0.03819209,-0.01978535,-0.2932736,-0.4897861,0.05039811,0.3438632,-0.05739066,0.1824065,0.07449013,-0.4297861,-0.3583791,0.2588513,-0.2294861,-0.4296702,0.06931152,-0.2888733,0.01379472,0.2881633,-0.4399026,-0.06062699,0.4794024,0.4902456
-0.07477172,0.2834679,-0.3796083,-0.4312338,0.01527792,-0.3674539,-0.01087324,0.8833923,0.2539721,0.4152966,0.3338093,0.909413,-0.7846168,1.232165,0.1119748,-0.3871591,-0.3370835,-0.01021902,0.3075724,0.2574478,0.06218474,-1.053865,-0.02469967,-0.4689164,-0.1056439,0.1309345,0.01464399,0.5020778,-0.001190974,0.1355596
-0.4973462,0.2853112,0.3902654,0.01885734,-0.3765092,0.02177757,-0.3676657,0.04525784,-0.05781039,-0.6175308,-0.1220098,0.1652314,0.09935042,-0.2586794,0.007945658,0.4514095,-0.01754798,0.1775323,0.003069052,-0.001981138,-0.3054587,0.1491892,0.1055323,0.2559609,0.04318076,0.09866891,-0.07882005,0.6068147,0.1491618,1.111065
0.09984698,-0.04366785,-0.2642046,-0.407933,-0.2399164,0.09017595,0.001518428,0.257024,-0.3368089,-0.1325132,-0.2572434,-0.3300492,0.4425604,-0.2537589,0.4742681,-0.005956046,-0.02598763,-0.1440828,0.06939258,0.1261948,0.1062202,-0.4973742,0.5866064,-0.01131314,0.2260108,0.2159873,0.01843793,0.2819816,-1.238044,0.06889278
-0.3964531,-0.09220005,-0.7530695,-0.03867615,0.01585568,0.0373804,-0.04260473,0.6801209,0.02717883,-0.09684283,-0.07173681,-0.8255703,0.3297923,0.4316494,-0.1193282,-0.01646492,-0.1133872,-0.4738859,-0.06300408,0.06750523,-0.4876639,0.4166056,-0.07925753,3.937415E-05,-0.1809575,-0.01609164,-0.1055885,0.007629731,-0.802213,0.2476432
-0.5422024,0.2640927,0.4603462,0.06064142,0.09139043,-0.2997169,-0.02308568,1.009012,-0.2618718,-0.1917369,-0.3641528,1.006286,-0.01031501,0.8631077,0.08230033,-0.23266,0.3962949,-0.007540052,0.9844848,-0.08929986,-0.02010878,-0.3583456,-0.07602854,0.4461131,-0.9107358,0.02862245,0.2826455,-0.1436404,-0.7712202,-0.279431
;
1.533213,-0.07224356,0.1589979,-0.1761782,0.002774885,-0.2234822,-0.35163,-0.144648,-0.3795756,-0.02375311,0.2114284,-0.1893644,-0.03154504,0.08473911,0.01901268,0.0001557978,0.4231923,-0.06314943,0.2355989,0.1572475,0.08185405,0.552514,-0.02825648,0.2197051,-0.4759781,0.007566434,-0.01086408,0.6768566,0.1317099,-0.06770462
-0.5044937,0.04941342,-0.04309376,-0.04138842,0.3189316,-0.0002945134,-0.1226359,0.2164821,0.0415842,-0.2562481,0.1834826,-0.308863,-0.0008137896,-0.06190878,0.1163829,0.1478805,-0.4857836,0.1709242,0.3527082,-0.690953,0.1402724,-0.339341,0.09220523,0.3147237,0.2942109,0.0353526,-0.01057309,-0.4583629,1.140738,-0.3482558
0.2585207,0.2999322,0.2439707,-0.1160179,-0.4504467,-0.1941786,-0.003048807,-0.07854851,-0.2585683,0.2799884,-0.1076514,0.06648093,0.04100277,0.1645827,0.2220759,0.7949663,0.1304005,0.03625564,-0.08060356,-0.02517798,-0.2349449,-0.003343952,-0.5189019,-0.46461,-0.01002592,-0.6336823,0.01474361,0.1233516,0.216034,-0.2595816
;
