-0.03278859
0.5482842
0.2322799
-2.02232
0.4607101
-0.3264011
0.2495171
0.2639849
-0.04876477
-1.203146
;
0.3893195,-0.490896,-0.07338501,1.563163,-0.2362604,-0.4685512,-0.05372141,-0.745944,0.09877175,0.3271936
-0.003617164,-1.053808,-0.02515645,0.321643,-0.03349949,-0.1044804,-0.04179325,0.08721747,-0.1388736,0.02939657
0.04380881,0.01312645,0.2779956,0.04216057,-0.1839645,0.002221608,-0.1462495,0.1043405,-0.2611745,-0.03727357
-0.3969959,0.1492733,-0.350944,0.04737133,0.0006434841,0.01584879,-0.01918212,-2.823691E-06,0.4568591,-0.2965057
0.1092174,0.001323946,-0.2368183,-0.2523029,0.8355025,-0.03121611,-0.2731943,0.00537788,0.143575,0.6060373
-0.1663044,0.6362869,0.2094968,-0.4035838,0.4400171,0.2183199,-0.0900206,0.2777206,0.4764359,0.04632729
0.2937264,0.3195049,-0.3808499,0.2541145,-0.02742353,-0.4652839,-0.00473289,0.02267486,0.6364549,0.3724239
-0.2566147,0.3903377,0.1081964,-1.243609,0.0178859,-0.04553905,0.1944096,0.3589504,0.6302221,-0.2234729
2.090863E-05,-0.1250069,-0.0001669098,-0.02609688,-0.005150198,0.1176226,-0.0005227625,0.0128397,-0.1132341,0.375793
0.001036138,-0.008815541,-0.07665975,0.4260267,0.4147273,-0.1283523,-0.1473306,-0.401922,-0.07812429,0.1973009
;
0.02901327,-0.1609282,-0.3015041,0.0221352,0.5149366,0.3828152,-0.6340275,-0.3256634,0.07239243,0.2457511
1.563286,-0.0132778,-0.05129482,0.04628005,0.2361737,-0.1841821,0.5082765,0.001064656,0.4297397,-0.007680766
;
0.402311
0.4707709
0.5288876
-0.05249689
0.02292545
0.08492009
-0.3286184
0.1269402
-0.001807616
-0.06667715
;
0.2314253,-0.2761382,-0.2566032,0.03061344,-0.1817528,0.2841778,-0.3707466,-0.3232684,-0.1693076,0.09086465
-0.1950582,0.8883096,-0.05927805,0.03072802,-0.3670313,-0.1135702,0.2805747,0.4773012,-0.0004431918,-0.01121121
0.04989201,0.2689204,-0.002980333,0.1192524,0.2064569,0.01705195,0.3500087,0.2555625,-0.1063706,-0.08614534
0.4420591,-0.1172927,0.1840728,-0.04837105,-0.002787532,-0.05199236,0.0819995,0.5229308,0.15132,-0.136354
1.189721,0.3079946,0.1022069,-0.2772951,0.06322617,0.003757308,-0.1685554,-0.2729745,-0.004563637,-0.01809295
-0.4573851,0.1082961,0.4831101,-0.08881135,0.02670695,-0.2029825,-0.03140241,0.006582844,-0.1148633,0.3669903
0.04614013,0.04939085,0.01861161,-0.1619934,-0.3891028,-0.07013007,0.6945627,-0.3561856,-0.426447,0.1235447
0.04336814,0.3119242,0.002817518,-0.4349782,-0.4493945,-0.2264907,0.08162089,-0.09391528,0.02729398,0.3015721
0.005873369,0.7860899,0.0362347,0.1230103,-0.09320289,-0.1177151,0.1031098,0.8168468,0.0636017,0.2666445
0.1870769,0.4148208,0.3100203,0.505466,-0.001207173,-0.0006465524,0.005633,0.4302616,-0.421736,0.004993028
;
-0.06128889,-0.05255268,-1.45415,0.003141885,-0.2469654,-0.1504717,-0.006643962,-0.02425408,-0.1747401,-0.1187292
0.4471749,-0.01807619,0.3522553,-0.01413599,-0.006725808,-0.06598169,-0.01508051,-0.08023924,-0.1900442,0.07461445
-0.1861388,0.1082425,0.001442647,-0.07623006,-0.2050897,-0.4552236,0.0703997,0.1019385,0.01089626,-0.1496439
;
