-0.3670362
0.4146743
0.2379008
-0.1712874
-0.0002536654
0.01577439
-0.3375701
0.1906627
-0.4903864
-0.1820461
;
-0.3887991,0.3492889,0.6714506,0.002816626,-0.2048637,-0.15928,-0.3513633,-0.008859021,0.1523869,0.2092185
0.7434881,0.3415335,0.07887174,-0.2156924,0.03046263,0.2885334,0.1305531,0.09991631,-0.02171376,0.4092027
0.002677069,-0.09872265,-0.2112047,0.2789832,-0.2700586,0.1348605,-1.430617E-07,0.4931829,-0.03638953,0.2508059
0.7042783,0.6299258,-3.309394E-05,-0.0894137,0.44848,-0.143788,-0.01121482,-0.07082075,0.03238532,0.1694917
-0.3271235,-0.04608744,0.455773,-0.1412836,-0.3454525,0.02420706,0.0003801691,0.01505194,-0.4716238,-0.3095608
0.002119369,0.02930999,-0.3734057,0.2360208,-0.122561,-0.04472338,-0.2296692,0.09403902,-0.8465391,-0.1803413
0.3566194,-0.004667475,0.01537997,0.6743263,-0.3139125,0.009748125,0.3470312,-0.138679,0.0532002,-0.3504215
-0.3609573,-0.1350976,-0.1846819,-0.108304,-0.3528257,-0.3684189,-0.2413986,0.2147039,0.0004404169,-0.01475571
-0.03059334,0.4090772,0.07332368,-0.4499727,0.3724135,0.02222437,1.809235,0.04458723,0.3478234,-0.089733
-0.4701865,0.04935331,0.03241717,0.4428368,0.8105426,-0.09359556,0.2549148,0.1683575,0.05783552,0.358832
;
-0.001283854,-0.06341902,0.03997978,-0.104578,-0.04559156,-0.2184076,0.01817364,-0.004925284,-0.5449739,-0.02187318
-5.339963E-07,0.01831931,-0.02337437,-0.1961341,0.1394405,0.479346,0.01943463,-0.4327786,0.6510603,0.05307053
;
-0.004746642
-0.2597456
0.04670446
0.2480447
-0.06326789
-0.006218668
-0.4126
0.4475129
-0.6502694
0.04780346
;
-0.1646618,0.1055775,-0.3885678,-0.03137179,0.02284242,0.01622628,-0.1138068,0.004031616,0.309767,-0.04341349
0.128494,0.5313559,0.00702224,-0.08370894,-0.2092325,0.004681647,0.3703802,0.3199669,0.3768524,-0.2291254
-0.1036622,0.1794742,0.06070278,-0.00173116,-0.1102467,-0.4088094,-0.3367527,0.0515922,-0.1071705,-0.8438493
0.350861,-0.006869629,-2.090015,0.1302117,0.2465338,0.002574512,0.4000356,0.005924013,-0.01964701,0.497517
0.1296802,0.002609399,-0.3670906,-0.1328506,-0.0843484,0.1981845,-0.2461264,-0.3058536,0.2737648,0.06576675
-0.4284071,-0.07482332,0.02434247,0.1977375,-0.01170965,-0.1175019,-0.02874213,0.08261921,0.02444893,0.0192456
-0.4672379,0.7286648,-0.006810068,0.0004439826,-2.005884,0.2678168,-0.0008009033,-0.2983379,0.3184192,-0.4473333
0.3588129,0.1095824,-2.269104,-0.2411729,-0.08491044,0.2030134,0.1180527,0.01137159,0.005609657,-0.2179908
-0.2353575,-0.5916907,-0.3672673,-0.01285191,-0.2456389,-0.08201367,-0.1782278,0.1262393,0.1550382,0.07791811
0.3807315,0.3593626,-0.07489076,-0.07472202,-0.1487066,-0.03555707,0.05424649,-0.3925982,0.2367684,-0.30595
;
0.01262912,0.418925,0.004039694,-0.1688786,-0.4075942,-0.2122796,0.007408026,-0.3970869,0.1930138,0.02657574
0.00321137,-0.1396472,0.1788,-0.007625639,-0.09616047,-0.01025901,0.01146991,-0.01941574,0.09328884,0.2345676
-0.5213264,0.03067571,-0.3192364,0.04117101,0.0618561,-0.02390927,-0.06380741,-0.3431019,0.5730843,0.2133852
;
0.04437519
-0.1177071
-0.4817075
0.506605
-0.02347657
-0.003565119
-0.03591878
-0.1106755
-0.5724159
-0.01422782
-0.2229295
0.05440899
-0.026741
-0.1339359
-0.1239609
-0.2629834
0.04150957
-0.3995197
-0.1856132
0.08718544
-0.05583475
0.001777526
0.1332821
0.1580777
-0.35788
0.3348769
0.4001453
-0.4256204
0.05985865
0.3016571
;
-0.4707325,0.2582067,0.2856308,-0.02225616,0.03558508,0.101351,-0.0225334,-0.4087123,-0.0006683469,0.9013571,-0.2293609,0.3292807,0.2623382,-0.01752938,0.4680929,-0.3563976,-0.001477846,-0.469891,-0.06222949,0.5557307,-0.2189482,0.8895651,0.04201039,-0.01765472,0.2902696,0.1889679,-0.09020821,-2.344973,0.2808353,0.1328558
-0.2370428,0.4272282,0.2366541,-0.07335764,0.2913941,-0.180478,-0.02057878,-0.05369956,0.4230751,-0.02172571,0.008829892,0.03101426,0.1997949,0.3679773,-0.006708024,0.1085787,-0.231199,0.1513971,-0.2733057,-0.4951364,0.4119914,0.04067924,0.3154539,0.1606227,-0.4607038,0.09039786,-0.4588406,0.2259024,-0.2874462,0.04467689
-0.3107476,0.4545543,-0.0009694821,0.4827991,0.01194619,-0.1470748,0.321027,0.02830628,-0.1037803,0.1342821,-0.2283395,0.06029893,0.9499146,-0.4499192,-0.4936994,0.4149365,-0.2501018,0.4999876,-0.4622906,0.8079483,-0.00309551,-0.3584121,0.03180756,0.0443309,0.4088213,-0.5803114,-0.2041997,-0.0670107,-0.04789725,-0.009493179
-0.1271541,0.04497162,-0.2982014,-0.5134591,-0.2764752,0.1971678,-0.1421988,0.0206587,-0.09256291,-0.1166159,-0.4308523,0.00248814,0.3364613,0.01330131,0.1661707,-0.3219572,-0.09023656,0.4082397,0.4994441,0.7456857,0.3449706,-0.1350929,0.492282,-0.067662,-0.1857234,-0.4773549,0.1638935,0.7237754,0.4138248,-0.2075103
-0.2045999,0.4236467,0.4320303,-1.060636,0.2437949,0.3809451,0.4462992,0.4638612,0.2062587,0.1641917,0.01034278,0.00663694,-0.2117508,-0.2716744,0.06597134,-0.0008956987,0.02347462,-0.112878,-0.1039316,0.003511535,-0.4411708,-0.03969492,-0.6365653,0.6907498,0.3821959,0.1587553,0.002777601,-0.265599,0.4956303,0.0008068028
0.06934904,0.01922503,0.003690018,-0.00322554,0.2146827,0.2469314,-0.0001149704,-0.0001416113,0.4603291,-0.06116134,-0.3225546,-0.396592,0.1691971,0.008308261,0.6244717,-0.01976033,1.337328,-0.207388,0.1209398,0.02102167,0.001264992,-0.3343362,-0.4313676,-0.4968049,-0.39244,-0.5589331,-0.06199824,0.06562039,-0.1246993,-0.03647069
0.3196561,-0.1995838,-0.2236955,-0.1431096,0.04212442,-0.4508624,0.01319379,0.3268098,-0.2363813,0.1341192,1.872817,-0.4448387,0.4568008,0.0452091,0.467141,-0.06084128,-0.123697,0.08183717,-0.09225159,0.2932836,0.0004943538,-0.514256,-0.2258117,0.00942415,0.1116613,-0.3810971,-0.1555341,-0.1713351,-0.2686245,-0.473388
0.2374491,-0.01259765,-0.002202571,0.01244932,-0.1148089,-0.09942486,-0.4632624,-0.3210051,-0.1698444,-0.4143107,0.342347,0.4871238,0.1471533,-0.03167695,0.3641642,0.6311262,0.06676048,-0.03600401,0.3321469,0.2108673,-0.1614768,-0.184648,-0.006065619,-0.03116399,-3.767948E-05,0.001736136,-0.02849769,-0.3652774,0.4268773,0.05742437
0.1406197,-0.03792018,0.06637126,0.432556,0.0003362936,0.1382346,-0.2522538,-0.6720295,0.1495097,0.06174033,-0.01922846,-0.3495952,0.03669022,0.5925758,-0.001518002,3.767939,-0.2471763,-0.4021512,0.07129861,-0.1225333,-0.04050058,-0.4963853,-0.01796375,-0.1026697,-0.001511589,0.04852265,0.02089105,0.002787614,-0.2335004,-0.2760117
-0.2333078,-0.3777876,0.1448822,0.6367775,-0.3608295,-0.09915096,-0.1887809,0.3756324,0.5471081,-0.04579873,0.02362746,-0.2197068,0.3395689,0.1007641,0.2545041,-0.08834201,-0.3250486,0.03248113,-0.004559183,0.2536258,0.2312381,0.02581537,-0.01163552,0.01140571,-0.04285691,0.03211515,-0.4481829,0.2431332,0.1574794,0.07629136
-0.2422329,0.0293474,-0.01387152,0.02353325,0.9126443,-0.3082185,0.3484257,0.3107363,0.1376833,0.06878832,-0.8152035,-0.1126908,0.003518522,-0.5651546,0.427708,-0.2479805,0.003593179,0.2965306,0.4190167,-0.0049998,-0.6464211,0.2252893,-0.1609398,-0.1494449,0.02305282,0.02402988,-0.02379694,-0.1743329,0.1584848,-0.2999726
-0.6188263,0.08892389,0.3515806,0.1755184,-0.4181425,-0.07784229,1.241628,0.001313907,-0.03801183,-0.06265364,0.2459431,0.2045253,-0.2238246,0.09019154,0.4685062,0.02690773,-0.5435776,-0.7738345,0.08706576,-0.238757,0.4624478,-0.01441775,0.05045491,0.1665141,0.2776105,0.00065432,-0.3431591,-0.4430977,-0.05807787,-0.3254022
0.3714616,0.6484066,0.3794135,0.2943411,-0.1337759,0.2932075,0.3479835,0.0006583994,-0.08965403,-0.4914077,-0.7527933,0.1163217,-0.6423497,-7.839785E-05,0.5583602,-0.3949404,0.08398575,-0.1288499,-0.008978307,-0.4804924,0.5224691,0.1778704,-0.02777433,0.004599988,0.02215601,-0.01743563,-0.002153547,0.6772966,0.4688537,0.1901093
-0.5554805,0.2761903,0.2370335,-0.08344454,-0.06155168,-0.2075834,-0.09771489,0.385656,-0.1370084,-1.345774,0.6379973,0.1241946,-0.3317791,-0.9411677,-0.4228293,-0.620264,-0.2187091,-0.3249363,0.3758309,-0.01174818,0.003012982,0.1692833,-0.4730584,-0.1657726,-0.1317428,0.2740158,0.03472509,-0.2190992,-0.06801438,-0.4198854
0.06625276,-0.1685966,-0.4695389,0.116085,0.06510307,-0.4253697,-0.004124872,0.08464211,-0.4104275,0.02204782,0.06107217,-0.5996427,-0.2934805,0.4645818,0.2104252,0.05792671,-0.09703426,0.003586716,-0.08100633,0.4685545,-0.1591865,-0.3155119,-0.2011192,-0.01634923,-0.1526019,0.05281174,0.0102594,-0.1247273,-0.4692039,-0.161273
-0.2058211,0.7459331,-0.3917372,0.01350546,-0.1258747,0.3332305,-0.01455897,-0.3080473,0.3689637,-0.04810962,-0.263783,-0.05688447,0.00193633,0.0001227468,0.2135383,0.1431611,0.03939741,-0.008055753,0.413344,-0.1058937,-0.8021832,-0.3567475,-0.01446263,-0.08410332,0.295822,0.02225665,0.1814746,-0.06402034,-0.7902234,0.1878168
0.1909811,0.05038297,0.4058003,0.2395964,0.01743451,0.0455547,-0.05071559,0.415969,-0.02206171,-0.002484869,-0.006106892,0.001894045,-0.000164699,-0.1942217,0.4254329,0.1285652,0.04115504,0.2249493,0.2520067,-0.4348817,0.06999815,-0.09184271,-0.1454794,-0.3006298,-0.1886579,0.02037238,-0.4705647,0.412826,0.3481683,-0.6591058
0.0620808,0.01980054,0.3429759,0.2516896,-0.5504537,0.5620931,-0.01759454,-0.3540256,0.08151275,-0.1851532,-0.1086602,-0.229644,-0.2134319,-0.01336888,-0.05625409,0.2419752,-0.02576884,0.05925154,-0.4352328,-0.0329468,0.004200303,0.03850288,-0.04036303,-0.5751558,-0.426379,0.1591285,-0.04405576,0.02690091,0.1435542,0.09966092
-0.3430254,0.0003853863,-0.1619457,0.06604683,0.302812,-0.05234772,0.8563093,-0.3837892,-0.1611182,-0.0324742,0.1739835,0.1256088,-0.005635436,0.002644614,-0.8387378,0.9040793,-0.4364918,-0.3009746,0.2108356,-0.01151804,0.1807917,-0.0004346865,0.02479679,0.008922368,0.04745185,0.09614345,-0.3262852,0.1274888,-0.2432755,-0.0003255144
0.5308022,-0.02162336,-0.07519799,0.2461601,0.3448274,-0.2472333,-0.3150113,0.321155,1.303368,0.686583,0.03432684,-0.05811236,-0.07163964,-0.3214756,-0.002197453,0.29921,0.4522552,-0.3065689,-1.34193,6.251311E-05,-0.2316539,-0.103626,0.3066458,0.01098225,-0.7505581,-0.1302397,0.3162586,0.00031137,-0.4608348,-0.2351733
-0.2002783,-0.02236884,0.01138433,0.008777578,0.005997002,1.005263,0.1993056,-0.01169209,0.141235,-0.3872539,-0.002206226,-0.0644265,0.04584478,0.1174453,0.8595849,0.4321184,-0.208751,-0.7435861,-0.1704593,0.06852508,0.7157108,0.01604367,-0.4519486,-0.102032,-0.09577027,-0.2564245,-0.04752281,0.6289518,0.5190596,-0.7073882
-0.0214756,0.1472702,-0.04667228,-0.306477,-0.007911026,-0.08085907,-0.07657796,0.02393872,0.001770947,0.07728333,-0.2381776,0.4051848,-0.02012727,-0.2254619,0.689673,0.00158418,0.2611099,-0.4325623,0.2202947,0.006288697,0.006484839,0.01176253,-0.03380385,0.06514914,0.007226928,0.007570317,0.0253929,0.227045,0.6601673,-0.3262206
0.01578862,-0.08021778,0.07145661,-0.0004130954,0.194718,-0.4767501,-0.4706062,-0.2838103,0.2180644,-0.5029026,-0.0740518,-0.01349503,0.9760392,-0.4212769,-0.05403832,0.1968422,0.01868862,0.2967998,0.2803642,0.2070653,-0.1615539,0.08790439,0.08166707,0.08950546,-0.1123657,0.3381549,-0.2870806,0.4910107,0.1334765,-0.04154965
0.01141301,-0.1547484,-0.1810856,-0.08888514,-0.004105217,-0.3965902,-0.0038047,0.00848863,0.1651442,-0.009664224,0.0006751309,-1.244479,-0.0005095098,0.2423252,0.5336107,-0.3423003,0.1134451,0.1536726,0.3518779,0.04129606,0.01386987,-0.03659362,0.1755417,-0.03669126,0.226775,-0.03528883,-0.198612,-0.4963312,0.07711405,0.0906412
-0.3163674,0.3775108,0.3773023,0.04619731,-2.986947E-05,0.5608376,0.08714825,0.1917063,-0.0005429347,0.03854961,-0.01088735,0.04597829,-0.3568556,-0.06017495,-0.1111143,-0.4956857,0.02271788,0.04774299,-0.2131659,0.000450658,0.02856353,-0.298995,-0.381308,0.1305791,-1.19129,-2.323901,0.06970046,0.01732793,0.0183055,0.1947286
-0.1677688,0.00076002,0.2224959,0.001805803,0.3029213,-0.3872578,0.437345,-0.0358046,-0.2432209,-0.06350172,0.001287661,-0.4867281,0.09488425,0.120503,-0.7394379,-0.03542284,-0.4947765,0.1724514,-0.004116549,-0.3370829,-0.3870416,-0.05540963,0.3411696,0.0797804,0.1558802,0.4257764,-0.08625704,0.1438942,-0.0001929755,-0.2513632
-0.1558293,-0.144872,-0.005154396,-0.4025384,0.0073038,-0.1262442,-0.7935696,-0.1527453,0.4975264,0.08342355,-0.01603296,-0.4247419,0.3520615,-0.2936382,1.021272,-0.2281695,0.1051969,-0.4778328,0.1689457,-0.7644618,0.03120165,-0.01787704,0.1929079,0.5495589,-0.0237356,0.3344669,-0.03528219,-0.2083089,-0.1038307,-0.4310093
-0.5582958,0.3228757,0.2821913,-0.02393537,0.1722331,0.06691925,-0.1026001,-0.3348912,0.1197312,0.003602673,-0.7595698,-0.2761834,-0.1840703,-0.01008946,-0.2179768,0.7959927,-0.0006769,0.1832408,-0.4161591,-0.003491104,0.002542764,-1.11784,0.2570195,-0.05091876,-0.06203787,0.06398484,-0.5862449,-0.07696348,0.1005979,-0.4797394
0.2406195,-0.5209255,0.05443329,0.1489159,-0.3383358,-0.3306671,0.9627289,-0.2621613,-0.1921092,-0.08912808,0.4580404,-0.6469455,-0.0005189977,0.2778146,-0.3266497,0.3854498,-0.0680296,0.2445407,-0.466268,0.6938229,0.1078898,0.2484314,0.273895,0.003331313,0.3570739,0.2005709,0.3643926,0.0452976,-0.02089015,0.003184825
0.6363408,0.1649774,-0.1969098,0.06467015,-0.01225313,0.1561392,0.04349167,0.1226749,-0.2280186,-0.2593747,0.001528645,0.2810525,-7.000561E-05,0.04772308,-0.2764875,0.0250956,0.01230956,0.009904193,-0.0436278,0.008942252,0.2480413,-0.05308,-0.02936071,-0.4178557,0.2544512,0.00720437,0.4824853,-0.002713253,-0.48807,-0.1010916
;
-0.4347949,-0.1538951,0.1383558,-0.5509215,0.05045834,0.003309502,-0.3906105,0.003122151,0.506052,0.5529125,-0.03121483,-0.459461,-0.4885608,-0.1317192,-0.2717196,-0.1248109,0.5803043,0.001229857,-0.0007401178,0.2507153,0.04189766,-0.0388018,-0.112946,0.4550828,-0.0543979,0.006814785,0.03169505,-0.1140812,0.4697827,0.05011531
0.3764402,-0.02487074,0.423686,-0.1406855,0.09274453,-0.02919215,0.02907506,-0.147376,-0.1160604,-0.000899141,-0.1566009,0.01592704,8.496626E-05,0.009882904,0.009812489,0.2201661,-0.02198835,0.06044167,0.3457478,0.1249544,-0.04655146,-0.09634592,-0.546538,0.0001397553,-0.2582124,-0.01715344,-0.03116578,0.02124439,0.2096305,0.0002942696
-0.239885,0.2794729,0.2949256,-0.2300596,0.002836883,0.0690487,-0.1377212,0.00185652,0.1473278,-0.4536112,0.07752663,-0.001387739,-0.7306373,-0.3807471,-0.01768225,-0.4591058,-0.02584543,0.118779,-0.1061308,-0.4454166,0.00276524,-0.000384764,0.4419116,-0.1308845,0.3295058,0.3316714,-0.4525788,0.2166855,0.1126181,0.4070036
;
0.01976264
-0.3268112
0.1328455
-0.009519027
-3.709047E-07
-0.1554273
-0.2221246
1.000898
0.2996117
0.396004
0.320846
-0.008188381
-0.3169763
-0.001474444
-0.3785288
-0.001649439
-0.1094411
0.4896432
0.3126344
-0.03806299
0.484808
0.07704109
0.1294005
0.0005871531
0.2777649
-1.334538
0.3467073
0.1666521
0.3148814
0.2587397
;
-0.2485951,0.8500276,-0.3384516,-0.1559969,0.9024762,0.0001857876,-0.4002826,0.3675611,-0.1676937,-0.4272063,0.2358893,0.1999628,-0.3239751,0.04414956,-0.3690116,0.6056993,0.00696591,-0.02319575,-0.7019778,-0.2560177,0.01883346,0.2621038,0.1002716,-0.2136679,-0.04383881,-0.1670906,0.2933556,0.04088018,0.0104937,-0.3553352
-0.2419353,-0.006279254,-0.3569115,-0.1930444,0.006175975,0.08472507,0.3031343,-0.02193194,0.1194191,-0.9258307,0.1486248,0.1673066,0.4010313,-0.01771729,-0.2101565,0.04520023,-0.03935546,0.2511085,0.4977114,-0.3185933,-0.3274063,0.3526269,-0.1898523,-0.2668735,-0.03177265,-0.1503362,-0.1267369,-0.1148761,-0.1464229,0.1250084
0.008222526,0.4912256,-0.0957759,-0.4631054,0.04447955,-0.06137849,0.9190528,0.1242489,0.07842071,-0.06117326,0.1803796,-0.3030469,0.2249746,0.4086975,-0.6032568,-0.5453308,0.4223228,0.06683242,0.08832837,0.04018984,-0.3711174,-0.3873408,-0.0867182,-0.1485797,0.2909416,-0.3842328,0.395485,-0.1404928,-0.3101599,0.1694343
0.1813942,-0.2462865,-0.3957117,-0.08432108,0.2780288,-0.1377769,1.858669,2.276438,0.08382399,0.03449646,0.06226009,-0.01892632,-0.002551534,0.1161005,0.03703938,0.110437,-0.1741075,0.3596935,0.4345793,-0.2885993,-0.05633633,-0.01035374,0.009860731,-0.3393003,0.2939874,-0.384784,-0.2259665,-0.2093199,0.02393947,-0.143537
0.008548993,0.1731216,0.4616099,-0.0003705523,-1.365025,0.0007419993,0.05077193,0.1364062,0.09527299,0.8381069,0.0002605319,0.07242538,-0.2246987,-0.3601247,-0.06841382,-0.0004667054,-0.3168623,0.2073182,-0.8986536,-0.1102301,-0.05185694,-0.3288384,0.003327104,-0.03711751,0.3220656,-0.189904,-0.1355876,0.1278773,-0.2776952,0.4304218
-0.3012934,0.4067577,0.1350242,-0.0640947,0.2059173,-0.1723645,0.2765665,0.06670329,0.5446931,-0.3874371,0.3742293,0.8265617,-0.03838617,0.0001909246,0.4310108,0.1374884,0.4295579,0.09167501,-0.1702094,0.001818105,0.4471951,0.04754454,-0.01307591,-0.3317858,-0.2092936,-0.2550466,-0.07419366,-0.008723744,-0.1250632,-0.1469429
-0.06088649,-0.08905283,-0.09395073,0.04991633,-0.2734714,-0.2610456,0.0003546418,-0.01067902,0.3760684,-0.01275108,9.350666E-05,0.2538689,-0.07486278,-0.1593844,-0.0001008407,0.1153369,-0.2592247,0.3353338,0.005539211,0.4283351,-0.006716779,0.1166014,0.2497527,-0.09960014,-0.2530085,-0.3290977,0.3301059,0.007710763,0.07228976,0.01760225
0.1177961,-0.09733269,-0.2065318,-0.1872961,0.2932803,0.8587347,0.3838296,-0.1171364,0.3688112,0.1018991,0.143884,-0.09655653,-0.06575745,-0.007426579,-0.1447104,0.3350208,-0.4570601,-0.4380681,-0.4986835,-0.04844727,-0.0256996,-0.2231558,-0.133028,0.002410063,0.06198546,-0.09671572,0.01729061,-0.2270249,-0.3284937,-0.3770997
0.5127305,-0.3197986,0.4392339,0.3761756,-0.1712385,0.1313705,0.4500424,-0.5527816,-0.2790395,-0.001565091,0.2080205,0.03302997,-0.02720597,0.05463213,-0.3295884,0.1633521,0.4586513,0.07942373,-0.01291355,0.2839946,-0.1821026,-0.07324404,-0.06084573,0.099694,-0.4641875,-0.11586,0.1088697,0.388426,0.07994515,0.2460749
-0.02289444,0.007255063,0.8182961,0.03834934,0.1809755,0.3081697,-0.04309862,-0.7550608,-0.0001085818,-0.401616,-0.5570094,-0.2036984,-0.05964893,-0.2250818,0.2779195,0.3642374,-0.4685477,0.3800869,-0.2679353,-0.06375615,-0.2366039,-0.3124741,0.002094314,0.08989054,-0.01473806,-0.1028987,-0.0463509,-0.2446093,0.477806,-0.1830948
-0.02171041,0.1077258,-0.3131771,0.1236124,0.4690315,-0.00202666,-0.002818316,-0.3727643,0.131428,-0.03035637,0.4544329,0.3185792,-0.1372058,-0.2221279,0.3911926,-0.3470598,0.03920388,-0.2458127,0.1230364,-0.01304977,0.4016738,0.02986736,0.0009602545,0.406402,-0.1463187,0.4049295,-0.01725319,-0.1583541,-0.09576339,-0.2442011
-0.1053493,0.0005814686,-0.4367752,-0.05939931,0.09246381,0.05969325,-0.01599398,-0.1965172,0.09307986,0.02949653,0.2684079,-0.03706568,0.03416023,-0.1977047,0.01248742,-0.1678767,0.06066332,0.06412721,-0.1989305,-0.5739967,0.06860518,-0.8181045,0.1253901,-0.08493243,0.4248039,0.005150646,0.4079419,0.327389,-0.041848,-0.0008202208
-0.9039497,-0.01339157,-0.4182305,-0.07293028,-0.2527799,-0.105171,0.07137088,0.08102307,-0.05597268,-0.02175952,-0.3226218,-0.3374757,0.4110429,0.1390457,0.06603199,-0.3763954,-0.3558049,0.02140778,0.3346672,0.001473012,-0.0965604,0.06789604,-0.08150062,-0.335564,0.2619161,0.004978903,-0.005244268,-0.09476453,-0.08783141,0.2493687
-0.098574,-0.2263913,-0.049145,-0.07949179,0.3171788,-0.00441373,0.1696563,0.4606478,0.5210691,0.465875,0.1898967,-0.08167899,0.01595944,0.4120824,0.0001852843,-0.002960187,-0.198374,0.1519864,0.08676444,-0.4816813,-0.02213818,-1.11024,-0.001812749,0.7496429,0.03851813,-0.1736335,-0.08111137,-0.3197416,0.2891998,-0.05705159
0.6879185,0.2018795,2.808369,-0.04425731,-0.1108567,0.04581193,-0.1635955,0.02782957,0.233584,0.1663387,-0.05716816,0.3189059,-0.03167859,0.08423599,-0.485682,0.02437788,0.1921246,-1.511829,0.04669036,0.1882924,-1.210995E-05,-0.2412335,-0.280899,-0.1929009,0.4675996,0.6246607,0.2391771,-0.05660039,-0.4806987,0.02342123
-0.01825655,0.2449466,0.1171743,8.944719E-05,-0.3331504,0.0006125786,0.1541986,-0.08039372,0.4021965,-0.04977166,-0.3125839,0.3483813,1.477086,-0.1940345,-0.002807603,0.4297746,0.4731883,-0.03338591,0.02519077,-0.1865662,-0.2028228,-0.1927055,0.1565935,0.1628023,-0.3492329,0.3681666,0.01367313,-0.3848451,0.2349101,-0.02150768
0.6036525,0.2642687,0.02729074,-0.07329749,0.1035579,0.03531785,0.211657,0.02495913,0.1151722,0.4073403,-0.2044207,-0.1954212,-1.784456E-05,-0.4761882,-0.02751468,-0.155526,-0.05212623,-0.08637351,-0.2963269,0.005925844,-0.04178675,0.7927042,-0.3975722,-0.2802523,0.0003090551,-0.1057134,-0.4548895,-0.5465192,0.340079,0.04191166
-0.2580316,0.09951073,0.2283343,-0.038473,0.09549956,-0.255119,-0.4922788,0.2091594,0.2059505,-0.2237263,-0.08297724,-0.3188067,0.5251744,0.002124958,0.1854902,-0.3166313,-0.00253851,-0.02183763,0.009038284,-0.02556468,-0.00220608,0.04904133,-0.2689939,-0.09577507,0.3365009,-0.1159914,0.3683056,0.03435943,0.1789261,-0.4146284
-0.2685034,-0.1583795,0.04885596,-0.2503638,-0.003891648,-0.01688156,0.3632247,-0.06197673,-0.3257523,-0.03815955,-0.8639739,-0.1077421,0.3097438,0.297752,-0.4502177,-0.1279718,-0.01438874,0.33474,0.4879568,0.02341428,-0.002503069,-0.5873032,0.04062025,-0.08393428,0.04145042,-0.1808639,0.001481222,-0.1695651,0.07648962,-0.05323603
-0.06952664,0.3940578,-0.2511222,-0.4822191,-0.0006043834,0.06303436,-1.989927E-05,0.797321,0.1105017,-0.04688091,-0.09056911,0.0003880903,-0.07465094,0.1254263,-0.6995464,0.3744053,0.6286808,0.2732538,0.01751536,0.03273874,0.04352349,-0.3898931,-0.08351435,-0.003107471,-0.1221028,1.957005E-06,-0.2629131,0.077604,-0.1852614,-0.1659545
-1.185273,-0.1128364,-0.3393142,-0.02138824,0.05030562,0.07151078,0.2633767,-0.006807419,-0.08950964,-0.1229958,-0.06404048,-0.1050274,0.3752755,-0.03138979,0.1426036,0.02009273,-0.129558,0.03750673,0.01265204,-0.3702385,-0.111706,-0.252961,-1.256224,-0.01849094,-0.0139471,-0.352243,-0.3921133,-0.002421439,-0.009455375,0.6642179
0.3757466,0.004606247,-0.001388702,0.6015682,-0.002398742,-0.07541518,0.02204448,0.1346636,-0.05011994,0.4688101,0.1483082,0.004109681,-0.01597696,-0.2035443,0.3845719,-0.004129677,0.05515908,1.369364,-0.7088248,0.1127765,-0.4304296,-0.01249025,-0.4113725,0.005739514,-0.004967562,-0.001191675,-0.1677548,0.0524102,0.007265806,0.268502
0.4046221,0.09775984,-0.3926324,0.1021142,0.4038105,-0.1846096,-0.3054771,0.4023995,0.3442464,0.3223009,0.1200446,0.3590417,-0.240272,-0.1246191,0.4772282,-0.203617,0.2423486,0.004937248,0.4034951,-0.2878557,0.008938075,0.4214758,-0.01188812,0.06103741,0.02958136,-0.03926819,0.1289657,-0.09486505,-0.09116966,0.02544803
-0.416274,0.4960891,0.09441473,-0.4348151,-0.1071618,0.02378279,-0.7220901,0.03666555,-0.01606625,0.01452294,0.00679772,-0.2844734,-0.002586251,0.5145696,0.05062745,0.09519048,0.3529581,-0.056896,-0.3470267,-0.4148169,-0.08164807,0.02133468,0.07923645,-0.2019078,0.2368082,0.03653613,-0.004167287,0.01444922,-0.4201066,-0.3475875
-0.01828319,0.2107948,0.3760408,-0.1136352,-0.1683931,0.4255309,0.2942394,0.2323971,0.1105221,7.718369E-05,-0.01299542,-0.03315548,0.05449922,-0.3789465,-0.3044422,0.03573817,-0.1825517,0.02853426,-1.148829,0.1527518,-0.0306101,-0.2504914,0.3897755,0.08822703,0.2869434,-0.08083378,0.1462883,0.1167474,-0.2014451,-0.1133984
-0.3224372,-0.09564561,-0.1278704,-0.3858793,-0.08494633,-0.1123824,-0.2649,-0.003081767,0.562941,-0.1304106,-0.4738739,-0.3135343,-0.01560331,11.82011,0.2681917,-0.3298154,0.4070465,-0.08577114,-0.4664344,-0.3025154,0.4280123,-0.01409727,0.4618267,-0.1769564,0.4371885,0.1935447,0.01722645,0.4655873,-0.08256012,-0.4790692
-0.2019214,-0.1284848,0.001861047,-0.007559976,-0.1039933,-0.005353002,-0.06672456,-0.2206852,-0.02871727,0.2262782,-0.06070057,-0.216225,-0.03800398,-0.01354387,0.001874183,-0.8664987,-0.003005906,0.02578874,0.03671514,-0.8793123,-0.02448467,-0.363362,0.06542951,0.1679128,-0.4674222,-0.09444806,0.007336337,0.1242359,-0.004814728,0.0588444
-0.452036,0.4482483,-0.02959702,0.06852868,-0.1002184,0.4237944,0.04596514,-0.6104442,-0.002337979,-0.09610483,0.4539681,-0.2315127,-0.0941366,-0.133514,-0.001867699,0.008792068,-0.01820939,-0.1986935,-0.3191924,0.1213179,-0.001792763,0.5569539,-0.337575,-0.1274856,-0.03672904,-0.1846991,0.3556992,-0.2773028,0.3581086,-0.05156061
-0.2141928,-0.01357822,-0.0585888,-0.2553457,-0.2934597,0.09498352,0.02247797,0.2787964,-0.02345896,0.09232344,-0.476095,-0.002961262,0.1384444,-0.003856064,-0.2629431,0.4501382,0.005857603,0.1061719,-0.3825325,0.03619907,0.01589672,0.2249462,-0.1428799,0.2815207,0.06560384,-0.01095365,-0.4065088,-0.6986439,0.5635266,0.5782089
0.08407535,0.2668005,-0.001701508,0.05342381,0.04090194,0.2274334,-0.07749258,-0.002574345,0.1459243,0.03086954,0.1939965,-0.4050454,-0.3201253,-0.1504774,-0.005210742,0.7457683,-0.4424143,1.161902,0.8620218,-0.01806596,0.2183144,0.3705137,-0.01312582,-0.1620809,-0.01120821,0.06315898,0.1370476,0.7735783,0.168317,-0.2115718
;
-0.004316582,0.4258062,0.3300136,0.00795455,0.8555201,-0.0690977,-0.1914728,0.3501118,0.5823723,0.08418743,0.0002242555,0.03170002,0.124052,0.02002702,-0.07536989,-0.07037814,-0.1763245,-0.03157676,-0.2548052,-0.05893346,-0.0003663616,0.2063935,-0.4677454,0.1774994,0.04649375,0.1885963,-0.2415788,0.0968267,-0.0300156,0.05062149
-0.04548614,-0.0946424,-0.004899799,-0.2477748,-0.1392996,-0.001546434,0.07692701,0.01250423,0.1163481,-0.3824872,0.0486175,-0.373069,0.07721158,-0.3954515,0.2082923,-0.009437094,-0.3044751,0.2324467,-0.1148499,-0.2008687,-0.009297609,0.01411392,-0.01394306,0.2425442,0.4829849,0.02899871,0.2157386,-0.1856852,0.1892741,-0.1941262
0.1158753,0.2466041,0.2367492,-0.207418,-0.1550151,-0.1998978,0.4070312,0.4715761,0.03823647,0.1277312,-0.1813727,-0.1146296,-0.03114788,0.07690483,0.1142018,-0.3509881,0.100617,-0.03258356,-0.07469548,0.000491419,-0.1366346,0.1211612,0.3399018,0.1375941,-0.2510096,-0.1104339,0.1838302,0.165684,-0.01984161,0.5136693
;
