-0.2219035
0.05034584
-0.0837141
-0.4855996
0.4723047
-0.1286373
0.4560946
0.2959985
0.3446774
0.1592886
;
-0.2459465,-0.4394888,0.196599,0.01602,-0.08905393,0.1640591,0.4450126,0.4043015,0.2707806,-0.1139221
0.03602463,0.4812562,0.3936437,0.1873714,-0.1298125,0.005655706,-0.1485552,0.1000296,-0.469111,0.1982338
-0.1268085,0.2352943,-0.2173048,0.2304848,-0.4555269,-0.2156785,0.4712518,-0.1004366,-0.04844195,-0.03079051
-0.4027208,-0.07452542,-0.3218135,-0.4655355,-0.4749284,0.3971393,-0.4728361,-0.2505388,0.1095302,-0.3886925
0.193956,-0.4527218,-0.2281139,-0.09516498,-0.2430812,0.2667713,0.2571765,0.2888871,-0.03855437,-0.21841
-0.3512034,0.3307128,-0.3886691,-0.4992964,-0.4297307,-0.4635764,-0.1186314,-0.09694582,0.4270762,-0.2071646
-0.3555597,-0.05615133,-0.135735,0.2510411,-0.3241454,0.1612638,-0.4899031,0.07735091,0.1079332,0.1356184
-0.04997379,0.4408263,-0.1358796,0.09965509,-0.1009666,-0.413113,0.4025259,0.05782801,0.3821243,0.4720976
-0.3236195,-0.01499552,0.6370751,-0.08243078,-0.4769,-0.1435944,0.3246174,-0.3629781,0.365695,0.05184823
0.4018698,-0.2948055,-0.2878146,0.192103,-0.3268806,0.1444895,0.1421853,-0.3913194,-0.1467624,-0.3054359
;
-0.3313011,0.1934365,-0.09568673,0.15433,-0.3161094,0.1769919,-0.362506,0.446926,0.22066,0.09950608
-0.211963,-0.001646459,-0.465212,-0.0008146167,-0.4168934,0.2845838,-0.1213891,-0.2035198,0.4895332,0.09554356
;
0.0007427959
-0.06384369
0.005265384
0.4959859
-0.5254945
0.1894627
-0.4955899
-0.1007889
0.356233
-0.06814569
;
-0.1382782,0.0304845,0.1055838,0.1016794,0.05352561,0.0349469,0.0235371,-0.7050776,0.08991164,-0.1595002
0.3304783,-0.05944425,-0.03638429,0.2652315,0.03735,0.1605927,-0.2854472,0.01793046,-0.3841442,-0.09291732
-0.1980633,-0.02690154,-0.4684694,0.2605687,0.3526064,-0.01402241,-0.166915,1.605142,1.352011,-0.0540809
0.8005344,0.3698068,-0.03437021,0.4981294,0.01406527,0.1151956,-0.2043421,-0.4559233,-0.1256682,0.02052648
0.2788985,-0.01162756,0.3845599,0.01315197,-0.1053839,0.03868325,-0.4324721,0.1614303,0.7903939,-0.1778678
0.139045,0.3819418,-0.4661801,-0.1571549,0.2303346,-0.001115262,0.003062375,-0.007915275,-0.2018695,-0.08090442
-0.1940235,0.03999533,-0.05899209,-0.02941434,-0.2907766,-0.2090356,-0.006543134,0.9026335,0.1279461,-0.08685244
0.01891456,0.05950462,0.1030949,0.2628478,0.2422132,-0.6101595,-0.003544858,0.01540932,0.1374654,0.3653257
-0.2252873,-0.1461035,2.125365,0.2699076,-0.000736004,-0.05679401,0.2199963,-0.1835205,-0.06818813,0.490219
-0.06426841,-0.3366979,0.03159381,-0.4150518,0.103029,-0.6130637,0.4530364,0.1598871,-0.004063644,-0.006157327
;
-0.07502409,-0.01854641,-0.0673862,-0.2671132,-0.1965093,-0.7785509,0.425926,0.00854236,0.4094402,0.6306641
-0.1015251,-0.2968682,-0.3627831,0.01372807,-0.008278779,0.5220011,0.012649,-0.2340717,0.4722657,-0.1886725
;
-0.2855482
0.4047436
0.3462624
-0.4478922
0.1403813
-0.1830905
0.4505904
-0.2699187
-0.6731198
-0.6484408
;
-0.1609405,-0.003692091,0.4465023,0.1833134,-0.09177123,0.05779216,0.3001515,0.008234228,0.3593072,-0.2658803
0.1732392,-0.3879837,0.08960754,0.01242281,0.2947258,-0.003640907,-0.04383248,0.2473752,-0.3396516,0.002568457
0.01513594,0.07473301,0.4560613,-0.1939517,-0.03970414,-1.206615,3.116034E-07,0.2879401,-0.397886,0.03856232
0.217782,-0.3444389,-1.771486E-05,-0.1889242,-0.2262783,-0.001735162,-0.01545911,-0.1871234,0.02850519,-0.06559614
-0.02097924,0.1001847,0.2983966,0.08479589,1.321831,-0.03242264,0.0003264666,0.1543393,-0.2023301,-0.009680029
0.004904398,0.04117664,0.06772071,-0.09884918,-0.1984531,-0.1848956,-0.4097363,-0.02971584,-0.06990242,-0.2663496
0.3371022,-0.002861463,-0.04130286,-0.1302985,-3.144275E-05,0.1514203,0.692605,0.1225795,0.05075402,0.2191912
0.1710147,0.03612592,0.8599823,-0.005049307,-0.0001849661,0.06308943,-0.1422115,0.03916143,-0.001391285,-0.3383316
0.006602585,-0.002640991,0.2775568,-0.5586273,0.06446056,0.5118707,-0.03229517,-0.04319755,-0.02505493,-0.4084513
0.3005434,0.01517214,0.08310981,-0.1414517,-1.218316,-0.02813035,-0.3226724,-0.07322972,0.2371906,0.2401434
;
-0.5981754,-0.06431587,0.1080309,0.001991739,-0.1346515,0.00420985,-0.05555731,-0.00141978,-0.5357144,0.1211466
-3.080459E-07,0.2576945,-0.170384,0.466522,-0.1096904,-0.006981427,-0.0003424536,0.1164289,0.2936365,0.6465725
;
-0.003493831
0.1991556
0.2150361
0.001687248
0.02315289
0.3215331
-0.434837
-0.06330627
0.4164684
0.08757106
;
-0.08569449,-0.44067,0.05412457,-0.4858491,-0.3028659,-0.3114994,0.3708552,-0.01119362,0.133361,0.4784069
-0.1253201,-0.08131857,-0.004692455,-0.1448628,-0.02475345,-0.06457128,0.06903667,-0.7671063,0.7396865,0.04085812
-0.03189261,0.02421417,0.4818816,0.02052487,-0.3569906,0.452723,0.1429725,-0.09503847,-0.1220692,0.3341507
0.4039881,0.1263257,-0.1335686,-0.430583,-0.0005025495,-0.02321742,0.1823252,-0.02567057,0.0199675,-0.05378814
-0.005412211,0.3123428,0.03476849,-0.08394498,-0.06277522,0.1123865,-0.2960923,-0.06277579,-0.09960932,-0.3683236
0.4449213,-0.1896997,-0.1506824,-0.2427195,0.4377024,0.2540706,-0.4824517,0.2694843,0.480669,-0.2707568
0.1464051,-0.05578677,-0.06747323,0.02059708,0.1347968,0.1398715,0.001594235,0.405582,0.6314698,0.390893
1.340833,0.06398351,0.1055979,0.07031722,0.2278031,0.5244792,-0.2224829,0.01806076,-0.742272,0.7072427
-0.07518165,-0.1774388,0.2680182,-0.04075209,-0.00930597,0.1913821,0.3470278,-0.1262393,-0.4572071,0.00338817
0.2553653,0.1123988,0.1011648,-0.08621383,0.6250538,-0.05419459,-0.3505591,0.2026336,-0.4664669,0.001749465
;
-0.5766302,-0.2330133,-0.4813408,-0.01397103,0.2737343,0.1151913,-0.5893151,-0.4768723,-0.003400404,0.1389718
-0.2236492,-0.2246478,0.4032486,0.08768493,0.5228907,-0.4355668,0.01944684,-0.03789629,-0.3889105,-0.240557
0.4451998,-0.1291125,-0.08695556,-0.1246031,-0.0001483511,-0.09951064,0.2571871,0.1286125,-0.3413125,-0.3849442
;
0.04221992
0.1345868
-0.04370397
-0.01834077
0.00308496
-0.003565119
-0.2825762
-0.06710809
0.0827794
-0.1059019
-0.1608197
-0.3228893
-0.7151386
-0.4793591
0.1861918
0.2582172
-0.2762169
0.1693627
-0.04260439
-0.07640763
-0.2924876
0.05203497
0.2300102
-0.3623075
-0.1579878
0.3372146
-0.005702005
0.009726263
-0.3477401
-0.9779321
;
0.3200102,-0.02629316,-0.4872417,-0.6331102,0.02673033,-0.1797453,0.01135583,0.5773643,0.05086082,0.3048087,0.1470926,-0.4337075,0.01887408,-0.01752183,-1.108956,-0.2633427,-0.008629501,0.2662802,0.6619501,0.03131551,0.1260382,0.007431522,-0.3080955,0.00676044,1.460483,-0.06129584,-0.4197185,-0.497052,-0.08550042,-0.4153177
0.1226708,0.2020034,-0.2624286,0.2266442,-0.3758196,0.4017034,-0.2056041,0.3872905,-0.2554343,0.424435,-0.1048152,-0.1200483,0.09728437,1.115171,-0.02322751,0.1479521,0.5471557,0.1344887,-0.0163975,0.1715921,-0.05212172,-0.02580022,0.3404557,-0.08525556,0.4607038,0.4310505,0.05839683,0.07289165,-0.1186368,-0.1699743
-0.5459832,-0.1682068,0.5617103,0.05879682,-0.2991042,0.7573289,0.3142369,0.4995793,-0.4715297,0.1325534,0.5300869,-0.4100169,-0.4949192,0.6121384,-0.730122,-0.04046022,-0.3884356,-0.3608108,0.009404425,-0.7341537,-0.01238996,0.415095,0.02523258,-0.4741237,-0.08492652,-0.4428928,-0.3539495,0.4006435,0.6514438,-0.002370861
0.04067473,-0.006232639,0.005390964,-0.05693011,-0.01510719,0.1076606,-0.05495242,-0.2007168,0.2009475,0.0005270824,0.4362919,-0.329222,-0.197868,-0.03235656,-0.001511022,0.3219572,0.02083679,0.1208021,0.2261791,0.001483329,0.8646041,-0.01288035,0.1291379,-0.03976327,-0.9984608,-0.1330766,-0.08936449,0.4786125,-0.2928596,0.817247
-0.5030048,-0.8256046,0.01809038,-0.1151351,0.3485743,-0.3865622,-0.2250407,0.4220067,0.5730054,-0.4946307,0.1914546,0.03578608,0.172238,-0.4605595,-0.05845866,-0.3049682,-0.1074683,0.08910362,0.09113972,0.4974855,-0.4415016,-0.9046456,0.1923036,0.2887795,0.1972663,0.4270002,-0.01062481,-0.04097332,0.4301877,-0.03168501
-0.09010922,-0.2142972,0.2626863,0.1593545,-0.2835677,-0.09817477,0.462257,0.2988844,0.1562976,0.05157596,-0.6362342,-0.3366599,-0.06271305,0.02263635,-0.4950156,0.02584711,-0.4174124,0.2320603,-0.06951134,-0.7785711,0.02258441,0.5240715,-0.4517729,0.03456368,-0.003572604,-0.1189149,-0.008446908,-0.1789619,-0.03957433,0.02353802
-0.002232772,-0.2249146,0.3460263,0.2791578,-0.3688622,1.448814,-0.270852,-0.06950719,0.2277789,0.09849268,-0.3612982,-0.2548524,0.678615,0.1257526,0.1498703,0.2659528,2.949285E-05,0.3652419,0.02569866,0.1539469,0.02274664,-0.3251908,-0.1117703,-0.8782787,-0.4631935,0.02266674,0.04975205,0.3225647,-0.1156798,0.4534491
-0.2979811,-0.2391507,0.1226651,0.211131,0.07188035,-0.4738548,-0.3708787,-0.4328485,0.008079685,0.1244381,0.4408251,-0.2117733,0.1203764,0.003498813,-0.1468665,0.3289447,-0.8325189,-0.2473065,-0.1724903,-0.0001630416,-0.0117902,-0.07267326,0.08214171,-0.02584375,-0.2876819,-0.1288567,-0.06017891,-0.04801936,0.1639777,0.02649547
-0.07607432,-0.007046759,0.02678366,0.0001430884,0.006052107,-0.2631182,-0.02193483,0.4471754,-0.6488238,0.1476283,0.2146448,0.45933,-0.4340554,-0.9792108,0.08470931,-0.399307,0.006731648,0.4725715,0.0003067108,-0.1121174,-0.8707029,0.002934196,-0.003592275,0.1249949,0.5242313,0.02935857,0.3428985,0.005735445,-0.4522811,0.05791078
0.04880929,0.5498555,-0.2391902,-0.4759726,0.7249316,0.03524062,0.4011084,-0.09743196,0.2050639,0.3890826,0.1078807,0.1535618,-0.08502296,-0.3826718,-0.1779722,-0.3622328,0.06702513,-0.05113272,-0.07765009,0.3208847,0.1704682,-0.450467,0.2278627,0.2126292,0.04285691,0.4012277,-0.004667244,0.5572588,2.489213,0.2377511
-0.02041,0.6307883,-0.1971106,-0.2145769,0.1262306,-0.2939425,0.009075419,0.3645872,-0.3079399,0.004802274,-0.2694535,0.2240611,0.01675063,0.07738875,-0.2891604,0.009790616,0.2770072,0.03927883,0.3078131,0.1535917,0.2245214,-0.5252553,0.4458498,-0.3327737,-0.117753,0.02402988,-0.0751445,0.04673415,-0.006038274,-0.001237871
-0.09173018,0.03719628,-0.1469674,0.1674998,-0.3715685,0.002448607,-0.05599622,-0.3855002,-0.349916,0.09312417,-0.3220472,0.000606198,0.008991539,-0.01063796,-0.09390491,-0.04230082,-0.1905056,0.0774653,0.9956775,-0.2526263,-0.1958029,-0.4771903,0.00307175,-0.2080376,-0.412667,-0.2863798,-0.1757896,0.4048858,-0.324591,0.03065725
0.03284708,-0.00532037,-0.8025446,-0.04667018,0.2222761,-0.2276009,-0.006468863,-0.2012053,0.1667722,-0.3599921,0.0004610636,-0.0127469,-0.08724959,4.932271E-05,-0.1867961,0.02136189,-0.2244872,-0.1172645,0.0189454,0.4111184,-0.04481691,-0.07193656,0.168582,0.3431481,-0.001158735,-0.001995196,0.5522236,0.3815596,0.4456018,-0.3287145
0.1446075,0.1447081,-0.09536327,0.4850571,0.1102222,0.5382599,0.01459521,0.01917452,-0.2692925,-0.3077449,0.01389894,0.04333645,-0.007738564,-0.03908358,0.04092606,0.02566533,-0.5891559,0.242912,-0.0006178021,-0.02972712,0.01232431,-0.1275964,-0.1460859,0.3914653,-0.1249847,-0.1159715,0.1730559,0.4825277,-0.02273029,0.04815501
0.05980106,0.1556743,0.7840192,-0.154215,0.06510307,-0.005915495,0.07821222,0.2775323,0.3724754,-0.2018204,-0.1161201,0.4741935,0.4374348,0.1680144,0.2104252,-0.2717952,0.3572247,-0.01232118,0.06320594,-0.3159547,0.002008869,-0.4037597,0.08342548,0.009212447,-0.1611418,-0.3566734,-0.02475151,0.02754974,-0.1306197,-0.2160279
-0.06995161,1.377078E-05,0.02455642,-0.1561159,0.1180742,-0.3990269,-0.3715299,-0.09747361,-0.04014686,-0.3010424,-0.001798464,0.0900627,-0.04731717,-0.0001849392,-0.03126949,0.004055339,-0.03589511,-0.05671281,-0.2987741,-0.005548894,-0.03706852,0.005698905,-0.07268637,0.09257585,-1.776668,1.614617,-8.150329E-07,-0.01035297,0.4779954,0.05534917
-0.2009185,0.6046927,0.06574982,0.5185529,0.06056422,0.07703114,0.2593056,-0.02701041,-0.1061305,0.00422515,-0.01844318,0.8016186,-0.03688878,-0.2787328,0.1703953,0.6836329,-0.36262,0.2024946,-0.07939869,0.06982166,0.0006719765,0.5345952,-0.4577401,-0.07694927,0.2729083,-0.4475248,-0.2749085,0.429655,0.514071,0.03614
-0.05085651,-8.778053E-07,-0.08638227,0.4610251,-0.6138322,0.1131439,0.008550739,-0.2426998,0.1269972,-0.1344514,-0.03608421,0.3786057,-0.003846767,-0.04369849,0.4062011,-0.377067,-0.1129793,-0.1497599,0.3286997,-0.09730435,-0.472618,0.0009257256,-0.08093646,-0.2189892,-0.3615268,-4.558852,0.3163869,-0.0001116332,-0.04330813,0.2524133
0.2961808,0.4098419,0.1160936,0.03869563,0.3859874,0.5179706,0.8563093,-0.006555717,0.7496534,0.5752914,-0.05905176,-0.1596053,0.1649572,0.003634506,0.5083392,0.2735099,0.3314474,0.00881678,-0.03626741,0.7514517,-0.3352407,-0.4503301,-0.3727732,-0.09502771,0.3726083,0.5871001,0.02677885,0.3534046,-0.2469429,-0.1727662
0.1188653,-0.8787662,0.2881831,-0.08435322,-2.068766,-0.415531,-0.05120987,0.2146169,0.03186375,0.09379655,-0.3772115,-0.4683797,-0.004535686,-0.4175633,0.01979446,-0.3377792,-0.158047,-0.1246788,0.4165598,0.0002777656,0.3069268,0.1977324,-0.06414054,-0.3230351,0.3836368,-0.153646,0.3526365,-0.002942758,-0.1406105,-0.2351733
-0.1792668,-0.1556734,0.01770454,-0.1239623,-0.05430928,0.8269485,0.001747347,-0.1309928,-0.4143722,-0.1333162,0.2610479,-0.04331005,0.5918303,-0.177986,-0.7574119,0.161702,-0.1344104,-0.3465872,-0.1595666,0.00496848,0.4151311,-0.4054493,-0.543952,0.005929268,-0.03981113,0.06852376,-0.004490684,-0.4166859,0.1298438,0.244425
-0.02881351,0.1630413,0.08350021,-0.3686796,-0.01405922,-0.1174637,-0.9572509,0.01475284,-0.002405802,0.3350945,-0.1258659,0.4315228,0.125964,-0.000312514,0.07896417,-0.00158418,-0.4162198,-0.07899822,0.3051699,-0.8167731,0.07528561,-0.005246005,-0.03408557,-0.1036311,0.01007198,0.1002113,-0.07012115,0.1391441,0.04946069,0.568069
-0.07191969,0.09552163,0.2077219,-0.01705117,-0.4586229,-0.2598423,-0.4445546,-0.02449445,0.07687306,0.0980285,0.003484572,0.1835962,-1.349484,0.01960443,-0.162562,0.1835534,0.4202248,0.3939691,0.3233026,-0.1528117,-0.005263507,0.2628942,-0.3099492,0.2321571,0.01141769,0.4569317,0.05854239,0.3669316,-0.4173514,-0.03702635
-0.1912552,0.1380118,0.2664074,-0.003889143,0.07987217,-0.08802851,-0.2096321,0.02283127,-0.3614841,-0.3007174,0.02487518,-0.4048406,0.005177624,-0.1041022,-0.1037306,-0.5724833,0.1209229,-0.0001098432,-0.2440439,-0.1500655,-0.04822022,-0.2359992,-0.2572567,-0.4617251,0.09511032,-0.4913187,0.06082501,-0.2746671,0.08400509,0.3295553
-0.3109367,-0.01709749,0.4746174,0.3003789,-2.087829E-05,0.488332,0.3802115,-0.0004159156,0.0005813241,0.411381,-0.2548786,-0.07471675,-0.08543921,-0.0007037618,0.1530631,0.172705,-0.09315488,0.1076548,0.3543006,0.1148139,0.2108742,-0.06668782,-0.466836,-0.4371063,-0.1294839,1.011049,-0.02083516,-0.3920969,-0.008529455,-0.1471466
-0.4637685,-0.007910356,0.1794987,0.236229,0.01033964,-0.1785122,-0.2177534,-0.08552628,-0.01505738,0.3858705,-0.3260671,-0.2634691,-0.01159152,-0.4110709,0.001157701,-0.2981368,3.452617,-0.3705501,0.4112484,0.4724144,-0.1756582,0.04618581,0.2390237,-0.4284326,-0.08637315,0.318826,-0.1406767,0.00302216,-0.003857306,-0.6970525
-0.4292775,0.3054031,0.1150362,-0.9704618,0.1340293,-0.06723398,-0.3056124,0.0004178404,-0.2698339,-0.6786739,-0.09099168,-0.0774911,0.1942132,-0.009760166,-0.3446271,-0.06614572,0.5590201,-0.3067842,0.2933189,-0.4346398,0.3440937,0.4787699,0.1001139,0.4654344,-0.08029789,0.1777494,-0.2374243,0.2381915,0.2256567,-0.009209238
0.2614856,0.3228757,2.401842,-0.01326938,-0.2344824,0.2357079,-0.2582556,0.3482651,-0.3317354,0.0263975,0.04834177,-0.147175,0.4931355,0.4709461,-0.03750306,0.0009371011,0.5598277,-0.01979553,-0.2999049,0.01035178,0.001495063,-0.370212,0.4357187,1.138381,-0.1302838,0.04380089,0.8406063,-0.08807016,-0.2725321,-0.003362973
-0.2701228,0.006139099,-0.1550784,0.2023473,-0.3111826,-0.2755888,-0.1226419,-0.220146,0.000886121,0.004222907,0.3868393,0.4588293,0.1720438,0.3675165,-0.04117334,-0.3854498,-0.3439789,-0.3058832,0.1167368,-0.002796406,0.01509674,0.11502,-0.006836398,0.03146935,-0.3644155,0.003344118,-0.01687953,-0.05132981,0.09725701,-0.004109784
0.9085341,-0.001009524,-0.001332521,-0.4540033,-0.01200526,-0.03510318,0.6746609,0.138624,-0.1251916,-0.09747762,0.01787271,-0.5012474,0.3467519,0.06541723,0.01466614,-0.01259201,-0.02114326,0.208573,-0.009250778,-0.008094929,0.4606864,0.1592754,-0.2361966,0.05818826,-0.003690515,-0.00975647,-0.1237659,-0.3511539,0.5963563,-0.3339171
;
-0.5920615,0.03957432,-0.4089967,-0.3609335,-0.05998174,0.02346667,-1.458607,-0.003122151,-0.4627186,0.174601,-0.1015057,-0.01662356,0.00744225,-0.6406475,0.09128529,-0.0176515,-0.03174561,-0.2454935,-0.01410419,0.05189568,-0.121643,0.370684,0.4739347,-0.0001227927,0.144811,-0.05497027,-0.0960508,0.5551497,0.1659509,-0.025467
0.08096751,-0.2514514,0.4954054,0.1709253,-0.2949918,0.4962184,0.04668302,-0.065561,0.5277822,-0.09869476,0.01923828,-0.0446602,-7.439239E-05,0.2960275,0.02497894,0.2949729,-0.008783006,-0.1860587,-0.02226382,0.3930072,-0.2270303,-0.0002727684,-0.2595117,0.3237909,-0.1800095,-0.001495915,-0.4845823,-0.2396424,-0.1182566,0.4381342
-0.02387155,0.05916518,-0.6876925,-0.01473254,-0.281837,-0.04024684,0.1210159,-0.1842116,-0.4046685,-0.5314019,-0.1049862,-0.001397299,-0.4361997,0.809791,0.1803121,-0.1537334,0.005800485,-0.05368561,0.06043093,-0.1601324,0.2409636,-0.00748632,-0.1439598,-0.02236675,0.05838219,-0.009943941,1.055369,-0.5599427,0.04523331,0.340161
;
0.1730922
0.1417359
0.08038536
-0.03273672
5.612068E-06
-0.9667698
0.3146317
-0.4673157
0.1057349
0.05297994
0.2372869
0.6265441
3.875527
-0.006362365
0.4669415
-0.07601627
-0.4585606
-0.3787487
-0.2271777
0.3342278
0.2917708
0.1609679
0.2152557
0.00216112
-0.4325589
-0.432799
0.4271956
-0.0668276
0.03428784
-0.3678164
;
-0.07663182,0.3675481,0.2562188,0.0008943523,-0.4492944,-0.4983913,0.01561981,0.357344,0.1110802,-0.4851872,-0.02950864,-0.4523162,0.0001941901,-0.3903877,0.4621814,0.000613157,-0.09576525,0.04438229,0.1265034,-0.2169359,0.1287107,-0.2322252,-0.1598885,-0.2115537,-0.09544817,-0.02339763,0.1337305,0.1640854,0.06864989,-0.3878214
-0.06600696,0.1263357,-0.1581415,-0.169733,0.1422007,0.3758484,-0.01619991,0.2622456,-0.1089256,0.4814816,-0.166477,0.4326932,0.7491844,0.03140015,0.1441355,-0.2765995,-0.03935546,0.4382233,0.1221415,0.6541689,-7.374729E-05,-0.4285177,-0.2080414,-0.2647147,0.3648134,0.3696567,-0.04201151,0.1318655,-0.4074212,-0.1153714
0.1823684,0.006586346,-0.2148654,-0.495948,-0.156814,0.0003359583,0.004798927,0.2269745,0.3750716,0.03547213,-0.0001528934,0.1135265,-0.1246883,-0.4468735,0.501642,-0.4821587,-0.4633687,0.002447733,-0.3187685,-0.1576208,0.2477501,0.3016961,-0.4218339,-0.003780669,0.05716608,0.05223637,-0.4949594,-0.1585047,-0.02122393,-0.4744302
-0.3991651,0.02487023,0.164166,0.2206297,-0.09483906,0.002371725,0.6952442,2.579547,0.4690113,-0.03690344,-0.006953493,0.218829,0.01167195,-0.1161005,0.1295633,-0.0122842,-0.3321269,-0.01253609,0.2458788,0.4597391,0.6768391,-0.9042045,-0.05898519,0.09458242,0.1258369,-0.2474734,0.130764,-0.1394529,0.02530558,-0.143537
-0.1313991,0.2406226,0.4743356,0.2117625,0.4948398,0.1764802,-0.3082891,0.001172156,-0.05522676,-0.3002808,-0.3635284,0.1108355,0.02806778,-0.008848703,-0.3308201,0.01489461,-0.03228742,-0.04715341,-0.4722416,-0.1102301,-0.4819401,-0.3638451,0.00517893,0.05956873,-0.1856868,0.2293736,-0.1036099,0.4429181,0.1806456,-0.1245022
-0.6387702,0.03548127,-0.1204584,-0.1762716,-3.389918,0.1478109,0.2400965,-0.1398147,0.7442139,-0.272076,0.2239183,-0.02865163,0.2126542,-0.0004651113,0.1786068,-0.107019,0.01349181,0.427158,0.1688031,0.1192407,0.2413231,0.09139307,-0.0351739,0.03134205,0.224877,-0.08292247,0.1608577,-0.2444091,-0.08855477,-0.01467291
0.08557191,-0.137614,0.7248018,-0.169835,-0.02121186,0.07303208,-0.617582,-0.02026761,0.4165715,-0.03447157,-0.006124897,1.304755,-0.7198483,-0.2154613,0.01352916,-0.4650412,-0.2325296,0.01091136,0.4217623,0.09077355,-0.1324812,-0.3668551,0.01927047,0.02801843,0.6078615,0.5570498,-0.0008286579,-0.08647209,0.6641306,0.1215687
0.01373816,-0.4260727,0.5190622,0.3560607,-0.6241401,-0.7824159,-0.2684851,-0.02647478,-0.3293014,0.1018991,-0.250407,0.3587434,0.07752377,0.1342937,-0.1447104,0.1056181,0.007786367,-0.3734714,-0.04195341,0.05493977,-0.2739365,0.2445446,0.2208674,0.01508431,-0.08034609,0.09671572,-0.006522702,-0.159256,-0.0105175,-0.2283634
-0.2572914,0.5872383,0.2550902,-0.1696243,0.2399971,0.7658475,-0.4500424,-0.2922891,0.3457654,-0.01020723,0.1434966,-0.05296463,0.3900538,-0.1067321,0.2048062,-0.2060463,-0.234899,-0.476723,-0.3278707,0.1517775,-0.09565216,0.1205698,-0.1544818,0.01438659,-0.4967557,0.1105861,0.01654547,-0.1052027,-0.01367891,-0.1313041
0.057221,-0.003553698,0.1494981,0.1010821,0.3760554,1.029567,0.3354656,-0.4539924,0.5104328,0.3887133,-0.501013,-0.03961009,0.1645645,-0.1305115,0.3432552,0.08609384,0.6087015,-0.06957752,-0.08607477,-0.3155463,0.9873812,-0.2254023,-0.4642012,-0.05037969,-0.008846961,-0.2817138,0.2581141,-0.1110987,-0.285381,0.3810709
-0.08459586,0.07506161,0.4697676,-0.06108668,0.002784398,0.00202666,-0.5050533,0.2447926,0.3822397,-0.2144246,0.7368461,0.09690088,-0.3786209,0.4623523,0.5893698,-0.4916928,0.01069864,0.02995021,-0.05914573,-0.02987902,-0.2047509,0.06169373,0.410599,0.1820956,-0.2963685,-0.1066049,-0.06957427,-0.05805343,-0.3326075,-0.3337524
0.0216182,0.02242576,-0.3709094,0.1116078,0.1139516,-0.2813705,0.8334389,0.4828864,-0.01922673,0.02060006,-0.09033429,-0.1023261,0.2454477,0.123889,-0.07790345,-0.04553133,-0.1685074,-0.02174288,-0.0008339829,0.3651152,-0.07391442,0.2304194,-0.09338377,-0.170903,0.09631044,-0.005150646,0.3833054,-2.603665E-07,-0.406199,0.0007225805
-0.08169869,-0.01339157,0.4185289,-0.4962614,0.2527799,0.001528074,-0.2120538,-0.463865,-1.343005,0.1671374,-0.007933273,-0.2907729,0.1819613,-0.3698102,-0.2851329,-0.4407195,0.3176416,-0.4539204,-0.5088425,-0.3561252,0.1028946,0.04668098,0.04205983,0.007022982,0.1830981,-0.005312236,0.0315228,0.5336136,-0.3994473,-0.07162572
-0.1687241,-0.6377907,0.1464754,-0.1425439,-0.4587922,-0.02865558,0.30209,-0.4341557,0.01019725,0.04298623,0.1898967,-0.02886592,0.1307968,0.4120824,9.297424E-05,-0.02502225,0.461588,-0.2258422,0.3216624,0.2399517,0.53159,0.8960713,-0.002234796,0.7802787,0.1331801,-0.1135709,-0.06818154,0.0682326,-0.3841226,0.0577529
0.2448016,0.2593434,-0.7134281,0.02464095,0.2323665,-0.4031041,0.1027238,0.02131751,0.3206238,-0.01024186,-0.002565559,0.00519088,0.03009316,-0.3543091,0.1263844,-0.009864577,0.03911228,0.4867647,0.1603249,0.2781403,-0.0001895679,-0.07648346,-0.107801,-0.09557364,-0.5350532,-0.07769167,0.3115993,-0.07216042,-0.04140502,0.01205736
0.3481631,0.2734325,0.3509948,-0.001697259,-0.5425537,0.008518962,0.131616,-0.1796247,0.3730819,0.03471753,-0.1558179,0.4449773,-0.7348123,-0.01836554,-0.2675395,-0.007624124,-0.03936582,0.4847506,0.01070054,0.111757,0.1451297,0.4925915,0.3218499,0.05109808,0.2368078,-1.673177,-0.0009319941,0.3282206,0.7116984,-0.09688934
0.3147683,0.09053848,0.01009221,0.02289982,0.3803225,0.9024394,-0.02239905,-0.4297248,-0.6496966,-0.1432824,-0.0002623407,0.01626467,-0.0003799266,-0.1775626,0.439763,-0.2814495,-0.3693681,0.3044538,-0.3329822,0.3076147,-0.06616945,-0.0003927984,-0.01716461,0.1498456,0.0004263963,0.1095298,-0.2504016,0.5350395,0.001854877,0.3004854
-0.1539141,-0.009730955,-0.8489878,0.04667991,0.3145998,0.05476734,-0.1466059,-0.4814714,-0.1317885,0.1573598,-0.273702,-0.4520147,-0.1484072,-0.4982818,0.3558379,-0.2083475,-0.07973339,0.03576273,0.001421756,0.111217,-0.008792934,-0.0242663,-0.003096844,-0.0007717719,0.08148508,0.2215988,0.3683056,0.09010707,0.7412476,-0.005241964
0.3125055,0.5940027,-0.1664632,-0.07700447,0.009409328,0.4231409,0.1221941,-0.009423712,0.1141685,0.0403525,0.03845898,-0.6000905,-0.3097438,0.2318969,0.07026403,0.1233056,0.06269521,-0.7584761,-0.09338844,0.05762812,0.3769298,0.4574305,-0.04796976,0.163587,-0.0299396,0.07295222,0.03503013,0.1096547,-0.02240076,0.02348866
-0.04658831,-0.05178418,0.09214598,0.005052371,0.001259767,0.4390769,-0.0006451015,0.04980512,0.1105017,-0.08783334,0.1608667,-0.1528746,0.3863698,-0.0559935,0.126256,-0.007295522,-0.4237772,0.05341839,-0.106097,-0.2798208,0.1973766,0.1981823,0.4476659,0.4264236,-0.1221028,0.2475704,-0.5505636,-0.0001990786,0.003375536,0.1383351
0.008597014,0.6871534,0.2215693,-0.2361104,-0.04712957,0.3200057,-0.1441115,0.07232854,0.1417612,-1.152565,0.1159153,0.009119689,0.05486156,-0.02450585,0.6464905,0.06434952,-0.129558,0.08239659,0.4202616,0.2084906,0.2732185,0.7588619,0.2465711,-0.08406311,0.1378147,-0.1297214,-0.00016011,-0.03616412,-0.01013751,-0.08023517
0.04649137,0.06930728,0.0282353,0.3401146,-0.002398742,-0.04354174,-0.02204448,-0.1289,-0.2899309,0.1419258,0.02649109,0.1437364,-0.2188729,-0.5425724,0.1319179,-0.04407734,0.03131515,-0.01975559,-0.4635918,0.1127765,0.5199541,-0.03678268,-0.5331157,0.00454797,-0.02398081,0.1536906,-0.04376017,-0.2019216,-0.008454594,-0.05982021
-0.02668553,-0.01157299,0.02874953,0.1671914,-0.08839559,0.1543279,0.07849527,-0.2698504,-0.01360866,-0.74618,0.003195236,-0.01112954,-0.3881003,0.0303331,-0.0002575961,0.1936249,0.1584279,0.01930209,0.06664568,0.5331966,0.7366708,-0.1596313,-0.0195821,-0.09064069,0.3729161,0.3350233,0.01300223,-0.2117389,-0.008259462,0.07074625
-0.3681526,0.3216249,0.09441473,-0.4348151,-0.1211956,0.2715557,0.2910969,-0.04594493,0.05298108,0.02371644,0.01272708,-0.09705733,0.003601155,0.237295,0.1948238,0.0650076,0.4476203,0.07083172,-0.03013319,-0.03989819,0.08164807,-0.04615907,-0.2291535,-0.2916163,-0.4107931,-0.1133888,0.01256927,0.08035291,0.01821548,0.3475875
-0.2721566,-0.1263104,0.9072689,-0.1136352,-0.1759354,0.4255309,0.2632577,-0.03852183,-0.1105221,-0.2782502,0.01299542,0.247793,0.3714862,-0.2081987,0.2287247,-0.4791562,-0.1701095,-0.3891203,0.02429304,-0.1474412,0.300365,0.1055327,-0.007324425,-0.4011231,0.1836406,-0.4403391,0.7225188,-0.06062699,-0.1917801,0.1750917
0.06728572,0.118311,-0.6804036,-0.1434449,-0.001853609,0.007740819,0.05650026,-0.03741475,0.1082317,0.05346204,0.09830825,1.328416,0.1781383,4.744483,0.276173,0.893141,0.1863674,-0.01021902,0.02235678,-0.001049429,0.2658637,0.02979897,-0.4995593,-0.01999468,-0.2568905,0.01466719,-0.01722645,-2.204859,0.2247584,0.1059793
-1.689056,-0.03332435,1.047431,-0.003736175,-0.1597999,-0.005353002,0.2025304,-0.1036486,-0.2296299,-0.2315992,-0.04288214,-0.3152108,-0.6540707,-0.08475417,0.001569435,0.4853966,0.5544177,0.1775323,0.02449137,0.01024283,0.2057177,0.5343889,-0.05262238,0.2022544,0.1425335,-0.1806592,0.003846453,0.4493215,0.1031249,-0.5229665
-0.06972188,-0.0714675,0.5495818,-0.2771577,0.04961203,0.2296622,0.09102684,-0.1348213,0.1472612,0.09610483,0.4172002,0.1809141,0.3601028,-0.3729234,-0.04116096,0.3850023,0.04123472,-0.04840879,-0.4693961,0.3245226,0.005118614,-0.1058151,-0.1852905,-0.009564211,0.2022692,-0.01000669,0.003787473,-0.2907286,-0.06375021,0.5364538
0.1123236,-0.3720601,-0.1094395,0.3736591,0.2533692,0.3145053,0.02247797,0.2378443,-0.01659163,-0.09186614,-0.442643,-0.02066424,0.4601312,-0.007857006,-0.7160038,0.08538999,0.139634,0.2248953,0.2307234,-0.4636748,-0.1343173,0.139965,0.4353124,-0.06008488,-0.4729452,-0.1347508,-0.3386304,0.4805232,-0.5981979,-0.2959282
-0.02311248,-0.4423254,1.020615,0.02122004,-0.1207779,-0.4488276,0.2369129,0.283169,-0.009814459,-0.3290697,-0.798129,0.03444728,0.1660424,-0.3267093,-0.2415855,0.3277872,0.08771592,-0.7236378,-0.08185924,-0.5907618,0.2873478,-0.06495927,0.1685712,-0.1461029,0.09891394,0.02559816,0.04840202,-0.0005727225,-0.02448466,0.05088129
;
-0.01481413,-0.327396,0.2209337,0.08478931,-0.3621509,-0.0690977,-0.2870796,-0.7939848,0.01811109,-0.2175602,-0.05421356,0.03242415,-0.0209344,0.4993259,0.02154712,0.7014722,-0.452004,-0.08166856,-0.1725824,0.01109088,-0.1162661,0.3086296,0.1678293,0.4374446,0.07158079,0.4223071,0.1958409,0.0968267,0.1603905,-0.05062149
-0.813557,-0.02790236,0.4705851,-0.02631641,-0.4870751,0.02771976,0.5018419,-0.02185323,0.1163481,-0.07042018,-0.1322284,-0.4059342,0.7107126,-0.1206868,-7.510097E-06,0.01752642,-0.06809238,-0.2755544,-0.4406598,-0.1253938,0.2090279,-0.001286024,0.01879615,-0.08118385,-0.2787916,-0.04073588,-0.3033408,-0.03479397,0.1886006,-0.05001226
0.1220163,-0.1009703,0.1198744,0.1802168,0.1546103,0.03892065,0.2177578,0.04782727,-0.07972556,0.6465573,0.3672809,0.06506961,-0.04101426,-1.726917,0.440589,0.06876043,-0.007823249,-0.4924624,0.1008535,-0.06404708,-0.001201902,0.1638155,0.02762404,-1.678591,-0.146269,-3.436048,0.01838334,0.5282693,0.1263715,-0.2465817
;
