-0.2219035
0.05034584
-0.0837141
-0.4855996
0.4723047
-0.1286373
0.4560946
0.2959985
0.3446774
0.1592886
;
-0.2459465,-0.4394888,0.196599,0.01602,-0.08905393,0.1640591,0.4450126,0.4043015,0.2707806,-0.1139221
0.03602463,0.4812562,0.3936437,0.1873714,-0.1298125,0.005655706,-0.1485552,0.1000296,-0.469111,0.1982338
-0.1268085,0.2352943,-0.2173048,0.2304848,-0.4555269,-0.2156785,0.4712518,-0.1004366,-0.04844195,-0.03079051
-0.4027208,-0.07452542,-0.3218135,-0.4655355,-0.4749284,0.3971393,-0.4728361,-0.2505388,0.1095302,-0.3886925
0.193956,-0.4527218,-0.2281139,-0.09516498,-0.2430812,0.2667713,0.2571765,0.2888871,-0.03855437,-0.21841
-0.3512034,0.3307128,-0.3886691,-0.4992964,-0.4297307,-0.4635764,-0.1186314,-0.09694582,0.4270762,-0.2071646
-0.3555597,-0.05615133,-0.135735,0.2510411,-0.3241454,0.1612638,-0.4899031,0.07735091,0.1079332,0.1356184
-0.04997379,0.4408263,-0.1358796,0.09965509,-0.1009666,-0.413113,0.4025259,0.05782801,0.3821243,0.4720976
-0.3236195,-0.01499552,0.6370751,-0.08243078,-0.4769,-0.1435944,0.3246174,-0.3629781,0.365695,0.05184823
0.4018698,-0.2948055,-0.2878146,0.192103,-0.3268806,0.1444895,0.1421853,-0.3913194,-0.1467624,-0.3054359
;
-0.3313011,0.1934365,-0.09568673,0.15433,-0.3161094,0.1769919,-0.362506,0.446926,0.22066,0.09950608
-0.211963,-0.001646459,-0.465212,-0.0008146167,-0.4168934,0.2845838,-0.1213891,-0.2035198,0.4895332,0.09554356
;
0.01065515
0.4413929
0.02443513
0.3310285
0.5132973
0.1228105
0.06155704
0.05445671
-0.4102393
-0.01589834
;
-0.07100738,0.0005453475,-0.04929378,-0.4308295,-0.851752,-0.1842147,-0.1687606,0.9040396,-0.004092101,-0.2558648
-0.3739635,0.302974,0.2829093,-0.4719659,-0.03444153,-0.01438634,0.2936767,0.04000208,-0.07826418,0.1279492
-0.3212409,0.2778025,0.1028184,0.190242,0.2256838,0.05920647,-0.2265696,0.610961,0.4389458,0.0523042
0.470453,0.09430844,-0.09363616,-0.637771,-0.05695126,-0.04124522,0.1195677,-0.0331916,0.1093989,-0.9505586
-0.1426747,0.01162756,-0.4845847,0.3639629,0.05512514,0.1223971,0.4199259,0.4641129,0.7181749,-0.2849398
-0.4280635,-0.07056165,-0.3038355,0.4500486,-0.0006022236,0.002828651,0.07867908,-0.007915275,0.01934105,0.3778755
-2.114654,-0.1946965,-0.0131768,0.2367031,-0.4915265,-0.06121596,-0.239043,0.7950737,-0.5166169,0.2250553
-0.3622262,-0.1223066,0.0162075,-0.4993824,4.754299,0.6316583,0.02822837,-0.6750379,-0.1374654,-0.2570356
-0.2549917,-0.2951103,0.591924,0.2766773,-0.04883486,-0.2580696,0.06165826,-0.4784648,0.4117461,-0.2035548
-0.1925123,0.2693796,0.5537846,0.3652613,0.4978528,0.3632407,-2.889118E-05,-0.3303998,0.3737366,-0.009406635
;
-0.1776148,0.001981727,-0.01656178,0.276699,0.4914839,0.2638456,0.2951313,0.4296795,0.3670231,0.1674816
0.1719123,-0.06014754,0.02588214,-0.4851722,0.02072333,0.01368397,0.303694,0.03610283,-0.4477242,0.1576794
;
0.2085712
-0.06518179
2.117712
-0.09557108
-0.5758136
0.1830905
-0.02701706
0.2245686
-0.07809776
0.3730187
;
-0.00883101,0.1191905,0.09133167,-0.1028417,-0.1173887,3.163361,-0.05474525,-0.02197735,-0.002401726,-0.2526846
-0.1558765,0.008070091,-0.5627044,0.6343894,0.06644028,0.004251027,0.4207476,0.1155274,0.1168985,-0.02449582
-0.1195848,-0.05309974,-0.143004,0.1415929,-0.04756441,-0.2136006,-5.442979E-06,-0.4936979,-0.4926157,-0.3428763
-0.01301975,1.061651,3.331557E-05,0.2828619,-0.1305958,-0.001341473,-0.002449755,0.3040667,-0.08292673,-0.01128836
0.1012293,-0.4775413,-0.1523457,0.2545083,-0.4137255,-0.03242264,0.0003264666,-0.3975739,-0.9112189,-0.05632993
-0.2458224,0.3433191,-0.01918608,-0.04497408,0.3755983,-0.03333608,-0.4080424,0.3823781,-0.03998191,0.4063818
0.09085451,0.01707536,-0.05739224,-0.4893284,-0.03895205,-0.2905071,0.02598076,-0.2122963,-0.2493708,0.4879422
-0.1455908,-0.138303,0.03095883,-0.04138941,0.003943061,-0.2659557,0.1446277,0.02237022,0.001391285,0.03893393
0.4396009,0.3846394,0.01732867,-0.1919369,-0.07693261,0.07223576,0.1511931,-0.0007366367,-0.0175795,0.4076842
-0.2706716,-0.003485525,-0.2066936,-0.001324349,-0.5214818,-0.02477289,0.107122,-0.4064509,0.1134616,-0.9232883
;
-0.4643656,-0.579239,-0.4728296,-0.004897124,-0.4346391,-0.2464455,0.3380569,0.01740418,0.8778471,0.1789826
-6.046931E-07,0.1288547,0.1363297,0.7297802,-0.08694881,-0.1394898,0.1132589,-0.008123503,0.1768925,0.2960919
;
0.1887709
-0.1192584
0.09626789
-0.00136963
0.09997743
-0.3641224
0.07277864
-0.02466029
0.00176665
0.2815037
;
0.02803235,-0.1860674,0.2351562,0.03998642,0.0346498,-0.01450836,-0.02537795,0.04381631,0.461843,0.1402164
-0.2088465,0.01037104,0.1178313,-0.01585418,-0.09396725,0.1958558,0.006949674,-0.4969767,-0.2814732,0.3353933
-0.05753752,-0.2398995,0.4832276,-0.09935877,0.1962574,-0.05728656,0.05568667,-0.2740053,0.1367805,0.4956427
0.1910393,0.1122391,0.03830576,-0.4261366,-0.0006972251,-0.02793079,0.6004129,-0.1473285,-0.04340458,-0.1451212
-0.007168105,0.4313575,-0.09760399,0.03306299,-0.0276973,-0.3445143,0.4876744,0.167394,1.770914,0.2638798
0.09066349,1.878585E-05,0.1506824,0.8148079,-0.1040656,0.02270538,-1.089846,0.1536626,0.001056304,-0.5363242
0.1947628,0.1206653,-0.0002764178,-0.01277438,-0.4093211,0.2611378,-0.07468265,0.4264443,0.3424068,-0.2401744
-1.038103,-0.1952785,0.09625365,0.006338127,0.2697361,0.2944875,-0.2722355,0.07027146,0.1382884,-0.0857279
0.1607184,0.151858,0.02043399,0.01111634,-0.03266874,-0.02974363,0.1508953,0.1262393,-0.1823413,0.1499017
-0.2503943,0.3607262,-0.2095961,0.5030403,-0.124472,0.01713954,-0.4285032,-0.1527094,-0.4524822,0.05151131
;
-0.3237803,-0.5097576,0.5030687,0.2262587,0.2082667,0.007234334,0.08179945,0.3247552,-0.03888886,0.861226
-0.330212,-0.00394046,-0.258253,-0.1003516,-0.4164984,-0.1949508,-0.3854938,-0.1312456,-0.4547585,0.04203515
-0.7255968,0.7075308,0.423557,0.08113515,0.3141781,0.1490977,0.3857116,-0.3077397,-0.03815073,-0.006724008
;
-0.02374351
-0.02250582
0.2032183
-0.007597586
0.1446015
-0.1782659
0.03179139
-0.1360776
0.00428785
0.06820637
-0.1956878
-0.0699749
0.0003941284
0.05840129
0.2557501
0.2739557
-0.06762391
0.2807089
-0.481503
-0.4752389
-0.7279573
0.05087469
-2.257397
0.1519041
-0.3070755
0.09663492
-0.2657062
0.3292105
-0.0007420873
-0.3963775
;
-0.0317853,0.5753177,-0.3966439,0.0001594065,-0.1664296,0.117926,0.03208488,-0.1882223,-0.5147084,0.4975009,0.4306654,0.04583436,-0.3187209,-0.294812,-0.2370193,0.03857768,-0.01491506,-0.09394592,-0.06392391,0.4538587,-0.02910254,-0.007165521,0.002037534,-0.03946224,-0.7105702,-0.02679811,-0.1728727,1.674519,-0.02634697,-0.3602027
0.114099,-0.01723255,0.1023586,-0.4758051,-0.1679891,0.2904549,0.3618053,-0.4251803,0.01977839,-0.3503051,-0.2883695,-1.998859,-0.4385472,-0.04281646,-0.02376395,0.3124439,-0.01520696,-1.484871,0.1811713,0.002655969,-0.1068189,-0.08500478,-0.02270557,0.4484185,-0.4392475,0.5119926,-0.09568332,0.0135207,-0.01578852,0.03440587
-0.1790259,0.004704949,-0.2614495,-0.3493321,-0.4081292,-0.02876186,0.497882,0.07143544,0.410931,-0.1355093,-0.3740065,-0.01606637,-0.142306,-0.04873085,0.6916982,0.2453854,-0.1427022,0.2863457,0.08399308,-0.086215,0.3583716,-0.001845554,0.08832186,-0.127468,0.2356855,0.05598789,0.1761326,-0.01458424,0.4590611,0.2100128
-0.3272179,-0.01163649,0.003798306,0.1677473,-0.0984676,-0.001913627,0.01843419,0.780378,-0.440428,-0.2609253,0.4714836,-0.6620965,0.1906628,0.4807344,-0.3329551,0.9109139,0.3724751,-0.208801,0.366322,0.5007496,0.002278992,0.3234731,0.1554818,-0.1900651,-0.6021463,0.08627869,-0.01309397,0.0006700557,-0.09968251,0.03322081
-0.0002744519,0.006040315,-0.009366282,0.1198687,-0.1243276,0.5585122,0.01588804,0.0009922229,-0.5708433,-0.0444789,-0.342996,0.09519538,-0.2904414,0.611528,0.001703715,0.1189037,0.00241052,0.3005596,-2.351743,-0.0002682203,-0.08284539,-0.02808824,-0.3440013,0.2632005,-0.01058524,0.3827428,-0.0808486,-0.05509847,0.0893634,-0.23988
0.003548306,0.03927427,0.0008626788,-0.1173992,-0.09239131,-0.1611527,-0.05847058,-0.2350844,-0.2308802,0.001066124,-0.03429104,0.1767183,-0.1125841,-0.03961423,0.2173918,0.2466611,0.3643516,0.6607893,0.05266098,0.2740495,-0.1053103,-0.01818504,-0.2160504,0.1800947,-0.006989983,0.426555,-0.08519024,0.6114003,0.4267231,-0.02132759
0.156895,-0.2505827,-0.04329376,-0.1408987,0.03027016,-0.2538801,-0.3911699,-0.0002321393,0.2659917,0.1928744,0.03287156,0.6321838,0.2697717,0.04420909,0.06541745,-0.4311213,-0.08468474,-0.3228128,0.6187825,-0.3018626,-0.3394789,-0.4471943,4.673683,0.5741041,0.1729526,-0.004302875,0.03699755,-0.03534463,-0.05304056,-0.812664
0.2577497,-0.1829396,0.1024751,-0.1401755,-0.0954321,0.07833287,-0.008270538,-0.06652743,0.001464043,-0.3370479,0.2027079,-0.1331419,0.9379623,-0.2909982,-0.2646631,0.02872812,-0.7265737,-0.5442806,0.01987555,0.3207483,0.2112018,-0.2793157,-0.2303001,-0.4001836,-0.02487557,-2.801897,0.05298182,0.5409932,-0.074799,-0.1324179
-0.1332244,-0.4033683,-0.3840656,-0.2505188,-0.01258868,0.03833563,0.07671887,0.482751,-0.4828924,-0.05454764,-0.4834895,0.4623559,-0.0248819,0.01067441,0.02027601,0.222854,-0.00919425,-0.0001683111,-0.01958897,-0.2831951,0.07015875,-0.0685396,0.1000478,0.2406815,-0.05182642,0.07815653,0.04528481,0.1344942,0.008732963,0.01057876
-0.1256866,-0.08241554,-0.2450709,-0.1149486,-0.03567215,0.0589167,0.3125889,-0.003217399,-0.4299601,-0.250653,0.2501049,0.006535833,-0.2328212,0.2951628,-0.3766507,0.2995692,-0.406078,-0.3169427,-0.02901727,0.06164778,0.3858536,-0.1117247,0.01510582,-0.3378109,0.9549116,-0.1083769,-0.1634509,0.5403928,-0.2914813,0.001715014
-0.140681,0.3705096,0.8053637,0.01206257,-0.05883906,0.225202,1.158615,-0.1095991,0.4216999,-0.03162777,-0.08894857,-1.664469,-0.3162984,0.3971012,0.2706668,0.2634321,0.1802498,-0.06247956,-0.2722254,0.02248499,-0.02794629,0.01727125,-0.1406081,-0.06994581,0.3603922,-0.3050954,-0.1800606,-0.05544362,-0.06407118,0.3067728
-0.01471605,0.1908278,-0.4510628,0.8255066,-0.2974169,-0.2451656,-0.02754855,0.07218929,0.2823733,0.05823344,0.3401791,0.3776149,-0.004802883,-0.0006602553,-0.2625409,-0.2366795,-1.455074,0.457144,0.5534565,-0.1348322,-0.1220978,-1.490342E-05,1.44631,-0.1614939,-0.3278017,0.01359314,-0.2577856,-0.2788452,-0.3067867,-0.198736
-0.3264954,-0.01732935,0.01948185,0.3908966,0.08412295,0.08285566,-0.4478347,0.06766373,0.5611643,-0.06599706,0.151459,0.6776179,-0.2578483,0.05693602,0.03020316,0.4850045,0.0589126,0.2099891,0.009476094,0.3580955,0.04824499,-0.2810893,0.04665214,-0.1825964,0.151043,0.05165947,0.02021448,0.8460688,0.3345359,0.06848305
-0.1728307,0.5847422,-0.1367052,0.01575746,-0.0236665,0.03235851,-0.04356509,-0.05085798,0.7794802,-0.8492329,0.3007052,-0.1479463,-1.988886,-0.3643181,0.2338927,-0.4677048,-0.1568823,0.4291788,-0.128684,0.1045498,-0.4193696,-0.0001799135,-0.03162017,0.0007385421,0.03976795,0.008075563,-0.459245,0.05904829,-0.05085824,0.1128083
-0.849651,0.07403868,-0.1358454,-0.393703,-0.0626992,-0.2092345,-0.05068427,0.9187512,-0.448365,-0.3476223,0.1603579,0.4229597,-0.1189438,-0.3906404,-0.002942516,0.1554214,0.06083873,0.3755523,-0.4102315,-0.02078468,0.006421715,-0.06519979,0.05244102,-0.7840487,0.08564828,0.3895463,-0.009188622,-0.07293592,-1.394916,0.06947857
-0.1116112,-0.04697034,0.3159441,-0.03440871,-0.005401076,0.1241306,-0.0062978,0.7030434,0.3963891,-0.05499103,0.430961,0.4243284,0.7170498,0.09293056,0.5111619,0.4697824,0.6420159,0.0012801,0.0001165099,-0.3412335,0.1427364,-1.123026,0.1312392,-0.4835395,0.3466066,-0.001138085,-0.01246399,-0.2803028,-0.3672169,-0.01123985
-0.1148519,0.4319089,0.1247821,-0.289269,0.2504466,-0.01195027,-0.443691,-0.0167408,-0.355062,-0.1696512,0.240092,-0.08113343,0.2962137,0.7264631,0.0399521,0.489835,0.01768109,0.02847828,-0.1220223,0.2343652,0.6477051,0.2614346,-0.04015161,-0.2759967,0.4168506,-0.02859871,0.3413745,0.1926522,-0.08862772,-0.3180256
0.3924447,0.0008773089,-0.06490269,0.1014459,0.2472902,0.01312059,0.2754125,-0.4752178,0.1091209,0.03899987,0.01515014,-0.149255,0.04918169,0.00378497,0.2662659,-0.309332,0.3228066,-1.110894,-0.1238209,-0.04824489,-0.005288768,0.3986792,0.01856321,-0.2546029,0.4868002,-0.3200617,-0.004939599,0.4344957,0.4730051,0.2314354
0.1257376,0.4150715,0.3756648,0.3099129,0.3615472,0.3795055,-0.06227034,0.4318807,0.006764987,0.1910221,-0.1086117,0.02593674,-0.1758698,-0.9221388,-0.4650421,-0.08414286,-0.205316,0.4419821,0.1568514,-0.4218094,0.3558792,0.01163425,-0.1159441,0.5379528,0.3726656,0.08696266,-0.5029134,0.1653251,0.01031577,0.2600366
0.2037564,0.09659559,0.1066131,0.0683297,0.002275122,8.575784E-05,0.02145821,-0.1521421,0.07894832,0.01207175,0.07044971,0.3210602,0.1137537,-0.3470351,0.2296755,-0.05557066,-0.0795038,-0.1030219,0.3713076,0.4763123,0.4803185,0.2239026,-0.3043284,-0.3493555,0.3184388,0.3091248,-0.001914103,-0.004205466,0.01503671,-0.07414875
-0.3743492,0.390286,-0.09424405,0.3233558,-0.3929968,-0.02022099,0.07277073,1.007652,0.07249277,-0.009894408,-0.1587315,0.418775,-0.02963646,-0.2291521,0.02339144,0.4579074,0.01685586,-0.1465543,1.361838,0.08320242,-0.2765046,0.03306974,0.01123586,1.275861,0.0006514811,-0.1662923,0.01403267,-0.01178078,0.05119996,0.2716935
0.2986379,-0.1061851,-0.2824829,0.3699479,0.02549201,0.00939256,0.2836552,-0.02103623,0.1098356,-0.3676357,1.257453,-0.4838061,0.009241668,0.009387058,-0.09322295,-0.336136,0.1535241,0.08914346,0.0833474,0.3108831,-0.2228138,0.0163083,0.1009374,0.1234784,0.04483087,0.03108204,0.02317376,-0.09604794,-0.3528038,0.3063278
-0.02164567,0.004904654,-0.03736428,0.2025571,-0.1557536,-0.8335772,0.01479758,0.0007871584,0.17856,0.3834256,0.1840473,-0.02746651,-0.1166825,0.03763061,-0.1647771,0.1055869,-0.3322244,-0.09007451,-0.08441633,-0.003879216,0.06405554,-0.3592325,-0.5745377,-0.001590285,0.004140457,0.3217492,-0.481954,0.1519739,-0.04628741,-0.2655193
0.09526393,-0.06042998,7.21192E-05,-0.2365081,0.1754169,-1.465033,0.3309911,0.1296535,0.1863865,-0.01169521,0.3094553,0.3747065,3.463894,0.01436463,-0.0762649,0.9616453,-0.1342716,-0.01963392,0.152869,0.01314074,-0.8716211,0.3281802,-0.005206698,0.01446676,0.119056,0.3523206,0.1485783,-0.6687905,-0.06097176,-0.03188868
-1.293939,0.01194581,0.6272145,0.4587687,0.2060795,-0.2473962,0.03762656,-0.01179773,-0.4231788,-0.09619258,-0.2215701,0.1102503,0.0982365,0.02511388,0.0875787,0.0268933,-0.3181899,-0.05246025,0.3680167,0.02024765,-0.001716937,-0.0004553276,-0.4162521,0.3236898,-0.02875943,0.01510353,0.3615271,-0.5491962,-0.1638381,0.3731863
-0.2422977,-0.02140148,0.3749368,0.3755397,-0.1658907,0.2287917,-0.005928189,0.7497398,0.123117,-0.2406729,-0.0440721,-0.2531043,-0.3987995,0.007274874,0.6837584,-0.02832433,-0.2845943,0.01946314,-0.6261178,-0.4332086,-0.1179553,-0.5231321,0.001656342,0.03214651,-0.3853618,0.02121914,-0.2021155,-0.3036386,0.3887587,-0.02864297
-0.1275281,0.1115389,0.003773631,-0.04972246,0.1084853,0.1906845,-0.08303159,0.389853,-0.009472609,0.09569293,0.1040012,-0.3165706,-0.01020826,0.05826819,0.3465561,-0.2017305,-0.002884866,-0.3053877,-0.1553325,0.03104764,0.1888712,-0.3413862,0.03738505,-0.1156012,0.926981,0.2543391,0.4144213,-0.7041584,0.4418755,-0.0001714253
0.8449748,-0.4742185,0.01412855,0.1585444,-0.1957176,-0.2250188,0.3021659,0.3203758,0.1818514,0.4626825,0.3986768,1.465187E-06,-0.1712854,-0.104094,-0.2343825,0.317988,-0.03027194,0.4514441,-0.4480007,-0.3667671,0.4641619,-0.380934,-0.4684029,-0.1112609,0.3815032,-0.2322044,0.0774508,0.3585221,0.1733913,0.006079957
-1.249187E-05,-0.001018112,0.02508615,-0.1742898,0.1269777,0.0006030869,-0.2078941,-0.2731198,0.7776067,0.3175841,0.4897719,0.3940998,0.1129507,-1.246551,-0.002323863,0.3849353,-0.4654738,0.2554579,-0.01073427,0.09173024,-0.2481974,0.7743708,0.3041327,-0.6465462,-0.3793525,0.8183309,0.1333213,-0.07990617,-0.004885343,-0.2567407
-0.2864074,-0.2531581,-0.007928931,-0.7480777,-0.09897876,0.3684091,0.3409337,0.2740588,-0.5475231,0.007149824,-0.3234735,0.3797696,0.0109963,-0.2223554,-0.002521114,-0.01317042,0.03169127,-0.1814267,-0.03049345,0.0007432301,-0.1025087,0.02098292,-0.2313359,0.5237026,0.1231999,0.0102165,0.06103042,1.043053,-0.193612,-0.09886211
;
0.2520814,0.4750447,0.3752931,0.4104627,0.0002601164,0.4846269,-0.03962125,-0.1618988,0.002133084,-0.09900939,0.050071,-3.304221,0.4993938,-0.4453003,0.2840965,0.1597202,-0.1790787,0.08955044,-0.5147353,-0.9466142,-0.02878338,-0.07101959,-0.6498457,0.1309584,0.02719596,-0.351244,0.116204,0.1560832,-0.001882851,0.0263004
-0.1225211,-0.3579433,-0.4462653,-0.4686328,0.1428299,-0.3748744,-0.336056,-0.4408627,-0.08811883,0.01751596,0.04335412,0.1037358,-0.02406804,0.3704367,0.2489791,0.05770427,0.6179687,-0.8089704,-0.06271917,-0.4718122,0.08479862,0.01487745,0.02282117,-0.3173252,0.1748785,0.3782705,0.3021077,-0.1119408,0.03766608,-0.294133
-0.2638346,0.4668475,0.03850994,-0.07882938,0.185759,-0.05712353,-0.3604033,0.4277387,-0.09158888,0.3210459,-0.2704937,-0.4231242,0.06896981,-0.4330266,-0.1524327,0.01912762,-0.1230875,0.144429,-0.1297372,0.06463534,-0.2506264,0.0002308959,-0.01162829,-0.2057232,-0.2908117,0.1324341,-0.03955238,0.3319936,0.2259924,-0.3116232
;
0.01201413
0.2285819
0.6319675
0.000873042
0.1023152
0.05972461
0.06822046
-0.3196439
0.3429803
-0.3369685
0.02578597
0.7975688
-0.4407619
0.006251627
0.1861918
-0.008205305
0.3887223
-0.07517868
0.1340601
-0.126409
0.5893315
-0.07944983
-0.23792
0.01169022
-0.02085954
-0.3372146
0.2558063
-0.05268822
0.06519838
-0.7346058
;
-0.05337183,-0.02629316,0.402375,0.02480269,-0.3091021,-0.5051389,-0.1522899,0.339107,-0.3896003,0.7493591,-0.09634769,0.7028525,-0.2261094,0.1435509,-0.298799,0.0637753,0.2338577,0.3345507,-0.269338,0.8973725,-0.1048366,-0.02934493,0.6288567,0.1954137,0.2901745,0.06009164,0.441007,-0.3755029,0.5524665,0.6291512
0.0415103,0.03114155,0.4095287,0.5107574,-0.05995348,-0.2364071,-0.1482237,0.2037152,-0.2585962,-0.2301772,0.01527339,0.7820821,0.1696995,0.2055563,-0.1609894,0.1479521,-0.1804976,0.3009276,0.0163975,0.03614675,-0.04943369,-0.01515298,-0.06909817,0.08611525,0.7676982,0.05222701,0.1231389,-0.2073912,-0.02243885,0.402836
0.3107476,0.1682068,-0.4564237,0.1571151,-0.02481547,0.05495244,-0.03407136,0.01727887,0.4715297,0.04888179,0.5012718,0.9052851,0.6037799,-0.2413277,-0.3651584,-0.2962,-0.117815,-0.03849338,-0.2074137,0.3084892,0.7016205,0.415095,0.03553399,0.09824193,-0.07612817,0.007138591,0.4761964,-0.4006435,0.002760893,-0.01481631
0.1095317,-0.1068289,0.06869478,0.2489155,-0.03542048,0.3647956,-0.08817218,-0.3252782,0.2403601,0.001298471,0.1527525,-0.004257217,-0.1537912,-0.1622233,-0.6052574,-0.3219572,0.2237726,-0.1208021,0.1959829,-0.3749295,0.8646041,0.06942831,0.009976495,-0.3777531,-0.5447872,0.1975785,0.4526241,0.236503,-0.1108486,0.1279711
-0.5750828,-0.4619662,-0.06659963,-0.03402551,0.2151927,-0.1051433,-0.4070456,0.002108509,-1.190564,-0.3533682,-1.306101,-0.04826218,-0.1077851,0.2736402,-0.281231,0.06854802,0.02220596,0.07033729,-1.311523,-0.5715174,0.1458179,0.001661253,-0.4166592,-0.1794382,0.2056599,-0.202189,0.01073745,0.1632701,-0.04403605,-0.4718862
-0.1030199,0.1025992,0.1316369,0.1630599,0.09404078,0.08400319,-0.4084498,-0.007655203,0.3777668,-0.05157596,-0.1611171,-0.4751592,-0.4360958,0.4904479,0.172452,-0.01285757,0.01882902,0.04824684,0.2394844,0.001340634,0.01231273,-0.0921956,-0.03703684,-0.02738016,-0.003572604,0.08926016,-0.03417064,-0.2942127,0.2063269,0.4285834
-0.016491,0.1113969,0.7680662,-0.1036159,0.06670576,0.05415672,-0.1712207,-0.119639,0.07881813,-0.04191443,0.3612982,0.1047982,-0.4487696,0.06774728,-0.2014531,0.09971815,0.1147799,0.2960061,0.3716919,-0.2806323,0.01968844,-0.009706265,-0.1099556,-0.9511973,0.5428616,0.02705742,0.4328461,-0.00564152,-0.2083474,0.1688424
-0.06854659,-0.3819599,-0.2611181,0.1464971,0.365021,0.05246412,0.2678988,0.4043854,-0.06947798,-0.06222397,-0.08582839,0.3286339,0.4836764,-0.1624928,-0.6083006,0.2944169,-0.5181022,0.05397128,-0.1432964,-0.1466193,-0.01176873,-0.1493557,0.3163062,-1.049997,-0.002844553,-0.002070721,0.3568107,-0.04801936,0.3876874,-0.367499
0.1502032,0.3107791,0.04257721,-0.005771425,0.07960226,-0.08213469,-0.08191758,-0.1344749,-0.09335645,0.290866,0.3047213,1.472877,-0.2624501,-0.1609029,0.3080003,0.3592634,0.7053489,-0.2561909,0.1162891,0.337459,-0.2107968,0.003442466,-0.1004877,0.2769731,0.06424348,0.1157248,0.3474662,0.004664555,-0.1516688,-0.2373026
-0.08392056,-0.008264363,0.4054836,-0.5061209,-0.2384781,0.7703307,-0.2633616,0.3240253,-0.4714563,0.384802,0.08429831,0.006083708,0.02488822,-0.2697877,0.0993076,0.3512724,0.18521,-0.1718895,0.02878056,0.1857034,0.00421875,-0.2820126,-0.5505603,-0.3517323,0.04285691,-0.03616029,0.0272594,-0.5572588,0.1429673,-0.05391116
-0.1167354,-0.1738117,-0.09110409,-0.07614702,0.02393182,-0.9337381,-0.02459918,0.4449089,0.007011937,-0.04544268,0.4339683,-0.3995754,-0.1230464,0.06871778,-0.3910599,0.2942767,0.01132078,0.4188659,0.2732342,0.0049998,0.3658637,0.8710273,1.644793,-0.004978077,0.1425946,0.2110543,-0.05932898,0.342154,-0.5376282,0.0180028
-0.4991669,0.09402339,0.3489687,0.3491445,0.003444213,-0.01013823,0.6554705,0.007693025,0.2714587,-0.06746914,0.1129519,-0.4933238,-0.008991539,0.144698,0.509114,-0.05975125,0.05179995,-0.2260763,-0.9956775,-0.02572742,-0.205775,0.008281718,0.001993067,0.07699962,-0.6606802,0.4566988,-0.05857295,0.1320985,0.3236662,-0.210161
0.1660828,0.3073072,0.06137544,-0.3278157,0.4828826,0.3020089,0.005053561,0.2140417,-0.0260914,0.09423083,0.0008838628,-0.12463,-0.1357536,0.006948014,0.1148236,-0.1638154,0.3101329,-0.1186334,-0.5633004,0.01051766,0.2610948,-0.7859139,0.4991466,-0.1255772,0.00119801,-0.113994,0.05277442,0.3452343,-0.0005672821,0.01434177
0.1446075,-0.03696471,-0.003716961,0.2176957,0.1514635,-0.1574435,0.03200454,1.06409,-0.4149385,0.003770368,0.001925644,-0.458624,-0.007738564,0.6377092,0.1832812,-0.0006536253,-0.3342277,-0.321189,-0.2746226,-0.04622787,0.5735181,-0.2553151,-0.1506247,0.3914653,-0.4014682,-0.3626455,-0.2883431,0.3420618,-0.02761528,-0.2984096
-0.06581027,0.03134814,-0.7840192,0.06843822,0.3479526,-0.01477578,-0.4590771,0.0227533,-0.4211534,0.2305046,-0.3922555,0.4314706,-0.08461732,0.05262747,0.0966093,0.07981397,-0.3015816,-0.2633794,0.1782412,0.281603,0.003337444,-0.9472364,-0.06285123,0.06564637,0.663636,0.08344605,0.1518077,-0.02908736,0.07771779,-0.3823365
0.1624175,0.02497944,0.01888692,0.4767269,0.05942647,-0.1266135,0.006703258,-0.01727744,-0.02487606,-0.1439976,-0.02897432,0.05882113,0.03995902,0.004580851,0.4459749,-0.1083756,-0.4379423,-0.01018447,-0.05642108,0.05595491,-0.2612611,-0.2471838,0.4663585,-0.1643537,1.046363,-0.4903487,-8.522058E-05,-0.004152858,-0.02576009,0.1281247
0.1633999,-0.4214854,0.009220078,0.008542777,0.02566309,-0.08564033,-0.09349686,-0.04514372,0.2095868,-0.005538948,0.2317134,0.01108691,0.003428188,0.8061046,-0.1945688,0.4246827,0.2069827,-0.08494173,-0.1129907,0.1786756,0.0004714409,0.3476689,-0.3067337,-0.040958,0.0002684029,-0.02044853,-0.03217998,0.429655,0.4353299,-0.01366729
-0.2885299,9.187698E-05,-0.05476362,-0.339801,-0.8806136,-0.05884129,0.04929753,0.6662852,-0.0205442,0.03619748,-0.2420911,0.310552,-0.001238115,0.1522475,0.2536165,-0.01267903,-0.5341626,0.05033457,-0.461314,-0.09858982,0.007220907,-0.3943144,0.3042675,0.9827158,0.1383347,-0.3561675,-0.3920336,0.3152255,-0.2817442,-0.1250703
0.1255254,-0.4098419,-0.05517347,-0.3868002,0.3220836,-0.3517288,0.8563093,0.4629456,0.2861295,0.4496443,-0.3826215,0.3508978,0.1649572,0.05848549,-0.03441929,0.425499,-0.3314474,-0.01775443,0.01585134,0.4232898,0.3188798,0.005892919,-0.001758106,0.1877571,0.2696526,0.03807268,0.1326885,0.2289166,-0.1875305,0.1609463
0.06399471,-0.4517919,-0.2536236,0.4352628,-0.4294883,-0.3256463,-0.1026874,-0.1703199,0.3497336,0.06955931,0.1633626,0.1503003,0.4429904,-0.3981397,-0.005991007,-0.4660796,-0.01622888,0.1456357,0.4165598,0.0002777656,-1.604882,0.4130873,-0.3283149,-0.5468176,0.02928575,1.195822,0.4302583,-0.01522982,0.1720659,-0.2968
-0.3481004,0.2247703,0.1127475,-0.1239623,0.2493353,0.4784622,-0.1332401,0.4069345,-0.3010627,-0.0316678,0.4068933,-0.03709418,0.63561,0.3151293,0.3617569,0.01233765,0.3242655,0.3465872,0.01900367,-0.02517468,0.4117349,0.2748259,-0.3467421,0.1418805,0.03981113,-0.4675518,0.002766103,-0.4641159,-0.0546546,-0.06582464
-0.02447758,-0.6642296,0.1146687,-0.7960083,0.4092343,0.184254,-0.6158447,0.01285033,0.04618734,0.4406783,0.06433719,-0.03532463,0.08048971,-0.4220328,0.3187082,-0.004507115,0.1003534,0.2799942,-0.3922329,0.729299,-0.2182474,0.1460497,-0.367717,-0.1186882,-0.02293888,-0.41178,-0.07012115,0.1179121,-0.1827956,-0.4202596
-0.02464026,-0.3329461,-0.0007444189,0.6807079,-0.02192549,0.05900634,-0.01541357,0.103142,-0.0981371,0.0400438,-0.003484572,0.2788985,-0.3854204,0.1389829,-0.06236867,0.1856791,0.943673,-0.2273799,-0.26539,0.1168986,0.4187659,-0.4090741,-0.3099492,-0.02648237,-0.04579662,-0.4569317,0.124254,0.2560647,0.000230536,0.03702635
-0.06611329,0.08680547,0.3139821,-0.2669727,-0.3441402,-0.09556188,-0.1820355,-0.01315337,0.07294101,-0.04337559,0.4368398,-0.09296034,0.1047559,-0.04638829,0.2610632,-0.05139142,-0.3766483,-0.014943,-0.3997624,-0.04759718,0.1331884,-0.1477148,0.1079205,0.08601862,0.1062635,0.8270304,-0.4950806,-0.1649219,0.04693989,0.3295553
-0.499994,-0.2197455,0.008150827,0.03990036,0.1215395,0.2110258,0.6981078,0.0003409981,0.3427607,0.7114614,-0.2826522,-1.0543,0.08543921,-0.3797592,-0.09268929,-0.1038373,-0.07652663,0.09518428,0.07892419,0.01832462,-0.6289929,0.1592405,0.4908254,0.1133117,0.4892598,0.6639253,-0.13105,0.3809848,0.005758936,-0.06845444
-0.4118278,-0.00537428,0.1794987,0.08384341,0.03604556,-0.3642158,0.1131967,-0.1390718,-0.4127169,-0.4602326,-0.05021507,-0.02821384,0.3743468,0.482193,-0.1394428,0.2352882,1.815026,0.3014147,0.01294494,-0.01004418,-0.01381058,0.02283635,-0.006302709,-0.1925347,0.1803173,0.4154651,-0.3620285,0.004343184,0.20781,0.4250758
-1.049619,0.04607958,0.06494743,-0.1737992,-0.1360298,0.2719628,-0.3861617,0.2422622,0.1586957,-0.306529,-0.4203875,0.4084399,-0.2633475,-0.1056746,0.680846,0.03599758,-0.05887238,-0.0327075,-0.3916498,0.4288102,-0.02074702,0.1969635,0.07086864,-0.1291947,0.02353138,0.270138,-0.4843448,0.10301,-0.00249928,0.01130491
-0.1706107,-0.1328146,0.8269845,0.1701316,0.3567364,-0.2289012,-0.06885427,-0.03432757,0.9910366,0.2704567,0.30594,0.7756745,-0.1660492,0.05481273,-0.1815708,-0.004360795,-0.5598277,0.005259526,0.1641376,0.0402233,-0.1524687,-0.370212,0.3509609,-0.6257144,-0.2302155,-0.09015477,-0.3856243,-0.1850372,0.7609097,-0.003362973
-0.004952301,-1.257705,-0.169316,0.2918028,0.03463897,0.213185,-0.000283454,-0.220146,-0.4932774,-0.03854021,-0.3399707,-0.07826048,-0.1243509,0.2649842,0.1274348,0.3854498,-0.1417293,0.4045947,-0.1167368,0.245204,-0.4519179,0.1852704,-0.006836398,0.4750392,0.2704369,-0.0769164,0.2285817,-0.03193904,0.05475968,0.2400149
-0.3789611,0.3810863,-0.008285103,0.6089417,0.2393598,0.02730452,-0.2261965,0.6418122,0.001667161,0.07511548,-0.2609847,0.5012474,-0.6473086,-0.001895167,0.03587252,-0.2741544,0.1677863,0.005698894,0.03228014,-0.004332642,-0.5669414,0.1783649,0.07658663,-0.4139371,-0.06314319,0.1017279,0.0003137827,-0.3783926,0.5963563,0.3676529
;
-0.5920615,0.04663868,0.06073929,-0.09852246,0.3791232,-0.3718376,-0.8314661,0.003122151,-0.01894075,0.2835894,-0.2293417,0.3363642,0.1238156,-2.204412,0.04165131,-0.0176515,0.03835604,0.2957119,-0.1180656,0.05189568,-0.3245989,0.1815104,0.02358419,0.07551973,-0.5995811,0.0766973,-0.4235972,0.1571181,0.06746615,0.1142279
-0.08568263,1.06557,0.1347101,0.1709253,-0.132051,0.4445692,0.00536937,0.01487939,0.1860189,-0.0943127,0.1731762,-0.3750591,-0.04541722,-0.418542,0.02497894,-0.2642351,-0.2106803,-0.4071522,0.5020138,-0.3930072,-0.4952404,-0.07110213,-0.01433135,-0.04023311,-0.3974823,-0.2053031,0.01058657,-0.08970243,-0.01857719,-0.3425197
-0.1159528,0.3926083,-0.265649,-0.1261011,-0.2008975,0.02828916,0.0595789,0.1843958,-0.04062763,0.06786662,-0.1049862,0.3216084,0.09044153,0.4459647,0.2790782,0.3949081,0.0192797,-0.05368561,-0.0450222,0.1478336,1.096617,0.00748632,-0.02901529,-0.327025,0.03184491,-0.01179731,0.501734,-0.2846543,-0.4906518,0.2240516
;
-0.09234708
-0.005822682
-0.06156186
-0.039619
-0.0005385246
0.5466768
-0.7817523
-0.4673157
-0.4606224
0.07701749
0.02560812
0.09817759
3.875527
-0.07328707
-0.1299954
-0.01556526
-0.1830625
0.3430816
-0.1380833
0.3192981
-0.5857882
-0.2185885
0.4426172
-0.00216112
0.1890966
0.009579563
-0.4898526
0.007665377
0.6794013
-0.3678164
;
0.02283953,-0.2145489,0.2201737,0.004418792,0.3644298,-0.3823029,0.3950435,-1.149837,-0.4815472,0.1253475,0.2292362,-0.159134,-0.06772274,-0.05242121,0.1079046,0.2374239,-0.0483212,0.1193478,0.01633829,-0.1738127,0.05759096,-0.1606702,-0.4203699,0.1248505,0.09453863,-0.1432555,-0.2022506,0.2064819,0.07083863,0.2305595
-0.4951739,0.05579903,-0.1395818,-0.05990769,-0.1956201,-0.3147345,0.1337333,0.001363507,-0.0001018147,-0.3040538,-0.02402048,0.2173209,0.683828,0.1725731,0.01843634,0.4124014,-0.1164682,0.4480786,-0.009356439,0.1725111,-0.1842604,-0.1379903,-0.2563478,-0.4295969,0.6217811,-0.2711645,-0.04530273,0.2901486,0.04085356,0.2763016
0.07957138,-0.2427837,0.02191368,-0.05043877,-0.0797874,-0.03524572,0.06928069,-0.4512709,-0.3480051,0.2199266,0.001845844,-0.8851876,0.2570995,0.3073571,0.2662359,0.04067713,0.05972759,0.001905226,-0.1184253,0.07427283,-1.060665,0.004243155,-0.1653263,0.8247851,-0.3145329,-0.04501207,-0.765152,0.1752187,-0.01385061,0.527538
-0.2240828,0.1891085,-0.06425511,0.2206297,-0.06251153,0.001389584,0.4500551,0.5631845,0.4136382,-0.3321329,-0.01797532,-0.0545412,0.4093703,-0.4858989,0.03129522,-0.0122842,0.4731679,-0.3200996,0.3530176,-0.09257936,-0.3962672,0.4811343,-0.04010724,0.1324872,0.179768,-0.5982495,0.02539495,0.0355869,-0.05346495,-0.05407055
-0.5874572,0.3496527,0.2320983,0.05713555,0.3368472,-0.01314198,0.003119183,-0.001126109,-0.1198341,-0.5893776,0.4348948,0.3506365,0.04055333,0.01645678,0.2752723,0.09561187,-0.620243,-0.1289567,0.4722416,-0.1692865,0.03204859,-0.4860075,-0.03810464,0.6188956,-0.3631592,0.4852141,0.04138374,-0.372565,0.1129035,0.02052257
0.7078123,0.01597575,-0.002836163,-0.111372,-0.8787185,0.1437284,-0.2916368,0.4361614,0.8123255,0.09901069,0.4114827,0.3178486,-0.3910738,-0.1039123,0.9462324,-0.247662,-0.008504332,-0.2660768,0.1887198,-0.1460583,-0.3296229,-0.2755791,-0.0351739,0.03134205,0.4661437,0.09690715,0.4925402,0.188809,0.05465597,-0.06453615
-0.274129,-0.3380383,0.7248018,-0.02353727,-0.37177,-0.08416814,-1.40739,-0.008591947,-0.8142867,-0.3271747,0.08889516,1.304755,-0.008276857,-0.5411368,-0.03066685,-0.3175176,0.2597698,0.009939373,-0.5856759,-0.07670679,0.111359,0.3873962,0.000729794,-0.01037195,-0.5056719,0.07032179,0.3618752,0.168896,-0.04072994,0.6378472
0.1363321,0.07718361,0.7420766,-0.3560607,-0.03834696,-0.2416058,0.1353039,0.001809094,0.7277241,-0.1018991,-0.4993115,0.3587434,-0.3862113,0.02126835,-0.384402,0.02910477,0.09216469,-0.3153863,0.1481598,-0.4209361,-0.4551595,-0.03439835,-0.6915792,-0.00672071,-0.3153957,0.03485896,-0.1276305,0.34305,-0.04534561,-0.08395834
0.09972078,0.5872383,0.3863436,0.1016701,0.2399971,-0.2438557,0.3366368,0.02810487,0.005466918,0.006804508,-0.001741976,0.3183186,0.3900538,2.083615E-06,0.02640202,-0.1361215,0.4509467,-0.4070034,-0.03647384,0.1362664,-0.5326127,-0.2106385,-0.1329942,-0.2929416,-0.3043109,-0.3694227,-0.05130128,-0.01688987,0.06733168,-0.07755063
0.06563231,0.003597889,0.2569252,-0.1036961,-0.3740739,-0.5080052,0.003583788,0.5314603,-0.1558644,-0.3671555,0.02315574,-0.01328808,0.07161852,-0.09900898,0.3329591,0.005549287,0.1165077,-0.774677,0.2872915,0.0742957,0.7914375,-0.3989575,-0.09060173,-0.1632839,0.4419601,-0.7218183,0.8218059,-0.3108176,-0.02904616,0.02684957
0.2522828,0.2248202,0.6369309,0.05636083,0.002784398,-0.166153,-0.04008721,0.04050842,0.2672499,0.0005253782,0.4197231,-0.03700893,0.1486907,-0.3921885,0.3651654,-1.613067,0.06204444,0.04446245,0.2312587,0.2008506,0.4907101,-0.4639093,-0.4652343,0.3659582,0.3661857,-0.3703905,-0.2290663,-0.1430495,0.4615287,-0.03855535
-0.03866929,-0.02781522,0.3647187,0.1116078,0.04841083,0.2813705,-0.2581141,0.4828864,-0.5798136,0.2966914,-0.4738247,0.002579314,0.1562306,2.191545,1.073038,-0.001453629,-0.05662149,0.2360324,-0.001356855,0.3651152,-0.06949296,0.1221897,-0.09338377,0.006751075,0.1175498,0.006582166,-0.3208897,0.3899504,0.2573623,0.005539885
0.1336473,0.1486621,-1.32303,0.387234,-0.03359348,0.3939058,-0.2120538,0.3625778,0.4491901,0.2168193,0.009410163,0.493829,0.1478041,0.286643,-0.08495849,0.8381625,0.191071,-0.001294398,-0.0218719,0.6181599,-0.4587348,0.2033749,0.02770877,-0.2665446,0.2531039,0.2931861,0.9770201,-0.5336136,0.3800382,0.2133341
-1.334892,-0.1840039,-3.255581,-0.09534465,-0.4120972,0.4348001,0.6707373,-0.1721318,-0.2309746,0.3785846,-0.05393916,1.811015,-0.1941599,0.3195678,-0.000225454,0.3942522,-0.00487242,-0.05080922,0.23139,0.2399517,-0.1917986,-1.026833,0.01826264,-0.262629,0.3276143,0.01050931,0.4891207,0.1646689,-0.008145919,0.4789485
-0.06468362,0.05204994,-0.5130324,0.3497014,0.1113807,0.4031041,0.5217884,-0.0129406,0.1921834,0.05996317,0.002565559,-0.04837455,0.4841915,-0.4986166,0.3169572,-0.951212,-0.02999384,-0.4867647,0.3938234,3.521651E-06,0.1361533,-0.1009743,-0.1800975,0.04639153,-0.4988871,0.5104394,0.03236356,0.01684684,-0.04140502,-0.09913555
0.00124884,-0.7051936,-0.0386764,-0.1483727,-0.3909988,-0.01585072,-0.01039311,-0.1796247,-0.6075296,0.04285989,-0.4043236,0.489725,-0.7031395,0.006943992,0.3238791,0.01139671,-0.03342042,0.487725,0.01832231,-0.4795535,-0.03114094,-0.1357419,-0.07312442,-0.08381466,0.02845996,0.7662686,0.03329664,-0.4703053,0.06955448,-0.07248914
-0.1498711,0.6407934,-0.01009221,0.02730777,-0.113717,0.6748013,-0.0244146,0.322906,0.4664806,-0.1090798,0.0003119391,-0.03056996,0.001706909,0.1775626,0.8387914,-0.005987122,-0.2464938,0.04242749,-0.3813436,0.3201103,-0.4675511,0.0003927984,0.1404095,-0.3859411,0.00021409,1.309773,0.01673184,-0.3389263,0.1637407,-0.07226698
0.2218142,-0.01522879,0.09007118,0.5359284,-0.21764,0.106999,-0.06048042,-0.01044172,0.01937189,-0.1573598,0.03417748,0.233185,-0.1484072,-0.007315096,-0.5168167,-0.1461587,-0.06072396,0.05332328,-0.2313005,-0.2074044,-0.03006776,0.06249937,-0.03799778,-0.001574508,0.1348753,0.4486182,-0.1064009,0.009843208,-0.7412476,0.1073088
-0.0550465,0.3751992,0.02945453,-0.06258203,-0.129176,-0.08758048,0.2769808,-0.1527132,0.07789658,0.1341836,0.241335,0.5867323,-0.135002,0.144438,-0.08574521,-0.406445,0.4813886,-0.2404313,-0.4517347,-0.3561903,0.1139169,-0.06804609,0.05955154,-0.4630057,0.2740369,-0.4992175,-0.3704416,0.4797747,0.7281402,0.02348866
-0.02795931,-0.09361898,0.725119,0.06044692,-0.2114351,0.2614099,0.001446796,0.04980512,-0.1082692,-0.06273192,-1.303011,0.0135907,0.3863698,-0.2558717,0.0240594,0.2110469,-1.511684,-0.1481857,-0.4747556,0.2798208,0.7574946,0.4554111,0.6958594,-0.3955195,0.0524619,-0.2000047,0.08958355,-0.4578198,0.009823501,-0.6633604
0.2185593,-0.1304726,-0.1039087,0.4273545,-0.1477353,-0.4609029,-0.6582745,-0.6556575,-0.2293091,-0.4668429,0.1159153,0.4608809,-0.06340814,0.1780112,0.03807472,-0.1932188,0.0430261,-0.3096074,-0.2623531,0.1596975,-0.2820885,1.27865,0.6090877,-0.2187212,-0.1747438,0.4165881,0.005510747,-0.1466452,0.01760543,-0.03324115
-0.1838969,0.5267884,0.09364384,-0.0008056136,-0.001260941,-0.1266063,0.06587686,0.04032549,-1.101945,-0.2081355,-0.3571513,0.001007598,0.4956503,0.8543249,-0.1638781,0.3806346,-0.9949753,0.07160689,0.4746875,-0.4750922,-0.2898427,0.4144144,0.3692684,-0.1356545,0.03469798,-0.002815367,-0.01785736,-0.3341113,-0.2389854,0.4291461
-0.4984237,-0.05304353,0.3455338,-0.03315308,0.1307375,0.3809937,0.1679729,0.3009354,0.008237898,-0.2207159,0.008480145,0.4132529,-0.08224517,0.5814235,-0.005446414,0.1808901,0.1584279,0.47321,-0.137926,0.1621671,-0.2635286,-0.3769946,-0.5514264,-0.487608,0.659928,-0.005909242,0.02289999,-0.1568649,-0.00720357,-0.1319008
0.237687,-0.3168408,-0.1480236,-0.2374041,-0.1958297,0.4505994,0.09855735,0.2701535,0.05298108,-0.07959384,0.03716644,0.06562668,0.01748482,0.1630927,-0.09363558,0.1793577,0.1320088,0.0007954728,0.377749,-0.02302279,-0.3232001,0.06509457,0.1071704,-0.002383596,0.0008898332,0.4728532,0.263851,-0.08035291,-0.4942473,0.3622584
0.2413766,0.2948547,0.2559922,-0.4391018,-0.08187431,-0.01669287,0.2494542,0.1257635,0.1105221,-0.0003024429,-0.03486489,0.8077646,-0.1322024,-0.5894646,0.06854872,0.2370465,-0.6030578,-0.4375579,0.3583791,-0.7301341,0.2294861,-0.336844,-0.02499383,-0.4011231,0.0007752801,0.3371331,-0.6214609,-0.06062699,-0.08478552,0.4902456
-0.3924489,0.03888015,-0.5683774,0.5725645,-0.001853609,-0.2303723,0.02806133,-0.03472471,0.1012107,-0.1284507,0.09991045,0.909413,-0.1781383,3.579446,-0.4525424,-0.001081896,-0.2632128,-0.01021902,0.4259126,0.05023628,0.03515773,0.4737546,0.0004176921,-0.4689164,0.003249572,0.07912236,-0.01012899,0.5020778,0.1777315,0.1059793
-0.1867637,-0.3791709,-0.746817,0.01885734,-0.1255306,-0.02143321,0.5072852,0.7467438,-0.05781039,-0.3996814,0.07234325,-0.2764443,0.09935042,0.135068,0.001569435,0.4853966,-0.2425832,0.1775323,0.06198126,-0.002038901,0.4540587,0.0001079889,-0.2711356,0.5830405,0.002004501,-0.207195,0.3248903,0.6068147,-0.1352745,0.1418149
0.006107697,-0.04366785,0.4538538,-0.1915574,0.2393773,-0.2993248,-0.2735983,0.5030484,-0.2657604,0.0008666603,-0.1372816,-0.1685294,0.3601028,0.1054947,0.7871222,-0.005956046,0.02598763,0.04840879,-0.4693961,0.7880732,0.07285727,0.3585355,0.5866064,-0.0163689,0.4955078,-0.01000669,0.2910602,-0.002161351,-1.860627,-0.5364538
-0.03257934,-0.001989003,-0.4840343,0.1612395,0.02095755,-0.0384207,-0.04260473,-0.02198492,0.01659163,-0.2432791,-0.159924,-0.1209722,0.3088852,0.8363174,-0.4548526,0.08538999,-0.139634,0.4061005,-0.06300408,-0.2323709,0.5608739,0.4166056,0.03161384,-0.06859499,-0.2110464,0.32839,-0.3701134,0.0002878472,-0.5981979,0.4064023
0.0763538,0.365374,-0.9072421,0.08676565,0.03659171,-0.4488276,-0.04908898,0.283169,0.1169686,-0.1706618,-0.2212958,-0.2965264,0.323585,-0.002156015,0.05506418,0.2541891,0.03611261,0.06257147,-0.9844848,0.9126514,-0.134357,-0.1038564,-0.07602854,0.5191817,-1.411723,0.01775887,0.06333154,-0.1436404,-0.3411051,0.4920132
;
-0.007080269,-0.07224356,0.09186745,0.09119731,0.001818815,0.2373866,-0.4977072,0.02578809,0.0002335723,-0.03504576,-0.1327248,0.04191099,0.2749928,0.3732462,-0.01901268,0.0001835665,-0.03537673,-0.07318284,0.02703098,0.1507742,0.1728783,0.3156773,-0.04458393,-0.2197051,0.4759781,-0.003780658,-0.01086408,0.0757413,-0.1317099,-0.05134463
-0.3012686,0.02107312,0.1782044,0.1239291,0.3915055,0.00932517,0.2660021,0.2301402,-0.156455,0.2886759,-0.2265212,0.2653046,-0.000985701,-0.06190878,-0.2113661,0.01121557,-0.1760244,-0.2755544,0.2559015,0.1475053,0.1067185,-0.001480039,-0.07803092,-0.3962243,-0.5784569,0.02718502,0.03106633,-0.4583629,-0.1886006,-0.3482558
0.005335333,-0.03878034,0.4615415,-0.0876133,0.2079875,0.1267056,-0.5899627,-0.09507885,-0.4329079,-0.2799884,-0.1884531,0.08680262,0.3011115,0.7794133,-0.5249691,0.7949663,-0.01831922,0.06332818,0.06991619,0.1464033,0.114109,0.2870052,0.0302221,-0.8161961,-0.04668359,-2.215304,-0.01320141,-0.3105392,0.1639038,-0.2595816
;
