-0.0476529
-0.04412499
-0.5112983
-0.3710136
0.0005453064
-0.03668147
-0.757026
0.1881867
-0.7309061
0.6487693
;
0.5461932,-0.3969055,0.04806147,-5.755112E-06,-0.4740019,-0.03661149,-0.02716329,-0.004438106,0.04653105,-0.4330195
0.7434881,0.2425467,-0.8391735,-0.02268749,0.6296735,0.2550722,-0.1710744,0.4353135,0.1051283,-0.3874855
0.4164208,-0.3740181,0.1360544,-0.5302405,0.3391943,-0.03414699,2.304337E-07,-0.1713515,-0.4959278,-0.1956925
0.4654382,-0.164747,0.4089046,0.3500547,-0.2194382,-0.2869512,-1.441286E-06,0.5895497,0.01720196,0.07552739
0.3649136,0.1537587,0.8657816,-0.1249973,-0.1680444,-0.09040824,-0.4380217,-0.09223777,-0.001369797,0.2853501
0.0004524597,0.09698182,0.3781011,0.02827335,-0.001107448,0.04472338,-0.4114106,0.1933153,0.1734547,-0.4567177
-0.8575122,-0.2928975,0.009692817,-2.416561,-0.3028327,-0.1589925,0.5245151,1.631998,-0.6542404,-0.3504215
-0.0004767883,0.4519219,0.03893369,0.5248038,-0.2366646,-0.06084722,-0.1099159,-0.002478317,0.04305252,0.06878692
-0.1214719,0.3832645,0.01062979,-0.3789262,-0.5289004,0.1661306,-1.710713,0.01229566,-0.2908482,-0.008107184
0.001095396,0.258946,0.02326404,0.05842592,0.8105426,0.1187994,-0.1209517,0.1454957,-0.05783552,-0.2334682
;
0.0001140735,0.01360393,0.03653773,-0.1089664,-0.004309737,-0.2174204,0.1713762,0.2461465,0.3057048,0.005125575
-2.482165E-08,-0.01408023,0.4805607,-0.3151672,-0.1990273,0.1187652,-0.01342748,0.06438568,-0.2762344,0.0002676417
;
0.004746642
-0.6923144
-0.04670446
-0.1243171
-0.5522164
0.009522578
-0.0157137
-0.6286546
-0.08596011
0.3983991
;
-0.2341927,-0.1127356,-0.6441379,-0.5927919,-0.03641058,0.02744102,-0.08072895,-0.01425821,-0.02017474,0.1184297
0.128494,0.1936189,0.003812023,0.1763619,-0.2092325,0.181388,0.3703802,-0.3495566,-0.3768524,0.4468491
0.0005406674,0.482153,0.09001531,0.03875401,-0.4247942,-0.2799083,0.1741244,-0.04668118,-0.04275905,-0.6165453
-0.3005038,-0.3202204,0.3525424,-0.07062993,-0.1761895,0.4067678,1.57464,-0.0004583736,0.199479,0.0800312
-0.2317158,-0.8674546,-1.888703,0.3027582,-0.09315009,0.5152858,-0.4628775,-0.0223534,0.05868545,-0.2972729
-0.3452331,-0.2574131,-0.0008177952,-0.01859635,0.08298653,-0.08527952,-0.3748624,0.02964395,0.1966955,0.2641829
-0.1008007,-0.1056668,-0.006810068,0.0004598796,-0.9193686,-0.003313005,0.003180648,-0.1851185,1.114951,0.4552217
0.3924913,-0.07715827,0.8745483,0.2397487,-0.06908125,-0.260501,-0.03936129,0.01736968,0.005599754,-0.09495848
0.0007397434,-0.3799615,-0.2962638,0.01285191,-0.3947138,0.3397975,0.2869814,0.435405,-0.4266168,0.07791811
-0.5292439,0.5850159,-0.279512,-0.08481986,-0.4760153,-0.03875297,0.04001207,-0.1355034,0.2206439,-0.02110526
;
0.458043,0.3900133,0.007632053,0.1504426,0.0161795,-0.2742817,0.09359884,-0.007183027,0.01711606,0.016092
0.5633278,-0.3421043,0.4167361,-0.03063524,0.2157637,0.2759027,0.01146991,0.3313207,0.2913741,-0.4373751
-0.4065256,0.01890212,-0.3376844,0.1323339,-0.1196185,0.0563857,0.09302308,0.01408171,-0.08813936,-0.1951005
;
-0.05352327
-0.2871723
0.3134957
0.009905198
-7.600033E-08
0.2730401
-0.07145453
-0.7198682
0.02952576
-0.3507226
0.5587853
-0.009304402
-0.03228483
0.0001417634
0.0720759
-0.001649439
-0.094915
-0.04098299
0.1157621
-0.1355135
-0.2829833
-0.03173766
-0.1638806
0.4256394
0.2387949
-0.0546699
-0.5631481
0.1666521
-0.2145246
0.05325645
;
-0.2485951,0.0009481405,-0.4186364,-0.1559969,1.584201,0.284157,0.008353717,-0.04116558,-0.3314286,0.4166786,-0.4464749,0.2941159,-0.5209056,0.1724694,-0.9455535,0.1666968,0.02886962,-0.04533146,0.5060507,0.08810955,0.007420417,0.06444257,-0.1170307,-0.03695654,0.1782205,-0.07687825,-0.3712956,0.004868029,-0.003727003,0.3553352
0.2478945,0.2470082,0.7182391,0.07877702,-0.006175975,0.2988229,-0.1739021,-0.02480753,0.1287441,0.1369587,0.1486248,-0.1752152,-0.0577123,0.01771729,-0.2442207,0.03579367,-0.4558838,0.1562709,0.4977114,0.2008704,0.2804229,-0.3570731,0.01366654,-0.09230514,-0.03123765,-0.2087554,-0.1563033,0.06064177,-0.007906496,0.06396974
0.497545,0.6876017,0.0605318,0.3252748,-0.007850792,-0.3343804,0.1453636,-0.1242489,-0.02154858,-0.3918523,-0.1904729,-0.4925153,0.1894816,0.4086975,0.372099,-0.01602704,0.04227319,0.1808064,-0.4395555,0.2431154,0.003588933,-0.1142762,0.03315181,0.05280131,0.09867448,-0.3842328,0.395485,-0.2511508,-0.3101599,-0.3844457
-0.1419357,-0.2462865,-0.3957117,-0.1321529,0.03663811,-0.4793408,0.4179415,-2.276438,-0.08382399,0.4665632,0.4727473,-0.02752944,0.02678024,-0.1211317,-0.06255171,0.06893482,0.1595095,0.05027546,-0.5690987,-0.2960548,-0.2687857,-0.01521346,0.3312402,0.3756272,-0.0380882,-0.08634573,-0.1832268,-0.2506304,-0.4439452,0.07985505
0.008548993,0.1731216,0.02726627,0.0003705523,0.4406472,0.0004073639,-0.001357377,0.03031581,0.1124081,-0.3200156,0.3165051,0.116549,-0.2246987,0.2966949,0.02252931,0.0008932452,0.3168623,0.1260414,0.3918017,-0.09183828,0.05185694,-0.02275908,-0.1770249,-0.03711751,0.4456921,0.2718372,-0.1916476,0.2625081,-0.1186418,-0.002621515
-0.03228849,-0.06141086,-0.1109215,-0.1679909,0.4409355,0.1528684,-0.2746161,-0.07346062,0.2096868,-0.2328935,0.4201304,-1.510728,0.04406253,-0.2210291,-0.7188675,-0.1374884,-0.48432,0.09167501,0.08750507,7.627765E-05,0.427049,0.05369288,-0.2822313,-0.4087644,-0.2052163,-0.1060764,0.07419366,0.04172736,-0.1250632,-0.04557106
0.1316817,-0.08905283,-0.06467809,0.007315082,-0.2734714,0.4013941,-0.1988658,-0.001897366,0.1784469,0.2535396,0.4669645,0.3292565,0.383154,0.1714821,-0.501261,0.2215051,-0.1731383,0.4239211,-0.2050168,-0.4283351,0.4641643,0.1166014,-0.4606673,-0.04793403,-0.2114127,-0.2591084,-0.4944602,0.0836969,-0.1101285,-0.02916385
0.3593535,0.07372431,0.4808434,0.2129736,-0.2036226,-0.1142346,0.2349681,-0.2947334,0.4531416,-0.1366945,-0.1198266,0.4833431,0.04403848,-0.007426579,-0.08492047,-0.3009488,0.6487959,-0.05351052,0.01316934,0.04844727,0.005846918,-0.2231558,0.3452085,0.00149836,0.03558476,0.3726534,-0.01729061,-0.1363984,-0.1052745,-0.09419024
-0.4467383,-0.3197986,0.3494679,-0.7516925,-0.2664655,-0.04691412,0.4917125,-0.2536249,0.05900479,-0.002311765,-0.0851317,0.04738589,0.03591472,0.3057053,0.6192023,-0.3797706,0.1217715,-0.03521566,0.01291355,0.3662524,-0.282113,0.2222687,0.1677601,-0.1253674,-0.1073771,-0.04978266,0.2427711,-0.1252705,0.04964404,-0.4693603
0.3590074,0.01835934,-0.8182961,0.04946868,0.3742402,0.4812267,-0.005164003,0.2593461,-1.345058E-05,0.2279211,0.3413165,0.007377884,0.001360156,-0.2073984,0.3327828,-0.07237071,0.1211224,-0.08227628,-0.06721526,-0.09897495,-0.2299942,0.4612366,0.0019483,0.1463806,0.01835376,0.1978425,0.01690005,0.2446093,-0.008904563,0.1830948
0.1897262,0.07932148,0.5973156,0.1663784,0.1047233,-0.0243668,-0.002951127,-0.4166663,-0.5026059,1.038848,0.4179649,-0.07885102,-0.393217,-0.03048423,-0.001864619,-0.1957625,-0.05522241,0.01071456,0.1301311,-0.02131945,-0.1660942,-0.1239616,0.06816012,0.4343394,-0.1463187,0.02526563,-0.0656888,0.0631941,0.4959015,-0.007471513
0.07672495,0.0005814686,0.08790249,-0.1943536,0.2515154,-0.04235912,0.005239211,-0.3850513,0.2131747,0.04825898,-0.1026262,0.07491814,-0.0007035988,-0.05550183,0.01248742,-0.1678767,0.2461637,0.4346124,0.1989305,0.2118217,0.0804268,0.5889698,-0.1839706,-0.2767545,0.4460998,0.002792169,0.2534297,0.006928647,-0.03888673,-0.001206046
-0.2756559,0.3489399,-0.3903648,-0.04946639,-0.2251933,0.2824358,0.1004471,-0.2103056,0.387906,0.05544045,-0.1227071,-0.3368529,0.0001926323,0.06005369,-0.005707107,0.008942187,-0.7083514,-0.3361089,0.3817881,-0.002291379,0.0965604,0.06789604,0.4358951,-0.4103703,0.1733286,-0.0008327995,-0.1926354,-0.2546053,0.1141979,-0.2217773
-0.172016,0.02834016,0.01959286,-0.2575991,-0.6940476,0.003435427,0.1688118,0.3097271,0.0009173998,0.9269645,0.0009313179,-0.1254893,0.002423602,0.2065735,-0.0001852843,-5.874534E-05,0.1794121,0.3219273,0.08676444,0.4816813,0.2984829,1.458801,0.4155441,0.1427127,-0.01526573,-0.0591828,-0.05080541,0.6757839,0.1642695,-0.05705159
0.05888456,-0.4967365,0.3846469,-0.003367353,-0.1108567,-0.2045867,0.2850287,-0.1004533,-0.233584,-0.0002124933,0.05716816,0.3189059,-0.06979722,0.02755433,0.3856973,0.04520312,-0.002953159,-0.1752097,0.2194521,0.1890222,-2.682579E-05,-0.06750764,-0.02792931,-0.04920099,0.4678564,0.3654795,-0.1167805,-0.5529687,0.3804322,-0.002149848
0.009243169,-0.1803697,-0.01546939,0.05400108,0.1484608,-0.3505096,0.0383784,0.3031648,-0.6080214,-0.1132651,-0.3710744,0.4501535,0.3578327,0.09469527,-0.1615904,0.1382285,-0.1808606,-0.04474822,0.07808566,-0.08285031,-0.2521399,0.03567559,0.02693828,-0.1233549,0.313878,-0.06782174,-0.4040907,0.2637479,0.22596,0.04605731
0.6980847,-0.1778666,0.01483108,0.2522388,0.1425632,0.03081896,0.08676139,0.02630155,-0.01105186,0.4073403,-1.252854,0.3546467,8.906211E-06,-0.3293692,-0.3438352,-0.01138513,-0.01067034,0.1474228,-0.5987776,0.4741033,1.589684,0.449856,-0.4382561,-0.1341087,-0.0005146366,0.7307824,-1.499271,0.3180157,-0.3961043,-0.3622308
0.04301527,0.1717413,0.4026706,0.001056148,0.04342836,-0.4605776,-0.7787682,-0.009980117,0.01645561,0.385891,-0.03651483,-0.002762669,-0.4917938,-0.001780436,0.1729996,-0.1516039,-1.04391,-0.3457048,-0.1930153,0.04813396,0.4971878,0.2517757,0.4423214,0.1031769,0.02060617,-0.3800825,-0.4632653,0.04115938,0.380778,-0.5162405
-0.2041342,0.5398718,-0.2118414,-0.131394,-0.2459943,0.02295249,-0.0240891,-0.06197673,0.2007922,-0.05830115,0.1792182,0.1233346,0.03419664,0.1224239,-0.01840856,-0.03484458,-0.2466428,0.4393984,0.4127898,0.02949112,0.2505689,0.1916591,0.01079245,0.0661261,0.04145042,-0.7329184,0.001434214,0.4956691,0.3160939,0.04810701
-0.2191431,-0.6729463,0.01185348,-0.4822191,-0.0002728628,0.3692665,3.433364E-05,-0.7672599,-0.03294334,0.08987289,0.01082995,0.1086689,-0.3593487,-0.03119223,1.183974,0.052359,0.08003347,-0.4190803,-0.002051796,0.02549732,0.2857324,-0.01183176,-0.3320003,0.1024162,0.02212519,0.1156445,0.0304274,0.489869,0.2699257,0.1659545
-0.1103169,-0.9020075,-0.3244733,-0.3174823,0.4849734,-0.07151078,-0.1323431,-0.4901961,0.3032162,-0.4412113,0.2904673,-0.1050274,-0.284089,-0.4069961,-0.4936504,-0.04167394,0.2300765,0.1404943,0.03012055,-0.1407018,-0.01476177,-0.05106413,0.2652186,-0.1562049,-0.03356797,0.07348744,-0.07950195,-0.1091331,-0.002277487,-0.07468802
0.2446586,-0.004606247,-0.001636583,0.2940013,0.3672816,0.4903946,0.4979945,-0.3735074,0.03256148,0.2759452,0.1618119,-0.0009747659,0.003431719,0.3068393,-0.02924699,0.3925231,0.01417084,-1.369364,-0.425727,0.1127765,-0.2536175,0.01249025,0.04382378,-0.280341,-0.001853102,-0.5014015,0.2234929,0.0524102,-0.1843897,0.8646246
-0.4407064,-0.7871931,-0.3926324,0.1021142,-0.7191513,0.2820953,-0.3111396,0.401987,0.2283131,0.03252274,0.3282747,0.02075285,-0.4772288,-0.7771974,-0.3767224,0.1321608,0.4944935,-0.003291823,0.04423021,-0.2447398,-0.393791,-0.2716675,-0.001907647,0.1773842,-0.2167262,-0.05974108,0.006135261,-0.4564162,-0.09116966,-0.02796243
-0.3356796,-0.007245275,-0.2125531,-0.4868506,0.08321244,0.01059043,0.1813085,0.04896982,-0.01214234,-0.007413485,0.00964749,0.273998,0.00994784,0.9510292,-0.0948437,-0.1031737,0.5964419,-0.02186556,-0.2803124,0.02351007,-0.08164807,-0.006512451,-0.06046307,0.03739128,-0.05682369,-0.06159876,-0.004167287,-0.003854261,0.108507,0.1809642
0.005215506,-0.2107948,-0.4498259,0.1323082,-0.3066652,0.2242365,-0.040404,0.2323971,3.46595E-05,0.2207851,-0.01299542,0.04315626,-0.2782236,-0.1503064,0.4690379,0.03115555,-0.377663,0.03496133,-0.4272159,0.2354208,-0.06260628,-0.01089925,-0.3897755,-0.2228588,0.4396116,0.05604523,-0.1462883,-0.0139578,-0.04602266,-0.001703498
9.342458E-05,-0.4260079,0.324531,-0.2694377,0.3761765,0.02226323,-0.1641406,-0.003081767,0.2237928,0.2074364,-0.0002582906,-0.01024145,0.01391483,31.84859,0.6751934,0.2365479,0.4070465,-0.02742118,-0.4303249,0.09080881,-0.2604101,-0.251127,-0.4618267,0.4148019,-0.2220871,1.022539,-0.1593655,0.1902774,0.6119844,-0.07527682
-0.3618162,-0.4911516,0.1890555,0.007559976,0.02407187,-0.005353002,-0.3246454,0.1274447,-0.0006656366,-0.07680315,0.04597704,-0.222468,-0.339941,0.07946616,-0.2520406,-0.003682468,0.004042949,0.04713323,0.007659733,0.2881886,-0.02448467,-0.3440193,-0.1975281,0.1733509,0.1309269,-0.3689331,-0.3922163,-0.07625864,-0.3305731,0.4805185
-0.4749489,0.08047968,0.01120098,-0.3291621,0.4177856,0.117777,0.2739397,-0.4432704,-0.2951726,-0.09610483,-0.2047337,0.1093431,0.4507024,0.02722665,2.93196E-06,0.5128243,-0.07515794,0.2762995,-0.006416078,-0.2514933,0.0009459541,0.5569539,0.07361192,0.1131191,0.0709905,0.2726361,-0.3556992,0.181138,0.02027761,-0.1793695
0.1113371,-0.3241352,-0.06045339,-0.0002598554,-0.2934597,0.03207524,0.02247797,-0.8137205,-0.1917909,0.4872838,-9.74461E-06,-0.07793999,0.1989298,-0.003946501,-0.4170609,-0.4146298,0.01239628,0.13484,0.6139166,0.03619907,-0.02849553,-0.00310954,-0.05126093,0.5290388,0.1217121,-0.01095365,-0.1863176,-0.1149717,0.426442,-0.2953064
0.5706972,0.3561392,0.005262084,0.001299301,-0.05670696,-0.024117,0.07749258,-0.1108362,0.03407117,0.4216837,-0.01017958,0.7567112,-0.4096558,0.4617643,-0.006691129,-0.08864063,0.3430324,-0.1185585,0.104142,-0.5925892,0.2183144,-0.1415782,0.01312582,0.4881003,-0.0002469546,-0.3374851,-0.08493614,-0.009503197,-0.2417906,-0.06584928
;
0.5053833,0.6770833,0.7606736,0.00695606,0.2505786,0.2672931,0.7075639,0.2448734,0.8419058,0.1083689,-0.1489858,-0.3049287,0.189968,0.3165282,0.08602221,-0.2155214,0.4921595,0.435908,0.214412,-0.4287675,-0.0003663616,0.1167263,0.3233445,0.08250187,-0.02678878,0.2076637,0.1207208,-0.01886932,0.02884343,0.2527247
0.06087571,0.06553949,-0.122344,0.04657023,0.1392996,-0.00248455,0.02423315,-0.03423909,0.4680674,0.1725577,-0.05110354,0.03649824,-0.3455704,-0.02705265,-0.09313601,0.01739658,-0.06898415,0.2747855,-0.04829553,-0.461552,-0.4424889,0.003610302,-0.3169683,-0.2112843,-0.2943051,-0.04023639,0.1824713,-0.192,0.1892741,0.1941262
-0.09901149,-0.2552383,-0.3782096,0.6590934,-0.2448532,-0.1998978,0.2122069,-0.4356008,-0.03830155,0.06893128,0.2699284,0.5303994,0.5658773,-0.3029616,0.2456844,-0.07497574,0.4327716,0.3655753,-0.2659901,0.2562936,0.1663664,0.6340619,0.3399018,0.1903073,0.07880069,0.00529457,0.1818488,-0.06586877,0.5601048,-0.3108311
;
