0.09492868
-0.05082683
-0.3702317
0.2710239
0.04508179
0.0006460241
0.9741901
0.3007104
-0.3191528
-0.2683346
;
0.348315,0.13221,0.04806147,-0.4574392,-0.2897815,-0.1122809,-0.04278897,0.008508249,0.02705072,-0.3863465
0.7434881,-0.09299947,0.7117726,0.02268749,0.1233322,-0.03564638,-0.2993432,-0.4247181,-0.2483247,-0.362906
-0.1913427,0.1159865,-0.3052208,0.1147949,0.05935539,0.3001311,0.03205699,-0.4776112,0.2876081,0.05293446
-0.003490976,-0.6879859,-0.4507265,0.02250439,0.6753054,0.02881177,-0.3953524,-0.01724548,0.001191928,0.07552739
-0.6222382,0.9044957,1.558548,-0.3109354,0.1505571,0.1664299,-0.3324537,-0.3440689,0.5881662,0.006949707
-0.4647636,0.4731559,0.04949318,0.04232061,-0.4262282,0.074093,0.8455687,-0.3129232,-0.1377844,-0.4567177
-0.02863014,0.9338078,0.009692817,4.813802,0.3152187,-0.04505378,0.2295827,-0.3714554,-0.04860956,0.5988355
0.01165229,0.2339903,-0.2693505,0.002702549,-0.2366646,0.05664735,-0.005012838,0.01477812,-0.0005552811,0.06266516
-0.237117,-0.3832645,-4.759107E-05,0.1521169,0.2757473,0.05050987,-0.5505525,0.01229566,-0.4295453,-0.008107184
0.001445215,0.2026289,-0.002456761,0.1540359,0.8105426,0.4139996,-0.2363376,0.1383541,0.09801693,-0.2334682
;
-0.07342257,0.04883798,-0.002087226,0.1089664,-0.005559698,0.2174204,0.3785754,0.003450635,0.1747217,-0.008718519
2.482165E-08,0.1190617,0.3611263,0.09892771,0.4873124,0.04384195,-0.01231359,0.04079677,0.1195782,-0.0004200592
;
-0.004746642
0.4592437
-0.2451077
-0.1285667
-0.2535856
0.009522578
-0.0157137
0.1788686
-0.234556
0.1167634
;
-0.03464931,0.09482653,-0.008040602,1.165905,-0.04895818,0.1068809,-0.01785587,0.4818796,-0.0793924,0.01648742
-0.1169194,0.1739276,-0.002628677,0.1763619,-0.2790642,-0.2909018,0.3703802,-0.1983709,0.1228088,-0.4201751
0.2219684,-0.3374349,-0.003870874,-0.02705101,0.1604937,-0.2799083,0.1741244,-0.03721132,0.0674904,0.21194
0.05738765,-0.4175245,-0.7079549,0.09389466,-0.1761895,0.0297758,-0.3380886,-0.0003258883,0.1178452,-0.005239021
0.1761383,0.2040311,0.5999941,0.4537951,0.09315009,-0.1085176,-0.04548053,-0.0269174,-0.2047712,0.1524522
0.3750561,-0.2574131,-0.001116863,-0.215911,-0.3714792,-0.1410751,0.006212494,-0.01024174,-0.07276219,-0.4024047
-0.171086,-0.00998913,-0.0003579798,0.00013387,1.247857,-0.8250187,-0.1740007,-0.1851185,0.2291115,0.4001608
0.6366895,-0.02521444,0.03446406,-0.01096708,-0.199419,0.1723379,0.3990146,0.03958768,0.2621666,0.0004841277
-0.13336,-0.3799615,-0.2080591,0.01285191,-0.05814871,0.07893164,-0.4316227,-0.02331454,1.230253,0.07037366
-1.066212,-0.0877889,-0.003017729,0.03666596,0.2410178,0.03875297,-0.02655113,-0.1968357,-0.2546233,-0.1918564
;
0.458043,-0.02223556,-0.4284691,0.06175175,0.04150374,0.1552788,-0.5963972,-0.007183027,0.04425949,0.08653623
0.1669853,0.3421043,0.4177143,0.3010755,0.190062,-0.4226691,-0.2086976,0.2463497,-0.2567886,0.6991077
-0.2420281,0.05095892,-0.4309288,0.02715,0.6425257,0.1017824,0.1390253,0.2227197,0.149927,0.01787907
;
0.07617062
0.06682985
-0.01715383
0.0009527701
1.275989E-07
0.1844123
-0.1199579
-0.2656268
0.02952576
-0.5001617
1.510269
0.2520813
-0.2746931
0.0001417634
0.001261005
-0.00374154
0.008214102
-0.1965386
-0.1074573
-0.03806299
-1.470578
0.03173766
0.2194047
-0.01471645
0.07054114
-0.03638164
0.5631481
-0.1666521
0.4294175
-0.4359727
;
0.4656594,0.1203302,-0.6467511,-0.1136178,0.1254269,0.1330035,0.001649473,-0.04116558,-0.4233202,0.4166786,0.5270897,-0.2079279,-0.07073526,-0.263505,1.661276,0.1666968,-0.04258217,-0.04533146,0.005796747,-0.996928,0.01073518,0.286947,0.1089684,0.1780585,0.01080384,0.2450409,-0.09129979,0.004785877,-0.3828589,-0.09124038
0.309538,-0.08424208,-0.09423339,-0.08467386,-0.002049517,-0.0314051,0.1739021,-0.04326638,0.005914032,0.1850458,0.1486248,-0.1752152,-0.4078223,0.1315888,-0.01749358,-0.1098747,-0.6760255,-0.2435593,-0.3760666,-0.1184722,-0.7077625,0.07652158,0.03817648,0.1015561,0.03123765,0.166591,0.3340983,0.06064177,-0.006411246,0.06755508
0.4822462,-0.300118,-0.3586441,-0.1557994,0.008408656,-0.9135053,0.1453636,-0.07293154,-0.02154858,0.07217687,-0.1904729,-0.2236214,0.2162248,0.1173951,0.2824759,-0.1673426,0.03233358,0.05643255,1.004261,0.2431154,-0.008085773,0.05651683,-0.0887507,0.04052427,0.08711201,0.300281,-0.06426877,0.258338,0.2263955,-0.6141001
0.132763,0.08889586,-0.3122113,-0.000101187,0.05069543,0.6051235,0.3544282,-0.6871241,-0.08382399,-0.1422464,-0.05231307,0.01560972,0.002669156,0.01475717,0.3212839,-0.4002676,0.1283765,0.01111704,0.8823711,-0.3837553,-0.2687857,0.05776948,0.03324788,-0.181111,-0.0380882,0.004693907,0.3223007,-0.3419119,0.07035094,0.515375
-0.005657576,0.3252631,-0.681506,0.000549416,0.1709701,0.0004894054,-0.2341193,-0.03031581,0.0928497,0.3200156,-0.1623834,0.2114102,-1.264836,0.0820964,-0.3410863,-0.0009740824,0.03335473,-0.1260414,-0.3204432,-0.1595211,-0.09724921,0.1657369,-0.1770249,-0.03711751,0.5853971,0.2718372,0.2772027,0.3063732,0.1186418,-0.002621515
0.03201288,0.102489,0.1719965,0.1679909,-0.4409355,0.08776835,0.3161187,0.02108654,-0.08615643,-0.01997,0.4401871,1.510728,0.05885345,-0.1432513,-0.7188675,0.1374884,-0.300491,-0.1847185,-0.2160344,-0.2310018,-0.1168659,0.05369288,0.06358379,0.2281582,0.2937732,-0.1060764,-0.1239032,0.01873025,-0.01887107,0.4990503
0.01865387,-0.08905283,-0.06467809,0.4663595,0.1386718,-0.7031066,-0.1988658,-0.001897366,0.4221957,0.7430516,-0.3009649,0.8679301,-0.1493595,-0.02350837,-0.04058467,0.02372462,0.04066259,0.4239211,0.3547746,-0.4440491,0.004956901,0.1166014,0.3218069,0.2209436,-0.215618,0.01011607,-0.04581341,0.4694493,-0.03996819,0.004457464
-0.3920393,-0.07372431,0.4405463,-0.09276179,0.1275885,-0.3877912,0.4364024,-0.4351735,0.003720156,0.1366945,-0.09086659,0.4833431,-0.5696752,0.01234092,-0.03265236,0.626418,0.6487959,0.01380515,-0.01092225,0.04844727,0.06086594,-0.4453817,0.3113889,-0.001090211,-0.002824892,-0.3284841,0.2448951,-0.08751971,-0.2757178,-0.1894135
0.08570868,0.2535627,0.8605213,-1.014545,-0.2664655,0.06158254,0.05119342,-0.3138591,0.05900479,0.1236792,-0.06651308,0.04738589,0.3702472,-0.06141946,0.5900398,0.306154,-0.06528743,-0.03244,0.01291355,-0.8824018,-0.282113,0.2222687,0.01518053,-0.04264188,0.07567999,-0.04978266,0.2427711,-0.3262123,0.1938021,-0.4693603
-0.3584627,0.03992378,-0.8182961,0.04972389,0.3992851,-0.4812267,0.00307333,0.09646446,-1.436853E-05,-0.3323429,0.3413165,-0.2464649,0.002655626,-0.1635742,0.1913175,0.03121116,0.3303887,0.02931407,0.3211421,-0.1923222,-0.2299942,-0.2675264,0.001960428,0.1339242,-0.01835376,-0.07819056,0.03211677,-0.3438361,-0.3354898,0.2138191
-0.02171041,0.1988672,-0.5973156,-0.01983725,-0.01709356,-0.007382635,0.005285757,-0.496801,-0.131118,1.038848,0.6407778,0.08294891,-0.4742018,-0.1065969,-0.001864619,-0.241204,0.4416115,0.01071456,-0.2233329,-0.02131945,-0.2403958,-0.4269956,-0.1300847,0.04415107,-0.1463187,-0.2336287,-0.0656888,-0.1340409,0.2891448,-0.004277585
0.04350411,7.587564E-05,-0.08280164,0.1943536,0.2189363,0.04235912,0.006411548,0.1063337,-0.2050347,0.03261276,0.2093673,0.07325214,-0.001357948,0.07378259,-0.1020921,0.04271217,0.2461637,0.4346124,0.2202251,-0.2118217,-0.06305177,0.231118,0.1220592,-0.2767545,0.05902046,-0.003594252,-0.3520954,-0.3944163,-0.03691399,0.3884727
-0.1841658,0.001612184,0.4704483,-0.01791538,-0.2986283,0.7453567,-0.1004471,-0.1387056,-0.5883629,0.09578222,-0.1227071,0.3368529,-0.0001714026,0.08561196,-0.1937669,0.04892686,-0.8137652,0.4322714,0.3817881,-0.002528738,-0.2376267,0.05931361,0.4358951,-0.4103703,-0.1623655,0.0001616413,0.3768777,-0.2546053,-0.2937322,-0.2217773
0.0456174,-0.01560309,-0.01959286,-0.2154676,-0.1295967,0.002219805,0.1247859,0.4513134,-0.08228129,0.2253389,-0.0006819594,-0.1456439,0.004305184,0.2065735,-0.0001852843,-8.78494E-05,0.01163145,-0.4023547,0.004787958,0.8240222,-0.4786745,0.3234679,-0.3339757,0.01864819,-0.01542724,-0.0591828,-0.05080541,-0.3729149,-0.007893536,0.07768641
-0.3212568,0.9511181,0.01063819,0.4375793,-0.03233583,0.2045867,0.2793045,0.3239584,0.3494953,-0.03688835,-0.2934447,0.3211517,-0.1869714,0.02872204,0.1151827,0.06063053,-0.002953159,-0.2788171,0.04492794,0.367045,0.02330712,-0.06750764,0.01144518,0.07945988,0.5191363,0.1587816,-0.1694191,0.7122406,-0.2198103,-0.01339412
0.01698297,0.2934887,-0.0188714,0.03728682,0.1484608,0.2504545,0.0383784,0.3031648,0.6424191,0.1132651,-0.008043246,1.134514,0.3578327,0.1596426,-0.1615904,0.002752258,0.2498212,0.2152761,0.07808566,-0.08285031,-0.005259291,-0.3668504,-0.4502437,-0.05441131,-0.4685726,0.04246036,-0.4040907,-0.2637479,0.03781902,-0.04605731
0.6980847,-0.3683521,-0.02867285,-0.2522388,0.1547662,0.7707784,0.08445118,0.01486222,-0.3712754,-0.3966246,0.4457077,-0.2854795,0.08454355,0.3293692,-0.5433919,0.2746102,-0.01758472,0.1500427,0.03286976,0.4956382,1.589684,0.6254512,0.01716461,0.03879509,-0.4680613,-1.167244,-2.993661,0.03961049,0.2524091,0.09371501
0.02499798,0.2109381,-0.1116336,-0.7348279,-0.1453143,0.6940985,-0.003519716,0.07268147,0.01645561,0.294754,-0.03651483,0.006239629,-0.4250406,-0.4034665,0.2162541,-0.005571058,-0.5597384,0.05125099,-0.4285195,-0.310339,0.4971878,0.4544987,0.4239644,0.1031769,-0.01287208,-0.3800825,0.2922901,0.05886255,-0.380778,0.4570056
-0.3045093,-0.2236115,0.0001064395,-0.100675,-0.4023503,0.01688156,-0.01765231,-0.06197673,0.4606433,-0.2297518,0.12609,-0.1233346,0.0377836,-0.07164794,-0.0009426692,-0.1445951,-0.3487617,0.5553497,0.06484926,0.3896724,0.1994312,-0.3015385,0.01234152,-0.0661261,0.03873122,0.1528895,0.3368073,0.162217,-0.5095426,0.05323603
0.332867,-0.6729463,0.4328402,0.2820543,-0.0001873292,0.3999945,-5.002968E-05,0.09515733,-0.3110608,-0.1155731,-0.01082995,-0.1183613,0.9352595,0.04984597,0.8055621,0.052359,0.08003347,-0.344065,-0.001022139,0.02549732,0.3022867,-0.1140326,-0.3755373,-0.105587,-0.4006032,0.4658961,-0.01847868,0.3605319,-0.4922794,0.1257955
1.047877,-0.2898469,-0.2422616,0.06724589,-0.3468682,0.2192411,0.2957751,-0.4901961,0.5541494,-0.4412113,-0.3338298,0.03864986,-0.09287447,-0.01245314,-0.8073736,-0.04657944,0.2300765,0.06360191,0.03012055,-0.3688273,0.01476177,-0.05106413,0.4841694,-0.1562049,-0.03356797,0.08683451,-0.1900474,0.497093,-0.002277487,0.07468802
0.07398381,-0.006145149,-0.001636583,0.2940013,-0.4568301,0.4903946,0.4979945,-0.3735074,-0.007370248,-0.3646243,0.4602679,-0.0009747659,0.00420342,0.5327685,0.2442471,-0.3925231,0.02118719,0.04658693,-0.03099004,0.1591984,-0.2536175,0.01249025,-0.2392716,-0.07967275,-0.001853102,-1.316862,0.1500814,-0.04921185,-0.4549426,-0.8646246
-0.4848643,-0.7871931,0.4294918,0.3936386,1.200158,0.5234136,-0.3111396,0.4160597,0.1215695,0.02627782,0.3914274,0.2683476,-0.4772288,-0.7196205,-0.05424489,-0.4642798,0.312823,-0.00322675,-0.01753979,-0.1316479,-0.393791,0.2096838,0.001096289,0.06537062,-0.2167262,-0.05974108,0.1369928,-0.5252028,-0.1195726,-0.02796243
-0.2355862,0.003782865,-0.3369277,0.1651772,0.08321244,-0.4309635,0.2938967,0.08009845,-0.01350576,0.6403189,0.01545973,0.1792977,0.00994784,-0.8884076,-0.0948437,0.1234389,0.5628991,-0.00562029,0.3830065,-0.6272216,0.4375582,-0.1307072,-0.004558699,0.01985858,-0.03969777,0.2148801,0.2636735,-0.002074706,-0.2565422,0.1060749
0.03635496,0.6646653,0.1824597,-0.07541889,-0.3066652,-0.2242365,0.475592,0.4951631,-0.3855305,-0.3137861,-0.0251389,-0.446329,-0.1904805,-0.2379837,0.3993943,0.2452742,0.377663,0.01128549,0.4272159,-0.19977,-0.0093796,-0.01700774,0.4654626,0.2228588,-0.872268,-0.05604523,0.1768199,0.02718907,0.3883691,-0.002036661
9.647899E-05,-0.4260079,0.324531,-0.2694377,0.3713275,0.03652325,-0.1014527,0.02459981,0.2283739,0.225934,-0.4066768,0.2105291,0.0004228606,0.2900411,0.1466255,0.2365479,-0.4070465,-0.02742118,-0.4303249,0.09080881,0.05216039,-0.02811474,-0.4618267,0.1045701,-0.001093962,0.1313028,0.1984295,-0.02349456,0.0462783,-0.4227686
-0.3014978,-0.3712647,0.1890555,-0.2460163,-0.2077011,0.09029692,-0.09877762,-0.3210965,-0.794228,0.3992995,-0.04597704,-0.2496212,-0.3501863,-0.07946616,-0.02418846,0.0005540234,0.001522588,-0.3632528,-0.24688,-0.0302108,0.01170798,-0.3440193,-0.4378254,0.05283514,0.2912134,-0.4587872,0.535243,0.1209944,-0.2752088,0.0379948
0.6789048,0.2170006,0.02689957,0.3291621,0.4966028,-0.2533542,0.05015666,0.4519604,0.2951726,0.4581218,-0.07311308,-0.4955758,-0.3780965,0.02292744,2.718172E-06,0.3927405,0.211059,0.1695187,-0.005754249,-0.3152893,0.1261426,0.5569539,0.7295805,0.02195235,0.2895193,-0.2726361,-0.02239279,-0.181138,0.02027761,-0.1793695
0.01450837,-0.3494622,-0.1846896,-0.0002598554,0.2934597,-0.1558721,0.04326189,-0.8137205,0.3121614,-0.06316821,-5.571177E-05,0.1270346,0.3647726,0.03354561,0.4170609,-0.6851168,0.3757893,-0.1352809,0.2619172,0.06237423,-0.02758025,-0.4423431,-0.006953058,-0.2192526,-0.007446072,-0.01095365,0.08191793,-0.1121869,0.2815047,-0.1339146
0.373971,0.3561392,-0.4752605,-0.1804441,0.05670696,-0.05965955,0.01782639,-0.1108362,-0.1184888,0.4857407,-0.01017958,0.4640279,-0.4096558,-0.4617643,-0.006420789,0.08864063,0.1047451,0.06095022,0.1544787,6.503231E-05,-0.2827964,-0.08557504,0.0007504402,-0.1954666,-0.443954,-0.06316715,0.09812012,-0.003727495,-0.07552856,-0.06584928
;
0.4138278,0.5668362,0.4876109,0.08646748,-0.1642513,-0.3155694,-0.3466461,0.3941523,-0.5804704,0.1560611,0.1489858,-0.3223754,-0.4384717,0.02935079,0.4616342,0.09459872,-0.1295243,-0.435908,0.1660791,0.06280138,-0.4626037,-0.4840863,0.04601735,0.02455462,0.2286564,0.5804677,-0.363073,0.01886932,-0.0300156,0.2708148
-0.5114993,-0.06553949,0.3032126,-0.05378824,0.1089177,0.00248455,-0.002798585,-0.2406403,-0.118754,0.3161874,0.2795804,0.06416704,0.4566737,-0.3632276,-0.09313601,0.4065541,0.06898415,0.162157,-0.05319694,0.04824859,-0.03785104,0.118023,0.3169683,-0.0596233,0.3511257,-0.1443451,0.007976807,0.174581,-0.1892741,-0.1779299
0.535538,0.1035554,0.1696408,0.1951165,-0.2641015,0.1709053,0.3607073,0.04595071,0.4302382,0.0390487,-0.2699284,0.5303994,-0.9018574,-0.01645585,0.3337953,-0.07497574,0.5074367,0.6965758,-0.1729811,0.006110696,0.3634559,-0.2424303,-0.07383629,-0.4400587,0.07880069,0.07388455,0.22764,-0.06586877,0.8944498,0.3352408
;
