-0.2219035
0.05034584
-0.0837141
-0.4855996
0.4723047
-0.1286373
0.4560946
0.2959985
0.3446774
0.1592886
;
-0.2459465,-0.4394888,0.196599,0.01602,-0.08905393,0.1640591,0.4450126,0.4043015,0.2707806,-0.1139221
0.03602463,0.4812562,0.3936437,0.1873714,-0.1298125,0.005655706,-0.1485552,0.1000296,-0.469111,0.1982338
-0.1268085,0.2352943,-0.2173048,0.2304848,-0.4555269,-0.2156785,0.4712518,-0.1004366,-0.04844195,-0.03079051
-0.4027208,-0.07452542,-0.3218135,-0.4655355,-0.4749284,0.3971393,-0.4728361,-0.2505388,0.1095302,-0.3886925
0.193956,-0.4527218,-0.2281139,-0.09516498,-0.2430812,0.2667713,0.2571765,0.2888871,-0.03855437,-0.21841
-0.3512034,0.3307128,-0.3886691,-0.4992964,-0.4297307,-0.4635764,-0.1186314,-0.09694582,0.4270762,-0.2071646
-0.3555597,-0.05615133,-0.135735,0.2510411,-0.3241454,0.1612638,-0.4899031,0.07735091,0.1079332,0.1356184
-0.04997379,0.4408263,-0.1358796,0.09965509,-0.1009666,-0.413113,0.4025259,0.05782801,0.3821243,0.4720976
-0.3236195,-0.01499552,0.6370751,-0.08243078,-0.4769,-0.1435944,0.3246174,-0.3629781,0.365695,0.05184823
0.4018698,-0.2948055,-0.2878146,0.192103,-0.3268806,0.1444895,0.1421853,-0.3913194,-0.1467624,-0.3054359
;
-0.3313011,0.1934365,-0.09568673,0.15433,-0.3161094,0.1769919,-0.362506,0.446926,0.22066,0.09950608
-0.211963,-0.001646459,-0.465212,-0.0008146167,-0.4168934,0.2845838,-0.1213891,-0.2035198,0.4895332,0.09554356
;
0.0007427959
-0.4413929
0.008404872
0.3310285
0.4085623
-0.466504
-0.1902965
0.01853637
0.2690851
-0.1778901
;
-0.04375806,-0.4243253,-0.04929378,0.1626565,0.3383637,-0.03490537,0.04164845,0.3208687,-0.004092101,-0.1182454
0.2925746,-0.302974,0.2504185,-0.9405864,-0.02306096,-0.01438634,0.5063318,0.04000208,0.4503678,0.09664323
0.3163904,0.2778025,-0.1028184,0.190242,0.007387091,0.2469966,-0.19946,-1.948716,0.2268701,-0.1837708
0.6358847,0.1541134,0.01850155,0.1960552,0.02557531,-0.04124522,0.1195677,-0.001535951,0.1206249,0.1311947
-0.1426747,0.01162756,-0.1096461,0.01588638,0.007513199,0.08839726,-0.336002,-0.4641129,0.4617732,-0.05879638
0.1034123,-0.2666635,0.2553772,0.06943492,0.0006022236,0.001115262,0.4278669,0.007915275,-0.2252898,0.3819681
-0.2477393,-0.1287423,0.4155329,0.08315551,-0.2444657,0.212878,0.03051646,0.9026335,0.1738477,0.2250553
-0.3622262,0.1592938,-0.2523339,-0.3721799,4.754299,-0.1914446,-0.02822837,0.05754039,-0.1374654,0.3653257
0.2167896,-0.3622918,0.591924,0.1464844,-0.01078794,-0.06016063,0.1616827,-0.1008769,0.02401845,0.490219
0.2323119,0.4010171,0.6645339,0.224409,0.2931612,-0.3632407,-0.1194091,-0.3303998,0.3737366,-0.006157327
;
-0.1776148,-0.151809,-0.2442992,-0.276699,-0.2187155,-0.2638456,0.2727946,0.01003347,0.2971216,0.4644985
-0.09846033,0.04154576,-0.045286,0.3798905,0.02819169,0.3234082,-0.4117454,0.03610283,-0.02114871,0.1576794
;
-0.2855482
-0.01082562
-0.3898981
-0.005485642
0.1403813
-0.1830905
0.2283929
-0.2699187
-0.6731198
0.3730187
;
-0.004417926,0.1191905,0.4878703,-0.1028417,0.1970132,0.3764248,-0.05474525,0.02197735,0.002401726,-0.3292933
0.3263131,-0.4172821,-0.5627044,0.2075378,0.1648244,0.02007163,0.3228859,-0.04614057,0.1168985,-0.1427076
0.02420729,-0.09831757,-0.03152603,-0.137791,-0.06631466,-0.4658305,-1.905726E-06,-0.1422613,0.2987595,-0.02219469
-0.2605937,1.061651,1.722957E-05,-0.2596185,-0.426572,-0.003203949,-0.1308771,0.5087816,0.03814802,-0.06961364
-0.04114554,-0.1557401,0.1728971,0.1186522,0.4741568,-0.03242264,-0.0003264666,-0.4005843,-0.2811691,-0.4189029
0.0402342,0.007392923,0.01918608,0.09884918,-0.1487306,-0.03333608,-0.4080424,0.4588302,0.03890065,0.1986553
-0.4523454,-0.5101258,-0.4841592,-0.1302985,0.03887057,-0.2069586,-0.8111785,0.2122963,-0.04492432,-0.02337002
-0.02566819,-0.06452411,-0.4386392,-0.05065382,0.006139273,0.2672063,-0.48672,-0.03916143,-0.001391285,0.2373308
0.4396009,0.01192314,0.03615361,-0.5586273,-0.06446056,0.3238928,0.05866582,0.1866553,-0.0175795,-0.4076842
-0.2851189,-0.01588732,0.03967008,0.07933217,-0.3819261,-0.06331941,0.1829369,-0.3851291,0.02927886,1.647239
;
-0.7147443,-0.4050282,0.02447431,0.005916803,-0.09459245,-0.4474104,-0.3380569,0.01740418,0.248603,-0.1792406
-6.119533E-07,0.1288547,-0.09767459,-0.06743449,-0.08694881,-0.1667239,0.0003628833,0.238081,-0.2936365,0.4201953
;
0.1887709
-0.3007854
-0.2150361
0.00136963
-0.0372464
0.208593
0.1754233
0.06330627
0.002623161
0.3381664
;
-0.260046,-0.44067,0.4579641,-0.46316,-0.02120239,-0.01450836,-0.02537795,0.01119362,-0.472182,0.2656332
0.2634056,0.3916447,-0.07084052,-0.00594499,-0.09396725,-0.06232219,-0.1482638,-0.4969767,-0.5461056,-0.04502541
-0.3614043,0.01494721,-0.1144007,0.4525329,0.06196827,-0.05728656,-0.121606,-0.2740053,0.1375856,-0.01028007
-0.1910393,0.1074165,0.4090462,0.6414338,-0.0006972251,-0.01523332,0.5890707,-0.03838797,0.1229044,-0.1877746
-0.003621946,-0.3511361,-0.006534636,0.03306299,0.0276973,-0.3445143,-0.111685,-0.2901663,0.4473051,0.2638798
0.2622837,1.878585E-05,0.1506824,0.8148079,-0.07909536,0.2580044,-0.3179047,0.1536626,0.001056304,0.2719143
-0.1947628,-0.1665799,-0.0006521535,-0.01581893,-0.6570521,-0.3498369,0.07935704,1.143184,0.3424068,-0.3277111
-1.835479,0.1952785,0.09625365,0.2144466,-0.2278031,-0.5050781,-0.1371192,0.08617864,0.04343202,0.1442669
-0.1977292,-0.4862212,0.02043399,-0.01189153,-0.02704908,-0.001586939,0.1875883,0.1262393,0.1823413,-0.002013812
0.2503943,0.259134,-0.2821158,0.3402311,0.5322602,-0.1095442,-0.3577422,-0.1750138,-0.239974,0.01072918
;
-0.5766302,-0.08364845,-0.4813408,0.04917739,0.04163064,-0.1026754,-0.4725,-0.3759309,0.1028582,0.1389718
-0.2497306,-0.006603137,0.258253,-0.1003516,0.5161583,-0.1195444,-0.3405243,-0.1507899,-0.4547585,0.07353316
-0.2576676,0.7734979,-0.08695556,0.08113515,-0.0001483511,-0.09951064,0.3857116,0.4263933,0.3007749,-0.4325818
;
0.01440302
0.2285819
0.6716121
-0.08252567
0.01121563
0.003565119
0.1052579
-0.09772998
-0.4249259
-0.4900446
0.4023682
-0.3228893
0.4407619
-0.4793591
0.1861918
0.008205305
-0.1677085
0.1090718
0.279328
-0.07640763
0.2924876
0.07944983
0.498314
0.223561
0.01601108
-0.3372146
-0.2558063
-0.2025042
-0.06519838
-0.9779321
;
0.3480847,0.02629316,-0.402375,0.4908522,-0.02062954,-0.5051389,0.01135583,0.339107,-0.1748033,0.3048087,0.1470926,-0.4337075,-0.2261094,0.01270994,-0.5801913,0.05256912,-0.3902856,0.2662802,0.07054096,-0.4561594,0.08211972,-0.007431522,0.6288567,0.1954137,1.460483,0.07300629,0.3008366,-0.4658153,-0.2808353,-0.4153177
0.066423,-0.2020034,0.772119,0.2266442,-0.3758196,-0.3088751,-0.2056041,0.2037152,0.4077988,-0.2301772,0.02810464,0.7820821,0.1997949,-0.4842006,-0.2331097,0.1479521,0.286759,0.3429435,0.0163975,-0.1715921,-0.04943369,-0.01515298,-0.3404557,-0.08611525,0.4607038,0.2523218,0.05839683,-0.2967715,0.02243885,-0.1330237
-0.3107476,-0.1682068,-0.3224845,-0.09579895,-0.03042069,-0.4915048,-0.1475097,0.2115348,0.4715297,0.04888179,0.5012718,-0.4100169,-0.03322929,0.3499215,0.730122,-0.4415532,-0.3884356,-0.07336655,-0.2074137,-0.3084892,0.07278779,0.415095,0.05577073,-0.4741237,-0.08492652,-0.4428928,-0.3539495,-0.4006435,-0.002820061,-0.003698973
0.04067473,-0.1082926,0.1339662,-0.2489155,-0.06237479,0.3647956,-0.07590991,-0.3252782,-0.1251417,0.001298471,0.4362919,-0.2285175,-0.3762101,0.01059171,-0.005999705,-0.3219572,0.02083679,0.1208021,-0.1959829,-0.2512025,0.8646041,-0.06942831,0.4446263,-0.3777531,0.9984608,0.1330766,0.4526241,0.1224887,-0.2328201,0.4577053
-0.4892011,0.4619662,-0.05156726,0.3254867,-0.1528587,-0.3865622,0.2963418,0.2434261,-2.062187,0.3533682,0.2325389,0.02528816,-0.1077851,-0.401483,0.281231,0.03555758,-0.1074683,0.07033729,0.3073453,0.05710086,-0.3848821,-0.3517995,-0.3748395,-0.2887795,0.2056599,0.202189,0.01062481,0.0243449,0.04403605,-0.01667332
-0.09010922,0.219652,-0.1316369,0.1671966,-0.01337954,0.09817477,0.05444205,-0.2988844,0.1081626,0.05157596,0.6362342,-0.3119556,-0.4360958,0.3441168,-0.4950156,-0.02816945,0.03345018,-0.05556267,0.169943,-0.2574033,0.02258441,-0.4229237,0.4517729,-0.07446909,-0.003572604,-0.1189149,-0.03417064,-0.1282515,-0.2063269,-0.04337523
0.016491,-0.5283881,0.7680662,-0.1686655,0.08117448,0.1823201,-0.1712207,-0.04405978,0.2277789,-0.3912956,0.3612982,-0.04447907,-0.4487696,-0.4850389,-0.3889613,-0.09971815,-0.3218561,-0.2960061,0.2138641,-0.2806323,0.02274664,-0.0433286,-0.07539517,-0.4761927,0.2022815,0.02705742,0.4328461,-0.00564152,0.1156798,0.2879857
-0.1510159,-0.004285126,-0.1226651,0.2829964,0.365021,-0.1208625,0.2689216,-0.4043854,-0.06947798,-0.1244381,-0.06647609,0.1668934,-0.1471533,-0.006573683,-0.9654445,-0.2944169,-0.1045524,0.01715904,-0.7585974,-0.002187672,-0.007105721,-0.07267326,0.2504028,0.137168,-0.002844553,-0.002070721,-0.1579311,-0.04801936,0.1998943,-0.1564668
-0.1692581,0.06679162,0.05530477,0.0004282358,0.003078912,-0.1253579,-0.009859552,0.4406705,0.2343426,-0.1312886,0.4105938,0.7154934,-0.2624501,-0.2485902,0.08138844,-0.463263,0.003907875,0.4725715,-0.3655819,-0.1121174,0.6082628,0.003422216,0.0122288,-0.1978867,0.3117948,0.03768943,-0.4685526,0.004664555,0.2878952,0.2362454
0.04168628,-0.2816004,0.2391902,-0.5061209,-0.4613492,-0.2375849,-0.1103759,0.2090469,0.1716059,-0.1769291,0.08429831,0.258224,0.02488822,0.3826718,-0.3193117,-0.4524494,0.1178314,-0.09237629,-0.07882339,0.3208847,0.003642202,0.4373946,-0.5505603,-0.022201,0.04285691,-0.007157639,-0.044868,0.5572588,-1.34843,-0.05391116
-0.02041,-0.660198,-0.1900935,-0.136717,0.1262306,-0.9339969,-0.009075419,0.1955465,-0.006972332,0.1978308,0.3623321,0.2240611,-0.1247882,0.07738875,-0.3910599,0.4173072,-0.2770072,0.1240827,0.313898,0.0049998,0.3139066,0.5252553,0.4458498,-0.004978077,0.117753,0.02402988,-0.0446393,0.342154,-0.5989466,-0.003002445
0.4991669,0.08892389,-0.3667472,0.09094711,0.1612167,-0.002448607,-0.6554705,0.02825492,0.2714587,-0.06746914,-0.3220472,0.06645875,0.008991539,-0.2359387,-0.09390491,0.1893536,-0.1601316,-0.2260763,0.9956775,0.2726272,-0.1958029,0.07551982,0.001993067,0.1508477,0.277043,-0.4566988,-0.3169764,0.1936513,-0.1697131,0.03065725
0.1660828,-0.3073072,0.233216,-0.3278157,0.247172,-0.2276009,-0.005053561,-0.2140417,0.1667722,-0.1550471,0.0008838628,0.05183727,-0.1622483,0.0007795229,0.4055912,-0.1638154,0.06021822,0.1186334,-0.3807945,-0.01051766,-0.452547,-0.06959897,0.3052622,0.3431481,0.001987902,-0.0006748938,0.5522236,0.4167895,-0.4456018,-0.2016873
0.1446075,0.03696471,0.07758815,-0.03549408,0.07949664,-0.2016408,0.03111255,1.197412,-0.4149385,0.3271019,0.009652915,0.0715303,0.007738564,0.9546628,0.04092606,0.02815692,-0.3342277,0.3792384,-0.2330447,-0.02972712,-0.2183418,-0.1359435,-0.2423452,0.3914653,-0.1249847,-0.1159715,-0.3220722,0.4825277,-0.2194507,-0.1095002
0.1211668,-0.03134814,0.7840192,-0.06843822,0.06510307,-0.01477578,-0.5973212,0.2775323,0.3724754,-0.1499172,-0.3922555,0.4741935,0.08461732,0.1680144,0.1622055,0.1030155,0.9139231,-0.1356708,0.339143,0.3159547,0.003337444,0.05027765,0.06285123,0.07545751,1.102892,0.04090211,-0.04985255,0.02908736,-0.5138574,0.1377514
0.1020229,0.005964926,-0.01888692,0.1110077,0.1180742,0.4112119,-0.01610847,-0.03313283,-0.04014686,-0.02517303,-0.02897432,0.2113941,0.03995902,0.004580851,0.09549652,-0.06212896,-0.02097622,-0.01018447,0.3972999,-0.005548894,-0.2612611,-0.2471838,0.2545558,-0.1643537,-1.394126,0.8563071,8.522058E-05,-0.01035297,-0.1163034,0.05534917
-0.1633999,-0.6046927,0.5225158,-0.149361,0.06056422,0.07703114,-0.4887441,-0.3439708,0.1224321,0.00409566,0.1175167,0.003536645,0.003428188,-0.9942369,0.2921596,-0.5810136,-0.36262,0.1876836,-0.1125822,0.2667616,0.0004714409,-0.3476689,-0.3067337,0.114785,-0.08702332,-0.01286232,-0.1468698,-0.429655,-0.5134209,-0.3987889
-0.05085651,-3.209567E-05,-0.05476362,-0.5112683,-0.5123728,-0.3745544,0.04043802,0.3266382,0.0205442,-0.1344514,0.3221508,0.3793684,-0.001238115,0.04369849,-0.2536165,0.01267903,0.4049173,-0.01906412,-0.3280022,-0.09730435,0.007220907,0.1131244,-0.08093646,-0.3504809,-0.262463,-4.558852,-0.3920336,-0.0003138129,-0.04330813,-0.05994941
0.1255254,-0.4098419,-0.1160936,0.3868002,0.302812,0.3757613,0.8563093,0.3022551,0.3955201,0.5752914,-0.3826215,-0.4041193,-0.1649572,-0.008616063,-0.5083392,0.3596375,0.3314474,-0.006927508,0.01585134,-0.185779,0.1959115,-0.0004346865,-0.2144211,0.2410441,0.06576794,-0.1750306,0.02449155,0.2289166,-0.2469429,0.1727662
0.06399471,-0.8787662,0.8038867,-0.390668,-1.12534,-0.9178144,-0.03524872,-0.1703199,0.4310353,0.03776329,0.1633626,0.05606526,-0.4429904,0.02143611,-0.008724024,-0.8201442,0.01622888,-0.1246788,0.4165598,0.0002777656,-2.777967,0.4130873,-0.03296397,-0.3230351,-0.3836368,1.195822,0.7670436,-0.03613235,0.1720659,0.09697475
0.3481004,0.2247703,0.01079783,-0.1239623,-0.07360042,0.3897794,-0.1418122,0.0584831,-0.4143722,-0.1333162,-0.2610479,-0.03709418,0.63561,0.1969089,-0.7574119,0.02326022,0.1439359,0.3465872,0.03435026,-0.0178762,0.4117349,0.2748259,-0.3467421,-0.03928115,-0.03981113,0.06852376,0.002766103,-0.4166859,0.341592,-0.08320617
-0.02881351,-0.5224983,0.1451968,-0.4089684,-0.01515311,-0.1427915,-0.4825248,0.01475284,-0.1566641,-0.4406783,0.06433719,-0.02870563,-0.08048971,-0.004808724,0.3623342,0.004507115,0.2090989,-0.1621962,-0.3922329,-0.8167731,0.2182474,0.1214526,-0.03408557,0.2186407,-0.01007198,-0.1002113,-0.07012115,0.1486093,0.02466768,0.6423402
-0.03887233,-0.4942002,-0.0002266724,0.06221211,-0.1995952,0.05900634,0.02951765,-0.103142,-0.06820701,-0.06237274,0.003484572,0.5360821,0.7265558,-0.02091461,-0.6519398,-0.1856791,1.441693,-0.129141,0.3233026,0.1168986,-0.005263507,-0.5161313,-0.3099492,0.0557904,0.02435094,0.4569317,-0.124254,0.2560647,0.0003209687,-0.03702635
0.06611329,0.1380118,0.3139821,-0.5070277,-0.1613243,-0.1350121,0.1820355,0.02283127,0.09442583,-0.0866624,0.4000347,-0.4048406,0.003436681,-0.2550768,0.05857864,-0.05139142,-0.2709285,-0.0001775281,-0.2440439,0.04759718,-0.07700795,0.4016303,-0.1079205,-0.02053851,0.1777025,1.339106,0.3660364,-0.2137759,0.07775087,0.3295553
0.4372282,0.01709749,-0.04293102,0.195786,0.06784357,0.488332,0.6981078,-0.0004159156,-0.3427607,0.7114614,-0.2657048,0.175551,0.08543921,-0.07593697,0.09268929,0.1038373,-0.07652663,0.1076548,0.2605298,0.1268502,-0.2263548,0.1592405,0.4149667,0.1263746,0.05980362,0.6639253,0.04222113,0.01469354,-0.008529455,-0.1267133
-0.2859275,-0.004553639,0.1794987,-0.153647,0.03604556,-0.3642158,-0.1131967,-0.09048229,-0.2909912,0.3858705,0.3260671,-0.2251751,-0.09142916,-0.4940776,-0.001157701,-0.2981368,3.452617,0.3014147,0.007670976,-0.001851247,-0.02547932,0.02632222,-0.3560436,-0.4556071,0.09436165,0.318826,-0.3620285,0.00302216,-0.003402889,-0.6970525
-0.54014,0.05173498,0.06494743,-0.9704618,0.1340293,0.3150238,0.3861617,-0.001120101,-0.1992668,-0.4049851,0.3578454,0.2119701,0.1868811,-0.1593656,0.2785757,-0.06614572,-0.06765809,-0.2111048,0.2933189,0.4346398,-0.07890838,0.2617287,0.1534466,0.3571594,-0.08029789,-0.3992001,0.3981873,0.2381915,-0.1332695,0.01130491
0.1838298,0.3228757,0.8269845,-0.1701316,0.2754855,0.2357079,-0.2582556,-0.04003352,-0.2810841,-0.09851175,-0.05600133,-0.4958768,0.3923827,0.4709461,-0.1795233,-0.004360795,0.5598277,0.001394224,0.219507,0.009751439,-0.1524687,-0.370212,0.4357187,-0.6257144,-0.1302838,-0.06398484,-0.8406063,0.1526574,0.7609097,-0.003362973
-0.2484605,0.1851265,-0.2980917,-0.3560554,0.3111826,0.1698601,0.273322,-0.220146,-0.1069575,-0.01748586,-0.01371821,0.4588293,0.4439093,0.2649842,-0.1274348,0.3854498,-0.246868,0.4781307,-0.1167368,-0.003431823,-0.01688945,0.1852704,-0.006836398,0.03146935,0.2704369,-0.04765128,0.2281438,0.03193904,0.09725701,-0.004109784
-0.351241,-0.001009524,0.008285103,-0.486343,-0.4694389,0.019134,-0.4405125,0.02755493,0.320869,0.06340946,-0.01060095,-0.5012474,0.6473086,-0.1422326,0.002370677,-0.01015734,0.06591491,0.208573,-0.1649211,-0.004332642,0.4606864,-0.1783649,0.4330305,-0.49074,-0.06314319,-0.01240726,-0.03446037,-0.008759069,0.5963563,-0.3339171
;
-0.5920615,0.2874023,0.06073929,0.4939309,-0.0454029,-0.3718376,1.458607,0.003122151,0.3079801,0.3691353,-0.193963,-0.01662356,0.004574025,-0.3220414,0.4655761,-0.0176515,0.03174561,0.1085214,0.01410419,0.05189568,-0.3245989,0.370684,0.3389118,0.0001149058,-0.06075889,-0.06071264,0.06115853,-0.4747834,0.2048487,-0.1649672
0.06655142,-0.6721404,-0.001567617,0.1709253,-0.3659245,-0.2925042,0.1496268,0.0130405,0.4726756,0.09869476,0.02109309,0.0364586,0.02472305,-0.9773141,0.02497894,-0.2642351,-0.2465668,0.0152586,0.5020138,0.3930072,-0.3760469,0.01853227,-0.026796,-0.04023311,-0.1612086,-0.00447287,-0.00649069,-0.01438902,0.1182566,-0.4381342
-0.04451556,0.3108968,-0.1354951,-0.3886364,-0.281837,0.02828916,0.1031518,-0.08690847,-0.1731379,-0.03086485,-0.1049862,0.001336084,0.2488248,0.4459647,-0.0077914,0.4499536,0.01755621,-0.05368561,-0.0450222,0.1601324,1.271587,-0.00748632,0.03779882,-0.02236675,0.03184491,-0.008891153,-0.173291,-0.453216,0.04523331,-0.01031749
;
-0.1730922
-0.0815323
0.06156186
-0.03273672
0.0005385246
0.5466768
0.2140168
-0.4673157
0.364517
0.07701749
0.02560812
0.3591526
3.875527
-0.07328707
-0.1299954
-0.02954165
-0.2134784
-0.3787487
-0.1313215
0.3192981
-0.2985827
-0.2185885
0.01154894
-0.00216112
0.4798571
-0.2877771
0.4898526
-0.005908489
0.6794013
0.3678164
;
0.04316165,-0.3675481,-0.2201737,-0.0008943523,0.1341138,-0.03679746,-0.9465703,-1.527108,-0.9351249,0.1253475,0.01049318,-0.159134,-0.06772274,-0.261299,-0.1079046,0.3359292,0.0483212,0.1193478,0.2709756,-0.2169359,0.2114817,-0.3159533,-0.175287,0.4415739,-0.09544817,-0.1432555,-0.4653175,0.2064819,0.06864989,0.02848559
0.4951739,0.03935245,-0.08304423,-0.05990769,-0.4763986,-0.2205101,-0.03313833,0.03845703,0.2145302,-0.1751296,0.01199061,0.2173209,0.683828,-0.1725731,0.05852014,0.2765995,0.1164682,0.828519,-0.009356439,0.1725111,0.2030969,0.1379903,-0.2080414,-0.4248207,0.3648134,-0.1573706,-0.04530273,-0.08603058,-0.04813462,0.005820292
0.07957138,0.006586346,0.02191368,-0.06615765,-0.04536833,0.02065279,-0.1312413,0.4089763,0.3531692,-0.2046914,0.0001174132,-0.01019019,0.2570995,0.3554038,0.2662359,-0.4821587,-0.05972759,0.001276357,-0.3187685,0.07427283,-1.060665,0.0004127535,-0.1653263,-0.05319631,0.1390301,0.08294667,-0.765152,-0.1752187,-0.01385061,-0.527538
0.2293151,0.1891085,0.06425511,0.2206297,0.0116021,0.002371725,0.4500551,0.5631845,0.4136382,-0.3321329,-0.01186675,0.008934915,0.4360546,-0.7565486,0.002888677,-0.0122842,-0.4731679,0.1066823,0.347015,-0.3326781,-0.7222149,0.9042045,0.04010724,-0.1324872,-0.1258369,-0.5982495,0.03500096,0.0355869,-0.05346495,-0.3914105
0.1570945,0.3496527,-0.2320983,0.06940485,0.3368472,-0.01314198,-0.1644792,-0.001172156,-0.1198341,-0.5893776,0.7292738,0.2252265,-0.03929895,0.0201532,-0.3308201,0.09561187,1.230894,-0.09944779,-0.4722416,-0.2499422,0.04901072,-0.6685156,-0.03810464,0.3501863,-0.08067928,-0.7823769,0.04138374,-0.372565,0.09779289,0.02052257
0.4403386,-0.03548127,-0.002836163,-0.1037975,-1.688912,0.2814243,0.336983,-0.199807,0.8123255,0.02002848,-0.5588817,0.3042706,-0.2126542,-0.0009773752,0.9462324,-0.107019,-0.01051499,0.427158,0.2798221,0.1460583,-0.1788319,-0.01387186,-0.0351739,0.03134205,0.1315927,0.02350848,0.4925402,-0.2444091,0.9194127,-0.06453615
-0.3022952,-0.3380383,0.7248018,-0.02353727,-0.02121186,-0.08416814,-0.2503365,0.02446383,-0.4477193,-0.5310665,0.08889516,-1.304755,-0.008276857,-0.5411368,0.03066685,-0.3175176,-0.3598123,0.01091136,0.9228409,-0.09077355,0.111359,0.3873962,0.1498008,0.02026576,-0.5056719,0.07032179,0.3618752,0.1074307,0.07687047,0.6378472
0.09683369,0.07718361,1.076532,-0.3560607,0.1766659,-0.4795195,0.1353039,0.02647478,0.3216158,-0.1018991,-0.2247728,0.3587434,-0.1018695,0.02126835,-0.4351352,-0.02910477,0.008364569,-0.3153863,0.1673312,-0.6110712,-0.601958,-0.2445446,-0.3832965,-0.01508431,-0.3153957,0.06650382,-0.01667517,-0.1913272,-0.02591333,-0.08395834
0.09972078,0.5872383,0.373369,0.1696243,0.2399971,-0.2438557,0.6244503,0.2922891,0.3457654,-0.006804508,-0.001741976,0.0410679,0.3900538,-0.1460577,0.02640202,0.1361215,-0.09690124,0.1581602,-0.2837586,0.1362664,-0.5326127,0.1162851,-0.1875245,-0.1851023,0.2132175,-0.1172345,-0.07389513,0.004807166,0.06733168,0.25238
-0.08544227,-0.003597889,0.2569252,0.1036961,0.3760554,0.6143512,0.01581051,-0.4539924,-0.3278375,-0.3671555,-0.01609155,-0.01328808,-0.05995083,-0.09900898,0.08663872,0.005720807,0.1165077,-0.774677,-0.2260674,-0.09300666,1.384755,-0.7961941,-0.4076972,-0.1632839,0.1451194,-0.2027125,0.2045313,-0.3752601,-0.3459754,-0.4769127
0.4427783,-0.1601761,0.4697676,0.06609469,0.002784398,-0.1854464,0.4979349,0.04050842,0.3839862,0.4145896,0.7368461,-0.0503352,-0.1486907,0.3921885,-0.3530679,0.4916928,0.005446498,0.04121697,0.2312587,-0.1476942,0.2047509,-0.4639093,-0.4652343,0.5576622,0.6067895,-0.3703905,-0.2290663,0.2630402,-0.2531073,-0.03855535
-0.03866929,0.1570581,0.3709094,0.1116078,0.08704021,-0.2813705,0.2581141,0.4828864,-0.5798136,0.3012343,-0.4738247,0.002579314,-0.2476633,-0.3341311,1.073038,-0.4944187,-0.3607132,0.5895558,-0.001465539,-0.3651152,-0.07842153,-0.1221897,-0.09338377,-0.006751075,0.09820617,-0.00478137,0.3208897,-0.00413349,-0.3025463,0.002649111
0.2479769,-0.372248,-0.1597161,-0.387234,0.2527799,0.3939058,0.2120538,0.3512253,0.5835924,0.128439,-0.009410163,0.2907729,0.1478041,0.286643,-0.08495849,-0.7832028,0.3176416,-0.001294398,-0.03239458,1.360806,-0.07173336,0.2271738,0.02770877,-0.2665446,0.2531039,0.02415214,-0.02210063,0.5336136,0.2703578,0.2133341
-0.3048524,-0.3848851,0.1332881,-0.07388324,-0.4120972,0.4348001,-0.30209,-0.2151738,-0.3107764,-0.3349475,-0.1737364,0.8478207,-0.15369,0.4661067,0.000225454,0.2785915,-0.00487242,0.06039548,0.23139,0.2399517,-0.1917986,0.1433642,0.01475749,-0.262629,-0.3815943,0.1407005,0.4891207,0.1646689,-0.01266945,0.112435
0.3764094,-0.1209105,0.5130324,0.3497014,0.3001853,-0.4031041,0.5217884,-0.0129406,0.2028733,0.05365036,-0.002565559,-0.04837455,0.264945,-0.4986166,0.3169572,-0.01232805,-0.02999384,-0.4867647,0.3938234,3.521651E-06,0.1169707,-0.07648346,-0.1800975,0.04639153,-0.4988871,0.1130869,0.03236356,0.1814389,-0.04140502,-0.05878979
0.001933743,-0.7051936,-0.1122981,0.1483727,-0.3909988,0.01585072,-0.01039311,-0.1796247,-1.138197,0.04285989,-0.1558179,0.9417686,-0.7031395,0.009643272,-0.3238791,0.007624124,-0.03936582,0.487725,0.01070054,-0.02032413,-0.03114094,-0.1357419,-0.07312442,0.08381466,0.02845996,-0.926714,0.01941747,-0.4703053,0.05476674,-0.07248914
-0.1498711,0.1339306,-0.01009221,-0.02730777,-0.113717,-0.2794559,-0.03085703,0.322906,0.5490755,0.1185488,0.0003119391,0.03056996,-0.0008978244,0.1775626,0.4778489,-0.1642334,-0.2464938,0.2272432,-0.3813436,0.3076147,-0.0759638,0.0003927984,-0.1404095,-0.4254986,0.00021409,1.309773,-0.01027375,0.4100437,0.1637407,-0.07618152
-0.182595,-0.01522879,0.09007118,-0.5359284,-0.322751,0.106999,0.3288199,0.248947,0.0213806,-0.1573598,0.03417748,-0.2828548,-0.1484072,-0.007315096,-0.07291535,0.1461587,-0.06072396,0.05332328,-0.2313005,-0.2074044,-0.05034095,0.0242663,-0.004877691,0.001574508,0.1348753,-0.172847,-0.1064009,0.09010707,0.7412476,0.17163
-0.4286731,0.3751992,0.1664632,-0.06258203,0.129176,-0.04355055,0.3395089,-0.01478499,0.07789658,0.1134506,0.1859786,0.5867323,-0.135002,0.144438,-0.08574521,-0.1701089,0.4813886,-0.2404313,0.4517347,0.5875622,-0.1139169,-0.03240427,0.04796976,-0.6738484,-0.03561369,0.4992175,-0.06741577,0.06276339,0.403451,0.02348866
-0.04674136,0.09361898,0.2663733,0.06044692,-0.06146082,-0.3820094,0.001446796,0.04980512,-0.1082692,0.08145441,0.1608667,0.009365048,0.3863698,0.000919834,0.0240594,0.1193252,1.956072,-0.05341839,-0.4747556,0.2798208,0.7574946,0.4554111,0.4476659,0.04610258,-0.1221028,0.02329509,-0.2934754,-0.4578198,0.001714193,-0.6633604
-0.02986225,-0.1304726,-0.2384017,-0.2361104,-0.1477353,0.06875876,0.1441115,0.6556575,0.1408381,-0.4668429,0.1159153,-0.4608809,-0.05486156,-0.1509816,-0.03807472,0.1563506,0.0430261,-0.3096074,0.1044303,0.2151879,-0.2820885,0.7989067,0.3495292,-0.2187212,-0.1378147,-0.364252,0.005234639,-0.08578855,0.01013751,-0.03165439
0.2454632,-0.5267884,0.1255652,-0.0008056136,-0.002398742,-0.1265049,0.06587686,0.04032549,-0.03072459,0.2081355,0.4635483,0.001007598,-0.3677203,-0.3228891,-0.1638781,0.3380351,-0.7380885,0.01352451,-0.4746875,0.07356399,0.4087243,-0.4144144,-0.3692684,-0.1502931,0.04117817,-0.1536906,-0.02787359,-0.6523937,-0.2389854,0.1468263
0.1813378,-0.0708892,-0.0211962,-0.03315308,0.1307375,0.1024023,-0.2606391,-0.3009354,-0.007501022,-0.2207159,-0.003195236,0.4132529,-0.3881003,-0.7480493,0.0007570075,0.2098237,0.1584279,-0.005544841,-0.137926,0.4035646,0.4601636,-0.3769946,-0.5514264,-0.09064069,-0.3729161,0.002156844,0.007172464,0.1393701,-0.008259462,-0.1319008
-0.01606852,-0.3168408,0.08043173,-0.2374041,0.1211956,0.4505994,0.2910969,0.04326278,-0.05298108,-0.04914137,0.01824148,0.06562668,0.01797521,-0.3637375,0.1948238,0.1793577,-0.08351401,0.0007954728,0.4459614,-0.02302279,0.38456,0.03240462,-0.2565753,-0.1461182,0.001187966,-0.1133888,-0.1070125,-0.08035291,-0.2377423,-0.4041641
-0.2721566,-0.2948547,0.6702923,-0.4823137,-0.04735124,0.014213,-0.2494542,0.4131805,0.1105221,-0.0003024429,-0.03486489,0.8077646,-0.1322024,-0.2081987,0.2462611,-0.2370465,0.6030578,-0.4375579,0.07405871,-0.7301341,-0.2294861,0.2632058,0.02499383,-0.4011231,0.0007752801,0.3371331,-0.6214609,-0.06062699,-0.08478552,0.1314996
-0.214685,-0.03888015,-0.4238227,0.1130193,0.001853609,0.2303723,0.3106529,-0.03472471,0.1012107,-0.1284507,0.1807164,0.909413,-0.1781383,3.579446,-1.076705,-0.001081896,-0.0005363783,-0.01021902,0.5602602,-0.009396899,0.03515773,-0.04847721,0.4995593,-0.4689164,-0.006133235,0.07912236,-0.01722645,0.684013,0.1777315,0.1059793
0.00199765,-0.3329266,0.746817,-0.001151363,-0.1255306,-0.02143321,-0.3292712,0.1734562,-0.05781039,-0.1580183,-0.2211364,-0.3313827,0.09935042,-0.2291806,-0.001569435,0.4853966,-0.04925936,0.1775323,-0.06198126,-0.001103766,0.4540587,-0.0001079889,0.2711356,-0.1537313,0.09640381,0.1806592,0.3248903,0.006732276,-0.1352745,0.1418149
-0.05822569,0.04366785,0.4538538,-0.3762892,0.04961203,-0.2936062,-0.2735983,-0.3872113,0.143585,0.001206809,0.1372816,-0.09241766,0.3601028,0.1054947,0.7871222,-0.2930777,0.02598763,0.04840879,-0.4693961,1.313217,-0.07285727,0.3585355,0.5866064,-0.009564211,-0.4955078,-0.01000669,0.01511738,0.003078256,-1.860627,-0.5364538
-0.06635825,-0.001409451,-0.04777926,0.1612395,0.2471007,-0.0384207,0.04260473,-0.02198492,0.01659163,-0.2432791,-0.159924,0.1209722,0.3088852,0.9087905,-0.7160038,-0.08538999,-0.139634,-0.4061005,-0.03770179,0.05932289,0.5608739,0.08817261,-0.03161384,0.1289489,-0.08706189,0.32839,-0.3386304,0.001796932,-0.5981979,0.4064023
0.0763538,-0.4455028,-1.020615,0.08676565,0.2882899,-0.4488276,-0.2369129,0.283169,-0.1242718,-0.1706618,-0.4923053,0.01795193,0.2873183,-0.002156015,-0.1843494,0.2541891,0.03611261,0.02791134,0.9844848,0.4894464,-0.06791907,-0.3583456,-0.07602854,0.5191817,-1.411723,0.01775887,0.06333154,-0.1436404,-0.3411051,0.05088129
;
-0.01369774,-0.009113371,-0.1763148,0.1746342,0.03436178,0.0842305,-0.4977072,-0.02705122,-0.0002335723,-0.03504576,-0.1327248,-0.03242415,0.0209344,-0.4993259,-0.01901268,0.4696649,0.3770921,-0.1366972,0.01627557,0.1507742,0.1162661,-0.2856791,-0.04458393,0.2197051,0.05957951,0.3285908,-0.003308527,0.05683956,-0.1317099,-0.05062149
-0.6413991,0.02107312,0.2611527,0.2125447,-0.3915055,0.00932517,-0.3740736,0.03076226,-0.156455,-0.2837744,-0.2265212,-0.06120938,-0.000985701,-0.652427,-0.06497747,0.01121557,-0.1760244,-0.2755544,-0.1841245,0.250623,-0.1067185,-0.001286024,-0.07803092,-0.4524764,-0.5784569,0.04073588,0.05463026,-0.7956015,-0.1886006,-0.05001226
0.004349036,-0.02314539,0.009435475,-0.0876133,0.2079875,0.03892065,-0.2426745,-0.09507885,0.2436435,0.3586938,-0.1884531,0.06506961,-0.07541791,1.387188,-1.60514,0.0932427,-0.007823249,-0.1352501,0.06991619,0.0747297,0.01975051,0.4614972,0.0302221,-0.8161961,-0.0712602,-2.215304,-0.01838334,-0.07364293,0.1263715,-0.3436075
;
