-0.2219035
0.05034584
-0.0837141
-0.4855996
0.4723047
-0.1286373
0.4560946
0.2959985
0.3446774
0.1592886
;
-0.2459465,-0.4394888,0.196599,0.01602,-0.08905393,0.1640591,0.4450126,0.4043015,0.2707806,-0.1139221
0.03602463,0.4812562,0.3936437,0.1873714,-0.1298125,0.005655706,-0.1485552,0.1000296,-0.469111,0.1982338
-0.1268085,0.2352943,-0.2173048,0.2304848,-0.4555269,-0.2156785,0.4712518,-0.1004366,-0.04844195,-0.03079051
-0.4027208,-0.07452542,-0.3218135,-0.4655355,-0.4749284,0.3971393,-0.4728361,-0.2505388,0.1095302,-0.3886925
0.193956,-0.4527218,-0.2281139,-0.09516498,-0.2430812,0.2667713,0.2571765,0.2888871,-0.03855437,-0.21841
-0.3512034,0.3307128,-0.3886691,-0.4992964,-0.4297307,-0.4635764,-0.1186314,-0.09694582,0.4270762,-0.2071646
-0.3555597,-0.05615133,-0.135735,0.2510411,-0.3241454,0.1612638,-0.4899031,0.07735091,0.1079332,0.1356184
-0.04997379,0.4408263,-0.1358796,0.09965509,-0.1009666,-0.413113,0.4025259,0.05782801,0.3821243,0.4720976
-0.3236195,-0.01499552,0.6370751,-0.08243078,-0.4769,-0.1435944,0.3246174,-0.3629781,0.365695,0.05184823
0.4018698,-0.2948055,-0.2878146,0.192103,-0.3268806,0.1444895,0.1421853,-0.3913194,-0.1467624,-0.3054359
;
-0.3313011,0.1934365,-0.09568673,0.15433,-0.3161094,0.1769919,-0.362506,0.446926,0.22066,0.09950608
-0.211963,-0.001646459,-0.465212,-0.0008146167,-0.4168934,0.2845838,-0.1213891,-0.2035198,0.4895332,0.09554356
;
-0.2855482
0.4311025
0.1756397
-0.4517893
-0.2031521
0.09099112
0.3568794
-0.2699187
-0.4910478
0.3695644
;
0.1102615,0.003692091,0.2934242,-0.7174773,0.8048589,-1.398119,-0.5108159,-0.2198567,0.3593072,0.1373968
-0.3263131,-0.4172821,-0.1437809,0.01242281,-0.236526,0.003640907,-0.1990084,0.3396521,-0.1522492,-0.00288837
0.01513594,0.1496971,-0.4918062,-0.064528,0.1595635,0.7753156,-1.71263E-07,0.4931829,-1.360494,0.1901609
-0.3935213,-0.02917964,2.20674E-05,-0.1889242,-0.2011,0.07686454,-0.01191829,-0.1871234,0.02850519,0.435715
-0.01638199,-0.4353218,0.2983966,-0.08479589,0.3354737,-0.007547192,-0.0003264666,-0.1514632,-0.1390395,-0.006859765
0.01562456,0.04117664,-0.06772071,-0.1624206,0.6294519,-0.041424,-0.1029205,-0.02971584,0.5235639,-0.1584079
0.4316113,-0.002861463,0.0006676591,0.2013097,-3.144275E-05,-0.1514203,1.37441,0.4028367,-0.0593149,0.4297632
-0.2904443,0.1101278,0.0224579,0.005588027,0.0003425617,0.04862398,-0.07408534,0.03916143,-0.001391285,0.01308361
0.006602585,-0.01192314,0.0291472,-0.02934033,-0.291818,0.5454068,-0.3172492,0.321173,0.02505493,0.4084513
-0.3367077,0.01517214,0.07530174,-0.1414517,-0.8105426,0.01897655,0.1476658,0.2870493,0.2783525,-0.2401434
;
-0.9660912,-0.3414344,0.1080309,-0.001991739,0.1652061,-0.006245875,-0.1378838,0.002635065,-0.4471666,0.01745529
5.339963E-07,-0.1302288,0.4176068,0.1964751,-0.04892223,-0.006981427,0.2243235,-0.04720028,0.1030482,0.4201953
;
-0.003493831
0.3351265
0.2150361
-0.02785662
0.06851218
0.3215331
-0.434837
-0.06330627
0.005454213
-0.3311075
;
0.3332713,-0.44067,0.05412457,-0.423803,-0.09285594,-0.03443104,0.02537795,0.1137156,-0.07062409,0.1252782
0.01583079,-0.2653132,-0.004692455,0.03487808,-0.03094751,-0.5306014,0.1112693,-0.6945088,0.305779,-0.03863775
-0.3614043,0.1794742,-0.4818816,-0.04631107,0.2789139,-0.01967257,0.40412,-0.2931849,-0.4612508,-0.4011201
-0.1910393,0.1471281,-0.542235,-0.790261,-0.0006614682,0.03415632,0.1823252,-0.03951071,0.009631863,0.1877746
-0.177825,0.3123428,-0.4372582,0.002324081,-0.02650994,-0.3445143,0.01120492,0.1058821,0.1268753,-0.1486269
0.3101789,-0.1896997,-0.1365308,0.8217525,0.8116452,0.2343177,-0.305647,-0.2694843,0.3010177,0.5417959
-0.06694416,0.05578677,0.06747323,-0.01734624,-1.144138,0.1398715,0.007397115,-0.6237378,0.6314698,0.3277111
-2.254574,0.07615443,0.01688962,0.08197552,0.1178827,-0.1666345,-0.2224829,0.01599999,0.02775616,-0.5386825
0.0014475,0.2823944,0.002190393,-0.01111634,0.01660365,-0.001586939,-0.1294525,-0.1262393,-0.06216449,-0.00338817
0.3498321,-0.07435784,-0.1379679,0.1704314,-0.2702457,-0.01555122,-0.2903102,-0.4033354,0.4664669,0.2829633
;
-0.5766302,-0.006179823,0.2975344,-0.1688786,-0.3768629,0.4016348,-0.5893151,-0.1512085,-0.2126043,-0.06617055
-0.3688342,0.009865862,0.5478605,0.117535,0.2297105,0.4355668,-0.009391801,-0.04108888,0.09328884,-0.4732965
-0.1430722,0.1291125,0.08695556,-0.0598216,0.0001413716,0.01458945,-0.3648808,-0.1286125,-0.3413125,1.976741
;
0.06222028
-0.1307012
-0.04370397
-0.08252567
-0.01121563
0.003565119
-0.1052579
-0.06710809
0.3378347
-0.0007678395
-0.3519207
-0.04266777
-0.4407619
-0.1937681
0.1861918
-0.009551139
0.02465573
-0.1819981
0.03900681
0.3939253
0.2924876
0.2603494
0.3962187
0.07233147
-0.04099464
0.3372146
-0.1393412
-0.004613766
-0.06389206
-0.9779321
;
0.3399448,-0.3398714,-1.250067,0.4908522,-0.02673033,-0.1797453,-0.1397949,0.3019227,0.1748033,0.1000138,0.1470926,-0.1557667,0.2854539,0.001152619,-0.5801913,0.3563976,-0.3902856,-0.06358789,-0.143388,0.3594966,-0.08211972,0.007431522,-0.3863683,0.00419986,1.460483,0.3410172,0.06904203,0.4015795,0.2808353,-0.5144087
0.09490368,-0.03163436,-0.772119,0.2266442,-0.3758196,0.1556762,-0.2056041,-0.02862734,-0.1389379,-0.0858007,0.4025792,-0.2399443,-0.1414983,1.536925,0.1478132,0.1479521,0.286759,0.1344887,0.0163975,0.0827527,-0.1084909,0.02655886,0.4535248,-0.2411472,0.4607038,-0.09039786,0.05839683,-0.06195268,0.02243885,-0.03195546
-0.3107476,0.301649,-0.3251133,-0.411948,-0.05497221,0.5667036,0.7034021,-0.2544893,-0.5078063,-0.1922671,-0.5300869,0.1087883,-5.30727E-05,0.1980895,-0.730122,-0.1166574,-0.1306948,0.4293983,0.4198742,-0.07996549,-0.00239197,0.1622116,0.01042419,-0.7050877,0.08492652,-0.4428928,0.1092301,-0.4006435,0.3784637,-0.002976365
0.04067473,-0.324308,0.3589048,0.03161235,-0.02256849,0.43071,0.1178458,0.3041722,0.1024221,0.478515,0.5955931,0.3061507,-0.3157132,-0.4341017,-0.07924463,0.3219572,0.4420339,0.1208021,0.09891349,0.4002014,0.3451093,-0.1350929,0.4446263,-0.2863847,-0.1270451,-0.1330766,0.4526241,0.4179584,-0.05432159,-0.614717
-0.5030048,-0.4619662,0.01594803,-0.4343331,-0.3311712,-0.5998425,0.1882136,0.2434261,-3.841672,0.3533682,0.3880552,0.02528816,0.1152864,-0.05642644,-0.06147729,0.05491218,-0.06944229,-0.08910362,0.3073453,0.3771949,-0.4415016,-0.03891243,0.1536129,0.2089562,0.1972663,-0.3806897,0.006965447,0.04097332,-0.4301877,-0.01667332
-0.09010922,-0.2142972,0.1316369,0.3671111,-0.001026677,-0.04617184,0.02091282,0.2988844,0.4949658,0.04391685,-0.3391815,-0.1787809,-0.09265257,0.02263635,0.4950156,0.02800597,-0.04242245,0.1045661,0.2535862,-0.5340475,0.05338794,-0.4163158,0.1585188,-0.2936541,6.560799E-05,-0.02404244,-0.1379095,-0.4292907,-0.2651118,-0.01433168
-0.001520298,-0.5382457,-0.006007815,-0.01661365,0.3274291,-0.2261371,-0.1712207,-0.1091785,-0.4441617,-0.03090797,0.7075945,-0.036328,0.4204813,0.1561811,0.2435907,-0.1280286,0.1710874,-0.3272212,0.01956013,-0.03216442,-0.02274664,-0.03540485,-0.1291455,-0.8782787,0.7734495,0.02705742,-0.2138573,-0.007247097,0.2272367,0.02248309
-0.1510159,-0.004285126,-0.2002919,-0.01519236,0.7423561,-0.1693573,-0.484066,-0.2940111,0.008079685,0.1244381,0.4408251,0.1575627,0.1471533,-0.006573683,-0.9654445,0.5868153,-0.2351149,-0.4466742,-0.1381081,-0.4622369,0.0117902,0.07267326,0.4742666,-0.03041869,-0.002844553,0.02516514,-0.06017891,-0.04801936,0.2190382,-0.01378615
0.6537019,0.06679162,0.6641551,0.0004582717,-0.002900601,-0.2193075,-0.02193483,0.4406705,0.1082499,0.06974679,-0.2697619,1.99427,-0.2624501,-0.2485902,0.02700253,0.399307,0.4598856,-0.4725715,-0.04061138,-0.1121174,0.2834697,-0.2004719,0.02951425,0.08283775,0.5242313,-0.06122176,0.1924983,0.004344399,0.3535792,-0.2928443
-0.04168628,0.1065683,-0.470677,-0.6367775,0.01543851,-0.01703726,-0.1103759,0.1212915,-0.2610108,-0.05544418,0.1736542,0.1149264,-0.3704035,-0.7366456,-0.07659151,-0.08351411,0.06702513,-0.09237629,-0.1790826,-0.4914427,-0.4701796,0.6383565,-0.4815627,0.2126292,0.04285691,0.5379394,0.00171663,0.5572588,0.1574794,-0.2628185
0.02041,-0.660198,0.1900935,-0.2013209,0.1262306,0.3816965,0.009075419,0.3873309,-0.006972332,0.1347852,0.09236782,0.4100558,-0.2984705,0.05951899,0.1013252,-0.006060093,0.2770072,-0.02921166,0.4190167,0.0049998,0.3864675,-0.5252553,0.4458498,-0.05332464,-0.1069515,0.02402988,0.07430487,-0.09904385,-0.09940299,-0.001237871
0.5362839,0.08892389,-0.3793256,-0.2752644,0.3273584,-0.002591049,-0.6554705,-0.01284634,0.2714587,-0.08388174,0.3006538,0.06645875,0.008991539,-0.01487465,-0.412308,0.02690773,-0.1041438,0.215889,0.9956775,0.1591078,-0.1958029,-0.3266466,-0.2621653,0.1508477,0.277043,0.8834359,-0.1757896,-0.1936513,-0.324591,0.03065725
0.1660828,-0.02094776,0.4142403,0.06866638,-0.259542,-0.3655985,-0.005053561,-0.2012053,0.2358498,-0.590757,-0.0004610636,0.113983,-0.223712,5.18389E-05,0.6404749,-0.01734793,-0.0561977,-0.01464179,0.313794,0.3666012,-0.452547,0.1262707,0.168582,0.1652474,0.003205355,-0.0006748938,0.5522236,-0.4312233,0.06410092,-0.2016873
-0.3180465,-0.2725523,0.1502019,-0.07091028,-0.07949664,0.1241301,-0.08422275,0.218022,-0.4149385,-0.3210007,0.009652915,0.3113053,0.007738564,0.6212748,-0.05635747,0.04418473,-0.1674621,0.1685568,0.3521343,0.02972712,0.02051824,-0.1359435,0.7869467,0.3914653,-0.1249847,0.130057,-0.0207425,0.2581848,-0.2420532,0.04815501
0.1211668,0.004274948,0.7840192,-0.1188894,0.06510307,0.4586024,0.05326074,-0.4752409,-0.522927,-0.211805,-0.2336798,0.4741935,-0.06828355,0.1277413,0.2104252,0.1030155,-0.7179756,-0.003586716,0.4292019,0.3239475,0.002008869,0.456682,0.01733098,0.2976785,-0.1611418,-0.2432761,-0.3665308,-0.02754974,-0.1814332,-0.1736195
-0.06995161,0.1031179,0.01888692,-0.2829841,0.1477111,0.2953192,-0.09757572,-0.06422419,-0.04014686,-0.2579451,-0.02897432,0.1312159,0.1025093,0.0001141838,0.4679967,-0.4354182,-0.006027116,-0.03215461,-0.4912055,-0.007124669,0.3881034,-0.433537,0.1322874,0.09257585,-0.2301582,0.5340983,1.079988E-06,-0.01035297,0.08400638,0.2541977
-0.1633999,0.3988292,0.7170489,0.1387064,0.06056422,0.03811401,-0.273476,-0.05997171,0.1202134,0.002484869,-0.1840678,0.003536645,0.0002706184,-0.9942369,0.05911016,0.5810136,-0.3596917,-0.2598139,-0.07939869,0.2352584,0.0004714409,0.05743641,-0.3067337,0.4071765,-0.4079544,-0.2926415,0.04841681,-0.429655,0.514071,0.2259834
0.05085651,-7.676549E-07,-0.08638227,0.5112683,-0.5123728,0.08366474,0.008550739,-0.3830334,-0.0205442,-0.1344514,-0.3221508,0.1711688,-0.09351379,0.07788693,0.1346367,0.1870952,-0.009698203,-0.03396429,-0.3280022,-0.09730435,0.001838487,0.0009257256,0.08093646,-0.05364821,0.491698,-0.437233,0.002190844,-0.0004308061,-0.04330813,0.3261054
0.08642954,0.0009688735,-0.2054647,0.3104556,0.302812,-0.1387665,0.8563093,0.1360304,0.3577535,0.5752914,-0.02453433,0.7924392,-0.1649572,-0.005157009,-0.7454853,0.2207018,-0.1587622,0.4056542,-0.01879905,-0.8645055,0.1959115,-0.0004346865,0.3727732,-0.09502771,-0.06576794,0.3326083,0.02677885,-0.04115576,-0.2469429,-0.0028568
0.004891975,-0.2391676,0.9656702,-0.2003028,-1.495016,0.4117618,-0.03524872,-0.3356348,-0.4329394,-0.03535229,-0.0273375,-0.4683797,-0.03020996,-0.02143611,-0.008724024,-0.8201442,0.4096755,0.1246788,0.4165598,0.000488068,-0.3103728,0.2048601,-0.03607513,0.2489621,-0.3836368,-0.1023931,0.3526365,-0.03613235,-0.09946924,-0.0688145
0.3481004,-0.1793985,0.0179338,-0.245521,0.003122417,0.5818644,0.7469057,-0.009660188,-0.4143722,-0.1720096,0.07156519,-0.1279866,-0.1142181,-0.2931181,-0.2974364,0.2370933,-0.1439359,-0.3465872,-0.02903107,-0.02469123,-0.07329708,0.4054493,0.3467421,-0.01622549,-0.03057638,0.06852376,0.002262822,-0.4807984,-0.3598813,0.4390845
-0.02881351,0.164618,0.1451968,-0.3686796,0.01811763,-0.1174637,-0.1324992,0.007980438,-0.002058147,-0.9357231,-0.004506077,0.4195534,-0.006855618,0.004808724,-0.04579783,0.4591353,0.4162198,-0.1621962,0.3051699,-0.06549805,0.2182474,-0.01176253,-0.4524566,-0.1893658,-0.01007198,0.1548276,0.07012115,0.3249074,-0.3523149,0.4020554
-0.03887233,-0.02096852,0.06437561,0.01705117,-0.2317378,-0.1383722,-0.3089126,-0.1408602,-0.000423491,0.08945996,-0.001372539,0.0688585,2.971983,0.1615943,0.07661074,-0.2255466,0.2148766,0.4298557,0.3183146,-0.1146922,-0.004460094,0.3216125,-0.3099492,-0.08659918,0.02353485,0.4075122,0.3599156,0.1397918,-0.0006066459,0.1854052
-0.03913768,0.3755325,0.253589,0.4765941,-0.1758099,-0.02041234,-0.2115224,0.2099047,0.09442583,-0.01958812,-0.009908023,0.1274271,0.00199755,-0.159709,0.4407504,-0.05139142,-0.3420386,-0.0001317231,-0.2440439,-0.04129606,-0.331561,-0.02787501,0.1677693,-0.02053851,0.4427677,0.4913187,0.05163326,0.08342022,-0.01070899,0.3295553
0.4372282,0.03991656,0.7264493,-0.08334535,-2.713384E-05,0.7967971,0.2619697,-0.0004159156,0.0005813241,-0.1141029,0.008480525,0.1229536,0.08543921,-0.0001725917,0.02541239,-0.172705,-0.09315488,0.1076548,0.2605298,0.1148139,-0.2263548,0.02960064,-0.3706046,-0.05236803,0.4531605,0.9024826,0.2351945,0.02346477,-0.02504724,-0.1267133
-0.2016312,-0.007910356,0.1794987,-0.153647,0.002296237,0.280167,-0.1552329,0.09048229,-0.4395397,-0.3858705,-0.3260671,-0.2634691,-0.05732304,-0.3854482,-0.001157701,0.3723303,0.217275,0.2666265,0.007670976,-0.4724144,-0.01561232,0.02632222,-0.1229835,-0.3563628,0.08637315,0.04555289,-0.3620285,0.00302216,-0.002195851,-0.1135206
-0.6558039,-0.03476601,0.1150362,-1.688305,-0.2300346,0.3064649,0.5253553,0.001120101,-0.2698339,-0.4049851,0.2995623,-0.1843905,0.2118139,-0.0782905,0.2785757,-0.06614572,0.1192113,0.2111048,0.2933189,-0.4052482,-0.05405251,0.4787699,-0.1534466,-0.3767942,-0.08029789,0.3557264,-0.1306134,0.2381915,-0.2516334,-0.0107296
-0.2477136,0.3228757,1.083452,-0.2912656,-0.2754855,0.07915823,0.3876134,0.2106507,-0.01997213,-0.0187989,0.04834177,0.1028725,0.31697,-0.4709461,-0.06267321,0.00190873,0.5598277,-0.3985223,-0.3687607,0.01311331,0.003770649,-0.370212,-0.2529865,-0.9907209,-0.1302838,-0.06398484,-0.5862449,0.3049371,0.01542455,-0.003362973
-0.01509351,0.3900144,-0.0008026958,0.5011836,0.1899967,0.1164009,-0.1138219,0.2874434,0.4738823,0.05122066,0.3868393,0.3543559,1.103224E-05,0.145449,0.01165006,-0.3854498,-0.246868,0.07622412,-0.1167368,0.003431823,-0.9100741,-0.6512182,0.1499022,0.03146935,-0.3644155,0.003344118,0.007540286,-0.3332831,0.09725701,-0.004109784
-0.305867,-0.001009524,-0.008285103,-0.2247587,-0.01066204,-0.019134,-0.6512426,0.07215069,-0.4291131,0.06340946,0.01304766,-0.5012474,-0.0007799268,-0.1973216,-0.04711408,0.01259201,0.008607947,0.208573,-0.0159027,-0.210656,0.4606864,-0.1783649,0.2925851,-0.9619467,-0.02354737,-0.009233185,0.467101,0.008411728,0.5963563,0.3173981
;
-0.5920615,0.03957432,-0.1168784,0.3173356,-0.02613324,0.01545814,-2.288482,-0.003122151,-0.4627186,0.2074595,-0.02294859,-0.01653057,0.004574025,-0.182731,0.6608129,-0.3119687,0.03174561,-0.006881929,0.01410419,0.05219485,0.04794597,-0.3552357,0.1393961,0.0001149058,0.09427482,-0.05301628,0.1679681,-0.4747834,0.2584527,-0.2712896
-0.06655142,0.03076793,-0.3432205,-0.0908989,0.0721713,0.1996897,0.1432549,0.4076098,1.022127,-0.09869476,0.03185946,0.0446602,-7.439239E-05,0.04499383,0.03154924,0.4721233,0.3105109,-0.1860587,-0.1099476,0.3930072,-0.1292942,0.0830378,-0.3058634,-0.0001397553,-0.440058,-0.008098208,-0.40681,-0.1846943,-0.1182566,0.4381342
-0.008231731,-0.4154138,0.47864,0.01473254,0.1292707,0.0524237,-0.1031518,-0.1842116,-0.1448865,0.2949039,0.2835847,-0.0002963688,-0.1936531,-0.2190152,0.1890595,0.4499536,0.007452212,0.05368561,-0.7213994,0.1601324,0.2409636,-0.00748632,-0.2257493,-0.006928051,-0.1916642,0.01065867,-0.412401,0.3862726,0.04523331,-0.0571973
;
0.1730922
0.1562103
0.06320829
-0.03273672
-5.612068E-06
-0.9667698
0.3146317
-0.4673157
0.1057349
0.05297994
0.2372869
0.07426995
3.875527
-0.006362365
0.7401502
-0.07601627
-0.4585606
-0.3787487
0.3197659
0.3342278
-0.2917708
-0.1268632
0.2152557
0.00216112
-0.4325589
-0.432799
0.3872561
0.0668276
0.3506279
-0.5464424
;
-0.07663182,-0.3675481,0.0905247,0.0008943523,0.346519,0.4983913,0.01561981,-0.357344,0.1110802,0.4851872,-0.4246,0.005477726,0.0001941901,-0.3903877,0.4621814,0.000613157,-0.01017673,0.04438229,0.06811601,0.3554529,0.1287107,-0.2322252,0.3034179,-0.2115537,0.09544817,-0.02442607,0.2597421,0.1640854,0.06864989,-0.3878214
-0.06600696,0.1263357,-0.1581415,0.2851932,0.1422007,0.3758484,-0.01619991,0.4052757,0.1089256,0.4814816,-0.166477,-0.3081259,0.7491844,0.03140015,0.1441355,-0.2765995,-0.03935546,0.4382233,0.1221415,-0.6541689,-0.0001358194,-0.4285177,0.3434134,-0.09046262,-0.2306614,0.3696567,-0.04201151,0.1318655,-0.4074212,-0.1153714
0.1823684,-0.4348079,0.2148654,-0.495948,-0.156814,0.0003359583,0.444012,-0.2269745,0.3750716,0.01630935,-0.0001528934,0.1135265,-0.1246883,-0.4468735,-0.501642,0.4821587,-0.2268094,0.002447733,-0.3187685,-0.1576208,0.2477501,-0.3016961,-0.4218339,0.1485797,0.06504624,0.05223637,-0.4949594,-0.1585047,-0.02122393,-0.4744302
0.3991651,0.02487023,0.164166,0.2655465,-0.09483906,0.002371725,0.6952442,2.579547,0.4690113,-0.02361967,-0.006953493,0.218829,0.01167195,0.1161005,0.1295633,-0.0122842,0.4944202,-0.01253609,-0.2458788,0.4597391,0.5431387,-0.9042045,-0.05898519,0.08473749,0.3637036,-0.2474734,0.1899725,-0.1394529,0.02530558,-0.143537
-0.1741529,0.2406226,0.2542783,0.0003705523,-0.4948398,0.004065798,-0.3082891,0.001172156,-0.05522676,-0.4847651,-0.3635284,-0.1108355,0.02806778,0.2739686,-0.3308201,-0.01489461,0.03228742,-0.04715341,-0.4722416,0.1102301,-0.6729676,-0.3638451,-0.001394605,0.05956873,-0.1856868,0.4061201,-0.1036099,0.4429181,0.1806456,0.4919575
-0.1982399,0.03548127,-0.06897274,0.1022061,-2.910348,0.1478109,0.2400965,-0.1398147,0.7442139,0.272076,0.3999088,-0.009715679,0.2126542,-0.0006139262,-0.4310108,-0.08064913,0.01349181,0.427158,0.1688031,0.1192407,0.2413231,0.09139307,-0.0351739,0.03134205,0.224877,-0.08292247,0.1023188,0.2444091,-0.08855477,-0.01467291
0.08669525,0.137614,0.7248018,-0.169835,0.02121186,-0.07303208,0.1343555,-0.02026761,0.8214725,-0.03447157,-0.006124897,1.304755,-0.7198483,-0.2154613,0.01352916,-0.4650412,-0.2325296,0.01091136,0.80647,0.09077355,-0.1324812,-0.3307992,0.01927047,0.4630104,0.0886336,-0.5570498,-0.0008286579,-0.01103369,0.6641306,0.1215687
0.3499995,-0.4260727,0.5190622,0.3560607,-0.6241401,-0.7824159,0.2684851,-0.02647478,-0.202118,0.1018991,-0.250407,-0.3587434,0.07752377,0.1990338,-0.1447104,0.1056181,0.003519081,-0.1493712,-0.04195341,0.07826435,-0.2739365,0.2445446,0.2208674,0.01508431,-0.08034609,0.09671572,-0.006522702,-0.159256,-0.003260587,-0.2283634
-0.2572914,0.5872383,0.4119962,-0.1847897,0.2399971,-0.7658475,0.4500424,-0.2922891,0.08878773,-0.02016003,0.1434966,-0.05296463,0.1374019,-0.1067321,0.2048062,-0.2060463,-0.234899,-0.1128771,0.3278707,0.1517775,-0.1821026,0.01828844,-0.1544818,0.02554423,-0.4967557,0.08973262,0.02887027,0.337666,-0.01367891,-0.1313041
0.09596445,-0.002635666,0.1494981,-0.1010821,0.3760554,1.029567,0.2196182,-0.4539924,0.1788727,0.3887133,-0.501013,-0.03961009,0.1645645,-0.1305115,0.3432552,0.08609384,0.6087015,-0.0194628,-0.08607477,0.3155463,0.397048,-0.2254023,-0.4642012,-0.1981544,-0.008846961,-0.2817138,0.2581141,-0.1110987,-0.285381,-0.3810709
-0.003513985,0.07506161,-0.3358836,-0.05922467,0.002433089,0.00202666,-0.5050533,0.2447926,0.3822397,-0.1423592,0.7787844,0.06792814,-0.5718319,0.2888781,0.5893698,-0.4916928,0.00933351,0.04492788,-0.05914573,-0.02673635,0.2047509,0.1224712,0.5994462,0.09257004,-0.1463187,-0.1066049,-0.06957427,-0.04822686,-0.3326075,0.4887033
0.0216182,0.002539352,-0.3709094,0.1116078,0.08528439,-0.2813705,-0.8334389,0.4828864,0.3995297,0.02060006,0.1651846,-0.1023261,0.2955586,0.005494695,-0.2134631,-0.04553133,-0.1685074,-0.02174288,-0.0008339829,0.3651152,-0.07391442,-0.2304194,-0.1725168,0.1779214,0.09631044,0.005150646,-0.1574861,-3.890545E-07,0.02962381,0.0008202208
-0.09911066,-0.01339157,0.4185289,-0.4962614,-0.2527799,0.001528074,-0.2120538,-0.6790158,-1.343005,0.1671374,-0.007933273,-0.2907729,0.1819613,-0.3698102,-0.5360654,-0.4407195,0.3176416,-0.4539204,0.1237671,-0.3561252,0.1894644,0.04668098,0.04205983,0.007022982,0.01132371,-0.004978903,0.0315228,0.5336136,-0.3994473,-0.09431611
-0.2316578,-0.6377907,0.1464754,-0.135697,-0.4587922,-0.02865558,0.30209,-0.4341557,0.01019725,0.04298623,0.1898967,-0.2213604,0.1307968,0.4120824,9.297424E-05,-0.02502225,0.1223388,-0.2258422,0.1905851,0.2399517,0.53159,0.8960713,-0.002164365,-0.7683859,0.1331801,-0.1135709,-0.06818154,0.0682326,-0.3841226,0.0577529
0.2448016,0.3599557,-0.7134281,0.02464095,0.2323665,-0.2802967,0.1027238,0.02131751,0.3206238,-0.0138363,-0.002565559,0.00519088,0.03009316,-0.06513865,0.06056332,-0.009864577,0.03911228,0.6936195,0.2459836,0.2781403,-0.0001895679,-0.07648346,-0.1452085,-0.09557364,-0.1191528,-0.07769167,0.3115993,0.1349477,-0.04140502,0.01205736
-0.3481631,0.2734325,0.3509948,-0.000102752,-0.5425537,0.008518962,0.131616,-0.1796247,0.01238548,-0.03471753,-0.04152064,-0.440726,-0.9553567,-0.01836554,-0.009757691,-0.007624124,-0.03936582,0.01671618,-0.405046,0.111757,0.2028228,0.4925915,0.3218499,0.05109808,-0.599153,-1.673177,-0.0009319941,0.3282206,0.7116984,-0.2081843
0.3147683,0.055221,0.01133012,-0.02289982,0.3803225,1.162293,-0.07310671,0.4297248,-0.6496966,-0.1432824,-0.0002623407,0.009765613,0.0003799266,-0.1775626,0.4707743,-0.2814495,-0.3693681,0.3044538,-0.3329822,0.3076147,0.06616945,-0.2686174,-0.01716461,0.1498456,0.0003090551,-0.3337874,-0.2504016,0.5350395,0.2249474,-0.3004854
-0.1539141,-0.009730955,-1.176828,0.04957481,0.3145998,0.05476734,-0.1466059,0.4814714,0.1317885,-0.001852221,0.273702,-0.4520147,-0.1484072,-0.4982818,0.3558379,-0.2083475,0.07973339,0.02183763,0.002012789,0.111217,-0.008792934,-0.0242663,-0.003096844,0.0007717719,0.08148508,0.4851933,0.3683056,0.09010707,0.7412476,-0.009164457
0.3125055,0.02916775,-0.1664632,-0.4014957,0.009409328,0.4231409,-0.5775195,0.009423712,-0.2593893,0.0403525,0.05722559,0.6000905,-0.3097438,0.2318969,0.07026403,0.1233056,-0.06269521,-0.33474,-0.31817,0.0143712,0.3769298,0.3769476,-0.04205772,0.3003196,-0.0299396,0.07295222,0.03263583,0.1096547,-0.02240076,0.03953992
-0.04658831,-0.05178418,0.2629601,0.004723738,0.001259767,0.4390769,-0.0005940598,0.04980512,0.1105017,-0.08783334,-0.1608667,-0.1528746,0.3863698,-0.3880829,0.0171669,-0.009804578,-0.4237772,0.02217394,-0.1991546,-0.2798208,-0.1973766,0.1981823,0.6151443,-0.0253709,-0.1221028,-0.01182872,-0.5505636,0.03046066,0.003776099,0.1383351
0.3913825,0.6871534,0.1576119,-0.2361104,-0.04712957,-0.3200057,-0.1441115,0.1251117,0.08950964,1.152565,0.1159153,0.002952906,0.05486156,-0.02450585,0.1731762,0.06434952,-0.129558,0.1171464,0.4202616,0.2084906,0.2732185,0.7588619,0.2465711,-0.08406311,0.1378147,-0.1297214,0.00016011,-0.03616412,-0.01013751,-0.08023517
0.05250932,-0.1495009,0.0282353,-0.3401146,-0.002398742,-0.04354174,0.02204448,-0.2402164,-0.2899309,-0.1419258,0.02649109,0.1437364,-0.2188729,-0.5425724,0.1434138,-0.04407734,0.08717912,-0.01975559,-0.4635918,0.1127765,0.5199541,-0.02041089,0.5331157,0.00454797,-0.02398081,-0.1536906,-0.04376017,-0.2019216,0.008454594,-0.05982021
-0.001773575,-0.01157299,0.01026532,-0.1671914,-0.1108809,0.3046538,0.07849527,-0.2698504,-0.02457193,-0.74618,0.003195236,-0.01112954,-0.3881003,0.0303331,0.0002575961,0.1936249,0.1584279,0.01930209,0.06664568,0.5331966,0.07561209,-0.1596313,-0.0195821,-0.09064069,0.3729161,0.3350233,0.01300223,-0.2117389,-0.008259462,0.07074625
-0.3681526,0.3216249,0.09441473,0.4348151,-0.1211956,0.2715557,0.3067697,0.1404623,0.05298108,0.02371644,0.01272708,-0.09705733,0.005432543,0.237295,0.1948238,-0.0650076,0.03397137,0.07083172,-0.03013319,-0.01703051,0.08164807,-0.04615907,-0.2291535,-0.2019078,0.1683375,-0.1133888,0.01256927,0.08035291,-0.01821548,0.3475875
-0.2721566,-0.1240257,-0.4777638,-0.1136352,0.1759354,0.4255309,0.3636848,-0.08140779,-0.1105221,-0.03819865,0.01299542,0.247793,0.2209665,-0.2081987,0.2448055,-0.4791562,-0.1701095,-0.3891203,0.02429304,-0.1474412,0.4454468,0.1055327,-0.007324425,0.1450465,0.1836406,-0.4403391,0.7225188,-0.0735564,-0.1917801,0.1750917
0.06728572,0.118311,-0.6804036,-0.1434449,-0.002107478,0.007740819,0.05650026,-0.03741475,0.1082317,0.005246184,-0.09830825,1.328416,0.4761463,-4.744483,-0.276173,0.893141,0.1863674,-0.01021902,0.01607877,-0.001049429,0.2658637,0.02680583,-0.4995593,-0.01999468,-0.1981521,0.01466719,-0.01722645,-2.204859,0.2247584,0.1059793
-2.955786,-0.05631046,-1.047431,-0.003736175,-0.4250436,-0.005353002,-0.2424549,-0.1107071,-0.05353993,-0.2315992,-0.04288214,-0.2194599,0.07569975,-0.08475417,0.001569435,0.4853966,0.02446075,0.1775323,0.02449137,0.01024283,-0.02448467,0.5343889,-0.05262238,0.2022544,0.1425335,0.09827366,0.003846453,0.4493215,-0.3226923,-0.5229665
-0.07364538,-0.07415157,0.5495818,0.147051,-0.4428786,0.2296622,0.09102684,-0.1348213,0.1472612,-0.09610483,0.4172002,0.1809141,0.3601028,-0.3729234,-0.02262198,0.3850023,0.04123472,0.07102708,0.5084296,0.3245226,0.005118614,-0.004127085,-0.1852905,-0.1274856,0.2022692,-0.00705242,0.001098402,-0.2907286,-0.06375021,0.3811789
0.1123236,-0.5001194,-0.1094395,0.3736591,0.1403506,-0.09498352,0.02247797,-0.2378443,0.01659163,-0.09186614,-0.442643,-0.002797417,0.8437469,-0.009808849,-0.7160038,0.1586791,0.139634,-0.2248953,0.1494495,-0.4636748,0.1343173,0.1567322,0.4353124,-0.06008488,-0.4729452,0.1347508,0.3386304,0.4805232,-0.5981979,-0.2959282
-0.01787527,0.4020585,1.020615,0.02122004,-0.1207779,0.2915827,0.2705698,0.004052476,-0.009814459,0.3290697,-0.798129,0.03341734,-0.1660424,0.3267093,-0.2415855,-0.3277872,0.08771592,-0.8503548,0.08185924,-0.5907618,0.2873478,-0.06495927,0.2062856,0.1461029,0.09891394,0.02559816,0.02726599,-0.3910152,-0.02448466,0.0431135
;
-0.01481413,-0.327396,0.2209337,0.4695477,-0.1940622,-0.0690977,-0.2870796,-0.7939848,0.01811109,0.2175602,-0.05421356,0.0223653,-0.1240088,0.4993259,0.363739,0.7014722,-0.452004,0.03680235,-0.1725824,0.01109088,-0.01499383,0.3086296,0.1678293,0.4374446,0.07158079,-0.4223071,0.324596,0.0968267,0.1603905,-0.05062149
-0.813557,-0.02790236,-0.4705851,-0.02631641,-0.4870751,0.02771976,0.5018419,-0.02185323,0.1163481,-0.09348519,-0.1322284,-0.03499848,0.2096884,-0.1206868,-0.3049989,-0.005987906,-0.06809238,-0.3515729,0.4406598,-0.1253938,0.2090279,-0.001286024,0.01879615,-0.08118385,-0.2787916,-0.04073588,-0.1644024,-0.03479397,0.1886006,-0.05001226
0.1220163,-0.1009703,0.1198744,0.1802168,0.1546103,0.1319299,0.2066119,0.04782727,0.02703434,0.6465573,0.1085427,-0.06506961,-0.2040969,-1.726917,0.7207446,0.06876043,0.007823249,-0.4924624,0.1960535,-0.02894497,-0.001201902,0.1638155,0.02762404,-1.678591,0.146269,-0.171657,0.01838334,0.5282693,-0.2477881,-0.2465817
;
