-0.4772229
0.05633309
-0.0479905
-0.1909391
-0.1217535
0.2295972
-0.4485036
0.1692102
-0.2622652
-0.01651248
;
-0.1941305,0.2696654,0.1169639,-0.03293321,0.4665685,0.1814804,-0.1857443,0.3981487,-0.09927036,0.1463166
0.9633942,-0.2703899,0.7970976,-0.4237215,0.5742096,-0.1007672,-0.2445972,0.3729408,0.0007452292,-0.04386357
0.2407805,0.03649022,0.2223957,-0.1140582,0.03401521,0.3752632,-0.4390349,-0.04625236,0.6761743,0.3037173
0.3249001,0.06909272,0.3280757,0.06914002,0.2480608,0.4661407,0.1223918,-0.09540325,-4.859498E-05,0.04416903
0.07679096,0.1753417,-0.07417875,-0.01327522,0.2679389,0.2398854,0.1277608,-0.598353,-0.0769464,-0.001854241
0.002021504,0.2350574,0.0008112905,0.2390352,-0.1339708,0.1291655,0.02528726,-0.2423504,-0.3074459,0.2077137
-0.2766522,-0.3124281,-0.2818248,0.2148815,-0.9473887,0.7180556,-0.561174,0.2636014,0.157136,-0.6312752
-0.3301208,0.004311151,0.4794064,-0.3025328,0.1165596,0.009599575,-0.607052,-0.04509217,-1.252598,-0.1781339
0.2533553,0.1440241,0.0006343484,0.0162892,0.04776782,-0.8897035,-0.3709626,-0.07141937,0.4775907,-0.2684385
0.1321576,-0.4682388,0.1746954,-0.2871822,-0.4371682,-0.3419138,0.08540834,-0.03855686,0.1466765,-0.03061193
;
0.003722334,0.06778139,-0.562837,-0.05706614,0.1543215,0.2309255,-0.01113259,0.4991688,-0.1705793,-0.001893222
-0.4208272,-0.0220168,0.07094795,0.3614756,0.1977168,0.2443993,0.03162439,-0.39011,0.7549348,1.50466E-05
;
-0.2855582
0.4795233
0.3657306
-0.09882513
0.01078212
0.08097336
0.0504819
-0.227206
0.02286221
0.08333449
;
-0.4666282,0.1889167,0.007985764,0.7312759,-0.2214348,-0.0004838538,0.3722242,0.5316294,-0.2073945,-0.08870596
0.8000851,-0.4500788,-0.6417661,0.3549371,-0.09141047,-0.001361476,-0.4474177,-0.1202676,-0.08998626,-0.00688913
-0.1117465,0.2442772,0.002800836,0.0189361,0.7618996,-0.2288296,0.1308865,-0.1666878,0.09687944,0.1896449
0.0971331,-0.0925458,0.09238969,0.04947232,0.001146033,0.2191784,-0.0483084,-0.4670319,0.04605753,0.003694747
0.2605346,-0.3499265,0.1110495,1.345057,0.04648884,-0.09000527,-0.110066,-0.2345222,-0.00335053,-0.4204396
0.05804487,0.42212,0.01797682,-0.05360354,-0.2870494,0.007426152,-5.008484E-05,0.03813157,0.2221397,-0.002820891
-0.2276388,-0.2060203,0.006193408,-0.0001706016,0.3467819,0.04230911,-0.2310128,0.009643018,0.08104082,-0.08887345
0.4630009,0.456216,-0.2079399,0.002376053,0.03618187,-0.1131523,-0.3822815,0.01723507,-0.2587997,0.08267707
-0.04655083,-0.1085094,-0.2213185,-0.05334266,-0.1412376,-0.0101526,0.07519116,-0.07408603,-1.514175,-0.4497098
-0.02370945,0.328914,0.2984239,0.007490901,-0.02813083,0.1988702,-0.4424138,-0.02677423,0.3810378,-0.2633264
;
0.1966522,-0.01719323,-0.1165784,0.02891643,0.2154873,0.1694245,-0.3487059,-0.00229689,0.165689,-0.2363577
0.2549534,0.01705048,0.3500928,-0.1010079,0.1163121,-0.2112018,0.03150773,-0.4684449,0.4754639,-0.07805177
0.2761905,-0.01505238,-0.04130295,-0.0002966179,-0.3040199,0.3917521,-0.06745165,0.06701424,0.04460799,0.3582377
;
