-0.2219035
0.05034584
-0.0837141
-0.4855996
0.4723047
-0.1286373
0.4560946
0.2959985
0.3446774
0.1592886
;
-0.2459465,-0.4394888,0.196599,0.01602,-0.08905393,0.1640591,0.4450126,0.4043015,0.2707806,-0.1139221
0.03602463,0.4812562,0.3936437,0.1873714,-0.1298125,0.005655706,-0.1485552,0.1000296,-0.469111,0.1982338
-0.1268085,0.2352943,-0.2173048,0.2304848,-0.4555269,-0.2156785,0.4712518,-0.1004366,-0.04844195,-0.03079051
-0.4027208,-0.07452542,-0.3218135,-0.4655355,-0.4749284,0.3971393,-0.4728361,-0.2505388,0.1095302,-0.3886925
0.193956,-0.4527218,-0.2281139,-0.09516498,-0.2430812,0.2667713,0.2571765,0.2888871,-0.03855437,-0.21841
-0.3512034,0.3307128,-0.3886691,-0.4992964,-0.4297307,-0.4635764,-0.1186314,-0.09694582,0.4270762,-0.2071646
-0.3555597,-0.05615133,-0.135735,0.2510411,-0.3241454,0.1612638,-0.4899031,0.07735091,0.1079332,0.1356184
-0.04997379,0.4408263,-0.1358796,0.09965509,-0.1009666,-0.413113,0.4025259,0.05782801,0.3821243,0.4720976
-0.3236195,-0.01499552,0.6370751,-0.08243078,-0.4769,-0.1435944,0.3246174,-0.3629781,0.365695,0.05184823
0.4018698,-0.2948055,-0.2878146,0.192103,-0.3268806,0.1444895,0.1421853,-0.3913194,-0.1467624,-0.3054359
;
-0.3313011,0.1934365,-0.09568673,0.15433,-0.3161094,0.1769919,-0.362506,0.446926,0.22066,0.09950608
-0.211963,-0.001646459,-0.465212,-0.0008146167,-0.4168934,0.2845838,-0.1213891,-0.2035198,0.4895332,0.09554356
;
0.01065515
0.4413929
-0.02443513
-0.2572217
-0.4274648
0.1228105
0.1892997
0.2179623
-0.4102393
-0.2999163
;
-0.07100738,0.0005453475,-0.04929378,0.1848823,-0.851752,-0.1172221,-0.2796513,0.2859932,-0.00440282,0.3256668
-0.3739635,0.5412468,0.2829093,-0.4719659,-0.03444153,-0.01166896,0.2936767,-0.01521626,-0.07826418,0.1167685
0.3212409,0.2778025,0.1028184,0.2264408,0.2256838,0.05920647,-0.2265696,0.610961,0.331862,0.0523042
-0.470453,0.09430844,-0.09363616,-0.637771,-0.05695126,-0.04124522,0.1174367,-0.0331916,0.2000687,-0.445861
-0.1426747,-0.4304252,0.9560168,0.3639629,0.05512514,0.006984503,0.4199259,0.1082307,0.7181749,-0.2849398
-0.3448285,-0.07056165,-0.3038355,0.4500486,0.0006022236,-0.002828651,0.07867908,-0.0114932,0.01934105,0.3778755
-2.114654,-0.2680789,0.4994398,0.2367031,-0.1463619,0.06121596,-0.239043,0.7950737,-0.215167,0.2250553
-0.2876383,-0.1223066,0.0162075,-0.4993824,8.300279,0.6316583,0.02822837,-0.1696014,-0.1374654,-0.2570356
-0.3775865,-0.2951103,0.3774646,0.2766773,-0.04883486,-0.2580696,0.06165826,-0.7743863,0.726466,-0.2035548
-0.1925123,0.2693796,0.9596887,0.3652613,0.4978528,0.3632407,-2.889118E-05,-0.3303998,0.3737366,-0.001446653
;
0.1776148,0.001981727,0.4767776,0.276699,0.4914839,0.3143585,0.2951313,0.3603183,0.3670231,0.233341
0.1719123,-0.06949516,0.02588214,-0.4851722,0.02072333,0.01368397,0.4583288,0.03610283,-0.006841777,0.3348421
;
0.2247212
-0.005650938
2.117712
-0.005485642
0.1403813
0.1830905
-0.2275156
-0.2699187
-0.6731198
0.3730187
;
-0.004417926,0.1191905,-0.09133167,-0.1028417,-0.1381015,0.977093,-0.05474525,-0.02197735,0.002401726,-0.3292933
-0.1878708,-0.325703,-0.5627044,0.3515723,0.1648244,0.01153808,0.2411319,-0.04614057,0.1168985,-0.06171038
0.02420729,-0.3622336,-0.03152603,-0.137791,-0.04756441,-0.4658305,-1.905726E-06,-0.1775031,0.2987595,0.02219469
-0.2605937,1.061651,1.722957E-05,0.1889242,-0.426572,-0.003203949,-0.3571972,0.5087816,0.03814802,0.006182015
-0.04114554,0.1055933,-0.3857718,0.1186522,0.4741568,0.03242264,-0.0003264666,-0.4005843,-0.9112189,0.04189303
0.0402342,0.00823999,0.01918608,0.06265076,0.3755983,-0.03333608,-0.4080424,0.3019419,0.03998191,0.1584079
0.09085451,-0.5101258,-0.4841592,-0.1302985,0.03895205,-0.2212795,-0.4487896,-0.2122963,-0.04492432,-0.02337002
-0.02566819,-0.06452411,0.5866199,-0.05065382,0.006139273,0.2672063,-0.2679789,-0.03916143,-0.001391285,-0.1286721
0.4396009,-0.01192314,0.03615361,-0.5586273,-0.1399103,0.01222409,0.08729929,-0.0007366367,-0.1143034,-0.4076842
-0.2851189,-0.01588732,0.02696951,-0.0006325923,-0.3819261,-0.02361738,0.1829369,0.4064509,0.147064,-1.647239
;
-0.4643656,-0.579239,-0.4728296,0.005916803,-0.2990643,-0.4474104,-0.3380569,0.01740418,0.3595871,-0.1789826
-3.515719E-07,0.1288547,-0.09767459,0.4948679,-0.08694881,-0.1667239,0.0003628833,-0.008123503,0.1768925,0.2390449
;
0.1887709
-0.04328488
0.1672578
0.00136963
0.0372464
-0.1174053
0.1754233
0.4070059
0.00176665
-0.2815037
;
-0.1436411,-0.44067,0.2351562,0.46316,0.02659213,-0.01450836,-0.02537795,0.01119362,-0.5733192,0.1284215
0.4917871,0.06784207,-0.07084052,-0.01585418,-0.09396725,-0.7135602,-0.09553384,-0.4969767,-0.5461056,0.3353933
-0.05753752,0.01494721,-0.1144007,-0.3771522,-0.431864,-0.05728656,-0.121606,-0.2740053,0.1375856,-0.01028007
0.1910393,0.1074165,0.0004903874,-0.3038553,-0.0006972251,-0.01523332,0.6004129,-0.02804544,0.0712164,-0.1877746
-0.004860925,-0.3511361,-0.08530721,0.03306299,0.04876669,-0.3407971,0.07154707,0.2901663,1.770914,0.2638798
0.00341638,1.878585E-05,0.1506824,-0.8148079,-0.07909536,0.2580044,0.3236464,0.1536626,0.001056304,0.2719143
-0.1947628,0.2556914,-1.284753E-05,0.01046509,0.6570521,-0.3498369,0.07468265,1.143184,0.3424068,0.3277111
0.1039243,-0.3650061,0.09625365,0.2144466,-0.2278031,0.2504312,0.01449031,0.08617864,0.1382884,0.1820687
-0.1977292,0.4862212,0.02043399,0.01111634,0.02704908,-0.02974363,0.2854991,0.1262393,0.1823413,-0.1158014
0.2503943,0.3607262,-0.2821158,0.3402311,0.3719406,-0.2811925,-0.1220235,0.1750138,0.3628353,0.01072918
;
-0.5766302,-0.08364845,-0.4813408,0.04917739,-0.2082667,0.04362756,-0.4725,0.3759309,-0.03888886,0.861226
-0.4091864,-0.006603137,0.258253,-0.1242885,0.4164984,-0.1949508,-0.3854938,0.01574393,-0.4547585,0.03873321
-0.2218413,0.737002,-0.08695556,-0.08113515,0.3141781,-0.2889301,0.3857116,-1.467296,-0.09409481,-0.2711096
;
-0.04747807
-0.02250582
-0.3475528
-0.002159824
0.04046562
0.3841884
-0.03179139
-0.1360776
-0.4633251
0.1175828
-0.1554038
-0.0699749
0.0005416143
0.0004951357
0.2557501
-0.4762877
-0.01564664
0.05734926
-0.481503
0.4752389
0.06637857
-0.1357402
-3.292276
0.2801341
-0.3070755
-0.3699324
-0.6230229
0.6573185
0.0007420873
-0.3963775
;
0.06126741,0.4320006,-0.3966439,0.3133639,-0.1267234,0.02570345,0.0626807,0.1609334,0.4480178,0.4975009,-0.3990389,0.05668955,0.2064805,0.294812,-0.2370193,0.03857768,-0.1883376,0.09394592,0.06305867,0.4538587,-0.04523484,-0.007165521,0.002037534,0.01876456,0.07871884,-0.04964575,0.23361,1.674519,-0.008576207,0.1529281
-0.188548,-0.01723255,-0.1861916,-0.4758051,-0.1679891,0.3406097,0.3618053,-0.3784887,0.01977839,-0.3503051,-0.4627727,-1.998859,0.4385472,-0.009657097,-0.02376395,0.3124439,-0.2638884,-1.484871,-0.2665699,-0.08669776,-0.2114313,-0.08500478,0.1211646,0.4484185,0.2543381,0.5119926,-0.02193052,-0.0135207,-0.01578852,0.02176552
-0.1790259,-0.2750753,-0.2614495,-0.4369086,-0.4081292,-0.02374162,0.07133812,-0.1255877,0.3431259,-0.1355093,0.6822122,-0.1027443,-0.142306,0.04873085,0.870979,-0.01708275,-0.2841134,-0.4161594,0.04421954,-0.08519856,0.3583716,-0.002987493,0.08832186,-0.1367018,0.1794468,0.08607747,0.4347073,0.01458424,0.4590611,0.247235
0.3272179,0.3950183,-0.005548154,0.1677473,-0.0984676,0.001913627,0.01687416,0.4636042,-0.440428,-0.3268659,0.009419498,-0.0425927,-0.1906628,0.4807344,-0.3329551,0.9109139,0.3724751,-0.208801,0.366322,-0.5007496,0.003432108,-0.01585168,0.4674819,-0.1900651,0.2751772,0.1395676,-0.01309397,0.0006700557,-0.09968251,0.03322081
0.0002744519,0.001119665,-0.009366282,0.1198687,-0.252914,0.5585122,-0.4242651,0.0009922229,-0.4430244,0.0444789,3.86952E-05,0.05260296,0.09431593,0.7156826,0.0008318371,0.3393077,0.002591129,-0.3005596,2.351743,-0.5825625,-0.04743927,-0.03238449,-0.3440013,0.2632005,-0.01236209,-0.3827428,0.4239011,0.05509847,0.03434194,0.3028207
0.1089237,0.04370551,0.0009878121,-0.1173992,0.3962945,-0.2108867,0.07980198,0.2350844,-0.2308802,0.004035857,-0.03429104,-0.1767183,-0.1125841,-0.03961423,0.2986766,-0.195066,0.3643516,0.4808019,0.05266098,0.2740495,-0.1053103,0.01818504,-0.2160504,0.1800947,0.01137964,0.426555,-0.4547235,0.3307616,-0.4267231,-0.02060145
-0.3039162,-0.5352545,-0.07993469,-0.1408987,-0.03027016,-0.3922557,0.2495886,0.0002321393,0.2659917,-0.190738,0.03287156,0.6321838,0.4803096,-0.1810239,0.06125149,-0.4311213,0.0937019,0.1592625,0.3430726,-0.3018626,-0.2669306,-0.4471943,4.673683,0.5296224,-0.1729526,-0.004302875,-0.02653211,-0.002467094,-0.0009402204,0.812664
0.2238144,-0.133633,0.09401283,-0.1401755,0.4955372,0.09730757,0.3888125,-0.2702906,-0.001082685,-0.02153889,-0.3765208,-0.1331419,0.456723,-0.2909982,-0.2646631,0.1077113,-1.37214,0.383446,-0.4939568,0.3207483,-0.3327088,0.2793157,-0.2431243,0.1100958,-0.002216895,-0.06419355,-0.05298182,0.5409932,-0.07841723,-0.2178185
-0.1332244,-0.4033683,-0.3840656,-0.491597,-0.01258868,0.01767427,0.09349523,-0.2978554,0.4828924,-0.05454764,-0.4130315,0.2499128,-0.0248819,0.2607846,0.02027601,0.1966967,-0.00919425,-0.0001683111,-0.01958897,-0.2831951,0.07015875,-0.0685396,-0.1000478,-0.2406815,-0.1230238,0.07815653,0.04528481,-0.4556053,0.04998523,0.01162813
0.1032212,0.08241554,0.3275722,0.1149486,-0.0259766,0.07007177,-0.3125889,0.1284168,0.04521472,0.2679839,-0.5825351,0.006535833,-0.197344,0.4085565,-0.3766507,0.2399592,0.3064397,0.0512349,0.004162956,-0.01093679,0.1104897,-0.1117247,0.3556571,-0.5355296,0.9549116,-0.2482803,0.2216915,1.049044,0.06648403,0.00301314
-0.2257021,-0.2379236,0.04672402,0.01206257,0.2935073,-0.09665173,-0.9931347,-0.1095991,0.5951621,-0.03162777,0.08894857,-1.664469,-0.3162984,-0.3475302,0.2706668,-0.3551555,-0.4489081,-0.07915716,0.1233892,0.1269257,0.02794629,0.01727125,0.397496,-0.06994581,0.4701754,0.3050954,-0.204401,0.401098,-0.3127584,0.4985816
-0.006819302,0.1908278,-0.7149621,0.6047301,0.2974169,-0.3765469,0.02754855,0.07218929,0.2823733,0.05823344,0.3594596,0.3776149,-0.2675324,0.004049026,-0.2625409,-0.1415794,-1.455074,0.5155604,-0.5534565,-0.1953384,-0.1220978,-0.4179108,0.4783095,-0.1614939,-0.3278017,0.2176275,-0.2168465,0.3834377,-0.001162627,0.06279677
-0.3264954,-0.02044331,-0.02077263,-0.04462855,0.08412295,0.2972629,-0.4478347,-0.1291306,0.5611643,-0.05788175,0.1048907,-0.1977837,0.1181123,-0.09869379,0.03020316,0.4850045,-0.0589126,0.2232115,0.009476094,0.3580955,0.04824499,-0.1347093,0.1710449,0.1825964,0.151043,-0.04348153,0.1112279,0.8460688,0.186637,0.4681232
-0.1408236,0.01213618,-0.472446,0.01797084,-0.07147513,0.03537311,-0.3019753,0.05085798,0.7794802,0.4423567,0.07216328,0.004195176,-1.988886,-0.3366749,0.2338927,-0.4677048,-0.1568823,0.4045458,-0.3937712,0.1045498,0.4193696,0.2520492,-0.03162017,0.4991502,0.2952836,-0.08844589,-0.02645131,0.05904829,0.139108,-0.4497552
-0.849651,0.9557024,-0.1358454,0.393703,-0.0626992,0.2092345,-0.05068427,0.9187512,-0.2941918,0.3476223,0.2346768,-0.05127245,-0.1189438,-0.7046472,-0.002942516,0.1554214,0.179853,0.3755523,-0.4102315,-0.0213451,0.006421715,-0.06519979,0.05244102,-0.1621632,0.08564828,0.3895463,-0.009188622,-0.02060209,-1.394916,0.06947857
-0.1116112,-0.1075816,0.3159441,-0.03440871,0.02403886,0.1109285,0.01508157,0.006755868,0.3963891,-0.2587818,0.430961,0.4243284,0.0873273,0.1699193,0.008861936,-0.3348117,0.9380876,0.001636343,0.0001165099,-0.2847342,0.1334709,0.3728847,0.1312392,-0.4094076,0.3466066,-0.001138085,-0.01246399,-0.3237348,-0.3672169,-0.01123985
-0.1677682,0.146978,0.1669909,-0.2900284,0.2504466,0.01081455,-0.286593,-0.001154381,-0.355062,-0.001420254,0.240092,-0.001950649,0.2962137,-0.1213771,1.023824,0.489835,0.01048178,0.02847828,-0.3314302,0.2975264,0.07369846,0.2614346,-0.04015161,0.3351635,0.009784341,-0.3883615,-0.5190809,-0.1926522,-0.08862772,-0.125816
0.4688226,0.0008773089,-0.06121674,0.05022947,0.04188579,-0.01312059,0.4371289,-0.4752178,-0.05572214,-0.3586254,-0.01976657,0.04835974,0.04918169,0.00378497,0.2662659,-0.1606476,-0.04796284,-1.78147,0.2401234,0.04824489,-0.005288768,0.3986792,0.01856321,-0.2546029,0.3565352,0.07251877,-0.0006856188,-0.2645,0.4730051,0.07190806
0.2069645,0.4150715,0.5458929,0.1785808,-0.01799637,0.3456177,-0.06227034,0.4318807,0.006764987,-0.1910221,-0.150468,0.008047396,0.01334831,-0.2288672,-0.4650421,-0.08414286,-0.3194746,0.4419821,0.1568514,-0.477633,0.4234514,-0.068262,0.03467923,0.5379528,-0.2339628,0.1281316,-0.5029134,0.1653251,0.002736329,0.2600366
-0.2646407,0.2519212,0.1066131,0.0683297,-0.003032442,-0.0002429211,0.02145821,-0.1521421,0.00591845,0.03081042,0.08570233,0.3210602,-0.09132208,0.3470351,0.2296755,0.05557066,-0.0795038,-0.1020169,-0.3713076,0.4763123,0.4986919,0.0910101,-0.2840592,-0.01944882,0.3184388,0.0148285,0.001914103,-0.004205466,-0.01503671,0.07414875
0.3743492,-0.2540458,0.06091919,0.3233558,0.1934944,0.02022099,0.0318021,1.007652,-0.07249277,-0.009894408,0.1466503,0.3676679,0.02963646,-0.06924885,0.02339144,0.4579074,-0.2620238,-0.1465543,1.361838,-0.04287386,-0.2765046,0.03306974,-0.01865992,-1.275861,-0.0006514811,0.3794719,0.02479975,-0.01746547,-0.04889557,0.2716935
-0.2986379,-0.4667044,0.5576655,-0.2749914,0.05005331,-0.00939256,0.2836552,-0.01319845,0.1098356,0.1324266,1.257453,-0.4838061,0.009241668,0.07631528,0.2856024,-0.6197811,0.04391417,-0.03069681,0.0833474,0.3108831,0.4414071,-0.0163083,0.1009374,0.4274499,0.04483087,0.04242774,0.02317376,-0.1453924,-0.3528038,0.1791787
-0.02164567,0.004904654,-0.03736428,0.3076228,-0.1557536,-0.5653039,0.02036066,0.001350366,0.17856,0.3834256,-0.1840473,-0.0376512,0.1166825,0.03763061,-0.4555286,0.3766961,-0.4783984,0.1554612,-0.03531561,-0.003879216,0.09382397,-0.3935741,-0.348474,-0.001590285,0.006892116,0.3217492,0.1373031,0.2333729,-0.04628741,-0.02368521
0.06095558,-0.06042998,7.93939E-05,-0.2365081,0.1754169,0.1989078,0.2024225,0.1296535,0.2423966,0.7431256,0.5360914,-0.02355522,0.2783443,-0.01436463,-0.4083997,-0.05087012,0.01057773,-0.00348375,0.152869,0.01314074,-0.8716211,-0.1895687,0.005206698,-0.01446676,0.119056,0.501899,-0.1509191,0.6687905,-0.00626387,0.03188868
1.293939,0.01194581,-0.8723049,-0.4587687,0.1527822,-0.4264244,0.0004700591,-0.01179773,-0.4231788,-0.2354947,0.2215701,-0.3533518,-0.0982365,0.2656609,0.0875787,0.0268933,-0.3181899,-0.4199384,0.3680167,0.01004214,-0.001444636,0.4370202,-0.4162521,0.3236898,-0.03686467,0.01510353,-0.4608858,-0.5491962,-0.2899436,0.007098377
0.2422977,-0.02140148,0.3749368,0.05798551,-0.2611426,0.2287917,-0.005928189,0.7497398,-0.2032979,-0.4224764,0.0440721,0.2531043,-0.3987995,-0.007274874,0.6837584,-0.03995543,-0.2845943,0.01946314,-0.5331322,-0.4332086,-0.1179553,-0.5231321,-0.001196973,0.03214651,-0.7108973,0.02121914,0.8340752,0.3036386,0.0467765,-0.02864297
-0.1275281,0.007815421,0.1917778,-0.04972246,0.04229957,0.3520982,-0.04842723,0.2717936,-0.01788164,-0.1554702,0.1040012,-0.3801041,-0.08420414,0.2486268,0.3668693,-0.8751287,-0.002838135,0.2387531,-0.2305233,0.03104764,0.1888712,-0.2316007,0.03738505,-0.0778696,0.4428383,0.005805643,-0.4144213,0.8353613,0.3410338,-0.0001714253
0.8449748,-0.5497311,0.006876327,0.1882718,0.1957176,-0.2250188,0.3021659,-0.3203758,0.1818514,0.4626825,-0.1708726,1.258047E-06,0.1312815,-0.104094,-0.2345669,-0.2387615,-0.015692,0.1595329,-0.4480007,-0.02816776,-0.1076544,-0.380934,-0.4781923,0.1112609,-0.3815032,-0.2322044,0.0774508,0.006522339,0.8872562,0.002044937
0.4445096,-0.001588528,0.02508615,-0.1290839,0.1269777,0.0009351452,0.1171871,-0.2731198,0.7776067,-0.2624065,-0.4897719,-0.2697909,0.1129507,2.177583,-0.002323863,-0.3849353,-0.4654738,-0.138411,-0.3768063,-0.04793278,-0.1810944,1.531381,0.05070324,0.4707479,-0.3793525,0.8183309,-0.1333213,0.07990617,-0.003522156,-0.2567407
-0.2864074,0.2531581,-0.007928931,-0.7480777,-0.06221144,0.07700785,-0.2022069,0.2740588,0.5475231,0.01245951,-0.3234735,-0.1293229,-0.01472858,-0.3779069,-0.0001259112,0.1860243,0.170691,-0.1814267,0.03049345,0.00101231,0.1025087,0.005310692,-0.3807051,-0.5237026,0.006758943,0.0102165,0.06103042,1.043053,-0.193612,-0.4789739
;
0.2520814,-0.2511138,0.3752931,0.01433462,-0.0001811286,0.4504813,-0.01371373,-0.1791816,0.002133084,-0.1203082,-0.1146222,-4.486202,-0.09817404,0.4453003,-0.2840965,0.1597202,-0.1790787,0.1065428,-0.868175,-0.5730948,-0.02878338,-0.07101959,-0.120725,0.06763344,0.02719596,0.2118707,0.1026142,-0.06221929,-0.001882851,-0.4011174
0.08678919,-0.3579433,-0.4462653,-0.2628639,-0.2008692,-0.3748744,-0.336056,-0.4408627,-0.08811883,-0.01751596,0.04749889,0.1037358,0.4500785,-0.155577,-0.2489791,0.03988659,-0.3487352,-0.470892,-0.06271917,-0.4238076,-0.08479862,0.01487745,0.02282117,0.3478305,-0.08339775,-0.7154039,0.3021077,-0.01018693,0.4372096,-0.294133
0.007562993,0.2599959,0.03850994,-0.07882938,0.185759,-0.05712353,-0.3290739,0.4277387,0.09158888,0.1028213,0.2598619,-0.4231242,0.06896981,0.1673153,0.1906241,0.01912762,0.08320038,0.144429,0.1009715,0.06463534,-0.2506264,0.0002212834,-0.01162829,-0.04227573,-0.2777639,0.2460215,-0.0331836,0.3319936,-0.2259924,0.5818703
;
0.001856908
0.2285819
-0.03913004
0.4162725
0.1023152
0.1032712
-0.4450535
-0.4804063
-0.3429803
-0.4900446
0.02578597
-0.7975688
-0.3417263
-0.003782749
0.08561886
0.008205305
0.3887223
0.6088573
-0.1999413
0.126409
0.1195614
-0.07944983
0.498314
0.01169022
-0.03382949
-0.4595386
0.2558063
0.1983117
0.06519838
0.4184813
;
0.4274645,-0.0769278,-0.402375,0.01219046,0.01412681,0.5051389,-0.4272228,0.2408915,0.05439635,-0.4758005,-0.09634769,0.4337075,-0.2098033,0.1435509,-0.1567623,0.1840231,0.2982132,-0.3802683,0.2613638,-0.7425021,-0.1048366,-0.02934493,0.2105989,0.3665912,0.2901745,0.3227327,-1.051054,-0.3755029,0.3330859,-0.03326422
0.03362296,0.03114155,0.7575524,0.4747379,-0.05995348,-0.2364071,-0.1502574,-0.3749005,-0.07413715,-0.1158673,0.07708824,0.6579816,0.4008477,0.2026271,-0.1266373,-0.1479521,-0.1776295,0.3009276,-0.2205008,0.01071755,-0.3989034,0.2846296,-0.2687387,0.08611525,0.4607038,0.05222701,-0.1126341,-0.3392293,0.004403669,0.4333378
0.03297159,-0.459662,-0.3224845,0.3407611,-0.02481547,-0.0863822,-0.07808417,0.003120639,-0.3325882,-0.04888179,0.00243932,0.9052851,-0.4105335,0.4359391,0.3651584,0.1546796,-0.3993596,0.7658674,0.09009725,0.3084892,0.5889344,0.415095,0.02816657,0.0291506,-0.06528114,-0.2917112,-0.04318263,0.02381987,0.004511329,-0.006532965
0.07023174,-0.1068289,-0.1728556,-0.2654568,0.3255183,-0.7253389,0.4663465,-0.3252782,0.2780823,-0.001298471,-0.009885533,-0.1286006,0.09860343,0.002786856,-0.6052574,-0.3219572,-0.2237726,-0.181981,0.2223187,0.005659767,-1.150388,-0.2256944,0.009976495,-0.2872405,0.298077,0.442697,0.7092827,-0.2644826,-0.4976648,0.1279711
0.5750828,-0.4619662,-0.06659963,-0.3557485,0.2721921,-0.3865622,-0.7100887,0.2434261,-1.190564,0.4993111,-0.1422677,-0.451152,0.02031714,0.3649953,-0.281231,0.3276095,0.1074683,0.07033729,0.7257461,-0.03078321,0.1458179,0.001499835,-0.003236872,0.2696264,0.1414522,-0.202189,0.01073745,-0.1632701,-0.01242523,-0.4150385
-0.1936278,-0.4750869,-0.1529101,-0.1630599,0.09404078,0.1519072,-0.5663534,0.09142294,0.6006655,-0.05157596,-0.2922156,-0.1529607,-0.4360958,-0.3510651,-0.1640772,0.02816945,0.3058145,0.07370198,0.3975458,0.002017975,0.01231273,0.5060265,-0.03703684,0.005966088,0.1103747,0.08926016,0.3511336,-0.01571399,0.2063269,-0.4285834
0.01726283,0.01013012,-1.597782,0.1036159,-0.09296367,-0.05782264,0.4244683,7.752919E-05,-0.07881813,-0.04191443,-0.3612982,0.191453,-0.4487696,0.0369727,-0.173274,0.007723959,-0.3218561,0.4059534,-0.2349003,-0.1093886,0.01386754,-0.009706265,0.07272977,-0.386785,-0.09659618,0.02705742,-0.4328461,-0.00564152,0.1156839,0.2097036
-0.1476308,0.06284483,-0.2611181,0.2368065,0.365021,-0.2435167,-0.3355056,0.4043854,-0.1112668,0.2461161,-0.0563907,0.4366619,-0.159762,0.1624928,-0.6083006,0.2944169,0.5181022,0.03937254,-0.1432964,-0.1104071,-0.01176873,-0.1493557,0.2702461,-1.049997,-0.05710763,0.001344233,-0.1798835,-0.08238254,0.1998943,-0.7340373
0.3257513,-0.2760887,0.07903963,-0.005771425,0.06246049,-0.3505235,0.1874795,0.04603547,-0.08416516,0.3097166,-0.3047213,0.1044827,-0.2413258,-0.2489794,0.4946118,0.3748806,0.7053489,-0.2695003,0.2178351,0.0487382,0.5190293,0.002336667,-0.1004877,-0.2769731,0.1099087,-0.1157248,0.3474662,0.00345434,-0.1516688,-0.2362454
-0.05283423,0.4442255,0.3610332,0.006663444,-0.2384781,-0.1102927,-0.508522,0.3240253,-0.3494469,-0.5652693,0.1294989,0.1596551,0.02488822,-0.2697877,-0.0993076,-0.3512724,-0.3823495,0.1718895,0.02878056,0.1164653,0.2197603,-0.1114884,0.5505603,-0.04765224,0.0176506,0.03616029,0.0272594,-0.5572588,0.7274213,-0.0186828
0.1167354,0.1738117,0.1083302,-0.07614702,0.161294,-1.731962,-0.02293766,0.1319776,-0.006972332,0.07343601,-0.2573981,-0.007656164,-0.1230464,0.08360864,-0.09397203,0.2747057,-0.02009338,0.8145151,0.2399739,0.003452092,0.2041109,-0.5252553,1.644793,-0.004978077,0.004660996,-0.2268324,0.1991541,0.2039602,-0.3889991,0.02946407
0.4991669,0.06146795,0.3489687,-0.1491383,0.02640443,0.003775893,-0.1041647,-0.05906528,0.2714587,0.09518545,0.4274606,-0.4933238,-0.008991539,-0.144698,-0.509114,0.3768327,0.07052983,-0.2885854,0.1798814,-0.03572196,-0.1777172,0.0008259704,0.001993067,0.0160415,-0.9984673,0.1581112,-0.3488978,0.1044523,0.1667634,-0.01155955
0.1660828,0.3073072,0.009569082,-0.08370342,0.247172,-0.09739672,0.008519794,-0.4195428,-0.0260914,-0.09423083,0.0008838628,-0.4521167,-0.07778985,-0.05686771,0.3074383,-0.08969975,0.3101329,0.03058683,-0.2850509,0.4525899,0.3996257,-0.9975311,-0.3524511,-0.01617638,0.0001881761,-0.1844725,0.05277442,-0.08552486,-0.0203528,0.1506612
-0.2376052,-0.06819287,-8.469784E-06,-0.02572519,0.1514635,0.3563658,0.09164322,-1.673217,-0.3047062,0.2939711,0.06872618,0.2574306,-0.0003041807,0.6377092,0.0958873,0.0008616437,0.3304513,-0.4982198,0.2746226,-0.04622787,-0.3309646,-0.1879129,-0.07553916,0.325032,-0.1331656,-0.6103998,-0.1613554,0.3854413,-0.02761528,-0.2984096
-0.06581027,0.03134814,-1.520386,0.06843822,0.3479526,-0.01477578,-0.9116257,0.0227533,-0.6607295,0.2305046,0.04170042,0.09107086,-0.08461732,0.09834615,-0.09194396,0.001276781,0.3015816,0.2811362,0.1782412,0.281603,-0.162946,-0.4808517,0.1073497,-0.05736715,0.663636,0.02690173,0.09679905,-0.03852872,-0.07771779,-0.4233202
0.007845783,-0.4307433,0.01888692,0.5645986,0.1225156,0.555257,0.01550792,-0.02293115,-0.4578204,-0.1439976,0.02897432,0.1449298,0.03995902,-0.5567511,0.3358845,-0.05841747,0.3655018,-0.01018447,-0.201134,-0.05595491,-0.2612611,-0.1986028,0.4537877,-0.008782373,1.046363,-0.2163281,-0.3999765,-0.01597189,0.02576009,-0.4349942
-0.2646324,-0.4430379,-0.009220078,-0.007925683,0.4962342,-0.2659501,-0.09349686,0.07468194,0.3430204,-0.005538948,0.4842833,-0.01108691,-0.001270073,-0.3507826,0.09059447,0.1744497,0.008170857,0.06610045,0.2954654,0.001367255,-0.4130386,0.2548841,-0.3067337,-0.040958,-0.0993337,-0.01899818,0.3534883,0.429655,-0.2349138,0.02349316
0.2166093,9.187698E-05,-0.05476362,0.339801,-0.7319573,0.05884129,0.02642159,1.059615,0.0205442,0.0372207,-0.2420911,-0.1354371,-0.4340015,-0.02392944,0.2454975,0.01515681,0.5341626,0.07350175,0.231302,0.009507555,0.007220907,-0.3943144,-0.4948658,0.1357184,0.1797117,-2.47065,-0.2026498,0.0002004468,-0.08734656,0.1250703
0.1255254,0.01702827,-0.1137783,0.3868002,-0.3220836,-0.3517288,0.2084918,-0.8355163,0.02760182,1.060729,-0.3826215,0.6101265,0.822879,0.06876101,0.4257941,0.2703073,-0.3314474,-0.2738329,0.006340976,0.4232898,-0.4455974,-0.1495818,0.001758106,0.05562549,0.2696526,0.01137616,0.1212695,-0.1029962,-0.03512924,0.2933513
0.05199999,-0.4517919,0.2536236,0.4352628,-0.4294883,-0.5051387,-0.1026874,-0.1703199,0.3115259,-0.06720221,0.3482418,0.1503003,0.4576159,0.3981397,0.2793896,-0.06691051,-0.0293887,0.1217621,0.2377721,-0.0142321,-1.604882,-0.4130873,0.3283149,-0.5468176,0.2125835,1.891792,-0.3980087,-0.06025261,-0.1720659,-0.3793688
0.3481004,0.1212245,0.1346838,-0.1247172,-0.1518941,0.4784622,0.244902,-0.4069345,-0.4611773,-0.05452927,-0.4068933,-0.04776629,-0.1410381,0.3151293,-0.3617569,0.01233765,0.3078459,-0.1088277,0.01900367,0.008266664,0.2947092,0.377104,0.101881,0.1664263,-0.05549353,-0.7746668,-0.002766103,0.6323406,-0.4675447,0.01185273
0.02009749,0.4483417,0.06957266,-1.329199,0.3829424,0.1633717,-0.6325654,0.01285033,-0.1726269,0.448059,-0.06433719,-0.03532463,0.184039,-0.04457879,0.3187082,-0.4489508,0.1003534,0.2799942,0.4773298,-0.729299,0.3010954,-0.3415608,0.5750119,-0.1186882,0.02293888,-0.1002113,-0.05693381,-0.06833889,0.2079946,-0.4202596
0.02464026,-0.3329461,0.0005738188,-0.7179188,-0.1995952,-0.1970392,0.05942781,0.103142,-0.2908072,0.0400438,0.005481309,0.3113941,-0.3854204,-0.03222961,-0.393023,-0.06478569,0.3412516,-0.2273799,-0.2187476,0.04781287,-0.005263507,-0.06558867,0.1174455,0.02648237,-0.02435094,-0.4569317,0.124254,-0.01867534,0.000230536,0.03702635
0.1872254,-0.05401462,0.3139821,-0.2669727,-0.4487532,-0.09556188,-0.02060035,0.0004970809,0.1490119,-0.04337559,-0.4509675,0.3890685,-0.1047559,-0.04638829,0.06959029,-0.0556946,-0.1364292,0.1248125,-0.03777339,-0.1835293,-0.1108802,-0.2060749,0.07793391,-0.06671036,-0.1062635,1.032012,-0.04186147,-0.1649219,0.1623299,-0.2917838
-0.499994,0.1707848,0.02402252,0.2169819,-0.1156057,0.2958632,0.3476727,0.01502118,-0.3847282,0.3896337,-0.1990936,-1.0543,0.129784,-0.2300775,-0.1135955,-0.0264866,-0.07652663,0.4744908,-0.2605298,-0.4749014,-0.6289929,0.2823133,0.02501121,0.1184796,0.008450091,0.6639253,0.13105,0.02258859,-0.005758936,-0.03251457
-0.4118278,-0.3179054,0.1794987,0.1195632,0.03604556,-0.6283241,0.02220319,-0.1924786,-0.6202552,-0.4602326,0.648719,-0.03014868,0.4689301,0.482193,-0.0341689,-0.2491804,1.815026,0.3014147,0.01222652,-0.02164072,0.01381058,0.1892241,0.009101176,-0.4556071,0.1803173,0.4154651,-0.3620285,-0.004652228,0.2953442,-0.5149953
-0.54014,0.007905015,-0.06494743,-0.6606323,0.2616725,0.2719628,0.3861617,0.2422622,-0.1586957,-0.04552728,0.4505216,0.4084399,0.4856092,-0.1056746,1.032325,0.03599758,0.05887238,-0.02078335,-0.3740006,-0.3350215,-0.07890838,0.1969635,-0.008185035,-0.113813,-0.09858779,-0.270138,-0.11896,0.1078824,-0.1052918,-0.00480092
0.08337345,-0.2271756,0.1086708,-0.3433633,-0.3567364,-0.2289012,-0.06885427,-0.03432757,-0.1591964,0.2704567,0.4312898,0.7756745,-0.1660492,-0.4594349,0.1815708,-0.003715864,1.532878,0.005259526,0.002354356,-0.06360384,-0.1524687,-0.370212,0.4227183,-0.6257144,-0.2793097,-0.07094528,-0.372149,-0.3092915,0.7609097,-0.003362973
0.004897521,-0.6522038,0.7832572,0.06661209,0.03463897,0.0374644,0.000283454,-0.1614417,-0.4932774,-0.03854021,0.2089292,0.04660039,-0.06284917,-0.4144707,0.1274348,0.07781146,-0.171539,0.6148823,-0.1784314,0.4655713,-0.01688945,0.1852704,-0.005888466,-0.13044,-0.2704369,-0.04765128,0.06460112,0.01511004,-0.05475968,0.3092275
-0.04212275,-0.3293363,-0.002142282,-0.4483725,0.2393598,0.2490671,-0.3089257,0.005574191,-0.05627102,0.006158769,-0.1548178,-0.6253135,0.764437,-0.003003754,0.03587252,0.00500977,0.457628,-0.003389204,0.03246874,-0.003533207,-0.3389437,-0.1783649,-0.07658663,0.4139371,-0.07987749,0.1151227,-0.0002813342,-0.1849557,0.5963563,-0.3676529
;
-0.1128035,0.4710222,0.0744733,-0.1010717,0.1171623,-0.7183481,-1.623674,0.003122151,-0.01894075,0.1344002,0.131502,0.7811416,0.2367947,0.08415383,-0.04165131,-0.03425666,0.3285168,0.3101025,-0.1180656,-0.05189568,-0.6733717,-0.1815104,0.02358419,0.05435674,-0.5995811,-0.0766973,-0.4235972,-0.06413595,0.08986399,-0.1142279
-0.08568263,-0.2645291,0.1347101,0.1709253,-0.132051,0.2446031,0.00536937,0.1172349,-0.1211555,-0.0287863,0.1628436,0.052949,0.04541722,-0.3273074,-0.02497894,-0.2642351,-0.2106803,-0.4071522,-0.5020138,-0.5246767,-0.09941977,0.07110213,1.241624,0.103388,-0.5497528,-0.2053031,-0.4786316,-0.03585489,-0.05988631,-0.2643954
-0.05917001,0.303405,-0.1354951,-0.1261011,-0.281837,0.2439532,0.0595789,0.1843958,-0.1731379,-0.05300397,0.4428868,0.3216084,-0.1746867,-0.4459647,-0.00896735,0.0734775,0.02683573,-0.05368561,-0.06355094,0.1723176,0.8191515,-0.00748632,-0.04073968,-0.5043949,-0.04996319,0.4059561,0.8003,-0.2846543,-0.1692889,-0.2240516
;
-0.1730922
-0.0022911
0.06156186
-0.03273672
0.0005561287
0.5466768
0.2140168
-0.4673157
-0.01968104
0.07701749
0.02560812
0.4270612
3.875527
-0.145184
-0.1299954
-0.4497176
0.1144174
0.3430816
-0.1313215
0.4663932
-0.2985827
-0.1791419
-0.5961009
0.0005625913
0.3512686
0.01846156
-0.4898526
0.005908489
0.6794013
-0.4200223
;
0.04316165,-0.3675481,0.2201737,0.02771914,-0.2201903,-0.3823029,0.9465703,-1.527108,-0.9351249,0.1253475,-0.006188225,-0.159134,-0.06772274,-0.05242121,-0.1079046,-0.3314139,0.0483212,0.1193478,0.2709756,-0.3126926,0.2114817,-0.1606702,-0.4203699,-0.7531845,-0.155643,0.1432555,-0.4005219,0.2064819,0.07083863,0.02848559
-0.4951739,-0.03935245,-0.1395818,-0.06574088,-0.8095176,-0.2205101,0.1337333,0.0765262,0.3993689,-0.1751296,-0.01199061,0.2173209,0.683828,0.1725731,0.01843634,0.2765995,-0.1164682,0.828519,-0.009356439,-0.1725111,-0.1842604,-0.1379903,0.2517917,-0.4642116,0.3648134,0.1646866,-0.1652179,-0.2576677,-0.300119,0.3903901
0.07957138,0.006586346,0.02191368,-0.002039634,0.0797874,0.02065279,0.1312413,-0.4387228,0.3283644,0.4114599,0.001845844,-0.8851876,0.2570995,0.3554038,0.2662359,-0.04067713,-0.05972759,0.001905226,-0.3187685,0.1335293,-1.060665,0.0004127535,0.1653263,0.1107612,-0.1615632,-0.04501207,-0.765152,-0.2251134,-0.01385061,0.9120674
0.2293151,0.1891085,0.04028069,0.2206297,-0.001210904,0.002371725,0.4500551,-0.1954976,0.4136382,-0.3321329,-0.02485879,-0.008934915,-0.06756693,-0.7565486,0.03129522,-0.02370577,0.4731679,0.3200996,0.3530176,0.05486086,-0.7222149,0.9042045,0.04010724,0.1324872,0.2089543,-0.5982495,0.03500096,0.0355869,-0.05346495,0.4419025
0.5874572,0.3496527,-0.2320983,0.164253,0.3368472,-0.01314198,0.360172,-0.001988601,0.1198341,-0.7010735,0.4348948,0.2936938,0.00302609,0.0201532,-0.1528371,0.1766961,1.230894,-0.07841159,-0.4722416,-0.1692865,-0.06950727,-0.4860075,0.03810464,0.6188956,-0.4179559,-0.7823769,-0.04138374,-0.372565,0.1129035,0.02052257
0.4403386,0.3087133,-0.002260851,-0.111372,-1.688912,0.2814243,0.1591241,0.346027,-0.8123255,0.1497494,0.4114827,0.3042706,0.3910738,0.0009773752,0.9462324,-0.247662,-0.008504332,-0.2660768,0.08302294,-0.1460583,-0.3296229,-0.2755791,-0.0351739,0.03134205,0.3621021,-0.01558193,0.4925402,0.2304906,0.9194127,-0.06453615
-0.321978,-0.3380383,0.7248018,-0.02353727,-0.04158478,-0.08416814,-0.2503365,0.0382746,0.4477193,-0.3271747,0.08889516,1.304755,-0.002964874,0.5411368,-0.03066685,-0.3175176,-0.3598123,0.009939373,0.5856759,-0.09077355,0.01896273,0.1988239,0.000729794,0.006825864,-0.5056719,0.07032179,0.06313933,0.1074307,-0.04072994,0.03493496
-0.1321342,0.07718361,0.7420766,-0.3914495,-0.3434564,0.2416058,0.1353039,0.05882734,0.3216158,-0.1018991,0.3146771,0.3587434,-0.5383204,0.02126835,0.384402,0.02910477,0.09216469,-0.3153863,-0.4344548,-0.4209361,-0.4551595,-0.03439835,-0.6915792,0.00672071,-0.3153957,-0.0181116,-0.1276305,0.34305,-0.02591333,-0.08395834
0.09972078,0.5872383,0.3863436,0.1016701,0.2399971,-0.07042078,0.6248903,0.4124383,-0.005466918,-0.01115694,-0.001741976,-0.3183186,0.3900538,2.083615E-06,0.02640202,-0.1361215,0.3341253,-0.3576533,-0.2837586,0.1362664,-0.3380045,0.2106385,-0.001173768,0.1989003,0.2132175,0.3424721,-0.05130128,0.0510003,0.06733168,-0.07755063
-0.06563231,-0.003597889,0.2569252,-0.182586,0.3760554,0.4034481,0.008221862,-0.4539924,-0.003371775,0.3671555,-0.02315574,-0.01594535,-0.07718536,-0.09900898,0.08663872,0.005720807,0.1165077,0.774677,0.2872915,-0.0742957,0.2650762,-0.2275777,-0.0324659,-0.2756224,-0.129381,-0.417135,-0.8218059,-0.3108176,-0.1842385,0.02684957
0.183544,-0.4134194,0.4444222,0.06609469,-0.002784398,0.3513488,-0.3796697,0.04050842,0.3891566,0.0006434318,0.4197231,0.0503352,-0.1486907,0.3921885,0.3651654,0.1089216,0.1199922,0.4120858,0.2312587,0.2008506,0.4907101,-0.6084215,-0.4652343,0.5576622,0.367404,-0.3703905,-0.2290663,0.2869016,-0.3821464,-0.03855535
-0.03866929,-0.02781522,0.3709094,0.1116078,0.04841083,-0.2813705,-0.4296772,0.4828864,-0.5273815,0.3012343,-0.4738247,0.002579314,0.157174,-0.3341311,1.073038,-0.001453629,-0.05662149,0.4902587,0.001356855,-0.3651152,-0.06949296,-0.1221897,-0.09338377,-0.006751075,0.2196791,-0.00478137,0.3208897,0.4574767,0.2573623,0.004712563
-0.1413791,0.372248,1.32303,-0.387234,0.2527799,0.03245432,-0.2168063,0.3512253,0.4491901,0.2168193,-0.009410163,0.493829,0.1478041,0.286643,-0.08495849,0.7832028,0.3176416,-0.001294398,-0.0218719,0.6711046,-0.00886642,0.2271738,0.02770877,-0.3508284,0.2531039,-0.1977182,0.5822158,-0.5336136,0.2038537,0.2133341
-1.554847,-0.2270173,-3.255581,-0.07388324,-0.4120972,0.4348001,-0.6707373,-0.2151738,-0.2309746,0.3785846,-0.05393916,0.9682139,-0.15369,0.4661067,-0.000225454,-0.3942522,0.007804033,0.3974515,0.23139,0.2399517,-0.2849447,-1.026833,0.01826264,-0.262629,0.3276143,0.02985084,0.4891207,0.1646689,-0.01076457,0.112435
0.3764094,-0.1906182,-0.5130324,0.3497014,-0.3001853,0.3457221,0.5217884,-0.03007917,-0.2028733,0.05996317,0.002565559,-0.04837455,0.264945,-0.4986166,0.3169572,-0.951212,-0.02908082,0.4867647,0.3938234,-3.521651E-06,0.1169707,-0.1009743,-0.006911396,0.04639153,0.4988871,-0.1130869,0.2782166,-0.1405735,-0.04140502,-0.05878979
0.00124884,-0.7051936,-0.05642922,0.1483727,-0.3909988,0.01585072,-0.01039311,-0.1796247,-1.138197,0.04285989,-0.4043236,0.9417686,-0.7031395,0.005885017,-0.3238791,0.01139671,0.03342042,0.08382826,0.01954566,-0.007643882,-0.03114094,-0.1357419,-0.07312442,0.08381466,-0.01190295,0.926714,0.01941747,-0.4703053,0.06955448,-0.07248914
-0.1498711,0.6407934,-0.01009221,-0.04006176,-0.113717,0.6748013,-0.0244146,0.322906,0.5490755,0.1090798,0.0003119391,-0.03056996,-0.0008978244,0.1775626,0.4778489,0.3809011,-0.2464938,0.1322005,-0.3813436,0.3033602,0.1379154,0.0004139249,-0.1404095,-0.3859411,-0.00021409,1.309773,-0.01027375,0.3820964,-0.1637407,-0.07226698
0.182595,-0.01522879,0.09007118,-0.9903547,-0.322751,0.106999,0.3288199,-0.1081772,-0.01937189,-0.2707509,0.03417748,-0.2828548,-0.1484072,-0.007315096,0.07291535,0.1461587,-0.06072396,0.06032738,-0.2313005,-0.2074044,-0.05034095,0.0242663,0.4206694,0.4420023,-0.1348753,-0.3210044,-0.1064009,-0.0157233,0.7412476,0.17163
-0.0550465,0.3751992,0.03026768,-0.06258203,0.129176,-0.08758048,0.2769808,0.1527132,0.07789658,0.1134506,0.1504614,0.5867323,-0.135002,0.1353093,-0.08574521,-0.7176034,0.4873308,-0.2404313,0.4517347,0.3561903,0.4564353,-0.06804609,0.003990414,-0.3676594,-0.2158483,0.4992175,-0.1659105,0.4797747,0.403451,0.02348866
-0.04674136,0.09361898,0.725119,-0.0008953969,-0.05242056,0.2858248,0.001446796,0.04980512,-0.1082692,-0.04232617,-0.6329227,0.009365048,0.3863698,0.284,0.007725858,0.1193252,-2.154657,-0.1481857,-0.3258231,-0.06195974,1.208975,0.4554111,0.4024307,0.04610258,0.0524619,0.01490229,0.08958355,-0.4578198,-0.001714193,-0.6633604
-0.02986225,0.1304726,-0.1039087,0.06342389,0.0600258,0.06875876,0.4158403,-0.6556575,-0.4845631,-0.4668429,0.1159153,-0.4608809,-0.03779608,0.08512764,0.03807472,0.06760832,0.003663262,-0.3096074,0.08888169,-0.2151879,-0.1423213,2.28422,0.3495292,-0.2187212,-0.1458614,-0.1831911,0.005234639,-0.08578855,0.004708263,-0.03165439
-0.2065535,0.5267884,-0.1523281,-0.0001597424,-0.001260941,-0.2227916,0.06587686,0.04032549,-1.101945,-0.2081355,0.07316393,-0.001007598,0.3677203,-2.018227,-0.1638781,-0.1706988,-0.7380885,0.01352451,-0.2166482,0.4750922,0.19167,-0.4144144,0.3692684,-0.1502931,0.04117817,0.002815367,-0.4018098,-0.3341113,-0.2389854,0.1829492
0.1813378,-0.0708892,-0.0578602,-0.03315308,0.1307375,-0.1024023,-0.3125712,0.4780267,0.008237898,-0.2207159,-0.008480145,0.4132529,0.08224517,0.5814235,0.005446414,0.2098237,0.2033565,-0.005544841,-0.137926,0.100875,-0.2635286,-0.6854818,-0.5514264,-0.4722629,0.3935896,-0.002156844,0.01171038,0.1393701,-0.00720357,-0.1319008
0.4029291,-0.3168408,-0.1480236,-0.2374041,-0.1211956,0.4505994,-0.09855735,0.04326278,0.05298108,-0.04914137,0.03716644,0.06562668,0.01797521,-0.2794665,-0.09363558,0.1793577,-0.03479308,0.0007954728,0.272156,-0.02302279,-0.5244342,0.06509457,-0.2565753,0.001542956,0.001187966,0.2983366,0.2910983,0.08035291,-0.4942473,0.01943583
0.2413766,0.2948547,-0.2559922,-0.5810269,-0.04735124,0.014213,-0.4376574,0.2942761,0.1105221,-0.3192998,-0.03486489,0.8077646,-0.1322024,-0.2081987,0.2462611,-0.2370465,-0.0315343,0.4375579,-0.3583791,-0.7301341,0.3248395,0.2632058,0.02499383,-0.4011231,0.0007752801,0.3371331,-0.6214609,0.2170863,0.2802173,0.1314996
-0.3924489,0.05590246,-0.5683774,0.06552296,-0.001853609,-0.2303723,0.2054852,-0.03472471,0.1012107,-0.1284507,0.09991045,0.909413,-0.1781383,3.252989,-0.2622971,-0.001081896,0.2632128,-0.01021902,0.4259126,-0.009396899,0.03515773,0.04847721,0.0006052934,-0.4689164,0.00689333,0.07912236,0.01012899,0.7436008,-0.2914749,0.1059793
-0.329074,-0.3329266,-0.746817,0.01560662,0.1255306,-0.01677603,-0.0357445,0.1734562,-0.05781039,-0.008646053,0.2211364,-0.1015744,0.09935042,0.2291806,-0.09294957,0.4853966,-0.4496955,0.08215271,0.06198126,0.002038901,0.7171236,-0.0001079889,0.2711356,0.5830405,0.2306098,0.207195,0.3248903,0.6068147,-0.1352745,0.1418149
-0.05822569,-0.04366785,0.7510424,0.1959449,0.2254971,-0.2936062,-0.3800827,0.3182446,-0.1128365,-0.001206809,-0.1372816,0.103998,0.3601028,0.1054947,0.7871222,0.2233546,0.02598763,0.04840879,-0.4693961,0.7880732,-0.07285727,0.3585355,0.5866064,-0.0163689,-0.4955078,-0.01000669,0.2910602,-0.004102729,-1.860627,-0.5364538
-0.06635825,-0.001409451,-0.04777926,0.4157157,0.01523407,-0.01804094,-0.04260473,-0.02198492,0.01659163,-0.2432791,-0.159924,0.1209722,0.3088852,0.8363174,-0.7160038,-0.08538999,-0.139634,-0.5706018,0.3955936,-0.263505,0.06295416,0.08817261,-0.2980465,-0.06859499,-0.08706189,0.32839,-0.3386304,0.001796932,-0.5981979,0.4064023
0.0763538,0.365374,-1.020615,-0.08676565,-0.216341,-0.4488276,-0.04908898,0.283169,0.1454273,-0.1706618,-0.1945015,0.2965264,0.2873183,-0.002156015,0.07084258,0.05420993,0.03611261,0.09215254,0.9844848,0.4894464,-0.134357,-0.3583456,-0.07602854,0.9924717,1.411723,-0.01775887,0.06333154,-0.1436404,0.3411051,0.4920132
;
-0.007080269,-0.07224356,-0.06138782,0.01657923,0.001818815,0.3270367,-0.4977072,0.02705122,0.0002335723,-0.03504576,-0.02158803,-0.03242415,0.01482054,0.2136248,-0.01901268,-0.0001835665,0.1321196,-0.1366972,0.02703098,0.1507742,0.2276341,-0.380266,-0.04458393,-0.1430454,0.0857098,0.3285908,-0.001677203,-0.4502525,0.4859084,-0.008494833
-0.6413991,0.02107312,-0.1782044,0.1239291,0.3915055,-0.00276127,0.04335121,0.03076226,0.156455,0.2886759,-0.2265212,-0.2487385,-0.0259853,-0.06190878,-0.2113661,0.01121557,-0.1760244,-0.2755544,0.2429506,0.1475053,0.1066938,-0.001480039,-0.07803092,-0.3962243,-0.5784569,0.02718502,0.03106633,-0.4583629,-0.1886006,-0.04340996
-0.005335333,-0.06224758,0.009435475,-0.0876133,0.2079875,0.03892065,0.3806075,-0.173729,-0.4591399,-0.3586938,-0.1884531,0.2146501,-0.04100277,0.7794133,-1.02303,0.0932427,-0.007823249,-0.06332818,-0.06991619,0.04094157,0.02623881,0.5754092,0.0302221,-0.8161961,0.3166624,-2.215304,-0.01320141,-0.07364293,0.2363224,0.1912137
;
