-0.01178402
-0.3129191
-0.007328698
-0.2374479
-0.2456521
0.001759742
-0.3961551
-0.03358778
-0.5169051
-0.6220922
;
-0.8256661,0.07518727,-1.24805,-0.360617,-0.01189391,0.3206944,0.03965646,-0.1902211,0.06453436,-0.4478223
-0.1935143,0.00672301,0.3236688,0.4197257,-0.2547822,-0.2701755,0.006810801,0.5854592,-0.09042028,-0.001765907
-0.2558926,-0.2925853,0.7639912,0.002323159,-0.04630762,-0.03037018,0.3179165,-0.468379,-0.08857554,-0.04637217
-0.2463035,-0.05590277,0.03052749,-0.06976166,-0.1946569,0.02250077,-0.2084348,-0.09540325,-5.086325E-05,0.4690655
0.2614871,-0.3586371,0.3758138,0.1346886,-0.1714953,-0.004854689,0.0006374221,-0.2280046,0.1841081,0.09659177
0.3140714,1.305102,-0.1275559,-0.1568374,-0.214833,0.4845912,-0.09215731,-0.6486235,0.0004278175,-0.5385404
0.09056945,0.08466524,0.2818248,-0.2851971,0.1518664,0.4744596,-0.4198785,-0.4405312,0.06334215,-0.6008991
0.191157,0.001736376,-0.5361151,0.1168346,-0.2357497,-0.211281,0.03895627,-0.007425156,0.001136307,0.3359272
-0.1444439,0.2536621,0.1407373,0.003456536,0.02521243,-0.1945486,-0.01064492,-0.0843062,0.09938882,0.3898661
0.04957938,0.00945404,-0.00954634,0.07096857,0.002866328,0.3010711,-0.07659383,-0.1015829,-0.1777472,0.1492388
;
0.0008100851,-0.3664266,0.2773753,0.0001112324,-0.01186616,-0.05043625,-0.02634307,0.02944726,0.4798859,-0.1840026
0.00550804,0.4023808,0.01430348,-0.3653609,-0.1332146,0.9258704,-0.3075069,-0.04195086,0.013776,0.01533836
;
-0.02509577
-0.4910566
0.06939773
0.3855907
-0.06176663
0.2459475
-0.09560283
-0.08132751
0.3431782
0.4107642
;
-0.1522712,0.09122614,0.1492393,0.3537486,-0.2119919,0.4601156,0.5190356,0.3286998,0.07909606,-0.4148244
0.4119506,0.1171887,-0.09120774,0.4376004,-0.05463737,0.3321283,-0.9185148,0.3951502,0.1755629,-0.01121121
-0.161656,0.1595232,-0.2181156,0.1307866,-0.4183729,-0.09700117,0.188748,-0.1373869,0.2343967,-0.6524592
-0.0004748879,0.08969248,-0.4502027,0.02794101,0.002743879,0.2519508,-0.4753835,0.4670319,-0.09717437,0.06446725
0.4593542,0.4928045,-0.07210237,1.241633,0.02587861,-0.1278034,-0.3560533,-0.1031142,-0.2518904,0.002573195
0.1747676,0.3372962,0.3371433,0.1314238,0.1341415,0.4148923,-9.731053E-05,0.00983047,0.267358,0.5641452
-0.3122222,-0.01552281,-0.000380658,0.1771843,-0.01288432,-0.4220332,-0.1814067,-0.4801211,0.06405073,-0.002125189
0.07158325,-0.2225366,0.4036767,0.03722044,0.4480797,-0.2340707,-0.4790778,-0.01329165,0.02220851,-0.2783227
-0.07355589,0.1802739,0.5338926,0.002633893,0.0007813607,0.2914829,0.008184956,-0.1691812,-0.3613566,-0.1426959
-0.3099982,-0.3508037,0.946032,0.4049855,-1.733238E-05,0.1030424,-0.001937,-0.1407226,-0.4671338,-0.2633264
;
0.7106877,-0.3271021,-0.3638913,0.0138058,-0.1088302,0.04971858,-0.431614,0.7311996,0.4106386,0.007107198
-0.4622207,0.5968326,-0.4791646,-0.05425129,0.00863996,-0.06368977,0.05650573,-0.3988955,-0.4825046,-0.2794771
-0.2720853,0.4810146,-0.5413201,0.1822148,-0.006532233,-0.09213898,-0.2954599,-0.07897812,0.3344553,0.00569131
;
