-0.2219035
0.05034584
-0.0837141
-0.4855996
0.4723047
-0.1286373
0.4560946
0.2959985
0.3446774
0.1592886
;
-0.2459465,-0.4394888,0.196599,0.01602,-0.08905393,0.1640591,0.4450126,0.4043015,0.2707806,-0.1139221
0.03602463,0.4812562,0.3936437,0.1873714,-0.1298125,0.005655706,-0.1485552,0.1000296,-0.469111,0.1982338
-0.1268085,0.2352943,-0.2173048,0.2304848,-0.4555269,-0.2156785,0.4712518,-0.1004366,-0.04844195,-0.03079051
-0.4027208,-0.07452542,-0.3218135,-0.4655355,-0.4749284,0.3971393,-0.4728361,-0.2505388,0.1095302,-0.3886925
0.193956,-0.4527218,-0.2281139,-0.09516498,-0.2430812,0.2667713,0.2571765,0.2888871,-0.03855437,-0.21841
-0.3512034,0.3307128,-0.3886691,-0.4992964,-0.4297307,-0.4635764,-0.1186314,-0.09694582,0.4270762,-0.2071646
-0.3555597,-0.05615133,-0.135735,0.2510411,-0.3241454,0.1612638,-0.4899031,0.07735091,0.1079332,0.1356184
-0.04997379,0.4408263,-0.1358796,0.09965509,-0.1009666,-0.413113,0.4025259,0.05782801,0.3821243,0.4720976
-0.3236195,-0.01499552,0.6370751,-0.08243078,-0.4769,-0.1435944,0.3246174,-0.3629781,0.365695,0.05184823
0.4018698,-0.2948055,-0.2878146,0.192103,-0.3268806,0.1444895,0.1421853,-0.3913194,-0.1467624,-0.3054359
;
-0.3313011,0.1934365,-0.09568673,0.15433,-0.3161094,0.1769919,-0.362506,0.446926,0.22066,0.09950608
-0.211963,-0.001646459,-0.465212,-0.0008146167,-0.4168934,0.2845838,-0.1213891,-0.2035198,0.4895332,0.09554356
;
0.01447295
0.4413929
-0.03229069
0.3310285
0.5132973
0.1228105
0.0706223
0.0413422
-0.4102393
-0.01589834
;
-0.07100738,0.0005453475,-0.1314435,-0.4308295,-0.5788578,-0.7532117,0.3282378,0.9040396,0.004092101,-0.2558648
-0.3739635,0.302974,-0.003907681,-0.4719659,0.2823758,-0.01438634,0.6263687,0.04000208,-0.07658346,0.4928353
-0.3153341,0.2778025,0.1056276,0.2837824,0.1592963,0.05920647,-0.2265696,0.3496977,0.4389458,-0.3150462
-0.1424927,0.0571693,-0.1096511,0.3857213,-0.02075499,-0.1082283,0.1195677,-0.2410869,0.1093989,-0.4787732
-0.07701689,0.006308088,0.3002171,0.3639629,0.05512514,0.1223971,0.4199259,0.4641129,0.3880566,-0.2849398
-0.2773109,-0.07099503,-0.3038355,0.4592401,-0.0006901153,-0.002828651,0.07867908,-0.007915275,0.01934105,0.3778755
-2.114654,-0.1946965,-0.0798566,0.2367031,0.1457304,-0.1392631,-0.1524397,0.4365152,-0.5166169,-0.00891872
-0.0004970926,-0.3275031,0.0162075,-0.4993824,4.754299,0.6316583,0.02822837,0.6750379,0.4868933,0.3084778
-0.1644984,-0.2951103,0.422155,-0.2343637,-0.04883486,-0.2580696,0.06165826,0.4784648,0.4117461,-0.2035548
-0.1925123,0.05404616,0.5537846,0.008509913,0.1732155,-0.1878825,-2.889118E-05,-0.3303998,-0.3737366,-0.009406635
;
-0.1776148,0.001981727,-0.01656178,0.1885105,0.4914839,0.206778,0.2951313,0.4296795,0.3670231,0.1674816
-0.1719123,0.06014754,0.2189212,-0.4851722,0.02072333,-0.01368397,0.2628269,0.03610283,-0.4477242,0.1576794
;
0.2670164
-0.4592397
-1.122492
-0.09557108
0.5758136
0.1830905
0.1182049
0.2245686
0.3667814
-0.3127264
;
-0.0109065,0.1191905,0.09133167,-0.15342,-0.8115237,1.286906,-0.05247315,-0.02197735,-0.002401726,-0.1295043
-0.4710422,-0.009168565,-0.5627044,-0.3515723,1.062885,-0.01153808,0.2158742,-0.07145614,-0.1168985,-0.2987021
-0.1195848,0.05309974,0.03152603,-0.1415929,-0.04756441,-0.7005052,-5.442979E-06,-0.4936979,0.335061,-0.4258845
0.01301975,0.5693319,1.722957E-05,-0.02565235,0.3289073,-0.002445167,-0.002449755,-0.3040667,-0.08292673,-0.01128836
0.02267379,-0.4574118,0.2883089,0.3861715,0.4137255,-0.06607467,-0.0003264666,-0.3463469,-0.6500291,-0.1353586
0.8726642,0.00823999,-0.01918608,-0.04497408,0.3755983,-0.03333608,0.01804223,0.3823781,-0.03998191,-0.00118116
-0.06145159,-0.4782097,0.1549392,0.4893284,-0.4504336,-0.2905071,-0.02378194,-0.4653061,-0.2493708,0.04013954
-0.1205189,0.005545185,0.5866199,0.07561129,0.006139273,-0.6534101,0.1988097,0.05116748,0.001391285,-0.03893393
0.4396009,-0.01192314,-0.01630384,-0.174192,-0.07693261,-0.03413006,0.6919987,-0.0007364823,-0.0175795,0.4076842
-0.2706716,0.08888417,0.1579069,0.2977068,-0.3762736,0.02477289,-0.07132132,0.5248898,-0.05130786,-0.4735264
;
-0.00249729,-0.579239,-0.1753883,-0.004897124,0.08077005,-0.2464455,0.3380569,0.09752232,0.8778471,0.1789826
-6.046931E-07,0.1288547,-0.1363297,0.2877229,0.09885736,-0.1647661,0.0001898408,0.004217421,-0.3157058,0.2845392
;
0.1887709
-0.1192584
0.09626789
0.001297799
0.09997743
-0.02394423
-0.343838
-0.1263219
0.003346043
-0.2815037
;
0.02803235,-0.211327,-0.2282837,0.281488,0.2675068,-0.6776596,-0.03437685,0.04381631,0.5733192,-0.1402164
0.2088465,0.01037104,0.1178313,-0.01585418,-0.09396725,0.6771738,-0.09553384,-0.4969767,0.05980941,0.2690061
-0.05753752,-0.1259533,0.8752145,-0.1606873,0.118497,-0.05728656,-0.05797861,0.4296457,0.1375856,0.4956427
-0.2698876,0.02673255,-0.02543604,0.7767707,-0.0003049049,-0.02793079,-0.4306172,-0.07408429,0.04340458,-0.04150623
-0.007168105,0.2743389,-0.04604509,-0.1923364,0.0276973,-0.3445143,0.4876744,0.167394,-1.197585,-0.1398535
-0.1138939,0.003959251,0.1506824,0.4585299,0.1040656,0.1610352,-0.5671888,0.1536626,0.001056304,-0.1356558
-0.09714729,0.1206653,-0.0002764178,-0.01046509,0.3622962,0.02347354,-0.07468265,0.4967238,-0.3079127,-0.2401744
-1.038103,0.1952785,0.09949571,0.008536105,0.02738814,0.1672935,-0.4584996,0.03298891,0.1382884,0.06617535
0.0350637,0.3769213,0.02043399,-0.4795165,-0.03266874,-0.02225586,-0.1508953,0.1194325,-0.3155413,0.3685092
0.06880385,-0.427176,-0.04046875,-0.02499276,0.3719406,0.01713954,0.4285032,-0.1750138,-0.4524822,0.05151131
;
-0.2763284,0.5097576,0.5030687,0.03762912,-0.1317415,0.007234334,-0.219533,0.3247552,-0.03888886,0.861226
-0.330212,0.002926173,-0.258253,-0.3813428,-0.4164984,-0.1949508,-0.1321936,-0.1312456,0.08405934,0.02881503
0.3472352,0.6031739,0.08695556,0.2441035,0.3141781,0.3251978,0.02051946,1.467296,-0.3593066,-0.007281075
;
-0.005253849
-0.1717928
0.2032183
0.007597586
0.3704071
-0.490128
0.2211841
-0.08221132
0.006684708
0.5497372
-0.3574857
-0.07473501
0.2667862
-0.2329068
0.2557501
0.2739557
-0.1474671
0.07164362
-0.9024255
-0.1981189
-0.001462393
-0.5544709
-0.5411785
0.1356069
-0.3070755
-0.01768917
0.01249274
0.3761351
0.001018514
0.3963775
;
0.01296911,-0.1907632,-0.08415908,-0.0007384419,-0.1664296,-0.1642301,0.4756154,0.05873965,-0.5147084,-0.01050105,0.3802719,0.04583436,0.02026589,-0.2162961,0.2370193,-0.1233371,0.02009683,0.04570362,-0.07060089,0.08581159,0.0183626,0.213909,0.1134938,-0.03946224,-0.6113098,0.01135524,-0.4198431,0.9429584,-0.06179324,0.01046455
0.1525034,-0.008525573,0.1576032,0.003869983,0.1378392,0.06052556,0.1173161,-0.1362596,-0.1140525,-0.3503051,0.2883695,-0.3078421,0.2195409,0.04016002,-0.01238497,-0.2479475,-0.03367982,0.135934,0.1840306,0.03340377,0.03703065,0.1421884,-0.1110747,-0.07254165,-0.4207566,-0.6939299,-0.09568332,0.0135207,0.1195776,-0.1638826
-0.07719655,0.07250525,0.00229461,0.4136914,0.3943957,0.01768518,0.3997712,0.06130463,0.4124477,-0.3291405,-0.2152157,-0.02318001,0.03906117,-0.003793755,-0.3600231,0.5462912,-0.6000437,-0.2870587,0.2664553,0.168656,0.4638814,-0.1867743,0.08832186,-0.127468,0.209536,-0.06458034,0.2492532,0.3265677,0.01214748,-0.171176
-0.5035496,0.3039706,-0.001227076,-0.4957846,-0.001674928,-0.0167783,0.01140076,-0.5330968,-0.1604595,0.445466,0.2130374,0.2685915,-0.4866734,0.004471828,-0.3329551,0.8364925,-0.02517623,0.3763586,0.0729354,0.5007496,0.01894686,-0.3234731,0.245292,-0.1900651,0.2233436,0.01079267,-0.01309397,0.0006700557,-0.1461316,0.06350547
-0.1327737,0.006040315,0.09772226,0.123572,0.2882713,0.3793194,-0.1322091,1.598489,-0.5708433,0.0444789,-0.124194,0.1335651,-0.1177752,-0.2321661,-0.008526443,-0.06858407,-0.01532788,0.2005926,-0.5025827,0.3201112,0.03891883,0.04679873,0.4109983,0.5047864,0.1984547,-0.005641439,-0.05010623,2.056006,-0.08450542,-0.23988
0.1093554,-0.003415166,-0.002285846,0.01779026,0.01637132,-0.1611527,-0.07005411,0.9291176,-0.2538871,0.3736238,0.05047566,0.1230929,-0.2221723,0.0004888723,0.007447541,0.2928185,0.4140405,0.5403199,-0.1329134,0.1505138,-0.4597026,-0.295122,0.2160504,0.3936717,0.292212,-0.1772269,-0.4547235,-0.606904,0.06743646,-0.1821647
-0.06100562,-0.7097881,-0.04857884,-0.01377511,-0.3980471,0.4427695,-0.04284284,-0.0009362286,0.2659917,-0.1928744,-0.002800385,0.3486157,0.02874273,-0.2355773,0.1075099,-0.1949249,-0.06566339,0.8144993,0.3430726,-0.3018626,-0.09068457,0.004646804,-0.2677284,0.5741041,0.02083141,-0.002516001,0.3383253,-0.005425793,0.05304056,-0.7827094
-0.004271318,-0.07666125,-0.005533956,-0.224344,0.3075,0.1033041,-0.007327457,-0.3315607,0.4004495,-0.2153119,0.1060669,0.3141422,0.1777984,-0.0937091,0.05906256,0.0853073,-0.4343019,-0.3215172,-0.125551,-0.2801952,0.2112018,0.2902912,0.1043572,0.1110114,-0.02908987,-1.777478,-0.4470118,0.5409932,-0.02771077,0.006885003
-0.2834228,-0.2743402,-0.0660509,-0.2407815,0.06765185,-0.1162973,0.0557484,0.06981041,-0.1893798,0.04332591,0.4834895,0.06275906,0.2033899,0.01067441,-0.01714657,0.222854,-0.1763851,-0.0001836758,-0.3680452,0.03947037,0.1140187,0.07448941,0.4336631,-0.2172508,0.0748532,-0.4803906,-0.2893558,0.002672003,-0.469076,0.006782575
-0.3250693,-0.08991674,0.3060088,-0.04592897,-0.0259766,0.0589167,-0.2629973,-0.003364326,0.3049009,-0.02517655,-0.02242836,0.01880633,-0.2328212,0.2395009,-0.3766507,-0.2735155,-0.01054005,-0.3169427,0.4029942,0.1956156,0.1448614,-0.4290297,-0.03756195,-1.182799,-1.126979,-0.06880344,-0.1634509,0.7349945,0.1774369,0.001223414
-0.4871676,0.2507232,0.2310657,0.01206257,-0.04945755,0.1541965,0.04179758,0.1000098,-0.1727936,-0.02670941,-0.008823931,0.02557846,0.3067486,-0.3971012,-0.03726071,-0.04074432,0.02163341,-0.2027564,-0.2394032,-0.08842704,0.9193467,-0.01343247,0.266833,0.07140166,0.2204038,-0.3683397,-0.0965541,-0.00121212,-0.4319351,-0.0670879
0.01471605,-0.3503806,-0.4510628,0.8255066,0.224516,0.3820322,-0.2527225,-0.1148129,0.01016123,0.01449207,-0.0001136232,-0.4785602,-0.1589959,0.004177264,-0.4279343,0.005478818,-0.1687231,0.2840249,0.5534565,0.6764953,0.07283802,-0.0009685606,0.9984044,0.1614939,-9.366124E-08,0.09171516,0.008118119,0.2845345,-0.3805412,0.003935453
-0.3141544,0.03386921,0.5686094,-0.3789673,0.0005183596,-0.391336,-0.4478347,0.05097906,-0.144864,0.4988321,0.007205546,-0.002341768,0.2578483,0.06329229,-0.07097036,0.380244,-0.04774619,-0.2774898,0.06818025,0.304501,0.2717241,-0.5759647,0.08364,0.7338496,0.151043,0.2559972,0.02021448,1.464376,0.4569225,0.0730391
0.03829272,0.05014521,-0.1354965,0.01193915,-0.01037423,0.08954473,-0.04356509,-0.08550134,0.5263294,-0.3189027,0.2681736,-0.3303852,-0.2159021,0.3643181,-0.1153817,-0.3679653,0.1942686,-0.4291788,-0.119042,0.1571641,0.06824327,-0.186999,0.03162017,-0.0005278147,-0.10363,-0.133899,-0.01770151,0.2082268,-0.1980777,0.00136237
-0.1988143,0.6091223,0.2878501,-0.393703,-0.003835003,0.2092345,0.2910231,0.4527026,-0.448365,0.1314286,-0.1938589,-0.4566179,0.01821647,-0.3906404,0.3517475,-0.1303253,-0.484165,0.3755523,0.4592608,-0.3784373,-0.2367432,-0.04025069,0.3520153,0.1689801,0.03461812,0.131786,-0.07788648,-0.07061164,0.9088593,0.02533061
0.08011974,-0.04697034,-0.04018778,0.2128816,-0.799041,0.04645894,-0.001523554,0.8444723,-0.04492483,-0.1786627,0.07451999,0.4243284,0.1361931,0.03772396,0.3241707,-0.0718115,0.02190869,-0.06162177,-0.01778418,-0.1920774,-0.006855806,0.7708279,-0.06494042,-0.4835395,0.4322791,-0.004461954,-0.1493646,-0.01073243,0.4555202,0.0110592
0.1148519,0.6160884,0.1518968,0.299111,-0.9073564,0.006892642,0.2383938,-0.1624686,-0.2064412,-0.1696512,-0.04163891,0.4135229,-0.2962137,-0.7264631,0.6681323,-0.01590471,-0.4662751,0.02847828,-0.1316891,0.3237821,-0.1158493,0.2614346,-0.06988498,0.6352097,-0.2823314,-0.693626,-0.01630503,-0.4714015,0.4068045,0.1349816
-0.3578248,-0.163559,-0.1847356,-0.2639424,0.2696755,0.9657695,-0.2356809,-0.6352407,0.3234365,0.02935485,0.05480248,-0.1035861,-0.1656922,-0.00378497,-0.2662659,0.002130365,0.06391945,-0.731743,-0.1777378,0.2962615,-0.8191605,0.3012058,-0.3518166,-0.1049851,0.3565352,-0.0481289,0.0200852,-0.4344957,0.1777874,-0.2214241
-0.1257376,0.4150715,0.3756648,-0.4207864,0.154847,0.1222964,-0.06227034,0.4318807,0.02273512,0.1910221,-0.1658255,-0.08362959,-0.1257341,0.1406494,-0.03957373,-0.1004971,0.06265087,0.5153551,0.1208258,1.01315,0.6585238,-0.116214,-0.1159441,0.05586606,0.012092,-0.8907552,-0.03885504,-0.04212355,-0.01647916,0.4682841
-0.01622361,-0.236072,0.05118441,0.1818681,0.0003553359,-0.1174763,0.0419989,0.4195698,-0.6917457,0.2449846,-0.1726218,-0.2280809,-0.03691734,0.1791298,0.2891186,-0.3383514,-0.1621935,0.3192542,0.4118234,-0.02792129,-0.08897855,-0.0293084,-0.04682344,0.2454975,0.4651682,0.03170758,-0.002102288,0.006528857,-0.02553683,-0.07414875
-0.2612835,0.2690428,0.01607078,-0.05509068,-0.6480848,0.00731925,-0.04818317,-1.035128,0.07249277,-0.174229,-0.2691765,0.1676306,0.127867,0.09623736,0.02466242,-0.4579074,-0.148895,-0.461355,-1.361838,-0.4820929,-0.06503154,0.1127004,0.01123586,-0.46202,-0.0006514811,-0.3062431,0.1039144,0.07191296,0.2629544,0.05274504
0.4551511,-0.001616657,-2.34856,1.366933,-0.03372511,-0.00939256,0.1969569,0.02103623,0.253433,0.2738826,-0.3197522,-0.8978316,0.0096016,-0.04617411,-0.08945352,-0.09515306,0.4179205,-0.07540255,0.0821963,0.3113124,0.4605857,-0.1440759,-0.1009374,-0.2168346,-0.03757561,0.09256393,0.05679237,-0.4123881,-0.03698483,0.7757784
-0.007902649,0.1269908,-0.01750945,0.4504701,0.02514159,-0.6382642,-0.1258724,-0.001366979,0.1846637,-0.4334635,0.4067485,0.2129057,-0.08713275,0.03763061,-0.1647771,0.1810101,0.427073,-0.06539536,-0.08441633,-0.003879216,0.06405554,-0.4932256,-0.4521879,-0.002943862,0.009840773,0.3030865,-0.3424407,-0.2593904,-0.0644837,-0.1965452
0.05556003,-0.04274439,-0.07080966,0.2365081,-0.2128669,0.09543127,0.2338198,-0.3722279,-0.00217038,0.2594236,-0.003905225,0.2455864,3.463894,0.02596787,0.4983504,0.531655,-0.03438424,0.234699,-0.2402259,0.2490066,0.8716211,0.04249996,-0.005206698,0.02386392,-0.04932764,0.4068438,0.1485783,-0.5217583,0.2306882,0.1457041
2.022037,0.2693953,0.3797181,-0.8216404,0.1842871,-0.3190975,0.0009646848,-0.297726,-0.0559148,-0.05512149,-0.2402447,-0.1353327,-0.004353745,0.05759507,6.839875E-05,0.0268933,0.34217,-0.0153193,0.4114519,-0.009141329,0.5374356,-0.0004475586,-0.02704812,0.4669795,-0.02875943,0.01510353,0.37298,-0.2955502,-0.1591989,-0.0004519708
0.5105278,-0.04803614,0.3749368,0.4923203,-0.2798317,-0.2192085,-0.02880059,0.1776458,0.2965771,-0.2406729,-0.03279709,-0.3092016,-0.4476624,-0.01256921,1.190452,-0.003822741,-0.006107915,0.01946314,-0.7225878,-0.2445975,-0.1179553,-0.5231321,0.01065608,0.67483,0.288887,0.01826146,1.184086,-0.4648333,0.6613501,-0.002929048
-1.186061,0.3926361,-0.03300349,-0.0252208,0.1084853,0.09456914,0.2398497,0.2369953,-0.01153515,0.07906305,-0.3134365,-0.001065833,-0.01017592,0.03089136,0.3668693,-0.2017305,-0.2800043,0.1494717,-0.003248331,-0.2274593,-0.2022816,-0.2316007,-0.03124519,0.03282878,0.4798295,0.2372234,-0.1073815,-0.7041584,0.2566005,6.554415E-06
0.5606002,-0.02633494,0.007050735,0.06226077,0.3762544,-0.2034984,0.1369475,0.1688411,-0.4473826,-0.5152645,-0.3986768,-1.258047E-06,0.336433,0.4723379,-0.2783916,0.2864493,-0.1358843,0.1989735,-0.4854205,-0.1987041,0.2183015,-0.02873294,-0.4684029,-0.4524907,0.4591499,-0.01614544,-0.1130415,-0.3576238,0.06787504,0.006138554
0.1188092,-0.001018112,0.01539203,0.3384266,0.1226479,0.001607053,0.196825,-0.1154673,-0.04238266,-1.47275,0.0428091,0.02261043,0.04923401,-1.327043,-0.001660402,0.3849353,0.05203139,0.1596532,0.01106778,0.008098546,-0.001214937,0.2690789,0.5342715,-0.3013101,0.3793525,-0.07186753,-0.3551812,0.07990617,0.3366985,-0.02727789
-0.02802022,0.4145423,-0.009201435,1.060001,0.02272597,0.5692405,0.4374598,-0.9749213,0.2845691,0.007149824,0.3859367,-0.4102433,-0.04951419,-0.03172506,-0.04091155,0.408411,-0.1823194,0.4306827,-0.04392844,-0.0007432301,-0.3907729,0.2790936,-0.3807051,-0.2624105,-0.2990029,0.04060324,0.06103042,0.1842685,-0.193612,0.1672262
;
-0.2952763,0.2038402,0.3752931,-0.05973953,-0.0008033129,0.04332018,-0.0004752565,-0.211521,0.004701984,0.09900939,-0.03689374,-3.304221,-0.4993938,-0.3559733,0.4252013,0.3179343,-0.5296684,0.2571307,-0.6879728,0.005470389,-0.02019031,0.5926184,-0.4262267,-0.1204172,0.4311049,-0.01872319,-0.1026142,0.0283944,0.003227434,0.01610835
0.1059771,-0.3027123,-0.4462653,-0.1537514,0.196596,-0.7424399,0.336056,0.4408627,0.1666058,-0.01751596,-0.03680134,0.2260467,-0.004257203,0.3704367,0.2819369,-0.3830357,0.04848523,-0.01497731,0.06271917,0.2183637,0.2134011,-0.2259986,0.005746973,0.001357612,0.1748785,0.3782705,-0.6763338,0.01140192,-0.03766608,-0.3277256
0.4858454,0.4668475,0.07644416,-0.1071065,-0.2342061,0.05712353,-0.3604033,0.4277387,0.09158888,0.4198117,0.2704937,0.455495,-0.02837691,-0.2735202,0.1524327,-0.02835092,-0.3011565,0.005012792,-0.0905895,0.2346816,-0.2506264,0.0002308959,0.04903014,0.01092866,-0.0294041,3.051766,-0.03258372,-0.07357806,-0.1332746,-0.5679516
;
0.1220796
0.1788804
-0.6319675
-0.02837409
0.4719675
-0.05972461
0.06822046
-0.09772998
-0.3429803
0.01485188
0.03754076
0.03924304
0.4473133
0.4056965
0.1285895
0.0419055
0.3239998
-0.2744599
1.862641
-0.126409
0.4183202
-0.2606331
0.498314
0.01169022
0.02085954
0.0155821
0.2103716
-0.1205259
0.06519838
-0.4116443
;
-0.05337183,-0.02629316,0.402375,0.02480269,-0.05107278,-0.05598455,0.3419409,-0.339107,0.05439635,-0.4758005,-0.04538931,0.4658183,0.2261094,0.1435509,-0.298799,0.05256912,-0.2338577,0.01748123,-0.3797541,0.7425021,-0.07165283,-0.02934493,0.6288567,0.1954137,-0.78032,1.23169,0.5842295,-0.000507176,0.002312423,0.6291512
0.09610522,0.01898176,0.4095287,-0.09805912,-0.06897494,0.4761692,-0.08545071,0.2037152,-0.9087409,-0.4089956,0.09728738,0.7820821,-0.3537177,0.4572372,0.04951228,0.1479521,-0.1279277,0.3009276,-0.09987169,0.03614675,-0.04943369,-0.0597101,-0.2045184,0.08611525,0.2030453,0.05222701,-0.2277946,0.3187686,0.01477218,0.402836
0.05118901,-0.0002575404,-0.3224845,0.2203106,0.2317844,-0.05495244,0.07808417,0.2089708,0.2788954,0.04888179,-0.01997033,0.4017273,1.340142,-0.206876,-0.3651584,0.5521621,-0.3993596,-0.03438104,-0.2074137,0.3084892,-0.7016205,0.415095,0.02816657,-0.08597318,-0.3777008,0.004486551,0.4099905,-0.4006435,0.002760893,-0.0128916
-0.9495796,-0.4429845,0.1339662,-0.1012338,-0.6295971,0.3647956,-0.1030449,-0.3252782,0.2725773,0.001298471,-0.01278893,0.08082043,-0.200188,0.1862882,-0.3516203,0.3219572,0.2237726,-0.1208021,-5.228606E-05,0.4407971,0.8646041,0.1628883,0.009976495,-0.2667986,0.4131604,-0.8069451,-0.1075593,0.287709,0.1879424,0.3902776
0.5750828,0.2479458,-0.2786207,-0.01970366,-0.1239583,0.3865622,0.7781798,-0.2920065,-0.7201443,-0.003186674,0.6724426,-0.04826218,-0.0905635,0.2953986,-0.281231,0.06854802,-0.1074683,-0.04693677,-0.7795636,-0.4144583,0.1532603,0.08652434,-0.4166592,-0.283892,0.1414522,-0.002451113,0.01073745,-0.1632701,0.15161,0.01817089
-0.1030199,0.1025992,-0.1495892,0.1033582,0.5771607,0.5902874,-0.08043259,-0.007655203,0.260653,-0.09166081,-0.2922156,-0.2330408,0.4360958,0.3441168,0.172452,0.02816945,0.1648985,0.04612257,0.2394844,0.002017975,0.01231273,0.07229489,-0.1171364,-0.07446909,-0.01114671,-0.1137342,-0.03417064,-0.0305329,0.2063269,-0.3424827
0.1021893,0.221447,-0.4805834,-0.1036159,0.2624856,0.03047997,-0.1712207,-0.04505426,0.2836448,0.03193718,0.3612982,-0.1047982,-0.3606008,0.09239052,-0.2014531,0.09971815,-0.3218561,-0.4028834,0.2349003,-0.2806323,0.01968844,-0.009706265,-0.3811368,-0.4761927,-0.472826,-0.02705742,0.00764045,0.3801084,0.08058608,0.1307458
-0.2593229,0.03381139,-0.5640067,0.1464971,0.3610694,0.06815324,0.4960116,0.4043854,-0.06947798,-0.1648063,-0.01592308,-0.3286339,-0.5476429,0.1624928,-0.6112646,0.5311715,-0.005321438,0.03937254,0.4520147,0.1104071,-0.01296405,-0.1493557,-0.8373367,-1.049997,-0.006011156,-0.002070721,-0.01465059,-0.04185167,-0.02976364,-0.367499
0.4676614,-0.3107791,-0.2055002,-0.03083691,0.236655,-0.08213469,0.003409316,0.006420352,-0.2047401,0.3999748,0.3047213,1.472877,0.01798976,-0.1609029,0.3080003,0.3592634,0.7053489,-0.274295,0.2178351,0.06845659,-0.3921849,-0.3868847,-0.1004877,0.2769731,0.06424348,-0.1891795,-0.3470553,0.004664555,-0.332738,0.2362454
-0.235711,-0.006223484,-0.3113933,-0.5061209,-0.2384781,-0.53534,-0.2633616,-0.3240253,-0.4714563,0.07126708,0.05706411,1.093897,0.02488822,-0.2697877,0.0993076,0.4460481,0.3119719,-0.1718895,0.1747008,0.1857034,0.005973538,0.4373946,0.5505603,-0.3517323,0.2315743,0.1111058,0.0272594,-0.5572588,0.5718496,0.03588553
-0.1167354,-0.1738117,-0.06343704,0.1074852,0.1262306,0.4694363,-0.02459918,-0.4449089,-0.006972332,-0.04544268,-0.3486907,-0.3995754,0.299716,-0.08781213,0.39557,0.2308029,-0.01132078,-0.1399004,0.4740525,0.02693418,1.593258,-0.5252553,1.506721,-0.004135039,0.07171243,0.2268324,-0.2710184,0.342154,-0.3509289,0.0180028
-0.5223531,0.09244261,0.2573209,1.073113,0.02640443,-0.01013823,0.6554705,-0.374028,0.2714587,0.06809218,0.1129519,-0.005167469,-0.008991539,0.002292812,0.9112158,-0.2629964,-0.05179995,-0.3340344,0.5668837,-0.1116425,0.06981453,-0.008281718,0.001301685,0.1478608,0.3985959,0.3150048,-0.3488978,0.1320985,-0.1639546,0.1183447
0.1660828,0.3073072,-0.1755016,0.7697216,0.247172,0.09739672,-0.005053561,0.1845099,0.1529399,0.1619349,0.003392853,-0.428969,-0.07778985,0.006948014,0.1148236,-0.1271163,0.3101329,-0.1186334,-0.2706739,-0.01051766,0.3996257,-0.1841322,-0.3052622,0.1255772,-0.3251889,-0.219026,0.05277442,0.1048531,-0.02609915,0.002351344
-0.2775297,-0.3606631,0.003716961,-0.3188621,-0.1514635,-0.269599,0.528262,0.9173204,0.5259877,0.003770368,0.5573002,0.06768032,-0.007738564,0.6377092,0.1832812,0.37984,-0.5267631,0.321189,-0.4986474,-0.04622787,-0.3309646,-0.2302467,-0.1090853,0.02551933,-0.4014682,-0.3441908,0.04792132,0.005934709,-0.02761528,0.0949606
-0.06581027,0.03134814,-0.7840192,-0.08877331,0.3479526,-0.01524482,-0.4590771,-0.4045661,-0.4211534,0.2305046,-0.3922555,0.4741935,0.08461732,-0.09834615,0.1039523,0.006968018,0.3015816,-0.2811362,0.1782412,-0.281603,0.003337444,0.9472364,-0.06285123,0.06564637,0.2706437,0.08344605,0.0812806,0.02908736,0.05835968,0.263904
0.1020229,0.02497944,0.01888692,0.4767269,-0.1228469,-0.3717231,0.0103666,-0.01727744,-0.02311592,-0.01536131,-0.02897432,0.2113941,0.03995902,-0.01577966,0.3358845,-0.1281886,-0.4379423,-0.01018447,-0.3580589,0.03873727,-0.4748074,-0.1045924,-0.2413095,-0.1643537,1.046363,-0.4903487,-0.001818269,-0.01313955,-0.02576009,0.1281247
-0.1633999,-0.17251,0.009220078,0.00461957,0.02566309,0.4718919,-0.387569,0.1417546,0.1096513,0.09113627,0.3810812,0.1456566,-0.02004118,-0.3871583,-0.1945688,0.4246827,-0.2371241,0.1606266,-0.1554481,0.1786756,0.0004714409,-0.05079931,-0.1170942,-0.040958,0.0006966172,0.01431385,0.6336064,0.5009793,0.1021233,-0.2300648
0.2166093,6.936159E-05,-0.02842485,0.1913426,0.7319573,0.02036679,0.02642159,0.1178654,0.03018901,0.3443414,-0.1402976,-0.310552,-0.002453983,0.09631676,-0.4246657,0.004157062,-0.5341626,-0.05033457,-0.461314,0.1587124,-0.007220907,0.3943144,-0.03243243,0.9827158,0.7644718,-2.47065,0.3920336,-0.0003138129,0.001094782,-0.3259223
0.1255254,-0.4098419,-0.1726699,-0.3868002,-0.167469,0.3535421,-0.8563093,-0.4629456,-0.3805618,0.5752914,0.4315529,0.4618053,0.1649572,0.3805513,-0.03441929,0.465245,0.3314474,-0.01775443,-0.01108291,-0.04130107,-0.1503472,0.01126809,0.001758106,0.1877571,-0.2696526,-0.03048507,0.09450215,0.2289166,-0.265328,0.2933513
0.1007305,-0.006573385,0.2536236,0.4352628,-0.4294883,0.2287944,-0.4775552,0.1703199,0.3115259,-0.03776329,0.1633626,-0.08472472,-0.1578813,-0.3753449,-0.1722041,-0.6556709,0.01622888,-0.4421817,0.4165598,-0.0001869798,2.112765,0.1590416,-0.2272393,-0.3406488,-0.02928575,1.195822,0.2325064,0.06025261,-0.1803172,0.2312118
0.3481004,0.1212245,0.1542344,-0.03642917,0.2493353,-0.004339975,0.386328,-0.7378824,-0.4150867,0.0316678,0.4582614,-0.002834138,-0.3722945,0.3151293,0.3617569,0.1170917,-0.008213783,0.295466,0.009629324,9.833458E-05,0.2522806,0.2748259,-0.6164693,0.1418805,-0.03981113,1.055909,0.002766103,-0.6323406,-0.0208717,0.1442789
-0.02447758,-0.2056036,0.07966352,0.001980843,-0.3990626,0.7691094,-0.4825248,0.008484546,0.1969168,0.4406783,-0.04123399,-0.05083412,-0.2539306,0.2081121,0.3187082,-0.1241566,0.2799345,0.2799942,-0.3922329,-0.5506045,0.1962981,1.485391,0.367717,0.1186882,0.02293888,-0.08913134,-0.07012115,0.1022733,-0.1827956,-0.4202596
-0.7650321,-0.3329461,0.0174552,0.3941299,-0.01196618,0.03061566,-0.05942781,0.103142,0.09134223,-0.2368306,-0.003484572,0.2788985,-0.3854204,-0.02091461,0.393023,-0.4412056,0.7233444,0.2273799,0.2169127,0.1168986,-0.4210502,-0.4090741,-0.3099492,0.1424047,0.03716298,0.4569317,0.08330961,0.2560647,0.0002218013,0.03702635
0.06611329,0.08680547,-0.4035401,0.1528752,0.4034179,-0.09556188,-0.1820355,-0.008293211,-0.07362369,-0.04337559,-0.4368398,-0.09296034,-0.1047559,-0.05628989,0.003639157,-0.05139142,-0.738619,-0.014943,-0.5607907,-0.04759718,-0.1331884,0.4848434,-0.1471984,0.08601862,0.001968518,0.8518717,-0.4950806,-0.1649219,-0.3851074,0.6132873
-0.499994,0.2197455,0.03017899,0.2169819,0.1354374,-0.02272116,0.5256357,0.0001858614,0.538586,0.2693798,-0.2826522,1.0543,0.0184175,-0.3797592,0.09268929,0.09061903,0.07652663,0.1076548,-0.2605298,0.4698394,-0.6289929,0.1592405,0.6177486,-0.1133117,-0.1037998,0.6639253,0.1985076,0.3809848,-0.0292235,-0.06845444
-0.4118278,-0.00537428,-0.2735342,-0.1195632,0.03604556,-0.4299995,-0.6907255,-0.1390718,-0.3944135,0.788652,0.3260671,-0.05529207,-0.139184,0.482193,-0.1394428,-0.1352823,-1.815026,0.3014147,0.460338,-0.02164072,-0.01381058,-0.09242493,-0.2295442,-0.3229082,-0.1552707,0.1577544,-0.3620285,0.7974848,0.1652952,-0.5662919
0.54014,0.03966058,0.06494743,-0.3617711,-0.1360298,-0.2719628,0.3861617,-0.2501082,-0.1742545,-0.306529,0.4203875,0.4084399,0.001822221,-0.2394111,0.929944,-0.02815402,-0.0506809,-0.1658385,0.4070408,0.2202121,-0.07890838,0.1969635,0.07976605,0.07720303,0.08029789,0.270138,-0.2174135,0.10301,-0.00249928,-0.01130491
0.1706107,0.1328146,0.3152189,-0.285412,0.3567364,-0.0195589,-0.05458105,-0.08746535,-0.698432,-0.2704567,0.30594,-0.7756745,-0.1660492,0.05481273,0.3960089,-0.004360795,-1.733605,-0.1255769,-0.1641376,0.06261463,0.2996166,0.370212,0.3509609,-0.6257144,-0.2793097,-0.3605097,-0.372149,0.3928374,0.7609097,-0.1111597
-0.003350715,-1.257705,0.2980917,0.2918028,-0.3504989,-0.04420359,0.0001504124,-0.2217312,0.5372064,-0.03854021,-0.161193,-0.236457,-0.2580151,-0.2864891,0.1274348,-0.06397689,-0.2672911,0.1005387,-0.1167368,0.2048166,-0.01688945,-0.1560783,-0.006836398,-0.08338317,0.2704369,-0.03006107,-0.1429432,0.03193904,-0.05475968,-0.0386639
-0.3789611,-0.05115897,0.008285103,0.6089417,-0.5253011,0.02730452,0.3089257,0.7983286,0.0009748946,0.07511548,-0.2609847,-0.5012474,0.6473086,-0.01127815,0.03587252,0.06970686,0.3364943,0.005698894,-0.01062943,0.004332642,-0.5591399,-0.1783649,0.1012723,0.4139371,-0.3322879,0.01240726,0.0003137827,-0.3783926,0.5963563,0.3676529
;
-0.6043396,-0.08810908,0.0004953052,0.4053277,0.3869605,-0.3718376,-0.8314661,0.06456763,0.007109177,-0.2835894,-0.1096141,0.3363642,-0.09786946,-1.269921,-0.04165131,-0.0176515,-0.05025691,-0.2957119,0.1004161,-0.1147252,-0.3245989,-0.2932765,-0.02796067,0.07551973,-0.5995811,0.0766973,-0.4235972,-0.35309,0.06746615,-0.1142279
-0.08568263,0.5880529,0.1347101,0.1206364,0.4161117,0.4997399,0.2232952,-0.07494789,-0.1211555,-0.1376611,-0.1731762,0.0364586,0.04541722,-0.01908404,-0.4997646,-0.2642351,-0.2106803,-0.01058074,0.4865755,-0.3930072,-0.4952404,0.07110213,-0.026796,-0.103388,0.3486267,-0.2053031,0.01058657,-0.08970243,0.08959255,-0.273343
-0.05917001,0.03247148,-0.1354951,-0.08427614,-0.1737157,0.3343925,0.0595789,0.6235856,-0.1731379,-0.04898363,-0.4764598,-0.0002764375,0.2488248,0.4459647,-0.00896735,0.3949081,0.05660409,-0.05368561,-0.0450222,-0.1723176,0.7926322,0.4018905,-0.02901529,-1.386514,0.1322361,0.01331013,0.5912208,-0.1694438,-0.4906518,0.2240516
;
-0.09234708
-0.005822682
-0.1148749
-0.039619
-0.003749104
0.4777968
-0.4945618
-0.09732476
-0.364517
0.07701749
-0.01329777
0.3737373
3.875527
-0.07328707
-0.1299954
-0.02592768
0.1830625
0.3430816
-0.163258
-0.3192981
-0.2985827
-0.2185885
0.4426172
-0.00216112
-0.4871522
0.009579563
-0.4898526
-0.005908489
0.6794013
-0.3678164
;
0.02283953,-0.3675481,0.2201737,0.004418792,-0.07783879,-0.3823029,0.9465703,-1.527108,-0.4815472,0.1253475,0.01757033,-0.159134,-0.1903737,-0.05242121,-0.1079046,0.2374239,0.0483212,0.1193478,0.2709756,-0.1738127,0.03794304,-0.1606702,-0.325734,-0.01323659,0.09453863,-0.1432555,0.2022506,-0.2064819,0.07083863,-0.2305595
-0.4951739,0.05579903,-0.1395818,-0.05990769,-0.4763986,-0.3147345,-0.05077916,-0.03845703,-0.0001018147,-0.1751296,-0.02402048,-0.4250254,0.3802376,0.1725731,0.01833033,-0.4900788,-0.1164682,0.3291861,-0.009356439,0.1725111,-0.1442351,-0.05753331,-0.2563478,0.4295969,-0.03920007,-0.2711645,-0.04530273,-0.1497097,-0.04085356,0.1559819
0.04873165,0.2061477,0.01359568,0.06615765,-0.1151479,-0.03524572,0.03339055,-0.4512709,-0.3480051,-0.1572282,0.001845844,-0.8851876,-0.01859321,0.3073571,0.2662359,-0.1728227,-0.029999,0.004437126,-0.1184253,0.04091884,-1.060665,0.004243155,-0.1161316,0.4777688,-0.3145329,-0.04501207,0.765152,-0.168447,-0.01794183,0.527538
0.2240828,0.1891085,-0.0354113,-0.008733091,-0.06251153,0.001341268,0.4500551,0.5631845,0.4136382,-0.3321329,-0.01797532,0.0545412,-0.4272495,-0.4858989,0.03129522,0.0122842,0.4731679,-0.3200996,0.3530176,0.05056311,-0.3962672,-0.4811343,-0.04010724,-0.1324872,-0.2818561,-1.202482,-0.02539495,0.0355869,0.05346495,-0.07055856
0.5874572,0.2571169,0.8105338,0.05713555,0.3368472,-0.193736,0.003119183,-0.0007002227,-0.8131114,-0.5893776,0.4348948,0.3506365,0.04055333,0.02159883,0.2752723,0.09561187,-0.620243,0.1165923,-0.4722416,-0.1692865,-0.07204433,0.1368326,0.03810464,0.6188956,0.009978408,-0.7823769,-0.05038816,-0.09694603,0.1129035,0.02052257
0.4403386,0.3255441,-0.002836163,-0.111372,-0.8787185,0.1437284,-0.4523469,0.4361614,0.8123255,0.09901069,-0.04342641,0.3814,0.02932435,-0.1039123,0.9462324,-0.247662,-0.008504332,0.3655239,-0.2022822,-0.1460583,-0.3296229,0.09715992,-0.0351739,-0.03134205,0.2434238,0.09690715,0.288958,0.09903906,-1.077793,-0.09268099
-0.274129,0.3380383,0.7248018,-0.02353727,-0.02121186,-0.08416814,-0.70668,-0.02745861,-0.4477193,-0.3271747,0.08889516,0.8895565,-0.008276857,-0.5255293,-0.03066685,-0.3175176,0.2613593,0.009939373,0.4079486,-0.09077355,0.09823352,0.3873962,0.000729794,-0.006825864,-0.8315861,-0.07032179,0.3618752,0.1074307,0.04460301,0.6378472
0.1363321,0.07718361,1.096632,-0.3560607,-0.03834696,-0.1692452,0.1353039,0.001809094,0.7277241,-0.1219129,-0.4993115,0.3587434,0.4944489,0.2751603,0.2372513,-0.3500827,0.09216469,-0.3153863,0.1481598,0.4209361,-0.4551595,-0.03439835,-0.6915792,-0.00672071,-0.3153957,-0.0181116,-0.1285251,0.34305,-0.01308354,0.08806016
0.3753409,0.5872383,0.2691116,0.1860804,-0.27673,-0.157771,0.4012996,0.07791144,0.005466918,-0.006804508,-0.02581727,-0.1489144,-0.3900538,2.083615E-06,0.02640202,-0.1361215,1.022032,-0.280027,-0.2837586,0.1323939,-0.5326127,-0.2106385,-0.1329942,-0.2929416,0.3043109,-0.3694227,-0.05130128,-0.01416133,0.2657949,-0.07755063
-0.06563231,-0.116323,0.5630515,-0.05279571,-0.3740739,-0.5080052,0.008221862,0.3652687,0.003371775,-0.8379599,-0.01525303,-0.01328808,-0.07161852,-0.09900898,0.08663872,-0.005549287,0.1165077,-0.774677,0.2872915,0.0742957,0.7669728,-0.1526456,-0.09060173,-0.1632839,0.01333401,-0.417135,0.8218059,0.3108176,-0.02904616,0.02684957
0.2522828,0.009483541,-0.1445139,0.2889074,0.002784398,0.3721019,-0.0290759,0.04050842,-0.2672499,0.0005253782,0.2323205,-0.03700893,0.1486907,-0.4120921,-0.3651654,-1.613067,0.172389,-0.04121697,0.2312587,0.2008506,0.4907101,0.4278887,-0.08871473,0.4160609,0.3661857,-0.3703905,-0.2290663,-0.1430495,-0.3428367,-0.03855535
-0.03866929,-0.03379494,-0.4595451,-0.1116078,0.05786278,-0.2813705,-0.2581141,0.4828864,-0.5798136,0.3012343,-0.4738247,0.002579314,-0.1562306,2.191545,1.073038,0.001453629,-0.05662149,0.2360324,-0.001356855,0.3651152,-0.06949296,-0.1221897,-0.09338377,-0.006751075,0.1175498,0.01804579,-0.3208897,0.3899504,0.2573623,0.005355299
0.1336473,0.1486621,-1.355679,0.0069223,0.6377625,0.4432679,-0.2120538,0.3625778,0.4491901,0.2168193,0.009410163,0.3235326,0.1478041,0.286643,-0.08495849,0.8381625,-0.5991971,-0.001294398,-0.0218719,0.459221,0.03449994,0.2033749,0.02770877,-0.2665446,0.2531039,0.1319028,0.9770201,-0.5336136,0.9004731,0.0610985
-1.313244,-0.1840039,-3.255581,-0.06953605,-0.4120972,0.4348001,0.4941694,0.007921994,-0.2309746,0.3785846,-0.05393916,0.9682139,-0.15369,0.3195678,-0.0001145274,0.3942522,-0.00487242,-0.05080922,0.3316516,0.2399517,-0.1917986,-1.026833,0.01826264,-0.262629,0.4547114,0.2443946,0.4891207,0.1646689,-0.1153943,0.112435
-0.006777204,0.05204994,-0.5130324,0.4726745,0.1113807,0.4031041,0.5217884,-0.0129406,0.4575681,0.05996317,0.002565559,-0.3854481,0.4841915,0.4986166,0.3169572,0.951212,-0.3026278,-0.4867647,0.3938234,3.521651E-06,-0.1573922,-0.1009743,0.001643735,0.02664233,-0.4988871,0.5104394,0.03236356,-0.6841555,-0.04140502,-0.1071575
0.002640123,0.7051936,-0.1391456,0.1483727,-0.3909988,-0.01585072,-0.2866058,0.1796247,-0.6075296,0.04285989,-0.4043236,0.02996478,-0.453799,0.006943992,-0.3238791,0.01139671,-0.03342042,-0.165016,-0.01832231,-0.2874306,-0.02740866,-0.1357419,-0.06152898,-0.04294511,0.06961677,-0.7297029,0.01941747,-0.4703053,0.1256325,-0.07248914
0.1498711,-0.6407934,-0.01009221,0.02730777,-0.113717,0.6748013,-0.0244146,0.322906,0.5103011,0.1090798,0.0003119391,-0.03056996,-0.001706909,0.1775626,0.4778489,-0.005987122,-0.2464938,0.04242749,-0.3813436,0.3201103,-0.4675511,-0.0003927984,0.1404095,0.3859411,0.00021409,1.309773,-0.5488971,-0.3389263,-0.1637407,-0.07226698
0.182595,-0.01522879,0.09007118,-0.5359284,-0.322751,0.106999,0.3288199,-0.1081772,0.01937189,-0.1573598,-0.03417748,0.233185,-0.1484072,-0.007315096,-0.5168167,0.09865445,-0.02443989,0.07334262,-0.2313005,-0.2074044,-0.05034095,0.06249937,0.09773123,-0.001389205,0.1348753,0.1635364,-0.1064009,0.01866607,0.4261513,0.443599
-0.0550465,0.2369771,0.02945453,-0.06258203,-0.129176,0.05241793,-0.2318717,-0.1527132,0.2345484,0.1134506,0.241335,0.5867323,-0.135002,0.3872832,-0.08574521,-0.3234098,-0.2135882,-0.2404313,0.4517347,-0.3561903,0.1139169,0.06128067,0.04796976,-0.4630057,-0.2156723,0.248236,-0.3704416,0.4797747,0.2249313,-0.04935496
-0.2280056,-0.09361898,0.5872643,-0.04275742,-0.1428439,0.2858248,0.001446796,0.04980512,-0.0788644,-0.06273192,-1.303011,0.0135907,0.3863698,0.007347047,0.0240594,-0.05694517,-0.3831147,-0.1481857,-0.4747556,0.2798208,0.7574946,0.2891399,0.6958594,-0.3955195,0.02651005,0.1472136,0.07720301,-0.4578198,-0.01629595,0.6633604
-0.01942765,0.1304726,0.1717277,0.4273545,0.3842307,0.3603903,-0.6582745,-0.5397277,-0.2293091,-0.4668429,0.1159153,0.4608809,-0.03779608,-0.004412669,0.03807472,0.1563506,0.0430261,0.3096074,0.2623531,0.1596975,-0.2820885,1.27865,0.08782589,-0.2187212,-0.3105129,0.07732596,0.005510747,-0.1466452,0.01760543,-0.0325788
-0.1838969,-0.5267884,0.09364384,-0.09167286,-0.2599093,-0.1266063,0.4584477,0.4324331,-1.101945,0.6262676,-0.3571513,0.001007598,0.4956503,2.018227,-0.1638781,-0.3380351,-0.4579904,0.03814663,0.3704112,-0.01603292,0.4087243,-0.4144144,0.1584002,-0.007963262,0.03469798,-0.002815367,-0.02787359,-0.3341113,-0.2389854,0.2308737
-0.4984237,-0.0708892,0.3455338,-0.03315308,-0.1307375,-0.3467726,0.1679729,0.3009354,0.008237898,-0.2207159,-0.007622823,0.4132529,0.2029229,0.5353777,-0.02288999,-0.1808901,0.1584279,0.47321,-0.3209605,0.1621671,-0.2635286,-0.3769946,-0.4754604,-0.487608,0.659928,-0.1091602,0.015315,-0.1568649,0.00720357,-0.1319008
0.237687,-0.3168408,-0.1443296,-0.2374041,-0.008139499,0.4505994,0.09855735,0.2701535,0.06151543,-0.4367128,0.03716644,0.06562668,0.1010385,-0.3198015,-1.284483,0.1793577,0.1750069,-0.0007954728,0.377749,-0.02302279,-0.3232001,0.06509457,0.1716442,-0.001542956,0.0006287324,0.2983366,0.263851,-0.09141383,-0.6381504,0.3622584
-0.4090911,0.2948547,-0.2559922,-0.4391018,-0.08187431,-0.390286,0.2494542,0.4649878,0.06487674,-0.01978535,-0.03486489,0.8077646,-0.3770645,-0.2270469,-0.06854872,-0.234252,-0.04864818,-0.4375579,0.3583791,-0.7301341,-0.2294861,-0.009288371,0.03524055,-0.2393811,0.01379472,0.3371331,-0.6214609,-0.06062699,-0.4794024,0.4902456
-0.4263378,0.03888015,-0.5683774,0.5725645,-0.01194768,-0.3674539,-0.01040183,-0.01929976,0.1012107,0.4152966,0.2701168,0.909413,-0.3052959,4.131266,0.7129034,-0.001235524,0.3826244,-0.01021902,-0.4123704,-0.05023628,0.03515773,0.4737546,-0.0004176921,-0.4689164,0.007521331,0.05164317,0.01012899,0.5020778,0.1296234,0.1059793
-0.1867637,0.3968028,-0.746817,0.01885734,-0.1255306,-0.02143321,-0.3676657,0.3987433,-0.05781039,-0.3996814,0.2134861,0.2764443,0.09935042,-0.2291806,0.001569435,0.4853966,-0.01754798,0.1775323,0.06198126,-0.001981138,0.4540587,0.0001079889,-0.2711356,0.4866138,0.001090606,-0.207195,-0.07882005,0.6068147,0.1352745,0.1727626
0.006107697,-0.04366785,0.4538538,-0.3762892,0.2393773,0.2993248,-0.2735983,-0.2659826,-0.3368089,0.0008666603,-0.1372816,0.1685294,0.3601028,0.0131472,0.7871222,-0.005956046,0.02598763,0.04840879,-0.4693961,0.7880732,0.07285727,-0.4270009,0.5866064,-0.0163689,0.2260108,-0.01000669,-0.4160289,-0.002161351,-1.860627,-0.5364538
-0.386773,0.005199906,-0.4840343,-0.1612395,0.01585568,-0.0384207,0.04260473,-0.01850031,0.01035876,-0.2432791,-0.3038408,-0.2522943,0.3088852,0.4990133,-0.314,0.08538999,0.139634,0.4061005,0.06300408,-0.402045,0.5608739,0.4166056,0.03161384,0.0001252002,-0.2110464,0.32839,0.003719971,0.001796932,-0.4302038,-0.07800609
0.0763538,0.365374,-0.6079865,0.0512692,0.01641545,-0.4488276,-0.04908898,0.283169,0.1169686,-0.1706618,0.2212958,-0.2965264,-0.323585,-0.002156015,0.05506418,-0.5446677,0.009682929,-0.06257147,-0.9844848,0.4894464,-0.134357,-0.3583456,-0.07602854,0.7118471,-1.411723,0.01775887,-0.2826455,-0.1436404,0.3411051,0.4920132
;
-1.533213,-0.07224356,-0.06139225,0.04206973,0.001818815,0.3862392,-0.4977072,0.1507275,0.0002335723,-0.02375311,-0.06300204,0.03242415,0.02228655,0.3732462,-0.01901268,0.0001835665,-0.03537673,-0.07318284,0.2457361,0.1148009,-0.00256961,-0.3507534,-0.04458393,-0.2197051,-0.4759781,-0.007200021,-0.01086408,0.0757413,-0.1317099,-0.06783125
-0.6413991,0.02053126,-0.003255031,-0.1224603,-0.3915055,0.00932517,0.3685234,0.1591778,-0.156455,0.2886759,-0.2265212,0.1668047,-0.000985701,-0.06190878,-0.1445004,0.01121557,-0.1760244,0.2755544,0.1652018,-0.1476577,-0.3624678,-0.001480039,0.07803092,-0.4074727,0.5784569,0.02718502,0.03106633,-0.4583629,-0.3413757,0.3482558
0.04436094,-0.06224758,0.009435475,-0.1421572,0.2079875,0.1267056,-0.001869664,-0.09507885,-0.4329079,-0.2799884,-0.1884531,0.1179724,-0.04100277,0.7794133,-0.3766455,0.7949663,-0.124345,0.03625564,0.06991619,0.02694164,-0.114109,0.4614972,0.2974595,-0.8161961,-0.2563136,-1.193091,-0.01320141,0.1233516,0.1639038,-0.2595816
;
