-0.3859662
0.17747
-0.006388826
0.7274184
-0.01473458
0.01524531
-0.29264
-0.1561992
0.4724691
0.4818614
;
-0.2766393,0.04465863,0.4373001,0.4295456,0.01042103,-0.05747402,0.3350068,0.4825323,0.09954036,-0.4112802
-0.1935143,-0.005214966,0.1971534,-0.3031451,-0.2547822,-0.1844101,-0.129363,0.3514442,-0.2951915,-0.05825737
0.2097806,-0.2925853,0.3883545,-0.003041685,-0.04630762,-0.2758993,0.3991163,0.0313259,0.06330445,0.2969853
0.2405642,0.04011931,0.553692,-0.1304031,-0.1946569,-0.4214451,-0.1223918,-0.09540325,-4.859498E-05,0.03233418
-0.09524582,0.04018401,0.07417875,0.4472133,-0.3159016,0.1305772,0.06414251,0.3392823,-0.02655018,-0.101301
0.0009313217,-0.3556786,-0.3142338,0.3857849,-0.06900233,-0.2559611,0.1086231,-0.2657326,-0.1861214,0.2065009
-0.01714867,-0.07380718,-0.2818248,-0.2851971,0.1258305,-0.3885771,0.2542548,-0.00572732,0.009572294,-0.6008991
-0.3200245,0.002357197,-0.5361151,0.3848374,0.07798398,0.005179255,0.8849354,-0.01970363,0.008507669,0.1376649
-0.2657434,0.01114708,0.0008101591,-0.0162892,0.06338099,-0.02160268,0.4908007,-0.3967047,0.4775907,-0.002906452
0.3007858,0.01226634,0.01566538,0.2871822,0.1663713,-0.3107386,-0.1608953,-0.0765027,-0.01561707,-0.02541459
;
-0.02475172,-0.03465116,-0.2773753,-0.0003011526,-0.05387479,0.05043625,-0.01113259,0.05038851,-0.4961349,0.2848858
0.07193733,-0.04001486,-0.4379581,-0.464164,-0.2026825,0.2716796,-0.04014048,0.05287808,0.013776,0.2154369
;
-0.01606106
-0.780682
0.1780252
0.1099646
0.1788504
-0.02772778
0.07027751
-0.1456719
-0.3431782
0.2808177
;
-0.09757961,0.09122614,-0.1492393,0.3537486,-0.2119919,0.0001700252,0.353043,-0.5809146,0.3981004,0.437588
0.1228614,0.4651544,0.06451014,0.4376004,0.05463737,0.3321283,-0.9185148,-0.01213344,0.08998626,-0.02876569
0.0539245,0.1372591,0.3098258,-0.0909735,-0.1776066,0.2288296,0.1336084,-0.1373869,0.5656382,-0.6524592
-0.3687487,0.08969248,-0.4502027,-0.2368529,0.001708449,-0.2519508,-0.4753835,0.4670319,0.3460703,-0.2919332
0.2789392,-0.2726026,0.07210237,1.241633,0.01927629,0.1278034,-0.3362933,0.3286543,0.03388558,-0.3426942
-0.1368707,0.005541697,-0.002658597,-0.09403102,-0.05900557,0.4148923,-3.027932E-05,0.0098238,-0.09037759,-0.3852272
0.0002931507,-0.01552281,-0.000380658,0.2151321,-0.3674138,-0.4220332,-0.3222064,-0.338938,-0.2708664,-0.001787112
0.08604287,-0.0253179,-0.09214228,0.03722044,-0.4223076,-0.2340707,0.4790778,-0.003694518,0.1165668,-0.05399087
-0.04347502,0.1802739,0.2120301,-0.003764623,0.00134885,-0.2207842,0.01602497,-0.07031845,-0.6334732,0.1521122
0.82843,0.128085,0.1359624,0.4049855,-5.383356E-06,-0.1030424,0.001937,0.2055806,-0.06206238,-0.1804358
;
-0.3121164,-0.0005444774,0.05281037,0.0138058,0.1941955,0.4664744,-0.4742293,-0.000198692,-0.2147412,-0.2803417
-0.1210965,0.5968326,-0.4791646,0.01936591,0.007568341,-0.08788947,0.05650573,0.4190219,0.2064983,-0.3085469
-0.0334915,-0.04227728,0.2822921,-0.1111159,-0.177218,-0.05321962,-0.4142623,0.07897812,0.1753161,0.06078477
;
