-0.4772229
0.05633309
-0.09089668
0.1609773
-0.02834283
4.561689E-06
-0.4485036
0.4186569
-0.2622652
0.02127957
;
-0.2995857,0.2696654,0.3563955,0.03293321,0.4665685,0.1248172,0.1970056,-0.4137712,0.1998152,0.139003
0.1932459,0.01129134,0.7970976,-0.3660156,-0.2547822,0.1007672,-0.1737553,0.1614111,0.005383094,-0.04386357
-0.2407805,0.03649022,-0.2002893,0.1140582,0.03401521,0.3752632,-0.4582516,-0.04357076,-0.5434097,0.3037173
0.5201124,-0.06909272,0.3280757,0.06914002,0.4551857,0.4661407,0.1223918,-0.04711473,-4.859498E-05,0.029215
0.1178148,0.1753417,-0.07417875,-0.01327522,-0.2679389,-0.2398854,-0.1212838,-0.2381914,-0.4692779,-0.001854241
0.002021504,-0.2350574,-0.0008112905,-0.6702576,-0.1339708,0.1291655,0.06826304,-0.3507341,-0.3074459,0.2077137
-0.3091103,-0.2298849,-0.2818248,0.3984252,0.4929634,-0.7304639,-0.4777409,0.2636014,-0.06849295,-0.9182549
0.3301208,-0.004311151,0.4947592,-0.411384,0.1251599,0.003042321,-0.8276413,-0.04509217,0.1329648,0.0872419
0.2533553,0.4685178,-0.0006048846,0.0162892,0.04776782,-0.4784497,0.3100488,-0.3136344,0.4775907,-0.4351255
0.1321576,-0.4682388,-0.6035509,-0.2871822,-0.4371682,0.3419138,0.005939013,-0.03855686,0.1410684,-0.03781248
;
0.003722334,0.06778139,0.4243045,-0.05706614,0.1543215,0.2309255,-0.06008023,-0.08211064,-0.3283113,-0.001893222
-0.4208272,-0.0220168,0.0806822,0.3743831,0.1977168,0.2716796,0.03162439,-0.4173225,0.7549348,1.50466E-05
;
0.3514043
0.4563385
0.8522258
-0.1809535
-0.195995
0.08097336
0.01056535
-0.4332952
0.03245486
0.05901153
;
-0.09757961,0.2011342,0.007985764,-0.005397744,-0.2214348,-0.0001700252,0.3722242,0.2645604,-0.5572016,-0.06183389
0.2587422,-0.5617275,-0.3106294,0.5214848,-0.01338402,0.3627106,-0.03594146,0.1202676,0.08998626,-0.01657733
-0.09459942,0.08615167,0.1923405,0.2022067,-0.4997468,0.2288296,0.1308865,-0.1631604,-0.4395373,-0.3695611
0.2831064,-0.1103067,0.1589862,0.08464348,0.001827143,0.3748602,0.4816884,0.4670319,0.04529148,0.003694747
0.1309866,-0.4578568,0.1110495,1.345057,0.04648884,-0.09000527,0.2461919,-0.2345222,0.07001871,-0.3426942
-0.06796215,0.42212,0.00165269,-0.340068,-0.2870494,0.004408993,-2.843889E-05,0.01316456,0.2209463,-0.005437644
0.0002931507,-0.1676444,0.006193408,-0.0001706016,0.1133284,-0.2668497,-0.5055565,0.009643018,0.133173,-0.01486787
0.1256571,-0.0253179,-0.2079399,-0.001866148,-0.3428161,0.1131523,0.6137078,0.005427017,-0.2587997,0.05399087
0.04818302,-0.1085094,-0.2810513,-0.05243803,0.3040578,-0.01435322,0.01602497,-0.1149702,-1.514175,-0.25624
-0.02370945,-0.328914,0.2984239,0.4686815,-0.002377422,0.1988702,0.4424138,-0.1909633,-0.06206238,-0.2633264
;
0.2374112,-0.003553239,0.1165784,0.02891643,0.1598679,0.1694245,0.2488841,-0.00229689,0.165689,-0.1507134
-0.2549534,0.01705048,-0.4791646,0.1010079,-0.1306584,0.2469835,0.01795231,0.414338,0.4754639,-0.04113178
-0.3956975,0.06423117,-0.04017916,-0.0001732142,0.5458693,-0.3197355,-0.3242496,0.06701424,0.1753161,0.222021
;
