-0.2219035
0.05034584
-0.0837141
-0.4855996
0.4723047
-0.1286373
0.4560946
0.2959985
0.3446774
0.1592886
;
-0.2459465,-0.4394888,0.196599,0.01602,-0.08905393,0.1640591,0.4450126,0.4043015,0.2707806,-0.1139221
0.03602463,0.4812562,0.3936437,0.1873714,-0.1298125,0.005655706,-0.1485552,0.1000296,-0.469111,0.1982338
-0.1268085,0.2352943,-0.2173048,0.2304848,-0.4555269,-0.2156785,0.4712518,-0.1004366,-0.04844195,-0.03079051
-0.4027208,-0.07452542,-0.3218135,-0.4655355,-0.4749284,0.3971393,-0.4728361,-0.2505388,0.1095302,-0.3886925
0.193956,-0.4527218,-0.2281139,-0.09516498,-0.2430812,0.2667713,0.2571765,0.2888871,-0.03855437,-0.21841
-0.3512034,0.3307128,-0.3886691,-0.4992964,-0.4297307,-0.4635764,-0.1186314,-0.09694582,0.4270762,-0.2071646
-0.3555597,-0.05615133,-0.135735,0.2510411,-0.3241454,0.1612638,-0.4899031,0.07735091,0.1079332,0.1356184
-0.04997379,0.4408263,-0.1358796,0.09965509,-0.1009666,-0.413113,0.4025259,0.05782801,0.3821243,0.4720976
-0.3236195,-0.01499552,0.6370751,-0.08243078,-0.4769,-0.1435944,0.3246174,-0.3629781,0.365695,0.05184823
0.4018698,-0.2948055,-0.2878146,0.192103,-0.3268806,0.1444895,0.1421853,-0.3913194,-0.1467624,-0.3054359
;
-0.3313011,0.1934365,-0.09568673,0.15433,-0.3161094,0.1769919,-0.362506,0.446926,0.22066,0.09950608
-0.211963,-0.001646459,-0.465212,-0.0008146167,-0.4168934,0.2845838,-0.1213891,-0.2035198,0.4895332,0.09554356
;
-0.01447295
0.06169277
-0.03229069
-0.3310285
0.5132973
-0.4108821
0.0706223
0.0413422
0.2415746
-0.1074331
;
0.04733052,0.0005453475,0.910635,-0.1565116,0.5788578,-0.7532117,-0.06568247,-0.9040396,-0.1902671,-0.5133783
-0.3739635,0.04827444,-0.003907681,-0.4719659,-0.4992842,-0.01438634,0.6263687,0.4488701,-0.07658346,-0.3874971
-0.387439,0.01794666,0.2552344,0.2837824,0.1592963,0.2647461,0.01134637,0.371618,-0.4389458,-0.3150462
0.1424927,0.0571693,-0.1096511,-0.1960194,-0.02075499,-0.01525597,0.08082147,0.3186042,0.1242656,-0.4787732
0.07701689,-0.006308088,0.3002171,0.4954602,0.05512514,0.220222,-0.2473208,0.6458381,0.05860158,0.2968108
-0.2196606,-0.3719097,0.1721746,-0.4592401,0.0006901153,-0.1120688,0.07867908,-0.007915275,0.1425975,0.3601294
-1.53124,0.3061841,0.0798566,0.2367031,0.1013608,-0.1392631,-0.7894818,-0.4365152,-0.02093429,-0.08729892
-0.08179706,-0.3275031,0.0162075,0.4993824,2.621902,0.1370243,0.02822837,0.4175123,0.4868933,-0.3084778
-0.2181281,-0.2951103,0.3286932,-0.2343637,0.3399605,-0.1096184,-0.1615801,0.4784648,0.4117461,-0.2035548
-0.2496132,0.04226035,0.5537846,0.05545451,0.1295909,-0.1616617,-2.889118E-05,-0.3303998,0.3097987,-0.004987848
;
0.6172405,0.001059387,-0.01656178,0.3771448,-0.4914839,0.3118991,0.4259071,0.346593,0.3670231,0.1597064
0.1719123,0.06014754,-0.2189212,-0.2657762,0.04004533,0.002591757,0.2628269,0.03610283,-0.283455,0.1091589
;
0.3643851
-0.435647
1.122492
-0.1639675
0.4375216
0.1956462
-0.4686462
0.1327363
0.5449354
-0.2799903
;
-0.0754386,0.3464563,0.3531476,-0.1899975,-0.003192976,1.076373,-0.3621299,0.6873388,-0.004773389,0.01309739
0.02228071,-0.2870349,-0.3708882,-0.371242,0.2893096,0.1923023,0.2158742,0.05064704,-0.2710015,0.135412
-0.2976322,0.05309974,-0.03152603,-0.00809116,0.08719942,0.3697954,-2.146935E-06,-0.04606664,-0.2166504,0.1174135
0.01301975,-0.2981941,1.722957E-05,0.007368008,0.1500335,-0.002445167,-0.2475482,0.4226111,0.1275585,0.4349225
0.2763328,-0.4490676,2.302354,-0.3861715,0.04857756,0.01680393,-0.002869771,0.4951593,0.3509008,-0.05864613
0.8726642,-0.1220261,-0.05079331,-0.1516329,-0.01405223,-0.03333608,0.03553103,-0.3823781,-0.01548641,-0.0006209931
0.7406281,-0.1688261,-0.315925,-0.4893284,0.1187536,-0.2905071,-0.1756054,-0.7388617,-0.1788393,-0.0701018
-0.2877311,0.007744341,0.4396627,0.1334193,0.8523237,-0.3812343,-0.1988097,0.2029419,-0.001841743,-0.03893393
-0.3181541,-0.006267243,0.03022466,0.174192,0.001317565,-0.4299396,-0.3131554,0.0004289608,-0.01749755,0.2062972
0.2721249,0.432785,-0.1579069,0.009861648,-0.03569892,0.02477289,0.2426323,-0.5248898,-0.7004226,0.4562465
;
-0.01789281,0.04606406,0.03288335,-0.006325149,-0.04209191,-0.4306016,-0.3380569,-0.238801,0.05927259,0.4270077
0.0001472234,-0.1980526,-0.1363297,0.01789814,0.09371109,-0.06555822,0.5678501,0.008123503,-0.02067024,-0.3299776
;
0.1887709
0.1059645
0.09626789
0.001297799
0.4582682
-0.02992778
0.1754233
0.3192531
0.00176665
0.2815037
;
0.06945314,0.211327,-0.2351562,-0.1884897,0.2675068,-0.6776596,-0.1102906,-0.04381631,0.3343325,-0.310815
0.4268804,-0.0648279,-0.1178313,0.08085471,-0.1056216,0.6771738,0.09553384,-0.3403226,0.05980941,0.3133553
0.05753752,0.003298533,-0.004683537,0.08211394,0.118497,-0.05728656,0.09560841,0.4296457,-0.1791217,0.4956427
-0.09970902,0.03099515,0.01507883,0.7767707,-0.0006647157,0.02793079,-0.4180401,-0.07408429,-0.07252507,0.1308702
-0.007168105,0.158561,-0.03015218,-0.1923364,0.0276973,-0.3445143,0.4876744,-0.167394,-1.770914,-0.1398535
0.2195114,0.008984953,0.1506824,0.4585299,0.08118656,0.4980862,-0.5671888,0.5450298,0.001056304,-0.5363242
0.1947628,0.1206653,-0.002034247,0.03385253,0.3622962,0.02347354,0.0181508,-0.4967238,0.3424068,-0.3704628
-0.5370049,0.1952785,-0.3677973,-0.008536105,0.01453906,0.1672935,-0.1298918,0.145986,0.1382884,0.1022516
0.0350637,0.0017555,0.4370465,0.007389986,-0.03266874,-0.02974363,-0.1413762,0.124084,-0.1823413,0.2106654
0.139525,-0.427176,-0.04046875,0.0684489,0.3719406,0.01713954,-0.4769802,-0.1750138,0.4524822,-0.05151131
;
-0.2763284,0.4603163,0.25888,0.03762912,-0.1317415,0.007234334,-0.219533,0.2623519,-0.03888886,-0.861226
-0.330212,0.004058676,-0.258253,-0.2241936,-0.4164984,-0.5660327,-0.3701213,-0.1312456,0.08405934,0.02881503
-0.7255968,0.6031739,0.08695556,0.2441035,0.01784212,-0.1506167,0.9465865,0.7472236,-0.3593066,-0.004435607
;
-0.01492891
0.9588307
-0.1139051
0.009369546
0.05971116
0.4679929
-0.03179139
0.2676715
-0.4293513
0.008037328
0.1806487
-0.1521537
-0.1851961
-0.1415282
0.434128
0.2739557
0.224191
-0.2471747
0.2310156
0.2854737
-0.0063742
-0.1120364
-0.8631307
0.1519041
-0.3070755
-0.3990132
0.1191761
0.596409
-0.0102785
0.36202
;
-0.01724278,0.2740484,0.4134141,0.3321502,-0.1664296,0.009617388,0.2523628,-0.1008005,-0.5147084,0.0005515609,0.3211918,0.04583436,0.02026589,-0.2865287,0.2370193,0.1233371,0.4917548,0.1689296,0.02747956,0.1742186,0.05777889,0.3784754,0.4719554,0.03946224,-0.01461914,-0.007925212,-0.4198431,0.9429584,0.1302523,0.216232
-0.07178731,0.3049766,-0.3225328,0.4365458,0.1259639,-0.09234001,0.2155933,0.4251803,-0.1140525,0.2625486,0.3361066,-1.011953,0.001980126,0.06464426,-0.02376395,0.3227838,-0.003225147,0.3478643,-0.01145175,0.07485946,-0.001052004,-0.624409,0.05684406,-0.07254165,0.2543381,-0.4415078,-0.2199958,0.00776848,0.1313104,-0.1634738
-0.4227891,0.02410308,0.2779894,-0.2120686,0.3943957,-0.04059868,0.09118718,0.04904369,0.1559534,0.4333411,-0.2152157,-0.02318001,0.03906117,-0.1063718,-0.2764029,0.01322015,0.4739407,0.3515997,0.4494173,0.007604649,0.09389239,0.2701259,0.08832186,-0.127468,0.1384847,-0.08945907,-0.2492532,-0.8839829,0.01214748,0.4002705
-0.4416521,0.3039706,-0.005076977,-0.6663749,-0.001163933,0.1793487,0.03232766,-0.5330968,-0.1688334,-0.4983726,0.08578819,-0.4914726,-0.1230808,0.3891075,-0.07614225,0.1338883,-0.131119,0.229915,0.06698945,-0.5007496,0.01894686,-0.8796088,-0.03644758,-0.07043354,-0.46856,-0.1678448,0.01197697,0.1616707,-0.1232978,-0.3212674
-0.1931359,0.01123645,-0.242422,0.06717417,-0.4184016,0.3346707,-0.02413223,-0.7880535,-0.248296,0.0444789,-0.08025526,-0.04247981,-0.2904414,0.02347771,0.008526443,-0.08524674,-0.02526017,0.1778133,-2.351743,0.2821003,0.4405128,0.05987474,0.2564744,0.03870141,-0.1642206,0.3341273,0.06681317,2.056006,0.0909442,-0.2268445
0.09631105,0.07178169,0.002285846,0.1506727,0.0009630799,-0.1611527,-0.02523918,0.4860432,-0.2308802,0.6860453,0.05761449,0.1154372,-0.1125841,0.0192607,0.1930966,0.07220818,0.1231321,-0.3692104,-0.3652585,-0.2179333,0.4597026,-0.03552184,-0.001401789,-0.02590606,0.06177372,0.337709,-0.353507,0.3525728,0.1442381,0.4251431
0.0001003221,-0.4562733,-0.2809165,0.1118531,-0.0339954,-0.1330697,-0.02268022,0.001011452,0.2659917,0.2487827,-0.03287156,-0.3231962,0.02874273,-0.06553414,0.1899991,0.4311213,-0.4426427,0.2154952,0.3430726,0.2140507,-0.209973,0.03950704,0.170984,0.5741041,0.3595806,-0.002815392,0.2570878,0.4330297,-0.1534659,0.5012954
-0.3648031,0.1021333,-0.2784468,-0.224344,0.1406747,-0.06275972,0.608685,0.004303826,0.2867693,0.5761268,1.260386,-0.1214464,0.002911547,-0.2251482,0.4780272,0.0853073,0.941106,0.383446,0.125551,-0.3207483,-0.155819,-0.2017606,0.001461914,-0.1110114,0.01903786,-1.131467,-0.238569,0.5409932,-0.04656507,-0.006885003
-0.6408413,0.3834614,0.2028828,0.3733066,-0.04283701,-0.05982388,0.196274,0.9417427,0.05630253,0.05454764,-0.3622031,0.1816598,0.04176933,0.1318011,-0.009578124,-0.1675593,-0.1521973,0.3277214,0.3852429,0.2831951,0.1140187,-0.4039838,-0.498662,0.04209211,-0.05182642,0.2194984,0.07577449,0.01311588,-0.001943368,0.006923581
0.1128367,-0.02101523,-0.1014757,0.06640396,-0.0259766,-0.0589167,-0.3125889,-0.003217399,0.1171678,0.4436922,-0.1289597,0.02864105,0.4132243,0.2706978,-0.260667,-0.02444822,-0.2891537,-0.3688986,-0.0147381,-0.06164778,1.200183,0.01115281,0.03756195,-0.01864473,-0.9549116,-0.03161477,-0.1309249,0.6191769,0.1774369,0.001301323
-0.2828033,0.2212519,-0.00972369,0.01855249,-0.07615805,0.1541965,-0.2374149,-0.4540195,0.1960068,-0.03162777,0.1555784,-0.469376,0.09056681,-0.3971012,0.3361759,-0.02566995,0.0008652376,-0.3239766,-0.2750728,-0.05427831,0.3805965,-0.01156042,0.266833,-0.1678028,0.1566401,-0.4397172,-0.1800606,-0.1026097,0.1675717,-0.2129024
-0.01006302,0.1694079,-0.387127,-0.6745369,0.006252655,0.2451656,-0.2816046,0.3094491,-0.1159793,0.05823344,-0.02947695,-0.4785602,0.2774955,-0.2431092,-0.2625409,0.005478818,-0.7170328,0.5595624,0.5534565,0.01891666,-0.07864221,0.320893,0.0365718,0.4428697,-9.366124E-08,0.05814438,-0.07499512,-0.1862938,0.2223993,-0.01152876
-0.07602949,-0.4089592,-0.03965636,-0.3386039,-0.3737304,-0.04454206,-0.503377,-0.01978213,-0.1495712,-0.1821971,-0.007205546,0.006817644,0.2361371,0.357996,-0.4869027,-0.2455596,-0.3375416,-0.2774898,-0.08129127,0.1633098,0.217836,-0.5636174,0.06274384,0.7729687,0.6059465,-0.4543644,-0.4099938,-1.031505,0.186637,-0.1531411
-0.08185857,0.05014521,-0.1476358,0.01193915,-0.03036612,-0.2485866,1.404612,0.05085798,0.5595335,0.3012983,0.2681736,-0.7593819,-0.6896978,0.3643181,0.2587527,0.1062875,-0.1942686,-0.1363498,-0.02343789,-0.2038011,0.2151367,-6.803707E-05,0.3296328,0.003291559,-0.09045118,0.133899,-0.01268667,-0.1284513,-0.03254176,0.001313
0.01008021,0.5818285,-0.02245456,0.393703,0.02205553,-0.08906215,-0.05068427,-0.3970085,-0.405229,0.3216966,0.1938589,0.3334412,0.001015722,-0.3906404,-0.001913376,-0.3785856,-0.2697393,-0.3086111,-0.4255312,-0.417826,0.2367432,-0.04025069,-0.05244102,0.5377887,0.1572306,0.6667354,-0.1885061,0.1089495,0.9088593,0.07292253
-0.2861604,0.3899388,0.2159893,-0.2975101,3.598213,-0.2161539,-0.0062978,0.004359802,-0.1260223,0.1786627,0.07140549,-0.4243284,0.06000242,-0.1470948,0.01823471,0.284353,-0.2681662,-0.04668259,-0.01119922,0.2710013,0.007091986,0.6188129,-0.4306159,0.8129093,0.6615316,0.002754731,-0.1625312,-0.01310235,0.4555202,0.005518931
0.01342994,0.3554132,-0.1610571,0.1622645,0.9073564,-0.006892642,-0.01743966,-0.02971957,0.355062,0.002333938,-0.1884599,0.1306023,-0.4666575,0.7264631,0.1741597,-0.3509981,0.01583892,0.02847828,-0.2160198,-0.2576308,0.4092356,-0.005604811,-0.07690507,-0.3351635,0.3413944,0.6896541,0.001802485,0.07215404,-0.1311115,0.1060438
-0.2712902,0.0009455391,-0.1847356,0.01870337,-0.00333759,0.5232811,-0.1557964,0.9205705,0.1263678,0.02036624,0.05480248,-0.01635128,0.06164819,0.001858828,0.2468063,-0.01663714,0.2229628,-1.039917,-0.0749469,0.1584708,-0.4886549,0.3716389,-0.240186,-0.08237424,0.1405964,0.4837127,0.3935335,-0.4344957,-0.1458008,0.2214241
0.06786837,-0.1188495,0.3756648,0.2559913,-0.02192674,0.2427271,0.06227034,0.4318807,-0.4750816,-0.009399123,0.1460193,-0.1041837,0.1758698,0.1406494,-0.004706917,0.08414286,0.2392932,0.2628879,0.1568514,0.6701353,0.3558792,-0.4076768,-0.1159441,-0.00153426,0.002735072,0.1027786,-0.008020222,0.1591272,-0.01031577,0.3740382
0.006445067,-0.3045377,0.00448972,0.1083753,0.002275122,-0.09599179,0.0419989,0.02418204,-0.4659399,0.2449846,0.1726218,-0.1036519,-0.3437771,0.1251968,-0.1151834,-0.7073922,-0.1621935,0.2061383,-0.3204353,-0.04559477,-0.05588165,-0.07264362,0.02687424,-0.2454975,0.3704035,-0.3565843,-0.05919412,-0.02393144,-0.02553683,-0.1289268
0.2976717,0.5753499,0.01607078,0.03052862,-0.06497592,-0.01195271,-0.2544205,-0.3267046,0.07249277,-0.4396659,-0.1950898,0.2321593,0.127867,-0.05184575,-0.03159915,0.1227405,-0.0812223,0.2478367,2.181465,0.01888875,-0.03595119,-0.1622919,-0.01123586,-0.2060181,-0.0007493168,0.1674469,0.1039144,-0.07399439,0.2629544,-0.2696435
-0.4551511,0.3900998,-1.24109,-1.366933,0.07056902,0.006832456,0.05367412,0.006850481,0.311259,-0.08930425,-0.1097597,-0.002450172,-0.003717612,-0.3602804,-0.08945352,-0.1817268,-0.08476812,-0.3430803,-0.02681058,-0.2892837,-0.3896668,0.1440759,-0.422977,-0.1900713,-0.4921,-0.0791468,0.005806014,0.1023454,0.03686386,0.4913951
-0.02018478,0.3197409,0.007414345,0.3616644,0.339409,-0.439015,0.1110793,-0.000423971,-0.4498346,-0.08432992,-0.6422694,0.5573305,0.2624548,0.05708928,0.1647771,0.02153875,-0.0002098138,-0.06539536,-0.08441633,-0.00680509,0.08295101,0.4175322,0.4521879,0.001590285,0.02451514,0.3030865,-0.001502605,0.2852358,0.481714,-0.4006308
-0.006826225,-0.07367492,0.0001519165,0.1623464,0.1754169,-1.560379,-0.174079,-0.1705457,0.005062554,0.2590074,0.003905225,0.1671313,3.463894,-0.0192068,0.01665956,0.007181823,0.08424272,0.3241348,-0.0893734,-0.009802206,0.007893628,0.04249996,0.4150224,0.01234457,-0.317347,-0.4068438,-0.2002001,-0.2363041,0.1241484,0.1457041
-1.293939,-0.02340256,-0.2024463,-0.3514659,-0.3843016,0.1803681,0.000177681,-0.4664562,0.3908668,-0.2387956,0.1404617,-0.4084274,0.05842991,0.08827426,-0.1336834,0.0268933,-0.1698129,-0.1192699,0.06722511,0.009141329,-0.09788703,-0.0001003725,0.03093373,0.2068415,0.02875943,0.01510353,0.2764932,-0.2955502,-0.1638381,-0.1323148
-0.3714904,-0.07390092,-0.2348933,0.0517666,0.4090997,-0.01276096,-0.6120031,0.9855106,-0.4184977,0.2604325,0.1378399,0.2356868,-0.01394933,-0.006942083,0.7596807,-0.1405162,0.02577014,0.01946314,-0.4412614,-0.1369345,0.001940524,-0.391257,0.01874563,-0.3269734,0.120238,-0.1925556,1.184086,0.1901892,0.6046335,-0.2064624
2.012896,-0.2893864,0.2210222,0.4117476,0.1084853,0.1452188,-0.03363091,0.389853,0.00650043,0.3119309,0.08026925,-0.4832214,0.01224252,0.09132492,0.6478049,0.2017305,-0.5042057,-0.02196067,0.2100577,0.2819,-0.1888712,0.07044078,-0.1351122,-0.04341696,-0.6648217,0.1395552,0.2575221,-0.7041584,0.2658789,-0.001906626
-0.2862233,0.005319338,0.05369397,-0.329476,-0.3762544,-0.1273946,0.01413035,0.2550884,-0.4473826,-0.02852994,-0.1563491,8.490103E-07,0.1312815,-0.2388141,-0.156771,0.3265156,0.14179,-0.2261947,0.7266651,-0.2451566,-0.009410225,-0.2964483,-0.546339,-0.3553957,0.5160148,-0.0932551,-0.0186682,-0.2239544,0.2731209,-0.007655462
-0.0003013938,-0.002794706,-0.0009236133,0.3384266,0.1268457,-0.02135145,-1.054413,0.03887266,0.2422497,-0.2881165,1.631633,-0.3940998,0.07834613,1.743099,-0.001147937,0.3849146,-0.05670995,0.4788187,-0.03981102,0.08289579,-0.3002861,0.36509,-0.5342715,-0.7730919,0.3793525,-0.6119034,-0.2052366,-0.3250835,0.008510482,-0.2864205
-0.04957101,-0.03394061,-0.5180855,0.3820432,0.1464131,0.2934942,0.3409337,0.4942289,-0.4777623,-0.03679089,0.3235631,0.3797696,-0.04951419,0.1123399,-0.01660546,-0.1324734,0.2073247,0.4306827,0.2184135,-0.0007432301,0.1175579,-0.3197749,0.08597034,-0.3162161,-0.2412178,0.0170907,-0.05058366,-0.1633259,0.2403708,-0.1994604
;
0.03650534,0.1425124,-0.370858,0.08545083,-0.004664213,0.05704632,-0.06945007,-0.3583826,0.004701984,0.04105747,0.1015756,-4.680779,-0.4993938,0.4453003,0.4633553,0.002161338,-0.5296684,0.4081459,-0.6879728,-0.005470389,0.01941244,-0.04046231,0.2401066,0.1501606,0.4562329,-0.4061085,-0.05795604,-0.1968227,-0.07004815,0.1539217
0.1059771,-0.002411634,-0.4462653,-0.1421551,-0.1428299,-0.1138869,0.336056,-0.6789605,0.3208252,0.1884734,-0.01780469,-0.7489842,0.04849289,0.3704367,-0.06337132,-0.04596157,0.7630386,0.01497731,-0.1590524,-0.4293918,0.3337843,-0.3818059,0.0320496,0.001377499,0.4068928,0.1852262,-0.6933793,0.01140192,-0.03542161,0.3277256
0.2638346,-0.1315468,0.03850994,0.07882938,-0.1921063,0.08077294,-0.3621761,-0.3582027,0.08925062,-0.2440463,0.2824868,-0.1135047,0.1371171,-0.6022938,-0.1524327,-0.4750118,-0.3011565,-0.2889501,0.0905895,-0.1353893,0.07875007,0.0002308959,-0.1164195,0.2478564,0.1901227,1.187404,0.001012314,-0.3213968,-0.3681812,-0.3116232
;
0.09713262
0.1788804
0.6319675
-0.3826141
0.4719675
-0.3099866
0.04095954
-0.09772998
-0.3429803
0.1535558
-0.1591582
0.03924304
-0.1765014
0.2439872
0.1275253
0.0419055
0.1406411
-0.3119541
1.907458
-0.4737259
-0.4287829
-0.2606331
-0.498314
0.01169022
0.02085954
0.01456499
0.198057
0.05290776
0.06519838
-0.4116443
;
0.3791655,-0.02629316,0.1610931,0.04496343,-0.05351001,-0.05598455,0.3519885,-0.339107,-0.1102607,0.3009861,-0.1820294,0.01064762,0.2261094,0.1435509,0.298799,-0.05101455,0.2338577,0.01760788,-0.3797541,0.4263597,-0.6576286,-0.02934493,0.5301938,0.1954137,-0.5255307,1.23169,0.4726037,-0.0557843,0.002312423,0.326385
-0.1235813,0.01846163,0.1680853,-0.1021078,-0.02087599,0.4761692,0.02015989,-0.001338273,0.6428042,-0.1339882,-0.01658195,0.05281538,-0.3537177,0.624038,0.04918449,-0.09117931,0.1894912,0.08561673,-0.09987169,0.2319479,0.1044113,-0.03183611,-0.3934706,0.07760972,0.2030453,0.05222701,0.02848653,-0.3187686,-0.01330996,-0.6342946
0.05118901,0.0002575404,-0.3224845,-0.2219804,0.2317844,-0.05495244,0.2779219,0.124936,0.2788954,0.04888179,0.01997033,-0.0007678024,1.340142,-0.206876,0.1475524,-0.04533445,-0.4771284,-0.03438104,-0.2074137,0.3084892,-0.7016205,-0.2170422,-0.01764188,-0.08684668,0.2443212,0.004486551,0.3691807,0.4006435,0.002760893,-0.1853096
-0.6903202,-0.2367252,-0.1339662,0.008160786,0.1590037,-0.3647956,0.8367978,0.2540797,-0.2725773,0.001298471,-0.00914248,0.08082043,-0.3167472,0.1862882,-0.499148,0.3219572,-0.4510974,-0.3420348,-0.3120134,0.454827,0.6062556,0.1628883,0.003224096,-0.08952442,-0.07667357,-1.155984,0.06601119,0.287709,0.4382496,0.3902776
-0.302979,-0.2479458,-0.06659963,-0.04757112,-0.1239583,0.2116877,-0.4689169,-0.2319955,0.5788425,-0.002155815,0.8013355,0.2195097,-0.4446291,0.5774424,-0.03094086,0.06854802,-0.2279233,-0.3413739,-0.7795636,-0.4144583,0.2578533,-0.06156129,-0.4166592,-0.283892,0.09007913,-0.002451113,0.01073745,0.1632701,-0.15161,0.02955405
-0.04329556,-0.1025992,-0.1495892,0.4122133,-0.3900697,-0.168983,-0.04587537,-0.007655203,0.07623664,-0.05157596,-0.2922156,-0.4697378,0.4360958,0.3441168,-0.3202742,-0.02816945,0.08164638,-0.2083016,0.1453341,0.002017975,0.07678086,0.2867425,-0.08053605,-0.4030164,-0.01114671,0.1290295,-0.08120956,-0.02555032,0.6784121,0.3424827
-0.04684116,0.2454215,-0.8140664,0.1036159,-0.2624856,0.05415672,-0.1712207,-0.04505426,0.4972015,0.005920825,0.3612982,-0.1661005,0.5890893,0.1711594,-0.1413291,-0.009471834,-0.3218561,-0.4028834,0.03745006,-0.2575518,0.01968844,-0.009706265,0.4277085,0.3612595,-0.472826,-0.02705742,0.00764045,0.2867812,0.08058608,0.1127892
0.0009028412,0.03381139,-0.4322168,0.4098082,0.4677957,-0.07381457,0.4960116,0.3824332,0.3415339,-0.1648063,-0.01592308,-0.1313694,-0.5476429,-0.2552192,-0.6112646,-0.5311715,-0.1893772,0.03937254,-0.4520147,0.2576247,0.006975114,-0.1493557,-0.4193993,-1.049997,0.006011156,-0.005643351,-0.01465059,0.02727162,-0.02976364,-0.367499
0.4676614,0.3679806,-0.2055002,-0.03495708,-0.4554768,0.06032173,-0.003409316,0.0150649,0.3497798,0.3999748,0.3828315,0.1890492,0.0108997,-0.1074771,0.2987961,0.04706055,0.5526569,0.274295,-0.2178351,0.02076294,0.3921849,-0.2603805,-0.1077994,0.2769731,0.06424348,0.1891795,0.08105232,0.004664555,0.1184437,0.3879243
0.235711,0.02536187,-0.3113933,-0.3927158,0.2384781,-0.53534,0.2633616,0.03828964,-0.04231995,0.008731113,-0.09667709,0.02495009,0.02488822,-0.9496782,0.07013231,0.4276936,0.3119719,0.2585162,-0.5128563,0.1260236,0.0130437,-0.3188602,0.5505603,0.02568728,0.2739414,0.07674982,-0.3167663,-0.5572588,0.4564414,0.03588553
0.4495864,-0.3496865,-0.9593543,-0.2773961,0.1262306,-0.6514924,-0.3518632,0.1873028,-0.006972332,-0.07085718,-0.4118986,0.3995754,-0.299716,-0.08781213,0.2156586,0.2308029,-0.01132078,0.317425,-0.4436208,0.0571202,-1.593258,-0.5306802,0.2951718,-0.004135039,-0.1431616,0.2268324,0.1739804,0.2305239,-0.2323908,-0.02279155
-0.4193356,0.09244261,-0.2573209,-0.2704476,0.02640443,-0.01467943,0.004028177,-0.5232484,0.2714587,0.03608043,0.1276989,0.005167469,-0.01465663,-0.09996194,0.2646978,0.2602098,-0.05179995,0.3340344,0.5668837,-0.2235638,-0.02476425,0.008281718,-0.02053674,0.07599322,-0.3127742,0.3150048,0.1273552,0.1664622,-0.2035416,0.1183447
-0.4986839,0.3073072,-0.1755016,0.2527043,0.07867151,0.09202057,-0.005053561,0.347385,0.1363084,-0.320304,0.003392853,0.7984437,-0.132589,0.003609205,0.1148236,-0.3216144,0.1030573,-0.3448055,-0.06109177,-0.01051766,-0.3996257,-0.4417717,-0.3052622,0.4716028,0.03979785,-0.03856694,0.2358113,0.1048531,-0.02609915,0.001700805
-0.2775297,-0.3770108,-0.02400963,-0.1862239,-0.1514635,0.1371311,0.5315503,1.364503,0.06729688,0.399788,0.4216665,0.2874159,0.02643935,-0.6377092,0.1444045,-0.3924257,-0.5267631,-0.321189,-0.4986474,0.2245445,-0.4929548,-0.1964257,0.09735157,0.7151094,0.07440335,-0.2811717,0.04792132,0.4556084,-0.01605029,0.0949606
-0.3304224,0.1118577,-0.2235716,0.08877331,0.1459012,0.008294118,0.3632693,-0.4045661,-0.2261205,-0.4057465,0.3922555,0.4379951,-0.3359938,-0.01215427,0.444798,-0.005346585,-0.1159873,-0.02891725,0.4178455,-0.4226716,-0.003337444,0.9472364,-0.003334582,0.06564637,0.1772588,0.5925127,-0.3050963,0.02908736,-0.1516689,0.003816068
0.2649796,0.1467605,0.01561458,0.5547459,-0.1228469,-0.3717231,-0.2855566,-0.0495987,0.06695683,-0.01792216,0.02897432,0.3473301,0.0835585,-0.3557264,0.4862536,-0.1281886,0.3914571,0.01018447,-0.1660497,0.008477047,-0.2300458,-0.1045924,0.2018569,-0.1548809,-1.046363,-0.4903487,-0.001818269,-0.01313955,0.113952,-0.09269397
-0.1226611,0.17251,0.009220078,0.00461957,0.04286331,-0.2164101,0.960648,0.3715472,0.2023792,0.5159186,-0.3810812,-0.04761456,-0.02004118,-0.3871583,0.1962494,-0.002058797,-0.2371241,-0.3572571,0.6278028,-0.1786756,0.0004714409,-0.194031,-0.003907092,0.06051074,0.0006966172,0.01431385,-0.2858785,0.32389,0.1021233,-0.1687683
-0.1389542,7.728932E-05,-0.02842485,0.09770697,0.4930919,0.4468558,-0.02642159,0.4431547,0.04212877,0.1969116,-0.1587384,0.1124893,0.1225131,-0.09631676,0.2454975,0.09435382,-0.5341626,0.05033457,-0.1545292,0.1587124,-0.007220907,0.3943144,-0.03243243,0.6544651,0.7644718,2.47065,0.1964159,0.4615095,0.003847841,-0.2212712
0.1255254,-0.4098419,-0.2913952,-0.3868002,-0.2680485,-0.2724089,-0.8563093,-0.4629456,0.6228729,0.330002,0.4228047,0.03908607,0.1649572,0.003159727,-0.02577805,-0.465245,0.3314474,-0.01944251,0.01974112,0.1941268,0.1503472,-0.1808278,0.001006026,-0.3408264,-0.2696526,-0.03994197,-0.2438174,-1.037509,-0.3294069,-0.2933513
0.1007305,-0.006573385,-2.363314,0.4352628,-0.4294883,0.2654356,-0.4775552,0.1703199,0.3115259,0.03776329,-0.4636234,0.3085109,-0.1791885,0.241693,0.3614385,-0.6556709,0.01622888,-0.4421817,0.4165598,-0.2177196,1.258754,0.1307019,-0.3159169,0.2286172,-0.01659597,0.8524299,-0.257548,0.05869277,-0.9551814,-0.05148667
0.03916777,0.1506316,0.01115767,-0.03520055,-0.05775959,0.06203908,-0.403806,1.583329,0.4544933,0.0316678,0.08035976,-0.03237459,-0.3722945,0.3151293,-0.659912,-0.3179585,0.008213783,0.295466,0.003093106,-6.563935E-05,0.1605735,0.2748259,0.6164693,-0.08574921,0.1255811,-0.7440769,0.02142814,0.1817448,-0.137262,-0.06291288
-0.02447758,-0.2056036,-0.07966352,-0.005903256,0.06871015,0.4432008,0.3825293,0.008484546,0.1969168,0.4406783,0.0701835,-0.05083412,-0.2539306,0.2081121,-0.4171228,0.1264458,-0.2799345,0.2799942,-0.2466337,0.005699846,0.01765703,0.865436,-0.6944854,-0.3818889,-0.01796552,-0.148949,0.07012115,0.1022733,-0.02692356,-0.4202596
-0.1701017,-0.3329461,0.0174552,-0.3941778,-0.01196618,-0.03061566,-0.05942781,0.05305768,0.09134223,0.2368306,-0.003484572,0.1568507,-0.5149611,-0.02091461,0.3031107,0.0479563,0.4108538,-0.2273799,0.2360076,-0.08005458,-0.01447557,0.4090741,-0.1653342,-0.1424047,0.01783188,0.4569317,0.08419927,0.02892219,0.0002218013,-0.05184117
-0.0247249,0.08680547,-0.4035401,-0.1528752,-0.07889587,-0.09757632,0.4972296,-0.2618239,-0.07504004,-0.4796422,-0.4368398,0.05964616,-0.1047559,-0.05628989,0.003074933,-0.7766231,-0.03500468,0.4725304,0.01771146,-0.03858322,0.2193493,0.1660199,0.1471984,0.08855038,-0.001968518,0.8518717,-0.1533569,-0.02265005,-0.217022,0.2937857
0.499994,-0.04647819,0.4133186,-0.1548641,0.1354374,-0.03431159,0.5256357,-0.3387373,0.7079761,-0.4465837,-0.2646485,0.7101429,-0.0184175,0.3797592,-0.09268929,-0.09061903,0.07652663,-0.07151403,-0.2605298,0.01377343,-1.37709,0.1592405,-1.272968,-0.1133117,-0.1672756,0.6353439,0.13105,-0.3809848,-0.0292235,-0.06845444
0.007943293,-0.009028632,-0.3840628,-0.1195632,0.03440515,-0.4299995,-0.4316038,-0.1390718,0.3944135,0.1247896,0.3260671,-0.03901523,-0.05528312,0.1303915,-0.3647458,-0.1456708,-1.815026,-0.3014147,0.460338,-0.02164072,-0.01381058,0.2403592,-0.3653252,-0.2365013,-0.01965529,-0.1577544,-0.3620285,-0.7974848,0.1652952,0.5220726
0.5145451,0.03966058,-0.07529434,-0.1746635,0.4378109,-0.1650743,0.3747147,-0.1058448,0.1742545,-0.306529,0.03759795,-0.4084399,0.1014333,-0.4253318,-0.929944,-0.1249322,-0.0506809,0.01222764,0.2607906,0.2202121,-0.1896245,0.2251692,-0.120777,-0.1101856,0.08029789,0.09409805,-0.2174135,-0.00969207,-0.00249928,-0.006498626
0.1706107,-0.5284722,0.3152189,0.5202349,0.1836499,-0.04812679,-0.05458105,-0.08746535,-0.9742848,0.2261703,0.30594,-0.7756745,-0.1379936,0.05481273,0.3960089,-0.01701079,1.905746,0.01005863,-0.1399783,-0.08915329,0.2996166,-0.370212,-0.1728947,-0.2224679,-0.09284717,0.3605097,-0.1924126,0.3928374,0.4207965,-0.07600194
-0.007870159,-0.6558936,0.3408741,0.2918028,-0.3504989,-0.03851992,0.09958667,0.1657577,0.3120756,-0.03854021,0.2280355,-0.236457,-0.2580151,-0.153322,0.1090586,-0.06397689,0.2796895,0.1005387,-0.09232707,-0.2048166,-0.0665969,0.07302175,0.006836398,0.08338317,0.248994,-0.02194493,0.1429432,0.07159271,-0.3430932,0.01940969
-0.2307205,-0.02800113,0.1122605,-0.6089417,0.2527092,0.02730452,0.3089257,0.5488345,0.01731283,0.07511548,-0.5789731,0.401695,-0.4581056,-0.02098413,0.03587252,0.0925189,0.3347285,0.005415264,-0.01062943,0.004332642,-0.5591399,0.4565545,-0.1012723,-0.2617594,-0.3322879,0.03021996,0.0002339209,0.1140341,-0.5963563,-0.3407775
;
-0.4344439,-0.08810908,0.7103921,0.4053277,0.3869605,0.489388,0.05919379,-0.2574638,0.007109177,0.4835844,-0.2985002,0.7876756,-0.167268,-0.7613546,0.04165131,0.03654787,-0.1173657,-0.2957119,0.08951048,0.1114472,0.4392954,-0.2932765,-0.02796067,0.04472848,-0.0002422212,0.04032357,-0.2727281,0.09603161,-0.06746615,-0.1142279
0.6060226,0.3295803,-0.1432188,-0.4123291,0.320696,-0.0008141024,0.7213435,0.07494789,-0.1376844,0.003028692,-0.4105166,0.03869266,0.5597243,-0.006397758,-0.4997646,-0.2642351,-0.274424,-0.01058074,0.4865755,-0.3930072,-0.4866192,0.648988,-0.2292765,-0.103388,0.3518866,-0.2053031,0.005803796,0.00222585,-0.08959255,0.005720221
-0.05917001,-0.1899667,-0.1354951,0.08427614,-0.1737157,0.3343925,0.0595789,0.6235856,-0.1731379,0.007872188,-0.4764598,0.4781961,-0.2488248,0.4459647,-0.00709039,0.3949081,0.04158749,0.3380913,-0.0450222,0.3095929,0.4528887,0.4018905,-0.02901529,-1.386514,0.1322361,-0.04811954,0.5912208,-0.07098127,-0.3909408,0.1072805
;
-0.09234708
-0.005822682
-0.08524089
0.1274333
-0.003749104
-0.1715251
-0.3757918
-0.09732476
-0.2995258
0.07701749
-0.01069148
0.3737373
3.875527
0.0231728
-0.1299954
-0.02592768
0.1830625
-0.3430816
-0.08681148
0.4197697
-0.2985827
-0.2185885
-0.3103257
-0.00216112
-0.354134
0.009579563
-0.4898526
-0.005908489
0.3748574
-0.3678164
;
0.02283953,-0.3675481,0.2201737,0.1245534,-0.07783879,-0.04515149,-0.9465703,-1.527108,0.4884477,0.4797645,-0.1171023,-0.159134,0.02095895,0.05242121,-0.1079046,-0.2374239,-0.0483212,0.1193478,0.2709756,-0.1738127,0.04221608,-0.3600945,-0.325734,-0.02801555,0.09453863,-0.2954143,0.2022506,-0.3285463,0.07083863,-0.2305595
-0.4987332,0.05579903,-0.2030084,-0.04328269,-0.4763986,0.3147345,-0.009064039,-0.1266676,-0.0001018147,-0.06023933,-0.02402048,-0.4250254,0.3802376,0.09929687,0.04198797,-0.1358278,-0.2431341,0.2606474,-0.009356439,0.1725111,-0.1721696,-0.05753331,-0.4399072,0.4295969,-0.1704121,-0.4214232,-0.04530273,-0.1497097,-0.04085356,0.1559819
0.04873165,-0.1002833,-0.01359568,0.06615765,-0.1151479,-0.03524572,0.03339055,-0.006536664,-0.3480051,-0.1572282,0.001845844,0.8851876,-0.01859321,-0.3073571,0.2662359,-0.1728227,0.03475996,0.006106917,-0.1184253,-0.04091884,-1.060665,0.004243155,-0.4956776,0.4777688,0.3145329,-0.04501207,0.6769494,-0.168447,-0.02119316,0.527538
-0.27661,0.1891085,0.4395813,-0.005523338,-0.06251153,0.05745655,0.4500551,-0.5631845,0.4136382,0.3321329,-0.04372628,0.4603364,-0.4272495,-0.2585051,0.0991241,0.0122842,0.4731679,-0.3200996,-0.2133128,0.02747766,-0.3962672,-0.4811343,-0.04998118,-0.1324872,-0.2818561,-0.3194173,-0.02539495,0.0355869,0.05346495,-0.07055856
-0.5874572,0.1571352,0.6088502,-0.6758575,0.3368472,-0.193736,0.003119183,-0.001032406,-0.8131114,-0.5893776,-0.7543367,-0.1043555,0.04055333,0.04730757,0.2752723,0.09561187,-0.620243,0.06896861,-0.4722416,-0.1692865,-0.07204433,0.08530146,0.03751894,-0.6188956,0.009488176,0.7823769,-0.05038816,-0.05117482,0.06209919,0.02052257
-0.369131,0.3255441,-0.2614893,-0.1034454,-0.733661,0.2833301,-0.3022302,-0.4361614,0.8123255,-0.06474889,-0.04342641,0.249989,0.008515159,-0.1039123,0.599219,-0.4864502,-0.01132474,0.3655239,-0.2022822,-0.1460583,0.370047,-0.3200132,-0.0351739,-0.03134205,0.2434238,-0.09690715,0.288958,0.3425783,-1.077793,0.09268099
0.4433686,0.3380383,0.4518096,-0.2721595,0.1965634,-0.5845307,-0.70668,-0.02745861,-0.4477193,-0.3271747,0.08889516,0.6871852,-0.008276857,-0.5255293,-0.0158185,-0.3175176,0.2613593,0.009939373,0.4079486,-0.09077355,0.09823352,0.1984871,0.000729794,0.006825864,-0.8315861,-0.06032452,0.3618752,-0.1074307,0.04460301,0.6378472
0.4333986,0.07718361,-0.5772616,0.3560607,0.09347904,-0.1059221,-0.1353039,0.001170337,0.3392626,-0.1219129,-0.4993115,0.3587434,-0.2025906,-0.4972677,0.2372513,-0.2438346,0.07829857,0.3153863,-0.1481598,0.4209361,-0.2654927,-0.03439835,0.6915792,-0.00672071,-0.1710568,-0.0181116,0.1126456,-0.02905756,-0.01308354,-0.08806016
-0.0004466006,0.3110508,0.2691116,0.1860804,-0.27673,-0.157771,0.4012996,0.07791144,0.01946646,0.006804508,-0.02171511,-0.2538617,-0.3900538,2.083615E-06,-0.01672251,-0.2219261,1.022032,-0.280027,-0.2837586,0.1323939,-0.5326127,-0.2106385,-0.1329942,0.4329489,0.2181035,-0.4585522,-0.05130128,0.01416133,0.2657949,-0.07755063
-0.05395234,-0.116323,-0.5630515,0.05279571,-0.2193303,-0.5080052,-0.008221862,-0.3652687,-0.47754,0.8379599,0.01525303,-0.01328808,-0.2618042,-0.09900898,0.08663872,-0.005549287,0.05242664,-0.774677,0.2872915,0.0742957,-0.4032617,-0.1526456,-0.2716641,-0.1149541,0.03377944,-0.1240493,0.8218059,-0.3108176,-0.2043206,0.02684957
0.2522828,0.009483541,-0.1445139,0.2889074,0.002784398,0.3721019,-0.02434164,0.04787248,-0.1436835,0.0005253782,-0.03862865,-0.03700893,0.1486907,-0.4120921,-0.3651654,-1.613067,0.172389,-0.04121697,0.2312587,0.0009356347,0.4907101,0.2443582,-0.08871473,0.4160609,0.3661857,0.3703905,-0.2290663,-0.1430495,-0.2003359,-0.03855535
-0.0698773,-0.03379494,0.0160569,-0.1116078,0.05786278,-0.2579027,0.02102528,0.4828864,-0.5798136,0.3012343,-0.4738247,0.002579314,-0.1562306,2.191545,1.073038,0.001453629,-0.1618272,0.2360324,0.001356855,0.3651152,-0.06949296,-0.1221897,-0.09338377,0.006751075,0.1175498,0.01804579,-0.3674976,0.3899504,0.2573623,0.005355299
0.1336473,0.1486621,-1.355679,0.009573133,-0.6377625,0.2581937,-0.176449,-0.2703427,-0.2997589,-0.09748507,0.009410163,0.3235326,0.1478041,0.07218641,-0.08495849,0.4480944,-0.5991971,-0.001294398,-0.0218719,0.459221,0.03449994,0.2033749,0.1385717,-0.2665446,0.2068646,0.1319028,-0.9770201,-0.5336136,0.9004731,0.0610985
-0.8681782,-0.1840039,-1.759108,-0.06953605,-1.689225,-0.1461372,0.4941694,-0.002960503,0.2309746,0.3785846,-0.055253,0.4876426,-0.15369,0.3195678,5.780819E-05,-0.6024208,-0.02227653,-0.05080922,-0.1107508,0.2399517,-0.1917986,-1.026833,0.01826264,-0.006634535,0.4547114,0.2443946,0.4891207,0.1744324,-0.1153943,0.112435
-0.02557735,0.05204994,-0.4477798,0.4726745,0.1113807,0.4031041,0.5217884,-0.02428379,0.4052014,0.05996317,0.002565559,-0.5613782,0.4841915,0.4986166,0.3169572,0.951212,-0.3026278,0.7421749,0.3938234,0.002329975,-0.1573922,-0.2782109,0.2473122,0.06377354,-0.4988871,0.5104394,0.03236356,-0.6841555,-0.04140502,-0.1071575
0.002640123,0.7051936,-0.1391456,0.1483727,0.08636039,-0.03597869,-0.2866058,-0.9287161,-0.6075296,0.09637477,-0.4043236,0.02996478,0.002705634,0.006943992,-0.3238791,0.01139671,-0.03342042,-0.1683736,-0.01832231,-0.2874306,-0.02740866,-0.1357419,-0.06152898,-0.04294511,0.03662464,-0.7297029,-0.01941747,-0.3796064,0.2017735,-0.07248914
0.1498711,-0.3709728,-0.01009221,0.02730777,-0.2782654,1.484488,-0.0244146,-0.09542494,0.5103011,-0.01800014,0.008046169,-0.03056996,-0.07060761,-0.0590371,0.4778489,-0.005987122,-0.2464938,-0.04242749,-0.3813436,0.3201103,-0.4675511,-0.001064276,0.6405375,0.3859411,-0.00021409,1.309773,-0.5488971,-0.3389263,-0.1637407,-0.07226698
0.2084493,0.01522879,-0.2068364,0.4997473,-0.322751,-0.106999,0.3288199,0.1081772,0.01937189,-0.1573598,0.001561758,-0.4260395,-0.02918468,-0.007315096,-0.5168167,0.1087533,-0.03990848,-0.07334262,-0.2313005,-0.2448688,0.05034095,-0.06249937,0.4851536,0.05124016,0.1348753,0.1635364,-0.1064009,0.01866607,0.4261513,0.443599
0.1006412,0.3728718,0.02945453,-0.03217842,-0.129176,0.05241793,0.1824775,-0.1527132,0.2345484,0.3808429,0.08488461,0.6495891,0.135002,-0.3872832,-0.08574521,0.5265188,-0.1659434,-0.1988868,0.4517347,0.3561903,0.1139169,-0.06128067,-0.04796976,-0.4630057,-0.2156723,0.1821781,-0.3704416,0.4797747,-0.2249313,-0.0447976
-0.2280056,-0.09361898,0.5872643,-0.06599022,-0.1428439,-0.04734545,0.001446796,0.02924191,-0.0788644,-0.06273192,-0.6893995,0.0124001,0.1185258,0.3371129,0.0240594,-0.05694517,0.3831147,-0.1481857,0.1228252,0.2798208,-0.7574946,0.2891399,0.6958594,0.06299978,0.02651005,0.1472136,-0.07043499,-0.2490374,-0.01034929,0.6633604
-0.04125704,0.1304726,0.1660139,0.4273545,-0.3842307,0.2855878,-0.3366232,-0.3253958,-0.2293091,0.3039924,0.1159153,0.4608809,-0.03779608,-0.004412669,-0.03807472,0.1563506,0.0430261,0.3096074,0.2623531,0.1596975,-0.1822333,1.27865,0.08782589,-0.2187212,-0.3105129,0.1333448,0.005510747,-0.1466452,0.01760543,-0.04612445
-0.1060658,-0.3694179,-0.09364384,-0.3964509,-0.2599093,-0.1266063,0.4584477,0.4324331,1.400951,0.3950361,-0.3571513,0.001007598,-0.1499127,2.018227,-0.1638781,0.4345894,0.8005479,0.03814663,-0.3704112,-0.01204148,0.4087243,-0.4144144,0.1584002,-0.007963262,0.01811275,-0.002815367,-0.0615887,-0.3341113,-0.4870394,0.05749991
0.4984237,-0.0708892,0.3455338,-0.03315308,0.1464272,-0.3467726,0.1679729,0.3009354,-0.008237898,-0.2207159,-0.007622823,0.4132529,0.2029229,0.5353777,-0.02288999,-0.1808901,0.5217518,0.47321,-0.3209605,-0.1621671,-0.2635286,-0.3769946,-0.4754604,-0.698781,0.659928,0.2267773,0.015315,0.1568649,0.00720357,-0.2457992
0.237687,-0.3539295,-0.1443296,-0.1218642,-0.008139499,0.4505994,0.09855735,0.2701535,0.0325967,-0.4189855,0.03716644,0.06562668,0.4875485,0.3198015,0.6871727,0.1793577,0.1750069,-0.0006437065,0.3521978,-0.02302279,-0.3232001,0.06509457,-0.1716442,-0.001542956,0.0006287324,0.2983366,-0.218217,-0.09606606,-0.6381504,0.553224
-0.4090911,0.2948547,-0.2559922,-0.4391018,0.08187431,-0.390286,0.2494542,0.4649878,0.06487674,-0.01978535,-0.2932736,0.8077646,0.4773024,-0.2270469,-0.06854872,0.2595809,-0.1418292,-0.4375579,0.3583791,-0.3703484,-0.2294861,-0.009288371,0.06931152,-0.2888733,0.01379472,0.3371331,-0.6214609,-0.06062699,-0.4794024,0.4902456
0.4259785,0.03888015,-0.4009298,0.3695599,-0.0431357,-0.3674539,-0.01087324,-0.3597168,-0.1737522,0.4152966,0.2701168,0.909413,-0.3052959,2.451453,0.7129034,-0.001235524,0.3826244,0.01021902,0.3730351,0.4075696,0.03515773,0.4737546,-0.008582558,-0.4689164,-0.007521331,0.04744994,0.01012899,0.5020778,0.1296234,0.4470097
-0.1867637,-0.3968028,-0.3902654,0.01885734,-0.2114359,-0.02177757,-0.3676657,0.3987433,-0.05781039,-0.3996814,0.4126492,0.2764443,0.09935042,-0.1838683,0.007945658,0.4853966,-0.01754798,0.1775323,0.003069052,-0.001981138,0.4540587,0.1491892,-0.2711356,0.4866138,0.001090606,-0.207195,-0.07882005,0.6068147,0.1352745,-0.1727626
0.004912028,-0.04366785,-0.2051788,-0.3762892,-0.2393773,0.2993248,-0.4135114,-0.2659826,-0.3368089,-0.0008666603,-0.1372816,0.2241242,0.4620829,0.01640552,0.7871222,-0.005956046,-0.02598763,0.0444414,-0.4693961,0.7880732,0.1062202,0.2602028,0.5866064,-0.0163689,0.2260108,-0.02817475,0.01843793,-0.002161351,-1.860627,-0.4240494
-0.386773,0.5172428,-0.4840343,-0.7704345,0.01585568,-0.0384207,0.04260473,0.3345892,0.01035876,-0.2432791,-0.07173681,-0.2522943,0.7391141,0.4990133,-0.5637987,0.05797808,-0.139634,-0.4738859,0.06300408,-0.004317479,-0.5608739,0.4166056,0.03161384,7.673771E-05,-0.2110464,0.32839,0.003081656,0.00775428,-0.4302038,-0.07800609
0.5422024,0.365374,-0.6079865,0.0512692,0.01641545,-0.4488276,-0.04908898,1.009012,0.1203837,-0.1917369,-0.2212958,0.8248574,-0.323585,-0.004446447,0.0204301,-0.5446677,0.2688795,-0.003037661,0.9844848,0.4894464,-0.09547802,-0.3583456,-0.07602854,0.4461131,-0.9107358,0.009481498,0.2826455,0.1436404,0.3411051,0.4920132
;
-1.533213,0.07224356,-0.06139225,0.04206973,0.002774885,-0.149643,-0.4977072,-0.211692,0.008330411,-0.02375311,0.002065685,0.03242415,-0.02228655,0.3732462,-0.01901268,0.0001557978,-0.03537673,-0.07318284,0.2457361,0.1148009,-0.00256961,0.552514,-0.04458393,0.2197051,-0.4759781,-0.005004775,-0.01086408,0.6768566,0.1317099,-0.06783125
-0.6413991,0.02053126,-0.003255031,-0.3411382,-0.05709344,0.00932517,0.3685234,0.1591778,-0.156455,0.2886759,0.08818729,0.0152003,-0.000985701,-0.06190878,0.3540622,0.03619173,-0.1573882,0.2755544,0.1652018,-0.1351358,-0.2815295,-0.001480039,0.07803092,-0.227882,0.5784569,0.02718502,0.03543944,-0.4583629,0.3413757,0.3482558
0.04436094,0.06224758,0.009435475,-0.1421572,-0.2079875,0.1267056,-0.001202832,-0.09507885,-0.2585683,-0.2799884,-0.1884531,0.1179724,-0.04100277,0.7794133,-0.3766455,0.7949663,-0.06617385,0.03625564,0.06991619,0.02517798,-0.114109,0.4614972,0.2974595,-0.8161961,-0.01002592,-1.193091,-0.01320141,0.1233516,0.1113116,-0.2595816
;
