-0.02189857
0.4744647
0.2016443
-0.6045628
0.001076246
-0.002350328
-0.004732328
0.03130647
-0.4243686
-0.2535176
;
-0.04695501,-0.009930343,-0.1228104,0.1725701,-0.2013335,-0.07676174,0.05313287,-0.5133588,-0.1826741,0.3306352
0.01685714,0.00672301,0.03286785,0.01532871,-0.46543,0.1390178,0.01025903,0.06461884,-0.07381313,-0.08639851
-0.1395531,-0.1897765,0.5253558,-0.381822,-0.2791871,0.6535864,0.3869941,-0.9343894,0.109394,-0.1743657
0.2463035,0.001562851,0.02893811,0.07291376,-0.3322093,0.00907006,0.003532541,-4.167396E-06,-1.006777,-0.2299601
-0.08163067,0.008823344,-0.8639269,0.2218231,0.4793744,0.01124852,-0.2675226,-0.4648716,-0.3034877,-0.3687651
0.3174238,0.4481623,0.2525827,0.02054828,0.06683248,-0.3907454,0.3559085,0.03607914,0.0007375273,0.03265053
0.1167187,0.07955109,-0.2168242,0.4778081,0.06629325,0.4582533,0.2401364,-0.4405312,-0.5776535,-0.3006434
-0.3294524,-0.1771978,0.1458302,0.7767794,0.4969594,0.2661982,-0.08837744,0.4235686,0.05709905,-0.8092317
8.09325E-05,0.3912787,0.0001637034,0.06986767,-0.0255745,-0.3598951,-0.01444122,-0.1496813,-0.0332436,-0.4817653
0.0283298,-0.008815541,-0.4422311,-0.3154153,0.6767832,0.6843755,-0.1220319,-0.04222388,-0.08730462,-0.1973009
;
0.004413493,-0.1322697,-0.3459016,1.08443,0.1284399,-0.1173081,0.4270741,0.01861087,0.4776025,0.3915926
0.7319967,0.5941943,0.001931599,-0.07189959,0.05103939,-0.4583914,-0.1618762,0.4347574,-0.05770288,0.04030573
;
0.02229504
-0.4060521
0.4510833
0.1055086
-0.09395809
-0.04476645
-0.1746982
0.08132751
-0.4162046
0.02504016
;
-0.4975465,-0.09822732,0.1492393,0.03716487,0.4724118,-0.053154,-0.05130702,-0.3232684,0.1106529,0.05470689
0.5044546,1.100658,-0.03242344,0.6536519,0.3556445,0.1135702,0.07432097,-0.1483269,0.008898987,-0.01121121
-0.161656,0.2689204,0.005178337,-0.2153718,-0.08065537,0.08107705,0.05304059,-0.3579788,-0.1183116,-0.0609702
-0.0009485911,-0.06241995,0.004998321,-0.1321677,-0.3149036,0.2519508,0.4324498,0.08911543,0.4449805,0.04262853
1.002078,-0.2271535,-0.05189455,1.098381,0.02587861,0.01201661,0.1140153,-0.04536957,-0.2518904,0.05931671
0.2786016,-0.02998397,-0.002280405,0.1314238,0.1335153,0.400402,-0.0001146656,-0.01907488,0.1620401,0.7733305
-0.3251233,-0.02589506,-0.0005793577,0.695744,-0.1952791,0.07269603,-0.1814067,-0.4801211,0.04129439,0.3353374
0.07158325,0.3119242,-0.149931,0.06606103,-0.05404836,-0.2448794,-0.7016516,-0.5026448,0.02220851,-0.4111554
-0.1350785,0.03444903,-0.08686322,0.686166,-0.0007813607,-0.3858018,0.3768724,-0.1711344,-0.05190699,-0.26009
-0.4797449,-0.4148208,0.4206735,0.6565723,8.175761E-06,0.2197838,-0.003363626,-0.2435821,0.7905486,-0.004993028
;
0.594583,0.2798197,-0.5353435,0.003141885,0.4458275,-0.04700012,0.05808419,-0.05458581,-0.4106386,0.0089714
0.03674465,0.5328757,-0.3522553,0.02218416,-0.004117826,-0.06368977,0.1666922,-0.3988955,-0.4825046,0.07461445
0.2720853,-0.2034444,-0.2191543,-0.1090992,0.008239298,-0.189537,-0.4057536,0.1104654,0.0455965,0.001865022
;
