0.4772229
0.0119619
-0.149018
0.4963464
-0.01473458
1.508843E-05
-0.183485
-0.1561992
-0.4724691
0.003472645
;
-0.3777948,0.7588177,0.4237678,0.03293321,0.4665685,-0.252964,0.3350068,-0.3312378,0.1100235,0.1324221
-0.1584307,0.009724677,0.3849239,-0.2420482,0.2547822,0.1007672,-0.129363,0.3729408,0.4387486,-0.04386357
-0.5408199,-0.4477636,0.4785815,-0.1140582,-0.001928318,-0.6739832,-0.460772,0.0313259,-0.2288558,0.8728019
0.327111,0.04011931,-0.3280757,-0.06914002,-0.1085246,-0.001501143,0.1223918,-0.09540325,0.1542252,0.03233418
0.04976474,0.1753417,0.07417875,0.0336602,0.01888412,0.2354066,0.06722513,0.2769599,0.05612664,-0.1565271
-0.002021504,-0.04968761,-0.0003992968,0.08168474,-0.2602681,0.1291655,-0.06826304,-0.2657326,0.1472375,0.2065009
0.01714867,-0.209706,-0.2818248,-0.2413658,-0.1770966,-0.2211667,-0.2542548,0.01147761,0.06334215,-0.4955962
0.3582952,0.001068442,-0.09806947,-0.411384,-0.07599369,0.003042321,-0.4550606,-0.003410024,-1.252598,0.009025476
0.2533553,0.1440241,0.0004466628,0.0162892,-0.4216592,-0.3769801,0.3709626,-0.134005,-0.4775907,-0.001237143
0.6029734,-0.7153255,0.1746954,0.2871822,-0.3017729,-0.3419138,0.1347566,0.1588342,-0.2886129,-0.02792477
;
-0.0003170363,-0.06778139,-0.1047031,-0.001728304,0.0866044,-0.05734688,-0.01113259,0.4769394,-0.3283113,-0.004220687
-0.6233587,-0.0220168,0.0806822,-0.2765708,0.1977168,0.2716796,-0.03162439,0.0545455,0.8017457,-0.1076227
;
-0.01606106
0.4563385
0.717504
-0.07684841
0.195995
-0.1529493
0.01788221
-0.7160661
0.4074486
-0.05901153
;
-0.09757961,-0.4804206,-0.007985764,-0.003999046,-0.2214348,-0.0001700252,1.186599,0.1605296,0.04631394,-0.06183389
0.06619482,0.5617275,-0.3106294,-0.4816434,-0.00673359,0.3321283,0.0272364,0.01213344,0.08998626,-0.01657733
-0.09459942,0.1130828,0.1923405,-0.1483547,-0.4997468,0.2288296,-0.4748052,-0.1631604,-0.5656382,-0.6524592
0.4124365,0.08969248,-0.3076087,0.08464348,0.3544172,0.3748602,0.4753835,0.4670319,0.04529148,0.0049421
-0.4933207,-0.4578568,0.02326794,1.345057,0.006357625,-0.1175633,-0.2461919,0.03088856,0.02916588,0.3426942
-0.06796215,0.42212,0.00165269,-0.340068,-0.03225366,0.004408993,-2.843889E-05,0.01316456,0.09037759,0.005437644
0.3774509,0.4109912,0.006193408,-0.0001771136,0.05559189,-0.4220332,0.3697616,-0.282756,0.2680561,-0.0249487
0.07197145,-0.0253179,0.09214228,-0.4046019,-0.4870035,0.2869769,0.2290531,-0.005427017,-0.2587997,0.05399087
-0.04818302,-0.0727381,0.2120301,-0.06162389,0.0452238,-0.01435322,-0.01602497,-0.1149702,-0.6334732,0.2831583
-0.02370945,0.1185436,0.2984239,0.4686815,-8.984405E-06,0.06769125,0.01084191,0.2030865,-0.06206238,-0.2633264
;
0.2374112,-0.003553239,0.1183829,0.02471417,0.1598679,0.1694245,-0.4667885,-0.00229689,0.04674126,-0.1507134
-0.1210965,-0.005788863,-0.4791646,0.1010079,0.1306584,0.4358847,0.01795231,0.414338,0.4754639,-0.05451371
-0.7316859,0.0173391,-0.1243417,-0.0001732142,0.2601473,-0.2169651,0.3242496,0.2728842,0.172353,-0.0264382
;
