0.2408318
-0.5230849
-0.5663536
-0.3710136
-0.0005453064
0.02278414
-0.7021693
0.4293839
-0.7309061
0.6487693
;
0.8261192,0.13221,0.3459703,-0.0002163912,-0.4740019,-0.03661149,-0.3400512,-0.004438106,0.07586371,0.4330195
0.7434881,0.3736223,0.7117726,-0.0005043979,0.006016559,-0.2549947,-0.01169293,-0.09991631,-0.2012329,-0.3043579
0.4164208,0.2776259,0.1484746,-0.3700912,0.1860037,-0.03414699,2.304337E-07,-0.12871,-0.322391,0.007275045
0.4654382,0.5414082,0.2418473,-0.3500547,-0.1931207,-0.2869512,-4.303125E-05,-0.006038305,0.328025,0.07552739
-0.1110315,0.1537587,-0.8657816,-0.165204,-0.1680444,-0.2041397,0.2109376,-0.3440689,0.01637172,0.01536769
0.002577687,-0.1376003,-0.3734057,0.01468203,-0.001268822,0.04472338,-0.02019929,0.03086621,-0.02798921,0.359622
-0.8575122,-0.1736138,0.009692817,-2.416561,-0.3028327,-0.1589925,0.5245151,0.8923861,0.02295279,-0.3504215
-0.0004427016,0.4519219,-0.306375,0.2795048,-0.2366646,-0.06084722,0.1099159,-0.2248292,0.5531536,0.06878692
-0.08170819,0.8241913,0.01062979,0.2074404,0.3027557,0.01082339,-1.710713,0.01229566,-0.2908482,-1.469756
0.0008669496,0.3425699,0.02326404,0.05842592,0.8105426,0.1403269,0.2363376,0.1454957,-0.05783552,-0.1530709
;
-3.733014E-05,0.0820936,0.04175944,-0.1089664,0.3885428,-0.2174204,0.1713762,-0.5672596,0.2092607,-0.005125575
-1.825269E-08,0.1635735,0.0988453,-0.3151672,-0.1990273,-0.2241537,-0.01342748,0.06438568,-0.5378212,0.0005220022
;
0.004746642
-0.2876815
0.03389633
0.1243171
-0.06326789
0.009522578
-0.07565416
-0.4475129
0.08596011
0.0466285
;
-0.1640859,-0.1738456,0.3233067,-0.01330087,-0.04012886,-0.02744102,0.7371029,-0.01425821,-0.309767,-0.03616156
0.2153532,0.4701131,0.003812023,-0.08370894,-0.2092325,0.1056496,-0.3703802,-0.2033682,-0.3768524,-0.1303636
0.1036622,-0.1183562,0.08382785,0.03875401,0.6917098,0.552109,-0.420334,-0.04668118,0.3764647,-0.4125199
-0.3298617,-0.3202204,0.487669,0.01556379,0.1441421,0.0009670643,0.5730798,0.0021103,0.07136844,-0.4429745
-0.2317158,-0.4789598,-1.210698,-0.3527286,0.09315009,0.3318701,-0.2461264,-0.3058536,-0.1340789,-0.4709455
0.03927857,-0.2574131,0.001228872,-0.01338643,0.1268338,-0.0684469,-0.04162337,0.2383574,0.1278699,-0.3764735
0.2551453,-0.2968647,-0.006810068,0.0004598796,0.9193686,-0.1609039,0.00264467,-0.248089,0.5700669,0.4974298
0.3465357,0.05425256,0.3639704,-0.1246674,-0.3051041,0.03482319,0.1534171,0.01736968,0.004262339,-0.03409969
-0.1331409,-0.1743753,-0.2444385,-0.01968454,-0.2456389,-0.08201367,0.2869814,0.129849,0.0003062224,0.07791811
0.4290994,0.3593626,0.1461887,0.1278288,0.3121567,0.03555707,0.05609492,-0.7077454,-0.1817947,0.2256689
;
0.4043555,-0.1971852,-0.007632053,-0.114257,0.005245745,0.3913798,0.09359884,0.4114294,0.1065202,0.05353462
-0.4488686,0.2339246,-0.05013236,0.2210361,-0.04678083,0.5445617,0.01146991,0.3313207,-0.1190267,0.06522732
-0.319064,0.01612297,-0.3192364,0.1323339,-0.06504876,0.01827351,0.09302308,-0.3262184,0.2399542,0.4848844
;
8.814391E-05
-0.2931968
-0.3942314
-0.03801364
-0.01111868
-0.0008731703
0.03591878
-0.07528169
-0.5738989
0.01422782
0.03672525
0.4079177
0.4346225
0.2176399
-0.005382647
-0.232385
-0.2959981
0.09799425
0.1797204
-0.1811876
-0.4213151
0.0008408278
0.1575771
-0.04710301
-0.2633009
-0.080355
-0.2818252
-0.3858861
0.02345708
-0.1755307
;
0.2518515,-0.6106074,0.4003092,-0.5701979,-0.1461743,-0.427282,-0.013194,-0.4087123,-0.3721404,-0.09618035,0.3518209,-0.5268166,-0.2623382,0.1347936,0.2769978,-0.5268009,0.0002629936,0.2873701,0.8412463,0.4764766,0.3403878,-0.8895651,-0.01944331,-0.00110131,-0.2902696,0.2994443,-0.2344043,0.502932,-0.008773148,-0.1939778
-0.2370428,-0.2790789,0.5327364,0.08877248,-0.2194034,-0.07898813,-0.0347249,0.3147213,0.4076298,-0.1361426,-0.189386,-0.2866402,-0.03540206,-0.3174844,0.1279185,0.1740967,0.1120747,0.2970494,0.7478377,-0.1522793,-0.7008451,-0.01238712,0.3154539,-0.3202356,-0.005784711,-0.0321944,-0.4183125,0.07418233,0.5929688,0.7614322
0.07661587,-0.355579,-0.001560468,0.2253231,-0.04021582,-0.02646738,0.375105,0.1266129,0.1037803,0.05756799,0.2514689,-0.04728866,0.2006648,0.2304725,0.4834666,-0.7149745,0.2501018,-0.1752644,0.4873492,0.1139734,-0.00309551,0.3891726,0.2455982,-0.3214884,-0.07192116,0.4911373,-0.1785148,-0.1174863,-0.04649054,0.1062619
0.1436579,0.1324852,0.2144565,0.221105,0.4075804,0.1971678,-0.197942,-0.2421668,0.2743624,-0.1809947,-0.07233554,-0.2954396,0.2854853,0.01049709,0.4002423,0.3115317,-0.3648247,-0.4082397,0.03575514,0.448701,0.2008347,-0.3120403,0.4055524,-0.2197554,0.3202888,-0.5352669,0.07277968,0.01886022,-0.03198455,-0.09117625
-0.04378819,9.779865E-07,0.09994317,-0.01294431,-0.3562133,0.5516608,0.2795862,0.1624396,0.3534478,-0.03704461,0.1852871,0.4005908,-0.4292963,-0.08464807,0.01462969,-0.0001260675,0.0292521,-0.01749578,-0.1707983,4.341488E-05,-1.365539,-0.03969492,0.4514448,-0.03651822,0.210879,0.05844161,0.07160772,-0.3506416,0.195624,0.004440367
-0.6197805,0.06931234,0.1960512,-0.0003717854,0.09532037,-0.0233089,-0.370442,0.3180318,0.01370933,-0.2739103,0.05447588,-0.3945749,-0.09265257,-0.01901571,0.2434521,0.006422369,1.024517,-0.08113562,0.02880484,0.02102167,-0.7417851,-0.2371305,-0.02722598,-0.2923505,-0.39244,0.5589331,0.1048989,-0.4187895,0.4378281,-0.08613857
0.2739099,0.3886633,-0.485199,0.4773357,-0.01275219,-0.8106167,0.1920978,0.3721582,0.4461977,0.1523112,0.3159254,0.3787899,-0.1964608,0.08989634,-0.3757583,0.05460292,-0.119552,-0.2207957,0.03216315,0.5403438,0.4761142,1.041238,-0.1521958,0.001173673,-0.1116613,-0.1365588,0.08470359,-0.1961344,-0.4823745,0.8333277
-0.42279,-0.007054838,-0.005289741,0.01244932,-0.1148089,0.002908885,0.7097242,0.08200508,0.3124732,-0.4143107,0.342347,0.05588264,0.3280807,-0.03167695,-0.1435688,-2.00229,0.2415134,0.0008928695,-0.3321469,0.3752127,0.2382444,-0.1979691,-0.04974562,-0.07243792,-0.1024219,-0.1639034,-0.01900452,-0.02092272,-0.2829607,0.3771817
0.06746274,-0.03792018,0.3257776,0.1441537,0.0006488381,-0.08434503,0.1777536,0.2949228,0.4609867,0.2915709,-0.01922846,1.005158,-0.04906435,0.2251627,-0.04066736,-0.06012115,0.6446428,-0.2694443,0.3319916,0.6490446,0.000223818,-0.2848408,0.2420882,0.02697103,0.0002071748,0.3925218,0.03205787,0.001246649,-0.4276841,0.4230243
0.6263444,-0.3769329,0.2207367,-0.6367775,-0.01127004,-0.09915096,0.2785665,0.2328727,0.3987097,-0.04579873,-0.1004688,0.03292833,-0.2007695,0.05266025,0.04636651,0.478106,0.2624533,0.2421814,-0.004559183,0.0003868249,-0.3753976,-0.2907878,-0.3234545,-0.01140571,-0.1518918,0.03211515,0.1971301,0.06031029,0.1257325,-0.2544753
-0.4388351,-0.2593664,0.02085469,-0.02353325,0.05638486,0.1031641,-0.5690126,-0.005436957,0.2317365,0.1551065,-0.3796973,0.2590664,0.002353797,-0.5651546,0.09582798,0.006011474,0.05968982,0.02632278,-0.3073533,-0.006099928,-0.2164164,0.3004748,-0.1519648,0.2039465,-0.1904937,-0.007556108,0.02379694,-0.05095941,0.3323086,-0.2585416
-0.6188263,-0.1903982,-0.01395186,-0.1755184,0.5209898,-0.2376184,-0.1547302,0.002054219,-0.03932112,-0.1092828,-0.003455008,-0.2246338,0.04334718,0.2146852,-0.8349949,-0.1214064,-0.07552999,-0.2830672,-0.08706576,-0.02540654,0.4624478,-0.4386897,-0.03795361,-0.4216217,0.444129,0.0004757692,0.01982266,-0.3802123,-0.01635502,-0.1535957
0.006954134,0.4646697,-0.1469157,-0.5042904,0.1662723,0.02653188,-0.001664692,-0.4678094,0.2302243,-0.2818615,-0.131909,-0.1465354,4.249263,9.013883E-05,-0.3716065,-0.01026653,-0.3986113,-0.04046222,0.007193753,-0.4804924,-0.2366708,0.2731402,0.386603,0.403319,0.002713029,-0.01743563,-0.00352932,-2.370162,-1.110244,-0.3740098
0.5554805,-0.01343978,-0.2370335,-0.4921465,-0.4532011,-0.3436926,0.0580278,0.02643751,0.1370084,1.345774,0.003392975,0.116416,-0.2749659,-0.06502796,0.2139441,0.3421919,0.4310147,-0.1362917,0.624359,0.2853218,0.4402684,-0.06237902,0.07972997,-0.2184751,-0.07121173,0.163039,-0.290879,0.04865712,0.6325758,-0.142486
-0.2087629,-0.6703491,-0.4695389,-0.08894807,-0.3184781,0.109331,-0.4441967,0.3300954,0.3956869,0.2959912,-0.06107217,-0.6516375,-0.03587037,0.1129801,0.2104252,-0.4012867,0.1688243,-0.3859943,0.5145442,-0.3393642,0.2769953,0.2380798,0.3549697,0.4879283,-0.02014536,0.3565569,0.02766035,-0.09234184,-0.1283845,0.3556249
0.258057,-0.08945149,0.3986988,-0.4394225,0.445763,-0.7071438,0.01455897,0.4263224,-1.401001,-0.03532665,-0.04520291,0.2214345,0.08617419,-1.35723E-05,0.04850572,0.1082922,0.05270155,-0.008055753,0.04219544,0.527372,-0.01936417,-0.09426898,-0.02276845,-0.08287829,0.2252044,-0.0005004834,0.2738203,-0.6729732,0.982273,-0.4859858
0.2004344,-0.09665316,-0.4428733,0.2395964,0.01743451,0.1444278,-0.005212554,0.3436583,-0.2033779,0.002484869,-0.3080465,0.002784085,-0.0002735385,0.2298087,0.2587396,-0.02999126,0.2393601,-0.003594,-0.1058435,-0.002416704,0.573845,0.01904336,-0.1015947,0.414902,-0.1403358,-0.1103068,0.1328501,-0.1457409,-0.3071805,-0.03538437
0.182117,0.002705215,0.8703319,-0.001853994,-0.1766665,-0.176618,0.0005295954,0.08904236,-0.3679117,0.1356035,-0.145113,0.4714038,-0.07530095,0.4916774,0.01051428,0.2298277,-0.1300289,-0.3707817,-0.05512077,-0.6219772,-0.004200303,-0.3394152,0.06894988,-0.04649225,-0.1593275,-0.6376247,-0.3293173,-0.02690091,0.1435542,0.2538417
0.2142451,0.006928358,-0.0980664,0.1973407,-0.302812,-0.1133545,-0.05049769,-0.1538421,-0.2131466,-0.0158692,0.1889579,0.1030294,0.01238845,-0.06890331,-0.1123126,0.9040793,0.06750964,-0.003503628,0.3789241,-0.02415353,0.06715599,-0.0004070363,0.2557395,-0.00200634,-0.0336899,0.153484,0.3262852,-0.0009089844,0.02366061,0.0003255144
0.2672324,0.2852829,0.1106905,0.3963694,0.2077339,-0.3259816,0.3883491,0.0187152,-0.0855397,0.2822023,-0.09974277,-0.09336919,0.4252467,0.06247514,0.002069275,0.1988207,-0.3179561,0.3491368,-0.1037915,0.0001192429,-0.3641148,0.4932893,-0.282073,-0.008996829,1.011803,-0.09365064,0.3532165,0.4560322,-0.7192596,0.4767597
0.1787853,-0.007214459,0.3655389,0.0001537783,-0.1924785,0.2882261,-0.4843155,0.3997449,0.05010199,0.1001043,-0.03418541,0.1225687,0.1868784,-0.009157388,0.922728,-0.3009638,-0.1361648,0.4194036,0.04187588,0.3839991,-0.3063103,0.4109046,-0.02978922,0.07162172,-0.09249876,-0.1188183,-0.1247087,0.1316529,-0.1619686,-0.2822468
-0.1461823,0.00753392,-0.1044996,0.4061841,-0.1115425,-0.5097324,-0.1767408,0.223517,0.00476085,0.1523332,0.2988607,-0.294917,0.006915051,-0.2678373,-0.689673,0.4992102,-0.4151272,0.2169722,-0.3723722,0.03659356,-0.01445876,-0.03472475,-0.1532341,0.06514914,2.079643E-05,0.8461554,0.0130838,0.001032811,0.1593212,-0.01841669
-0.01578862,-0.4132289,-0.07145661,0.0008784842,-0.194718,-0.1373761,-0.9047881,0.2838103,-0.4605819,0.02477652,-0.04062207,0.5173405,0.615313,0.03638667,0.06012079,0.1084226,0.01868862,0.28864,0.2803642,0.2070653,0.3122442,-0.006770611,-0.05204999,-0.1591982,-0.08178112,0.482916,-0.5915966,0.4627571,0.05403463,-0.3263952
-0.5416909,-0.3338352,-0.006503642,-0.2002826,0.3988557,-0.3965902,0.0038047,-0.3836409,-0.4387882,-0.2959479,-0.3078062,-1.052394,-0.0001966282,-0.3282796,-0.1682871,-0.1292737,0.1134451,0.01233453,-0.05423776,0.1885691,0.9136706,-0.02658344,-0.4766767,-0.304026,-0.5663323,0.4864323,0.3439804,0.4963312,-0.03325468,-0.08174301
0.01140376,-0.00954771,-0.02757326,-0.01456469,-0.4192913,0.4343989,-0.08714825,-0.007177256,0.3564996,-0.08658582,0.1575709,0.02314872,-0.1262534,-0.02074191,0.2125588,0.478742,-0.2316517,0.01894136,-0.3113605,-0.031318,-0.2543114,-0.1143586,0.04274029,-0.09264576,0.211305,2.323901,-0.06970046,0.2259426,0.3223101,-0.1947286
0.2731645,0.1216051,0.1433156,-0.2386196,0.02813701,0.3872578,0.004782343,0.1077483,-0.2432209,-0.05530138,0.5981014,0.1494136,0.05732304,0.01134972,0.6179371,0.08367103,-0.2107166,-0.07251423,-0.01359263,-0.3370829,-0.4415121,-0.05540963,0.3411696,-0.2702564,0.5967009,-0.111364,-0.4263377,-0.18325,0.0001966414,-0.001245416
-0.5179925,-0.08060035,0.008015965,0.4025384,0.01654613,-0.3994727,0.6893527,-0.1103532,-0.1643469,-0.1642043,0.1167251,0.2852437,-1.029062,0.07869475,-0.6933439,0.04168864,0.1051969,0.3319407,0.32991,0.3661348,0.1140185,0.3953897,-0.1073339,0.07825122,0.2848347,-0.3344669,-0.1079518,0.2338823,-0.3818976,0.2234268
-0.005748689,-0.1864168,0.4830483,0.02145753,-0.1722331,-0.007634136,0.1026001,-0.7020028,0.2253297,0.004173317,-0.8613559,0.4212143,0.3098911,-0.0006582735,0.2267812,-0.08336681,-0.0008478113,-0.212605,-0.7211285,-0.3062509,-0.336979,-0.5492624,-0.09957236,0.04560035,0.1183503,-0.4768233,0.5862449,-0.05652142,-0.2966603,-0.04711817
-0.3366922,0.4230284,0.6420348,0.07617804,0.465802,0.2845644,0.9627289,-0.134324,0.4723538,0.2682568,0.1382661,-0.487237,0.2345346,0.3201768,-0.6008668,-0.3432828,0.005209301,0.2424737,-1.047213,0.352306,-0.3698949,-0.4658169,-0.003812379,0.007249412,-0.265693,0.1749862,0.3643926,-0.0727851,-0.002682273,-0.004255209
0.03205664,0.8212845,-0.04182526,0.01942702,-0.007428267,-0.2143962,0.04349167,-0.1600175,-0.003044388,-0.4865129,-0.003181551,-0.2810525,0.2824972,0.03370605,-0.00365167,0.01596157,0.001552725,0.115143,-0.2275038,0.1694902,0.1877558,-0.06773493,-0.01933967,0.1133176,0.398514,0.01252886,-0.07222253,0.3066801,-0.1865204,-0.2041836
;
0.2156568,0.05042233,0.2460639,-0.5509215,0.02085411,-0.0009129571,0.3906105,0.006169396,0.1464953,0.2280462,0.01151943,-0.2176323,0.2806363,0.2687557,0.6081832,0.3866687,0.2435105,0.0002243599,-0.0007401178,-0.04577881,-0.2270822,-0.0833272,-0.2297736,0.8338626,-0.340645,0.00486301,-0.04418711,0.01766687,-0.1595694,0.05011531
-0.02518278,0.01789585,0.2182321,0.3535217,-0.06869217,-0.0289056,0.4596025,0.147376,-0.3654981,-0.001780836,-0.1566009,0.02815734,-6.471787E-05,-0.0160684,-0.1905481,0.03660283,-0.000895943,0.01998527,0.2379473,0.2141597,-0.2896039,0.05976611,0.6179953,0.3138493,-0.03637141,-0.01441509,-0.8622543,-0.009700509,0.2096305,-9.762488E-05
0.1548864,0.4721278,-0.2964839,0.2300596,0.002240649,-0.03524541,-0.01819531,0.001482123,-0.7966207,0.527727,0.295359,0.1623047,0.05362507,-0.2985406,-0.005784244,-0.2651342,0.02584543,0.07167882,0.1497729,0.04706215,-0.004826773,0.4728568,-0.1995649,0.4732725,0.3793341,0.1925794,0.09550945,-0.02728291,-0.5533441,-0.3670299
;
-0.05352327
0.2989755
0.4391577
0.009905198
-1.265551E-07
0.1977346
0.1302603
-0.6042385
0.04837445
0.3507226
0.5587853
-0.006274371
-0.03228483
-0.2138552
0.04792369
-0.001649439
0.08987147
-0.1380748
-0.1413834
-0.06999557
-0.5638344
0.08900071
-0.1814732
0.1110808
-0.4734147
-0.04237577
0.5631481
0.1666521
-0.2145246
0.05325645
;
-0.2485951,-0.0001862144,-0.4186364,-0.1559969,-1.584201,0.284157,0.005263986,-0.06217211,0.00947684,0.4166786,0.00962481,-0.299128,-0.2404374,0.03479236,-0.6842524,-0.1666968,0.04446238,0.04533146,0.3824973,0.2306016,-0.01497978,-0.06444257,0.03587115,-0.09287041,-0.009498985,-0.07687825,-0.04685527,0.004868029,0.003727003,0.3553352
0.4512394,0.05479316,0.7182391,0.07877702,0.0008073699,-0.1865402,-0.1739021,-0.04105502,0.1287441,0.1369587,0.1486248,-0.1003456,-0.0577123,0.01771729,-0.2442207,0.08567077,-0.3438623,0.1562709,0.4977114,0.3215306,0.2804229,-0.3570731,-0.01366654,-0.2668735,-0.03123765,-0.2087554,-0.1267369,0.06064177,-0.007906496,0.06396974
0.497545,0.4912256,-0.1853077,0.5646126,-0.007850792,0.3343804,-0.2777648,-0.1242489,-0.01061842,0.03792333,-0.6223295,-0.7544579,0.2157039,0.4086975,0.3629571,0.1673426,0.04227319,0.3167471,0.1191247,0.2431154,0.003588933,-0.1142762,-0.0867182,0.4516793,0.4744678,0.3842328,0.395485,-0.496547,-0.3101599,-0.1823278
-0.2766626,-0.4956352,-0.2709157,-0.08291403,0.4596749,0.4717425,-0.09546238,2.276438,-0.08382399,0.4665632,0.1906922,-0.02752944,0.02678024,0.09097904,-0.03703938,-0.110437,-0.2488577,-0.05027546,-0.5690987,-0.0002516354,-0.2687857,-0.05776948,0.3242046,0.3756272,-0.151049,-0.003879506,-0.2259665,0.1994016,-0.4151374,-0.3369407
0.008548993,0.1731216,-0.02726627,0.0003705523,0.4406472,0.0004073639,-0.05595194,0.03031581,0.0928497,-0.3200156,0.0002605319,0.06778798,-0.2246987,0.2966949,0.02252931,0.0008932452,0.3168623,0.06484113,-0.3771631,0.09183828,0.05185694,-0.02275908,-0.004381601,-0.03711751,0.3220656,-0.5292791,-0.1916476,0.2513885,-0.005139895,-0.008903651
-0.3012934,-0.06141086,-0.08214787,0.4475302,0.4409355,0.1528684,-0.2746161,0.07346062,0.2096868,-0.1438758,0.4201304,1.510728,0.04406253,-0.1002485,0.7188675,-0.3267184,0.48432,-0.04148775,-0.08750507,7.627765E-05,0.1758036,0.05369288,-0.2822313,0.463085,-0.3083141,-0.2896781,-0.07419366,0.01384019,-0.1250632,-0.1469429
0.2004815,0.0002129236,0.1737676,0.01780752,-0.2734714,0.4013941,0.1988658,-0.002046219,0.1784469,0.2535396,-9.350666E-05,0.3185045,0.129816,0.1714821,-0.008423205,-0.2215051,-0.1731383,-0.4239211,-0.1268069,0.4283351,0.4641643,0.1166014,-0.6042426,-0.05843234,-0.2114127,-0.4755546,-0.02982203,-0.1740236,-0.1101285,-0.1321598
0.01270381,-0.07372431,0.4808434,-0.4357183,-0.2291424,-0.5448967,0.2349681,-0.2947334,0.4531416,-0.114593,-0.1198266,0.4833431,0.04403848,-0.007426579,-0.03472859,-0.3350208,0.4570601,-0.04268536,-0.2903048,-0.04844727,-0.3698187,-0.2231558,-0.3452085,-0.002227385,0.03558476,-0.3726534,-0.01729061,0.1363984,0.02101654,-0.06825469
-0.963363,-0.3197986,0.3494679,-0.7327693,-0.4221486,0.04691412,0.4917125,0.1920542,0.3564335,0.002311765,0.4432739,-0.05772156,0.09148551,-0.1793504,0.6192023,-0.3797706,0.3818154,0.03244,0.01291355,0.3052793,-0.2951208,0.09714071,0.3479716,-0.099694,-0.459944,-0.04978266,0.2407657,-0.4924616,0.03904034,0.4693603
0.2535965,0.01835934,-0.8182961,-0.02861114,0.08428903,0.3081697,0.005164003,0.2593461,3.83152E-06,0.3323429,0.3413165,-0.3083137,-0.001360156,-0.3024468,0.3327828,-0.3803918,0.1211224,-0.08227628,-0.06721526,-0.09897495,-0.2299942,-0.210797,0.001585269,0.1081833,0.04125899,-0.03176261,-0.2834735,0.2446093,-0.008904563,-0.2133903
-0.02171041,0.1077258,-0.5973156,0.1663784,0.5655607,0.00202666,-0.002951127,0.597885,-0.40764,0.542855,0.4160666,0.230021,-0.393217,-0.03048423,-0.003205494,-0.1957625,0.06283108,0.01071456,0.06866767,-0.02131945,-0.1316086,-0.06363124,0.2629091,0.03088732,-0.1463187,0.2440685,-0.0656888,0.0631941,-0.4959015,-0.3714896
0.1053493,0.0005814686,-1.258675,0.1943536,0.1265224,-0.04235912,0.01035872,-0.1164083,0.2131747,0.04825898,0.1026262,-0.07491814,-0.0007035988,-0.05550183,0.01248742,-0.1746999,0.06066332,0.4346124,0.1989305,0.2118217,0.05848998,-0.5889698,-0.1839706,-0.2767545,1.073734,0.006593126,0.3559057,0.01149238,-0.03888673,-0.001206046
1.043009,0.3489399,-0.4704483,-0.05090269,-0.2251933,0.1767361,0.05360384,-0.2814082,0.387906,-0.1734317,-0.2262713,-0.3368529,0.2657479,0.05309835,-0.006916462,0.07550114,-0.7083514,0.02140778,0.3346672,-0.001281358,0.0965604,0.06789604,-0.08150062,-0.4103703,-0.1733286,-0.0008327995,-0.01067222,0.2546053,0.08783141,-0.2217773
-0.098574,0.4883821,0.01959286,-0.2575991,-0.6940476,0.4894456,0.1688118,0.3097271,0.01967155,0.9269645,0.01298195,-0.06680582,0.004305184,-0.2065735,-0.0001852843,-5.874534E-05,0.1590822,-0.1981871,0.08676444,0.4816813,0.2984829,1.458801,-0.2628381,-0.01414363,-0.01615272,-0.05958985,0.05080541,0.6940326,0.226456,-0.05705159
-0.7691875,0.3967012,0.09703852,0.003367353,0.04016322,0.2996522,0.2850287,-0.1701263,-0.233584,-0.01888192,0.05716816,0.4386804,-0.06979722,0.02755433,0.3856973,0.08314913,-0.002953159,-0.1224783,-0.2194521,-0.1890222,-4.946452E-05,-0.06750764,0.01672026,0.04920099,0.4678564,0.3654795,0.1097599,-0.3380293,0.1725432,0.2659681
0.499221,0.399684,0.01546939,0.0974163,-0.1743371,0.3250289,0.0383784,0.3031648,-0.6080214,-0.1132651,-0.3125839,0.4501535,1.477086,0.09469527,-0.210359,0.4315277,-0.6439987,-0.03338591,0.05399098,0.1865662,0.2521399,-0.3668504,-0.02693828,0.1233549,0.1044423,-0.06782174,-0.4040907,0.3848451,0.22596,0.04605731
-0.4086236,0.1581962,0.3510284,-0.2929715,0.3353254,-0.2533301,0.08676139,0.02630155,-0.01105186,0.4073403,-0.2969053,-0.3380002,-7.70705E-06,0.3293692,0.3381423,-0.08641837,-0.05212623,-0.1084948,0.4427333,0.7340176,0.1300891,0.449856,0.01716461,-0.3103259,0.0005146366,-0.7307824,-0.8239848,0.2444909,-0.07741627,0.0108656
0.04301527,-0.09951073,0.2651007,0.09370147,-0.07437688,-0.4605776,-0.1547119,0.009980117,-0.06986377,0.385891,-0.03651483,-0.002762669,-0.4293033,0.002465924,0.1729996,-0.1516039,-0.6236867,0.3121266,-0.3402212,-0.04873845,0.4971878,0.2517757,0.4423214,-0.1031769,0.209923,-0.1420864,-0.4632653,0.04115938,0.2153151,-0.9955907
-0.08200842,-0.5398718,-0.01776301,-0.2625083,0.02648996,0.01688156,-0.02042885,-0.06197673,-0.7238428,0.05830115,0.3924518,0.09816932,0.08260731,-0.2969806,-0.01840856,-0.03484458,0.009071653,0.2721119,0.02998281,0.0953196,0.5574516,0.1916591,0.07900883,-0.07660168,0.04145042,0.4941266,0.001481222,-0.07785178,-0.04867945,0.269716
-0.2191431,0.6729463,0.01185348,-0.4822191,-0.3412074,0.3692665,-3.359174E-05,-1.332417,0.05054541,-0.2572412,0.02012132,0.1086689,-0.0008077077,-0.1863816,1.183974,0.052359,-0.153568,-0.4190803,-0.00273674,0.0200966,-0.2857324,-0.1140326,-0.3320003,0.1399218,-0.3807753,0.01401442,-0.2629131,0.4145575,0.04439503,0.1659545
0.848267,-0.482484,-0.3244733,-0.2046357,-0.4517648,-0.07151078,0.02605931,-0.1905131,-0.02925976,0.06704941,0.4694937,-0.05226335,0.284089,-0.01931743,0.4936504,-0.1873565,0.1923582,0.08401472,-0.2206178,-0.7288913,0.033425,0.08893222,-0.2652186,-0.1562049,0.3506449,0.3332083,-0.3921133,-0.07663971,-0.006478998,0.07468802
-0.1185266,-0.004606247,0.001636583,0.1632497,0.3672816,-0.004547374,-0.4979945,-0.3735074,0.03256148,-0.3491833,0.1618119,-0.0009747659,0.008919527,0.4879235,0.02924699,0.3925231,0.01417084,1.369364,-0.425727,0.1127765,-0.2536175,0.01249025,0.04382378,0.471177,-0.001853102,-0.5014015,0.1677548,-0.005116853,0.02425097,0.8646246
-0.4407064,0.5514191,-0.3926324,0.1021142,-0.7191513,-0.2820953,0.3111396,0.401987,0.2283131,0.04293433,0.4593728,0.02075285,-0.4772288,0.2297908,-0.3767224,0.1321608,-0.01590546,0.008361729,0.1257658,-0.2447398,-0.3743252,-0.1459951,-0.0008835347,0.5223832,-0.2550588,-0.05974108,0.4519833,-0.4564162,0.09116966,0.02796243
-0.2355862,-0.005082544,0.2125531,0.4868506,-0.08321244,0.01059043,-0.2374656,0.04896982,-0.008055253,-0.02510494,-0.003290204,-0.273998,0.2355134,1.0638,-0.1293014,0.08473045,0.5964419,0.02186556,-0.248889,0.4148169,-0.08164807,-0.01921173,-0.07923645,0.01985858,-0.06304854,-0.03653613,-0.004167287,0.003854261,0.108507,0.2740547
0.001373589,-0.2107948,0.7986813,0.02451841,0.3066652,-0.2242365,-0.03655697,0.2323971,4.005514E-05,0.170596,-0.01299542,0.0466581,-0.2782236,-0.1503064,0.4690379,0.03115555,0.07716194,-0.03641834,-0.4272159,0.19977,-0.06260628,-0.4791235,-0.3897755,0.0430426,0.0805273,-0.05604523,-0.2544576,0.1086934,-0.07290424,-0.001703498
9.342458E-05,-0.2031854,0.324531,-0.2694377,0.3761765,0.4054239,0.2649,-0.003081767,0.2237928,-0.2561663,-0.0002582906,-0.01211258,0.01391483,19.07318,0.6751934,-0.1153055,0.4070465,0.7035456,-0.4303249,0.09080881,-0.3683466,-0.4279808,-0.4618267,0.2273237,-0.006741808,1.022539,0.03221411,-0.1010415,0.6119844,-0.2573152
-0.154561,-0.4911516,-0.1829992,0.007559976,0.02407187,0.005353002,-0.06931348,0.1274447,-0.0005658718,-0.07680315,0.04597704,0.222468,-0.339941,0.07946616,-0.2520406,-0.003682468,0.3416711,-0.04713323,0.1154658,-0.008791786,0.02448467,0.1202022,0.2479862,0.1733509,0.4395642,-0.249603,0.378541,-0.2389538,-0.002586692,0.3862784
-0.4749489,0.1302777,-0.01626035,0.3291621,0.4177856,0.1021418,0.0588613,-1.13706,-0.3056911,-0.09610483,-0.08488269,-0.1093431,0.05759558,0.02684397,-0.0002544592,0.233963,-0.07515794,-0.01224216,-0.006416078,-0.2514933,0.0004389693,0.5569539,0.07361192,0.3495634,-0.0709905,0.1846991,-0.3556992,0.2773028,0.02027761,-0.1793695
-0.2046652,-0.4302697,-0.06045339,-0.0005953997,-0.1267319,0.03207524,0.02247797,-0.6908324,0.2319001,0.4914939,-0.0007990526,-0.1240761,0.1989298,0.003206091,-0.4170609,-0.4146298,0.007313134,-0.151483,-0.4179123,0.03619907,-0.02849553,0.06677908,0.05126093,0.2386622,0.3102856,-0.01095365,-0.1317257,0.033292,0.4857658,-0.1708549
0.6561112,0.3561392,0.00403446,0.002386837,0.1051873,-0.024117,0.07749258,-0.1108362,0.09161952,-0.04972237,-0.01017958,0.7567112,-0.2941075,-0.2934369,-0.007057412,0.1387303,0.4332896,-0.06095022,0.104142,-0.2844166,0.2183144,-0.1415782,0.003978194,-0.3825901,-0.003503316,-0.3374851,-0.08493614,-0.1359008,-0.2417906,-0.06584928
;
0.5053833,0.6770833,0.6395453,0.03343685,-0.4489511,0.2672931,-0.3950486,0.3501118,-0.5823723,0.1083689,8.122403E-05,-0.3049287,0.2467972,-0.02271543,0.03953854,-0.2155214,0.4921595,-0.435908,-0.1941812,-0.2676816,-3.895935E-05,0.1167263,-0.4551326,0.08250187,-0.02678878,0.1885963,-0.08275742,0.01513298,-0.0395857,0.2281121
-0.3360522,-0.05990546,-0.01155161,0.04772801,0.1392996,-0.004773222,-0.02767829,-0.02594648,0.5494037,-0.1725577,-0.05110354,0.04078399,-0.4566737,-0.02705265,-0.09313601,0.01803796,-0.06898415,0.162157,-0.04829553,0.1794384,-0.4424889,0.005273774,-0.3169683,0.338365,-0.2943051,0.04023639,-0.3246052,-0.192,0.1817435,0.1941262
-0.09901149,0.1048262,-0.6118135,0.6590934,-0.2904381,-0.1998978,0.1366346,-0.02468652,0.2262391,0.06893128,-0.2699284,-0.4158036,-0.04114361,-0.0007683093,0.2456844,-0.07497574,0.2038195,-0.01886967,0.2392316,-0.1059508,0.2572088,0.6340619,0.3399018,0.1903073,-0.2778419,0.1104339,0.1838302,-0.04942266,0.5601048,0.1610998
;
