0.1038495
-0.1512583
0.01708093
0.07919844
0.03557103
-0.6855802
-0.1954549
-0.01010953
-0.03262569
-0.157305
;
-0.7256778,0.1701718,0.5117503,0.3111043,-0.06617765,0.1997234,0.1772966,-2.043056,-0.2133022,-0.1249898
0.003617164,-1.024025,-0.3441615,0.482119,-0.04001151,-0.05303638,0.1766651,0.003415893,-0.3999845,-0.02345475
0.1116086,0.1776778,-0.05271358,-0.2999774,-0.7575383,0.2556558,0.4255314,0.004530205,-0.2611745,0.01631719
0.1812686,5.052767E-05,-0.3332224,0.0471363,0.1147735,-0.4554942,0.1676079,-0.6362898,0.2551582,0.3895042
-0.03106374,0.003676138,0.1486012,0.03157238,0.1734989,0.1454325,-0.4288264,0.004841917,-0.1783098,-0.4935157
-0.3474444,-0.07612708,-0.04417604,0.05933744,0.002083245,-0.3265598,0.005381681,0.06357843,-0.21987,-0.03731897
-0.06030679,0.2722956,-0.8139561,0.02666964,0.2236062,0.2402178,-0.01645045,-0.4627283,-0.7429757,0.2119488
-0.4212476,0.458975,-0.125171,-0.274951,-0.7199942,0.0428008,-1.039281,0.2231383,-0.6080817,0.03528506
-0.001765674,0.07406753,0.0720947,-0.4068204,-0.2399063,0.0265356,0.2757332,0.02202861,0.08054351,0.06757507
-0.4126835,-0.3500875,-0.3682092,0.1245869,0.3665533,-0.003047455,-0.06334167,-0.01736928,-0.001520361,-0.3303884
;
0.4327669,-0.1499935,0.3978409,0.05692116,-0.05786023,0.5306487,-0.1540303,-0.05315538,-0.4670088,0.3208357
1.084057,-0.0132778,0.0005304861,0.05323967,-0.2361737,0.8991405,-0.1197419,-0.3876947,0.3284236,-0.004695304
;
-0.19476
-0.09081608
1.038652
-0.0668392
0.1152847
0.3325108
0.06721267
0.3577568
0.107912
-0.4138821
;
0.06934287,-0.2761382,-0.0308858,0.0006554675,0.09094261,0.3324461,-0.3707466,-0.3696988,-0.1335508,0.1067458
-0.3077333,-0.8883096,0.1034402,0.01165277,-0.2687007,-0.01331456,-0.04333474,0.3139549,-0.0004201863,-0.01121121
-0.1886702,-0.2958331,-0.002980333,-0.05178849,-0.1599701,0.02533567,-0.115681,-0.04475576,-0.1063706,-0.05902579
0.006106952,-0.02022939,0.3382998,0.08641072,-0.1080576,0.05199236,-0.04332781,-0.3669254,0.007672227,-0.1629117
-0.1761992,0.1372843,-0.1338966,-0.2931062,-0.1017733,-0.2097342,-0.1685554,-0.2215389,-0.1199195,-0.01809295
0.4573851,0.3186686,-0.1731878,-0.1093783,-0.03922739,0.2029825,0.1904973,-0.2628885,-0.4976819,0.05310912
0.565153,-0.01280622,0.3272216,-0.1196385,-0.2362534,-0.01730699,0.5577308,-0.6659576,0.02347884,-0.7131082
0.4778613,-0.0574089,-0.003548367,0.2144863,0.1303362,0.09431106,-0.1450725,0.0004431779,-0.04656108,-0.150855
-0.5703774,0.5055217,0.02228996,-0.03498007,-0.01747866,0.1651048,0.4328047,0.03143132,-0.4098949,-0.1877622
0.02070594,-0.1430089,0.1790132,-0.4015499,-9.486607E-07,-0.2110722,-0.3178321,-0.9276159,-0.005846861,0.004993028
;
-0.2682998,-0.08250564,-0.1284748,-0.2733643,0.2469654,0.00415335,-0.01175838,0.005276858,0.1453678,0.1187292
-0.1155054,-0.009533882,-0.3522553,-0.1040476,0.2283928,0.0672353,0.04868822,-0.005126297,0.001545506,-0.07461445
0.006721383,-0.01615614,0.09707647,0.0989458,0.1494758,0.03214175,0.1479738,0.01481265,-0.01036184,0.7511683
;
