0.1244492
0.1927925
-0.1919567
-0.01363176
-0.3042367
-0.1642299
-0.4026687
0.203367
0.2044181
0.1621574
;
0.3191797,0.05357844,0.1351905,-0.1614888,0.09537667,-0.08855242,0.02401537,0.3861439,0.1233884,0.1763102
0.2227815,-0.1092617,-0.1654591,0.0487638,-0.05643088,-0.2433726,0.2838488,0.01548356,0.1742596,0.1340387
-0.1752002,0.1369198,0.1096708,-0.09621018,0.1208636,0.03131884,0.01638681,-0.3793674,-0.2325231,0.3740414
0.03755981,-0.4057416,-0.3045162,0.1658592,-0.06815356,0.3133925,0.3888537,-0.3124447,-0.1001667,-0.06359118
-0.3873808,-0.2186291,-0.07061523,0.382905,-0.3220088,0.4520725,0.3753997,-0.38801,0.07491869,0.1591567
-0.4562237,0.4311889,-0.511214,0.1752899,-0.2416052,-0.1225751,0.06510025,-0.3192892,0.01757747,-0.4574986
-0.2221389,0.3077157,0.01281446,-0.1233005,-0.4877441,0.3565522,-0.8029463,-0.3224174,-0.3361539,-0.3035918
-0.02036172,0.4971254,-0.02113003,-0.05965418,0.09722775,0.0693149,0.203534,0.1256113,-0.4569314,0.726371
0.2779002,-0.05965859,-0.09240483,0.4691019,0.08379537,-0.1606752,0.4094207,-0.2037839,-0.2365898,0.02310365
-0.2854507,-0.5607327,0.1712266,0.1800766,0.0673731,-0.2172428,0.05714732,0.3325843,-0.4189638,-0.4817914
;
-0.2729869,0.07874447,0.04360968,0.4664968,-0.1296243,0.3547367,-0.1828139,-0.2326255,-0.3131866,0.1964073
0.2008648,0.006950557,-0.2714759,0.07707113,0.09683365,0.209383,0.2987705,0.1282146,0.4859217,0.4667546
;
-0.2219035
0.05034584
-0.0837141
-0.4855996
0.4723047
-0.1286373
0.4560946
0.2959985
0.3446774
0.1592886
;
-0.2459465,-0.4394888,0.196599,0.01602,-0.08905393,0.1640591,0.4450126,0.4043015,0.2707806,-0.1139221
0.03602463,0.4812562,0.3936437,0.1873714,-0.1298125,0.005655706,-0.1485552,0.1000296,-0.469111,0.1982338
-0.1268085,0.2352943,-0.2173048,0.2304848,-0.4555269,-0.2156785,0.4712518,-0.1004366,-0.04844195,-0.03079051
-0.4027208,-0.07452542,-0.3218135,-0.4655355,-0.4749284,0.3971393,-0.4728361,-0.2505388,0.1095302,-0.3886925
0.193956,-0.4527218,-0.2281139,-0.09516498,-0.2430812,0.2667713,0.2571765,0.2888871,-0.03855437,-0.21841
-0.3512034,0.3307128,-0.3886691,-0.4992964,-0.4297307,-0.4635764,-0.1186314,-0.09694582,0.4270762,-0.2071646
-0.3555597,-0.05615133,-0.135735,0.2510411,-0.3241454,0.1612638,-0.4899031,0.07735091,0.1079332,0.1356184
-0.04997379,0.4408263,-0.1358796,0.09965509,-0.1009666,-0.413113,0.4025259,0.05782801,0.3821243,0.4720976
-0.3236195,-0.01499552,0.6370751,-0.08243078,-0.4769,-0.1435944,0.3246174,-0.3629781,0.365695,0.05184823
0.4018698,-0.2948055,-0.2878146,0.192103,-0.3268806,0.1444895,0.1421853,-0.3913194,-0.1467624,-0.3054359
;
-0.3313011,0.1934365,-0.09568673,0.15433,-0.3161094,0.1769919,-0.362506,0.446926,0.22066,0.09950608
-0.211963,-0.001646459,-0.465212,-0.0008146167,-0.4168934,0.2845838,-0.1213891,-0.2035198,0.4895332,0.09554356
;
-0.01053614
0.4895208
-0.03229069
-0.4828154
0.4073412
0.2729042
-0.2614757
-0.0005367267
-0.2764859
0.1860741
;
0.107443,0.03142731,0.3620839,-0.4308295,-0.6032152,0.4065162,-0.2483705,-0.7456212,0.2975568,-0.3275729
-0.2066231,-0.1884674,0.005659294,-0.1933412,0.002048672,0.09140097,-0.1998405,-0.1569299,0.1803567,0.5449818
0.00931267,-0.206513,-0.239177,-0.7968454,-0.2896873,0.02494203,0.01952525,0.1903022,0.1364953,-0.1838474
-0.09249815,-0.7719085,0.06971104,0.1232849,-0.037107,-0.01785506,0.3640608,0.1010754,-0.2658124,-0.1709611
-0.1032256,0.7744991,-0.2753074,-0.09942526,0.03538687,0.1870205,0.2473208,-0.002063006,0.1903777,-0.473924
-0.2196606,-0.4427915,-0.4694784,0.2003081,-0.102558,-0.03883035,-0.0800501,0.07413367,-0.1226556,0.1144682
0.5660028,-0.3815094,0.1256276,0.3713503,-0.06896812,0.3140857,0.01301475,-0.2960364,0.063636,-0.09550291
-0.006928772,-0.2247656,0.02986909,0.0122275,2.225216,-0.367123,0.006370111,-0.4175123,0.1359272,-0.3084778
-0.106154,0.06314581,0.1335683,-0.1885458,-0.4576515,0.1096184,-0.4427929,-0.0002523065,-0.3974998,0.004523294
-0.1819112,-0.2169864,-0.5537846,-0.02845747,-0.3263894,-0.140246,-0.0005794981,-0.2938426,-0.1221656,0.05741239
;
0.6172405,0.008843152,0.01346273,-0.03616974,0.04591399,0.1256309,0.05380164,0.346593,-0.4882828,0.278658
-0.005991335,0.4580363,0.08699709,0.03739051,0.2284586,0.02387947,0.4146193,0.1205733,0.02999936,0.1576794
;
0.295332
0.3760954
-0.1735337
-0.2610365
-0.324746
2.005684E-05
0.9659292
-0.02753741
-0.146237
-0.04297939
;
0.08912322,-0.1654793,0.5165067,0.158802,0.1716617,1.629766,-0.1987674,-0.04019594,0.002610412,-0.172517
-0.02027634,-0.2703694,-0.003167248,-0.5752162,0.2447879,-0.007698176,-0.02323407,0.05064704,0.4814372,-0.08531278
-0.04478813,-0.03471188,-0.4355725,0.1636578,-0.2343504,-0.2107498,-8.178219E-05,-0.1460562,-0.2468829,-0.008229792
-0.04276059,-0.01600898,6.415446E-06,0.1439751,0.4989517,-0.04753107,-0.07062428,-0.3200244,-0.5059544,-0.05862556
0.06786354,-0.03769704,0.4862949,0.1542905,0.02150148,0.01680393,-0.001560461,0.08103047,-0.05613232,-0.1353586
-0.2783763,-0.4216328,-0.1281229,-0.2820857,0.2387162,0.03333608,0.2105532,-0.0297155,0.04772242,-0.003589334
0.4543042,-0.4288732,0.2707187,0.1927819,-0.4015416,-0.2905071,0.1767931,-0.03645176,0.2222702,0.1626611
0.3582923,0.003998782,0.1323327,0.07220619,0.6564161,0.3758399,-0.2391358,-0.4144486,-0.02174939,0.005420063
-0.2905199,0.3287733,0.1121104,-0.1342218,-0.02183812,-0.01241857,-0.178869,-0.1058477,0.421842,0.3114163
0.393443,0.004381669,0.08483148,0.8498388,0.02293663,-0.01748813,0.1389174,0.5248898,-0.2823458,0.3219217
;
-0.02237963,-0.3107349,0.1234665,-0.2618206,0.4667965,0.2464455,0.3074379,-0.5494258,-0.3362257,-0.4270077
-0.000141134,0.07336175,-0.1425119,-0.6708974,-1.692422,-0.6189576,-0.2152233,-0.005420268,0.006709571,0.3220339
;
-0.1314523
0.4063674
-0.4499872
-0.2049913
0.1303718
-0.3863611
0.06890601
-0.04362899
-0.01414484
0.3144037
;
0.456077,-0.347155,0.2387973,0.008834183,0.4837112,0.2509331,-0.1637514,-0.4160643,0.3130765,0.1290157
0.1012511,-0.07908779,-0.3669535,0.3625871,-0.04562038,0.3979177,0.2190908,-0.1030121,-0.2625548,-0.4641974
0.3434324,-0.4210981,0.2182318,0.1270358,0.2097267,-0.428499,0.2207622,0.2064129,-0.3113163,0.3845419
-0.1846097,0.186493,0.07486361,0.142988,0.2609658,-0.2145014,0.3513004,-0.4023502,0.4474088,0.3676983
-0.05886537,-0.3189206,-0.395199,0.4391161,0.0003884435,-0.2130713,-0.3969427,0.3468854,-0.3904685,-0.4421014
0.1022508,0.2525636,0.311677,-0.007638395,0.02293733,-0.3079,0.1331276,-0.3387549,-0.3066946,0.00706929
0.4722465,-0.1195098,0.1152052,-0.3472825,-0.4955108,0.4315569,0.4916254,0.4569426,0.4310998,-0.2960039
-0.4270051,0.06264335,0.2622401,-0.1664848,-0.106052,-0.1870798,0.1744084,-0.4821742,0.03475744,-0.0854463
-0.1754549,0.2687271,-0.2958734,-0.06039447,0.2942293,0.2284125,0.2463742,0.2048482,-0.2392685,0.4934454
-0.4596817,0.06037706,0.117202,-0.0491789,-0.4264224,-0.1354802,0.005328,-0.417686,-0.242182,-0.09661537
;
0.4186138,0.01559907,0.4288195,0.290511,0.08170444,0.172342,0.3085687,-0.4029275,-0.3699639,-0.4414948
0.3935667,0.2345894,-0.04554826,-0.402963,0.3070002,-0.01486236,-0.2685691,0.2934654,-0.07218999,0.4658247
;
-0.2440435
0.01653979
0.1060162
-0.1996161
-0.1744781
-0.06473464
0.2910048
0.03661543
0.1336608
0.04928406
;
-0.02350161,-0.0529525,0.1939141,0.155417,-0.0959056,0.01543266,0.1826102,-1.070866,-0.3524033,0.7686856
-0.0477857,0.02624854,0.3179678,-0.0004193756,0.05547529,0.1512954,0.07989961,0.3133403,-0.4442031,0.3118166
0.001385323,0.8204125,5.475161E-05,-0.4516243,-0.007976156,-0.0451864,-0.4153891,-0.04413569,0.2941227,0.02800594
0.030951,-0.08127314,0.07928549,-0.0410732,-0.1165769,0.218134,-0.1561317,-0.2935025,-0.03545041,-0.4993953
-0.2304444,0.4109031,0.06082128,0.4699258,-0.3985707,-0.5270243,0.09062222,0.609626,-0.06991308,-0.1915802
1.770597,-0.3205298,-0.07521266,-0.03883868,-0.02886909,0.003708446,-0.01764985,0.08048707,0.03589927,-0.1986827
-0.4502438,-0.07246596,0.03636249,0.03520587,0.6034087,-0.3140858,-0.4932799,-0.02004122,0.6056585,-0.07229847
-0.2277769,-0.2647965,0.2085757,-0.09975309,0.003999568,0.1629505,0.02626172,0.1495494,-0.1575329,-0.03117772
-0.06380133,-0.1248565,0.1886461,0.000224293,0.3124695,-0.02982912,-0.1990058,-0.1360809,0.4600822,0.1892599
-0.0008341221,-0.4669536,0.1601369,0.486828,0.2036117,-0.06346832,0.4656816,-0.02395767,-0.3095912,0.9472048
;
-0.06824099,0.2847395,-0.00248563,-0.01749171,-0.008940806,-0.4274375,-0.2489561,-0.008096443,-0.06935553,-0.01607299
0.3074088,-0.3968763,0.2522827,-1.169551,0.02018145,0.4059312,-0.4450992,0.02933849,-0.5451215,0.05783319
;
-0.07822839
-0.127143
-0.09626789
-0.1278974
0.6096404
0.3338437
0.1754233
0.1349007
-0.07933027
0.5115132
;
0.005324081,0.2466502,-0.2413893,0.09401445,-0.0790059,0.007998577,-0.3546767,0.03492469,-0.09032062,0.01718885
-0.3238074,-0.004175902,0.3518378,-0.1711707,0.601661,0.3491592,-0.221141,0.1291264,0.05980941,-0.3913065
-0.2124301,0.06127602,-0.01048917,0.3480235,-0.118497,0.6944035,0.001319025,-0.2583517,0.2575593,-0.3320936
-0.7057577,0.4141899,-0.02362437,-0.132253,0.008261093,-0.1871615,0.4108813,0.06794579,-0.03654138,-0.01357109
0.05721899,-0.1135831,0.1385874,-0.02387579,-0.4280118,0.01132876,-0.07216287,0.5970237,1.986379,0.03734666
0.1265349,-0.09952895,-0.273598,0.275828,0.1042593,0.4005682,0.4106085,-0.2859374,0.280134,-0.2819043
-0.8271346,-0.2094002,0.2248583,-0.2368848,-0.3622962,0.01624161,-0.3978951,0.03180201,-0.4247134,0.183902
-0.4458646,-0.2556286,0.01830165,-0.05051567,-0.09243068,0.1269454,0.1641883,0.1099682,0.006376139,-0.1703076
0.275638,0.0002511466,0.2376938,0.02125913,0.020017,-0.04227141,0.1413762,-0.124084,-0.3506804,-0.1707945
-0.139525,0.01205389,-0.002444765,0.1225565,-0.1332592,-0.2327351,0.3463172,-1.117514,0.3465323,0.3527108
;
0.1747495,-0.2142121,0.2769495,0.03762912,-0.4914277,-0.6924889,-0.219533,-0.2623519,0.2710025,0.4356382
-0.2909068,0.008208573,0.258253,0.2205603,-0.1960245,0.1808722,0.4285107,-0.2354921,-0.1713858,0.3023493
-0.05290468,-0.2010676,0.05905249,-0.2847404,-0.03462061,-0.3086088,-0.5869949,-0.2706926,0.0210138,-0.01462968
;
-0.01864284
-1.145459
-0.1015458
0.007597586
-0.03217238
0.3637678
0.03179139
-0.03227848
0.1510184
1.143722
0.3574857
-0.006781161
0.1479552
-0.04012125
0.03491849
-0.2739557
-0.6029359
-0.4672154
0.06459742
0.04939006
0.06879354
-0.3850741
0.1939596
0.1519041
-0.5125483
-0.3065282
0.2670759
0.433576
-0.04601199
0.03337048
;
0.01484456,0.7705532,-0.1633134,0.0545578,0.09314552,-0.1031636,0.20515,0.2690469,0.4612145,-0.04699879,0.3211918,-0.3944788,0.04372197,-0.2586819,-0.2370193,0.1233371,-0.1292613,-0.05283469,0.009621173,-0.1991682,0.0183626,-0.2479866,0.3599263,0.02956191,-0.07977727,0.007925212,-0.4505148,0.5177122,0.2735931,0.1700117
-0.1460803,-0.03844793,-0.2518847,-0.4365458,-0.1303668,0.08355702,0.2235869,0.2021561,-0.03979738,0.1371554,-0.4134999,-0.3276399,-0.2326134,-0.03361449,-0.6410027,0.4543301,0.5724872,-0.2467429,-0.02235528,0.3843045,-0.1236158,0.5533869,0.3681235,-0.26244,-0.155738,-0.4415078,-0.09568332,-0.3265373,-0.06262928,0.1634738
2.661961,0.2495735,0.2614495,-0.2120686,0.4448228,-0.4511888,0.4124081,0.04904369,0.07169694,-0.2035221,-0.1162071,-0.1225169,0.06426209,-0.007114797,0.2290828,0.8147448,-0.1045609,0.3515997,0.4494173,0.007604649,0.1781952,-0.004775864,-0.3271857,0.127468,-0.2704082,-0.1559227,-0.5176664,0.4056385,0.0115372,0.2646664
0.07352135,0.2616785,0.0967893,-0.05975217,-0.06382424,-0.0167783,-0.6162531,0.16282,0.3007549,0.1607774,-0.8399565,0.6712328,-0.1230808,0.03205055,0.01936317,-0.3159868,-0.3329953,-0.004842086,-0.5005403,-0.2925471,0.2325678,0.8970308,0.3096142,0.2145391,-0.4063576,0.191701,-0.04593225,0.4921361,-0.1461316,-0.2562733
-0.4482201,-0.006040315,-0.06970496,0.1088132,0.05118826,-0.3492311,-0.5477754,0.7880535,-0.5708433,0.4952891,-0.06958308,-0.04026276,-0.06020958,0.02103728,-0.03771722,0.2279318,-0.1686795,0.05881556,0.4886899,0.2821003,0.5013446,0.1866324,-0.2099583,0.1589212,-0.1356413,-0.0924333,-0.2033406,0.945942,-0.5024751,-0.4598043
-0.2728833,0.3088038,0.008377216,-0.1180599,-0.01637132,-0.1393041,0.08257978,-0.2341445,0.1661825,0.3736238,-0.04382288,0.3911083,0.1286347,0.07153329,-0.4033055,0.2928185,0.2741773,0.351787,-0.0003985763,-0.3289452,0.3855503,-0.2342317,0.2430198,0.1409832,-0.205192,-0.00410809,-0.01100611,0.4535967,0.4578429,-0.205501
0.06124121,-0.2275192,-0.5635148,0.2961625,-0.2056671,-0.07807416,0.322221,-0.0004645219,-0.2482029,0.1054711,-0.03287156,0.2268314,-0.3668177,-0.1899891,-0.1464834,-0.5801716,0.2813895,0.0840804,0.2448151,-0.02612144,0.2705234,-0.3351259,1.465387,-0.07005967,-0.6892788,0.3611914,0.06623588,0.03320907,0.308387,0.812664
0.5647504,0.3870766,0.3205619,0.7408648,0.01678234,-0.05412266,-0.3534452,-0.0101216,0.2867693,0.5614462,-0.6581285,0.4777896,0.480657,-0.2251482,-0.1157111,0.0853073,-0.2373163,-0.0121351,-0.1735432,-0.2466273,0.6682959,0.2017606,-0.315514,-0.4745176,0.01903786,-0.4282758,0.4336559,-0.3011635,-0.03896935,0.02037348
-0.01877234,-0.0009358048,-0.4503169,0.3710856,0.04519429,-0.09350544,0.3255849,0.02055505,0.8267844,-0.2926766,-0.265525,-0.393494,-0.04176933,0.1318011,-0.009578124,-0.2778406,-0.1521973,-0.404388,0.01144532,0.2831951,-0.009152442,0.2008984,-0.01460529,0.04720603,0.3707032,0.01633519,-0.05160402,-0.163063,-0.003463391,-0.05680954
0.6452895,-0.04929534,-0.1021337,-0.04629682,0.3021458,-0.4171139,0.1178141,-0.4017509,0.4501472,0.1613769,-0.3156376,0.2194732,0.1729653,-0.1699723,-0.2284842,-0.1785882,0.3487483,-0.3281412,0.1583361,-0.04350644,-0.2093347,-0.07006627,0.09056811,-0.4146968,-0.4875737,0.1663795,0.2210908,-0.4204339,-0.1012998,0.003589636
-0.08273557,0.3544828,0.00972369,0.2518169,-0.3001919,0.03279716,-0.4677637,-0.4540195,0.2187611,-0.02092072,-0.3573617,0.318485,0.0363452,0.3437648,-0.03726071,-0.4040699,0.02163341,-0.3239766,-0.09975924,0.08842704,7.814445E-05,0.1415686,0.294813,0.1678028,-0.3511151,0.128,-0.396498,-0.04391323,-0.3638346,0.04207839
-0.1943801,-0.01869138,-0.3810922,0.5241075,0.3302749,-0.05598372,-0.709461,-0.001798942,-0.04343516,-0.05823344,0.1052151,0.2291425,-0.2659571,0.008361502,-0.4238759,0.09186308,-0.7170328,0.2359842,0.3682984,0.03969961,-0.07864221,0.1194848,0.4194471,0.2954645,-3.969726E-06,0.2357038,0.08888608,0.3393198,-8.836964E-05,0.2351721
-0.3465728,-0.03477598,0.02972489,-0.7858425,-0.2510022,-0.339645,-0.2827379,-0.05329598,-0.4128644,-0.1330731,-0.007205546,0.1386927,-0.1204867,-0.4572225,0.1309864,0.3704237,0.01909737,-0.4066496,-0.4521711,0.3117697,-0.217836,-0.3063788,-0.03937021,-0.5611023,-0.1760475,0.2116195,-0.1368727,0.1133866,0.121532,0.2703742
0.08688289,-0.1360092,-0.09230362,-0.309726,0.02984935,0.09521379,0.3951697,0.09515606,0.3992867,-0.2702514,0.2988801,0.2703699,0.3522569,-0.3643181,0.2338927,-0.1522391,-0.1942686,-0.3206887,-0.119042,-0.3171203,0.234878,-0.04251612,0.1141537,0.1418133,0.10363,-0.1640504,-0.3125404,0.0203372,0.257329,-0.02252978
-0.1071941,-0.5818285,0.9033033,-0.393703,-0.0258204,0.2092345,0.05068427,-0.2360832,-0.405229,0.03414532,0.1938589,0.1342763,-0.3190051,-0.3906404,-0.03892971,-0.3785856,-0.02946395,0.3755523,-0.6422946,0.308043,-0.2367432,-0.07815821,-0.05244102,0.3434142,0.1489001,-0.6705912,-0.4084834,-0.06502293,-0.2844934,0.2068513
-0.1491937,0.0379236,-0.6494062,-0.002891937,-1.068708,-0.2597481,-0.0062978,-0.008941802,0.05788681,0.6706253,0.06908125,0.1656705,0.4397898,-0.4380251,-0.2917494,-0.1067562,0.02439541,0.02685544,-0.1847049,-0.4394977,-0.008070213,0.4065745,-0.01330331,0.4689127,0.2800388,-0.5580247,-0.1625312,-0.01310235,0.3687489,0.005249783
-0.3060025,0.3554132,0.2764607,-0.1466448,-0.9073564,-0.005839957,0.5392329,0.006682384,-0.355062,-0.09327954,-0.1884599,0.2721714,0.1406941,-0.4444733,-0.1094037,-0.1144164,-0.9128653,-0.03574612,-0.09897994,-0.03796285,0.4092356,-0.02817752,-0.3807129,-0.3250684,0.3413944,-0.4575089,-0.02307274,0.3537818,-0.3163709,0.00945917
0.3437924,-0.001136243,-0.2781132,0.2049478,0.004725094,1.773594,-0.2356809,-0.1123477,0.01677421,-0.1797398,0.05480248,-0.2237733,-0.2614912,-0.00378497,0.2662659,-0.0699063,0.4106208,-0.7368133,-0.3919105,-0.08998447,0.003027695,0.2631946,0.009103462,-0.1659073,0.3565352,0.362254,-0.01229268,-0.1550497,-0.1403651,-0.02772016
0.187613,0.1955512,0.06140751,-0.01835534,0.2037688,-0.916302,-0.1395542,0.3934937,0.02137752,0.006662309,-0.1371222,-0.158838,-1.05145,0.1406494,-0.4841642,0.00045677,0.717831,0.398504,0.2144883,0.514975,-0.3558792,0.3473446,0.1159441,0.272491,0.09978727,-0.06713464,0.2764566,0.004019195,0.01031577,0.4688727
0.2410063,-0.3038545,0.05912811,0.0683297,-0.00119107,-0.2213721,0.02665722,-0.08310422,-0.5252982,-0.2467845,0.4728148,0.01497144,0.182072,0.1251968,0.1802028,-0.3781085,0.2467235,-0.3102868,-0.2205994,0.02559161,-0.05588165,0.05792171,-0.2240339,-0.2512434,0.05568614,-0.8787425,-0.04253498,0.3191715,0.02553683,-0.09591848
0.321071,0.3105969,-0.3778886,-0.03169815,-0.000496345,0.1842253,0.04164642,0.01844436,0.07249277,0.282185,-0.1913859,-0.128875,0.4241849,-0.06146461,-0.03159915,0.2879899,0.1727067,-0.6650664,0.5262133,0.01393481,0.03114259,0.3924831,-0.1938774,-0.2438109,-0.0007493168,0.2609724,0.1205706,0.07399439,-0.4700187,-0.4249267
0.4985727,0.00772745,1.094931,0.7052087,0.05891973,0.06446646,0.7877972,-0.08474316,0.2909951,-0.2577526,0.4924675,0.02712624,-0.0096016,-0.2433424,-0.3085046,-0.1817268,0.07430584,-0.33416,-0.1024198,-0.4357463,-0.2228138,0.1440759,-0.1009374,0.03172395,0.6788158,0.8826961,0.1148011,0.3343023,-0.02264374,0.1357159
-0.1538756,-0.4651933,0.06203129,-0.0006800381,-0.3067186,0.1715136,-0.01463036,-0.0008170836,-0.499339,0.2737691,-0.4067485,0.009731829,0.3840425,0.05680031,-0.1572196,0.3611566,-0.005659016,-0.04500037,0.7960333,-0.01298877,-0.1049573,0.5486872,0.3191688,0.1604001,0.0264392,0.4145048,0.004688066,-0.4580878,0.3175678,-0.3235999
0.1037469,0.04741584,-0.428051,0.04997641,0.488732,0.6067398,0.274472,-0.1142309,0.3437045,-0.1813274,0.2282556,0.1294399,4.38266,-0.2299653,-0.08280879,-0.36801,0.4014666,-0.3453523,-0.4923937,-0.01318719,0.003494055,-0.2106881,-0.04283259,-0.1200284,0.2994636,-0.1583888,-0.2002001,-0.1488271,-0.4541415,0.2435431
-0.02891937,-0.05136263,-0.2024463,-0.4008145,-0.169381,0.217153,-0.001285561,-0.1865134,0.7384934,-0.2200526,-0.31126,0.4746577,0.0165531,0.7871923,0.09921352,0.419681,-0.3368092,0.1398444,-0.494554,0.01695339,-0.008143019,-0.00902397,0.03093373,0.2317309,-0.3396797,-0.9211464,-0.0124386,-0.2955502,-0.02828218,-0.1707741
-0.6128804,-0.06694224,0.0299946,0.06153983,0.4090997,-0.04796235,-0.02880059,-0.4662684,-0.07899585,0.6063446,-0.03279709,0.1412718,-0.3566214,0.412574,0.8821173,0.4017744,0.7463862,0.0117988,-0.01167642,0.0366818,-0.2297751,-0.1463628,0.1952114,0.03836395,0.120238,-0.1460964,0.2500328,0.3049474,-0.0492494,-0.1098179
-0.7992613,0.3032418,-0.01187513,-0.1959719,0.2923878,0.1167231,-0.2017089,-0.5212756,-0.00650043,-0.05593246,0.06658167,-0.4245611,0.1968114,0.09132492,0.2240716,-0.06251756,0.1703891,0.1087686,-0.1314201,0.01829153,-0.000692766,0.5059774,-0.1038747,0.03282878,-0.2712342,-0.06926206,0.04441494,0.7041584,-0.2566005,-0.6630741
0.7266923,0.04526285,0.08609182,-0.5068887,-0.3762544,0.08726855,-0.06600462,0.07199472,0.4974405,0.3593194,0.6062341,0.00180127,0.05833079,0.1380024,0.4894211,0.1281907,-0.2905039,0.2465734,-0.3552436,-0.03760989,-0.01186099,-0.02191965,0.4684029,-0.1325269,0.5160148,0.5711218,-0.0774508,-0.2059882,0.6039138,0.02671535
-0.503038,-0.00222379,0.09176642,-0.8031332,-0.09785862,-0.2711307,1.306188,0.03887266,-0.2584884,-0.4224644,0.6462895,0.05903153,-0.004843216,1.327043,0.0257352,-0.3242294,0.1223554,0.5309393,-0.03981102,-0.1370257,-0.009675721,-0.2275017,0.3606276,-0.2003449,-0.3799253,-0.4103775,0.2351956,0.3820381,-0.009196103,0.2809271
0.0900993,-0.5051005,-0.02699715,0.6556108,0.06224405,0.5692405,-0.2175432,-0.0009961724,0.2716453,0.2165044,0.123623,-0.05050953,0.5077732,-0.1123399,0.02605341,0.1972918,-0.01136428,-0.3165222,0.2184135,0.0002426221,0.270436,-0.1730939,-0.2163213,0.16221,1.622018,0.02114826,-0.7388624,0.3887914,-0.007166389,0.3988933
;
0.06030338,0.1425124,-0.3924519,-0.1059374,-0.3219405,-0.3056474,-0.3750778,0.3187445,0.04233186,0.06304508,-0.02753641,-0.9022425,0.2444124,0.3403266,0.009108666,-0.4933096,-0.333847,-0.3677026,-0.5922913,0.4397051,-0.2468144,-0.7905853,-0.4205066,0.4720787,0.4837015,0.01872319,0.05476455,-0.05736589,-0.04263835,0.09239887
0.0717449,0.02136586,0.2045361,-0.09263116,0.4947202,-0.4052293,0.4863684,-0.2120867,0.05584068,-0.1214023,0.1076428,0.4118807,-0.4363343,-0.2213839,-0.03958422,-0.06009191,-0.7630386,-0.3008554,0.2216074,0.3285313,-0.1687031,0.5288051,0.06559721,0.0008789686,0.3907006,0.0713734,-0.277007,-0.0168275,0.3001878,-0.02742436
-0.01257638,-0.04653622,0.1489128,-0.05302653,-0.174843,0.2611095,-0.1586617,-0.2696421,0.08925062,-0.2597766,0.2452761,-0.166713,0.5292221,-0.4330266,0.1524327,-0.1898991,0.1715887,-0.3466307,0.05258502,-0.0823188,-0.5586482,0.001402419,0.06587023,0.02578051,0.1919412,0.6427221,0.01905433,0.03410743,-0.5776759,-0.5179296
;
-0.2713378
0.2165954
0.6319675
0.3826141
0.3305489
-0.5016649
0.04095954
-0.1929684
-0.3429803
-0.3955412
-0.1591582
-0.076632
-0.1216131
-1.464666
0.0903815
0.05632615
0.1679836
-0.3119541
-1.195243
-0.4737259
-0.4287829
-0.1016619
-0.9503416
0.4588517
0.02085954
0.02948042
0.198057
-0.2043254
0.06519838
-0.4116443
;
0.0786323,-0.01605002,-0.2450815,0.02480269,-0.1057981,0.1056299,0.2885956,-0.339107,0.03919083,-0.04593533,-0.5294758,0.005703196,0.2261094,0.1820768,0.2603179,0.05101455,-0.2570457,-0.0347963,-0.3309461,0.4263597,0.1006031,-0.1948636,-0.4261282,0.1067976,-0.4229115,-0.6180183,0.3259507,-0.01387674,0.001599133,-0.6513915
0.1235422,-0.3171759,0.1335101,0.06249337,0.1902162,0.2961394,0.01038922,0.003179723,0.1776884,-0.2160682,-0.0329065,0.482,-0.294825,0.624038,-0.6676825,-0.1662166,-0.1894912,-0.05236857,-0.07160923,0.1096114,0.2131584,-0.2802415,0.2045184,0.3119811,-0.2961833,-0.05222701,0.3371497,-0.4950035,-0.01330996,-0.6342946
-0.1403942,0.0001468245,-0.208958,-0.1663093,0.242809,0.2190714,-0.3933475,-0.06841268,-0.3948061,0.02505401,0.01997033,0.01156392,-0.8169411,-0.09560683,-0.2127084,0.1028487,-0.1595027,-0.03273227,-0.1484355,0.04410197,-0.5168662,-0.4449072,-0.2916174,-0.08481926,0.2900857,0.004526683,0.0746929,-0.4006435,0.002434746,0.2552465
0.01725305,-0.7222164,0.5680246,0.008160786,0.348461,-0.3647956,-0.8367978,0.001321371,0.4872897,0.005549986,0.07517357,0.4652974,-1.060242,0.1862882,0.008827031,0.4759625,0.2237726,0.2419669,-0.3120134,0.765057,0.7964909,0.1201345,0.008283436,0.07917052,0.1176713,-1.155984,0.1414256,0.1009465,0.3139662,-0.1470699
-0.3875202,-0.4436742,-0.1294203,0.02152481,-0.1239583,-0.02876187,-0.3119395,0.5156323,0.2568144,0.3759264,0.8013355,0.3478423,-0.02924722,-0.007013394,-0.03094086,-0.1475426,-0.3756221,0.3413739,0.01828784,-0.1652014,-0.07700931,-0.05355899,0.1500791,0.001478232,0.3074178,-0.05505392,-0.1025303,-0.1919821,0.1058688,-0.330242
-0.2077798,-0.1025992,-0.1684135,-0.147328,0.5771607,-0.1918812,-0.08043259,-0.3286684,0.003426705,-0.02276331,-0.2922156,-0.007904949,-0.02703639,0.3441168,0.1021941,-0.5704407,-0.6593468,0.04612257,0.1453341,-0.2568585,0.4486774,0.4885235,-0.06109336,0.2190552,-0.4134296,-0.6224948,-0.1006674,0.2008432,0.2102525,0.04561204
0.01547434,0.09256119,0.2028431,0.08131996,0.1871412,0.05415672,-0.1577417,0.4721113,-0.05168581,0.03094471,0.8695166,0.1661005,-0.3100968,0.2145637,-0.1413291,-0.4516075,0.1874437,-0.253353,0.07127132,-0.08079046,0.1017784,-0.005840916,0.3811368,0.3612595,-0.4593508,0.08923198,-0.02892882,-0.2313817,0.08058608,0.1127892
-0.3058056,-0.0671666,0.05736083,0.4098082,-0.4028578,-0.07381457,-0.2881864,-0.02599416,0.1038713,0.6436878,-0.3482759,-0.1890935,0.4110231,-0.2314519,-0.7638927,-0.5311715,-0.3768124,0.8660848,-0.4520147,0.1712869,0.006975114,-0.1107684,-1.668656,-0.4782412,0.1685968,0.09591395,-0.009379271,-1.569925,-0.04058547,0.1192455
-0.4676614,-0.04068466,0.2885236,0.02726376,-0.1122905,0.1917674,0.2808517,0.0150649,0.1817217,-0.3999748,-0.03293433,1.472877,-0.2998562,-0.1052945,0.2987961,0.04706055,0.7011698,0.08085207,-0.6643505,-0.01153017,0.2189039,0.1634301,0.3909757,0.03909162,-0.4063519,0.2506961,0.1489621,-0.004664555,0.1184437,0.3074764
0.402216,-0.03995346,0.3470699,-0.3927158,0.2474733,0.5969131,0.3946925,0.03828964,-0.1874239,-0.007327616,-0.1048524,0.673795,0.02488822,-0.5346034,0.7484443,0.3177863,0.1922269,-0.03833346,0.2821132,0.282833,0.0130437,-0.2224406,-0.03769472,-0.1170357,0.2739414,-0.07674982,0.185215,0.3471393,0.3672422,-0.03588553
0.1167354,-0.3496865,-0.3929105,-0.01758157,0.3139538,-0.3903234,0.4977174,-0.1873028,-0.008053757,-0.1726793,-0.4118986,0.1922611,-0.2242873,0.03347473,0.2571533,-0.005119509,-0.3922203,0.0720934,-0.2364054,0.05305721,-0.9178839,0.5306802,1.150482,0.1279735,-0.1762489,0.2268324,-0.1359822,-0.2553871,0.292262,-0.02279155
-0.5733275,-0.1516798,-0.2573209,0.4550046,0.02640443,0.09125394,-0.4246676,0.3464332,0.1788871,0.4563478,-0.1129519,0.005167469,0.04438269,0.05499785,-0.4360746,-0.2259635,-0.2221738,-0.3929865,-0.3362584,-0.1305149,-0.3610957,0.008281718,0.07003802,-0.07679739,0.3844827,0.3150048,-0.01959864,-0.08467728,-0.2023899,-0.1183447
-0.4986839,0.4871756,-0.1755016,-0.1362513,0.07867151,-0.1977446,-0.005053561,-0.05189239,0.4728799,0.05088204,0.1115605,0.1645197,0.07082681,0.004504967,-0.1880916,0.3216144,-0.177962,-0.1963177,-0.5631215,-0.1842336,-0.001347074,0.1949149,0.3190521,0.1572487,-0.02075799,-0.2876803,0.3191692,0.3756185,0.1933544,0.6021672
-0.2775297,-0.1863087,-0.01647666,-0.1073351,0.2569691,-0.1371311,-0.148507,0.3764812,-0.6487527,0.2980388,0.1384213,0.2874159,0.216316,-0.001844337,0.5313196,0.4333556,-0.2699951,0.321189,-0.4026445,0.1412508,-0.08192557,0.002374528,-0.09804701,0.8747999,-0.3231525,0.2811717,0.04792132,0.5907362,-0.03293006,0.1353778
-0.3304224,-0.2232648,-0.272686,0.4172552,-0.1459012,0.02001911,0.003163916,-0.2812774,-0.1607497,0.4296042,0.5712442,0.4379951,-0.2700052,0.04588166,-0.4927061,0.05364674,0.08701259,-0.1880434,-0.4178455,-0.4494939,-0.09432501,0.3810007,-0.2814578,0.06564637,-0.1772588,0.1369007,0.07106302,0.3593001,0.1445373,-0.6178138
0.1517033,0.08078684,0.04678863,0.3136883,-0.2978903,0.3904264,0.3507898,-0.0495987,0.08258878,-0.3621827,0.06662661,0.213397,0.3487146,-0.3557264,-0.8212165,-0.1281886,0.3914571,0.4174683,-0.2710619,0.3631468,-0.1738988,-0.3982196,0.2413095,-0.2472635,1.218347,-0.4903487,-0.001818269,-0.0009106451,-0.2884737,-0.09269397
0.3970297,0.3188583,0.03128362,-0.01324826,0.04286331,-0.4718919,-0.2995087,-0.3302745,-0.2876789,0.2053125,0.3810812,0.05446018,0.03175467,-0.2431601,0.3390267,-0.01117712,-0.2371241,0.5433139,0.3936732,-0.5504508,0.004423782,-0.1335685,-0.1906911,-0.0770181,-0.002306333,0.006407917,-0.4106601,0.32389,-0.1415496,-0.1687683
0.5687354,7.728932E-05,0.09504801,0.2658621,-0.3847376,-0.4468558,-0.1132206,-0.3623014,-0.2735695,0.1370979,-0.4461724,-0.4667946,0.2713317,0.1785454,0.2454975,-0.0495543,0.5341626,0.09187511,-0.4216366,-0.3226051,0.07983545,0.2601708,-0.03727357,-0.2002444,0.7644718,1.326375,0.1490921,0.1529496,0.3979486,-0.308584
0.283674,-0.4098419,-0.5316026,-0.4660197,-0.005581406,-0.3141929,-0.7047036,0.2169708,0.3045108,-0.330002,-0.4228047,0.03908607,0.1649572,0.2641203,-0.7179299,-0.2396514,0.3292857,-0.01775443,0.01974112,0.4965781,-0.3208454,-0.5106801,0.001006026,-0.1705828,0.2696526,-0.4391793,-0.1244462,-0.2672106,0.4191038,0.2933513
-0.9037825,0.5413424,0.2034985,0.2957475,0.620277,0.2542125,0.4277613,0.2105981,0.4534972,-0.03226811,-0.05836898,0.2576451,0.4809458,-0.241693,-0.3598014,0.6629953,0.2143229,0.4446553,0.1514812,-0.9234067,1.151553,0.2297975,-0.2231809,0.2286172,-0.02928575,0.8524299,-0.2148274,-0.2958851,-0.9551814,-0.587345
0.356703,-0.1506316,-0.2025944,-0.02017111,0.08967319,0.2253187,-0.2352462,-1.160584,0.5897436,0.6848822,0.2908548,-0.1189022,-0.2515397,0.3151293,0.3617569,0.2386521,-0.008213783,0.2115155,0.314405,-6.563935E-05,0.4011864,-0.07081369,0.2617532,-0.664292,0.1806129,0.1682464,0.02142814,-0.2667971,0.2426949,0.3863519
-0.03242978,-0.005180582,0.1716425,0.005032761,0.2808229,0.3856581,0.9743489,-0.14824,0.3480883,0.2746024,0.0250665,-0.1096299,-0.2153717,-0.3543576,-0.836861,0.3342861,-0.1663384,0.2256804,-0.1639493,0.4243971,-0.08143586,-1.485391,-0.6768407,0.2455946,-0.08275624,-0.4514242,-0.07012115,0.2394523,0.02175814,0.02273303
-0.06387861,-0.4266689,0.04314914,-0.0001287246,-0.129993,-0.03061566,-0.05942781,0.1697274,0.1664452,0.6619611,-0.003484572,0.1568507,0.1994336,-0.02091461,-0.3185639,0.1256437,0.06202834,-0.1771647,0.2360076,0.480122,0.04564427,0.520395,-0.3099492,0.3225117,-0.01526502,-0.2502349,-0.08419927,0.02892219,0.01200959,-0.1852617
-0.4625661,0.1012604,-0.3952318,-0.09360403,0.2936074,-0.07952668,-0.4972296,-0.1517941,0.0538457,-0.2116968,0.3580374,0.04803845,-0.1047559,0.04350253,0.04175169,-0.6670287,-0.04931957,0.4254225,-0.08284812,-0.06809392,0.3218586,-0.08801359,0.08116503,0.08855038,-0.3931015,0.9015985,-0.4011418,0.2383687,-0.3833914,0.4957256
-0.499994,-0.04670662,0.2401279,-0.1548641,-0.044774,0.4278885,-0.1088658,-0.209935,-0.3746811,-0.4465837,-0.2709514,-0.8294047,-0.0184175,-0.3086121,0.2414569,0.07991034,-0.1449216,-0.09801073,0.427962,0.2192995,0.02951581,0.1173717,0.6986164,-0.1133117,-0.2385746,0.08157986,0.090159,0.3809848,0.09150833,0.1944168
0.1246384,0.003349478,-0.1026939,-0.04658112,0.03011166,0.000674822,-0.01772944,0.06513602,-0.3944135,0.7981653,-0.2443494,-0.3745061,-0.3478523,0.1775739,-0.55756,0.820375,-1.347305,0.3997628,0.2047348,0.0174576,-0.01248611,0.353348,0.2437629,0.4120395,0.6574615,0.1577544,-0.4661703,0.7974848,0.2417513,0.7090614
-0.2594142,0.03966058,-0.07529434,-0.1991739,-0.01155092,0.3885427,-0.2219235,-0.338048,0.6795717,0.1719677,0.4571941,0.3669897,0.1014333,-0.3957958,0.929944,-0.1249322,-0.04025979,0.2228191,0.2607906,0.04674845,-0.1896245,-0.213581,-0.120777,0.4046792,-0.3860753,0.1656525,-0.2174135,-0.06124915,-0.07961041,0.004508555
0.1706107,-0.2128655,0.8069836,-0.4004014,0.3023909,-0.02758105,0.4434385,-0.4379977,-0.698432,-0.3062035,-1.014314,0.08796442,-0.01582028,-0.05481273,0.4828215,-0.02084575,0.974082,-0.08607727,-0.3312016,-0.4964228,-0.02648896,-0.370212,0.1728947,0.2224679,-0.05204219,0.2717056,0.1924126,0.7555672,1.020733,-0.07600194
-0.01543766,0.1045746,-0.1101693,-0.1640075,0.02452288,-0.4306359,0.3344638,-0.6861736,-0.4312001,0.1901133,-0.2280355,-0.2670317,-0.4174712,0.379443,-0.1090586,-0.06397689,-0.1461259,0.4679269,-0.082617,0.3119373,-0.04644734,0.04451602,0.07268205,0.01209289,-0.0104629,0.02194493,0.1429432,0.09081946,-0.5359603,-0.04981452
0.1638624,-0.02800113,-0.3720111,-0.3912034,-0.1635682,0.02730452,0.002695916,0.5488345,0.01731283,-0.5182952,0.2460302,0.03691298,1.093853,-0.05967162,-0.281704,-0.02369678,0.3347285,0.009054787,-0.4331005,-0.003763899,0.4019473,0.6420628,-0.06194776,-0.08128055,0.3540897,-1.000899,-0.07404274,0.1140341,-0.6976495,-0.003042277
;
0.1937153,0.06505778,-0.4845424,-0.3543487,-0.3869605,0.1774758,0.0577603,0.2890018,0.405458,1.167201,0.03304595,-1.23887,0.2873998,-0.01445163,-0.2060762,0.08093869,0.353036,-0.1299652,0.06750276,-0.06790481,0.4392954,-0.2277315,0.02229577,0.03597516,-0.005263817,-0.04531424,-0.4235972,-0.3307443,-0.07199091,-0.08348402
-0.06591272,-0.2236905,0.270126,0.01158012,-0.1099081,0.5321702,-0.4694257,0.07899361,-0.1211555,-0.9894628,0.2127478,0.03869266,0.2672857,-0.04154061,-0.4997646,0.2503898,-0.2081381,0.06083101,0.4539002,0.1836707,-0.4866192,1.166044,0.01511399,-0.103388,-0.2562397,0.2053031,0.007094826,0.06835133,-0.4447415,0.01029676
-0.05917001,0.04176217,0.1354951,-0.1939847,0.4849693,0.3343925,-0.2023398,-0.6235856,0.1731379,0.3098351,-0.2482848,-0.002502194,-0.2511678,0.4459647,-0.2473977,-0.3949081,0.05660409,0.05234548,0.001471638,-0.09284848,0.1362855,-0.1604943,-0.02901529,1.338319,-0.1322361,0.3044895,0.5623978,-0.2259925,0.004052324,0.6936195
;
-0.0697889
-0.01212577
0.8564222
-0.02198971
0.02898845
0.02555832
0.000117899
0.4965591
0.4768828
0.1155404
-0.1424754
-0.2538418
4.365766
0.2586836
-0.3805043
-0.04257449
0.1879541
0.03572193
0.006289063
0.3956782
0.3058615
0.05025699
0.4810643
-0.6318461
-0.41432
-0.1930744
0.4809703
0.4206872
0.1379276
-0.03416808
;
-0.009527846,-0.6270226,-0.419032,0.001160441,0.03815501,-0.377488,0.403582,0.2842934,0.5607301,0.007346262,0.8207626,-0.1173405,-0.3320003,0.08131624,0.156805,-0.3389215,-0.3603457,0.474236,0.1230854,0.1307821,-0.1967404,0.468112,-0.007250726,0.8359793,0.4296451,0.340611,0.04460074,-0.2675987,0.6852391,-0.1118191
-0.07768451,0.006289676,-0.09177404,-0.7616693,-0.2227805,-0.3654635,-0.4651501,0.03367813,0.08475465,0.2580971,0.3961391,0.3456171,0.009118602,0.03475638,0.09519357,0.2025834,-0.8102397,0.27223,0.3110121,-0.001132529,0.04071073,-0.1192471,-0.5090579,0.08126536,-0.203851,-0.5081812,-0.1385067,0.5233355,-1.644597,0.1147218
0.04676011,0.1770226,-0.3300075,-0.3157652,0.005002201,0.009200841,-0.3091539,0.2631549,0.08747488,0.4614695,0.3730322,-0.1292272,0.1095534,-0.4257981,0.4109893,0.008994454,-0.334884,0.2327781,-0.3493302,0.05334118,0.2293925,-0.4009338,0.003537439,0.156402,0.09952074,-0.4215484,-0.1574187,-0.03328189,-0.1562683,0.001411333
-0.01368223,0.03619033,0.08695652,-0.3006494,0.1208659,0.4374961,-0.3750644,0.3736452,0.4549758,0.06352401,0.05805002,0.02178087,0.05687695,0.2830884,0.2655966,0.3370959,-0.3766356,0.01154148,0.4425905,-0.05927843,-0.1837717,-0.2718355,0.08767963,0.1862999,-0.1264689,-0.02034498,0.3344547,0.3856503,-0.4015692,0.1428519
-0.08178259,-0.1527054,-0.3571144,-0.1506306,-0.02409199,-0.5025201,-0.03477785,0.3292246,0.3176025,0.005343603,0.005278192,-0.6056287,0.2244996,-0.2857031,0.4578201,-0.04202494,-0.1911991,-0.3965074,-0.41247,0.003068645,0.415418,0.1565016,0.2931082,-0.1554951,-0.1352395,0.3720701,0.2727979,0.5200918,-0.1457219,-0.4358019
-0.2621448,-0.2515539,0.1817589,0.2623943,-0.4686247,-0.6533104,0.3912202,-0.1957332,0.0009208647,0.01326075,0.1898891,-0.01377454,-0.0004923402,-0.1263625,0.4328616,-0.05429071,-0.02529755,-0.3322792,0.03544133,-0.133925,-0.5895585,-0.2626638,0.4218459,0.04282138,-0.5750347,0.13185,-0.130383,-0.3258039,-0.386627,-0.1165247
-0.1920557,-0.01857881,-0.001430939,-0.3405975,-0.8855782,-0.01766217,-0.4373619,-0.3459198,-0.03454216,-0.03575081,0.3628485,-0.4517008,-0.2896298,-0.04938982,0.3494043,0.7128059,0.0208471,-0.1999463,0.5624932,-0.272742,0.7530555,0.247372,-0.4246464,0.1936452,-0.3474615,-0.0115551,0.02612999,-0.1781425,0.1495614,0.004728895
-0.6185817,0.1501255,0.3020456,-0.1233711,0.3358221,-0.0003797156,-0.08521143,0.6862635,-0.1877399,0.3428194,0.7714853,0.2838676,0.1115569,0.0373686,0.05001158,-0.4916263,0.09492564,-0.06674337,-0.02661282,-0.09483128,0.4681633,0.6694942,-0.1871517,0.03232904,0.289965,0.2742712,0.6336117,0.008780583,0.04898208,-0.6288052
-0.2540561,-0.04258662,0.4009656,-0.0169661,-0.1543147,-0.2252708,0.09644312,-0.4143645,-0.08034939,0.2698578,0.07048321,-0.7236838,0.03395228,0.2869809,-0.003402149,0.1910827,-0.2297636,0.4589927,-0.03793588,0.009540975,0.1407562,-0.1042494,0.3147102,-0.1044095,0.1507044,-0.2262548,-0.2890439,0.02289454,-0.03856322,-0.1378186
-0.388272,-0.5256967,-0.04376137,0.3913417,0.0845179,2.043986,-0.1857075,0.1425552,-0.46647,0.5901503,0.4389288,-0.4455135,0.1848986,0.6094055,-0.1647485,0.4018121,-0.3958024,-0.5683537,0.4797676,-0.05555266,-0.4753631,-0.1691628,0.06007832,-0.4228086,0.2454456,0.351981,-0.1751729,-0.3384966,-0.4122206,0.00261931
0.3641792,-0.09404951,-0.01391488,-0.1081389,0.184285,0.1054991,0.01637541,0.8920184,0.3260202,-0.1576806,-0.2151845,-0.09191356,-0.14342,-0.6863393,0.3428565,0.393558,0.03333704,-0.3107089,-0.005990708,0.009448884,-0.009844293,0.0627492,0.02559298,0.4769539,0.4634826,-0.1805849,-0.4752512,-0.03782042,-0.2958419,-0.1021671
-0.4391896,-0.03523821,0.001052312,0.2717623,0.2100357,0.1142075,0.4509804,-0.1563485,0.1084185,0.2383213,-0.2640666,-0.2634809,0.1445386,-0.038973,-0.08528452,-0.4315889,-0.2826071,0.2506137,-0.454886,0.08734203,0.1310626,-0.007923663,-0.7885157,-0.3840628,-0.4095089,-0.2087929,0.1522151,-0.2299052,-0.6858178,0.2975084
-0.05987214,-0.2933767,-0.08449318,0.06382421,0.01547651,0.4956219,0.0006589527,-0.2971553,1.270107,0.09681958,-0.3081365,0.02049013,-0.03503489,0.4682176,0.06416816,0.02981788,0.2319455,0.507891,0.00238198,-0.3273976,0.9977567,-0.2121421,-0.2275721,0.0412101,-0.0087945,0.3786567,-0.08975486,0.3610828,-0.4951339,0.5837165
-0.1816952,0.02238273,-0.2824614,-0.4148163,-0.2214579,0.03282183,0.1061212,0.8810338,0.04554859,-0.3689576,0.002950391,-0.05934066,-0.1396678,-0.09206575,0.1182517,-0.4523767,-0.1314634,0.09770942,0.3532846,-0.07854149,-0.4117333,0.121527,0.1867886,0.100759,0.02277433,-0.3604763,-0.2079999,0.4144562,0.5350164,-0.1706115
0.374642,-0.2698569,-0.3159233,0.4460555,0.008260952,-0.4072749,-0.0253574,-0.0009047837,-0.003814021,0.1083397,-0.08218884,-0.1487852,0.07502717,-0.4890046,0.4961528,0.4633242,-0.3735293,0.3153004,-0.0003102191,-0.3113296,-0.3935967,-0.4326913,-0.3452228,-0.2957692,-0.05837382,-0.9436215,0.002434568,-0.3716646,0.6959845,0.3558642
0.04062706,-0.4493414,-0.1851823,0.7927855,-0.5567865,0.006235699,-0.01462369,0.2430919,-0.0411178,-0.0232974,-0.001329404,0.02783138,-0.235197,-0.37726,-0.06328255,-0.6510502,0.07985301,-0.08539981,0.1391331,0.2066996,0.03673656,-0.07284299,0.2582188,0.1983889,0.0150153,-0.2229166,0.361419,0.002296489,-0.1418003,0.04871012
-0.7582658,-0.06590325,0.1531249,-0.2479935,-0.03594275,0.2644168,0.330826,0.06962731,-0.09864801,-0.4999747,-0.0155983,-0.1648133,0.0711992,-0.0006435961,0.003409803,-0.02034777,-0.483844,-0.4770636,0.2410666,0.1232165,-0.6419777,-0.2072566,-0.4055932,0.05174611,-0.06537651,-0.7237996,0.5322507,-0.1853895,-0.4337021,-0.4173319
-0.1157816,-0.06679529,0.186708,-0.6338909,0.2900754,0.3885666,0.7413311,0.08164197,-0.1818584,0.4915515,0.4036368,0.1634629,-0.1941178,0.4070684,0.1412613,-0.1113466,0.102211,-0.14759,-0.3991908,0.3428514,-0.2696112,0.382004,-0.04524969,-0.001224748,0.5890729,0.1656034,0.2267979,0.05317425,0.09964502,-0.653303
-0.0393706,0.1956191,0.1202451,0.02193718,0.4901781,-0.08464321,-0.4112145,-0.725403,-0.07138356,2.282986,0.3916259,0.08881442,-0.06072778,-0.06113452,0.09557658,-0.05821032,0.2110449,-0.002999697,0.1442296,-0.1325899,0.08321515,0.1329968,-0.01436485,-0.4546559,0.1301044,0.2100273,0.156047,0.4567823,0.3375076,0.0297191
0.007638744,-0.001420647,-0.1004588,-0.04801556,0.4257954,-0.01639313,0.3389369,-0.1466812,0.3364867,0.4554758,-0.03002562,0.4306266,0.3891107,0.3061032,-0.0104666,-0.0001538472,0.01207596,0.1781967,-0.7324119,0.09722529,-0.4794937,-0.8404238,-0.09650713,-0.3000995,-0.423673,-0.7496596,-0.1175285,0.05054924,0.1203227,-0.3061196
-0.0815938,0.2714572,0.01947393,0.1189166,0.23629,0.4073672,-0.3143988,0.03404662,-0.02967125,0.6697354,0.1097116,-0.1376662,-0.1971299,0.008046259,0.4483626,0.09384578,0.01323298,0.1779149,0.3601575,-0.4744149,-0.1403218,-0.5384051,0.4899384,-0.4559624,-0.1179246,-0.4322367,-0.3361143,-0.4841329,-0.5656978,-0.0477154
0.01188662,0.314954,0.4765144,-0.4981912,0.5306927,0.2120572,0.2605681,-0.2207232,-0.0014879,-0.01760274,0.156369,-0.4943126,0.05455369,-0.2176568,0.3896241,0.1236044,0.1549514,-0.1122469,-0.3664517,-0.4021271,0.01273088,0.5462891,1.018219,0.3464708,-0.6535088,0.3338504,-0.1987756,-0.01914025,0.463539,-0.0404399
0.2120178,-0.02297006,-0.2825882,-0.2806988,-0.141562,0.2743709,-0.4561268,-0.07856899,-0.005785927,0.4754664,-0.08492619,-0.4361809,-0.09099215,-0.7565519,-0.08172233,0.4836557,0.4924755,0.4130095,-0.00225395,-0.1417652,-0.102491,-0.06661028,-0.1168852,-1.049958,-0.4846095,0.04675926,-0.3388396,0.6864743,0.04794055,0.8870988
0.003505697,-0.2433901,-0.07173689,-0.4405122,-0.2454331,-0.06895781,-0.2860718,0.01216541,0.2602675,0.1824976,0.2245896,-0.01031883,0.01705949,0.1312611,-0.2541124,-0.008539021,-1.724418,0.4972748,0.01809853,-0.4036416,-0.2506435,0.7520548,-0.2879108,-0.2382358,-0.2396557,0.09087539,-0.3559941,0.08186692,0.09121852,0.2984946
-0.1951909,-0.1410891,-0.006153947,-0.05498594,-0.1080681,-0.111765,-0.005464556,0.3653071,0.02960783,0.2494397,0.2950395,0.4191221,0.005937456,0.05971523,0.1564973,-0.2638854,-0.04027367,0.07841831,-0.008916626,-0.009505694,-0.4703031,-0.2539142,0.2521808,0.08896885,-0.4136213,-0.1614694,0.1892793,-0.04721479,-0.1190361,-0.2221034
0.03099719,-0.04578849,0.004690616,-0.5456978,0.4374514,0.1388879,-0.3344634,0.3908554,0.04785292,0.312628,-0.8794929,0.1081794,1.120543,-0.2695351,-0.1770008,-0.1505567,-0.003007673,-0.3261294,0.4576263,0.2560288,0.2077695,-0.01200448,0.9123337,0.01939676,0.3970457,-0.1111514,-0.07050496,0.01809938,-0.5007392,0.01274868
0.04020363,1.102851,-0.3774654,-0.006096144,-0.1581933,-0.144832,-0.4660344,0.0782997,0.2635466,-0.4337383,0.008153643,0.1418162,0.3853773,-0.2954543,-0.008842512,0.1363631,0.1006537,0.1308458,0.07931237,0.2397632,0.01138342,0.1088471,-0.007975392,0.0418498,-0.4783624,0.5113646,-0.05011302,0.4305239,0.2633505,-0.4835367
0.678938,0.04912608,-0.153819,0.05048438,0.05534784,0.05543437,0.2233789,0.1129748,-0.3304751,-0.2912933,0.3620677,0.1158232,-0.04232262,0.05770868,0.3590333,0.1428839,-0.1094531,-0.02100352,0.247529,-0.1242796,-0.1894669,0.04854949,-0.1740828,0.2773718,-0.4147407,-0.05453509,-0.6749087,-0.008891679,-0.1826659,0.9238417
0.1974627,-0.02112049,-0.4265492,0.4576938,-0.5373118,-0.08805219,-0.1056296,-0.4953942,0.4620124,0.5719835,0.3106351,0.4109522,-0.02511209,-0.313473,0.1050772,0.08626455,-0.0811886,0.2057546,0.2142889,-0.09855622,-0.06998042,-0.08652391,-0.4426067,-0.3839958,0.2507801,0.2470604,0.338231,-0.1499818,0.5822425,0.205716
0.3212992,-0.3243243,1.552276,-0.2149315,0.03496159,0.4373927,0.06250598,0.1396081,-0.01251423,0.01810473,0.8028984,-0.3769661,-0.06720013,-0.02105183,0.2730715,0.4072142,-1.035583,-0.2044145,-0.1427914,-0.5459275,-0.8228935,-0.1070852,-0.3404744,-0.2932298,0.2430242,-0.1546922,0.301826,0.2205786,-0.08084884,0.05872048
;
-6.428528E-05,0.2118564,-0.03561201,-0.1393214,0.6342812,0.2329482,0.1549124,-0.212895,0.1233669,-0.09843972,0.739461,-0.1124741,-0.2037521,0.06206903,-0.526834,-0.04131126,0.03879558,0.2097794,-0.4798832,0.4595462,-0.9322717,0.4579774,-0.0952369,-0.1275843,0.0127097,-0.1109633,-0.2027142,0.3723347,-0.1198582,0.003819204
0.4027712,0.4703171,0.385946,0.2222054,0.4684467,-0.1055754,0.09097806,-0.1903014,-0.0348288,-0.3690157,0.1145666,0.5120661,0.0594359,-0.1424878,-0.01996404,0.0424088,0.03244644,0.2313345,-0.2050263,-0.557672,0.2326946,0.00250215,0.414324,0.2146264,0.1895653,0.01162447,-0.4369394,-0.001040404,-0.3787041,-0.01196349
-0.3924426,-0.1943052,0.04018323,0.1268628,-0.8763286,-0.4439439,0.4250472,0.1941606,0.1742042,-0.1232918,-0.1100974,-0.0523258,0.1682215,-0.201199,0.01954533,-0.2204649,-0.3923513,1.197495,0.1944833,-0.3857207,-0.1157632,0.1933032,0.01484855,0.2288395,0.00324156,0.06945223,-0.3030218,-0.1088768,-0.2549734,0.1487454
;
0.05691326
-0.3090857
-0.1190712
-0.08397389
0.02544992
-0.001057633
0.4992169
-0.2041483
0.1866586
0.4075615
-0.003625051
-0.8756855
0.3214635
-0.1241996
-0.4615874
0.01547693
0.2190362
-0.3430816
0.4715027
-0.529017
0.11168
-0.4772062
-0.4529063
-0.006548272
0.2010522
-0.4995176
-0.1956242
0.1402703
-0.3748574
0.4383755
;
0.02362701,-0.3675481,0.3058455,-0.4629113,-0.09304919,0.1461003,-0.5941353,-1.082738,-0.2505,0.5749517,-0.3664436,-0.09968869,0.06132811,0.08915614,0.2131435,-0.1321272,0.7690447,-0.1651624,0.2397146,-0.1738127,0.23253,0.3848809,-0.2991196,0.1886989,0.09453863,0.1297486,-0.1421494,0.1259659,-0.2883353,-0.02515667
-0.3682318,-0.4289814,0.4895152,0.04328269,-0.3338201,-0.3147345,-0.02736328,0.05688943,0.0004301518,-0.06673688,0.07173236,-0.7766665,0.1021211,0.1746497,-0.03639058,0.5427718,-0.489364,0.8021708,0.009356439,-0.1725111,-0.3622357,-0.05148703,-0.3578967,0.0336954,-0.1730596,-0.3383065,-0.1194806,-0.2165055,-0.1142337,0.112525
0.1026867,-0.1002833,0.4018272,0.09163648,-0.6195175,-0.2742601,0.04118544,0.04668873,0.3987603,0.4644233,-0.001845844,0.2487635,-0.2427033,-0.3073571,-0.2662359,0.2316753,-0.1241134,0.3719795,-0.1569615,0.3784924,-1.060665,0.002163987,-0.2939975,-1.830453,0.1261545,-0.006621871,0.4334538,-0.4662778,-0.2577056,-0.764897
-0.27661,-0.4155167,-0.01277582,-0.005523338,-0.09990181,-0.1470444,-0.02193853,0.1694147,-0.08201151,0.3321329,0.03569442,0.4764049,-0.2464801,-0.2585051,-0.0991241,0.009696305,0.4227463,-0.2439243,-0.002299607,-0.0782041,-0.5641116,-0.4219394,0.1412622,-0.073899,0.2229842,-0.06946892,-0.09740597,-0.066558,0.3085879,-0.05068856
0.6098027,0.6692281,0.527515,0.3932101,0.3368472,-0.128509,-0.02358811,-0.0006802455,-0.4210924,-0.5999728,-0.4592866,0.2448497,0.1125511,-0.02160317,-0.06434399,0.1882235,0.3567849,0.4088575,-0.4722416,-0.1784289,-0.07204433,0.08530146,0.04701191,0.08896594,-0.02713456,0.4913845,0.2354905,-0.1703809,0.04369188,0.01489347
-0.369131,-0.2054356,-0.07612044,-0.2146195,0.2415402,-0.2833301,0.4024516,0.1292918,-0.4389024,-0.03222138,-0.1371513,0.1969153,0.3542501,-0.2564315,0.599219,-0.1587393,0.02475549,0.3526744,-0.7170142,-0.1460583,-0.05271364,-0.1054403,0.02436005,-0.03134205,-0.2074522,-0.09690715,0.288958,0.3575392,-0.7233533,-0.1377057
0.355974,-0.3380383,-0.4518096,0.1988411,-0.1965634,-0.2835801,-0.1202113,-0.5697454,-0.140434,-0.3271747,0.1202323,0.3129148,-0.004611254,-0.2985229,0.004129678,-0.3536679,0.04344746,-0.06081139,0.4079486,0.09445281,0.02995514,-0.1971404,-0.002633035,0.436887,0.2564885,-0.05339947,0.4579294,-0.1257614,-0.04460301,-0.439942
-0.04605978,-0.2953838,-0.4534889,0.6846797,-0.0873628,-0.4370856,0.02759453,-0.1346641,-0.5800146,-0.2000443,-0.4993115,0.5611138,-0.006837308,0.4972677,0.3203022,-0.7295667,0.1079367,0.3153863,-0.08894876,0.262496,0.2654927,-0.1221266,-0.4126838,0.02873337,0.1932608,0.3172799,-0.1217459,-0.5978291,-0.00798564,-0.5188663
0.0003405019,0.22758,0.05652255,-0.09490822,0.4950442,-0.2298405,0.199833,0.001104295,-0.01946646,0.367555,-0.03132619,0.0215575,0.5254699,1.956518E-05,0.01880301,-0.4001896,0.7731476,0.0002046756,0.3369682,-0.02534301,-0.5326127,-0.2231512,-0.431172,0.2397756,-0.1530049,-0.2663963,-0.05115423,-0.08102014,-0.2657949,-0.2662146
0.343946,0.135512,0.2280049,-0.07421881,0.1403705,-0.4987689,-0.008221862,0.3652687,0.389431,0.4526575,0.04129714,-0.01328808,-0.2552173,-0.3900944,0.2150634,-0.4536068,0.3616655,-0.1849163,0.4688413,-0.2527335,-0.4118012,-0.1157749,0.2716641,0.5096883,-0.02262055,0.1326877,0.8218059,0.8160661,-0.5918975,0.04063875
-0.4702814,-0.005663995,-0.1488115,-0.2889074,0.06958783,-0.1908595,0.04406983,-0.04999325,-0.4315061,0.005722533,-0.4614397,0.0022508,-0.2776228,-0.1689644,0.1548928,-0.8688226,0.6121536,0.04121697,0.2312587,-0.0009356347,-0.3392668,-0.2625795,0.106997,-1.106165,-0.2675087,-0.6233565,0.2290663,-0.1203898,0.02626563,-0.05136045
-0.4513285,0.5273943,0.0002798961,0.656568,0.05786278,-0.2579027,0.3282557,-0.4910269,-0.3757629,0.2947875,0.392329,-0.08524984,0.1562306,1.013507,1.073038,-0.03527343,-0.1618272,-0.1279051,0.03608251,0.2380391,-0.0887247,0.1141984,0.09338377,0.07420005,0.05325622,-0.09767155,0.2972319,-0.3899504,0.1404101,0.005355299
-0.04878539,0.01729643,1.095838,0.009573133,-0.5041054,1.107356,-0.1751212,-0.2036657,-0.9138247,-0.4118426,0.007491881,0.3235326,1.004332,-0.5280527,0.373742,0.004406154,1.072792,0.001294398,-0.02302283,-0.459221,0.1895127,-0.06802326,-0.2442317,-0.1924533,0.04998834,0.062105,-0.2010428,0.5336136,-0.3800904,0.05291897
-0.4811566,0.5678008,-1.759108,-0.4963417,-0.9396533,-0.1807617,0.04473614,-0.002960503,0.05547274,0.2223769,-0.1721649,0.03288458,0.05512124,-0.4602465,-0.0008456277,0.462037,0.2444938,-0.04302698,-0.4635414,0.1614023,0.1358676,-1.026833,-0.102482,-0.002506956,0.2549469,-0.2373537,0.0682282,0.09079091,0.2608672,-0.2620867
-0.2389773,0.2687805,0.6129969,-0.08272332,0.1333048,0.2657934,0.7141708,-0.01647153,-0.4052014,-0.3617783,0.05930656,0.223888,-0.4841915,0.02122539,-0.02425477,0.7021734,-0.2606523,-0.7421749,-0.323577,0.002329975,0.1867499,0.1616621,-0.2473122,0.06377354,-0.4988871,0.2749351,0.01557816,-0.4862864,-0.4752766,0.5382879
0.004164485,0.284301,-0.310123,0.04422627,-0.003039183,-0.7703666,-0.08722497,-0.5162393,0.02829817,0.310875,-0.7448952,0.02466873,-0.2648356,0.006943992,-0.3238791,0.07134052,-0.03342042,-0.1543285,0.4306178,-0.2538146,-0.3169725,-0.6000439,0.1864719,-0.5799633,-0.03662464,0.5520471,-0.07025188,0.1643762,-0.113853,-0.07248914
-0.1089188,0.4028172,0.01009221,-0.05820679,0.1858171,-0.9516509,-0.495059,0.09542494,0.3419672,-0.02084466,-0.0003816086,0.1892907,0.4169264,-0.03610615,-0.4778489,-0.005987122,-0.06433555,-0.2098794,-0.01142239,-0.0004618176,-0.1089404,-0.3006167,0.5299637,0.3859411,-0.0001528981,0.7255493,-0.3254659,0.1052563,0.1339071,0.4644349
0.1793871,-0.2301395,-0.02056964,0.4997473,0.04535844,-0.3201055,0.06571165,0.06017381,-0.3297349,-0.370433,-0.0008917737,0.4260395,0.003976995,-0.3828874,0.3859779,0.180545,-0.06560928,-0.7901698,-0.002946454,-0.2448688,0.04235199,-0.2094582,-0.8847775,0.01881009,0.007432131,-0.749087,0.2616707,-0.1051596,0.6967786,0.6759146
-0.2333224,0.2946479,0.02945453,-0.03169522,0.2163299,0.1692791,-0.3045098,-0.2631842,-0.2345484,-0.392164,-0.1031458,-0.02284199,0.1217775,-0.4510223,-0.08907229,0.4673505,-0.1659434,0.04454664,0.009548366,-0.2867887,-0.09168733,0.06128067,-0.0003038638,-0.4630057,-0.2156723,0.1821781,0.01053712,-0.8009614,-0.2288869,-0.2508895
0.04866623,-0.2131105,-0.4033577,0.1518831,-0.1428439,-0.3788011,0.1071836,-0.02335512,-0.1459975,-0.2992244,-0.4096181,0.0712114,0.1185258,0.2605367,0.5845929,-0.05694517,0.3831147,0.05793383,-0.09039788,0.006347273,-0.1962248,0.232241,0.3321903,-4.407819E-06,-0.06879225,-0.1302496,0.1787389,0.3736563,0.01215046,-0.6633604
-0.09918433,-0.1056716,0.1036701,0.2369903,-0.1065727,0.2855878,0.2195298,-0.5752559,-0.3965992,-0.3597783,-0.1284541,-0.1299044,0.03779608,-0.004412669,-0.1576083,0.000912032,0.05176619,0.3629492,0.5736222,-0.1567594,-0.1029349,0.4195697,-0.001033405,0.2288824,-0.09281124,-0.492613,0.005510747,-0.1469408,0.07172304,-0.04293025
-0.1060658,-0.4983979,-0.2480858,0.2788226,-0.3057736,-0.1266063,0.4584477,0.4324331,-0.4569936,0.1750222,0.2794733,0.0009881746,-0.00984011,0.7453612,0.166144,-0.4345894,0.8005479,0.04911827,-0.3704112,0.04583165,0.1803378,-0.5383725,-0.1584002,-0.4519951,0.01277526,0.3339775,0.07554154,-0.7934883,-0.3333324,0.1139218
-0.183459,0.0708892,0.3455338,0.09938885,-0.1464272,-0.3467726,-0.1679729,0.1108245,0.2586017,-0.1557461,-0.06603706,-0.03999168,0.1446668,0.3088415,-0.1907576,-0.05152913,0.3150108,0.4514704,-0.1718031,-0.1266126,-0.2004525,0.3769946,0.2150086,0.4263327,-0.01775294,0.2267773,-0.8291046,-0.3995471,0.00720357,-0.2007751
0.3574709,-0.01733485,0.2419446,0.2902194,0.2882238,0.02935109,0.1669609,0.001778543,0.0325967,-0.3277506,0.3654737,-0.125025,0.4646325,-0.422938,0.4699427,0.1152031,0.134314,-0.458905,-0.3034072,0.2549947,-0.2494468,-0.1377158,0.1163958,0.02010518,-0.003219387,0.6037236,-0.1197364,0.1965604,-0.1073771,0.393283
-0.03898623,-0.1588963,-0.2559922,0.2023997,-0.2807581,0.07223302,-0.03533098,0.4649878,-0.03819209,-0.01978535,-0.01671761,-0.001200057,0.05039811,0.3438632,0.0008423095,-0.3840679,0.07449013,-0.4297861,-0.2168389,0.2588513,-0.2980831,-0.4296702,0.06931152,-0.3367683,-0.01379472,-0.3064767,-0.4399026,-0.4113488,0.2739675,-0.4902456
-0.07477172,-0.2834679,0.3796083,0.1450081,-0.0431357,0.3615752,-0.01087324,-0.8833923,-0.691916,0.09500255,-0.1699864,0.909413,0.7846168,0.8043945,0.4041289,-0.7686766,-0.3370835,-0.01021902,-0.5413977,0.622009,-0.04375811,-0.4862786,0.02469967,0.4169461,0.07410973,-0.07685272,0.01464399,0.5020778,-0.001190974,0.07794827
-0.6162602,-0.08531063,0.3294466,0.02969425,-0.3365663,0.02177757,-0.2472354,0.8907643,-0.05781039,-0.3996814,-0.2087228,0.1652314,-0.09935042,0.2231208,0.004196859,0.3279885,-0.01754798,0.166549,-0.003069052,-0.01938075,-0.1907802,-0.1491892,-0.1055323,0.2559609,-0.001910314,0.09866891,0.07882005,0.6068147,0.1491618,-0.7294905
0.03071266,0.3508461,-0.2642046,-0.407933,-0.2399164,0.001374974,-0.00946128,-0.0996061,-0.3368089,-0.1325132,-0.2572434,0.3300492,-0.2008673,-0.2537589,0.4742681,-0.005956046,-0.0004540569,0.2308446,0.3716186,-0.1261948,0.1062202,-0.1547151,-0.5866064,-0.01131314,0.1225033,0.006003345,0.01843793,0.2819816,-1.238044,0.1443351
-0.1311199,-0.3083541,-0.3897153,-0.02916476,0.01585568,-0.1200267,-0.04260473,0.6801209,0.09417938,0.05389668,-0.3096684,-0.4231254,0.3297923,-0.4610945,-0.1776645,-0.03840647,0.3770549,0.3142023,0.06300408,0.2023502,-0.2791884,0.3962243,-0.07925753,-0.005620539,0.2479482,-0.01609164,0.8454724,0.1306663,-0.4302038,0.2527816
-0.5422024,0.2640927,0.4603462,0.1030412,-0.1095071,0.146628,-0.4330138,0.6660984,-0.2618718,-0.1917369,0.01734274,-0.0650143,-0.02913792,-0.1928661,0.456846,-0.4401659,0.3962949,0.007540052,0.5615101,-0.437287,0.02010878,-0.421221,-0.07602854,-0.4461131,-0.9107358,0.08379566,-0.06240676,-0.1436404,-0.7712202,0.2563353
;
-0.4993552,0.07224356,0.1589979,-0.09538096,0.002888334,0.149643,-0.008316523,-0.2598664,-0.3795756,-0.2222422,0.349937,0.003065605,0.02844682,0.08473911,0.05903476,0.0001557978,0.3730072,-0.09028208,-0.1254843,-0.5943381,0.1206402,0.4214231,-0.02825648,0.1846647,0.4632334,0.007566434,0.3391281,0.6768566,0.119738,-0.06770462
-0.5044937,0.05761033,-0.04167552,0.04746237,0.03589429,-0.0002772453,-0.3414583,0.2164821,0.0415842,0.2562481,-0.1834826,-0.4269273,-0.001336758,-0.06190878,0.1163829,0.008684454,0.1594754,0.1709242,0.3527082,0.4935849,0.1402724,-0.339341,0.1261096,-0.06382821,-0.2942109,0.4134481,-0.06112391,-0.4583629,1.140738,-0.09949106
0.2585207,0.4394703,0.2615637,-0.1962207,-0.09771843,-0.1941786,-0.002227069,-0.07854851,-0.2585683,0.1666517,0.1076514,-0.06648093,0.4700679,0.1645827,-0.4137276,-0.2805693,0.1304005,0.05210555,-0.0709143,-0.02517798,-0.2349449,-0.2422874,0.4390548,-0.46461,-0.01002592,-0.6336823,0.01320141,-0.1233516,-0.216034,-0.2595816
;
