-0.2408318
-0.08979429
-0.5112983
-0.4722266
0.0005453064
-0.03668147
-0.7021693
0.2403979
-0.7309061
0.4117987
;
-0.4625815,0.13221,0.01901852,-0.03029495,-0.8775046,-0.07203392,-0.05228628,0.004438106,0.07586371,-0.6753036
0.7434881,0.2425467,-0.7117726,-0.02268749,0.6296735,-0.2550722,-0.2899338,-0.4247181,0.1051283,-0.3874855
-0.4164208,0.539358,-0.1897277,0.3551356,0.3391943,-0.03414699,0.007111665,-0.12871,-0.322391,-0.007275045
0.7561182,-0.966322,-0.4507265,0.3500547,-0.06650678,-0.06345482,-2.732728E-06,0.01090613,0.01720196,-0.07552739
0.3649136,0.2800958,-0.8657816,-0.191031,-0.1307576,0.02982514,-0.2625939,0.3440689,-0.005793349,0.01536769
-0.002577687,0.4731559,0.2144605,-0.02827335,-0.4262282,0.07259204,-0.4114106,0.1316085,-0.06121793,-0.4567177
-0.2971008,-0.2928975,0.01353073,2.416561,0.3813541,-0.1589925,0.5245151,1.631998,-1.162377,-0.5988355
-0.5342199,-0.4519219,-0.04743239,0.02206012,-0.343758,0.06084722,-0.005012838,-0.01477812,0.04305252,0.06878692
-0.1463458,0.2407679,0.01062979,-0.2074404,-0.5289004,0.01082339,-1.710713,0.01229566,-0.2908482,-0.008107184
0.0004167219,-0.2026289,0.02326404,0.1050301,0.8105426,0.3176993,0.2363376,0.1454957,0.05783552,-0.2334682
;
6.222038E-05,0.02804179,0.04175944,0.1089664,-0.004309737,-0.2174204,0.4209524,0.2842733,0.2593996,-0.005125575
-2.482165E-08,-0.3345768,-0.3385642,0.03849727,-0.3937691,0.1578187,0.01342748,0.06946999,0.07261235,-0.0002676417
;
0.004746642
0.6838957
-0.04670446
-0.1243171
-0.300158
0.009522578
-0.0157137
-0.1788686
-0.0220471
-0.01129442
;
0.2341927,-0.09482653,-0.008040602,-0.5927919,-0.03641058,0.1371285,-0.5370362,-0.02795417,-0.03282209,-0.1184297
-0.2313214,-0.8114536,-0.003812023,0.1763619,-0.2036528,0.181388,-0.3703802,-0.3495566,-0.3768524,-0.4583282
0.0005406674,0.482153,-0.09001531,-0.03875401,0.4247942,-0.2799083,0.1741244,0.0696649,0.04275905,-0.6165453
-0.1910393,-0.3202204,-0.3525424,-0.07062993,-0.1761895,0.1070207,2.129235,-0.0004583736,0.199479,-0.0800312
-0.2317158,1.367825,1.888703,0.3027582,-0.09315009,0.4025357,-0.4628775,-0.1679487,-0.1393463,-0.2972729
-0.3452331,-0.2699749,-0.0008177952,-0.01859635,0.4281091,-0.1410751,-0.3748624,0.02964395,0.2315458,-0.4024047
-0.1008007,-0.1056668,-0.0002503623,0.0004598796,-0.9193686,0.487425,0.003180648,-0.1851185,1.114951,-0.173277
0.3924913,0.4691162,1.613674,0.2397487,-0.06908125,0.260501,-0.03936129,0.01736968,0.09987462,0.0004841277
-0.1067559,-0.3799615,0.3347161,0.01285191,0.09004463,0.3397975,-0.2869814,0.5017508,-0.7542758,0.003453168
-1.066212,0.5850159,-0.2585686,0.08481986,-0.4760153,-0.05048399,0.05609492,-0.2792634,0.4930517,-0.2973861
;
0.458043,0.3900133,0.006618941,0.05356842,0.0161795,-0.1964572,0.2103678,-0.007183027,0.01711606,0.01478095
0.3759274,-0.3421043,0.6883193,-0.2508209,0.1405391,0.2759027,0.01146991,0.3313207,0.2913741,-0.4373751
-0.3787723,0.004330406,-0.652166,0.1323339,-0.107899,0.1017824,-0.1305448,0.009919005,-0.08813936,-0.1951005
;
0.3702354
0.2871723
0.3134957
0.0009527701
1.081197E-07
0.2730401
-0.07145453
-0.7198682
0.02952576
-0.5322287
0.5587853
-0.006274371
-0.03228483
0.0001417634
0.0720759
-0.001649439
0.094915
-0.1380748
-0.1074573
-0.03806299
-0.8651359
0.03173766
-0.1814732
0.4256394
0.2387949
-0.0546699
0.5631481
-0.1666521
-0.3313899
0.05325645
;
-0.2485951,0.4641533,-0.5758523,-0.1578794,-0.1274558,0.284157,0.005263986,-0.04116558,-0.4233202,0.4166786,-0.00962481,-0.2079279,-0.5209056,0.1724694,-0.9455535,0.1666968,0.02240856,-0.04533146,0.3136767,0.5516236,0.01073518,-0.06444257,0.1170307,-0.1780585,0.01080384,-0.07687825,-0.3745726,0.007180624,0.08485276,-0.7005067
0.4512394,-0.08424208,0.7182391,0.07877702,0.006175975,-0.2988229,-0.1739021,-0.02480753,0.2259697,0.03066569,0.1486248,-0.1752152,-0.0577123,0.01771729,-0.01294843,0.03579367,-0.3989345,0.1562709,0.4977114,0.3215306,-0.2804229,-0.3570731,0.01366654,0.1015561,-0.03123765,-0.08452626,0.269492,0.06064177,-0.006083061,0.06396974
0.497545,0.08539373,0.3586441,0.3252748,-0.007850792,-0.3343804,0.1453636,-0.1242489,-0.02154858,0.04640988,-0.1904729,-0.2676378,0.2157039,0.3516609,0.2575984,0.1673426,0.04227319,0.4795766,-0.4395555,0.2431154,-0.003588933,-0.1142762,-0.0887507,-0.04052427,-0.08711201,-0.3842328,0.395485,-0.2511508,-0.3101599,-0.3844457
-0.1419357,-0.2462865,-0.3957117,-0.1321529,0.03663811,-0.4977584,0.860379,2.276438,-0.08382399,0.4665632,-0.1906922,-0.02752944,0.02678024,-0.1211317,-0.03703938,-0.4002676,0.1595095,0.05027546,-0.5690987,-0.2960548,-0.2687857,-0.05776948,0.03324788,0.3756272,-0.0380882,-0.003879506,0.3028169,-0.1993386,-0.4439452,0.350364
0.008548993,0.3252631,0.02726627,0.0003705523,0.4406472,0.0004073639,0.2962259,-0.03031581,0.0928497,-0.3200156,0.3165051,0.2114102,-0.3645508,0.2966949,0.0146638,0.0009740824,0.04623436,0.1260414,0.3918017,-0.09183828,0.05185694,-0.002134445,-0.1770249,-0.03711751,0.4456921,-0.2718372,0.1916476,0.2625081,0.1186418,-0.002621515
-0.03228849,-0.005256116,-0.1109215,0.1679909,-0.4409355,0.1528684,-0.2746161,0.07346062,0.2096868,-0.2328935,0.002998173,1.510728,-0.04406253,-0.1002485,-0.7188675,0.1374884,-0.300491,-0.09167501,0.08750507,-0.2126283,-0.4559605,0.05369288,0.2822313,-0.7506937,-0.3083141,-0.1060764,-0.103932,0.04172736,-0.1250632,-0.04557106
0.1316817,-0.08905283,-0.06467809,0.007315082,-0.1836624,0.4013941,-0.1988658,-0.001897366,0.2517166,0.2796161,0.4669645,0.4350015,0.1493595,0.1714821,-0.4123464,0.2367612,-0.1731383,-0.4239211,0.1268069,-0.4283351,0.4641643,0.1166014,-0.3490779,-0.09218286,-0.215618,-0.1730161,-0.04581341,0.4694493,-0.1101285,-0.004244911
-0.3920393,0.07372431,0.4808434,-0.4357183,-0.2291424,-0.1142346,0.2349681,-0.2947334,0.4531416,-0.1366945,-0.1198266,0.4833431,-0.3356806,-0.01234092,-0.08492047,-0.3350208,0.6487959,-0.05351052,0.01162812,0.04844727,-0.6432279,-0.2231558,0.3452085,0.001090211,0.03558476,-0.1742592,-0.01729061,-0.1363984,-0.1052745,-0.06825469
-0.4467383,0.2535627,0.3494679,0.7516925,-0.2664655,0.06158254,0.250214,-0.2536249,0.05900479,0.003947464,-0.1597657,0.04738589,0.09148551,0.06141946,0.6192023,-0.3797706,0.6974875,-0.03244,0.01291355,0.5909178,-0.282113,0.2222687,0.6205443,-0.099694,-0.1073771,-0.04978266,0.2427711,-0.3262123,0.04964404,-0.4693603
-0.3584627,0.01835934,-0.8182961,0.04946868,0.0196544,0.4812267,0.005164003,0.2593461,-1.345058E-05,0.3323429,0.3413165,0.2106398,0.002655626,-0.06955153,0.3327828,-0.03121116,0.3186556,-0.08227628,-0.06721526,-0.09813794,0.2299942,-0.1364442,0.0019483,0.1081833,-0.01835376,-0.03176261,0.01690005,-0.2446093,-0.008904563,-0.2138191
-0.02171041,0.07932148,-0.5973156,0.3161484,-0.116936,-0.0243668,-0.002951127,0.4166663,-0.40764,1.038848,0.4179649,0.07885102,-0.393217,0.03048423,-0.001864619,-0.1957625,-0.05522241,0.01071456,0.1834902,-0.02131945,-0.1316086,-0.1239616,-0.03872794,0.02369848,-0.1463187,-0.2882382,-0.0656888,0.0631941,0.4959015,-0.007471513
0.0775313,0.0005814686,-0.7412128,-0.1943536,0.2515154,-0.04235912,0.01035872,0.03072196,0.2131747,0.03143396,0.1026262,0.07491814,-0.001357948,0.05550183,0.01248742,0.4140688,0.2461637,0.4346124,0.1989305,-0.2118217,0.05848998,0.5889698,-0.2137667,-0.2767545,0.4460998,0.003594252,0.3559057,0.006928647,-0.03888673,0.3884192
1.043009,0.3489399,-0.4704483,-0.06566508,-0.2251933,0.4281538,0.1004471,-0.2103056,0.387906,0.09578222,-0.1227071,-0.3368529,0.0001809001,0.06005369,-0.006916462,0.04892686,-0.8137652,-0.1746994,0.3817881,-0.002354406,0.2987392,0.06789604,0.4358951,-0.4103703,-0.1733286,-0.0008327995,-0.1926354,-0.2546053,-0.2047532,-0.2217773
-0.3109989,0.02834016,-0.01959286,-0.2575991,-0.6940476,0.002219805,0.1688118,0.3097271,0.0009173998,0.9269645,-0.0009313179,-0.09821745,0.004305184,0.2065735,-0.0001852843,-5.874534E-05,0.06814498,0.2164731,0.08676444,0.4816813,0.2984829,1.458801,0.4415435,0.1427127,-0.01526573,-0.0591828,-0.05080541,0.6653244,0.1642695,-0.05705159
-0.4414603,-0.4967365,0.009100878,0.003367353,-0.1108567,0.2045867,0.2850287,-0.1701263,-0.233584,-0.03688835,0.05557156,0.3189059,0.3229519,0.02872204,0.3856973,0.04520312,-0.002953159,-0.1752097,-0.2194521,0.1890222,2.682579E-05,-0.06750764,0.02036768,-0.04920099,0.4678564,0.3654795,-0.1445529,-0.5529687,-0.1611404,0.002149848
0.009243169,-0.1803697,0.01546939,0.0974163,0.1484608,-0.3505096,0.0383784,0.3031648,-0.6080214,-0.1132651,-0.03673823,0.4501535,0.3578327,-0.09469527,-0.1615904,0.002403677,-0.2498212,0.4343624,0.07808566,-0.08285031,-0.2521399,-0.3668504,0.01507248,-0.1233549,0.1918239,-0.06782174,-0.4040907,0.2637479,0.22596,0.04605731
0.6980847,-0.1581962,-0.01483108,0.2522388,0.2536417,0.01671035,0.08676139,0.02630155,-0.01105186,0.4073403,-0.9592066,0.2854795,0.08154911,-0.3293692,-0.3438352,-0.01138513,-0.01067034,0.1474228,-0.3697299,0.4741033,1.589684,-0.449856,0.01716461,-0.3103259,-0.0005146366,0.7307824,-1.456763,0.3180157,0.198439,0.09371501
0.04301527,0.2109381,0.4026706,-0.7348279,0.04342836,-0.6940985,-0.7787682,-0.009980117,0.01645561,0.385891,-0.03651483,-0.003285223,0.421195,-0.001780436,0.06147152,-0.1516039,-1.04391,-0.05125099,-0.3926316,-0.06111209,0.4971878,0.2517757,0.4423214,0.1031769,0.03186124,-0.3800825,-0.4632653,0.04115938,0.380778,-0.5162405
-0.2041342,0.5398718,-0.2118414,-0.100675,0.05102478,0.01688156,-0.0240891,-0.06197673,-0.2007922,-0.2297518,0.1792182,0.1233346,0.03419664,0.07164794,-0.0009426692,-0.03216479,-0.258606,0.5553497,0.4127898,0.0953196,0.4195472,0.1916591,0.01079245,0.0661261,0.04145042,-0.4005972,0.001481222,-0.4792153,-0.3160939,0.05323603
-0.2191431,-0.6729463,0.01185348,-0.811175,-0.0002728628,0.3692665,-5.396912E-05,0.1551137,-0.2347205,0.08987289,0.01082995,0.1949957,-0.3593487,0.05238388,1.183974,0.052359,-0.08003347,-0.4190803,-0.002051796,0.02549732,-0.2169403,-0.1140326,-0.3320003,0.1024162,-0.2306736,0.1156445,0.0304274,0.4145575,0.2699257,0.1659545
1.047877,-0.482484,-0.3244733,0.06724589,0.4849734,-0.07151078,0.1323431,-0.4901961,0.3032162,-0.4412113,0.2904673,-0.1914746,0.09287447,0.2744223,-0.4936504,-0.04167394,0.2300765,0.06360191,0.03012055,-0.3688273,-0.01476177,-0.05106413,-0.2652186,-0.1562049,-0.03356797,0.07826382,-0.07950195,0.1492364,-0.002277487,0.07468802
0.2446586,-0.006145149,-0.001636583,0.2940013,0.3672816,0.4903946,0.4979945,-0.3735074,0.03256148,-0.3646243,0.1618119,-0.0009747659,0.00420342,0.3068393,0.2907777,0.3925231,0.02118719,-1.369364,0.425727,0.1127765,-0.2536175,0.01249025,0.04382378,-0.471177,-0.001853102,-0.7468044,0.2108425,0.0524102,-0.4549426,0.8646246
-0.4407064,-0.7871931,0.3926324,0.1021142,-1.200158,0.5213854,-0.3111396,0.401987,0.2283131,0.03252274,0.3914274,0.2683476,-0.4772288,-0.4442645,-0.3767224,-0.1321608,0.312823,-0.003291823,0.1257658,-0.2447398,-0.393791,-0.1459951,0.001907647,0.5223832,-0.2167262,-0.05974108,0.1963254,-0.4743508,-0.08845132,-0.02796243
0.2355862,-0.005685529,-0.2610855,-0.4868506,0.08321244,0.01653589,0.1813085,0.04896982,-0.01577075,0.4121596,0.01024778,0.273998,0.00994784,-0.9510292,-0.0948437,0.1031737,0.5964419,0.02186556,0.3830065,-0.4664797,-0.04985775,-0.006512451,-0.06046307,0.01985858,-0.05682369,-0.06159876,-0.004167287,-0.003854261,0.108507,-0.3078967
0.005215506,-0.2107948,0.6793838,0.1292052,-0.3066652,0.2242365,-0.040404,0.4951631,3.46595E-05,0.4972733,-0.01299542,-0.08333838,-0.2782236,-0.1503064,0.4690379,0.03115555,-0.377663,0.02853426,-0.4272159,-0.19977,-0.06260628,-0.01089925,-0.006414196,-0.2228588,0.4396116,-0.05604523,-0.1462883,-0.02251887,-0.07290424,-0.001703498
9.342458E-05,-0.4260079,0.324531,-0.2694377,0.3761765,0.02288672,0.1014527,0.072338,0.2237928,0.2956661,-0.0002582906,-0.01024145,0.0004228606,23.87787,0.6751934,0.2365479,0.4070465,-0.02742118,-0.4303249,0.09080881,-0.2604101,-0.251127,-0.4618267,0.2273237,-0.009790548,0.6079712,-0.1666148,-0.1902774,0.6119844,-0.2573152
-0.3618162,-0.4911516,0.1890555,0.008436278,0.02407187,0.005353002,-0.06931348,0.1274447,-0.4461538,0.4657035,-0.04597704,-0.222468,-0.3483034,0.07946616,0.1246105,-0.0005540234,0.004042949,0.02899608,-0.007659733,0.0302108,0.01170798,0.3440193,-0.09402531,0.2829019,0.2912134,0.1962575,0.3245232,0.07038993,-0.3305731,-0.3862784
-0.6789048,0.08047968,0.01626035,0.3291621,0.4177856,0.1558143,0.0588613,-0.4432704,0.2951726,0.09610483,-0.07311308,0.1093431,-0.05759558,0.02684397,9.064873E-06,0.3927405,-0.07515794,0.06791995,-0.006416078,-0.2514933,0.0009459541,0.5569539,-0.07361192,0.02195235,0.1145814,-0.2726361,-0.3556992,0.181138,0.02027761,-0.1793695
0.1113371,-0.3241352,-0.0491624,-0.0002598554,-0.2934597,0.03207524,0.02247797,-0.8137205,-0.2250566,0.4872838,-5.571177E-05,-0.07793999,0.2557222,-0.003946501,-0.4170609,-0.6851168,-0.2355298,-0.3742301,-0.2743784,0.03619907,-0.02849553,-0.06677908,-0.05126093,-0.2192526,0.1217121,-0.01095365,-0.1863176,-0.1149717,0.426442,-0.2850127
0.5706972,0.3561392,-0.2946876,0.001299301,0.05670696,-0.024117,0.1099704,0.1108362,0.03179555,0.4857407,-0.01017958,0.7567112,-0.4096558,0.4617643,-0.006691129,-0.08864063,-0.4035903,-0.06095022,0.104142,-0.05778951,0.3336645,-0.1415782,0.01312582,-0.3825901,-0.4498475,-0.3374851,-0.08493614,-0.009503197,0.1592425,-0.06584928
;
0.5053833,1.098496,0.4876109,0.04932362,0.2505786,0.2672931,0.7075639,0.2448734,0.4820611,0.1083689,-0.1489858,0.3049287,0.2445431,0.02271543,-0.08602221,-0.09459872,0.03733796,-0.435908,0.214412,-0.2676816,-0.0003663616,0.1167263,-0.3128719,0.08250187,-0.02678878,0.1885963,-0.08275742,0.01886932,-0.0300156,0.2281121
-0.1767551,0.06553949,-0.2068527,0.05378824,0.1392996,-0.00248455,-0.2761048,-0.02496589,0.4680674,0.1725577,-0.05110354,0.06416704,-0.4566737,-0.02705265,-0.09313601,0.01803796,-0.06898415,0.162157,-0.05319694,-0.461552,-0.4424889,0.003610302,-0.3169683,-0.2112843,-0.5512775,0.04023639,0.1922836,0.192,0.1892741,0.1941262
-0.09901149,-0.1556527,0.1696408,0.6590934,-0.2448532,-0.1998978,0.2122069,-0.4356008,-0.1945537,0.06893128,0.2699284,0.5303994,-0.5658773,-0.3120537,0.2456844,-0.07497574,0.4327716,0.3655753,-0.2392316,0.2562936,0.3634559,-0.6340619,0.3399018,0.1903073,0.07880069,0.07388455,0.1838302,-0.06586877,0.5601048,0.1610998
;
