-0.4236188
0.09081608
0.1631645
0.04238845
-0.1302358
0.1843282
-0.2262526
-0.07133359
0.1770627
0.05331105
;
0.001153143,-0.3210014,0.0308858,0.0002678421,-5.175396E-05,0.04273374,-0.4714909,0.0224767,-0.01903169,0.1422369
0.09750608,0.4087348,-0.1171229,-0.01165277,0.004786707,0.07947563,0.2132618,0.3672295,-0.00107187,0.7925569
0.01013191,-0.08250386,0.005398158,0.3085312,-0.3894259,-0.05314456,-0.1486913,-0.06471565,-0.03113815,-0.04629796
-0.1917018,0.0002116854,-0.255345,-0.002908823,0.09668513,-0.4111896,0.4239194,-0.03548497,0.3353747,-0.4550873
-0.2179238,0.008946067,-0.2088286,0.08242683,-0.1507161,0.1402285,0.2322938,-0.001411622,-0.009739361,-0.5092753
-0.2963536,-0.3494899,0.1507312,-0.5920989,-0.01619726,0.4270529,0.004346923,0.005192853,-0.09955043,-0.7394944
-0.3914915,-0.03330278,-0.2314931,-0.4160517,-0.3216541,-0.04926057,1.963901,-1.086955,0.1513512,-0.02565907
-0.2814363,0.1107774,-0.2957699,-0.04545214,-0.2004504,0.09431106,-0.3440094,0.4079807,-0.08704372,-0.4995725
1.010475,-0.06275132,0.05354453,-0.8117692,0.1575258,0.04933828,-0.2230287,-0.1823654,0.125223,-0.6331905
-0.0222477,0.3449407,-0.1809736,-0.02190715,-0.1052063,-0.1667177,0.1496755,0.400498,-0.2554654,-0.4958079
;
-0.05665192,0.1101272,0.2739196,0.3718646,-0.5394126,0.008231883,0.01395996,-0.009346556,0.6688443,0.0847411
-0.08741066,0.132822,-0.2493486,0.1040476,-0.294557,-0.02920482,-0.2069442,-0.161316,0.1597833,0.00606662
-0.05897635,-0.005899769,0.3133549,0.4861911,-0.0601272,0.2602799,0.09943419,-0.01538935,-0.7158275,-0.1764749
;
