0.1712899
-0.1112527
-0.1000709
-0.1712874
0.01781771
0.1109261
-0.6103099
0.02409118
0.06818701
0.6487693
;
0.2161852,-0.3877386,-0.07603553,0.08545727,-0.4165121,-0.4728628,0.1668964,-0.004520339,-0.3593072,0.07799033
-0.1081981,0.306394,-0.08960754,-0.1199889,0.2366186,-0.008276403,0.01218649,0.2507384,-0.01387806,-0.02730895
0.001565091,-0.09872265,-0.4331544,0.1993884,-0.1201484,0.639544,-1.304539E-07,0.4931829,0.4873083,-0.3923104
-0.7042783,0.414582,2.20674E-05,-0.1889242,0.5768973,-0.143788,-0.009728492,-0.2496503,0.2484144,-0.01857259
-0.01638199,0.0412663,-0.5408323,-0.08479589,-0.1897647,0.03459391,0.0003264666,0.0373252,-0.05474042,0.3095608
0.01348853,0.02930999,-0.03391725,-0.336491,-1.128442,0.03285773,0.4097363,-0.08618671,-0.4038347,-0.3205993
0.101301,-0.002861463,0.4231462,0.07548922,-0.03512329,-0.009359787,1.212466,0.6576082,0.0593149,0.1686542
0.1897656,-0.2280284,-0.1633667,0.4829797,0.0003425617,0.04186916,0.4544851,-0.03916143,0.001391285,-0.4829618
0.03059334,-0.6645225,-0.1300797,0.6622214,0.3027557,-0.7664073,-1.809235,-0.02114373,0.7323411,-0.4084513
0.0296787,-0.04935331,0.07117663,-0.1924707,0.8105426,0.05264207,0.4852052,-0.6136603,-0.02048212,0.1731004
;
-0.07043597,0.06341902,0.1553818,-0.002588128,0.2461841,-0.1500559,-0.1378838,0.419081,-0.2018371,-0.0063124
-5.339963E-07,-0.01831931,-0.08134414,-0.2675471,-0.4360369,-0.007804445,-0.4866339,0.04551858,0.02363188,-0.3851556
;
-0.004746642
0.02048691
-0.04670446
-0.02076285
-0.02945928
-0.005479656
0.375746
0.04198097
-0.005454213
0.2487988
;
-0.3204248,-0.2536004,0.2371489,-0.1556091,-0.09285594,0.03381277,-0.04932076,0.6831135,-0.2550658,-0.03927322
-0.4250239,-0.217213,-0.4189287,-0.08618157,0.0001572825,0.4308569,-0.4151297,0.2556338,0.2806685,0.430636
0.1770124,0.1794742,-0.03422433,-0.003478477,-0.2789139,-0.7048926,0.1381516,0.3828393,0.1250933,-0.4011201
-0.1910393,0.006869629,-1.456711,0.449478,-0.3557162,0.01624859,0.1892623,0.003499982,0.01964701,-0.409053
-0.1599863,0.09007816,-0.6791133,-0.002653786,-0.0843484,-0.1676819,0.01084342,0.1059412,0.2737648,0.8379901
-0.3101789,-0.06069181,0.1365308,0.8514054,2.510521,-0.1175019,-0.03899927,-0.2694843,-0.1408347,-0.5417959
-0.07776937,0.2868733,0.420408,0.0005659987,-0.2293203,0.1398715,0.3318588,-0.2748687,-0.2415315,0.1118679
-0.01801151,0.01116327,-0.2661418,0.09221745,-0.1178827,-0.3526026,0.1938085,-0.01429859,-0.02297098,-0.3521016
-0.3444665,-1.270416,0.001960256,0.006794754,0.01660365,0.3074321,-0.1851333,-0.1262393,0.3778188,-0.006682219
0.357399,0.3593626,0.06294589,-0.3009231,-0.1487066,-0.2778818,0.2903102,0.3961878,-0.8689679,0.2275051
;
-0.1067806,0.2157235,-0.01372445,-0.1688786,-0.4363644,0.2654352,0.5893151,0.2919086,0.01159491,0.1517684
0.007838482,-0.1842737,-0.02672218,0.6290991,-0.09616047,0.1930492,0.01146991,-0.02030649,-0.09328884,-0.03084077
-0.247989,0.1604432,0.04753932,0.02229233,2.33687E-06,0.003160894,-0.06380741,0.0475301,-0.5817496,-1.806143
;
0.05006806
-0.02382948
0.008191767
-0.04199632
-0.02347657
-0.003565119
-0.03591878
-0.1106755
-0.5724159
-0.01422782
0.2229295
0.3465663
-0.2404891
-0.1483864
-0.1881799
0.6027541
0.0430191
-0.4840355
-0.413304
-0.07640763
0.2386829
0.001777526
0.3548776
0.2685614
-0.35788
0.3372146
-0.1393412
0.4569339
-0.02299851
-0.2407788
;
0.08441859,0.2556545,0.8981969,-0.4569587,0.04628038,0.1797453,-0.0225334,-0.3151217,0.2427727,-0.9013571,-0.2293609,-0.4337075,-0.1205512,0.376318,-0.4680929,-0.3563976,-0.005209478,-0.3201361,0.2632174,-0.3694431,-0.1966382,-0.007431522,-2.760765,0.01765472,-0.0743276,-0.01098484,-0.09020821,0.4015795,0.2808353,0.3926973
-0.2370428,0.2790789,-0.4938959,-0.07838837,-0.3758196,0.1556762,-0.610432,-0.05369956,-0.4335052,-0.02658099,-0.4847649,-0.2132346,0.1997949,-0.2992235,0.102137,-0.1479521,0.1298402,-0.1344887,0.0163975,0.4951364,-0.143785,0.04067924,-0.2217496,0.4733588,0.4607038,-0.09039786,-0.07945675,0.06195268,-0.004879773,0.2174142
-0.3107476,0.4545543,-0.0005167052,0.4827991,-0.05497221,0.5667036,0.6888971,0.2529651,-0.3696206,-0.5988037,-0.5300869,-0.4810044,0.365577,-0.4499192,-0.730122,0.4149365,0.4176731,0.04554155,-0.1183812,0.4109358,-0.00133264,-0.415095,0.03180756,0.0443309,0.4088213,0.4306279,-0.1094967,-0.02987573,-0.3409014,0.001787186
0.0663713,0.1508816,0.0965038,0.04580494,-0.01286035,0.1971678,0.1421988,-0.07873744,0.04651501,0.04490823,0.08045579,-0.1634977,0.3157132,-0.01330131,-0.4126189,-0.3219572,-0.06123859,0.2369125,0.1838341,-0.3566879,0.464306,-0.1350929,0.6301443,0.067662,0.4072791,0.4773549,-0.1638935,0.496974,-0.05432159,0.3640773
-0.3578179,0.4652318,0.01035458,-0.0150066,-0.3311712,-0.361518,0.4462992,-0.4638612,-3.841672,-0.3533682,-0.2235864,0.00663694,-0.4995631,-0.09272781,0.03785896,0.05749221,0.0411447,-0.02429358,0.1039316,0.008337556,-0.4411708,-0.03969492,-0.01818782,0.409445,0.3893322,0.2803347,0.00560474,0.4524314,0.04508885,0.01667332
0.09010922,-0.4076386,0.004568636,-0.495216,0.2146827,0.3337232,0.02091282,0.1139743,0.2364184,0.06116134,-0.513218,-0.5489684,0.09265257,0.02263635,0.4950156,-0.1023696,0.3995296,-0.01654752,0.06678009,0.9601014,-0.2387668,-0.1406671,0.02212045,-0.3181426,-0.3538182,-0.3142394,0.2771299,0.03056413,-0.2936653,-0.1564353
0.1303069,0.4155302,-0.001227699,-0.003441184,0.5884576,-0.2261371,0.1634911,-0.1679675,0.2767885,0.1595658,1.381602,-0.4025948,-0.2466951,0.1680756,-0.4368335,-0.08465952,0.2989534,0.01808863,-0.1623286,0.02180507,0.002101024,-0.4668614,0.1707332,-0.4287609,-0.1116613,0.4643929,-0.1555341,-0.2003692,-0.5234506,-0.473388
0.1131545,-0.006886241,-0.002202571,0.0113506,0.4482928,-0.003819168,-0.3764786,-0.3462203,-0.1143474,0.1258825,-0.5238093,-0.08837265,-0.1471533,0.1650735,0.5634611,-0.8434486,0.2351149,-0.1125694,-0.7585974,0.3952645,-0.123844,0.184648,0.005409992,0.04752652,-0.0006166144,0.001736136,-0.02514012,-0.04801936,-0.1998943,-0.05742437
0.1406197,0.03792018,0.06637126,0.432556,-0.001311115,0.01565752,-0.2854508,0.4406705,-0.282903,-0.06174033,-0.189589,0.2447892,0.3505725,0.2485902,-0.0008172599,1.35664,-0.07216062,-0.2164297,0.04061138,0.3903002,0.2762204,0.001654112,0.3104721,-0.06201409,0.01404963,0.2972413,-0.8583376,-0.003775587,-0.3811592,-0.2395286
0.8550563,0.1870098,0.1448822,0.6367775,-0.1201068,0.1772358,-0.4962864,0.1471784,0.4846587,0.04579873,1.026301,4.862293E-05,0.2157821,0.06850223,0.0565117,-0.494642,0.06702513,0.1070632,-0.003303118,-0.2536258,-0.1337401,-0.07162625,0.2981407,-0.2126292,-0.04285691,0.03211515,-0.5505663,0.6202987,0.2034051,-0.07629136
-0.09539956,-0.3137521,-0.2466283,-0.02353325,0.2170533,0.3082185,0.2211694,0.1997066,0.01102056,0.001523451,-0.8708669,-0.370611,0.198745,0.1190466,-0.06800725,0.006011474,0.1838724,0.2159216,0.4190167,0.0049998,0.6464211,0.2252893,0.2193199,-0.006916591,0.02305282,0.02402988,0.02379694,0.1743329,0.1509774,-0.419625
-0.4991669,0.08892389,-0.1949985,0.1674998,0.5611643,-0.1263333,-0.4500031,0.005293779,-0.3236867,-0.04282211,0.3006538,0.1410545,-0.04711475,-0.03647755,0.4057703,0.02690773,-0.4835089,0.4033051,-0.9956775,-0.3097138,0.1958029,-0.3536144,-0.2359801,-0.1240038,0.2776105,0.4829865,-0.3431591,-0.06641236,0.4591638,-0.0330116
0.2705184,0.6484066,-0.3123353,-0.1334619,-0.3310853,-0.2105688,0.002470276,0.0005830879,-0.3429984,-0.5622067,0.0004610636,-0.195266,0.6082283,-3.471177E-05,-0.6404749,-0.003179102,-0.0561977,-0.4999951,-0.02595606,-0.4804924,-0.6945643,0.177737,0.168582,0.004599988,0.02215601,0.0006748938,0.01111529,-0.6772966,-0.4688537,0.1901093
-0.8082251,0.1447081,0.1502019,-0.1146579,-0.03144279,-0.2724144,-0.07477311,-0.0219168,0.2713462,0.5546156,1.019221,-0.01481552,0.01017842,1.038893,0.1835422,0.02503196,-0.2187091,0.7068251,0.3608049,-0.01586293,-0.02051824,0.009345949,0.7907192,0.2171903,-0.1317428,-0.130057,-0.03472509,-0.4381059,0.1139485,0.3079201
0.02388484,0.03134814,0.9232072,-0.06843822,0.06510307,0.109331,0.01395827,0.05386327,-0.4104275,0.211805,0.3628328,-0.6193867,0.08461732,0.02444325,0.2104252,0.05792671,-0.1801522,0.003586716,-0.2792003,0.4685545,0.2056537,0.3155119,-0.01733098,0.01634923,0.2511805,0.05281174,-0.04985255,-0.02754974,0.2664027,-0.02309877
0.1490671,-0.474371,-0.1855137,0.5190311,0.1258747,-0.7071438,-0.02002661,-0.07751736,-0.03655061,-0.02544097,-0.263783,0.1250158,-0.00193633,0.0001141838,-0.03980654,-0.2559808,0.02957481,0.008055753,-0.01401561,0.4106174,0.4165103,0.009907141,0.04045669,0.01300169,-0.1982995,0.02225665,-1.079988E-06,-0.4963874,-0.4944184,-0.1776409
-0.05921608,0.3849209,-0.2553942,0.2395964,0.01761574,-0.1277611,-0.03699537,-0.2048026,-0.1061305,0.002484869,-0.2093496,0.01527187,0.000164699,0.6230193,0.1703953,0.03617153,-0.003837562,0.025947,-0.1246558,0.1143838,-0.0004714409,0.1512469,0.08427023,-0.3720984,-0.1886579,-0.4152459,-0.1636719,-0.412826,-0.3481683,-0.4578254
-0.0620808,0.1012306,-0.0586313,-0.2417718,-0.6282868,0.2859002,0.009382478,-0.04967708,-0.07978123,-0.4644334,-0.399718,-0.1265424,-0.003469741,0.01336888,-0.05625409,-0.2927214,0.02576884,0.05925154,0.0399974,-0.476316,0.004200303,0.08551687,0.0326035,-0.2160444,-0.2513472,3.802634,0.3057449,0.04227489,0.01123561,-0.3013468
-0.1776088,-0.006928358,-0.0980664,0.06604683,-0.302812,0.1886378,0.8563093,-0.2167965,0.2763491,-0.02344733,0.4359441,0.1256088,-0.03234678,-0.01105337,-0.2533578,0.9040793,0.06273079,0.4056542,-0.01655813,-0.007201703,-0.06205219,-0.0004346865,0.1192114,-0.09502771,0.4902369,0.09614345,0.3262852,-0.4484838,-0.4759736,-0.0006113001
0.2697423,-0.4987967,0.1404077,-0.03778533,-1.305312,0.168257,-0.1838831,-0.1231405,0.4723709,0.414427,-0.02947873,-0.2612156,0.06222178,-0.165009,-0.002197453,-0.3295991,0.4522552,0.4393225,-1.137345,0.0002777656,0.4237889,-0.103626,0.3066458,0.4384689,-0.1311144,-0.4474638,0.1816402,-0.02064654,0.2950584,0.2351733
-0.0847325,-0.02236884,0.01138433,0.07605968,0.04741509,-0.7287803,-1.305362,0.01169209,0.4143722,-0.1720096,0.005343315,-0.0644265,0.1142181,-0.01449658,-0.5167009,0.01901725,0.3886425,-0.3746634,-0.07353121,-0.02908057,-1.664555,-0.02476332,0.3532958,-0.006992971,0.2298342,0.2564245,0.2351332,-0.4166859,-0.1630609,0.4943449
0.0214756,0.1472702,-0.07381155,-0.306477,0.04948285,-0.1174637,-1.115202,0.06844693,-0.002492964,-0.003031313,-0.004506077,0.4195534,-0.01277651,0.0002255049,0.3692403,0.00158418,-1.253311,0.467728,0.4504284,-0.01845943,0.002593268,-0.01176253,-0.03380385,0.07952851,0.006144027,-0.02794617,0.07012115,0.227045,0.3523149,0.3387088
0.01578862,-0.3232392,0.02058305,-0.225612,-0.1522167,-0.1295024,-0.4706062,-0.005594764,0.2180644,-0.3362705,-0.001117951,0.3515742,2.971983,0.7313141,-0.05403832,0.3230588,-0.406654,0.1770335,0.2803642,0.1106876,-0.3122442,0.04933423,-0.3099492,0.2451079,-0.08064313,0.3381549,0.5796922,0.9998834,0.1334765,0.49124
-0.04078406,-0.05049254,0.2283001,-0.09030217,-0.3508174,0.4983328,-0.1440655,0.00848863,0.1651442,-0.02060039,0.0007326745,-0.1274271,-0.0003460178,0.1811586,0.5336107,0.05139142,0.3420386,0.2388495,-0.4949007,0.04129606,-0.009601558,-0.01911579,0.01787607,-0.02307536,-0.7285665,0.05575219,-0.2037329,0.4963312,0.0410984,0.3295553
-0.3163674,0.008473108,0.3895308,-0.4296225,2.713384E-05,0.5608376,0.2702823,0.08504485,0.0005429347,0.06432667,0.008480525,0.0972155,0.135257,-0.1579558,-0.7067047,-0.3598746,0.04990311,0.05262333,-0.4367214,0.004815063,0.07725616,-0.1592405,-0.3766835,-0.08495778,-1.458441,1.665369,0.2299167,0.02354095,0.4228979,-0.4149179
-0.2016312,0.007910356,-0.4577315,0.2723779,-9.997864E-05,-0.3872578,-0.3538443,-0.09048229,-0.09632534,-0.2003747,0.01017088,-0.3733898,-0.05732304,-0.449313,-0.04712039,-0.03542284,-0.400368,-0.3255246,-0.06331159,0.01482041,-0.780951,-0.1838142,0.3927615,-0.09644037,0.08637315,0.3432333,-0.08625704,0.00191492,-0.0001338682,-0.1827608
-0.1110763,0.05173498,0.02208528,0.9704618,-0.01860055,-0.1016905,-0.1500426,-0.00734812,-0.01928595,0.04480504,-0.2056558,0.1003775,-0.437199,-0.04473081,0.6933439,-0.07982735,0.2398085,0.3651479,0.005627573,-0.6919708,-0.0765335,-0.04244374,0.1203558,0.3951743,0.1092089,0.3076273,-0.03528219,0.2381915,-0.08930019,-0.1231139
0.5582958,0.3228757,0.2409576,0.02393537,-0.4640076,0.03880562,-0.141673,-0.2106507,0.4504434,-0.009608714,0.2381679,-0.06326872,-0.6217065,-0.4599748,-0.4295854,-0.4184694,-0.003589332,0.6006287,-0.504333,-0.006331793,0.001628575,-0.6131194,-0.2280539,-3.659954,0.03103249,0.06398484,0.5862449,-0.08807016,0.1020926,0.1186017
0.3716374,0.4159389,0.1282807,0.1489159,0.2525693,0.2921373,0.434553,0.369188,0.3290327,-0.2213805,0.4414253,0.6469455,0.0005189977,0.03922147,-0.2533797,-0.3854498,-0.4549111,-0.2445407,-0.4268533,0.4349523,-0.3847603,0.2077498,-0.3748342,-0.01974574,0.09107009,-0.2289562,0.3643926,0.04380418,0.01858065,0.001640497
0.3401465,-9.063479E-05,0.0133601,-0.2577351,0.02586352,0.2215122,-0.319492,0.07179671,-0.4291131,0.06248931,0.001528645,0.08325844,0.000871576,-0.3871502,-0.3744944,0.0250956,0.02687317,0.0576184,0.01336295,0.02635622,0.764993,-0.2891423,-0.2361966,1.680154,-0.258864,0.009802476,0.3997897,0.02632695,-0.9886206,-0.2891405
;
-0.5920615,0.03957432,0.373598,0.3173356,-0.02628902,0.003309502,-3.610433,0.003122151,-0.506052,0.5529125,-0.02728586,-0.02830283,-0.4885608,0.2230375,0.1587596,0.2102594,-0.03337293,0.01895517,-0.01882031,-0.01259908,0.03584176,0.09370743,0.4739347,2.253732E-05,-0.2684445,-0.02667028,0.03169505,-0.3377662,0.2048487,0.2712896
0.1010665,-0.02015083,-0.2789557,0.2010391,0.06619638,0.1996897,0.09585982,0.2508592,0.04613405,-0.000899141,0.03185946,0.01424637,-7.439239E-05,0.2502297,-0.1663794,-0.2771521,0.3105109,-0.1860587,-0.3457478,-0.08175392,-0.07083364,-0.1441612,-0.3058634,0.0001397553,-0.1182141,0.2902288,-0.01253229,-0.01424798,-0.1480389,0.3108778
-0.008231731,0.4265997,0.47864,-0.3966876,0.465695,0.006292745,0.08312453,-0.4276153,-0.4441648,0.4536112,0.06409981,-0.001387739,-0.06944573,-0.3807471,0.01768225,-0.27878,-0.3195137,0.05368561,0.8968217,0.1601324,0.00276524,0.009498946,0.4419116,0.4063206,0.3295058,0.07419648,-0.1277911,-0.3951831,0.1607726,-0.07849856
;
0.04842799
-0.3942071
0.1328455
0.03273672
-4.810954E-06
0.4531001
-0.2674642
0.2527263
0.02841585
-0.05297994
0.1552665
-0.008188381
-0.1882508
-0.0007705412
0.1963132
-0.04953105
0.4585606
-0.0660091
0.3197659
0.02158264
-0.07396172
-0.1496205
-0.2152557
-0.00216112
0.4325589
0.8093295
0.1959449
-0.007959783
0.3148814
-0.2681441
;
-0.03656475,-0.5032925,-0.09146437,0.1964727,0.4067105,-0.006571318,-0.01809477,-0.01440698,0.0861496,0.09838611,-0.2861388,0.008828222,-0.2505391,-0.04450682,0.09903151,-0.0006630839,0.004181174,-0.0787512,-0.003579737,0.08209997,-0.01096592,-0.3541662,-0.2555207,-0.2115537,-0.09544817,-0.0533921,0.01299233,0.05208725,-0.04575468,0.1545984
-0.3076403,-0.002369106,0.2718284,-0.01616639,0.05455726,0.3758484,-0.1824793,0.02193194,-0.1194191,0.4814816,0.1486248,-0.2410124,1.089092,-0.0171765,0.05946691,-0.2765995,-0.03935546,-0.0516569,0.361347,-0.3185933,-0.6734881,0.03119236,0.04383519,0.1882806,0.2628419,0.3696567,-0.04201151,0.01450629,-0.1713843,0.06419586
-0.0138639,-0.4441729,0.1716027,-0.6806956,0.04591471,0.0003359583,0.9190528,0.4493755,-0.1110237,0.02044693,-0.0001528934,-0.3030469,0.05606142,-0.4468735,-0.6032568,-0.1853388,0.2162211,0.3179634,-0.08832837,0.06159023,0.2745548,0.3850549,-0.04748732,-0.1485797,-0.1682552,-0.05107621,-0.1967704,0.2726084,0.402663,0.2148508
0.1749944,0.03831023,-0.3984759,-0.4703418,-0.142489,0.002371725,1.858669,2.579547,-0.5554787,-0.04388313,-0.4935142,0.1289437,-0.01769204,0.1161005,0.1942992,-0.2100397,0.1614863,-0.01228787,-0.2650231,-0.2885993,-0.1289918,-0.08381907,0.168444,0.1882102,0.161729,-0.2474734,0.218501,-0.1375861,0.01973789,0.143537
-0.007535824,0.3332312,-0.5074255,0.0003705523,-0.7632891,-0.001241184,-0.2350878,0.2556312,0.2231093,0.3535417,-0.3549696,-0.07242538,-0.3590153,0.2739686,-0.1173182,-0.0006303011,-0.04182453,-0.01566272,-0.8986536,-0.1102301,-0.2443915,-0.483066,-0.2164903,0.03711751,0.02142936,0.07398189,0.3049135,-0.1797863,-0.04037812,0.1110618
-0.3012934,0.03548127,-0.1002589,0.1347589,3.393855,-0.16163,-0.2416707,0.03523917,0.02622392,0.272076,0.4561375,0.4232628,-0.5725676,0.0006139262,-0.4310108,-0.1339088,-0.02467405,0.1646151,-0.4011243,-0.03692628,0.4015849,-0.002216258,-0.01307591,-0.02790972,-0.2610207,-0.08292247,-0.05703749,-0.01605992,-0.08855477,-0.01467291
-0.08669525,0.1407371,0.7248018,-0.04991633,-0.3322145,-0.07303208,0.0003111701,-0.01067902,-0.3760684,-0.04138244,-0.0001845528,-0.1458483,-0.7198483,-0.2154613,0.0001008407,0.2970015,0.2904474,-0.005289048,0.3301587,-0.09077355,-0.03576618,-0.4048178,-0.1647912,0.225044,0.2380482,-1.099475,0.4067937,-0.01103369,-0.07228976,0.1040274
0.06727642,0.5012178,-0.5190622,-0.3560607,-0.6241401,-0.7824159,0.4336488,0.02647478,0.2783276,-0.2873762,0.5836738,-0.1173101,-0.1916789,0.03845849,0.1447104,0.07524778,0.008608517,-0.4380681,0.3888928,0.007341295,0.05437798,0.2076641,0.2208674,0.01508431,-0.04297476,0.09671572,-0.01265888,-0.159256,-0.0007271217,-0.2283634
0.5127305,0.5872383,0.1993692,0.2852863,0.1712385,1.445241,-0.4500424,-0.2922891,0.4894351,0.001565091,0.2265428,0.3085201,-0.1284648,0.1067321,-0.2060387,0.05281937,-0.3690861,-0.05565767,-0.00902003,0.1517775,-0.1821026,0.7774892,-0.1544818,0.05078755,-0.2126909,0.11586,0.02887027,0.2511668,-0.01367891,0.2460749
-0.09596445,-0.427104,0.2742146,0.06334063,0.1809755,1.6609,0.09934326,-0.4539924,0.0108689,-0.6043662,-0.501013,0.4033402,-0.2712908,-0.1305115,0.0002189128,0.7003397,0.3733158,-0.450546,0.1957911,0.06375615,-0.1571392,-0.2494925,0.002094314,-0.1981544,-0.03438641,-0.0691177,0.2905701,0.2570099,0.477806,-0.1511799
0.3742253,-0.008332148,-0.4879737,-0.1236124,0.003527813,0.00202666,0.05197269,-0.4615686,-0.478285,-0.0450349,0.2259806,0.3330267,-0.5718319,0.2888781,0.5893698,-0.4916928,0.06335793,-0.2458127,0.07582451,-0.3915569,-0.2047509,0.0247025,0.1595335,0.406402,0.1463187,0.2619188,-0.06957427,0.02147367,0.06423157,0.003250449
-0.12048,0.001494127,0.3709094,-0.05939931,0.08696733,0.05969325,-0.08774201,-0.2052427,-0.343985,-0.02949653,0.1687994,-0.02847725,0.1706356,0.3284645,0.03921598,0.1678767,-0.06066332,-0.02174288,-0.1685092,-0.3651152,0.06860518,-0.003149166,0.1725168,-0.08493243,0.494235,-0.005150646,0.4079419,1.945951E-07,0.4825354,-0.0008202208
-0.1127618,0.01339157,0.4185289,-1.306021,-0.2527799,-0.1226488,-0.1690603,0.08102307,-2.024591,-0.08758907,0.005743284,-0.4478149,0.03629595,0.3949279,-0.5360654,-0.2665877,0.04506451,0.02140778,0.1799934,0.01921438,-0.08878237,0.04668098,-0.05965284,0.007022982,0.2294288,-0.004978903,-0.07941383,-0.5336136,0.3307715,-0.2493687
-0.4595681,-1.058831,-0.08477312,-0.135697,-0.4587922,0.02585168,-0.1696563,-0.8330421,0.007707899,0.7292955,0.1898967,0.08167899,0.1956507,0.4120824,9.297424E-05,0.02502225,-0.3046186,-0.05090417,-0.4516149,0.4816813,0.1997847,-0.8960713,-0.002164365,0.5034207,0.1331801,-0.1135709,-0.3205018,0.03163781,0.7267168,0.06143658
0.6879185,0.3599557,-2.345676,-0.04425731,0.3646138,-0.04574448,-0.1635955,0.02782957,0.233584,0.4337573,-0.05716816,0.1808329,0.03167859,-0.0863271,0.4258424,0.4434446,-0.4326661,-1.019169,-0.2459836,-0.002077222,-0.0003021947,0.08569235,0.1842495,-0.09557364,-0.2044484,-0.427132,0.350337,0.1349477,-0.06862628,0.01205736
-0.01292998,0.1018024,0.4999628,0.000102752,0.526857,0.01062621,0.003830956,0.06606624,0.01054825,-0.04094274,0.04152064,0.7145438,0.2870991,-0.2595772,0.00894568,0.00416345,0.03567632,0.01671618,0.3321451,0.1865662,-0.2028228,0.5501551,-0.0759713,-0.05109808,-0.1229066,-0.7653409,0.01367313,0.03551334,-0.2349101,-0.06636158
-0.6036525,0.06531671,0.01415983,-0.05223839,0.1035579,0.4209919,0.0556137,-0.04645953,0.1032645,-0.1091335,-0.0004012421,0.1290772,-0.0005382905,-0.3078976,0.03008175,-0.07131244,0.3693681,0.07450341,-0.528331,-0.2460481,-0.3123329,0.1380239,0.01716461,-0.3691524,0.0003090551,0.6215103,-0.4548895,0.750108,-0.2318198,-0.04191166
-0.1539141,-0.1045294,0.2283343,-0.1092749,0.1628768,0.05476734,-0.06162076,-0.4814714,0.1686593,-0.2237263,-0.08297724,-0.1965305,-0.56892,-0.09819527,0.1400192,-0.2314361,-0.0002235819,0.02183763,0.003547835,0.02556468,-0.001104101,0.03296568,-0.0009301354,-0.2991259,-0.1099442,0.1229703,0.3683056,0.01952246,-0.02097481,0.009164457
0.3831664,-0.005346512,-0.2408404,0.3164048,0.009409328,-0.4798216,-0.2898121,0.009423712,-0.2226241,0.05859192,1.35957,0.1077421,-0.3097438,-0.4133223,-0.1062121,-0.1279718,-0.01438874,-0.33474,0.4879568,-0.01533124,0.3769298,-0.5873032,-0.07408509,0.09852093,-0.02023453,0.1384188,-0.2686986,-0.1096547,-0.03815939,-0.03953992
-0.04658831,-0.05178418,-0.06164211,0.004723738,0.0002190141,0.7684127,-1.989927E-05,-0.08018094,0.1105017,-0.1271637,-0.0416044,-0.02253903,0.3863698,0.06323449,-0.6134703,-0.4951342,-0.2042406,0.03364331,-0.05997826,-0.3610377,-0.04352349,-0.1981823,0.9709386,-0.0253709,-0.1221028,0.000603707,-0.0628441,0.001243746,-0.1852614,-0.1364025
-0.7883393,-0.04187916,-0.3258137,-0.02602619,-0.05030562,0.4974619,-0.1441115,0.1251117,-0.08950964,0.9251741,0.1159153,0.4207186,0.05486156,-0.02450585,-0.1636816,0.02612354,0.129558,0.02839913,-0.0284152,0.2282341,0.4874897,-0.2087771,0.3772599,-0.1266009,0.1254797,-0.1297214,0.0002867983,-0.005797449,0.01252657,-0.002558386
0.05250932,-0.1495009,0.01689572,-0.6015682,0.002398742,-0.04354174,0.02204448,-0.1875531,-0.5082115,0.2914454,0.0008427833,-0.1437364,-0.03937115,-0.3028516,0.1338242,0.1408091,0.02185616,-0.7382811,-0.3781621,0.1127765,-0.4304296,-0.02041089,-0.1966195,0.005739514,-0.04125488,0.442279,0.01665225,0.4514818,0.008454594,-0.05000502
0.001773575,-0.09775984,0.01010409,0.365703,-0.4038105,0.6891875,-0.01617909,0.4849325,-0.3442464,0.4424092,0.2892097,0.06722208,0.5932746,0.3977536,-0.3597299,0.2633184,0.1584279,0.01930209,0.4679251,0.2558476,0.05117092,0.2334121,-0.01098852,0.4350119,0.3444555,-0.2337293,-0.002146312,-0.09486505,0.01714197,0.07074625
-0.1979577,0.4960891,0.09441473,0.4348151,0.1071618,-0.2803624,-0.7220901,-0.1667262,-0.05298108,0.01452294,-0.01367741,0.09705733,-0.002586251,0.5685485,-0.09015173,0.09519048,0.1955255,0.056896,0.3814715,0.03467268,-0.08164807,0.01473617,-0.06518304,0.2019078,-0.1683375,0.1077873,-0.01134627,-0.03777985,-0.01657857,-0.4376968
-0.2333535,-0.09695983,-0.4777638,-0.1136352,0.1759354,0.4255309,-0.2942394,-0.2323971,-0.1105221,0.001276789,0.01299542,0.247793,0.03860836,-0.3984157,0.2448055,0.4791562,0.09706202,0.01731932,0.4345976,-0.06516663,-0.0306101,0.05066286,0.3897755,0.1109535,-0.1172847,-0.08083378,0.7225188,-0.0735564,0.1074718,0.3259263
0.02947979,0.02833612,-0.2313132,-0.1634543,-0.002107478,-0.3033326,-0.2649,-0.003081767,-0.4270186,0.2753738,-0.09830825,-0.1074423,0.2200181,-11.82011,-0.1065485,-0.3298154,-0.4044579,-0.03348922,0.2046566,-0.3025154,0.4020907,0.02680583,-0.14064,0.01999468,-0.1981521,0.01466719,-0.01722645,-0.3644449,-0.2247584,0.1701444
5.488878,-0.1075297,1.047431,-0.003736175,-0.0694742,0.005353002,-0.1529156,-0.1197326,0.02846688,0.2441246,0.04689216,-0.2021157,0.01193059,-0.0426628,-0.002514724,0.4924613,0.0332603,0.1470044,0.02449137,0.01992313,-0.02448467,-0.2688559,0.01823529,-0.03346599,0.0007601916,0.09444806,0.003846453,-0.1242359,-0.02982226,0.2149336
-0.483569,0.001603363,0.5495818,0.06852868,-0.1781309,0.2053134,0.09102684,-0.04885453,0.01924997,-0.09610483,0.4172002,-0.251543,0.1406882,-0.2708025,-0.02262198,0.007261405,0.05224605,0.3333887,0.7902891,-0.1227985,-0.06308047,0.3859435,-0.1772113,-0.1274856,0.2022692,0.01972978,0.0007810444,-0.3473908,-0.1544408,-0.01014417
0.2141928,-0.4000223,0.000983175,0.5264656,0.3054205,-0.09498352,0.02247797,0.2456562,-0.01659163,-0.09186614,-0.476095,-0.002717403,-0.4461532,-0.026624,-1.132266,0.3928329,0.07811505,-0.2428937,-0.3825325,0.871263,0.09270701,-0.1567322,0.1428799,-0.01091338,0.4421965,0.1347508,0.04621492,0.1365923,0.2975546,-0.2959282
-0.03545814,-0.05907847,-0.02048217,0.03478668,-0.2987577,-0.2274334,-0.1329601,0.006085618,-0.1181391,-0.2518712,1.03434,-0.05672697,-0.06703056,-0.5339734,0.4553596,0.2127565,-0.3483714,0.7115471,0.4656724,1.114047,-0.3174068,0.3705137,-0.02404276,-0.1620809,0.09891394,0.4365195,-0.1036184,-0.7735783,-0.1761382,0.5102764
;
-0.003900788,0.1923432,-0.05773503,0.003334327,-0.4438735,0.0690977,-0.0567041,-0.3093243,0.5823723,0.3143527,0.06560844,0.0223653,0.2345288,0.8392304,-0.4613072,-0.4041092,0.3204557,-0.03157676,-0.1725824,0.1043202,-0.003356418,-0.2063935,-0.1678293,0.3597891,-0.07158079,0.8506053,-0.3282189,0.0968267,0.0300156,-0.05062149
-0.02213367,-0.3396634,-0.4705851,0.01874149,-0.317126,0.03578717,0.07692701,-0.02185323,0.1163481,0.2583492,-0.1637436,0.5229954,0.2096884,-0.3954515,-0.2947675,-0.004765195,-0.06809238,-0.08130449,-0.4062597,0.1253938,0.2090279,-0.001286024,0.01394306,0.1784548,-0.2787916,0.06914401,0.0298748,0.1429777,-0.1231642,-0.09828389
0.1844562,0.2465259,0.2639931,-0.05523092,0.1546103,-0.2584938,0.01015179,0.1414241,-0.3313335,0.005509365,-0.1085427,-0.1861001,-0.09813291,0.139435,-1.321012,0.00624041,0.08335918,-0.1617097,0.270622,0.006874255,0.344784,-0.8748858,-0.04559487,0.007664502,-0.2510096,-0.1155542,-0.08277088,0.8026322,-0.2223931,-0.3517389
;
