-0.09492868
-0.2328412
-0.3702317
0.2710239
0.0005453064
0.0008644842
0.9741901
-0.4602084
-0.5072166
-0.2683346
;
0.1908934,-0.13221,0.04806147,-0.5455415,-0.2897815,0.3939042,-0.04278897,0.01098464,0.02705072,-0.3863465
0.7434881,-0.09299947,0.7117726,-0.02268749,0.1118068,0.2151381,-0.2993432,-0.2459713,-0.2483247,-0.362906
-0.06201655,0.1159865,-0.3052208,0.1147949,0.05935539,-0.01474287,0.03205699,-0.4776112,0.3131657,-0.05071064
-0.003490976,-0.6879859,-0.4507265,0.01599699,0.6753054,0.02881177,-4.599305E-07,-0.01642998,0.001191928,0.07320102
-0.6222382,-0.6862583,1.558548,-0.3109354,0.1505571,-0.1664299,-0.2625939,-0.04168301,0.0503917,0.006949707
-0.4647636,0.3232873,0.04949318,0.03875747,0.4262282,0.074093,-0.08120841,-0.3129232,-0.1377844,-0.6346589
-0.03545472,-0.9338078,-0.009692817,4.912782,0.3152187,-0.04505378,0.4724024,0.3714554,-0.04860956,0.5988355
0.01165229,0.3003844,0.2175288,0.0990569,-0.2366646,-0.03762452,-0.005012838,0.01477812,0.0005552811,0.08981389
0.237117,0.3027451,-4.759107E-05,0.1504606,0.1672519,0.05050987,0.5087945,-0.3438945,-0.4295453,-0.008107184
0.0001240881,0.2026289,0.02175708,0.04206411,0.8105426,0.1036467,-0.2363376,0.105607,-0.09801693,-0.111459
;
-0.07342257,-0.004708861,0.003691527,0.1089664,-0.005559698,-0.2174204,0.3785754,0.003450635,0.1747217,-0.01052864
2.482165E-08,0.1986552,0.3611263,0.05731374,0.2103799,0.07046452,-0.01231359,0.04079677,0.1195782,-0.0004200592
;
-0.004746642
0.4592437
-0.2774271
-0.1285667
-0.2535856
0.009522578
-0.0157137
0.1788686
-0.234556
0.1167634
;
-0.05885085,0.09482653,-0.008040602,1.165905,-0.04895818,0.1068809,-0.01785587,0.3857903,-0.0793924,0.01648742
-0.1169194,0.1739276,0.4296968,0.1763619,-0.2790642,-0.2909018,0.3703802,-0.1983709,0.1904851,-0.223294
0.2219684,-0.3374349,-0.003870874,-0.02705101,0.1604937,-0.2799083,0.1741244,-0.03721132,0.0674904,0.21194
0.05738765,-0.4175245,0.7079549,0.1773072,-0.1761895,-0.0297758,-0.3380886,-0.0006479461,0.1178452,-0.005239021
0.1761383,0.2040311,0.05924112,0.4537951,0.09315009,-0.1085176,-0.04548053,-0.0269174,-0.1637997,0.1524522
0.3750561,-0.2574131,-0.002126326,-0.215911,-0.3714792,-0.1410751,0.006212494,-0.01024174,0.07276219,-0.4024047
-0.171086,-0.002242563,-0.0003579798,0.00013387,1.247857,-0.8250187,-0.1740007,-0.1851185,0.2291115,0.4001608
0.4908473,-0.02521444,0.03446406,-0.002834619,-0.199419,0.1723379,0.3990146,-0.03476022,0.3469714,0.0003444816
-0.13336,-0.3799615,-0.2080591,0.01285191,-0.05814871,-0.07893164,-0.128026,-0.02331454,1.230253,0.3857061
-1.066212,-0.04125322,-0.006013888,0.03666596,0.2410178,-0.03875297,-0.02872952,-0.1968357,-0.1013128,-0.1918564
;
0.458043,-0.1282009,-0.4284691,0.06175175,0.04150374,0.1552788,-0.2831513,-0.004895558,0.04425949,0.08653623
0.1669853,0.3421043,0.4177143,0.2591507,0.190062,-0.4511512,-0.2086976,-0.116484,-0.2452234,1.337366
-0.2420281,0.05095892,-0.2064832,0.01717474,-0.6425257,0.1017824,0.1390253,0.2227197,0.149927,0.01787907
;
0.02702421
0.1171753
-0.3134957
-0.0009527701
-3.377158E-08
0.178157
-0.1731731
-0.2656268
0.02952576
-0.5001617
0.3631226
-0.003547837
-0.4493341
6.541752E-05
-4.801279E-05
-0.00374154
-0.2651374
-0.1965386
-0.1074573
-0.03806299
-0.3325266
0.03173766
0.2194047
-0.01471645
0.07054114
-0.03638164
0.5631481
0.1666521
-0.5625393
0.4359727
;
-0.2485951,-0.4044285,-0.4733834,-0.1578794,0.1916055,-0.1774781,0.4832877,-0.06027318,0.4233202,-2.225533,-0.003463737,0.2079279,0.07073526,0.2351169,-0.9455535,0.3914953,0.01958244,0.04533146,-0.09127134,-0.5516236,-0.02141684,0.4602852,-0.1135515,0.1780585,0.01201189,-0.01435653,-0.09129979,0.4257796,-0.3828589,-0.3607146
0.854986,-0.05301814,0.1235618,0.08467386,0.003947582,-0.06707127,-0.1634029,-0.04326638,0.09853333,0.4567198,-0.1486248,0.1752152,0.09876389,0.1315888,-0.06358208,-0.02177192,-0.3989345,-0.2435593,-0.2937377,-0.06419778,0.2804229,0.04352401,0.004800818,0.03711721,-0.005696519,0.1054675,0.1283723,0.05664848,-0.1724505,-0.06755508
-0.4480629,0.4421143,-0.3586441,0.03223709,-0.01459164,-0.3535609,0.1584442,0.103161,-0.0420551,0.351473,-0.1904729,-0.2676378,-0.4305255,0.1173951,-0.01973668,0.02836325,0.03233358,0.3253565,-1.071662,-0.03294537,-0.008085773,-0.02861276,0.07762503,0.04052427,-0.08711201,0.2921961,0.1926426,-0.0004675798,-0.01267668,-0.08758432
-0.4199184,0.1608037,-0.1102509,0.2644012,0.1016909,-0.6051235,0.3544282,-0.5217573,0.004618058,0.4603133,0.05231307,0.1821644,0.1006108,-0.01475717,0.1233835,-0.4002676,0.1595095,0.01111704,-0.8823711,-0.02326781,0.4603692,0.05776948,-0.4288357,-0.1096185,-0.0380882,-0.004693907,-0.3223007,0.3496468,-1.102906,0.515375
0.008548993,0.06692104,0.1317271,0.0001643331,-0.2470746,0.0001355414,-0.2962259,0.03031581,0.136932,0.4468448,0.2698801,-0.2114102,-1.264836,-0.3819999,-0.3410863,-0.0009740824,0.1415078,-0.1260414,0.05363137,-0.09183828,-0.419675,0.3165541,-0.1770249,0.04838685,0.448371,-0.1686819,0.5347416,0.3101344,0.1186418,-0.002621515
0.3805095,0.1033468,0.07671283,0.2529622,-0.2066883,-0.09925158,0.02078468,-0.01776532,0.1607632,0.2948307,-0.1072123,1.510728,0.05885345,0.1156593,0.4913154,0.02491349,-0.300491,0.1500219,-0.08750507,0.2321848,0.4785012,0.1011637,-0.4829711,-0.2281582,0.2052624,-0.1060764,0.103932,0.01873025,0.1250632,0.04557106
0.01539831,-0.08905283,0.04875892,-0.07182389,0.1386718,0.3334469,0.1988658,-0.00122025,0.4221957,-0.7430516,-0.4669645,0.4350015,0.1493595,0.1714821,0.1880842,-0.08688542,0.09922583,-0.4259567,0.7322456,-0.2564344,0.640782,-0.1413153,0.4997692,-0.2209436,-0.215618,0.02015095,0.04581341,0.08898526,-0.003019586,-0.004244911
-0.3920393,-0.07372431,0.7518077,-0.09276179,-0.4252586,-0.01047009,0.2349681,-0.7147554,-0.01909015,-0.2488011,-0.1198266,0.0609908,-0.5696752,-0.01234092,-0.05795404,-0.626418,-0.9980593,-0.0172686,-0.3239036,-0.4927965,0.6804862,-0.2231558,-0.4253203,0.4902902,-0.03558476,0.2410518,-0.2448951,0.1433577,-0.2409403,0.1894135
0.08570868,-0.05324379,0.8361533,-1.54581,-0.3969725,0.04951771,0.2047453,-0.1592056,0.05900479,0.003947464,0.08236778,0.04738589,0.6511413,0.06141946,-0.2424787,0.3839552,0.6974875,-0.03244,0.01291355,-1.264182,-0.282113,-0.2983648,0.3250325,-0.3124326,-0.2468754,-0.04978266,0.2610677,-0.2208083,-0.01829934,-0.4693603
-0.06161727,0.02018546,-0.312706,-0.01348355,-0.002589958,1.168277,-0.00307333,-0.1861465,0.5007932,0.487358,0.01934975,-0.2106398,-0.002655626,0.06955153,0.3282506,0.03121116,0.02192016,-0.02931407,0.3309872,0.09813794,0.05859619,0.1333176,0.002447351,-0.06754869,-0.006785665,0.03756851,0.03211677,0.3438361,-0.001315393,0.2138191
-0.2542049,-0.07932148,0.3353089,0.3161484,-0.02167298,-0.008559308,0.005285757,0.496801,0.2418541,1.038848,0.6407778,0.02688654,0.1400391,0.0504422,-0.001864619,-0.4716794,-0.1159403,0.3976877,0.04108193,-0.02131945,-0.1316086,0.08056561,0.009389123,0.02949064,-0.08550476,0.3274972,-0.0656888,-0.0005338051,0.5361055,-0.01266275
-0.04350411,0.002140697,-0.1391808,-0.1943536,0.2515154,-0.1441168,-0.006411548,0.1063337,0.2050347,-0.215844,0.0915603,0.04126753,0.03482181,0.3803835,-0.1795513,-0.03041536,-0.2461637,0.4346124,0.2202251,-0.2118217,-0.05848998,0.3660655,0.06472682,-0.02950079,0.113477,0.003594252,-0.2460746,0.01113417,-0.02897597,0.3045167
-0.1841658,0.004468204,0.08409853,-0.1059185,-0.2251933,-0.7453567,0.2057933,-0.1387056,0.387906,0.1604356,-0.02935042,0.3368529,0.1227549,0.09283034,-0.2721092,-0.04892686,-1.130462,-0.4322714,0.3817881,0.3277724,0.2376267,0.05931361,0.4358951,-1.336271,0.1307325,-0.0003998784,0.1173463,0.0001673088,-0.2047532,-0.3439484
0.07477549,-0.3105756,-0.008054633,-0.3449564,-0.03961867,0.002219805,-0.01808392,-0.2587318,-0.0004498566,0.9269645,-0.0008001761,-0.2207999,-0.008213443,-0.122859,0.0001852843,-0.1198609,0.06814498,-0.4023547,0.004787958,0.04381883,-0.06953663,1.471398,0.8403434,0.01431113,-0.01526573,0.09537712,-0.03337233,-0.3729149,-0.004039605,-0.003964961
-0.2117683,0.8231885,0.008769704,0.4375793,-0.0102621,-0.2045867,-0.2907784,-0.4531686,-0.1902326,-0.008730046,0.05562109,-0.3211517,0.08162934,0.04690482,0.3856973,-0.06063053,-0.0003396308,0.2928095,0.0316121,0.1890222,-0.07238704,-0.06750764,0.02036768,-0.07945988,0.4100548,-0.1587816,0.2824713,0.5529687,-0.4228057,-1.29544E-05
0.009243169,-0.1803697,0.003296064,-0.0974163,-0.1484608,0.06667715,0.04045232,0.3031648,-0.6424191,0.1320014,-0.4624871,0.4501535,0.3578327,-0.273536,-0.4396702,0.002752258,-0.08835863,0.1599466,0.0730088,-0.08914261,-0.003646562,0.4333022,0.1243363,-0.1154964,-0.4596268,-0.1962293,0.05575174,0.2637479,0.03781902,0.0261453
0.6980847,0.1581962,0.02867285,0.3517087,0.1045702,0.5249829,0.08445118,0.3678266,-0.01435133,-0.4944893,0.2428286,0.3127458,0.08454355,0.3293692,-0.3438352,-0.01138513,-0.01758472,0.07940666,-0.3697299,0.4020797,-0.6822308,0.6587065,0.01716461,0.03879509,-0.1564271,-0.04070216,1.705127,0.06696421,0.06249899,0.09371501
0.01194643,0.03310487,0.3989044,-0.4708143,-0.01395798,-0.4401342,0.1223816,-0.1253961,-0.01645561,-0.385891,0.4519613,-0.006239629,0.7486169,0.001502116,-0.01509088,-0.008852506,-0.6607831,0.05125099,0.7407294,-0.0104379,0.4026618,0.7310205,0.3031957,0.1031769,-0.0683679,-0.5761185,1.041899,0.09261385,0.380778,0.4570056
0.3274653,0.2236115,-0.0001064395,0.06535275,0.05102478,0.01688156,-0.01765231,-0.0295338,0.0873987,0.3508196,0.12609,-0.1233346,0.0377836,-0.4880239,-0.0009426692,0.3788565,0.1052611,-0.5553497,0.723905,-0.3964137,0.1407038,0.3015385,-0.006224376,-0.0661261,0.03331645,0.1500499,0.5566355,-0.4792153,-0.08509131,0.05323603
-0.1412125,-0.6729463,0.374699,-0.1670172,0.0002728628,0.2287732,-0.3037527,0.110569,0.2195582,-0.09601799,-0.02129852,-0.1183613,0.3593487,0.04984597,0.1941582,-0.05253855,0.08003347,-0.0132295,-0.0001528101,0.01427202,-0.2706589,-0.1140326,-0.3320003,-0.09840626,-0.2705667,-0.08756074,0.763368,-0.5200077,-0.4670469,0.1257955
1.047877,-0.482484,-0.2422616,0.04348018,0.3097771,0.2460463,0.09105561,-0.4901961,0.7289552,0.1791797,-0.2669642,0.05941659,-0.09287447,0.3854638,-0.6403607,-0.04657944,0.2300765,0.02096604,-0.04323632,0.3688273,0.2194048,-0.05106413,0.1971269,-0.04892559,-0.06125412,0.07826382,-0.4248694,0.497093,-0.01388757,0.07468802
0.2446586,-0.654734,-4.66564E-05,0.1199077,-0.05622948,-0.7758043,0.4979945,0.1198396,-0.03256148,0.07378051,-0.01918308,0.01088803,0.002090855,0.3068393,-0.3335303,-0.3925231,0.0373177,-0.196024,-0.002074992,0.1127765,-0.2981544,0.01249025,0.1688207,-0.6519698,0.001853102,-1.316862,-0.1557928,0.2213886,-0.4549426,1.015436
0.4848643,0.0439685,0.6110859,0.4183682,-0.3319279,-0.5213854,-0.3111396,0.5876625,0.4413824,0.02627782,0.3914274,0.2738849,-0.4772288,0.4828775,0.09447489,-0.2611395,-0.04718107,-0.1013017,-0.01753979,0.3630439,-0.04499046,0.284766,-0.001920225,0.12138,-0.2220086,-0.5880768,-0.1369928,-0.3381104,-0.01960179,0.2185547
-0.05954012,0.002049027,0.3369277,-0.1834291,0.02985199,-0.4309635,0.1813085,-0.01388463,-0.01577075,0.9731889,-0.03052933,0.2171998,0.7183213,-1.662608,0.03988427,-0.2300162,0.1223908,-0.02112817,0.3830065,-0.8024069,-0.2860453,-0.006512451,-0.06046307,-0.01985858,-0.05250395,-0.05212313,0.4981713,0.002074706,-0.3222046,0.3078967
-0.03635496,-0.6353821,0.1824597,-0.001398435,0.4673413,0.2242365,-0.06811586,0.4951631,-0.2794505,-0.478737,-0.1390288,0.1585142,-0.1647166,-0.3738829,0.4690379,-0.03115555,-0.6123549,0.3800759,-0.4272159,-0.06145378,-0.009199407,-0.01089925,0.4654626,-0.1301399,1.49597,-0.002062423,-0.2974317,-0.02251887,-0.07290424,0.000180651
2.107229E-05,0.4260079,0.07012182,-0.2694377,0.4402708,0.01887386,0.1014527,0.07347406,-0.1577968,0.4239592,0.310788,0.2105291,0.0004228606,-0.4485352,0.02791196,0.09601232,-0.3513782,0.07712382,0.2945218,0.09080881,-0.0419324,-0.3641098,-0.1768164,-0.07647091,-0.003363,0.5736368,-0.1208957,0.02349456,-1.116776,-0.3054412
-0.4251646,-0.1029948,-0.03221374,0.001324532,0.02407187,0.122932,-0.06931348,0.2154348,0.2956244,-0.1153623,-0.4697144,-0.1979257,-0.410798,0.009550301,-0.2863215,0.0001309875,-0.004042949,-0.4112678,0.4061025,0.0998685,0.01170798,0.3440193,-0.09402531,-0.05283514,0.5409011,-0.1550888,0.535243,0.496926,-0.3305731,0.3862784
-0.4396839,0.4096495,-0.02689957,0.704932,0.4966028,-0.2533542,0.0588613,-0.03242368,-0.2951726,0.4319071,-0.1218845,0.05201862,-0.002055642,-0.02292744,2.560131E-06,0.418111,0.1185799,0.1695187,-0.3670707,0.6382568,0.1023424,0.5569539,0.2484498,-0.02195235,0.2895193,-0.2726361,-0.3556992,0.181138,0.007264674,-0.1793695
0.01450837,-0.355479,0.1846896,0.06755906,0.7820405,0.1558721,0.4468623,0.6116626,-0.3121614,-0.4872838,0.3781601,-0.3171785,0.0145944,0.03265804,-0.4170609,-0.6851168,0.4807092,-0.6131021,0.315866,-0.01050662,-0.4419657,-0.3883038,-0.01114956,-0.05423025,-0.002956226,-0.01095365,0.1836018,0.1121869,0.05201535,-0.1339146
0.3137307,-0.3684354,0.49123,0.1804441,-0.03295815,0.2281711,-0.1099704,-0.01715378,0.03179555,0.2147754,0.1689893,-0.01657201,-0.4096558,-0.4615122,0.006691129,-0.004281387,-0.1047451,0.06095022,-0.06627545,0.0944361,0.3578711,-0.1415782,0.0007504402,-0.1033781,0.4221677,0.3222795,0.03327102,-0.06663152,-0.07552856,-0.104456
;
0.314402,-0.3203415,-0.4876109,0.1884065,0.07401202,0.2744104,-0.3839592,0.1180095,-0.1490032,0.03434082,0.1489858,0.4980539,-0.1925395,0.2943377,-0.4506195,-0.2874026,0.4253944,0.435908,0.214412,0.003548238,-0.2570385,-0.06252262,-0.3128719,0.01480583,0.1577812,-0.06767305,-0.08275742,-0.01886932,0.0300156,0.2281121
-0.413384,-0.06553949,0.1126158,0.05378824,0.06122869,-0.1896088,-0.09582765,-0.2406403,-0.200936,0.4956723,-0.09697598,0.06416704,0.4566737,-0.3632276,-0.0918735,0.4065541,0.00760299,0.162157,-0.05319694,0.04824859,-0.06706399,0.0003567894,-0.3169683,-0.03590424,-0.3665454,-0.3914714,0.1922836,0.3092873,-0.1892741,0.1779299
0.2934808,0.1035554,-0.2010856,-0.1422819,-0.1763065,-0.3619943,0.2133544,0.04595071,0.5867791,0.04403232,0.2699284,-0.2452766,0.5658773,-0.0007577741,0.3337953,-0.05547485,0.5074367,0.6965758,0.02233821,0.3679849,0.7223968,-0.1080232,-0.355837,0.1903073,-0.07880069,0.07388455,0.00811632,-0.02354318,-0.8944498,0.1704653
;
