-0.03278859
-0.5482842
0.2281653
0.430616
0.4607101
-0.3273113
0.1954549
0.173889
0.03262569
-0.5651718
;
-0.7256778,0.06904477,-0.07338501,0.8098556,0.2362604,-0.05328077,0.03474301,-0.745944,0.1809887,0.3861863
0.003617164,-0.5404585,0.2412876,0.4033241,-0.04001151,-0.1044804,0.0483745,0.08721747,-0.1388736,0.02210096
0.04380881,0.02467436,0.02533245,0.04216057,-0.3216389,0.00429947,-0.2632221,0.03215666,-0.2611745,-0.02166253
-0.3969959,-0.001562851,0.2610584,0.1484493,3.829205E-05,0.01584879,0.01874458,-2.823691E-06,0.4568591,-0.3589567
0.1092174,0.001897654,0.4270521,0.128603,-0.1734989,-0.04090009,-0.2731943,0.006531915,0.143575,-0.4193096
-0.1663044,-0.8207451,0.1308502,-0.2090971,-0.002083245,-0.102954,-0.06074029,-0.03176028,0.07208878,0.04632729
0.2937264,0.2595189,0.06915468,-0.02666964,0.02742353,0.4652839,0.01205215,0.2692558,-0.6364549,0.3724239
-0.2566147,-0.1771978,0.114836,-0.07660513,-0.7071928,0.5215108,1.039281,0.2623468,0.6302221,-0.2234729
6.119026E-06,0.1250069,0.0001592325,-0.01908473,-0.1203036,-0.03684961,0.0005227625,0.005123207,-0.05001003,0.02875894
-0.001036138,-0.008815541,-0.2667521,-0.3934312,0.1955003,0.1283523,-0.05562375,0.0006133914,-0.07812429,-0.3556097
;
0.01521627,0.1435305,-0.4000032,-0.03730569,0.5149366,-0.3828152,-0.005457561,-0.2140795,0.2422135,-0.3208357
1.563286,-0.0132778,-0.05129482,0.07434094,0.2724299,0.3161446,0.5082765,-0.2702293,0.001813004,-0.007680766
;
0.01216896
-0.4707709
-0.08484893
0.05249689
-0.01493569
0.3325108
0.6131973
0.1269402
0.001807616
-0.06667715
;
0.08721917,0.2761382,-0.2566032,0.01430884,0.1053964,-0.06284889,0.3707466,-0.3232684,-0.2414957,0.1293657
-0.2124116,0.8883096,0.06297749,-0.1284897,-0.376962,0.04617277,0.2805747,0.2704483,0.0004201863,-0.005803202
0.04989201,0.2689204,-0.002980333,0.1388171,0.07519764,-0.007482625,0.3500087,-0.003034819,-0.1063706,-0.04033536
0.3397565,0.1172927,0.1550444,-0.011427,-0.002787532,-0.05199236,0.3598711,0.5229308,0.15132,-0.136354
1.189721,0.02888918,0.1022069,-0.129159,0.01903429,0.003757308,-0.1685554,0.180784,-0.002413054,0.005542576
0.4573851,0.1082961,0.4831101,-0.1209034,0.229175,-0.2029825,-0.03140241,0.009536009,-0.1148633,0.4470109
-0.4331979,0.04939085,-0.3002623,-0.1619934,-0.01699644,-0.07013007,0.6945627,-0.3739606,0.1107895,-0.1235447
0.2620302,0.3119242,-0.002817518,-0.4349782,-0.6334574,-0.2264907,0.1250695,-0.1219732,0.04656108,-0.3901754
0.2580806,0.1657905,0.0362347,-0.0185471,0.1811336,-0.1177151,0.1031098,0.8168468,0.06055118,-0.4025302
-0.4318596,0.4148208,0.1790132,0.4606662,3.480976E-06,-0.0006465524,-0.005633,0.7560194,0.3356185,0.003133249
;
-0.06128889,-0.06078611,1.45415,0.003141885,0.2768385,0.06534342,-0.009205589,0.02425408,-0.1747401,0.1739961
-0.1466848,-0.01596671,0.3522553,-0.01413599,-0.008305354,0.06598169,-0.01508051,-0.0218315,-0.1307449,0.06941407
-0.2089743,0.1082425,0.4185826,0.0989458,-0.2050897,-0.5450163,-0.0703997,0.1019385,-0.04364318,-0.01214403
;
