0.1244492
0.1927925
-0.1919567
-0.01363176
-0.3042367
-0.1642299
-0.4026687
0.203367
0.2044181
0.1621574
;
0.3191797,0.05357844,0.1351905,-0.1614888,0.09537667,-0.08855242,0.02401537,0.3861439,0.1233884,0.1763102
0.2227815,-0.1092617,-0.1654591,0.0487638,-0.05643088,-0.2433726,0.2838488,0.01548356,0.1742596,0.1340387
-0.1752002,0.1369198,0.1096708,-0.09621018,0.1208636,0.03131884,0.01638681,-0.3793674,-0.2325231,0.3740414
0.03755981,-0.4057416,-0.3045162,0.1658592,-0.06815356,0.3133925,0.3888537,-0.3124447,-0.1001667,-0.06359118
-0.3873808,-0.2186291,-0.07061523,0.382905,-0.3220088,0.4520725,0.3753997,-0.38801,0.07491869,0.1591567
-0.4562237,0.4311889,-0.511214,0.1752899,-0.2416052,-0.1225751,0.06510025,-0.3192892,0.01757747,-0.4574986
-0.2221389,0.3077157,0.01281446,-0.1233005,-0.4877441,0.3565522,-0.8029463,-0.3224174,-0.3361539,-0.3035918
-0.02036172,0.4971254,-0.02113003,-0.05965418,0.09722775,0.0693149,0.203534,0.1256113,-0.4569314,0.726371
0.2779002,-0.05965859,-0.09240483,0.4691019,0.08379537,-0.1606752,0.4094207,-0.2037839,-0.2365898,0.02310365
-0.2854507,-0.5607327,0.1712266,0.1800766,0.0673731,-0.2172428,0.05714732,0.3325843,-0.4189638,-0.4817914
;
-0.2729869,0.07874447,0.04360968,0.4664968,-0.1296243,0.3547367,-0.1828139,-0.2326255,-0.3131866,0.1964073
0.2008648,0.006950557,-0.2714759,0.07707113,0.09683365,0.209383,0.2987705,0.1282146,0.4859217,0.4667546
;
0.4634813
0.02341169
0.216792
0.09681517
0.02368635
-0.348403
-0.4666915
-0.02537447
0.4755861
0.7463788
;
0.05522066,0.1299278,0.002796948,0.1989847,-0.01602357,0.3590053,-0.156112,0.1395621,-0.1808501,0.4438311
-0.4846185,0.002696574,-0.2671961,0.4519928,0.30964,-0.1168776,0.08249754,-0.2398407,-0.01722151,0.1681055
-0.1010943,-0.06091732,-0.3051929,0.2840265,-0.04061526,-0.2510985,0.05287105,-0.2661287,0.03611726,-0.1973906
-0.1536128,0.3969893,0.1486961,-0.05904752,-0.3913215,-0.1717824,0.4635519,0.02038127,-0.4347752,0.2084642
-0.1921492,0.173331,-0.2383174,0.1155292,0.1523628,-0.3076019,-0.3036159,0.3986342,-0.302786,-0.491635
0.05637354,0.2616119,-0.4978012,0.235229,0.4114943,0.4235351,-0.08358747,-0.4178457,0.252404,0.3862693
-0.2507505,0.05083281,-0.08299011,0.4279892,-0.1423836,-0.241734,-0.1448579,-0.4898567,-0.2352459,0.3145704
-0.1297613,0.4130714,0.1031448,0.3416743,0.3959849,-0.06802434,0.2925217,-0.09260815,-0.2574248,-0.05152541
-0.2484668,-0.201,0.07902592,0.2388069,0.0233863,0.1150362,0.1029033,-0.4164752,0.2888694,0.2287026
0.1063328,0.3609018,0.04407591,0.2304762,-0.4793704,-0.005570829,0.04017252,-0.1167814,-0.3958852,0.4090073
;
0.1280541,0.01072854,0.191668,-0.1037115,0.3454946,-0.0299651,-0.4208173,0.02552253,-0.4096816,0.3091823
0.268942,-0.1284291,0.2484598,-0.3789349,-0.3740852,-0.1184012,0.2269299,0.2230676,-0.07299787,0.3494642
;
-0.2219035
0.05034584
-0.0837141
-0.4855996
0.4723047
-0.1286373
0.4560946
0.2959985
0.3446774
0.1592886
;
-0.2459465,-0.4394888,0.196599,0.01602,-0.08905393,0.1640591,0.4450126,0.4043015,0.2707806,-0.1139221
0.03602463,0.4812562,0.3936437,0.1873714,-0.1298125,0.005655706,-0.1485552,0.1000296,-0.469111,0.1982338
-0.1268085,0.2352943,-0.2173048,0.2304848,-0.4555269,-0.2156785,0.4712518,-0.1004366,-0.04844195,-0.03079051
-0.4027208,-0.07452542,-0.3218135,-0.4655355,-0.4749284,0.3971393,-0.4728361,-0.2505388,0.1095302,-0.3886925
0.193956,-0.4527218,-0.2281139,-0.09516498,-0.2430812,0.2667713,0.2571765,0.2888871,-0.03855437,-0.21841
-0.3512034,0.3307128,-0.3886691,-0.4992964,-0.4297307,-0.4635764,-0.1186314,-0.09694582,0.4270762,-0.2071646
-0.3555597,-0.05615133,-0.135735,0.2510411,-0.3241454,0.1612638,-0.4899031,0.07735091,0.1079332,0.1356184
-0.04997379,0.4408263,-0.1358796,0.09965509,-0.1009666,-0.413113,0.4025259,0.05782801,0.3821243,0.4720976
-0.3236195,-0.01499552,0.6370751,-0.08243078,-0.4769,-0.1435944,0.3246174,-0.3629781,0.365695,0.05184823
0.4018698,-0.2948055,-0.2878146,0.192103,-0.3268806,0.1444895,0.1421853,-0.3913194,-0.1467624,-0.3054359
;
-0.3313011,0.1934365,-0.09568673,0.15433,-0.3161094,0.1769919,-0.362506,0.446926,0.22066,0.09950608
-0.211963,-0.001646459,-0.465212,-0.0008146167,-0.4168934,0.2845838,-0.1213891,-0.2035198,0.4895332,0.09554356
;
-0.06685525
-0.0913366
-0.01445474
-0.4828154
0.4073412
0.4749957
-0.2614757
0.0006516359
-0.02946211
0.1860741
;
0.6220357,0.04345272,0.5599104,-0.4308295,-0.6032152,-0.4065162,0.222828,-0.5935012,1.108196,0.294293
-0.3444818,-0.1003941,0.3428623,0.266802,0.382853,0.09140097,-0.07970325,-0.1569299,0.107202,0.2756321
0.2716462,-0.1335003,-0.3707023,0.04754258,-0.2225084,-0.1371041,0.01952525,-0.1903022,-0.1364953,-0.4013084
0.09249815,0.7731483,0.2865853,-0.1400594,-0.05846879,-0.6893712,-0.0831134,0.1010754,-0.196813,-0.3357099
0.7496207,-0.4613354,-1.028623,-0.08282316,-0.03538687,0.1870205,-0.1502033,-0.05712374,-0.5921079,0.07220905
-0.1993956,0.3954397,-0.2545548,0.2003081,0.03137493,-0.2466711,0.1992892,-0.1117461,-0.1178772,0.1144682
-0.7018418,0.3995166,-0.1256276,0.1091198,0.06424166,-0.2428011,-0.01301475,0.4734391,0.03901678,-0.09550291
0.03889781,-0.350983,0.06620771,-0.09126847,0.7588807,0.02265399,0.1173097,-0.4175123,-0.4230386,0.3208364
-0.106154,0.08749217,0.03033772,-0.1885458,-0.4576515,-0.213979,0.4427929,-0.3292271,0.3974998,0.004523294
-0.1415634,0.2660451,0.5537846,-0.04694922,0.08713529,-0.0775464,0.0005794981,-0.2938426,-0.3300775,0.394599
;
-0.3115789,0.007886058,0.01346273,-0.02779943,0.1449117,0.203561,-0.05389204,0.346593,-0.06811151,-0.4874809
-0.0145325,0.03605537,0.006803552,0.03955865,0.2284586,0.02387947,0.3171883,0.1205733,0.02058119,0.3058984
;
-0.2418639
0.3760954
-0.1735337
-0.2610365
-0.324746
-2.005684E-05
0.9659292
0.006328278
-0.3289591
0.04297939
;
0.2257241,-0.1077602,0.3388997,0.06286222,-0.1278779,1.629766,-0.1987674,-0.04019594,0.1279693,-0.253516
-0.02027634,-0.2703694,-0.003167248,-0.5752162,-0.1271652,-0.007698176,-0.02323407,0.05064704,0.4814372,-0.08531278
-0.01717218,0.03471188,-0.4355725,-0.4777677,-0.2343504,-0.2107498,-0.0001347239,-0.2776852,-0.2468829,-0.004578012
0.04276059,-0.2653242,-0.0001106858,0.1439751,-0.4989517,-0.04753107,-0.07062428,-0.03494915,-0.5059544,0.0594092
0.06190301,-0.03632063,0.8247784,0.1542905,0.2234155,0.01680393,-0.04386378,0.5529655,-0.08137602,-0.1310462
-0.6214817,-0.4216328,-0.1608904,-0.00860482,-0.2387162,0.03333608,-0.4513309,-0.03461949,0.04097818,0.01215555
0.2410001,0.02780329,-0.2707187,0.1927819,-0.3973751,-0.007622475,0.1847284,-0.03489625,0.2222702,0.1626611
0.3582923,-0.01194725,0.1323327,0.07220619,-0.6564161,-0.3758399,-0.2391358,-0.2823789,0.4993297,0.005420063
-0.3617558,0.1899589,0.1121104,0.1342218,-0.0120729,-0.3212644,0.178869,0.1058477,0.421842,0.3114163
-0.393443,0.002252347,0.2863166,0.8498388,0.0354597,0.1462612,0.1389174,0.504494,-0.3203308,0.8568892
;
-0.09750637,0.4298565,0.1234665,0.01774285,0.4667965,0.2464455,0.1080595,0.3142883,0.3061515,-0.4270077
-0.000141134,-0.05037624,0.1425119,0.4455296,-1.329613,-0.3579879,0.3227191,-0.005420268,0.2696769,0.3220339
;
-0.1314523
0.4063674
-0.4499872
-0.2049913
0.1303718
-0.3863611
0.06890601
-0.04362899
-0.01414484
0.3144037
;
0.456077,-0.347155,0.2387973,0.008834183,0.4837112,0.2509331,-0.1637514,-0.4160643,0.3130765,0.1290157
0.1012511,-0.07908779,-0.3669535,0.3625871,-0.04562038,0.3979177,0.2190908,-0.1030121,-0.2625548,-0.4641974
0.3434324,-0.4210981,0.2182318,0.1270358,0.2097267,-0.428499,0.2207622,0.2064129,-0.3113163,0.3845419
-0.1846097,0.186493,0.07486361,0.142988,0.2609658,-0.2145014,0.3513004,-0.4023502,0.4474088,0.3676983
-0.05886537,-0.3189206,-0.395199,0.4391161,0.0003884435,-0.2130713,-0.3969427,0.3468854,-0.3904685,-0.4421014
0.1022508,0.2525636,0.311677,-0.007638395,0.02293733,-0.3079,0.1331276,-0.3387549,-0.3066946,0.00706929
0.4722465,-0.1195098,0.1152052,-0.3472825,-0.4955108,0.4315569,0.4916254,0.4569426,0.4310998,-0.2960039
-0.4270051,0.06264335,0.2622401,-0.1664848,-0.106052,-0.1870798,0.1744084,-0.4821742,0.03475744,-0.0854463
-0.1754549,0.2687271,-0.2958734,-0.06039447,0.2942293,0.2284125,0.2463742,0.2048482,-0.2392685,0.4934454
-0.4596817,0.06037706,0.117202,-0.0491789,-0.4264224,-0.1354802,0.005328,-0.417686,-0.242182,-0.09661537
;
0.4186138,0.01559907,0.4288195,0.290511,0.08170444,0.172342,0.3085687,-0.4029275,-0.3699639,-0.4414948
0.3935667,0.2345894,-0.04554826,-0.402963,0.3070002,-0.01486236,-0.2685691,0.2934654,-0.07218999,0.4658247
;
-0.2440435
0.01414723
-0.1040935
-0.1996161
-0.1744781
0.1715873
0.2910048
0.2376439
-0.4281412
0.04928406
;
-0.009006303,-0.0529525,-0.1939141,0.3600992,-0.1025828,0.8037828,0.1319311,-1.070866,0.411978,-0.7686856
0.4528747,0.04739838,0.3198091,-0.0006105732,-0.02892842,0.07997708,0.4763786,0.3381343,-0.6084578,0.3118166
0.001144003,-0.2333829,-5.475161E-05,-0.4516243,0.2436405,0.1729297,-0.4153891,-0.08116912,0.1646995,0.03897578
-0.001407122,-0.4369994,0.2965757,-0.02776499,-0.1165769,0.6092345,0.3281515,-0.1359289,-0.1665075,-0.4993953
-0.07095709,-0.4109031,0.0249119,0.3085638,-0.4742283,-0.6266971,0.2249908,0.1230742,-0.06991308,0.2126046
1.242674,0.1505026,0.4657464,-0.03883868,-0.3489076,-0.007729745,-0.01764985,0.2271983,0.02042248,0.1788121
-0.1107941,-0.08805738,0.06338346,-0.03520587,0.7093222,0.4821318,0.4932799,-0.4237552,-0.463028,-0.07229847
0.228867,0.2647965,-0.2085757,0.2255416,0.1352809,-0.4024899,0.03859948,0.1495494,-0.08359252,0.03117772
-0.06380133,-0.4691843,0.05554189,-0.2718172,0.3124695,-0.06559449,0.1990058,-0.1360809,0.4600822,-0.07483886
-0.0002207973,-0.4669536,0.1857775,0.486828,0.2036117,0.2553942,-0.4656816,0.06559888,0.3905734,0.9472048
;
-0.4884663,-0.05225575,-0.00248563,-0.01749171,-0.4373314,-0.4738336,-0.2128572,-0.008096443,-0.06935553,-0.01607299
0.02747372,0.05471808,-0.09176546,0.2112919,-0.4244496,-0.4059312,0.3359901,0.02931839,0.436113,0.06444162
;
-0.07872889
-0.1059645
-0.09626789
-0.1278974
0.6096404
-0.3462486
0.1754233
0.1749845
-0.07933027
0.5115132
;
0.04573101,0.2466502,-0.2413893,0.09338492,0.2138338,-0.007998577,0.1623145,0.1091328,-0.09032062,0.01718885
-0.1712043,-0.004175902,0.3518378,-0.1711707,0.601661,-0.3207666,-0.1715329,0.1744708,-0.05980941,-0.3913065
0.2124301,0.06127602,0.04036969,0.4723016,0.289235,0.6944035,0.005394084,-0.1669336,0.2575593,-0.3320936
-0.5748113,0.9982322,-0.3920778,-0.132253,-0.03967224,0.1245646,0.4108813,0.06794579,-0.0190794,-0.01357109
0.03911058,-0.1135831,-0.1385874,-0.1105004,0.06661677,0.004560432,-0.4343539,-0.5970237,1.038834,0.03734666
-0.2009332,-0.02595421,-0.273598,-0.275828,0.1042593,0.4005682,0.4106085,-0.2859374,0.280134,-0.2819043
-0.8271346,-0.2094002,0.354577,-0.6276389,0.3622962,-0.3792704,-0.2752686,0.02855491,0.4247134,0.0007983504
-0.4458646,-0.25003,0.2892631,-0.05051567,0.09243068,0.1269454,0.1363689,0.1099682,0.02851051,-0.1703076
0.1488795,0.001460827,0.1244734,0.02125913,0.020017,-0.04227141,0.08680993,-0.08992587,-0.3506804,-0.1707945
-0.139525,0.0176526,-0.003055071,0.1225565,-0.1332592,-0.3401034,-0.3195744,-0.5690679,0.4404483,-0.2117707
;
0.1371409,-0.2224699,0.2769495,0.03762912,-0.2559814,-0.00854024,-0.219533,-0.2623519,-0.191553,0.4356382
-0.2909068,1.016757,0.258253,0.2205603,-0.1256281,0.1808722,0.2497379,0.1801182,0.4691952,0.3023493
0.2754178,0.003388059,0.05905249,0.4789972,0.1497667,-0.3086088,-0.5869949,-0.2706926,0.0210138,-0.01462968
;
-0.3244884
0.2535746
0.3229508
0.4071932
-0.03217238
-0.18446
0.02647132
0.04421662
0.1251539
0.2657849
0.3574857
0.1619122
0.1479552
-0.05775211
0.01845555
-0.02085371
0.8372208
0.3291546
0.462526
-0.1387443
-0.07307985
-0.005308051
0.02697222
0.2952494
-0.1806936
-0.3065282
0.1589214
0.4221944
-0.03617004
-0.1203005
;
0.01274401,-0.1227702,-0.1633134,0.5669332,0.001153594,-0.158846,0.1359029,1.485751,-0.3829608,0.866303,0.1917947,0.3944788,-0.06448235,-0.2325205,0.2547628,-0.006294668,-0.2285133,0.09917834,-0.004940103,-0.02942764,0.3143219,-0.3984756,0.004935682,-0.1573075,-0.4215875,0.007925212,0.4004537,-0.3801341,0.106826,-0.3276955
0.2298057,0.3645511,0.1562801,0.377859,-0.1303668,0.2648847,0.3428113,-0.07219198,0.1883126,0.00663048,-0.4134999,-0.4340461,-0.2326134,0.2551778,0.9337226,0.4560821,-0.2075909,-0.3961696,-0.1865553,0.3727551,0.0891735,0.2887912,-0.02646327,-0.3641341,-0.005369304,0.02006895,-0.4064275,-0.2146577,-0.1510168,0.1634738
-0.7659171,-0.1292404,-0.4377823,-0.1409575,0.1872862,-0.3478148,0.2377728,0.1429509,-0.1324194,-0.1702529,-0.1162071,0.1329584,0.2050061,-0.5115079,-0.157355,-0.5364817,-0.1045609,0.2253445,0.4414197,0.209634,-0.2138483,0.3381315,-0.2581513,0.4904663,0.2604854,-0.1559227,-0.2968625,0.9362517,0.0115372,-0.4486375
-0.0303871,-0.4222455,0.1974453,0.153789,0.3714483,-0.02642849,-0.1997313,0.4856199,-0.1551569,0.1607774,-0.8399565,0.2099236,0.2213044,0.1704036,-0.04528517,0.0004988866,-0.2074177,-0.006585829,-0.2338069,-0.2785475,-0.05150352,0.2061201,0.4362234,0.7727653,-0.4524177,0.4591408,-0.4681098,0.3833054,0.3932678,0.2562733
0.1450249,-0.1200188,-0.005297124,-0.1845174,0.3344303,0.3492311,0.5171555,0.4587093,-0.5059084,0.9820023,-0.0676226,-0.01095717,-0.4539438,-0.373698,0.06335201,0.3024873,0.1686795,0.1384848,-0.1241112,-0.4267021,-1.779433,-0.1866324,-0.3595825,-0.7629789,-0.09910697,-0.01520858,-0.01288271,1.441194,0.2671094,0.3508729
-0.2727729,0.3088038,0.05645257,0.3001196,0.01625304,0.1588875,-0.06444019,0.2341445,-0.1504465,0.3482509,0.3838748,0.694024,0.2503397,-0.07153329,-0.1895137,0.451849,-0.1333718,-0.351787,0.0003985763,-0.4645384,-0.09546831,0.02970988,0.2557074,0.1232555,-0.205192,0.007155192,-0.01311431,0.4535967,-0.2992693,0.2034881
-0.00830866,-0.2275192,-0.9420152,0.4648739,0.1515345,-0.0956993,-0.6245486,-0.0004645219,0.162485,0.3041953,0.02319187,-0.02828965,-0.4661143,-0.1899891,0.4753798,-0.3452516,0.1880326,-0.4415956,-0.2554739,-0.04409231,0.5677444,-0.7337586,0.2438241,0.07005967,-0.8466079,0.3611914,0.1730791,0.07705422,-0.2296563,-0.4851952
-0.08261673,0.6358457,-0.1292452,-0.4053194,0.2373528,0.4352334,-0.301544,-0.0101216,-0.2538056,-0.3753173,0.3810239,-0.9941452,0.3235599,-0.4265856,-0.4782485,-0.1347573,-0.3950669,-0.01361453,0.09742972,-0.2227932,-0.00262624,-0.3894974,-0.315514,-0.1589127,-0.3432478,-0.06556314,0.01805883,0.08311647,0.07572788,-0.1720381
0.03146836,-0.0009248045,0.2480047,0.3710856,-0.0006519456,-0.1207854,-0.2018637,-0.3073199,0.8267844,-0.4061824,-0.325076,0.2609552,0.04176933,0.114224,-0.3188081,-0.222854,0.04307356,-0.2654728,0.162153,-0.4328579,0.009152442,-0.2008984,-0.1143316,0.5185081,0.4282635,-0.0941667,0.1129846,-0.163063,-0.00880799,0.0201044
0.01076812,-0.3819133,-0.1021337,-0.06662889,0.529165,-0.675709,0.1252418,-0.3762452,0.161934,0.1613769,0.382014,0.2194732,0.2330688,0.3533006,0.2284842,0.3647226,-0.2110918,-0.03260231,-0.1767356,-0.1958671,-0.6211565,-0.3346623,-0.09056811,-0.2330399,-0.1422029,0.3252152,0.01822018,0.4204339,0.02798253,-0.008905737
1.232884,0.2431939,-0.2312313,-0.2518169,-0.4906937,0.02144891,0.3285008,-0.1151261,-0.05570343,0.002782346,0.07480147,0.224673,-0.0363452,-0.1189808,0.7722651,0.4940746,-0.1347767,0.3908242,0.1729716,-0.4684932,-0.001052768,0.0984492,-0.7615402,0.4405615,0.07558906,-0.2191982,-0.3325789,-0.3311565,-0.3928708,0.4322605
0.1943801,0.04170929,-0.2287787,0.520402,0.3302749,-0.009212693,0.2481306,0.05962723,-0.04343516,0.4786057,0.2062614,-0.1644959,-0.1024011,0.1294713,-0.4338678,-0.1268201,0.06589407,-0.2359842,0.3198213,-0.270108,-0.06193998,0.3890745,-0.1894429,0.1751236,0.001850026,-0.00130663,-0.227758,-0.04297919,0.3153917,0.2463337
0.661582,0.04548734,0.02972489,-0.4558718,-0.6645513,0.3893751,0.03776771,-0.7146038,-0.1432992,0.1894222,0.3167843,-0.6515157,-0.1746904,-0.02485753,-0.1309864,0.3704237,-0.006074458,-0.355782,-0.1225224,0.2070118,-0.01450503,0.418102,0.0497455,-0.4655862,-0.1042007,-0.06259671,0.04809267,0.5299001,-0.04078484,0.009928493
0.211433,-0.2706066,0.2504315,-0.3701353,-0.007263362,0.07539765,0.5012196,0.09515606,-0.05134267,0.0703817,0.1938273,0.006723869,-0.2373753,0.3643181,0.2338927,-0.1529106,-0.1942686,-0.3206887,-0.1517968,-0.3171203,0.234878,0.1516277,0.1469749,0.1257868,0.10363,0.1073301,-0.05787731,-0.01176649,0.04842946,-0.03216175
0.03074986,1.28074,-0.3534098,-0.3231948,-0.1373733,0.5937659,-0.03381119,0.1868452,-0.405229,0.01816474,-0.5036594,-0.2218191,0.3190051,-0.2009246,-0.1604043,-0.3152624,-0.01125181,0.3755523,-0.6422946,0.4028653,0.435316,-0.01385969,-0.00036365,-0.3163302,-0.1489001,0.05029911,-0.4084834,0.2127372,0.002572583,0.477477
-0.08943665,0.0379236,-0.3415375,0.4423175,0.3589952,0.1393368,0.2071533,-0.03427142,0.06506284,0.2927854,0.3576128,0.002918763,-0.472217,0.450668,-0.3641908,-0.2865965,0.02795857,0.01873608,-0.3191257,0.1735072,-0.05379921,0.344281,-0.03565539,-0.1784138,-0.05993825,0.05816853,-0.08476162,-0.2072969,-0.2295629,-0.03163598
-0.3060025,-0.7196258,-0.350502,0.1182519,0.160207,0.008981765,0.1901204,-0.2619188,-0.002728696,0.2557214,-0.1884599,0.3031241,0.09431534,-0.04319684,-0.3279198,-0.107194,0.1299478,0.1369893,-0.22725,-0.3127822,-0.03131542,0.01132731,-0.1993346,0.2173269,-0.03947294,0.02622485,-0.02189858,0.7169779,-0.1858017,0.005078733
0.332481,0.4509209,0.2735171,-0.03039311,0.05449605,-1.05925,-0.2356809,0.1391098,0.01861113,-0.4147909,0.1647737,-0.5821289,0.2614912,0.066381,-0.3510848,0.193241,0.4135377,0.3720301,0.1818248,0.09380065,-0.006012801,0.2631946,0.2700057,0.05092067,0.3565352,0.001487135,-0.0362913,-0.1550497,0.1175192,-0.02324771
0.187613,-0.3033541,-0.3288809,-0.02257746,0.2037688,-0.1813615,0.3829356,0.376464,-0.3550388,0.03014164,-0.003053182,-0.6780424,-0.3445532,-0.3160822,0.2096718,0.0004583129,0.5619996,0.0161743,0.2144883,0.3741502,-0.1881755,0.4871423,-0.3607745,-0.02206778,0.4202759,-0.06713464,-0.4242911,0.004994479,-0.2149072,0.3995804
0.03286749,0.1618606,-0.4540807,-0.09591564,0.00119107,0.1348572,0.05863982,-0.049658,-0.04072659,-0.0954656,-0.05645927,0.08161896,0.4228953,-0.317487,0.3221234,-0.5922763,0.6960484,0.3102868,0.6707579,0.4843167,-0.05588165,0.1941942,-0.01040813,0.03826857,-0.3406289,0.8167943,0.06640152,0.3191715,0.169627,0.09250575
-0.2976717,0.5234536,-0.3778886,-0.4869741,-0.1304242,-0.3827782,-0.4726845,-0.01844436,0.1842897,1.486136,-0.4816102,-0.4433563,0.3988378,0.06146461,-0.04753242,0.2879899,0.1611988,0.4469469,-0.4652028,-0.2599787,0.06767576,-0.08310471,0.3642522,0.2438109,-0.07769555,0.03613331,0.3874462,0.07399439,-0.4036974,-0.4249267
-0.4733663,0.1095385,-0.1939507,0.2732214,0.05891973,-0.07743372,0.4958756,0.05505854,-0.07694446,-0.126345,-0.4714953,0.02712624,-0.0096016,-0.4557537,-0.3483428,0.1844933,0.3396769,-0.4027794,-0.04571944,-0.4357463,0.03088544,0.1721346,-0.1009374,0.05280753,0.6068332,-0.4893796,-0.4764197,0.04718478,-0.03009995,0.5567529
-0.2080366,0.03458459,-0.1871646,-0.006742299,-0.1932638,-0.1215011,0.0799906,0.001666795,-0.2071043,-0.2737691,-0.03528088,-0.1449899,-0.4455438,0.05680031,0.01615649,0.313948,0.01779334,0.01506394,-0.003981054,-0.01274817,-0.06405554,0.5486872,0.2773167,0.1222462,0.09642297,0.1417707,-0.0292024,-0.1061712,0.5081273,0.1707183
0.06428133,0.2813063,-0.2593548,0.1987956,-0.2308878,0.341782,0.3711451,0.0583725,0.06352043,0.07760718,-0.2226136,0.1738034,1.339031,-0.05167931,0.127596,0.2617406,-0.01453904,0.1036829,0.3709843,-0.0431213,-0.1556664,-0.2594311,0.07185262,-0.1200284,0.06650968,0.2309493,-0.4229887,-0.2936419,0.4541415,0.1994321
0.5822977,0.008613405,-0.2946719,-0.2216681,0.8806542,0.217153,-0.001285561,-0.135215,0.7008525,-0.4775177,-0.7124318,-0.3547031,-0.0165531,0.8354028,0.05913669,0.02656754,0.3368092,-0.1373977,-0.4879103,0.1422622,0.2983845,-0.2081289,0.03437717,-0.2631133,0.6511059,1.665476,1.364886,-0.2955502,0.04409219,0.1042116
-0.004182433,-0.2389991,0.0299946,-0.03637643,-0.3698467,0.06961329,0.7390136,-0.4662684,-0.07899585,0.2251939,-0.03279709,0.04070417,-0.1225238,0.8080482,0.3049196,0.1192948,-0.2283779,-0.3249116,-0.1220715,-0.07781184,0.2297751,0.06280129,0.2419005,0.1143015,0.3254929,0.1987069,0.5062312,0.01091303,0.04289765,-0.1818757
-0.412178,0.1252393,-0.1192317,0.188223,0.2878985,-0.3061593,-0.1462422,-0.3034004,-0.1678641,-0.6179809,-0.02656493,-0.3616275,0.03202179,0.2548673,-0.1694143,-0.2026999,-0.5933456,0.1762984,0.1893285,0.2292858,-0.02858001,0.5059774,-0.4563719,-0.05743576,0.3343778,0.3618464,-0.1522331,0.09757513,-0.523163,-1.0667
-0.4278243,-0.02471699,0.1827669,0.4635094,-0.1827305,-0.2551672,-0.08795775,0.02428025,-0.3890324,-0.4478191,-0.4038613,-0.1306171,0.2442074,0.08947228,0.3164361,0.07445103,-0.4606233,0.03252126,0.004784937,-0.02888529,-0.03763675,-0.4331218,0.4684029,-0.2409348,0.06095476,-0.2911331,0.07215613,-0.2075687,-0.9850458,0.2646921
-0.8243186,-0.00222379,0.008305517,-0.3648064,-0.2764345,0.2293824,0.6867936,0.03887266,-0.07790945,-0.2842778,0.6462895,0.06151841,-0.06094211,2.474317,0.07433117,-0.01049465,0.1223554,0.6793047,-0.004868135,-0.0395623,0.01006862,-0.1410538,0.1994717,0.07422698,0.5188553,-0.6568313,-0.2226923,0.5575806,-0.03747024,0.5333746
0.4078304,0.5051005,-0.41085,0.6556108,0.2033912,-0.4243104,0.2903358,-0.0001599099,0.2343969,0.4727507,-0.05104575,0.3830083,0.08990649,-0.3196886,-0.1978361,-0.3098799,0.01910359,-0.1156153,0.1608352,0.2782835,-0.2991509,0.4553331,-0.2163213,0.4240246,0.4180537,-0.03018794,-0.04772096,-0.0263142,-0.05529362,0.1245747
;
0.347111,0.2511398,-0.1272961,0.02253919,0.3219405,-0.3689277,-0.03403236,0.3187445,-0.01138163,0.05998321,-0.00777346,-0.9016631,-0.2005373,-0.3403266,-0.009108666,0.249093,0.4508076,0.3677026,-0.472981,-0.00171005,-0.1452709,-0.755824,0.02313761,0.359069,0.316243,-0.4569108,0.3740392,-0.2736118,-0.04263835,0.09239887
0.01969411,0.02136586,0.247319,-0.3406882,-0.0567488,-0.4200765,0.0288381,0.3998381,0.02210825,-0.487701,-0.04384071,0.4118807,-0.4363343,-0.3851902,0.0115338,-0.4183097,0.08326393,-0.3008554,0.01185992,-0.3285313,0.647568,-0.3900341,-0.1493585,0.3181407,-0.0307849,0.7724991,0.007910559,0.1224704,0.3001878,-0.06016496
0.01230467,-0.1090365,-0.06221807,-0.1826938,0.2063372,0.4096047,-0.08030158,0.6266163,0.01596203,0.4209361,0.4040617,0.06219906,0.1581376,-0.1013308,-0.1600802,-0.1807583,0.8478212,0.4636426,-0.05258502,-0.05205566,0.4649799,0.003192136,0.06587023,-0.2449244,0.03422288,0.6980805,-0.1816288,0.003943002,0.1455264,-0.1891701
;
-0.3114985
-0.2913584
0.1119402
0.4069575
0.2865065
-0.2695069
0.2060207
-0.2737571
-0.2994174
-0.3884324
-0.05744511
-0.1456822
0.2345236
0.1419817
0.1837187
-0.1061037
0.04266864
-0.2008346
-0.01139385
-0.3787528
-0.1747811
0.1140011
-0.1656552
0.1310377
0.2946421
-0.4222643
0.1105905
-0.3852081
-0.1018538
-0.2094108
;
0.2465967,0.4466906,0.1357725,-0.3227365,-0.4592537,0.09083277,-0.1799427,-0.3488156,0.1656271,0.1850855,-0.1876369,0.3743384,0.2707516,-0.4291878,-0.4249318,-0.4660546,0.01441377,0.2332612,0.279175,-0.354102,-0.3584133,0.3033788,-0.4185539,-0.1328306,-0.3276541,0.2304396,-0.01206011,-0.3741428,-0.5364851,-0.4530818
-0.1681218,0.3026613,-0.345786,0.2146597,-0.4982909,0.02224559,-0.2277123,-0.1556903,-0.3287349,-0.07297128,0.4499333,-0.3397851,0.4677676,-0.1524088,0.3901361,0.1140612,-0.381442,-0.3524213,-0.1227555,0.01357776,-0.3466787,-0.3425024,0.2063926,-0.108365,0.04184359,0.0446077,0.1587967,0.3834771,-0.1424544,0.1339852
-0.326431,0.4089438,0.1296756,-0.226186,0.06824356,-0.3606948,0.4101262,-0.4179611,0.001008451,0.3769886,-0.3843245,-0.02989739,0.3481408,-0.4219348,0.1017063,0.2113122,0.2701175,-0.4466903,-0.3238288,-0.2555009,-0.1032214,0.4632986,-0.1834671,0.4286073,0.3357253,-0.4275635,0.1210381,-0.3369542,0.2718545,0.4721565
-0.4425206,-0.4289529,-0.4858866,0.03764433,0.01288217,0.100982,-0.06972092,-0.2841552,0.4692928,0.3675088,-0.1426242,0.245519,0.3268166,-0.07593995,0.4321313,-0.1926463,0.384153,0.4120049,-0.2890376,0.4385576,-0.4040442,0.2922642,0.2843795,0.3909185,0.009030759,-0.1382659,0.1890329,-0.4299228,0.0743682,-0.4644146
0.2869816,0.3696908,0.1248963,-0.1286322,-0.171966,0.4139122,-0.3446163,-0.3632803,-0.1192474,-0.4412622,0.2696755,0.3811334,-0.4390442,0.4784353,-0.2442817,0.4348434,0.1499387,-0.4730562,0.07213134,0.0526368,0.1200909,0.106066,-0.1453487,-0.03810531,-0.1877888,0.2200293,0.4965625,-0.2747296,-0.2543781,0.3127466
-0.190014,0.2849751,-0.337395,-0.4346782,0.1574079,-0.3823547,-0.2877493,-0.2366429,0.2256157,-0.288964,0.06807107,0.1403868,0.403034,-0.4392933,-0.4962186,-0.09300619,-0.0178569,-0.4244541,-0.4152125,-0.1891317,0.4102184,0.03189653,-0.05012852,0.2222445,0.3459597,-0.09476858,0.2090303,0.1283235,0.3179986,0.4282454
0.08428842,-0.4982592,0.290529,-0.3678312,-0.2998121,0.4355026,-0.1206302,0.480309,0.1800374,0.1115238,-0.4486303,0.07696134,-0.004341424,0.3164724,-0.302487,0.3593436,0.275504,-0.09394389,-0.2444764,-0.2027079,-0.3935876,0.4207385,-0.2151781,0.3710136,-0.2780792,0.3949767,0.3142557,-0.4443555,0.2484203,-0.04559421
-0.00983423,0.007576287,0.4253824,-0.183937,-0.048919,-0.05532581,0.3051571,0.02523263,-0.08868843,0.4603449,0.2260954,0.4713504,-0.1418663,0.2346032,0.2741766,0.1211719,0.2643583,0.1164265,-0.05017906,-0.0528776,0.4630735,-0.1346299,0.07956129,-0.06995827,0.4877199,0.263436,-0.2013168,0.1172804,-0.4278448,-0.3545713
-0.2556221,0.3928341,0.0550105,-0.4638215,-0.4965886,0.05158287,0.1853405,0.483798,-0.2094019,0.1806294,-0.2121863,-0.1595376,0.2976681,0.08086652,-0.1861562,-0.0001011265,-0.2589676,-0.4784135,-0.007582366,0.3550427,-0.4273397,0.02215618,-0.4289874,-0.4468703,-0.3709326,-0.3303852,0.07883006,-0.4223233,0.2141322,-0.3056461
-0.3760512,-0.4972324,-0.04036313,0.3094596,-0.2981064,0.04585749,-0.148274,0.4566665,0.2750686,-0.4443723,0.3421439,-0.09573323,-0.38425,0.498897,0.02628225,0.03652149,-0.255583,0.2889781,0.4816688,-0.274615,-0.4478577,0.01193053,-0.07819623,-0.2910757,-0.2638339,0.4830556,-0.2446923,0.1066162,0.02932411,0.186133
-0.05187315,-0.3214784,-0.1641505,-0.401353,0.3204963,0.01519901,0.1702048,0.1736051,-0.149913,0.3220307,0.1831567,-0.08714193,0.2615644,0.4186211,0.04192191,-0.1077979,-0.1642658,0.02941952,-0.112035,0.4434378,-0.3204968,0.2969816,-0.2784584,0.1278498,0.2799668,-0.4817469,0.4517175,0.009347498,0.4389055,-0.1276267
-0.03853816,0.1094819,0.233237,0.4999855,0.06739837,-0.3638307,-0.3199848,0.07234699,0.305951,-0.008982718,0.2635506,-0.3778044,-0.4410455,-0.06226689,0.4449937,-0.006251991,0.3430552,0.1517007,-0.1392459,0.4312692,-0.491066,-0.1861352,-0.4859287,-0.1168947,-0.1599219,-0.009871066,-0.1395996,0.4144167,-0.1530665,0.06852108
-0.1749722,-0.02770978,0.3316003,-0.1622844,-0.0291298,0.1963011,0.107383,0.3511266,0.3936836,0.3999031,0.04675144,0.4443336,-0.4162885,-0.4236045,0.2122654,-0.2370717,0.2249014,0.09007818,-0.0652588,-0.4501779,-0.2513117,-0.4897089,0.0108798,-0.03283554,-0.3004471,-0.3076804,-0.02048796,-0.3069237,-0.1290249,-0.242205
0.4966422,0.2917681,0.2072559,0.4202226,0.3590254,0.0427461,-0.2255169,-0.6450834,0.4452068,0.3910421,-0.2880943,0.08648556,0.4388199,0.4718877,-0.3646301,-0.2918849,0.02214199,0.0659911,0.2955739,0.1350024,-0.06600505,0.3832049,0.3475879,0.06117135,0.2753384,-0.1922687,0.1179373,0.18803,0.3081626,0.1149153
0.4946296,-0.3677701,-0.3665673,-0.266924,0.2679642,0.1684972,0.009525597,-0.1508275,-0.4041969,-0.4174557,0.1347099,-0.2745429,0.04806322,0.3213998,0.3501025,-0.4338295,0.03351992,0.1760213,0.1873962,0.3976417,0.1730444,0.4819659,-0.333197,0.1624278,0.04739338,0.2083298,0.4127203,-0.3250455,0.146618,0.1640963
-0.385196,0.005791366,0.3634795,0.2111615,0.2509706,0.4666508,-0.01876372,-0.4700423,-0.24812,0.1802546,0.4280075,-0.2493991,-0.2755141,0.009214025,-0.03922504,-0.3879682,0.1376141,-0.4776173,0.3019564,0.4350618,-0.4244013,0.0008205771,-0.2934204,0.08107728,-0.05517691,0.1321497,-0.4664102,-0.161524,0.03303839,0.1370767
0.3600513,-0.2807714,-0.2297203,-0.4426951,-0.1502936,0.3229036,-0.3901573,-0.2400431,-0.04450589,0.144029,-0.03490788,0.07796496,-0.4227358,0.1873618,-0.3821175,0.003683507,-0.3687272,0.2147058,0.007258236,0.09831363,0.4675472,-0.1648545,-0.1598218,-0.3890028,-0.1987809,0.4057854,0.4527102,0.003581345,0.0665186,-0.1588184
-0.1431375,-0.2079174,-0.4919693,-0.4206675,0.2700131,0.225829,-0.09632176,0.4701316,0.4093823,0.4712043,0.1149098,-0.4901558,-0.1214932,-0.3319041,0.2514695,0.02269608,-0.1605138,-0.2179168,0.01937586,-0.2870345,-0.07483715,-0.1492115,0.3229318,0.2361431,0.06080872,-0.2797616,0.282642,0.1171142,0.08989471,0.07850307
-0.1968579,-0.396423,0.3731909,0.4210371,-0.4370496,0.3849065,0.4907634,-0.436587,-0.2621802,-0.3937659,-0.2501442,-0.3213639,-0.04572672,-0.345013,0.08479565,-0.4131858,0.4196885,-0.3107105,-0.3104172,0.1603064,0.2276735,-0.485543,-0.06909829,0.4147642,-0.2592189,-0.2538112,-0.1535179,-0.00811547,-0.2195633,0.3680283
-0.3502948,-0.09561402,-0.3818473,-0.2058372,-0.03898424,0.4352896,-0.009165943,0.1672728,-0.05188578,-0.02951235,-0.2351411,-0.1796066,0.4396136,0.1297552,0.04505438,-0.173428,-0.3178766,0.2564189,0.1818244,0.4238064,0.362114,-0.1831539,-0.265419,-0.184384,-0.4886192,-0.1322048,-0.3137553,0.3276834,-0.1366911,0.4502907
0.3257179,-0.1714311,-0.4337336,0.09210128,-0.04696065,0.1204563,0.1953348,-0.1912195,-0.3774613,0.4697524,0.1078135,-0.05226094,0.3267801,0.1153335,0.2039252,0.3090287,0.06868523,-0.2210627,-0.3910897,-0.1720373,-0.1972004,0.1389708,0.441702,-0.06296581,0.1915289,0.1447776,-0.2913716,-0.2726538,0.4051813,-0.1070011
0.2920183,0.1427525,0.01065415,0.03968793,-0.181254,-0.4390686,0.2641704,-0.1065878,-0.1709811,-0.09059733,0.1671852,-0.3242321,0.3353752,0.005500149,-0.422267,0.3202975,-0.01050236,-0.4033774,0.4411598,-0.4133618,0.3316528,-0.2002671,0.476136,0.06994981,-0.3460399,-0.2062741,-0.4010845,-0.4237456,0.03004152,0.4247082
0.3297861,0.3349192,-0.4364122,-0.4973668,0.4398096,0.2274211,-0.4405785,-0.236597,0.3843839,-0.1826407,-0.4308392,0.08918029,-0.4111469,0.1938736,0.4748904,0.2315889,-0.05256301,0.3327805,-0.5670047,-0.3422207,0.1642505,-0.0290888,0.3098027,0.2725641,0.209809,-0.4873497,0.422666,-0.4327011,-0.3715076,0.4117696
0.09655279,0.2200781,-0.3778032,-0.04097337,0.427472,0.1962911,-0.3389801,-0.4142596,0.1656471,-0.1081697,0.408717,-0.2405713,-0.3419141,0.2845438,0.3469354,-0.184177,0.06625515,-0.2668462,0.3010617,-0.2567773,-0.1543141,0.3650922,-0.1284001,-0.1698901,0.1505033,-0.02015108,-0.1605189,-0.3760772,-0.2360037,-0.4197205
0.06149656,0.06491393,0.07772881,-0.3332561,0.2719567,-0.4694371,0.4677769,0.4881276,-0.01612085,0.4311111,0.30682,-0.1934844,0.08617538,-0.1047794,0.3208507,0.3194176,-0.1694371,-0.1528797,-0.4410723,0.03067309,-0.3913486,-0.4396137,-0.358445,-0.3039922,-0.269663,-0.4731641,0.04890686,-0.08453411,0.01499003,-0.1245711
0.0237655,0.4973737,-0.06418675,-0.2422256,0.06675023,-0.3352964,-0.2976812,0.397007,0.421334,0.3893657,0.2830099,0.4416236,-0.3142885,-0.1588487,0.416537,-0.1330121,-0.2874585,0.3645716,-0.4865702,-0.1208264,0.4762403,0.006215751,0.3411431,-0.1657253,0.206061,-0.4901917,0.07309729,0.2843453,0.1752477,-0.1711224
-0.4400407,0.1602442,0.3457539,-0.402993,-0.1025773,-0.1833108,0.1007184,-0.261649,0.468495,-0.1194944,0.1334041,0.08059841,-0.356737,0.6496777,0.06572306,0.1790904,0.413511,0.2176047,-0.310374,-0.1565593,-0.2076083,-0.2193787,-0.1924407,0.4314812,-0.6202036,-0.4416745,-0.0840047,-0.1943912,-0.03215057,0.3835961
-0.01715761,0.07841986,0.3453103,0.483881,0.2994831,-0.07403296,-0.1572432,0.2761649,0.3780172,-0.4517256,-0.2115451,-0.3751084,-0.1518266,0.02350694,0.2854799,-0.1125976,0.4784629,-0.1190785,0.02894312,-0.3514282,0.09386271,0.1224876,0.161434,0.06817919,-0.2662911,-0.4599675,-0.4472188,0.08731228,0.4765593,-0.5904387
-0.4155077,-0.3543336,0.3702923,-0.04694217,0.4847186,0.4183844,-0.3138278,0.007962525,-0.3459083,-0.3727549,-0.3994524,0.4218282,0.1266835,0.4151751,-0.05118209,0.2206256,-0.4633542,-0.1015653,-0.1690847,0.2768151,0.3333818,0.4909551,-0.2177905,-0.1401365,0.4975796,-0.2631086,-0.2531264,-0.2251201,-0.2534267,0.4409939
-0.3608681,-0.4599264,-0.4258627,0.1953294,0.4706275,0.1760977,-0.2567497,0.1258663,-0.06588942,-0.06319684,0.2328247,0.3039953,-0.330708,-0.1250388,0.3563585,0.3031069,0.1824008,0.2901442,0.3442661,-0.2858856,-0.4219573,-0.3850896,0.1883579,0.4212269,0.4223529,0.3752679,0.2797852,0.390638,-0.09117478,0.2247274
;
-0.1564167,0.390977,-0.108327,0.02232748,-0.2270762,0.4138379,-0.308945,0.4852347,0.2454634,0.2200118,0.3832994,-0.01329738,-0.2922362,0.4574809,-0.4570323,0.4785693,-0.4645452,0.2402719,0.4951257,0.1026012,-0.1611912,-0.1869279,0.1850505,0.2114084,0.1103794,0.4058841,-0.1979228,0.1050184,-0.1809824,-0.05118304
0.2113439,-0.270908,-0.2929255,0.4530736,-0.4975218,0.3953624,-0.1965885,-0.0001074195,-0.2362822,-0.4034513,0.45629,0.3984288,0.4732141,0.286442,-0.006395741,-0.1254414,-0.4125397,0.4744782,0.1840056,0.2508986,-0.3507351,-0.03842443,0.1997808,-0.3867128,0.4272436,-0.6339147,-0.09812516,-0.1099642,0.05542439,0.1263213
-0.2156348,-0.1619546,-0.01233798,-0.175526,0.006469429,-0.277223,-0.2915431,-0.07653445,-0.298045,0.1828008,-0.2382374,-0.3955586,0.348199,-0.4485875,-0.3805354,-0.3807697,-0.172123,-0.3460028,-0.02506644,-0.128794,0.02029794,0.1357661,-0.4438047,-0.289399,0.1566819,0.3276303,0.4579538,-0.009357728,0.1953753,-0.197823
;
-0.2360479
-0.06361745
0.6319675
0.1815461
-0.3305489
0.3909707
-0.04044259
-0.3279605
-0.3429803
-0.478034
-0.1280571
0.076632
-0.2024139
-0.08266503
0.0513344
0.1552437
0.1679836
0.4640559
-1.310714
-0.4951503
-0.4287829
-0.1016619
0.4873317
-0.5239295
-0.02085954
-0.02948042
0.11951
0.2043254
0.06519838
-0.01742093
;
0.0786323,-0.2106852,0.2450815,-0.08895665,-0.1363283,0.1056299,0.6380487,-0.339107,0.03919083,0.02015819,-0.02727165,0.01263016,0.01664049,0.2875217,0.5868399,-0.4005292,0.2338577,0.2418305,0.03487829,0.4263597,-0.1479618,-0.05371898,0.3408262,-0.1067976,-0.408722,-0.6180183,0.2187199,-0.1943105,-0.001599133,-0.3832058
0.462951,-0.04116529,0.6619027,0.06249337,0.3353509,-0.2473029,-0.01038922,0.003179723,0.1161911,-0.07667921,-0.0329065,-0.2505277,-0.2784058,-0.4487257,-0.7376797,-0.1662166,0.4402829,-0.08326174,0.1052353,0.4084992,0.2455136,-0.0003743803,-0.3508534,0.3119811,0.05009514,-0.0496853,-0.2114425,0.4950035,0.01862365,0.6342946
0.09328131,0.4863534,-0.08228832,-0.2189787,-0.423151,0.329749,0.7722739,-0.2567177,-0.4925501,0.4511091,-0.05211252,0.01156392,0.1176723,-0.02309805,-0.01657301,0.1390886,-0.1359357,-0.008883995,0.08126313,0.03981333,-0.1960796,0.1967633,-0.6122217,0.002025994,-0.1204073,0.1604862,-0.0746929,-0.438738,-0.08195112,0.3460125
0.1062701,-0.4818825,0.7798097,-0.04485613,0.9402999,-0.220881,-0.8367978,-0.003330146,-0.2206106,0.005685635,-0.07517357,-0.02558571,-0.6014823,-0.1862882,-0.0146199,0.1920285,0.01119022,-0.0741362,0.4808627,-0.1189248,0.4295896,0.1667088,0.03460928,-0.07917052,0.1260951,-1.155984,0.1414256,0.1000018,0.01507885,-0.3151399
0.3875202,-0.4297639,-0.1235379,0.07222062,-0.2577981,-0.1211041,0.07850801,0.3976328,-0.254897,0.0177009,0.4551507,-0.0411145,-0.02924722,0.4716626,0.005999072,0.04194395,0.261983,-0.06379312,-0.1813982,-0.1652014,0.03943036,0.6517749,-0.09798055,0.3585595,0.07795782,0.07645397,-0.1940167,0.1179305,0.2711402,-0.01272227
0.2077798,0.3257891,-0.3677289,0.3074263,0.2952393,0.6917157,0.08043259,-0.06482799,0.001959727,0.02276331,0.2922156,-0.02287966,0.02703639,0.3441168,0.1021941,-0.2979919,0.8371191,0.04612257,0.2717634,-0.2568585,0.4486774,0.3084422,0.1054821,0.5840139,-0.1928235,-0.1777342,0.339848,-0.2578461,0.3717724,0.2367343
0.1468913,0.09256119,0.0108703,-0.2106791,0.288689,-0.25685,-0.1577417,0.3341031,-0.09560901,0.0378398,0.3619814,-0.03785791,-0.3692989,-0.3164073,-0.2607559,0.7675861,-0.1263641,0.2821847,0.04584295,-0.03620387,0.1694635,-0.005840916,-0.3811368,-0.4199601,-0.6447323,0.4874636,0.02892882,0.2482972,0.08058608,-0.008688064
-0.3058056,0.4364436,-0.05736083,0.03254229,0.4550398,0.2565593,-0.05406672,0.08376437,-0.1038713,0.2472643,0.3482759,0.4955567,0.1837904,0.3205628,0.8547337,-0.3154862,-0.2603422,0.06713566,-0.4722296,-0.1596848,0.277068,0.1107684,-0.9405882,0.2038501,-0.3969984,-0.005706904,-0.005889952,-0.9210849,-0.2210345,0.1192455
-0.4676614,-0.1405335,0.2885236,0.4358,-0.113178,-0.493554,-0.00413014,-0.4950117,0.1534837,-0.3999748,0.02169794,-1.232988,-0.3843138,0.4882883,-0.1216791,0.3843791,-0.1632912,0.08085207,-0.1796441,0.2253651,0.312095,0.1521859,-0.3481157,-0.3674877,0.4225299,-0.1477195,-0.02105994,0.4344229,-0.1184437,-0.1691036
0.01011407,0.3815895,0.3470699,-0.6458988,-0.2096223,0.5969131,0.3946925,-0.2012228,-0.1874239,-0.2845253,0.57486,0.673795,-0.4987473,0.5346034,0.7484443,-1.033173,0.3152933,-0.02265952,0.1796938,-0.05220585,0.01556428,-0.2224406,0.2211766,-0.08965267,-0.4707381,0.2709079,-0.4299111,0.2823873,0.4677116,0.2949071
0.4161073,-0.5466399,-0.3929105,-0.06950101,0.3139538,-0.2382721,0.4977174,-0.1873028,0.008053757,0.1726793,-0.4992552,0.2868221,-0.2242873,0.2479549,0.2571533,-0.005119509,0.2323934,-0.4916794,0.3724819,-0.4193552,0.9351379,0.5306802,0.8866956,0.4390274,-0.2245105,0.4143607,-0.5062163,-0.2553871,0.292262,0.03349334
-0.4192604,-0.4482614,-0.2573209,-0.2892135,0.02640443,0.07813393,0.003869189,-0.05642107,0.1788871,0.7878245,-0.1129519,0.04606595,0.002683329,-0.1770746,-0.00502076,-0.2259635,-0.14095,0.2423789,-0.1170173,0.04827132,0.3610957,0.04658335,0.07003802,-0.07679739,-0.2203092,0.7974816,-0.01959864,0.08467728,0.2023899,-0.1692603
0.3592087,0.4871756,-0.06434351,-0.1362513,0.2254936,-0.2020031,-0.002127454,0.05189239,0.2141983,0.0645172,-0.2901808,0.1726068,0.03463581,0.2014295,0.02506679,0.1111264,-0.4475565,0.3601586,-0.5631215,0.282876,0.2060954,0.01404229,0.1938988,0.04672597,-0.01477753,0.03482449,0.03491582,-0.001432155,0.1835316,0.6021672
-0.2901332,-0.267886,-0.2784369,-0.2354269,0.1759624,0.08579088,-0.1592442,0.3764812,0.875935,0.2980388,0.1384213,-0.01266327,0.216316,-0.003482328,-0.3726019,0.4333556,0.1627013,0.321189,-0.2821687,0.0742142,-0.03623847,0.07191581,0.01399511,0.158211,0.4541103,0.2811717,0.1498486,0.3681983,-0.47461,0.8523227
-0.01255114,0.530434,-0.01955879,-0.9661828,0.149757,-0.02001911,-0.02339619,0.3053557,-0.2389181,-0.4296042,-0.3097655,-0.249028,-0.03866142,0.04588166,-0.3556411,0.1316321,0.05827659,-0.4612854,-0.4178455,-0.4494939,-0.3455378,0.2209556,-0.2814578,-0.1078333,-0.1772588,0.1369007,-0.3702917,-0.3593001,0.1445373,-0.01615534
0.002795829,0.4828466,0.1620226,0.3136883,-0.2978903,0.1179546,0.3256546,-0.0495987,-0.5238838,-0.1914518,0.4832961,0.1490308,-0.5544016,-0.3557264,0.2878067,-0.2895749,0.1029027,0.4533695,-0.2710619,0.3733021,0.1738988,-0.2687738,0.1714221,-0.235004,1.93055,0.268021,-0.001070243,0.1973923,-0.2884737,0.1843346
0.2393322,0.3188583,0.04704052,-0.01324826,0.02472717,-0.4469963,-0.3475962,-0.2549486,-0.4237807,0.03739588,0.3810812,0.03551907,-0.3244774,-0.1357693,0.2674103,-0.01117712,-0.1369707,0.05511269,-0.3936732,-0.4849268,0.004257904,-0.2414774,0.1510426,0.0770181,-0.009168684,0.1884425,-0.4106601,0.007892957,-0.1415496,-0.1182662
0.4203277,0.02420646,0.3003825,0.2801648,-0.3847376,-0.4468558,0.07280129,-0.4325734,-0.2231612,0.1370979,0.4339358,0.6397077,-0.08816192,-0.06677897,-0.1751251,-0.1993322,0.5341626,0.1369874,-0.3791165,-0.3226051,0.05142854,0.2081998,-0.2899325,-0.3540276,0.4181504,1.247952,-0.1490921,0.1529496,-0.6096498,0.05422705
-0.3341826,0.3580852,0.1770777,0.4952744,-0.1429173,-0.5938749,0.9166327,-0.9431764,-0.3045108,0.1004582,-0.4228047,0.3118069,0.1649572,0.1816778,0.5944012,0.1708972,-0.3292857,-0.246148,0.2990197,-0.4965781,0.02109593,-0.1409418,0.2504648,0.1434695,0.2696526,-0.2724387,-0.1244462,-0.01977113,0.4191038,0.2933513
-0.9037825,-0.4273896,0.3058468,0.2957475,0.2275871,0.2542125,-0.6426027,-0.2105981,-0.03769476,0.1496566,-0.03809065,-0.2576451,0.07637549,-0.353351,-0.3598014,0.6629953,0.2478833,-0.4446553,-0.2290941,0.5097075,0.08444282,0.1515433,-0.06913109,-0.07912332,-0.002426652,-0.7819052,-0.2148274,0.2958851,0.5495571,0.195687
0.356703,0.05080674,-0.2635901,-0.1750931,0.08967319,0.03069812,-0.4873908,-0.7245222,0.4171221,-0.4437147,-0.2361608,-0.1189022,-0.2515397,-0.3052526,-0.4976069,0.06602256,-0.008213783,0.150055,-0.1936957,-0.000405074,0.5330189,-0.1867231,-0.2617532,0.3956144,-0.3831193,-0.01335973,0.01252546,0.2667971,-0.01975232,0.3863519
-0.02383299,-0.03938188,0.2843905,0.02974397,-0.03798145,-0.0847525,-0.1643896,-0.1528684,-0.277375,0.2746024,-0.04620799,-0.07077281,-0.1532407,0.3543576,0.836861,-0.1739662,0.01775303,-0.360922,-0.1525339,0.2103127,-0.08143586,-0.4811502,-0.6768407,-0.2367801,-0.08275624,-0.2163674,-0.2603621,0.4717008,0.02175814,0.01159192
-0.006695635,-0.4764333,0.02186042,-7.250695E-05,-0.1653334,0.04014023,0.1780961,0.1468387,-0.1275415,0.6619611,-0.2244586,-0.1568507,0.339304,0.02091461,-0.1974747,0.4241898,0.03833108,0.1665081,-0.05525666,0.480122,0.2059741,0.6260585,0.168539,-0.1861215,-0.2010421,-0.3844534,-0.08419927,0.02406669,0.307642,-0.2655939
0.003288656,-0.1379649,-0.004563706,-0.01320568,0.2192132,-0.2227767,-0.4140527,0.2616726,-0.3387144,0.2116968,0.3580374,-0.02179336,0.06217125,0.01585692,0.04197859,0.1338412,0.2508968,0.4254225,-0.3319027,0.05238932,-0.3218586,0.2222731,-0.117593,0.7471712,0.1554348,0.4514005,-0.4011418,0.1689035,-0.3833914,-0.3086995
0.09137163,-0.04670662,0.007508703,-0.02736663,0.1115835,1.166854,0.1088658,0.3597895,-0.2741295,0.4465837,-0.2709514,0.4932705,-0.4539144,0.07956556,0.1529624,-0.03506346,-0.2702623,-0.09801073,0.2594342,-0.3026031,-0.8678403,-0.1026298,-0.4601334,-0.1133117,-0.1672756,0.2576641,-0.090159,0.1957158,0.001880944,-0.3025395
-0.1246384,-0.003947495,-0.2517604,-0.04658112,-0.1011945,-1.578107,-0.02381486,-0.07821914,-0.3944135,1.041864,0.1665086,-0.3745061,0.3478523,-0.2521838,0.09096509,1.3322,-0.4254408,0.4280089,0.2047348,0.01252852,-0.02046622,-0.4720491,0.2984793,0.1987204,0.3381207,0.1776925,-0.223114,1.124132,-0.3304996,-0.1525522
-0.4835918,0.03966058,-0.4476159,-0.1991739,-0.2434343,0.3885427,-0.2219235,-0.4203552,-0.5414167,0.2194349,0.05428666,0.2009103,0.3471292,-0.3957958,0.5001904,-0.1249322,0.02221519,-0.2228191,0.003188312,-0.02927492,-0.1253348,-0.213581,-0.120777,-0.1378508,-0.100862,0.3882101,0.3634631,-0.02276964,0.1450045,0.001077383
0.1410006,-0.5353855,0.8069836,0.01667915,-0.1004645,0.02758105,-0.5760461,0.4115739,-0.521818,0.3062035,0.09024125,0.08796442,-0.08160037,-0.05481273,-0.01387178,-0.1909701,-0.3778878,-0.08607727,-0.3312016,0.8047214,-0.4669948,-0.370212,0.4089379,-0.1871862,-0.1264515,0.2717056,0.1280356,0.3314379,-1.020733,-0.1105223
-0.01543766,0.2696216,-0.2727897,0.2326252,0.07990909,-0.4737967,-0.03696889,0.1227183,-0.4312001,0.1901133,-0.2280355,0.466608,-0.4345746,0.379443,-0.1885123,-0.44715,0.3888757,-0.04544711,-0.1571198,0.3119373,0.4323804,0.02241937,-0.07675654,-0.144747,0.01077503,-0.04799995,-0.1429432,-0.3629115,0.5359603,0.04981452
-0.45684,-0.04487194,0.3720111,0.3912034,-0.07575209,0.4594257,0.3691579,0.5968796,0.02468253,-0.1975339,0.2460302,0.1905889,0.6126431,-0.2415745,-0.1516456,-0.02369678,-0.3347285,0.15601,0.0283336,-0.001699778,-0.2630585,-0.6420628,-0.1070825,0.1353361,-0.309664,0.5700017,-0.2771587,0.1462796,-0.4504243,0.02465234
;
0.4570955,0.05222844,0.1545832,-0.2073513,-0.2728001,-0.2307654,0.0577603,0.2574638,0.006864488,-0.2643252,0.03304595,0.4288399,0.2873998,0.4890613,-0.322517,0.1280007,0.3879721,-0.2106292,-0.07711432,-0.1719829,0.01360621,-0.2277315,0.02229577,-0.04924875,-0.02256606,0.3598125,0.3816915,-0.451441,0.07199091,-0.08348402
-0.3527874,-0.09527919,0.270126,-0.03408712,-0.3486378,-0.1900008,0.2873863,0.07899361,-0.4374966,-0.9894628,-0.1953615,0.07582003,-0.2749423,0.4468749,-0.002670467,0.1807749,0.1455375,0.2078354,0.2333625,0.3191158,-0.4034951,0.6430668,-0.2353657,-0.07682658,-0.1895301,0.2053031,0.04613736,0.1008417,-0.3469012,0.006606042
-0.1978073,-0.04176217,0.1354951,0.2991224,-0.09161165,0.3343925,-0.2023398,0.4386663,0.1731379,-0.3098351,-0.1028801,0.1930611,-0.1266548,0.006956616,0.4605098,-0.4957133,-0.05660409,-0.0078823,0.003482366,-0.2714011,0.5257519,0.2950298,0.02901529,-0.8289365,0.04377109,-0.1772178,0.5623978,-0.2281303,0.01478234,0.6936195
;
-0.0697889
-0.01212577
0.3243294
-0.02198971
0.1238586
-0.2292973
0.000117899
0.2551095
0.4768828
0.1155404
-0.3002925
-0.2538418
-2.914544
0.4832746
-0.3805043
0.1036341
-0.1879541
0.1585127
0.09132554
-0.3768235
-0.1230828
0.05025699
-0.3927538
0.6318461
-0.3560147
-0.1930744
0.4809703
0.3155381
0.1379276
-0.07110747
;
0.03769678,0.6270226,-0.419032,0.6514529,0.03815501,-0.377488,-0.4685643,0.1163077,0.5607301,0.7023742,0.4547713,0.5856039,-0.4170647,0.08131624,0.3171585,0.08652716,-0.2254918,0.474236,0.1230854,0.05787485,0.2652915,0.03364052,0.4424971,0.8359793,0.4296451,0.3311185,0.04460074,-0.2675987,0.5929864,-0.06255069
-0.2573848,0.006289676,-0.09177404,-0.7616693,-0.109522,-0.06181484,-0.4651501,0.03367813,0.08475465,1.569562,0.3961391,0.03726143,0.009118602,0.03475638,0.09162062,0.2025834,0.8102397,-0.1669922,0.3110121,-0.001132529,0.03210849,-0.1864422,-0.5090579,0.08126536,0.203851,-0.5081812,-0.1533894,0.5233355,-0.706094,0.0970742
0.2901231,0.3646305,-0.4012654,-0.631595,0.005002201,0.009200841,0.2339569,0.2631549,-0.08747488,-0.07622153,0.473948,0.1292272,0.1095534,-0.4257981,0.4283337,-0.3337622,0.2586147,0.05404776,-0.592303,-0.0330496,0.3628224,-0.4568588,-0.3425401,0.156402,0.7229366,-0.4215484,-0.1574187,-0.03328189,-0.1562683,0.2318168
-0.01368223,0.03619033,0.08695652,0.3572788,0.2633013,0.4374961,0.0518094,-0.1098419,0.4549758,0.1450289,0.07490729,-0.02178087,-0.07232667,0.2830884,0.04391354,-0.3370959,-0.3766356,0.005838215,-0.4425905,-0.212313,-0.07746774,0.2718355,0.08767963,0.1862999,-0.5932937,-0.03544873,0.4368924,0.3856503,-0.4015692,-0.02677733
0.188277,-0.1527054,0.3571144,-0.08275951,-0.05341232,0.5025201,0.03477785,-0.2379072,0.3176025,0.005343603,0.005278192,-0.6056287,0.2244996,0.4084603,0.4578201,0.04202494,0.2242365,-0.3965074,-0.41247,0.00185097,0.304722,0.1565016,-0.05517605,0.04997151,-0.1352395,0.3720701,0.2727979,-0.5417885,0.4519848,-0.4358019
0.02349521,-0.2515539,-0.1817589,-0.1532341,-0.4686247,-0.6533104,0.3912202,0.2966309,-0.0009208647,0.01326075,0.1898891,-0.01971907,-0.190502,-0.2641091,0.4328616,-0.05429071,-0.2034033,-0.1942518,0.03544133,-0.3341666,-0.5895585,-0.2387653,0.4218459,0.2249001,-0.2743331,0.13185,-0.2566524,0.296232,0.2782933,-0.06530601
-0.1920557,-0.01857881,-0.001430939,-0.3103704,-1.439135,-0.03112355,-0.4373619,0.3459198,-0.02654423,0.1282143,-0.3628485,-0.4517008,-0.1162827,-0.1974192,0.3494043,0.7128059,-0.0208471,0.1785866,0.6612537,0.272742,0.7530555,1.921651,-0.4246464,0.2741868,0.316883,0.0115551,0.01957637,0.1781425,-0.1495614,0.004728895
-0.6185817,-0.1501255,0.3020456,-0.06797739,0.3933344,-0.002075045,-0.08521143,0.3912465,-0.1877399,0.4018002,0.5755544,0.2838676,-0.2098729,-0.09217066,-0.2822689,0.3468844,-0.4039979,-0.06674337,0.02661282,0.3055691,-0.03655869,-0.6694942,-0.265201,-0.03232904,0.289965,0.2742712,-0.8278515,-0.05226916,-0.04898208,-0.6288052
-0.2540561,0.0004874323,0.4009656,-0.1223748,-0.08770771,-0.2004437,0.0103452,-0.4143645,-0.08034939,0.4671022,0.07048321,-0.4090917,0.03498836,0.2869809,-0.003084958,0.1910827,0.2730792,-0.3369242,-0.03793588,0.009540975,0.1407562,-0.3630977,0.3147102,-0.1044095,-0.02403992,0.2262548,0.1199365,0.02289454,-0.4570415,-0.3298161
-0.388272,-0.5256967,-0.06257723,-0.02983951,0.1524489,-2.043986,-0.4867543,0.1425552,-0.46647,-0.6532871,0.2554761,-0.4455135,-0.1848986,0.4519113,-0.1647485,0.6511319,0.2720795,-0.5683537,0.4213344,0.3702712,-0.1271012,-0.1691628,0.03211271,-0.4228086,0.2600456,-0.351981,-0.1751729,-0.7859808,-0.4122206,0.1092001
0.2447812,-0.09404951,-0.01391488,-0.1081389,-0.184285,0.1054991,0.08014498,0.7102101,0.3260202,-0.1576806,-0.03339034,-0.5961701,0.5099657,-0.6863393,-0.4337682,0.393558,-0.1474183,-0.3421235,-0.005990708,-0.04872999,0.05571467,0.0627492,0.03296255,-0.4163904,0.4634826,-0.1805849,-0.3835469,0.03782042,-0.2958419,-0.08869221
-0.2217303,-0.4919006,-0.001052312,0.2717623,0.07734025,0.08858389,0.2808974,-0.0864169,0.1116695,0.2383213,-0.1700239,-0.2634809,-0.1445386,-0.038973,-0.3896111,-0.4315889,0.1654875,0.2402028,-0.431677,-0.04057735,0.1310626,-0.004642629,-0.7885157,0.3840628,-0.4095089,0.03320973,0.1522151,0.1050401,-0.6858178,0.1651152
-0.005870081,0.4552685,0.1670611,0.2815467,0.01547651,-0.8000696,-0.002722323,-0.2971553,0.6923572,0.09681958,0.1849756,0.03857214,-0.1550998,0.4682176,0.06416816,0.02981788,0.3039395,0.4119497,0.00238198,-0.3273976,0.3535873,-0.2121421,-0.2275721,0.0412101,-0.147713,0.3786567,0.08975486,0.03131988,-0.4372935,0.3560978
-0.1816952,-0.1613769,-0.2294589,0.6349917,0.2214579,0.03282183,-0.04095368,0.4221395,0.2104498,0.1517335,0.002950391,-0.05934066,-0.3380346,-0.09206575,0.1182517,-0.4523767,-0.3473078,0.1927286,0.3575844,-0.07854149,0.4117333,0.121527,0.08315665,0.1837212,0.02277433,0.03803702,-0.1080575,0.4144562,0.5350164,0.1835067
-0.2970119,-0.2698569,0.01573616,0.2256902,0.1246332,-0.4072749,-0.05426258,0.0009047837,0.003814021,0.1083397,-0.08218884,-0.1487852,0.07502717,-0.7476064,0.6762264,0.4633242,0.3735293,-0.4623393,0.009830485,-0.4837224,-0.3935967,0.4326913,-0.03169776,-0.2957692,0.0333355,-0.955399,0.2823497,-0.3716646,-1.19754,0.1730431
0.04062706,-0.4493414,-0.1851823,0.7927855,0.2785748,0.006235699,-0.01439989,0.2430919,-0.2184836,-0.0232974,-0.05563706,0.02783138,0.235197,-0.5777366,-0.06328255,0.6510502,0.1412425,-0.2236903,0.1391331,0.4589648,0.4116319,0.07284299,0.2767634,-0.181355,0.08777913,-0.2229166,-0.361419,0.002296489,-0.07229263,0.1046633
0.2858764,-0.06590325,0.1531249,0.2024399,-0.2003345,-0.1125055,-0.330826,0.06962731,-0.382758,-0.4999747,0.02703801,-0.4293141,0.03670345,-0.01333533,0.003409803,-0.02034777,0.04945528,-0.05399856,-0.1542354,0.1232165,-0.3911549,0.4293565,-0.4939377,0.2759326,-0.09977412,-0.7237996,-0.5322507,-0.1853895,-0.4337021,-0.4173319
0.1288396,-0.07197421,-0.186708,-0.6338909,0.2900754,0.3885666,-0.6806229,0.1022055,0.0488413,-0.4054783,-0.2289665,0.4900346,0.03828215,0.4070684,0.1412613,-0.06303786,-0.05588284,-0.14759,0.1794322,0.3428514,-0.2696112,0.5354258,-0.1013111,-0.01065284,0.1727363,0.1656034,0.3559383,0.05317425,-0.05039269,-0.653303
-0.0393706,0.05268704,0.1202451,0.09002555,0.4901781,0.1967969,0.4112145,-0.4748624,-0.4625759,1.235758,-0.2641061,-0.2741848,-0.06072778,-0.03831077,0.03206533,-0.05821032,-0.2110449,-0.3296123,-0.1025396,0.1325899,-1.249365,0.1329968,0.1713596,-0.4546559,0.1301044,0.2100273,0.156047,-0.09338778,0.3375076,0.0297191
0.007638744,-0.001420647,0.1053173,-0.05881153,0.4257954,0.01639313,0.3389369,-0.07376584,0.3364867,0.7595288,-0.03002562,0.1397469,0.256329,0.7217197,-0.0104666,-7.030074E-05,0.3776317,-0.1328523,-0.9126945,0.09722529,-0.02538817,-0.4327489,-0.09650713,-0.3000995,-0.423673,-0.3242074,-0.08777648,0.09836584,0.1203227,-0.3061196
-0.0815938,-0.3510148,0.01947393,0.1031906,-0.23629,0.2338077,0.2593678,0.4059657,-0.02967125,0.6697354,0.1097116,0.4637092,-0.4164173,-0.1096268,0.4483626,0.1634997,-0.429347,-0.1779149,0.01217035,0.4744149,-0.134522,-0.5384051,0.5149412,-0.4559624,-0.001528551,0.2255031,-0.3361143,-0.4841329,0.1103691,-0.0477154
0.2002224,-0.314954,0.4765144,0.148498,-0.5306927,0.2120572,0.5828112,-0.230174,-0.001493483,0.1305641,0.156369,-0.06584901,0.159209,-0.2734146,0.2013567,0.161095,0.07146102,0.4084105,-0.2708288,-0.4946302,0.006794042,0.4121161,0.3221315,0.3464708,0.6535088,0.3338504,-0.1987756,-0.2217883,0.2554027,-0.0404399
0.2120178,-0.02297006,-0.2825882,-0.33352,-0.141562,0.2743709,-0.3881326,-0.2056685,-0.005785927,0.4754664,-0.3911297,0.3142429,-0.09099215,0.07509011,-0.02948567,0.4836557,0.006268561,0.4130095,0.1787859,-0.4049077,-0.4394397,0.03136397,-0.1168852,-0.871317,0.2404619,-0.04087812,0.1748733,-0.2921683,0.2136228,0.4518572
0.004306355,-0.2433901,-0.1066025,0.4405122,0.1171163,-0.0932292,-0.2860718,0.07370013,0.1560403,0.1824976,0.2245896,-0.06803428,0.01705949,0.4738986,0.2541124,-0.02627968,1.724418,-0.006379068,0.01809853,-0.4036416,-0.2506435,0.7520548,-0.2879108,-0.2382358,-0.2396557,0.09087539,-0.3559941,-0.2226121,0.06036072,0.1034638
-0.1951909,-0.3936281,0.006153947,-0.3506844,-0.09511595,-0.2805139,0.005464556,0.3653071,-0.08250433,-0.2494397,0.2950395,0.4191221,0.01374399,-0.05971523,0.275689,0.002786833,-0.0323351,0.07841831,0.123545,-0.03991665,0.2300368,-0.2539142,-0.0747959,0.3181993,-0.4136213,-0.4201467,-0.1892793,-0.09742327,-0.1190361,-0.4040279
-0.03099719,-0.07341274,0.041297,0.3023561,0.3122085,0.1388879,0.3344634,0.3908554,-0.08743876,-0.04189928,-0.5598132,0.05708333,0.633153,-0.2695351,-0.1509083,-0.1505567,-0.003007673,-0.3261294,0.4576263,-0.2560288,0.2437675,-0.1071841,0.6575394,0.01939676,0.3970457,-0.1111514,0.6551325,-0.01655213,0.5007392,0.01274868
0.04020363,1.102851,-0.6428639,-0.1662282,-0.1581933,0.144832,-0.1437621,0.0782997,-0.2635466,-0.468199,0.07009392,0.1418162,0.07306068,-0.2954543,-0.008842512,0.3088614,0.1364932,0.1308458,0.07004342,0.2397632,0.009340238,0.1088471,-0.007975392,0.02471668,-0.4783624,0.5113646,-0.1391546,-0.06250173,0.1538607,-0.4835367
-0.3619539,0.04912608,-0.153819,0.003642917,0.2535762,0.05543437,0.3086668,0.2104118,-0.4734412,-0.08819288,0.2257794,0.1158232,0.1511447,0.2640699,-0.2022466,0.1428839,-0.1094531,-0.02100352,0.247529,-0.07296362,0.333145,-0.03946353,0.0633623,-0.1674162,0.4147407,-0.05453509,0.4119265,-0.008891679,0.09384209,0.5745265
0.1974627,-0.02112049,-0.2321178,0.4576938,-0.3550804,-0.06911403,-0.1056296,0.1702311,0.4620124,-0.02278675,0.295954,0.4946293,-0.02511209,-0.313473,0.12375,0.02775131,-0.0811886,0.2057546,0.3716232,-0.09855622,-0.0487133,-0.4547218,-0.4426067,0.06083924,0.2507801,0.3081762,0.338231,-0.1499818,0.1502622,-0.205716
-0.3212992,-0.3243243,-0.7823018,0.1382271,0.06062075,-0.4373927,0.07278506,0.072299,-0.1802846,0.01810473,0.2856032,-0.3769661,0.06720013,-0.08145202,0.2730715,0.4072142,-1.035583,0.004165046,-0.1427914,-0.2619197,-0.9581113,-0.2731123,-0.3404744,-0.2932298,-0.2430242,0.101924,0.009810047,0.2205786,0.3221998,0.1663974
;
6.428528E-05,0.280092,-0.06422047,-0.2233401,0.3336197,0.2329482,0.2806548,-0.4080385,0.1115397,-0.4164984,0.739461,0.04079049,0.3898127,0.318772,-0.526834,-0.04131126,0.05811617,0.1469836,-0.2961813,-0.4595462,0.9322717,-0.2740241,-0.0952369,-0.07636665,0.0127097,0.1109633,0.2027142,-0.1835636,0.1198582,-0.004735384
0.2647059,-0.2463441,0.2697397,0.2222054,-0.4684467,0.07287651,0.0823627,-0.1903014,-0.1870014,0.02433742,0.4339784,0.4305059,0.4794602,-0.1642615,0.01996404,-0.2848271,-0.03244644,-0.2313345,-0.2050263,-0.3091185,0.1641043,0.002192647,-0.2066415,-0.5542069,0.1895653,-0.4174304,-0.4369394,-0.001040404,-0.3787041,-0.232373
-0.462284,0.1672262,-0.2883151,-0.3644125,-0.8763286,-0.4439439,0.2595544,0.4172291,0.1633995,-0.1232918,-0.2784395,-0.0523258,-0.05172497,-0.201199,0.01954533,0.001726449,-0.03210324,1.197495,0.1944833,0.5574257,-0.1157632,0.009418507,0.01484855,0.2288395,0.006171526,0.2332162,0.6404505,-0.1088768,-0.2549734,0.1487454
;
-0.4289874
-0.3090857
-0.1190712
-0.4012345
0.02544992
0.2462741
0.6593357
-0.2743291
0.3084792
0.008955896
-0.5660763
-0.3438623
0.1668947
0.05686104
-0.07920033
0.03654391
-0.09809858
-0.3430816
0.4327255
-0.02545955
0.11168
0.3166313
-0.4529063
-0.006548272
0.2010522
0.8065842
0.1956242
0.1514535
0.01677474
0.4383755
;
0.03870551,-0.7738144,0.3058455,0.02119459,0.3009541,0.5530335,-0.3511246,1.404815,-0.2505,0.5749517,-0.3664436,-0.04393463,-0.06827991,0.6564605,0.01197749,0.1321272,-0.1717891,0.6166064,0.2689486,-0.1738127,-0.23253,0.3848809,0.03981664,0.1251997,-0.2252243,-0.04669983,0.1421494,0.06295234,0.05351859,-0.02881247
0.4600435,0.2096424,0.4799209,0.4231091,-0.5754985,0.1005316,-0.06446137,-0.2832066,-0.2704054,0.05498558,-0.04618829,-0.7766665,-0.1021211,0.2497096,0.2865839,-0.2478029,-0.2993467,0.5285298,0.009356439,0.4784535,-0.02294463,-0.1388737,0.5808389,0.0336954,0.01965731,-0.1453297,-0.1623492,-0.1814837,-0.09754347,0.3108659
0.672143,-0.1158684,-0.2736743,0.6725736,-0.05911615,-0.485374,-0.3538455,-0.07253462,0.4342443,-0.2121104,0.1816904,0.03975505,-0.3656065,0.2359133,0.6824535,0.07213178,-0.8494491,0.3719795,0.1569615,-0.01097061,0.8470248,-0.23518,-0.3145809,-0.6833115,-0.1135662,-0.2449753,0.4334538,0.009602487,-0.07458176,-0.4202358
0.1512882,0.4155167,0.01277582,-0.005523338,-0.2174711,0.4294913,0.07621554,0.1694147,0.03519751,0.4280981,-0.2050905,-0.3747154,-0.2464801,0.2546624,-0.2530143,0.009696305,0.4227463,-0.2320108,0.3815351,0.1525132,0.01673571,0.4219394,0.1412622,0.073899,0.2229842,-0.06946892,-0.3829659,-0.2007343,-0.1099582,-0.05068856
-0.5874572,1.103372,0.04597793,-0.571205,0.3368472,-0.4333467,-0.02965313,-0.0007028997,-0.4210924,-0.01346637,-0.4447078,0.4138722,0.1125511,-0.004201056,-0.06434399,-0.1882235,-0.3567849,0.8191324,-0.4722416,0.2816083,0.1968969,0.0008930627,-0.0006899238,-0.008141926,-0.06546033,0.4075914,-0.006278783,-0.01036409,0.01860993,0.154331
0.007703404,-0.1215535,0.3761084,-0.3929847,-0.1263067,0.2833301,0.3426306,-0.1292918,0.2882067,-0.05706631,0.7199725,0.02657312,-0.002305312,-0.1450913,0.1989995,-0.05343836,0.02475549,-0.3526744,-0.7170142,0.418389,-0.2102986,-0.06473893,0.04051158,0.08712872,-0.3451278,-0.07344526,0.288958,-0.3575392,-0.4104857,0.2642099
-0.3168738,-0.1306372,-0.4518096,0.1988411,0.1965634,-0.02124393,0.2416041,0.5697454,0.0905344,-0.3271747,-0.1135815,-0.03121227,-0.004611254,-0.3089485,0.02932344,-0.1463234,0.03383959,-0.2661083,-0.4079486,0.09530924,0.2263188,0.05680302,-0.002633035,-0.4776959,0.2417946,0.3009615,0.2322998,-0.08258408,0.1343998,-0.3658243
0.0004152876,-0.319599,0.4203047,1.331297,-0.0873628,-0.4370856,-0.1280152,0.2769043,-0.0173752,0.2415083,-0.5870786,0.1066084,-0.006837308,0.07387397,0.0295914,-0.7287146,0.3972285,0.3153863,0.4892151,-0.1955345,0.04648072,0.4588829,-0.225559,0.05206468,0.1402378,-0.1618061,-0.4246415,-0.3781936,-0.0001114369,-0.9834651
-0.07602773,0.2854204,-0.05652255,-0.01060611,0.4950442,-0.2998782,-0.1249656,0.1534252,0.1952886,-0.2941577,0.2197413,0.03024177,0.5254699,-1.956518E-05,-0.01227607,0.1300763,0.7731476,0.166974,0.3369682,0.2983085,-0.5326127,-0.1649376,0.1016736,0.1837172,0.1530049,0.5338424,0.0607972,-0.2814784,-0.4376834,-0.08680855
0.2182392,-0.135512,0.2280049,-0.2863991,0.2911421,-0.4987689,-0.002461112,0.3652687,0.2391945,-0.4526575,0.04129714,0.01328808,-0.2552173,0.2116588,0.2150634,-0.1944821,-0.1394749,-0.1849163,0.4549366,-0.3265097,-0.2515489,0.4252976,-0.3094022,-0.03404087,-0.4229444,0.1615602,0.8218059,-0.2002026,-0.5721839,0.3062012
0.7318006,0.02443304,-0.03703135,-0.2889074,0.4372511,0.1305092,0.05515921,0.2481324,-0.4593067,0.005722533,-0.2561602,0.001701366,0.07542807,-0.0995937,0.09809798,-0.4682139,0.394118,0.1492171,-0.2287806,-0.006410496,-0.3392668,0.2800443,0.106997,-1.455008,-0.004984796,0.09025139,-0.2290663,-0.2328592,0.02626563,-0.5191191
0.4513285,0.5273943,0.0002798961,-0.2737688,0.2179317,-0.2579027,-0.3282557,-0.8535997,-0.07691962,-0.4357176,0.392329,0.08524984,0.1562306,-1.078097,0.6037861,-0.2267323,-0.4945499,-0.5442169,0.09282991,0.2380391,-0.0887247,0.09848241,0.04156512,0.04278702,0.3631986,-0.06289512,-0.471864,0.2418151,0.1446971,0.00356031
-0.01868037,-0.007580182,0.3078324,0.4073246,0.952745,0.1848341,0.1751212,-0.2384577,0.4629779,-0.4856893,0.4913948,0.364023,0.9527345,-0.470974,0.373742,0.246979,0.6876217,0.02596204,-0.02302283,0.1666081,0.1895127,-0.04310216,0.4473608,0.1950306,-0.2753788,0.062105,-0.009814322,-0.5336136,0.3800904,0.1952986
-0.2354091,-0.0002124764,-0.6247061,0.4892677,-0.9396533,-0.4549646,0.3104264,0.4095875,-0.143326,-0.2223769,-0.1721649,0.3924881,0.3513361,-0.4602465,-0.0021938,0.1093706,-0.1609654,0.0884283,0.1386213,0.4533625,0.06184691,0.6601062,-0.2889457,-0.03035383,0.1862635,-0.1790152,-0.3870285,-0.2022251,0.1338087,-0.1665149
0.1720528,0.3455598,0.6501561,0.02836411,-0.3884009,0.2332947,-1.190746,-0.003606145,0.1971259,0.4095824,-0.2108353,-0.223888,-0.2641946,-0.2875139,0.3931239,0.3077289,-0.2606523,-0.251122,-0.323577,-0.001254525,0.1867499,0.2985871,0.1925258,0.3593276,-0.5925862,0.2749351,0.1524499,0.3607209,0.006061018,-0.5382879
0.01327442,-0.2810393,0.310123,0.3555517,-0.002076237,-1.230997,-0.2513353,-0.5162393,0.03440542,-0.3931602,0.06113213,0.1364846,-0.1413381,0.3213534,0.006134182,0.3513895,-0.03342042,-0.3280553,0.3477562,0.1914717,0.1125567,-0.7123815,0.3643553,0.3503067,-0.1150934,0.4262941,0.8371018,0.1268244,-0.5428082,-0.3299335
-0.1327059,0.8199524,0.07938064,-0.1380846,0.1188762,-0.6144151,-0.3551674,0.1142631,0.1831356,-0.6202606,0.1618883,0.7676677,0.4169264,0.02096339,-0.5357645,-0.005987122,-0.03039603,-0.7046731,-0.01649538,-0.003100781,0.1089404,-0.02428067,-0.02825695,0.4245724,0.0001528981,-0.7255493,0.001617079,0.08001822,-0.1339071,0.1869328
-0.1595129,0.2301395,-0.04723055,0.4997473,0.03083293,0.1962608,0.03858593,0.03046232,-0.04249618,0.3162128,0.001337725,0.4260395,0.0003459255,0.3828874,-0.4289219,0.4747499,0.358176,0.4463019,-0.3653921,-0.5096774,-0.04235199,-0.4329742,-0.4851536,0.4667249,-0.1558223,0.4215151,-0.4272668,0.1051596,-0.86683,-0.3241197
0.3907961,-0.2211706,0.3364102,-0.04727472,-0.293737,0.1293586,0.2138482,0.2631842,0.1422431,-0.1435482,-0.1035685,-0.464057,0.3084096,-0.307935,-0.1443272,-0.4673505,-0.3588065,0.1259097,0.09356527,-0.3823975,-0.1177073,0.06128067,0.02137406,-0.008034462,-0.3658221,-0.2771589,0.009489688,-0.4221677,-0.1644251,-0.2508895
0.1594643,0.7028813,-0.555014,-0.4805191,-0.06300159,0.4140482,0.1071836,0.02335512,-0.1453171,-0.4060754,0.4279567,0.1402382,-0.07380445,0.2605367,0.4142444,0.08806747,-0.04579511,-0.05793383,-0.2372765,-0.01350705,0.2239296,-0.1544719,0.3321903,0.238401,-0.04484218,0.1302496,-0.1295209,0.005016081,0.006122281,-0.6633604
-0.1314077,-0.09412224,0.1196259,0.4201792,0.01887768,-0.1927653,0.2195298,-0.3680552,0.2293091,0.365678,0.2594526,0.6451395,0.03779608,-0.08062992,0.2273955,0.0005439486,0.03713087,-0.5881993,0.3461806,0.7567406,0.1029349,-0.06073147,-0.007003172,-0.2288824,0.09281124,0.04435868,-0.05040549,-0.2177915,0.1028056,-0.01634859
0.02161762,-0.4983979,-0.420175,-0.1490127,0.4040729,0.09939653,-0.1192439,0.2622526,-0.6442757,0.3806846,0.2739529,0.00820801,-0.008003893,-0.7453612,0.1553608,0.7854599,-0.2435406,0.02505147,-0.1054548,0.2047968,0.4135267,0.5383725,-0.02360834,-0.4519951,0.008041164,0.2215913,0.1258119,-0.6466988,-0.04229928,-0.05749991
0.01275164,0.07785542,0.03040638,-0.09938885,-0.02977088,-0.4353099,0.3731796,0.3474244,0.4034991,0.1586649,-0.06603706,-0.2037249,0.0853127,0.3088415,-0.2340152,-0.4120204,0.7877144,-0.07641143,-0.1697614,0.3012509,-0.2004525,-0.4472136,-0.1451772,0.3336259,0.1883053,0.3206063,0.4706405,0.4163218,0.00720357,0.1482312
0.2430881,0.05688469,0.2419446,-1.150798,0.2882238,0.07192732,0.32232,-0.001778543,0.004752616,0.4102007,0.0581127,-0.3383785,-0.3088696,0.2058233,-0.4699427,0.1026513,-0.1714576,0.4193167,0.3827565,0.4607235,0.3982402,0.1527903,0.1163958,0.08325017,-0.109302,0.6037236,1.0222,0.3069457,-0.006592867,0.393283
0.05655158,-0.2842714,-0.2559922,-0.2023997,-0.106153,-0.3937289,0.1969566,-0.4649878,0.03819209,-0.1142631,-0.203983,-0.001200057,0.05039811,0.3438632,-0.3368798,0.3840679,0.07449013,-0.4121714,0.1524615,0.5105534,0.2831956,-0.326245,0.4605711,0.07787628,-0.0170066,-0.3064767,0.4634148,-0.4716237,0.2739675,0.2642641
-0.09589514,-0.3418692,0.03260261,0.04327724,0.0431357,0.611539,-0.06280647,-0.1229106,-0.4949083,0.1556874,-0.2337295,-0.909413,-0.3934475,-0.6189219,-0.2094721,-0.1990777,0.3515236,0.2749207,-0.2745055,1.155425,0.2101142,-0.4862786,-0.001560907,-0.3246576,0.4023677,0.07685272,0.002397619,0.437327,-0.00304505,-0.07794827
-0.3528834,-0.06032956,-0.02569467,0.02969425,0.3189252,0.04647209,-0.01636576,-0.8907643,0.1151813,-0.3996814,-0.1346089,-0.0940215,0.4289346,-0.2231208,0.003796141,-0.4456675,0.08033127,-0.3498964,0.2730674,-0.01938075,-0.1907802,0.009256736,0.0006855936,0.2559609,-0.03743239,0.1787609,-0.3286898,-0.4429577,0.1446286,-0.2460509
0.03071266,0.02271463,0.004005291,-0.407933,-0.2399164,0.001374974,-0.3996466,0.1390595,-0.3733001,0.1209223,-0.2572434,0.01702195,0.3130924,0.2630429,-0.03233558,-0.005956046,0.4762025,0.1440828,0.3716186,-0.4878082,-0.4586068,-0.1547151,0.5866064,0.01131314,-1.319304,0.03678787,0.02395287,-0.264222,0.9656839,0.06889278
0.7268998,0.2151328,0.06329288,0.0187333,-0.01585568,0.2412201,-0.03728592,-0.4512066,-0.542345,0.02918118,-0.1585618,0.2302454,-0.04125154,-0.01761185,-1.052035,-0.1718988,-0.3770549,0.3142023,0.4154985,0.3469201,-0.06159602,-0.2967163,-0.08565058,0.01488964,0.1809575,0.1120632,0.8454724,0.1306663,0.3773246,-0.02890264
-0.3073548,-0.2477413,0.4603462,0.09404367,-0.4774897,0.1381273,-0.02216372,0.8861493,-0.1340068,-0.1917369,-0.2102709,-0.8104328,0.02913792,0.07491235,0.05861421,0.7617337,0.3099957,0.03528144,0.5615101,-0.4037756,0.02339757,0.3350459,0.3145949,-0.04182603,0.9107358,0.1403709,0.06240676,-0.1436404,-0.03174271,0.2563353
;
0.747209,-0.1550841,0.02366102,-0.06694287,-0.00454584,0.2163265,0.1485882,0.5140482,-0.01468556,-0.4402606,-0.4773641,-0.05672687,-0.05549535,-0.08473911,0.1479907,0.006401528,0.04649888,0.3108427,-0.4351433,-0.2221343,0.1017881,-0.4214231,-0.04124613,-0.2197051,0.377964,0.4105517,0.3391281,0.07779562,0.119738,-0.06770462
-0.1179635,0.03859809,-0.04816612,-0.1586313,0.2057805,-0.3394269,-0.3414583,-0.2164821,-0.2441322,0.1583294,-0.07449335,-0.2486718,-0.01523475,-0.06190878,-0.4985391,-0.005287826,0.2099597,0.06803554,-0.3527082,0.3105875,0.1402724,0.00287205,-0.09220523,-0.009598038,0.2942109,-0.3217162,-0.06112391,-0.02752557,-1.140738,0.04649536
-0.01122791,-0.3491811,-0.4517446,0.2836881,0.1424086,0.2681482,0.3099052,-0.07854851,0.152944,0.1666517,0.1076514,-0.263748,1.031291,0.3577958,-0.2220759,-0.4990443,-0.1304005,0.04620317,-0.2581221,-0.02517798,-0.1547593,0.2422874,0.5825784,-0.4491959,0.5095328,-0.4189309,0.01320141,0.1233516,0.2367921,0.02108723
;
