0.09492868
-0.2678658
0.3702317
-0.09346484
-0.4698728
0.0005310178
1.799836
0.2560067
-0.3184881
-0.3037364
;
0.04791315,-0.4245229,0.04806147,0.5455415,0.3577459,0.134916,-0.007529563,-0.01098464,0.2201918,0.3390851
0.7434881,0.1411151,0.7518848,0.02268749,-0.1118068,0.5531877,-0.04769904,-0.2459713,0.4329801,0.362906
-0.06201655,-0.1032756,0.3230145,-0.2378108,-0.04950391,-0.01474287,0.04561714,-0.2261193,0.3131657,0.05071064
-0.003490976,-1.106021,-0.4507265,-0.4887315,0.494649,-0.03967937,0.2445978,0.4857557,-0.001191928,0.1348088
-0.3407497,0.5732057,0.467555,0.4060024,0.1505571,-0.005231249,0.6652684,-0.02842586,0.05637413,0.142182
0.1742576,0.1259197,-0.01200235,0.1196622,0.4262282,0.1689391,-0.1290339,-0.3129232,-0.2668071,0.2439888
-0.03545472,-0.9338078,-0.432052,-2.78308,0.3152187,0.07011674,0.6623664,0.6780907,-0.04860956,0.5988355
0.6333625,-0.2548148,-0.2521398,-0.1060049,0.2366646,0.03762452,-0.2960331,9.63838E-05,-0.0005552811,0.08981389
-0.237117,0.3027451,-0.09519154,-0.3217996,0.2825088,-0.03043582,-0.127414,-0.03185429,0.156693,0.4517596
6.346027E-07,0.2681064,0.01521283,0.02580824,0.8105426,0.1349954,0.3729645,0.03205048,-0.1705173,-0.004457217
;
-0.01502133,0.06053752,0.2696666,-0.1089664,-0.4615971,-0.2174204,0.4943487,0.3113663,-0.1747217,0.008129206
2.482165E-08,-0.41135,0.2623251,0.04356752,-0.05341406,-0.3684611,-0.03466931,0.04079677,0.07750757,-0.0004273215
;
-6.644365E-05
0.4592437
0.1548706
-0.04450244
0.08524472
-0.2678916
-0.03930181
0.1788686
-0.04562464
0.3875355
;
-0.02779973,-0.1654274,-0.03359348,-1.165905,-0.04895818,0.1948701,-0.01785587,0.2936543,0.07925689,0.01648742
-0.1169194,-0.2906931,-0.002628677,-0.4991879,-0.2790642,-0.203226,0.3990136,-0.1983709,0.1228088,-0.223294
0.2219684,-0.3374349,0.00391611,-0.02705101,0.1604937,-0.2799083,-0.3234999,-0.03721132,0.0674904,0.21194
0.09443664,0.1281736,0.7079549,0.03698487,-0.1555187,0.003888158,0.3380886,0.0002176226,0.1178452,0.05828112
0.5183405,-0.3271388,0.03268871,-0.3718587,0.3925821,0.1085176,-0.303144,-0.0269174,-0.1657697,0.2529679
-0.1298087,-0.2574131,-0.002126326,0.215911,-0.6084265,0.2422305,-0.006212494,-0.01024174,0.1260586,0.04532258
0.1468251,0.01760072,0.06764847,0.00013387,2.304664,0.1853587,-0.008829897,-0.153164,0.2291115,0.4001608
0.4908473,0.1399069,0.03446406,-0.002834619,-0.199419,0.1723379,-0.3990146,-0.05818573,0.3469714,-0.3040274
-0.26226,-0.6165749,-0.1887585,-0.02501376,-0.05814871,0.07893164,-0.1271175,-0.02331454,1.230253,0.1328107
-1.066212,-0.1517084,0.005668767,-0.03666596,0.2410178,-0.03875297,-0.4580746,-0.2775767,0.1013128,0.1918564
;
0.458043,0.004056793,-0.3019853,0.06175175,0.04150374,0.09792627,0.005947292,-0.004895558,0.04450357,0.08653623
0.1919064,-0.3421043,0.4775709,-0.09711653,0.154584,-0.3556027,-0.03682584,-0.0131084,-0.008476404,1.337366
-0.1612454,-0.7439725,0.4751232,0.02715,0.6840717,0.1017824,0.1390253,-0.3868893,0.149927,0.01787907
;
0.0215016
0.003643094
0.3134957
0.0009527701
1.275989E-07
0.4518076
-0.1199579
-0.2656268
0.02952576
0.5001617
-0.4052028
-0.001176889
0.3512474
0.0003129669
0.5336916
-0.00736325
0.2651374
0.2029799
-0.1260383
-0.03806299
0.3325266
-0.01638994
0.389487
-0.01801022
-0.04960805
0.034724
0.04506972
0.4536033
0.0991599
0.1654191
;
0.4405907,-0.1830035,-0.4733834,0.0413372,0.01965269,-0.1696548,0.8154619,-0.02206749,-0.3074454,0.04388398,-0.166299,0.01186253,0.05948196,-0.03546551,-0.6038639,0.4636548,0.03365275,0.04533146,-0.09623682,-0.5516236,0.1071178,-0.2924742,0.1135515,0.1168916,0.009378345,-0.01435653,-0.1119711,-0.3074595,-0.2500651,0.001517015
0.854986,-0.08855396,0.09000831,0.1340896,0.07570433,0.08952683,-0.1739021,-0.04447711,-0.153418,0.4792587,-0.4439572,-0.1752152,0.112771,0.4831622,-0.03016193,0.01141554,0.3275975,-0.2435593,0.37651,-0.1071635,0.07815307,0.04352401,0.2610272,0.04050193,0.1038764,-0.2330772,0.4472868,0.05111367,0.3782987,-0.3524497
-0.4480629,0.4421143,0.3192492,0.2403833,-0.4060225,0.9135053,0.1453636,0.3778725,0.01136793,-0.4422467,-0.08879476,-0.4704934,-0.4305255,-0.1173951,0.3338514,0.02836325,0.1321796,1.051469,-0.7216524,-0.03294537,-0.8061057,-0.01483757,-0.07762503,-0.04052427,-0.1598238,0.2399147,-0.00182909,-0.2837372,-0.01267668,0.1882356
-0.1569398,0.1608037,-0.1102509,0.2771101,0.1016909,0.4832483,0.4883745,-0.08013259,-0.1746755,-0.4357578,0.03569738,0.5571823,-0.4019341,-0.01475717,-0.2405798,0.03072915,-0.2105939,-0.006961402,-0.3859293,-0.01042409,1.107393,0.01647988,0.4344892,-0.03344974,-0.05204448,0.06619295,0.3644731,-0.4466704,-0.4018098,0.515375
0.008548993,0.1958079,0.216611,-0.4142791,-0.1975416,-0.0002171041,0.2962259,0.03031581,-0.04981588,-0.5318932,0.08389735,0.2495797,-1.264836,-0.3658168,0.2657666,-0.001657429,-0.02593428,-0.1664944,-0.3261133,-0.08014659,0.3150352,0.3165541,0.1770249,0.0935504,0.3146313,-0.1942919,0.5347416,-0.5629897,0.22871,-0.2152025
0.9537184,-0.09972907,-0.04782031,0.4657249,0.2066883,0.06163079,0.02682583,-0.04719896,0.1607632,0.04196853,0.1072123,0.2153869,0.265412,0.06168504,0.02043602,-0.1148329,-0.08824463,0.2711127,-0.08750507,-0.2321848,-0.6113849,0.1011637,0.241941,0.2281582,0.2684696,-0.2001455,0.1900266,0.1106747,0.2589997,0.07652506
-0.4675224,0.06506723,0.002533863,-0.1415386,-0.2301177,0.3334469,-0.3516077,-0.00216384,0.4221957,0.7430516,-0.4961502,-0.4350015,-0.2517141,0.05153447,-0.1880842,0.09837667,0.0027316,-0.9401857,-0.7322456,0.3837874,-0.999312,-0.1413153,0.4997692,0.1481876,0.4249525,-0.2911187,-0.142033,0.2105806,0.002914869,-0.1959312
-0.1891943,0.04924625,0.5106946,-0.4725378,0.4252586,-0.1735168,-0.2133157,-0.003339469,-0.0100221,-0.1366945,-0.1198266,0.05869686,-0.323272,0.01234092,-0.4631228,0.4828264,-0.9980593,0.05351052,-0.002935112,-0.4927965,-0.4972318,-0.2231558,0.369396,0.6704489,0.3498517,-0.1701349,0.3960018,0.2217543,0.802695,0.002583896
0.1556716,-0.2535627,0.5611772,-1.451847,0.361044,0.04951771,-0.2047453,-0.6782163,0.02324586,-0.4318216,-0.4098473,-0.3076241,0.8023298,-0.07002375,0.2424787,0.00354907,0.6974875,0.418252,0.01291355,-2.393831,0.3626802,-0.1338228,-0.1924019,-0.006600421,0.7353374,-0.4120771,-0.411406,-0.2208083,-0.02107755,0.006529152
0.07172789,-0.004032551,-0.05249727,-0.07081381,0.2004497,-0.721297,0.2726828,-0.1433279,-0.5807904,0.1831454,0.001417093,-0.1979932,-0.1777577,-0.06955153,-0.7139404,0.03121116,0.06423476,-0.02240334,-0.3309872,-0.09813794,-0.1589537,0.165569,-0.1519387,0.05104762,-0.7459487,0.4030201,0.002147786,0.09502548,-0.001778317,0.063169
0.02171041,-0.2884514,-0.4668833,0.1513522,0.02167298,-0.001012339,-0.00294627,-0.8587911,-0.0446477,-0.08128963,0.1408076,-0.01470708,0.2399372,0.4703666,0.001864619,-0.4716794,-0.05279857,0.1572178,0.3806581,0.3666961,0.1316086,0.1103154,-0.0006619838,-0.02949064,-0.09997999,0.3820148,-0.1200355,-1.844587E-05,0.2467174,0.02411792
-0.2641342,0.0005942726,-0.128919,-0.09527389,-0.1798888,-0.2304689,0.004558771,0.2043645,0.3650289,0.03143396,0.03477431,0.04126753,0.4980575,0.3013599,0.1795513,-0.4057026,0.05141238,0.4346124,0.2202251,0.415917,0.2017957,0.3660655,0.009672054,-0.02950079,-0.0707597,-0.003594252,-0.2211011,0.1312811,-0.2139407,0.5836053
-0.1841658,0.006936933,0.4704483,-0.2762574,0.2251933,0.2477893,0.4446573,-0.4786418,0.2856078,0.1409886,-0.05165688,0.339875,0.1293864,0.3498802,0.1748309,0.2235907,-1.130462,-0.4322714,0.3817881,-0.6245106,-0.0415296,0.05931361,0.4366156,-0.05336171,0.1929913,0.0006665885,0.1173463,0.1004097,-0.3494366,-0.05607408
0.08905276,0.3105756,-0.01074703,-0.3449564,0.00237096,-0.002219805,-0.0002130914,-0.2631381,-0.0004498566,0.05800967,-0.0732823,-0.2207999,0.001398467,-0.02760094,0.3991081,-0.05419952,-0.06256798,-0.0617395,0.002266035,-0.01489442,0.04046737,1.471398,0.8403434,-0.009135162,-0.01526573,-0.04393853,-0.2166394,0.4956194,0.007893536,-0.003964961
-0.5954645,0.8231885,-0.008769704,-0.004378946,0.007873044,-0.3458638,-0.4080345,-0.2264143,-0.2138611,0.0001511704,0.03151475,-0.5133763,0.02126216,-0.03419738,-0.47585,-0.001704461,-0.04497734,-0.2928095,0.3489515,-0.01908153,-0.07773226,-0.04992581,-0.03508463,-0.02484584,0.2126636,0.02859551,0.2874554,0.7067459,0.3131136,-0.1850191
0.0007978674,0.2930652,0.0007248985,0.0974163,0.1678766,-0.03896434,0.2075955,0.3449055,0.01857632,0.1320014,-0.1003416,0.4501535,0.2715955,0.5368724,-0.2996577,-0.005289176,-0.1400517,0.004683618,-0.09450859,0.1732479,-0.003646562,0.8191242,0.1243363,-0.1154964,0.01767176,0.2567731,-0.05575174,0.2637479,0.2938567,-0.0261453
-0.9419251,0.04574712,-0.02867285,0.02741639,0.1045702,0.06369699,-0.08445118,-0.3480773,0.009025434,0.5879792,0.1243142,-0.01767486,-0.2681959,-0.4151388,0.1051307,0.0004464705,0.149372,-0.07940666,-0.2726737,-0.7329121,-0.2640898,-0.4049058,0.00888487,0.0155022,-0.1564271,-0.04648289,0.009329832,-0.1130722,-0.1222029,-0.05182919
0.01338918,-0.05344599,-0.2251809,0.7089062,-0.3333176,0.2551062,0.4164935,0.4283308,-0.008136575,-0.1557018,0.1662172,0.06787461,0.3843846,0.04521781,-0.0792895,-0.009378291,0.7879916,0.004059136,0.1938299,-0.009182437,-0.9364457,-0.09176368,0.4038464,0.4588499,0.1088569,-1.045188,0.4550208,-0.1684217,0.2984455,0.1551273
0.3274653,0.0251388,7.200662E-05,0.00156172,0.09198827,-0.01688156,0.4377297,-0.002720637,0.006751915,-0.08013225,-0.1701005,-0.0369251,0.03126385,0.4090607,-0.0009506059,-0.1898262,0.1456585,-0.3114181,-0.3248576,0.3896724,0.2537423,0.3015385,-0.455297,0.07133251,0.08212946,0.1500499,-0.2276496,-0.1493286,-0.1179681,0.05323603
0.1412125,-0.6729463,0.374699,-0.01315717,0.0003867821,-0.0640617,-0.3037527,0.0001632459,-0.4555196,0.2700783,-0.08505535,0.2106751,0.3593487,0.02629275,0.01981571,-0.052359,0.08003347,0.02749819,-1.862637E-05,0.01427202,-0.2706589,-0.7513767,-0.08135236,-0.08531029,-0.0275335,0.3545564,-0.6770508,0.09984273,-0.1414446,0.09684557
1.047877,-0.2355506,-0.3423033,-0.01488128,-0.3106694,0.2267258,0.0936133,0.234059,0.7289552,0.1791797,1.097126,0.02560386,0.008681083,-0.3854638,0.06365424,0.03265742,-0.02611771,0.2080457,-0.003901417,-0.3688273,0.04468971,-0.05106413,0.02618914,0.1562049,-0.03615651,0.4294779,0.1043499,0.4937749,-0.007231396,-0.07468802
-0.417844,0.2970328,-0.001636583,0.1199077,0.4935631,-0.4882125,0.1233544,0.001583755,0.09068973,-0.03589788,0.3381813,-0.01088803,0.2059505,0.4509867,-0.3335303,0.08231837,0.0373177,-0.1998109,-0.002325125,-0.08151825,-0.3671765,3.678045E-05,0.3845718,-0.6519698,0.0009152846,-2.626983,-0.01497208,0.259118,0.03809243,-0.2154448
0.4848643,-0.03124764,-0.1441299,0.1043399,-0.3402745,0.3520248,-0.1269248,-0.08083826,0.6755748,0.01866385,-0.6154408,0.02132673,0.4772288,0.4828775,0.06689277,0.1494002,-0.06063968,-0.1013017,0.04046671,-0.4177465,-0.04499046,-0.284766,-0.001257596,0.09808166,-0.2167262,-0.09013845,0.1369928,-0.5252028,-0.5147068,0.1360786
0.006583785,0.004996595,0.001815088,-0.2760164,-0.03864618,0.09076827,0.2576841,0.01388463,-0.1087988,-0.9731889,-0.4356269,-0.3662151,-0.3678113,-1.662608,0.04347162,0.07034212,-0.1223908,-0.02819154,0.6785074,0.8024069,-0.2352556,0.004473005,0.06046307,0.01984776,0.05250395,-0.03356806,0.9078454,0.0003422915,0.1225916,-0.02193481
-0.009571027,0.1269468,-0.3777299,-0.426342,-0.1220968,0.1280525,0.096079,0.4951631,-0.1570649,-0.478737,0.05068399,0.1585142,-0.3070685,-0.2665237,0.05551982,0.158044,-0.05016625,0.001047964,-0.08749479,-0.01356024,0.1096161,-0.005220475,0.4654626,-0.2086796,-0.2888455,0.440498,0.2844849,-0.04491631,-0.07290424,6.895852E-05
-3.794594E-05,0.4260079,-0.129908,0.196242,0.5620936,-0.008373668,0.007929811,0.07897887,-0.2399038,0.446106,-0.145247,-0.4417404,0.1941471,-0.4485352,-0.02791196,-0.3883871,-0.3513782,-0.300922,-1.16651,0.1341188,-0.0419324,-0.1982785,0.03441007,0.0132984,-0.08737689,-0.3577275,0.1208957,-0.02349456,-1.116776,0.1221523
-0.3873022,0.1029948,-0.1242033,0.0002521391,-0.4282749,0.3260062,0.3927044,0.2154348,-0.2495068,0.1452849,0.1560709,-0.01809928,-0.410798,0.009550301,-0.1049355,-0.0001309875,0.4549445,0.2319581,-0.3905474,-0.06274617,0.0204704,0.02213247,0.1517804,0.01756759,0.1726728,0.1696611,1.067567,-0.5658683,0.3305731,0.3638389
-0.6196395,-0.7436123,-0.04594944,1.002931,-0.4966028,0.1956907,0.0588613,0.03242368,0.223625,-0.003935532,0.08806733,-0.05201862,0.04730731,-0.0281502,-2.560131E-06,-0.4179611,0.126892,-0.1271164,-0.1303024,0.004376775,-0.1261426,-0.09908491,0.4305636,-0.09868675,0.2895193,0.1877739,-0.3556992,0.06010471,0.002365923,-0.1056041
0.0009516376,0.1142501,0.1846896,0.4270145,0.9399379,-0.1558721,-0.2599014,-0.6116626,0.125515,-0.4872838,0.06060122,0.2270131,-0.2142975,0.190873,-0.7970531,-0.6851168,0.4807092,-0.6131021,-0.03911322,0.006916521,-0.4667923,0.3845463,-0.01114956,-0.08070535,-0.0009757857,-0.002062766,0.2306353,0.3092988,0.4305615,-0.2286791
0.065379,0.3120526,0.3059526,0.1437229,0.03084158,-0.3919389,-0.1306548,0.3993073,0.01779644,0.2147754,0.32303,0.01657201,-0.5501644,-0.4615122,0.4515433,-0.001611077,0.0257544,0.1129313,0.06627545,-0.1022167,0.4290231,0.02287868,0.236142,-0.1954666,-0.6279142,0.04853308,0.1202106,-0.03125947,-0.07552856,0.05011325
;
0.07326338,-0.03576273,0.2318044,0.319443,0.05248662,-0.3536621,0.4330416,1.510195,0.1490032,-0.3558013,0.1489858,-0.1115193,0.1925395,0.004177205,0.2590948,-0.1101502,-0.5775184,0.6750866,-0.01737195,0.134824,0.2570385,-0.1672138,-0.2086254,-0.01480583,-0.2300307,0.01046816,0.3716868,0.01886932,0.02815235,0.2281121
-0.5059953,-0.06553949,0.2504582,0.1125024,0.1392996,-0.3422524,0.09582765,0.1168284,0.3906475,-0.102009,0.2795804,0.2632381,-0.002850834,0.1183381,0.06051287,-0.2368792,-0.3630214,0.162157,-0.05319694,-0.1617827,0.1737208,-0.2166817,-0.08186576,0.05122258,0.3212837,-0.6619435,0.09728674,-0.3092873,-0.08752304,0.3069344
-0.7978886,0.06669591,-0.2010856,-0.1805134,-0.2094018,0.3619943,0.2524774,0.04595071,0.5867791,-0.03140158,0.2453532,0.17985,0.5658773,-0.0002195289,-0.3337953,0.3282592,-0.9790735,-0.03998199,0.01145835,0.02477464,0.3303645,0.1080232,-0.08980598,-0.4299881,-0.2312265,0.2486545,0.01520034,0.3747224,-1.348255,-0.00340803
;
