0.01512266
-0.2975571
0.3702317
-0.09346484
0.0003187459
0.0008644842
1.799836
-0.1117784
-0.2294315
-0.2683346
;
0.1908934,0.4245229,-0.04806147,-0.203451,0.3914441,-0.2943985,-0.05357641,0.01098464,0.02705072,0.119026
-0.7434881,0.08214734,0.3878498,-0.02268749,-0.0190141,-0.2043886,0.05407182,-0.2459713,0.2483247,0.6954893
0.0901983,0.004649086,-0.3858476,-0.2378108,-0.04950391,0.2330444,0.0606764,-0.438509,-0.3891934,-0.494424
-0.0006934573,-1.106021,-0.5416106,-0.0007377575,0.3695023,0.03967937,-0.3594069,0.1585044,-0.001191928,-0.1120599
-0.1665354,0.05953747,0.5036104,0.5345313,0.1505571,-0.005807225,0.2682551,-0.02677215,0.0503917,-0.142182
-0.1742576,-0.09142356,-0.01870597,0.03875747,-0.05163556,0.2967294,-0.2378806,-0.8731964,-0.1011396,-0.3784571
-0.03545472,-0.9338078,-0.009692817,-2.78308,0.2369826,0.1347095,0.6623664,1.128316,-0.0938884,-0.1699685
0.4116505,0.1109032,-0.7253378,0.4871402,-0.2366646,0.001983554,0.00805573,0.02070667,-0.0002777684,-0.09018442
0.07660276,0.3027451,0.1119744,-0.1434274,-0.1247774,0.4841466,0.127414,-0.2738895,0.2464513,-0.008107184
-1.505132E-06,0.08540291,0.01521283,0.05942866,-0.02705699,0.1349954,-0.39169,0.03205048,-0.1705173,-0.02926029
;
-0.03427342,-0.6363986,-0.187342,-0.1089664,-0.005559698,-0.2653798,0.02359277,0.05759603,0.00625063,0.003642319
3.162626E-08,-0.1161186,0.707993,0.05731374,0.09173452,-0.2026256,-0.01958235,0.04079677,0.07750757,-0.0004200592
;
-9.651947E-05
0.4592437
0.1555153
-0.04450244
0.08524472
-0.004065962
-0.1815419
0.1788686
-0.04562464
0.3831366
;
-0.02779973,0.1654274,0.03359348,-0.4803821,-0.06759334,0.1948701,0.01785587,-0.2762239,0.0793924,-0.1143877
-0.1022495,-0.2906931,-0.002628677,-0.09809643,0.2790642,-0.3279465,0.3990136,-0.06918982,0.1228088,0.05082732
0.2219684,-0.1542893,-0.00391611,0.02705101,0.02335163,-0.2799083,0.3234999,-0.02622282,-0.0674904,0.3288026
0.1026103,-0.1281736,0.7079549,0.05000774,-0.1555187,0.02424982,0.3380886,0.1818787,0.1184646,0.05828112
-0.3320268,-0.3271388,0.05924112,0.5666956,0.3654892,0.1085176,-0.2565519,-0.0269174,-0.02675284,0.265148
-0.1298087,-0.2574131,0.002126326,0.215911,-0.6084265,-0.3073944,-0.006212494,-0.01258287,0.1260586,0.04532258
-0.1468251,0.01760072,0.06764847,0.00013387,2.304664,-0.1853587,-0.005069736,-0.1851185,0.2291115,0.4001608
0.5107852,0.1399069,0.04718053,-0.002834619,-0.199419,-0.1723379,-0.3990146,-0.08563966,0.3469714,-0.1780452
0.26226,-0.6165749,0.4112723,-0.02501376,-0.05814871,0.07893164,-0.1481584,-0.01383484,1.230253,-0.09937741
-1.066212,-0.1947971,0.005668767,-0.03666596,0.2410178,-0.03875297,0.4580746,-0.2775767,-0.311018,-0.1918564
;
-0.458043,0.004056793,0.1130773,0.06175175,-0.1969307,0.09792627,-0.4720006,0.004895558,0.0304477,-0.3932943
0.1919064,0.3421043,-0.4882804,-0.09711653,-0.3398778,0.3011308,-0.03682584,0.04715784,-0.008476404,1.337366
-0.2183049,-0.7439725,0.2468606,0.02715,0.6840717,0.1017824,0.1390253,-0.4030702,0.149927,-0.01787907
;
0.0215016
0.003643094
0.3134957
0.0009527701
-0.1222542
0.4518076
-0.1199579
0.4282086
0.02952576
0.5001617
-0.6749297
-0.001176889
0.3512474
0.0003129669
0.4088815
-0.001814212
0.2651374
0.3872173
-0.1260383
-0.00638959
0.6497183
-0.01638994
0.389487
-0.01801022
-0.04960805
0.034724
0.04506972
0.4536033
0.0991599
0.1654191
;
-0.006238082,-0.1830035,-0.4733834,-0.0413372,0.03541234,-0.2767887,0.8154619,0.02206749,-0.3074454,0.04388398,-0.166299,0.01186253,0.05031877,-0.1833579,-0.6038639,0.4636548,0.03365275,-0.04533146,-0.1340558,-0.5516236,0.1071178,-0.5609586,0.1135515,0.1168916,0.003664379,-0.01435653,-0.1119711,-0.3074595,-0.1914161,0.001517015
-0.06448634,-0.08855396,0.09000831,0.1070857,0.4925163,0.08952683,-0.1739021,0.06445869,-0.153418,0.4792587,-0.4439572,-0.1752152,0.112771,0.4831622,-0.03016193,0.01141554,0.3275975,-0.1557026,0.3454049,0.1071635,0.07815307,0.04352401,-0.007518232,0.0008683528,0.1038764,-0.2330772,0.4472868,0.05111367,0.3782987,-0.3524497
-1.394592,0.4421143,0.4995092,0.2403833,-0.2066747,0.9135053,-0.1273687,-0.4920273,0.4594771,-0.4422467,-0.08879476,-0.4704934,-0.4305255,-0.1173951,0.3338514,0.01146268,-0.2234169,0.218143,-0.7216524,-0.02982364,-0.4604514,-0.02861276,0.07762503,-0.04052427,-0.1598238,0.2399147,-0.001148451,-0.4089015,-0.01267668,0.03650549
-0.1569398,0.1608037,-0.1102509,-0.1594201,-0.2999964,0.4832483,0.4883745,0.08013259,-0.2265399,-0.4357578,0.03569738,0.3157343,-0.4019341,-0.007669828,-0.2405798,0.03072915,0.4167615,-0.006961402,0.4109441,-0.01042409,1.107393,0.01647988,0.3097275,0.4917972,-0.05204448,0.06619295,0.3644731,0.4466704,0.6998912,0.515375
0.006962569,0.1958079,0.216611,-0.346597,0.3741601,-3.497977E-05,0.2962259,0.03031581,-0.03959614,-0.5318932,-0.08389735,0.2495797,-1.264836,-0.3658168,0.1143372,-0.002354235,-0.003897557,-0.1664944,-0.2948139,-0.08014659,0.3150352,-0.3165541,-0.1770249,0.03088912,0.3146313,-0.1942919,0.6623218,-0.05332618,0.22871,-0.2152025
0.9537184,-0.09972907,-0.2900685,0.4657249,0.2066883,0.1760979,0.02682583,-0.04243945,0.1607632,-0.04196853,0.1072123,0.2153869,0.5079255,0.08392826,0.02043602,-0.1148329,-0.08824463,0.2150003,0.2043591,-0.0615023,-0.6113849,0.1011637,0.241941,0.2281582,0.2684696,-0.2001455,0.1900266,0.1106747,0.2349039,-0.07652506
-0.4675224,0.06506723,0.002533863,-0.1415386,-0.2301177,0.3334469,-0.3195674,-0.00216384,0.4221957,0.7223132,-0.4961502,-0.566497,-0.07926996,0.05153447,-0.1880842,0.08688542,0.0027316,1.871925,-0.7322456,-0.2998042,-0.999312,-0.1413153,-0.3821204,0.1481876,0.1957627,-0.2911187,0.3952048,0.2105806,0.002914869,-0.1959312
-0.106902,-0.01877624,0.5106946,-0.4725378,0.4252586,-0.1735168,-0.2133157,-0.003339469,-0.0100221,-0.2184119,-0.1198266,0.05869686,-0.3505064,-0.01234092,-0.4631228,0.4828264,-1.981539,0.05351052,-0.002935112,-0.4927965,-0.4972318,-0.2231558,0.369396,0.2298678,-0.3498517,-0.4599844,0.3960018,0.07003169,0.802695,0.004217777
0.1556716,-0.2535627,0.5611772,0.3827407,0.361044,-0.04951771,-0.1322205,-0.6782163,0.02324586,-0.4318216,-0.4098473,-0.4177994,0.8023298,-0.1483145,0.1034915,0.00354907,0.05842859,0.418252,0.01291355,-1.264182,0.3626802,-0.4069518,-0.1924019,-0.04264188,0.4420512,0.4120771,-0.411406,-0.431338,-0.0298572,0.01281327
0.07172789,-0.005400804,-0.04972716,-0.07768804,0.2160327,-0.721297,0.2726828,0.1433279,-0.5807904,0.1831454,0.001417093,0.1979932,0.2815781,-0.06955153,-0.7139404,0.03121116,-0.06423476,-0.0237107,-0.3309872,-0.09813794,-0.1589537,-0.3064816,-0.1519387,0.004510493,-0.7459487,0.4030201,0.004206039,0.05376042,-0.002228883,-0.063169
0.02171041,-0.1649559,0.5973156,0.1513522,0.001252374,-0.001518717,0.00294627,1.181203,0.0446477,0.4518248,0.1408076,-0.01745822,0.2106788,0.4703666,0.001745552,-0.4716794,-0.2070288,0.1051827,0.3806581,-0.07069949,0.1321206,0.1162994,1.806783E-05,-0.02949064,-0.1621222,0.3820148,-0.1200355,-1.844587E-05,0.2022946,0.02578562
-0.04052909,0.3496362,-0.128919,0.04994968,0.2529171,-0.2304689,0.004558771,-0.2043645,-0.1990309,0.03143396,0.03477431,0.04126753,0.4980575,0.3871835,0.1795513,-0.5139871,0.3874583,0.4346124,0.2202251,0.415917,-0.06261767,0.5675093,0.009672054,-0.02950079,-0.1592974,-0.3958447,-0.2211011,0.1312811,-0.2139407,0.5836053
-0.1841658,0.00244253,0.4704483,-0.3499916,0.2251933,0.2477893,0.2469896,-0.4786418,-0.2856078,0.1409886,-0.0431899,0.4388708,-0.1293864,0.3498802,-0.1748309,-0.2235907,-1.130462,-0.4324872,-0.3817881,-0.6245106,-0.01080478,0.05931361,0.4366156,-0.05336171,0.1945601,0.000785447,0.1173463,-0.4238816,-0.3494366,-0.05607408
0.08905276,0.3105756,-0.008054633,-0.3449564,0.5224971,-0.003184731,-0.0002130914,-0.2631381,-0.0004498566,0.05800967,-0.0732823,-0.4081076,0.002721405,-0.05169722,0.3991081,0.05419952,-0.06796822,-0.03621569,0.3310864,-0.01489442,0.04046737,1.471398,0.8403434,-0.009135162,-0.01526573,-0.04393853,-0.2166394,0.4956194,0.00390398,-0.003964961
-0.2069046,0.8231885,0.0124804,-0.004378946,0.0102621,-0.3458638,-0.1078797,-0.2264143,-0.2138611,0.1048653,0.04588665,-0.5133763,0.02126216,-0.03419738,-0.05106207,-0.001704461,0.2003865,-0.2928095,0.3489515,-0.01908153,-0.06344986,-0.04992581,-0.03508463,-0.4918031,0.3522295,0.02859551,0.01136857,0.3917102,0.5280977,-0.02099315
0.001327654,0.1740219,0.0004402865,0.0974163,0.1891453,-0.06667715,-0.2075955,0.3449055,-0.01857632,0.2772583,-0.1910833,0.4501535,-0.2180852,0.5368724,-0.183431,-0.005289176,0.1400517,0.004683618,-0.4540129,0.08914261,-0.003646562,0.8191242,0.1243363,-0.1154964,0.01767176,0.03828944,-0.05575174,-0.2637479,0.2938567,-0.03367748
-0.2325498,0.04574712,-0.02867285,0.02741639,0.1045702,-0.09827109,-0.08445118,-0.3480773,0.009025434,0.5879792,0.1243142,-0.01767486,-0.08454355,0.4151388,0.1051307,0.0004464705,0.149372,-0.07940666,-0.2726737,-0.7255446,-0.2640898,-0.4049058,0.00888487,0.0155022,-0.1564271,-0.04648289,0.01500529,0.05875571,-0.2311166,-0.05182919
0.01338918,-0.4448534,-0.1773827,-0.01568848,-0.3117356,0.06155425,-0.003519716,0.4283308,-0.008136575,0.1133793,0.1662172,0.005775931,0.3843846,-0.04521781,-0.0792895,-0.009378291,0.6195702,0.003101983,0.1938299,-0.009182437,-0.9364457,-0.09176368,0.4038464,0.4108855,0.1088569,-1.123576,0.4482426,-0.1684217,0.2984455,0.1551273
-0.3274653,0.0251388,7.200662E-05,0.00156172,0.1757009,-0.02554042,0.03392499,-0.002720637,0.005335075,0.332356,-0.4142334,-0.1233346,-0.02263327,0.4090607,-0.0009650847,-0.1898262,0.1737332,-0.1215556,0.2163968,0.3896724,-0.2996058,0.2274569,0.455297,0.161918,0.04553074,0.07649809,-0.3651301,-0.01641835,-0.1179681,0.4041245
0.2239418,-0.6729463,-0.374699,0.01599453,0.0003867821,-0.0640617,-0.3037527,-0.0001632459,-0.4555196,-0.1556627,-0.08505535,0.2106751,0.3593487,0.04276882,0.02035538,-0.052359,0.08003347,0.02749819,-1.862637E-05,-0.01427202,-0.2751968,-0.4788003,-0.08135236,-0.08531029,-0.0275335,0.02545923,-0.6770508,0.08606131,-0.1414446,0.3037536
1.047877,-0.2355506,-0.3423033,-0.005693945,0.113211,-0.04337925,0.0936133,0.234059,-0.04431611,0.09539723,0.4927062,0.02560386,0.008681083,-0.3854638,0.06365424,-0.03265742,-0.02611771,0.2080457,-0.003901417,-0.3688273,0.04468971,-0.05106413,0.02618914,0.1743697,-0.009095919,0.4294779,0.1043499,0.4937749,-0.007231396,-0.07468802
-0.417844,0.2970328,-0.001636583,0.1199077,0.4935631,-0.9146982,0.1233544,0.0001330837,0.1729712,-0.03799301,0.4020282,-0.01088803,0.2059505,0.4509867,-0.3335303,-0.08231837,0.0373177,-0.3687485,-0.003059983,-0.1356542,-0.1855358,3.678045E-05,-0.2781088,-0.6519698,0.0009152846,2.626983,-0.01497208,0.4459672,0.03809243,0.2154448
0.4848643,-0.03124764,0.2379002,0.1043399,-0.02529685,0.3520248,-0.01216393,-0.08083826,1.261397,0.01866385,-0.6154408,0.2738849,0.4772288,0.4828775,0.6684487,-0.1494002,0.06063968,0.2493448,0.04046671,-0.4177465,-0.04499046,-0.284766,-0.001257596,-0.1041865,-0.3623722,-0.09013845,0.1369928,-0.5252028,-0.2780955,0.007724902
0.006583785,0.004996595,0.001965143,-0.2760164,-0.03864618,0.0219987,0.2576841,0.01388463,-0.1087988,-0.9731889,-0.4356269,-0.3662151,-0.3678113,-1.662608,0.04347162,0.07665461,-0.1723236,0.2269635,0.1636188,0.8024069,-0.2352556,0.004473005,0.06046307,0.01984776,0.05250395,-0.03356806,0.9078454,-0.0003422915,0.3875697,-0.02193481
-0.009571027,0.1269468,-0.3777299,-0.426342,-0.02864221,0.1280525,-0.05939609,0.4951631,-0.1570649,-0.478737,-0.05068399,0.1585142,-0.3070685,-0.2665237,0.05551982,0.158044,-0.0966879,0.001047964,-0.08749479,-0.3753664,0.1096161,-0.005220475,0.4654626,-0.2086796,-0.2888455,0.440498,-0.2844849,-0.04491631,-0.06285661,0.0001090581
-3.794594E-05,0.4260079,-0.129908,0.196242,0.5620936,-0.004389957,-0.007929811,0.07897887,0.2399038,0.2831212,-0.145247,-0.4417404,0.2273195,-0.4026693,-0.02791196,-0.3883871,-0.3513782,-0.300922,-1.16651,0.2063106,0.0419324,-0.1982785,0.03441007,-0.0132984,-0.08737689,0.5736368,0.1208957,-0.02349456,-1.54822,0.1221523
-0.3706332,-0.01695269,-0.1242033,0.0002521391,0.0851422,0.3260062,0.6049789,0.2154348,-0.1985755,0.1452849,0.1560709,-0.01809928,-0.2356787,0.009550301,-0.1049355,-0.0001309875,0.4549445,0.2319581,-0.7573473,-0.06274617,0.01170798,0.2197388,0.09402531,0.005296349,0.1726728,0.06335198,1.067567,0.291186,-0.369071,0.3638389
-0.6196395,0.7436123,-0.04594944,1.002931,-0.3077188,-0.04777735,0.05245201,0.03553104,0.3992716,-0.003935532,-0.1737244,-0.05201862,0.0323565,-0.0281502,-2.560131E-06,-0.4732561,0.126892,-0.1271164,-0.1519383,0.004279382,-0.03267912,-0.09908491,0.4305636,-0.1363018,-0.2895193,0.1877739,-0.3556992,0.06010471,0.002365923,-0.1056041
0.0006132827,0.1142501,0.1846896,-0.4270145,0.9399379,-0.1558721,-0.2599014,-0.6116626,0.125515,-0.4872838,0.06060122,-0.102934,-0.2142975,0.190873,-0.7970531,-0.6851168,-0.4807092,-0.6131021,-0.03911322,0.08641547,-0.4667923,-0.3845463,-0.01114956,-0.08070535,-0.0009757857,-0.002062766,0.2306353,0.3092988,0.4305615,-0.2286791
0.065379,0.3120526,-0.3219966,0.1437229,0.03084158,0.2796412,0.02822187,0.3993073,0.0333875,0.2957018,0.3840545,0.01657201,-0.5501644,-0.4615122,0.4515433,-0.001611077,0.003313385,0.1129313,0.06627545,-0.1022167,0.6124917,0.02287868,0.05634113,-0.1954666,-1.094518,-0.1650015,0.005337858,-0.03125947,-0.01657043,0.05011325
;
0.09936395,-0.03576273,0.2318044,0.319443,0.05248662,-0.3536621,0.3595914,1.510195,0.1490032,0.02017361,-0.1489858,-0.1115193,0.2096314,0.004177205,0.2590948,-0.1101502,-0.5775184,-0.394538,0.01737195,0.134824,0.2570385,-0.1672138,-0.2086254,-0.003100045,-0.01687522,0.01046816,0.3716868,0.01886932,0.01058211,0.2281121
-0.5059953,-0.06553949,-0.2467307,0.002275104,-0.1392996,-0.5726476,0.2234822,0.1168284,0.3906475,0.102009,0.2795804,0.2632381,-0.002850834,0.1183381,0.433558,-0.2368792,-0.3630214,0.162157,0.1025707,-0.1617827,0.1737208,-0.2166817,-0.02815134,0.05122258,0.3212837,-0.6619435,0.09728674,-0.3092873,-0.08752304,0.3069344
-1.472763,0.06669591,-0.07377796,-0.1805134,-0.2094018,0.2490429,0.2524774,-0.04595071,0.5867791,-0.03140158,0.2453532,0.2716503,0.5658773,-0.0002195289,-0.3337953,0.3282592,-0.9790735,-0.2813228,0.01145835,0.02477464,0.2675261,0.1080232,0.4361299,-0.4299881,0.2312265,-0.2486545,0.01520034,0.3747224,2.429466,-0.002093449
;
