-0.4772229
0.05350631
-0.1965052
-0.1909391
-0.1217535
4.842716E-05
-0.3656501
0.1692102
-0.1420615
-0.01651248
;
0.02212073,0.2696654,0.08382735,-0.03293321,-0.4665685,0.3355222,-0.1857443,0.3981487,-0.2647209,0.1463166
0.9633942,-0.2703899,0.7970976,0.4237215,-0.3168209,-0.1007672,-0.1256388,0.3729408,0.03125395,-0.4922986
0.2407805,0.03649022,0.3588829,-0.1140582,0.03401521,0.3752632,-0.4390349,-0.03087649,0.6761743,0.1805007
0.3249001,-0.06909272,0.2978294,0.06914002,-0.1949437,0.328207,-0.6684169,-0.09540325,4.859498E-05,0.04416903
0.08784705,0.1753417,0.04449345,-0.01327522,0.3021142,0.2398854,0.1212838,-0.3278242,-0.1619182,-0.342278
0.002021504,0.2350574,0.003856765,0.2390352,-0.1339708,0.1291655,0.2447543,-0.2423504,0.2512581,0.2077137
-0.1751947,-0.3124281,-0.2818248,0.2148815,-0.06228431,-0.7180556,0.561174,0.2393001,0.07947594,-0.4381367
-0.3301208,0.004311151,0.4794064,-0.3182409,0.1165596,0.009599575,-0.607052,-0.2660539,-1.252598,-0.1781339
0.160887,0.1440241,-0.0006343484,0.03608097,0.04776782,-0.8897035,-0.3709626,-0.07141937,-0.7305745,-0.2684385
0.1321576,0.318832,0.191395,-0.2871822,-0.4178598,0.3419138,0.08540834,0.03855686,0.1466765,-0.3008893
;
0.003722334,0.06778139,-0.562837,-0.05706614,-0.02162952,0.2309255,-0.01113259,0.4991688,-0.3283113,-0.001893222
0.8195539,-0.5248642,0.0806822,-0.3453079,-0.1977168,0.2443993,-0.03162439,-0.04079677,0.2991753,1.50466E-05
;
-0.2855582
0.4795233
0.4430819
-0.09882513
-0.2454736
0.08097336
0.04537442
-0.227206
0.03245486
0.1550477
;
-0.4666282,-0.1889167,0.007985764,0.4905744,-0.2214348,-0.0004838538,0.3722242,-0.1402025,-0.2073945,-0.08870596
0.2246199,0.4500788,0.2509906,0.3549371,-0.09141047,-0.001361476,-0.4474177,-0.1120279,-0.08998626,-0.01721786
-0.1117465,0.2442772,0.05996865,0.3098837,0.647454,0.2823117,0.1308865,0.1666878,0.1679211,0.1896449
0.0971331,-0.1103067,0.09238969,0.04947232,0.001827143,0.2191784,-0.0483084,-0.4670319,0.2586653,0.003694747
0.141118,-0.3499265,0.02284646,1.345057,0.04648884,-0.1836613,0.3538532,-0.005341702,-0.01274026,-0.4204396
0.05804487,-0.2322794,0.002500745,0.05360354,-0.2793256,0.007426152,-5.008484E-05,0.03813157,0.2221397,-0.03062015
-0.005441542,0.1056706,0.2863477,-0.0001706016,0.3221201,-0.4917578,-0.3263676,0.009643018,0.133173,-0.08887345
0.4630009,-0.4445118,0.0003305728,0.002376053,-0.1495501,0.3466585,-0.3822815,0.01723507,-0.02769938,0.03583761
-0.04655083,-0.1085094,-0.2810513,-0.05243803,0.5475292,-0.01435322,0.07519116,-0.07408603,-0.4041305,-0.4497098
-0.02370945,0.328914,0.2984239,0.003692658,0.05235221,0.1988702,0.4424138,-0.2188826,0.3810378,-0.2633264
;
-0.3440993,-0.03509436,0.1165784,0.02891643,0.398228,0.1694245,-0.3487059,-0.00229689,0.165689,0.3175522
0.2549534,-0.01705048,0.1349289,0.1306712,-0.05583242,0.2469835,0.03150773,-0.4684449,0.4754639,0.04113178
0.005084217,-0.06423117,0.04130295,-0.0002966179,-0.3040199,0.9033563,-0.0507618,0.06701424,0.04460799,0.3582377
;
