-0.03278859
-0.5482842
0.2016443
-1.119154
0.4607101
-0.3264011
0.2495171
0.2639849
-0.04876477
-0.5651718
;
0.4047491,0.490896,-0.07338501,0.5685927,-0.2362604,-0.1080911,-0.1288978,-0.745944,0.09877175,0.3271936
0.003617164,-0.5450809,-0.02515645,0.321643,-0.03349949,-0.1044804,0.04179325,0.08721747,-0.1388736,0.04904932
-0.1074351,0.01312645,0.2779956,0.04216057,-0.1839645,0.002221608,-0.1462495,0.9343894,-0.2611745,0.08363268
-0.3969959,-0.001562851,0.2610584,-0.04696376,0.0006434841,0.01584879,-0.01918212,-2.823691E-06,0.4568591,-0.2965057
0.1092174,0.001897654,-0.309261,-0.2523029,0.8355025,-0.03121611,-0.2731943,0.005315483,0.143575,-0.3632929
-0.1663044,0.822404,0.1308502,-0.4035838,-0.002083245,-1.589504,0.06074029,-0.04035643,1.802223E-05,0.04632729
0.2937264,0.2595189,-0.3808499,-0.2541145,-0.02742353,-0.4652839,-0.01205215,0.02267486,0.6364549,0.3724239
-0.2566147,-0.1771978,0.05602843,-1.243609,0.0178859,0.5215108,0.6082417,0.3589504,0.6302221,0.2234729
2.090863E-05,0.1250069,-0.0001592325,-0.02609688,-0.005150198,-0.0511498,-0.0005227625,0.0128397,-0.05001003,0.375793
-0.001036138,-0.008815541,-0.2667521,0.4260267,0.3512596,-0.1283523,-0.05562375,-0.401922,-0.07812429,0.1973009
;
0.02963585,-0.1609282,-0.3015041,0.0221352,0.5149366,-0.02944701,-0.6340275,-0.3256634,0.07239243,-0.3208357
1.563286,0.0132778,-0.05129482,0.07434094,0.2361737,-0.1474013,0.5082765,0.001064656,-0.002324059,-0.007680766
;
-0.02229504
0.7325945
0.9706534
0.05249689
-0.1678957
-0.3325108
-0.07526152
0.1269402
-0.001114959
0.06667715
;
-0.2314253,-0.2761382,-0.2566032,0.03061344,-0.09564351,-0.06284889,-0.3707466,-0.2911412,-0.1693076,0.2318206
-0.2124116,0.8883096,0.05927805,0.01451394,-0.213912,0.158372,0.2805747,-0.3698729,-0.0004431918,-0.01121121
0.04989201,0.4116502,-0.002980333,0.1471611,0.08065537,0.01705195,-0.05304059,0.002317727,-0.1063706,0.09179586
0.3336871,-0.1172927,0.007176382,-0.1953174,-0.01899636,0.249197,0.0819995,0.471797,0.15132,-0.07125103
1.189721,0.3079946,0.05469495,-0.06740567,-0.04861248,0.005266801,-0.1685554,-0.1404977,0.3315622,-0.01809295
-0.4573851,0.1082961,-0.155341,-0.06877093,0.229175,-0.2029825,-0.4330454,0.006582844,-0.1148633,0.9607767
0.2439881,0.04939085,-0.1821706,-0.2767737,-0.3891028,0.07013007,0.6945627,-0.3561856,0.03450947,0.1235447
0.4394331,0.1909449,0.002817518,0.1190215,-0.4030961,-0.2264907,0.08162089,-0.1219732,0.02729398,-0.7351926
-0.005873369,0.43873,0.0362347,-0.2131211,-0.3749399,-0.1177151,-0.1031098,0.8168468,0.0636017,-0.26009
0.1870769,0.4148208,0.02015248,0.3659967,3.480976E-06,-0.0006465524,-0.005633,-0.679162,0.07124358,0.004993028
;
0.2432787,-0.2568935,1.45415,0.003141885,-0.2469654,-0.09686959,0.006643962,0.02425408,-0.1747401,0.1187292
0.8173068,-0.1904598,0.3522553,-0.01413599,-0.009625513,-0.2635751,-0.01508051,-0.08023924,-0.2533261,0.07461445
-0.1861388,0.1082425,0.3233634,0.0989458,0.2050897,-0.4552236,0.0703997,-0.1019385,0.01089626,0.1496439
;
