-0.002194249
-0.4864941
0.2016443
0.5389946
0.2466901
-0.4085526
0.1954549
-0.1835802
0.03262569
-0.7255495
;
-0.7256778,0.06904477,0.4002659,0.1576721,-0.2362604,0.03822469,-0.05372141,-1.020547,0.1809887,0.07109529
0.4533226,-0.5404585,0.1741019,0.4836147,-0.04001151,-0.03819904,0.0483745,0.06790316,-0.1812383,0.02210096
0.04380881,0.1776778,-0.2186864,-0.212655,0.01921827,-0.0006708988,0.07984465,0.02885666,0.2611745,0.475379
0.5586715,7.981271E-05,0.8409309,0.2697153,-3.42703E-05,-0.4617395,-0.02536424,2.823691E-06,0.4568591,0.3097009
-0.03106374,0.003676138,0.07622842,0.2022029,-0.1734989,-0.04090009,0.2731943,0.006531915,-0.6828523,-0.4193096
-0.1663044,0.8207451,0.04417604,0.2083716,-0.002083245,-0.0126184,-0.01334544,-0.01228694,-0.06357025,0.02667376
-0.1351379,0.2722956,0.03718446,0.02666964,-0.02742353,0.2629823,0.01205215,0.4627283,-0.7429757,0.2119488
-0.2720637,-0.07707544,0.153147,-0.1340642,-0.4951795,-0.3349177,-0.2709386,0.2487046,0.6080817,0.2234729
-0.03095847,-0.4389158,-0.0001592325,0.1149667,-0.4098507,0.1770452,0.4062157,0.02512283,0.05001003,0.01028634
-0.001036138,0.01007316,0.3682092,-0.1712057,0.4147273,-0.03118547,0.06334167,0.06870264,-0.07812429,0.3556097
;
0.01521627,0.1435305,0.4000032,0.0221352,0.1822475,-0.3828152,-0.0007211936,-0.2140795,0.2422135,0.3208357
1.563286,-0.008776776,-0.002674671,0.04092417,-0.2575884,0.8991405,-0.02929801,-0.7326382,-0.001813004,0.007680766
;
-0.1696135
-0.09081608
0.89692
-0.2149913
-0.1517928
0.3325108
0.3938616
0.2085382
0.2194433
-0.06667715
;
0.06934287,-0.2761382,-0.01768339,0.191712,0.09094261,0.3324461,0.3707466,-0.3232684,-0.1335508,0.1067458
-0.2124116,-0.8883096,-0.2132235,0.01165277,-0.1923049,-0.09387272,-0.1776229,0.3139549,-0.0004201863,-0.01121121
0.04989201,-0.5005007,0.002980333,0.05178849,-0.1599701,-0.0190827,0.1029778,0.002317727,-0.1063706,-0.1141607
0.006106952,-0.02022939,0.1840728,0.08641072,-0.1080576,0.05199236,-0.02834288,-0.4738888,0.04524972,-0.136354
-0.1761992,0.3079946,0.1338966,-0.1854681,0.1017733,0.2097342,-0.1685554,-0.2215389,-0.1199195,-0.01809295
0.3752068,-0.4214501,-0.1731878,-0.8364583,-0.03922739,0.2029825,-0.01800984,0.3395621,-0.1148633,0.05467283
0.4640441,0.01808798,0.7717521,-0.08592683,0.1705191,-0.008951027,1.309655,-0.6659576,-0.03128295,-0.437976
0.2620302,0.35745,-0.003548367,-0.3694495,0.1303362,-0.2264907,0.4968445,0.0004431779,-0.04656108,-0.1417481
-0.005873369,0.3930776,-0.4431916,-0.03498007,-0.01747866,-0.2348547,-0.1574344,0.03143132,0.04436607,-0.3385715
-0.03052627,-0.3169703,0.1790132,0.4033975,2.048381E-06,-0.2126932,-0.005139946,-0.6148914,-0.04492901,-0.004993028
;
0.08830955,-0.04723482,-0.06803769,-0.2733643,0.2469654,0.04355729,-0.009205589,0.005276858,0.1124445,0.1554671
-0.1674536,-0.06505477,-0.3522553,-0.1040476,-0.009625513,0.07071224,0.2884524,-0.005126297,0.1900442,-0.07461445
0.07550175,-0.01615614,-0.001442647,0.0989458,-0.1494758,0.1049824,0.1479738,-0.1019385,0.01036184,-0.07062762
;
