-0.2219035
0.05034584
-0.0837141
-0.4855996
0.4723047
-0.1286373
0.4560946
0.2959985
0.3446774
0.1592886
;
-0.2459465,-0.4394888,0.196599,0.01602,-0.08905393,0.1640591,0.4450126,0.4043015,0.2707806,-0.1139221
0.03602463,0.4812562,0.3936437,0.1873714,-0.1298125,0.005655706,-0.1485552,0.1000296,-0.469111,0.1982338
-0.1268085,0.2352943,-0.2173048,0.2304848,-0.4555269,-0.2156785,0.4712518,-0.1004366,-0.04844195,-0.03079051
-0.4027208,-0.07452542,-0.3218135,-0.4655355,-0.4749284,0.3971393,-0.4728361,-0.2505388,0.1095302,-0.3886925
0.193956,-0.4527218,-0.2281139,-0.09516498,-0.2430812,0.2667713,0.2571765,0.2888871,-0.03855437,-0.21841
-0.3512034,0.3307128,-0.3886691,-0.4992964,-0.4297307,-0.4635764,-0.1186314,-0.09694582,0.4270762,-0.2071646
-0.3555597,-0.05615133,-0.135735,0.2510411,-0.3241454,0.1612638,-0.4899031,0.07735091,0.1079332,0.1356184
-0.04997379,0.4408263,-0.1358796,0.09965509,-0.1009666,-0.413113,0.4025259,0.05782801,0.3821243,0.4720976
-0.3236195,-0.01499552,0.6370751,-0.08243078,-0.4769,-0.1435944,0.3246174,-0.3629781,0.365695,0.05184823
0.4018698,-0.2948055,-0.2878146,0.192103,-0.3268806,0.1444895,0.1421853,-0.3913194,-0.1467624,-0.3054359
;
-0.3313011,0.1934365,-0.09568673,0.15433,-0.3161094,0.1769919,-0.362506,0.446926,0.22066,0.09950608
-0.211963,-0.001646459,-0.465212,-0.0008146167,-0.4168934,0.2845838,-0.1213891,-0.2035198,0.4895332,0.09554356
;
0.0007427959
-0.4413929
0.007111628
0.3310285
0.4085623
0.2197387
-0.2932525
0.01853637
0.2761115
-0.3294049
;
-0.04375806,-0.4243253,0.04929378,0.1626565,0.3383637,-0.03490537,-0.04164845,0.2267377,-0.0007105794,-0.4200838
0.465102,0.3263468,-0.2504185,0.9405864,-0.04111192,-0.01438634,0.2051529,0.04000208,0.4503678,-0.09291732
0.3856457,0.2778025,-0.4684694,0.190242,-0.3526064,-0.326595,-0.19946,-1.948716,0.2220615,-0.1837708
0.7437766,0.1541134,0.02630699,0.637771,0.003965167,-0.04124522,0.1195677,-0.4559233,0.1206249,0.009142387
-0.1426747,-0.01162756,-0.1096461,0.3639629,-0.007159148,0.02478758,0.4324721,-0.8818992,-0.4617732,-0.05879638
-0.4225149,0.3863016,0.4611948,0.03867741,0.2882348,-0.001115262,0.001485815,0.007915275,-0.2018695,0.3819681
-0.3983799,-0.1287423,-0.005248083,-0.08315551,-0.4437862,0.1643007,-0.01487521,0.9026335,-0.1738477,-0.3907197
0.02032131,0.008565682,-0.2523339,0.352033,0.4323988,-0.3149751,-0.02822837,0.01373137,-0.1374654,0.3653257
0.2167896,-0.3622918,0.6247705,-0.1438403,-0.01268833,0.04850848,0.1616827,0.1288526,0.05063916,0.490219
0.1925123,0.2704199,0.3203027,-0.224409,0.103029,-0.2872763,-1.895791E-05,-0.3303998,-0.1805376,-0.006157327
;
-0.1776148,-0.01020654,-0.2442992,-0.276699,-0.2187155,-0.2638456,0.3128575,0.00854236,0.4094402,0.4644985
-0.1536979,0.04154576,0.07539166,-0.169692,0.02072333,0.6446793,0.3136644,0.2340717,0.4115071,0.1886725
;
-0.2855482
0.5062102
-0.3898981
-0.008301984
-0.3439045
-0.1727875
0.07110542
0.332105
0.3137559
0.01366132
;
0.2724695,0.1191905,0.2611051,-0.1028417,0.1970132,0.3764248,-0.00953707,-0.01968596,-0.002401726,-0.3292933
-0.4440423,-0.4172821,0.5627044,0.2075378,-0.07851686,0.02007163,0.3228859,0.2175633,0.0002134995,0.06171038
0.02420729,0.09831757,-0.03152603,-0.1313164,-0.06631466,0.4658305,-3.695235E-06,0.1037657,0.4930718,-0.3924739
-0.3085449,0.9475461,2.642134E-05,0.3545956,-0.123907,0.1921731,-0.1308771,0.902918,0.09909815,-0.06961364
-0.04114554,-0.1608627,-0.1646352,-0.2807555,0.4741568,0.2124395,-0.0001167521,-0.07839295,-0.3826058,0.05376014
-0.0402342,-0.2124703,-0.01918608,0.009358022,-0.005053707,-0.003286898,-0.0870283,0.005933184,0.06990242,-0.1584079
0.3371022,-0.5101258,0.1658298,-0.04972214,0.03895205,-0.2069586,-0.8111785,0.2122963,0.03932222,0.02337002
0.004695859,-0.06452411,-0.5383996,-0.01811701,0.4176137,0.2672063,-0.03317183,0.0525362,0.001391285,-0.07819862
0.4396009,0.02188046,0.03615361,-0.6234612,-0.06446056,-0.4056119,-0.0213725,-0.1866553,-0.02328044,0.4076842
0.3937087,-0.01807807,0.06061572,0.1756712,0.3657199,-0.1131869,0.1829369,-0.3851291,-0.02927886,1.07338
;
-0.6046842,-0.6067621,0.02447431,0.005580223,0.09459245,0.6612278,-0.3221639,0.01740418,-0.2903939,0.0890438
-3.515719E-07,0.259145,0.08503547,-0.141654,-0.08694881,0.04318478,0.0003628833,0.238081,-0.408301,0.8160438
;
0.4808259
0.3007854
-0.2150361
0.00136963
0.06851218
0.07001678
-0.08761281
-0.06330627
0.0007760202
-0.3381664
;
-0.5040725,0.3397437,0.5432094,-0.46316,-0.2727545,-0.01450836,-0.02537795,0.01119362,-0.472182,0.09310776
0.2634056,0.3916447,0.004692455,-0.003332936,-0.02475345,-0.2726967,-0.2156574,0.4969767,-0.43629,-0.04085812
-0.3867324,0.01494721,0.6492354,1.325139,-0.03327158,-0.02074719,-0.404101,-0.2740053,-0.1375856,0.4622555
-0.1511049,0.05921323,-0.4821147,-0.430583,-0.2965218,-0.01523332,0.1823252,-0.02567057,0.0199675,-0.1877746
-0.4206198,0.4767704,-0.05795542,0.03306299,0.349127,-0.3445143,-0.0130318,0.002340394,-1.770914,0.2638798
-0.268322,0.1003053,0.1506824,-0.2881931,0.4377024,0.2580044,-0.3179047,0.2441762,0.001056304,0.4752903
-0.06556784,-0.03692601,0.3136101,-0.01581893,-0.09408276,-0.3498369,-0.08729088,-0.6082727,0.3424068,0.3277111
0.03186196,0.2263954,0.09625365,-0.5348833,-0.0670567,-0.542966,-0.1571555,0.02878278,0.1382884,0.3734282
-0.07640025,-0.01935703,-0.02043399,0.01111634,0.4081424,-0.001586939,0.1875883,0.1262393,0.2208014,-0.002013812
0.2503943,0.259134,-0.02170694,-0.5177047,0.3825514,-0.2448763,-0.3505591,0.09408291,-0.239974,0.04005045
;
0.5766302,0.1376015,-0.06549376,0.04917739,-0.1649954,-0.4203534,-0.4725,-0.3759309,-0.003400404,-0.01660055
-0.02784235,-0.006603137,0.5049702,-0.1003516,0.4164984,-0.2125975,-0.3405243,0.02545851,-0.6826019,0.07353316
-0.2576676,0.02982549,-0.03266758,0.1064948,0.0002612458,0.2610364,0.3857116,0.03359432,-0.4723364,0.4325818
;
0.01440302
0.2285819
0.6716121
-0.08252567
0.01121563
0.0001264539
0.1052579
-0.09772998
-0.3135774
-0.06067497
0.5847277
-0.3228893
0.4407619
-0.4793591
0.1861918
0.008205305
-0.1718968
0.1090718
0.279328
-0.07640763
0.2924876
0.07944983
-0.498314
-0.196604
0.01601108
-0.3372146
0.2558063
-0.2025042
-0.06519838
-0.9779321
;
0.4372718,0.01756861,-0.402375,0.4908522,0.02673033,-0.5051389,0.01135583,0.339107,-0.1748033,0.3048087,0.1470926,-0.4337075,-0.2261094,0.02035136,-0.5801913,0.05484459,-0.3902856,0.4679466,0.07054096,-0.4561594,0.08211972,-0.007431522,1.019151,0.3785729,1.460483,0.0366879,0.06904203,-0.1367506,-0.2808353,0.4153177
0.066423,-0.3821123,0.772119,0.2266442,-0.3758196,-0.3088751,-0.04692125,0.2037152,0.6383153,0.1000021,0.02810464,0.1478973,0.1997949,-0.4842006,-0.2331097,0.1479521,0.286759,0.1344887,0.0163975,-0.1715921,0.4451816,-0.01515298,-0.3404557,-0.08611525,-0.2621207,0.2523218,0.05839683,-0.2967715,0.02243885,-0.1330237
-0.3107476,-0.1682068,-0.3224845,-0.09579895,-0.03042069,0.4915048,0.1475097,0.2115348,0.4715297,0.04888179,0.5012718,-0.4100169,-5.30727E-05,0.3499215,0.730122,-0.4415532,-0.3884356,-0.03055486,-0.3495256,-0.3084892,0.07278779,0.415095,0.05577073,-0.4741237,-0.08492652,-0.6963239,-0.3539495,-0.4006435,0.002820061,-0.003698973
0.04067473,-0.1082926,0.1339662,-0.2489155,-0.06237479,0.6172125,-0.07590991,-0.3252782,0.1251417,0.001298471,0.4362919,-0.2285175,-0.3762101,0.01059171,-0.005999705,-0.3381261,0.02083679,0.1208021,-0.1959829,-0.3466815,0.8646041,-0.06942831,0.4446263,0.4581535,0.9984608,0.1330766,0.4526241,0.1224887,-0.2328201,0.4577053
0.4892011,0.4619662,-0.05156726,0.3254867,-0.2471477,-0.3865622,0.2963418,0.2434261,-2.062187,0.3533682,0.3038312,0.02528816,-0.1077851,-0.401483,0.281231,0.03555758,-0.1074683,0.07033729,0.3073453,0.05710086,-0.3848821,-0.3517995,-0.4842418,-0.2887795,0.2056599,-0.1118951,0.006858008,-0.0243449,0.04403605,-0.01667332
-0.09010922,0.219652,-0.02588037,0.1671966,-0.01337954,0.09817477,0.3995332,-0.4479292,0.1081626,0.05157596,0.6362342,-0.3285131,-0.4360958,0.3441168,-0.7869011,-0.02816945,0.03345018,-0.05556267,0.169943,-0.2574033,0.02258441,-0.4229237,0.4517729,-0.07446909,-0.003572604,-0.1189149,-0.03417064,-0.2295527,-0.2063269,-0.04337523
0.002232772,-0.5283881,0.7680662,-0.1559194,0.08117448,-0.1823201,-0.1712207,-0.04405978,0.2277789,-0.3912956,0.3612982,-0.04447907,-0.4487696,-0.4850389,-0.3889613,-0.09971815,-0.3218561,0.2742224,0.2138641,-0.2806323,0.02274664,0.0433286,-0.07539517,-0.4761927,0.2022815,0.02705742,0.4328461,-0.00564152,0.1156798,0.2879857
-0.1510159,-0.004285126,-0.1226651,-0.2829964,0.365021,-0.1208625,0.2689216,-0.4043854,0.06947798,-0.1244381,0.06647609,0.1668934,-0.1471533,0.006573683,-0.9654445,-0.2944169,-0.1045524,0.01715904,-0.7585974,-0.002187672,-0.007105721,-0.03958664,0.2504028,0.2624981,-0.002844553,-0.004078689,-0.1579311,-0.04801936,0.1998943,-0.1564668
-0.1692581,0.06679162,0.05530477,0.0004282358,0.003078912,-0.1253579,-0.009859552,0.3797596,0.2343426,-0.1312886,0.4105938,0.7285225,-0.2624501,-0.2485902,0.08138844,-0.463263,0.003907875,0.4725715,-0.150192,-0.1121174,0.6082628,0.003422216,0.0122288,-0.1978867,0.3117948,0.03768943,-0.4685526,0.004664555,0.2878952,0.151763
0.04168628,-0.2816004,0.2391902,-0.5061209,-0.4613492,-0.2375849,-0.1103759,-0.4201897,0.1716059,-0.1769291,0.08429831,0.258224,0.02488822,0.3826718,-0.3193117,-0.4524494,0.1178314,-0.09237629,-0.07882339,0.3208847,0.003642202,0.4373946,-0.5505603,-0.022201,0.04285691,0.3011667,-0.044868,0.5572588,-1.34843,-0.007001163
-0.02041,-0.660198,-0.1900935,-0.1143396,0.1262306,-0.9339969,-0.009075419,0.1955465,-0.006972332,0.1978308,0.3867905,0.2240611,-0.1247882,0.07738875,-0.3910599,0.4173072,-0.2770072,0.1240827,0.313898,0.0049998,0.3139066,0.5252553,0.4458498,-0.004978077,0.117753,0.03431312,-0.0446393,0.342154,-0.5989466,-0.005806883
0.4991669,0.08892389,-0.3667472,0.09094711,0.1612167,-0.002448607,-0.9645335,0.05547537,0.2714587,0.1709269,-0.3220472,0.06645875,0.008991539,0.2359387,-0.09390491,0.05953836,-0.1041438,-0.2260763,0.9956775,0.2726272,-0.1958029,0.07551982,0.001993067,0.1508477,0.277043,-0.4566988,-0.3169764,0.1936513,-0.1697131,0.03065725
0.1660828,-0.3073072,0.233216,-0.3278157,0.247172,0.3145345,-0.005053561,-0.3904814,-0.1715402,-0.1550471,0.0008838628,0.05183727,-0.1622483,4.932271E-05,0.06528076,-0.1638154,0.06021822,0.1186334,0.3807945,-0.01051766,-0.452547,-0.06959897,-0.3052622,0.3431481,0.001987902,-0.0006748938,0.5522236,0.4167895,-0.5170165,-0.2016873
0.1446075,0.03696471,0.07758815,-0.03549408,0.07949664,-0.2650312,0.05038732,1.197412,-0.4149385,0.3271019,0.009652915,0.0715303,0.007738564,0.9546628,0.04092606,0.02815692,-0.5891559,0.3792384,-0.2330447,-0.02972712,-0.004829069,-0.08767641,-0.15451,0.3914653,-0.1249847,-0.1159715,-0.3220722,0.4825277,-0.2194507,-0.1095002
0.2282308,-0.03134814,0.7840192,-0.06843822,0.06510307,-0.01477578,-0.5973212,0.2775323,0.3724754,-0.1499172,-0.3922555,0.4741935,0.08461732,0.2374139,0.06988402,0.1030155,0.9139231,-0.006575787,0.4129596,0.3159547,0.003337444,0.05027765,0.06285123,0.07545751,1.102892,-0.3989575,-0.04985255,0.02908736,-0.5138574,0.1377514
-0.1020229,1.343078E-05,0.00547938,0.1110077,-0.2758065,0.4004534,-0.01610847,0.03313283,-0.04014686,-0.02517303,-0.02897432,0.1168519,0.007225914,0.004580851,-0.4167693,-0.06212896,-0.02097622,-0.01018447,0.3972999,-0.005548894,0.03796822,0.3741852,0.2545558,-0.1012833,-0.1647539,0.8563071,8.522058E-05,-0.01035297,0.1163034,0.05534917
-0.1633999,-0.6046927,0.5225158,-0.149361,0.06056422,0.07703114,-0.4887441,-0.03854633,0.1224321,0.00422515,0.03233459,-0.3176364,-0.3889108,-0.9942369,0.2921596,-0.3314506,-0.36262,0.1876836,-0.07939869,0.2667616,0.0002642126,-0.3476689,-0.3067337,0.114785,-0.08702332,-0.01286232,-0.1468698,0.2136663,-0.5134209,-0.3987889
-0.05085651,-3.209567E-05,-0.05476362,-0.5112683,-0.5123728,-0.3745544,0.04043802,0.3266382,0.03081542,-0.1336415,0.3221508,0.3793684,-0.001238115,0.04369849,-0.2536165,0.01267903,-0.4780599,-0.01906412,-0.03940254,-0.09730435,0.007220907,0.1131244,0.3525378,-0.3504809,0.2437097,4.558852,-0.3920336,-0.0004159481,-0.04330813,-0.05994941
0.1255254,-0.4098419,-0.1160936,0.3868002,0.302812,0.3757613,0.3393571,0.3022551,0.3577535,0.5752914,-0.3826215,-0.4041193,-0.1649572,0.008616063,-0.5083392,0.3596375,0.1692321,-0.006927508,0.01585134,-0.185779,0.1959115,-0.0004346865,-0.2144211,0.2410441,-0.06576794,0.4247262,0.02449155,0.2289166,-0.3074789,0.1058942
0.06399471,0.8787662,0.8038867,-0.390668,-1.12534,-0.9178144,-0.03524872,-0.1703199,0.4310353,0.03776329,0.1633626,0.05606526,0.3243513,0.02143611,-0.006601133,0.8201442,0.4492399,-0.03398708,0.4165598,-0.0002777656,-2.777967,0.4130873,-0.03296397,-0.3230351,0.3836368,1.195822,0.7670436,-0.03613235,0.1720659,0.09697475
0.3481004,0.2247703,0.01079783,-0.1783404,-0.04164642,0.3897794,0.1418122,0.0584831,-0.4143722,-0.1333162,-0.2610479,-0.05149168,0.63561,0.1969089,-0.7574119,0.02326022,-0.1439359,0.3465872,0.03435026,-0.0178762,0.2306646,-0.2748259,-0.3467421,-0.03928115,-0.03981113,0.06852376,0.004548301,-0.4166859,0.341592,-0.08320617
-0.02881351,-0.5224983,0.1451968,-0.4089684,-0.01515311,-0.1427915,-0.4825248,0.01475284,0.2375782,-0.4406783,0.06433719,-0.02870563,-0.08048971,-0.004808724,0.3623342,0.004507115,0.2090989,-0.1621962,-0.3922329,-1.0387,0.2182474,0.1214526,-0.03408557,0.2186407,-0.01007198,-0.1002113,-0.07012115,0.1486093,0.02466768,0.6423402
-0.03887233,0.4942002,0.1617787,0.06221211,-0.1995952,0.09035179,0.02951765,-0.103142,-0.4469699,-0.1329771,0.003484572,0.5360821,0.8245379,-0.01960443,-0.6519398,-0.1856791,0.9503852,-0.129141,0.3233026,-0.1168986,-0.005263507,-0.8876449,-0.3099492,0.0557904,0.02435094,0.4569317,-0.124254,0.2560647,0.0003209687,-0.03702635
0.06611329,0.1380118,0.3139821,-0.5070277,-0.1613243,-0.1350121,0.1820355,0.02283127,0.09442583,-0.0866624,0.05472189,-0.4048406,0.003436681,-0.2550768,0.05857864,-0.05139142,0.1322455,-0.0001775281,-0.2440439,0.04759718,-0.07700795,0.4016303,0.2572567,-0.02053851,0.1777025,0.4913187,0.3660364,-0.2137759,0.07775087,0.3295553
0.4372808,0.01709749,-0.04293102,0.195786,0.06784357,0.488332,0.2619697,-0.0003475178,-0.3427607,0.7114614,-0.2657048,0.175551,0.03879817,0.4276359,0.1624497,-0.1038373,-0.07652663,0.1076548,0.2605298,0.1268502,-0.2263548,0.1592405,0.3252111,0.1263746,0.05980362,0.6639253,0.04222113,0.01469354,-0.008529455,-0.2460388
-0.2859275,-0.004553639,0.1094799,-0.153647,0.03604556,-0.3642158,-0.1131967,-0.09048229,-0.2909912,0.3858705,0.3260671,-0.2251751,-0.09142916,-0.4940776,-0.001157701,0.3256075,-3.452617,0.2758214,0.007670976,-0.002999751,-0.004772768,0.02632222,-0.3560436,-0.4556071,0.09436165,0.318826,-0.3620285,0.001534155,-0.003402889,0.2988449
-0.54014,0.05173498,0.1150362,-0.9704618,0.1340293,0.3150238,0.3861617,-0.0009291322,-0.2698339,0.4049851,0.3578454,0.2119701,0.2118139,-0.1593656,0.2785757,-0.06614572,-0.06765809,0.2111048,0.2933189,0.4346398,-0.009818837,0.2617287,0.1534466,0.3571594,-0.08029789,-0.3992001,0.1704112,0.2381915,-0.1332695,-0.01130491
0.4498682,0.3228757,-0.3104547,-0.1701316,0.2754855,0.2357079,-0.0181529,-0.04003352,-0.2810841,-0.09851175,0.08267647,-0.4958768,0.3923827,0.4709461,-0.1795233,-0.004360795,0.5598277,0.001394224,0.219507,-0.009751439,0.1524687,-0.370212,0.4357187,-0.3110886,-0.1302838,-0.06398484,-0.8406063,0.1526574,0.7609097,-0.003362973
-0.2484605,-0.1851265,-0.2980917,-0.3560554,0.3111826,0.1698601,0.273322,-0.220146,-0.1069575,-0.01748586,-0.01371821,0.4588293,0.4439093,0.2649842,-0.1274348,0.3854498,-0.246868,0.08548313,-0.07923459,-0.003431823,-0.01688945,-0.3561233,-0.006836398,0.03271047,0.2704369,-0.04765128,0.2281438,0.1555414,0.09725701,-0.004109784
-0.351241,-0.001009524,0.008285103,-0.005884111,-0.4694389,0.019134,-0.4405125,0.02755493,0.1401161,0.06340946,-0.01060095,-0.5012474,0.6473086,-0.1422326,-0.2830086,-0.01259201,0.06591491,0.1730836,-0.1649211,-0.004332642,0.4606864,-0.1783649,0.4330305,-0.49074,-0.09480926,-0.01240726,-0.03446037,-0.008759069,0.5963563,0.3339171
;
-0.5920615,0.2874023,0.06073929,0.4939309,-0.02876069,-0.3718376,1.458607,0.003122151,0.3079801,0.3691353,-0.193963,-0.01662356,0.004574025,-0.3220414,0.4655761,-0.0176515,0.05736196,-0.1085214,0.01410419,0.05189568,-0.08644329,0.370684,0.3389118,0.0001149058,-0.06075889,-0.06071264,0.06115853,-0.4747834,0.2048487,-0.1649672
0.06655142,-0.6721404,-0.001567617,0.1709253,-0.3659245,-0.2925042,0.1496268,0.0130405,0.4726756,-0.09869476,0.02109309,0.0364586,0.001235256,-0.9773141,0.02497894,-0.2642351,-0.2465668,0.0152586,0.5020138,0.3930072,-0.3760469,0.01853227,-0.026796,-0.04023311,-0.1034064,-0.00447287,-0.001569373,0.2396424,0.1182566,-0.4381342
-0.02387155,0.3108968,-0.1354951,-0.3886364,-0.5203365,-0.3417174,0.1031518,0.08690847,-0.1731379,-0.02677876,-0.1049862,0.001387739,0.2488248,-0.4097766,0.0077914,0.4499536,0.01755621,-0.05368561,-0.04759721,0.1601324,1.271587,-0.00748632,0.03779882,-0.02236675,0.001316552,-0.008891153,-0.173291,-0.453216,-0.318156,-0.01031749
;
-0.1730922
-0.1116978
0.1005518
-0.03273672
0.0005385246
0.5466768
0.2140168
-0.4673157
0.5080869
0.1184928
-0.1351114
-0.6265441
3.875527
-0.006362365
-0.3803271
-0.04683903
0.3550536
-0.3787487
-0.1313215
0.165928
-0.3320268
-0.2185885
0.2152557
0.00216112
0.4798571
0.2877771
-0.3984932
-0.4144156
0.6794013
0.3678164
;
0.04316165,-0.3675481,-0.2201737,-0.0008943523,-0.2954191,0.04872209,-0.9465703,-1.527108,-0.4236702,0.1253475,0.04720157,-0.2574323,-0.0008683835,0.261299,0.1079046,-0.01896909,0.0483212,0.04438229,0.1265034,-0.2169359,0.2114817,-0.2627046,0.175287,0.4415739,-0.09544817,-0.08842653,-0.4653175,0.1640854,0.06864989,0.04724888
0.01525411,-0.03935245,-0.08304423,-0.169733,-0.4271235,-0.2205101,-0.01480269,0.03845703,-0.2145302,0.4814816,0.01269277,0.2173209,0.683828,-0.1725731,0.05852014,-0.2765995,0.1164682,0.2915363,-0.009356439,0.02405576,0.03580439,-0.4285177,0.2080414,-0.05983395,0.3648134,-0.3303273,-0.04201151,-0.09357562,0.1779268,-0.005820292
0.07957138,0.006586346,0.02191368,0.07179021,-0.04536833,0.02065279,0.07123302,0.6974201,0.3531692,-0.2046914,0.0001174132,-0.02757472,0.2570995,0.3554038,0.2662359,-0.4821587,-0.05972759,0.002009331,-0.3187685,0.07427283,-1.060665,-0.0001777388,0.1653263,-0.05319631,0.05716608,0.08294667,-0.4723958,-0.1752187,-0.02122393,-0.527538
-0.3991651,0.02697532,0.06425511,0.2206297,0.0116021,0.002371725,0.4500551,0.6740866,0.4136382,-0.3321329,-0.01186675,0.3349466,0.4360546,-0.4741787,0.002888677,0.0122842,-0.4731679,0.1066823,-0.3820992,0.3326781,-0.8960634,-0.9042045,-0.01745677,0.3617139,0.1258369,-0.5982495,0.09193128,0.02218571,0.02530558,-0.3914105
-0.1570945,0.395124,0.2320983,-0.4158145,0.3368472,0.006680029,-0.1644792,-0.001172156,-0.05522676,-0.3002808,-0.3635284,0.2252265,-0.03929895,0.005275945,-0.3308201,0.06018167,1.230894,0.1949142,-0.4722416,-0.2499422,-0.2950407,-0.3638451,-0.002975421,0.05956873,-0.147009,-0.9596972,0.04138374,-0.372565,-0.1826581,0.02052257
0.4189997,0.03548127,-0.002836163,-0.1037975,-2.346198,0.2814243,0.2400965,0.199807,0.8123255,0.02002848,-0.5588817,0.3042706,-0.2126542,-0.0004651113,0.9462324,0.107019,-0.01051499,0.427158,0.2798221,0.1192407,-0.1788319,0.3182642,-0.0351739,-0.03134205,0.1315927,-0.3999858,0.4925402,-0.2444091,-0.1047056,-0.05425075
0.1199531,-0.3380383,0.7248018,-0.02353727,-0.02121186,-0.08416814,-0.2646956,0.02446383,0.8227565,-0.5310665,-0.08889516,-1.304755,-0.1352238,0.9582894,0.03066685,-0.3175176,-0.3598123,0.01091136,0.9228409,0.09077355,0.07497983,0.3873962,0.01198238,0.02026576,-1.010695,0.5570498,0.3618752,0.08647209,0.07463986,0.1215687
0.09683369,0.002836651,1.076532,0.3560607,-0.1766659,-1.035322,0.1353039,0.02647478,0.3216158,-0.1018991,-0.2247728,0.3587434,-0.1018695,0.1342937,0.07870426,0.02910477,0.004954626,-0.3153863,0.1673312,0.4982586,-0.2739365,-0.2445446,-0.1707092,-0.01508431,-0.3153957,0.06650382,-0.01667517,-0.1913272,-0.01277489,-0.08395834
0.04576295,0.5872383,0.373369,-0.1696243,0.2399971,-0.2438557,0.6244503,0.2922891,0.3457654,-0.006804508,0.1508915,0.2280011,0.3900538,-0.1460577,0.03050066,0.1361215,-0.08237659,-0.476723,-0.2837586,0.1517775,-0.5326127,0.1162851,-0.1875245,-0.2319906,0.2132175,0.1172345,0.01654547,0.00876574,0.06733168,0.25238
-0.0803021,0.003119353,0.2569252,0.1036961,0.3760554,0.6143512,-0.01581051,-0.4539924,0.3278375,0.3671555,-0.05669039,-0.02115992,-0.3435318,-0.09900898,-0.08663872,0.005720807,0.1165077,-0.774677,-0.3617714,-0.09300666,1.384755,-0.7961941,-0.4076972,-0.1632839,0.1451194,-0.2027125,0.2045313,-0.2728938,-0.1543767,0.2051099
-0.2010215,0.1601761,0.4697676,0.06609469,0.002784398,-0.005070865,0.6708224,-0.03765029,0.3839862,-0.2144246,0.7368461,-0.0503352,-0.1486907,0.3921885,0.1195242,0.4916928,0.005446498,0.04195232,-0.2312587,-0.04574977,0.2047509,-0.2469937,-0.7906134,-0.1820956,0.2706857,-0.3703905,-0.2290663,0.4311281,0.4410098,0.03855535
-0.03866929,0.09802995,-0.3709094,0.1116078,0.08704021,-0.2813705,0.2581141,0.4828864,-0.1878083,-0.147599,-0.4738247,0.002579314,-0.2976888,-0.3341311,0.3837723,0.3049701,-0.3607132,0.5895558,-0.001089519,0.3651152,-0.07391442,-0.1106487,-0.09338377,-0.006751075,0.09820617,-0.005150646,-0.3167505,-7.989872E-06,-0.3025463,0.0007225805
-0.3847479,-0.372248,0.1597161,-0.4962614,0.2527799,0.3939058,0.2120538,-0.1004319,-0.5835924,0.128439,-0.009410163,-0.2907729,-0.1478041,-0.3698102,-0.08495849,0.7111311,0.3176416,-0.001294398,-0.03239458,1.360806,0.07351748,0.2271738,0.04205983,-0.2665446,-0.2907335,0.02415214,-0.02210063,0.5336136,0.2703578,-0.3520536
0.3048524,-0.6377907,-0.1332881,-0.1425439,-0.2226907,-0.2614481,0.30209,0.2151738,-0.01921149,0.3349475,-0.1737364,-0.8478207,0.1078997,-0.2318671,0.000225454,-0.07137853,-0.00487242,-0.06039548,0.3216624,0.2399517,0.242264,-0.05374501,0.01475749,-0.262629,0.3815943,0.1135709,0.172265,0.0682326,-0.002022698,0.112435
0.2448016,-0.1209105,0.5461988,0.02464095,0.3845105,-0.4031041,0.1066644,0.02131751,0.3206238,-0.02793172,-0.002565559,0.04837455,-0.02416676,-0.4986166,0.3464727,-0.01592288,-0.02999384,-0.4867647,0.3938234,3.521651E-06,0.1169707,-0.07648346,-0.1800975,-0.1151566,-0.2870314,0.1130869,0.03236356,0.06733008,0.04140502,-0.01711604
0.001482658,-0.7051936,0.1122981,0.008019788,-0.3909988,0.01585072,-0.01476103,-0.1796247,-0.7198833,-0.02263563,-0.1558179,0.7162825,0.4056305,0.009643272,0.3238791,0.007624124,-0.03936582,0.4847506,0.01070054,0.111757,-0.03114094,0.4925915,0.005368343,0.08381466,0.2321758,-0.8562216,-0.01941747,-0.8050799,0.1009586,-0.09688934
-0.1392728,0.1339306,-0.01009221,0.05123345,-0.113717,-0.2794559,-0.04231311,-0.4297248,-0.5490755,0.1185488,0.0002623407,0.03056996,-0.0004438424,0.1775626,0.4778489,-0.1562169,-0.2464938,-0.3044538,0.3329822,0.3076147,-0.09510695,0.0003927984,-0.06591523,-0.3793755,0.00021409,1.587481,-0.009982669,0.4100437,0.003260171,0.3237317
-0.182595,-0.009730955,-0.4349097,-0.5359284,-0.1426778,0.1674079,0.3288199,0.4814714,0.02154959,0.1573598,-0.273702,-0.4520147,-0.1484072,-0.007315096,-0.1553598,0.1461587,-0.06344239,-0.05332328,0.2313005,-0.2074044,-0.03461315,0.0242663,-0.004877691,-0.0007717719,-0.07786874,-0.1192097,0.1064009,0.09010707,0.7412476,0.08350509
-0.4286731,0.3751992,-0.1664632,-0.08734524,0.129176,0.05250772,0.3395089,-0.009423712,0.07789658,0.1964785,0.220119,-0.5867323,-0.1820316,0.2405424,0.1515231,-0.156007,0.4813886,-0.4278165,-0.4942309,0.5875622,0.2750144,0.2903535,-0.04796976,0.163587,-0.02223048,-0.4992175,-0.04557699,-0.1096547,-0.3388622,0.02348866
-0.04674136,-0.09361898,0.2663733,0.02006729,-0.06146082,-0.3246982,-0.0006451015,0.04980512,-0.1082692,0.08145441,0.1608667,0.009365048,0.3863698,0.000919834,0.0240594,-0.01871039,1.956072,-0.05341839,-0.06121334,0.2798208,-0.7574946,0.09725619,0.4476659,0.02409236,-0.1221028,0.02329509,-0.2934754,-0.4578198,0.003375536,-0.6633604
-0.008597014,-0.1810099,-0.2384017,-0.2361104,-0.04712957,0.06875876,0.1441115,0.1206036,-0.2011105,-0.8906063,0.1159153,-0.4608809,-0.05486156,-0.02088352,0.2446078,0.3034299,0.0430261,-0.3096074,0.4202616,0.3205733,0.2732185,1.40358,-0.2465711,-0.2187212,0.1378147,-0.1297214,0.0007180508,-0.08578855,-0.01013751,-0.04602744
0.2454632,0.5267884,0.1255652,-0.3401146,-0.002398742,-0.04354174,0.02300393,0.06549138,-0.03072459,0.2081355,0.4635483,0.001007598,0.2188729,-0.3228891,-0.1435543,0.3380351,-0.7380885,0.01352451,-0.4164636,0.1127765,0.4087243,-0.4144144,-0.5331157,-0.1502931,-0.04117817,-0.1536906,-0.02787359,-0.6523937,-0.05491859,0.1468263
0.1813378,-0.0708892,0.02874953,-0.01231438,0.1307375,0.1024023,0.2606391,-0.3009354,-0.007501022,-0.74618,0.003195236,0.4132529,-0.3881003,-0.7480493,-0.0009877057,0.2098237,0.1584279,-0.005544841,-0.137926,-0.2731286,0.7366708,-0.3620601,-0.0195821,-0.09064069,-0.3729161,0.002156844,0.007172464,0.1393701,0.008259462,-0.1319008
-0.01606852,-0.3168408,0.08043173,-0.4348151,-0.1211956,0.3142105,0.2910969,0.04326278,-0.05298108,-0.103904,0.008725123,-0.09705733,0.01797521,-0.3637375,0.1948238,0.169156,-0.3168368,0.0007954728,0.4459614,-0.03989819,-0.08164807,-0.03240462,0.2291535,-0.1461182,-0.488174,-0.1133888,0.2121198,0.08035291,-0.2377423,-0.4041641
-0.2721566,-0.2948547,0.6702923,-0.1085434,0.04735124,0.014213,-0.2632577,0.4131805,0.1105221,0.0003024429,0.1156843,-0.8077646,-0.2576394,-0.2081987,0.2462611,-0.2370465,-0.2886124,-0.3891203,0.1399206,0.7301341,-0.03608358,0.2632058,-0.02499383,-0.4011231,0.0007752801,0.5662706,-0.7225188,-0.06062699,-0.06467895,-0.1750917
-0.214685,-0.03888015,-0.4238227,0.1434449,-0.001853609,0.007740819,0.3106529,-0.03741475,0.1012107,-0.1284507,0.1807164,1.328416,-0.1781383,4.744483,-0.1888331,0.4904763,-0.0005363783,-0.01021902,0.1164332,-0.0004067936,0.2949675,-0.04847721,-0.4995593,-0.4689164,0.006133235,0.01466719,-0.01722645,0.684013,0.02818471,0.1059793
0.002750243,-0.3329266,0.746817,-0.001621829,-0.1255306,-0.02143321,-0.3292712,-0.2421466,0.1805799,-0.1580183,-0.2211364,-0.3313827,0.09935042,-0.2291806,0.001569435,0.4853966,0.5544177,0.1775323,-0.06198126,0.05337209,0.4540587,0.3566196,0.2711356,0.3870326,0.1425335,0.1806592,0.008449,0.006732276,-0.1352745,0.1418149
-0.05822569,-0.0714675,0.5495818,-0.2771577,0.04961203,-0.2936062,0.499629,-0.6555007,0.143585,-0.1748924,0.1372816,0.1679737,0.3601028,0.2123594,1.315044,-0.07861754,-0.02598763,0.04840879,-0.4693961,0.3828047,-0.05279011,-0.1466115,0.03368833,-0.009564211,-0.8181579,-0.01000669,0.003787473,0.04149801,-1.860627,-0.5364538
-0.1123236,-0.001409451,-0.06551898,0.06131143,0.2994822,0.0384207,0.04260473,-0.02198492,0.01659163,-0.2432791,-0.08562238,-0.1209722,0.5856985,-0.008290892,-0.7160038,-0.08538999,-0.139634,0.2536242,-0.03770179,0.05932289,-0.01587445,0.139965,-0.03161384,-0.06008488,0.4729452,0.1480513,-0.3386304,-0.001909856,-0.5981979,0.4064023
0.0763538,-0.4455028,1.020615,-0.09649619,0.2882899,-0.4488276,-0.2369129,-0.283169,-0.1242718,-0.1706618,-0.4923053,0.03444728,0.2873183,-0.3267093,0.2415855,0.2541891,0.03611261,-0.3968943,0.9844848,0.4894464,-0.07430138,-0.3583456,0.104293,0.1461029,1.411723,0.01775887,0.06333154,-0.1486545,-0.1092852,0.05088129
;
-0.01369774,-0.006633782,-0.1763148,0.1746342,0.08258313,0.0842305,-0.2870796,-0.02705122,0.0003636065,-0.03504576,-0.1493055,-0.03242415,0.0209344,0.4993259,-0.02154712,0.4696649,0.2580066,-0.2249244,0.01627557,0.02213076,0.1162661,-0.2856791,-0.04458393,0.2197051,0.05957951,0.3285908,0.1958409,0.05683956,-0.1317099,-0.05062149
-0.4579623,0.02107312,-0.4705851,0.0482345,-0.3915055,-0.01366273,-0.3740736,-0.03076226,0.1228821,0.2837744,-0.1322284,-0.06120938,-0.000985701,-0.1206868,-0.06497747,0.01121557,0.1760244,-0.2755544,-0.1841245,0.1253938,-0.1067185,-0.001286024,-0.07803092,-0.8711724,-0.5784569,0.04073588,0.3499187,-0.05352662,-0.1886006,-0.05001226
0.001450749,-0.1009703,-0.004213722,-0.0876133,0.2079875,0.03892065,-0.2426745,-0.09507885,0.2436435,-0.1100657,0.1884531,-0.06506961,-0.07541791,1.575599,-2.355479,0.0932427,-0.007823249,-0.07332154,0.06991619,0.0747297,-0.01346795,0.7459043,0.0302221,-1.145793,-0.06758384,-2.215304,-0.01838334,0.3569822,0.1263715,-0.2465817
;
