-0.3670362
-0.5376878
-0.2958907
-0.1712874
0.0002536654
0.02902668
-0.3375701
-0.1906627
-0.3227745
0.487845
;
0.6245786,-0.3771431,0.8740562,0.002816626,-0.2048637,0.3922334,-0.3513633,-0.008859021,-0.0293761,0.1355821
1.276077,0.4663263,-0.1553053,0.2156924,0.1019353,0.02547368,0.1305531,-0.4173652,-0.04514007,0.4092027
0.0006685498,0.1059622,-0.2112047,0.5409077,-0.2700586,0.4821526,-0.02072435,0.4931829,-0.1242211,0.2299362
0.7042783,1.174802,-0.2155319,0.1301422,0.827624,-0.4565908,-0.01121482,-0.01940622,0.03238532,0.1694917
-0.09789807,0.04608744,-0.4780103,0.1412836,-0.4961352,0.03674822,0.0003801691,0.01840713,-0.1508349,0.231815
0.002119369,-0.340609,-0.2533267,0.2360208,-0.122561,-0.04472338,-0.3214943,0.3652208,0.006289542,-0.5321231
-0.2619564,0.002035924,0.01537997,0.1904194,-0.1400709,0.009748125,0.3470312,0.2075225,0.02614428,0.6289605
0.3892381,0.3358524,-0.1846819,0.2805016,-0.3528257,-0.3684189,-0.06738633,0.2759842,-0.3905803,-0.01475571
0.09536618,0.4090772,0.1068971,-0.4499727,0.2283755,0.04082295,2.334089,0.04458723,0.3478234,-0.1331209
-0.4701865,0.04935331,0.08425789,0.4428368,-0.4382098,-0.1920828,-0.1452641,-0.1683575,-0.05783552,-0.2955213
;
-0.001283854,0.06341902,0.03051045,0.1652252,-0.0610677,-0.2184076,0.01817364,0.2674428,-0.5449739,-0.2694149
-5.339963E-07,0.02309785,-0.003496873,-0.1400577,-0.1394405,0.5534771,-0.01943463,1.447481,-0.6510603,0.01337144
;
-0.003514569
-0.02989239
0.04670446
0.1243171
-0.06326789
0.006218668
-0.4209166
0.572327
0.03394275
0.0466285
;
-0.3803303,0.1738456,0.4668131,-0.02643733,-0.04012886,-0.0232809,0.4273554,0.01425821,-0.309767,-0.001177501
-0.4191259,-0.4701131,-0.006674587,-0.08370894,0.2092325,0.1056496,-0.2044743,0.2033682,-0.7325145,-0.1110873
0.1759393,-0.1183562,-0.1651883,-0.03875401,0.1644369,0.4509754,-0.4875376,0.02726966,-0.01242671,0.4125199
0.1910393,-0.0005284884,-0.4270331,0.06456777,0.1441421,0.0009670643,-0.4000356,0.0021103,0.3075794,0.8923417
0.2144798,0.4416043,-0.4641117,-0.3527286,-0.09315009,0.1978126,-0.2461264,-0.3058536,-0.1876673,0.1295594
0.07366571,-0.1296101,0.001228872,-0.01338643,-0.1753018,-0.12574,-0.002317243,-0.04918238,-0.02662712,-0.1335025
0.005458003,-0.2968647,-0.01114142,0.3662961,-0.9193686,-0.2678168,-0.00175328,-0.1435879,0.5700669,-0.7862642
0.3465357,0.05425256,0.3639704,-0.1246674,-0.3051041,-0.3789345,0.1321077,-0.3651571,-0.001554718,-0.2463105
-0.1331409,0.4437546,-0.0763157,-0.01285191,-0.4455732,0.08201367,0.2869814,-0.129849,-0.1354493,0.07791811
-0.359596,0.4496707,-0.0245364,0.07472202,-0.1480719,-0.03555707,0.05424649,-0.7128416,0.2367684,0.2100548
;
0.4043555,0.1971852,0.4981691,0.1688786,-0.03572367,0.2132121,0.09359884,-0.4470619,-0.1065202,0.05353462
0.3398544,-0.2339246,-0.06330799,0.2210361,-0.1279261,0.5445617,0.01146991,-0.1718188,0.09328884,0.06522732
-0.3730467,0.4267914,-0.3192364,0.1323339,0.06504876,0.01394289,0.06380741,-0.3431019,-0.08813936,-0.4659635
;
0.0118231
0.2336504
-0.4817075
0.7976729
-0.02347657
-0.0008731703
-0.03591878
-0.07528169
-0.5738989
-0.01422782
0.03672525
0.4991346
-0.1904169
0.2176399
-0.07812721
-0.3394695
-0.1502846
-0.3995197
-0.2408939
-0.1811876
-0.2386829
0.001777526
0.1575771
-0.04710301
0.2633009
0.080355
0.1239301
0.3858861
0.02345708
0.3016571
;
-0.4449407,0.2889392,0.3988026,-0.422119,0.1377443,0.0119631,-0.013194,-0.4087123,-0.3721404,-0.3795575,0.3518209,-0.2640115,-0.2623382,0.2027991,0.2769978,-0.3563976,0.0002629936,-0.2422827,0.8412463,0.4764766,0.3403878,-0.8895651,-0.01538805,-0.01765472,0.2902696,0.2487009,-0.09020821,-0.9809737,-0.4039336,-0.1939778
-0.2370428,-0.2790789,0.3067042,0.08877248,-0.2194034,0.07898813,-0.0347249,0.4818294,0.4076298,-0.01855121,0.008829892,0.1040419,-0.03540206,-0.008346969,0.002893839,0.1740967,-0.06713063,-0.05877453,0.7478377,0.4951364,-0.4119914,0.01492464,0.3154539,-0.1414229,-0.002958613,-0.01703892,0.4183125,0.07418233,0.2874462,0.4417973
0.01913232,-0.4545543,-0.0009694821,0.2253231,-0.02086488,-0.1309848,0.375105,0.05838886,0.1037803,0.05756799,0.2514689,0.04728866,0.9499146,0.2304725,-0.4936994,0.7149745,-0.2501018,0.4999876,0.2559345,0.1139734,-0.00309551,0.3671266,-0.004887329,-0.3214884,0.1781393,-0.5803114,-0.1785148,-0.1174863,0.4979866,-0.1062619
-0.4589089,0.1324852,0.2982014,0.3326232,0.4075804,0.1971678,-0.197942,0.2421668,-0.09256291,-0.1809947,0.07233554,0.2954396,0.2854853,0.01049709,0.4648294,-0.3115317,0.3424785,-0.4082397,0.03575514,0.2385732,-0.03323632,-0.1350929,-0.04027766,-0.2197554,0.08279537,-0.6955438,0.08348233,0.02660316,-0.03198455,-0.2993485
-0.02675918,-0.0004006028,0.139086,-0.01294431,-0.3562133,0.5516608,0.2795862,0.2489792,0.3534478,-0.08077689,0.178176,-0.003324232,-0.1148034,-0.08638719,-0.1508221,-0.0001260675,0.0292521,-0.02528112,-0.1707983,0.003927258,-0.8506,-0.03969492,0.391493,0.03651822,0.210879,-0.04180934,0.04487962,-0.3506416,0.195624,0.223567
0.1947957,0.4839888,0.1960512,-0.0003717854,0.07369946,0.02371485,-0.2110339,1.303977E-05,0.4603291,0.2739103,0.05447588,-0.4823362,-0.09265257,0.01708362,-0.4771228,0.01501607,1.024517,-0.08113562,0.02880484,0.02102167,0.7417851,0.1339238,0.1527279,-0.2923505,-0.39244,0.5589331,0.06199824,-0.4187895,-0.4378281,-0.04174443
-0.2739099,0.002414375,-0.03032368,-0.2844668,-0.01275219,-0.4508624,-0.433323,0.3721582,0.4461977,-0.1523112,0.3159254,0.3787899,0.1707866,0.08989634,0.05441186,0.05460292,-0.119552,-0.116143,0.03216315,0.4443198,0.4761142,-0.5936574,0.2258117,0.001173673,0.1116613,-0.3426487,0.08470359,-0.1713351,-0.4823745,-0.473388
-0.2374491,-0.007054838,0.003687584,0.01244932,-0.1148089,0.002908885,-0.7097242,0.4795036,0.3124732,-0.4143107,-0.342347,0.05588264,0.4464004,0.03167695,-0.1435688,-1.388582,0.2415134,0.0007209256,0.3321469,0.3752127,0.2382444,0.2098749,0.1283792,-0.02646081,-0.1024219,-0.08955508,-0.01742217,-0.02920013,0.4820943,0.2959514
0.01003895,-0.03792018,-0.06801295,0.1329141,0.0004684947,0.08434503,-0.1777536,-0.1545624,-0.4609867,-0.2915709,-0.01922846,-1.005158,-0.04906435,0.1283496,-0.04066736,-0.06458014,0.3767021,0.1571242,0.1059049,0.6490446,0.0002056956,-0.2848408,0.1440986,0.02697103,0.0002071748,0.3925218,-0.2240341,0.0006976335,-0.2335004,0.4230243
0.3452034,-0.1870098,0.2207367,0.6367775,-0.3365955,-0.09915096,-0.1887809,0.2328727,0.2590251,0.04579873,0.002417883,0.3469065,-0.3395689,0.05266025,0.04636651,-1.695741,0.04968647,0.006412015,-0.004559183,0.0003868249,0.226848,-0.0416447,-0.2520119,0.01140571,0.3177948,-0.03211515,-0.1971301,-0.1982254,0.1257325,0.2544753
-0.4388351,-0.2194302,0.01387152,-0.02353325,0.05638486,0.3082185,-0.3484257,0.4915243,0.09588701,0.1273536,-0.3796973,0.3245605,-0.009564131,-0.5651546,0.4231488,0.006011474,-0.002339592,-0.02632278,-0.4190167,-0.006099928,-0.1925813,0.2808143,0.02572254,-0.4176097,-0.44705,-0.008759382,0.02379694,-0.05095941,0.3020223,0.2999726
-0.6188263,-0.2125385,-0.01395186,-0.1755184,0.5209898,0.09734911,-0.1562976,0.002054219,-0.0231245,-0.09359168,-0.003455008,-0.2246338,0.04334718,0.002898925,-0.8349949,-0.1214064,0.07552999,0.2830672,-0.08706576,-0.02540654,0.4624478,0.4267246,0.03795361,0.4216217,0.444129,0.003771652,0.01982266,-0.4100947,-0.01635502,-0.1535957
-0.266115,0.4646697,-0.1469157,-0.4563334,0.1337759,0.1783208,0.001664692,0.001165998,-0.2302243,-0.2818615,0.131909,-0.07093483,2.061278,7.839785E-05,-0.2390211,-0.02564005,-0.4202061,-0.1288499,-0.02969571,-0.4804924,-0.2366708,0.2731402,0.1476381,-0.004599988,-0.002713029,-0.01743563,-0.00352932,1.726373,-0.7488858,0.1985464
-0.5554805,-0.01343978,0.2370335,-0.4921465,-0.4532011,-0.3436926,0.03950337,0.0315083,-0.1370084,-1.345774,0.003392975,0.08391595,-0.2749659,-0.1954379,0.2139441,-0.3421919,0.4310147,-0.1362917,-0.624359,-0.2853218,0.4402684,-0.07793304,0.07972997,-0.275425,-0.1317428,0.08009519,0.03472509,0.287928,-0.1206888,0.3643343
-0.2087629,-0.4918096,-0.4695389,-0.05381985,-0.2760767,0.109331,0.3300263,-0.1343578,0.3956869,0.2959912,-0.06107217,-0.4134871,0.2722514,-0.1129801,0.2104252,-0.4012867,0.09028092,-0.3859943,0.324867,-0.3393642,0.2769953,0.3492786,0.3549697,-0.00905777,-0.1247245,0.3565569,0.0102594,-0.3949047,-0.1283845,0.3556249
-0.258057,0.04722623,-0.1446208,-0.4394225,0.445763,-0.7071438,0.01455897,0.4263224,-1.401001,-0.03532665,-0.263783,-0.1405441,0.4079032,1.35723E-05,-0.1194841,0.1082922,0.05270155,-0.008055753,0.04219544,0.527372,-0.01779372,-0.09426898,0.02276845,0.1749362,0.2252044,-0.0005004834,0.2738203,0.08211488,0.982273,-0.4859858
0.1542159,-0.05038297,0.4428733,0.2395964,0.01743451,0.08637142,-0.04144834,0.1198123,-0.2033779,0.002484869,-0.3080465,-0.002784085,-0.000164699,0.2298087,0.6064733,-0.0166786,0.2289968,-0.025947,0.2520067,-0.002007658,-0.3144048,0.03159503,-0.1015947,0.414902,-0.1886579,0.1103068,0.07832966,-0.1457409,-0.3071805,0.03538437
-0.182117,0.01980054,0.8703319,-0.007132058,-0.2118259,-0.176618,-0.0005295954,0.7007639,-0.3679117,0.1356035,-0.145113,-0.2480506,-0.07530095,-0.4916774,0.01051428,0.2419752,-0.1300289,-0.05925154,-0.05512077,-0.6219772,-0.004200303,-0.3394152,0.06894988,-0.4247775,-0.1593275,0.4962945,-0.3293173,-0.02690091,0.1435542,0.2538417
0.218379,0.006928358,-0.0980664,0.4593219,0.302812,-0.08280096,-0.4996704,-0.1538421,-0.2131466,0.0158692,0.2298518,0.1030294,-0.007728173,-0.1044034,-0.583995,0.9040793,0.06750964,-0.02192195,-0.002009542,-0.01912701,0.08864703,-0.0004070363,0.2557395,-0.003247482,-0.02651867,-0.153484,0.3262852,0.001475172,0.01216751,0.0003255144
0.2672324,0.01921946,0.1106905,0.3963694,0.2077339,-0.3885591,-0.4100642,-0.0187152,-0.0855397,0.414427,-0.41076,-0.09336919,-0.1889121,0.363133,0.002069275,0.1988207,-0.3179561,1.6946,-1.34193,0.0001192429,-0.08103602,0.3450551,-0.3363367,-0.01018639,1.011803,0.2169506,0.3532165,-0.490119,-0.7192596,-0.2351733
0.1787853,-0.3344936,0.3540026,0.0001004933,0.0006858962,-1.005263,-0.4843155,0.3222115,0.03195051,0.1001043,-0.03418541,-0.1322419,0.1868784,-0.009157388,0.922728,-0.3009638,-0.208751,0.4194036,0.04187588,0.1927343,0.3063103,0.02744895,-0.4519486,-0.07162172,-0.07011645,0.2564245,-0.04752281,1.189958,0.6371843,-1.296232
0.1461823,-0.00753392,-0.0443134,0.306477,0.06259321,-0.4280411,-0.1949413,-0.4265809,0.00476085,0.1523332,0.2988607,-0.294917,-0.006915051,0.2883039,-0.689673,0.3185042,-0.4151272,0.1676216,-0.3723722,0.04867512,-0.007248692,0.01176253,0.1532341,0.06514914,2.079643E-05,0.3755866,0.01510564,0.0194327,0.4274166,-0.1815774
-0.01578862,-0.4132289,-0.07145661,0.0004979069,-0.194718,-0.001821642,-0.9047881,0.2838103,-0.4605819,0.02477652,0.104523,0.5173405,0.4681328,0.03638667,-0.06012079,0.3251956,0.01868862,0.4221636,0.2803642,0.2070653,-0.3122442,0.004374461,0.08166707,-0.1591982,-0.2870234,-0.4190215,0.3139235,0.0779774,0.05403463,0.00898538
-0.4776087,-0.3338352,-0.006503642,0.2002826,0.2140711,-0.3965902,0.0038047,-0.3836409,-0.2449843,-0.2959479,0.3078062,-1.052394,-0.0001966282,-0.2423252,-0.1682871,-0.3773457,0.1134451,-0.1740035,-0.06629449,-0.1246523,0.470072,-0.02658344,0.4766767,-0.05396461,-0.5663323,0.4864323,-0.3041964,-0.4963312,-0.1089082,-0.04708308
-0.2047706,-0.1103048,0.3790487,-0.01456469,0.4237355,0.4343989,-0.08714825,0.007177256,0.3052323,-0.08658582,0.0006326885,0.02314872,-0.170036,-0.02074191,0.1111143,0.478742,-0.2316517,0.08481828,0.3472602,0.09065765,-0.4658853,0.2163614,0.04274029,-0.5245336,0.211305,2.323901,-0.06970046,0.01732793,0.001968582,-0.1947286
-0.1104259,0.1216051,0.1936415,0.2386196,0.02813701,0.3872578,0.157889,0.1077483,-0.2432209,0.06350172,0.004207631,0.07450825,0.05732304,0.01539326,0.6179371,0.08367103,-0.2107166,-0.07251423,-0.01359263,-0.3370829,-0.4415121,-0.05540963,-0.3411696,0.1194893,-0.06493051,0.111364,-0.4263377,-0.1675829,0.0001966414,-0.0007249254
0.4278051,-0.08060035,0.008015965,0.4025384,0.008534125,-0.1607459,0.6893527,-0.09671049,-0.3979552,-0.1642043,0.02637243,0.2852437,-0.5207844,0.3879187,-0.6933439,0.111373,0.1051969,-0.4778328,0.32991,0.3661348,0.1140185,0.01121829,0.1073339,0.07825122,-0.2848347,-0.3344669,0.4534292,-0.005780227,-0.3818976,0.1620569
-2.169077,-0.1864168,0.4830483,0.02393537,0.1722331,-0.2940315,-0.1026001,-0.7020028,0.2253297,0.004254106,-0.742897,-0.4212143,-0.1840703,-0.01024336,-0.4295854,-0.08336681,-0.0008478113,-0.212605,-0.7211285,-0.1714411,-0.336979,-2.133756,-0.09957236,0.04560035,-0.0004573223,-0.04532034,0.5862449,0.1105339,-0.2966603,-0.4797394
-0.3366922,-0.4230284,0.2153571,0.2824084,0.135541,0.2845644,-0.9627289,0.667433,0.4723538,0.2682568,0.1382661,-0.2747163,-0.0002805377,0.4397856,-0.6008668,0.5489556,0.01251441,0.2424737,-0.6430333,0.2273419,0.1460535,0.2077498,-0.003812379,-0.007249412,-0.265693,0.1749862,0.3643926,0.0727851,-0.01858065,-0.003184825
-0.1852681,0.8212845,-0.1969098,0.06467015,-0.007428267,-0.3882851,0.04349167,-0.06827515,-0.003044388,0.4865129,-0.003181551,-0.2810525,0.2824972,0.04772308,-0.01235725,0.0250956,0.01639428,0.115143,0.1472204,0.01730479,-0.7096416,-0.06773493,-0.02936071,0.03761451,-0.398514,0.00720437,0.004766456,0.3066801,0.2384569,0.1991394
;
0.2156568,-0.05042233,0.06064429,-0.5509215,0.02085411,-0.0009129571,-0.3906105,0.006169396,0.8256174,0.2280462,-0.02423646,-0.2554693,0.2806363,0.2687557,0.423974,-0.3866687,0.2435105,0.001229857,-0.0007401178,-0.04577881,0.2270822,0.06201548,-0.2297736,0.3621432,-0.3905323,0.007588618,-0.04418711,0.02330806,-0.09131294,0.05011531
-0.05375177,0.02487074,0.7346256,-0.2010391,-0.09274453,-0.02104199,-0.02907506,-0.147376,-0.3654981,-0.000899141,-0.1566009,0.01592704,-5.54809E-05,-0.0007710324,-0.1905481,0.2201661,-0.0005078728,0.01738125,-0.3296902,0.2141597,-0.02849526,0.06086738,0.6179953,0.4323432,-0.01331461,0.01715344,0.4493145,-0.01851863,0.2096305,-5.755649E-05
0.239885,-0.2794729,0.2949256,-0.2300596,-0.003555718,-0.0690487,-0.09360796,0.001482123,-0.7966207,-0.527727,-0.6565992,0.1273113,-0.7306373,0.2136515,-0.01768225,-0.3761528,-0.02584543,-0.08066458,0.236334,-0.02622384,-0.004826773,-0.4728568,-0.2576072,-0.128071,-0.3793341,0.2124682,0.09511572,-0.02728291,-0.5533441,-0.3670299
;
-0.03451223
0.1606192
0.4391577
0.009905198
-3.709047E-07
0.1554273
-0.07196724
-0.7198682
0.04837445
0.3507226
0.320846
-0.006274371
-0.3253987
-0.0001417634
-0.3785288
-0.001649439
0.08987147
0.2954351
-0.1074573
-0.03806299
0.02600285
0.03479042
0.1294005
0.1491245
0.2777649
-0.04237577
0.472725
0.1666521
0.3406681
0.05325645
;
-0.2485951,-0.00128442,-0.3384516,-0.04016201,-1.584201,-0.284157,-0.1156334,0.1625421,-0.3314286,0.4166786,0.005081832,-0.1999628,-0.3239751,0.07846183,-0.6842524,-0.8038164,0.01362103,-0.04533146,0.3824973,0.2306016,0.01883346,-0.1263383,0.2159877,0.114154,0.009498985,-0.07687825,0.04685527,0.004868029,0.005058192,-0.3553352
0.4512394,0.09161741,1.1511,0.1930444,0.006175975,0.08472507,-0.1001946,0.02753377,0.1287441,0.1369587,0.1486248,-0.05463021,-0.3266815,0.01771729,-0.2442207,0.3107489,-0.3438623,0.2511085,-0.4977114,0.3215306,0.3274063,0.3121513,0.01366654,-0.2668735,0.03123765,-0.2087554,-0.2370155,0.1393969,-0.1464229,0.1377126
0.008222526,0.4912256,-0.06333143,0.372443,-0.007850792,0.1107706,-0.5229867,-0.1242489,0.04360855,-0.03792333,-0.3597469,-0.4925153,0.2249746,0.4086975,0.2229831,0.1673426,0.1440511,-0.0894975,0.1191247,0.2431154,0.01305836,-0.08361156,-0.0867182,-0.04052427,0.4744678,0.3842328,0.395485,0.2511508,-0.3101599,0.1179139
0.1813942,-0.2462865,-0.3957117,-0.08291403,0.4596749,0.2748778,0.860379,2.276438,-0.08382399,-0.4665632,0.06226009,-0.01892632,0.02678024,0.09097904,0.03703938,-0.110437,-0.2488577,-0.165908,0.5690987,-0.4913172,0.04020456,-0.01035374,0.01324345,-0.3705329,0.1378997,-0.1663596,0.2259665,-0.2901955,0.02393947,0.143537
0.008548993,0.1731216,-0.2676492,-0.0003705523,1.365025,0.0007419993,-0.05595194,0.1002777,0.0928497,-0.3200156,0.0002605319,0.116549,0.2246987,0.2966949,-0.02252931,0.0008932452,0.3168623,0.2073182,0.3771631,-0.1102301,0.05185694,-0.02275908,0.003327104,-0.03711751,0.3220656,-0.3229128,0.1916476,0.1278773,-0.1186418,-0.4064388
-0.3012934,-0.06141086,-0.05137982,0.0640947,-0.4409355,0.1528684,0.2746161,-0.06670329,0.2572035,-0.1438758,0.4201304,-1.510728,-0.03726071,-0.1002485,0.7188675,0.1374884,0.48432,0.09167501,-0.1702094,0.002671351,-0.1758036,-0.1339419,-0.01307591,-0.4087644,-0.3083141,-0.2550466,-0.07419366,-0.01053488,-0.1250632,-0.1469429
0.02786368,-0.08905283,0.09395073,0.2887352,-0.2734714,-0.4013941,0.4287987,-0.001897366,0.1784469,-0.02175849,-9.350666E-05,0.4350015,0.07486278,0.1714821,-0.4895859,0.0955338,-0.2592247,-0.3353338,-0.007910217,0.4283351,0.4641643,0.1166014,-0.04226463,-0.09960014,-0.2114127,-0.4755546,-0.01734745,0.01443198,-0.1101285,-0.02211428
0.3593535,-0.06103677,-0.002443937,0.4357183,-0.2918344,-1.048478,0.2349681,-0.2141523,0.5277023,-0.1366945,0.02751812,0.4833431,-0.02251785,-0.007426579,-0.2536035,0.3350208,-0.4570601,-0.04268536,-0.01040965,-0.04844727,-0.3698187,-0.2231558,-0.3452085,0.001904205,0.03558476,0.09671572,0.01729061,0.1726462,-0.1052745,-0.3770997
-0.6257632,0.3197986,0.2103741,-0.5513664,0.02607305,0.04691412,0.8515619,0.2190791,0.3032383,0.002311765,-0.09186943,0.03302997,-0.4121499,0.06141946,-0.6192023,-0.276686,0.4586513,-0.077856,-0.01291355,0.3052793,-0.1977114,0.2099143,0.3479716,-0.099694,-0.459944,-0.11586,0.1088697,-0.4924616,0.04177576,0.4693603
-0.02289444,0.01147097,-0.8182961,0.02861114,0.08350343,0.3081697,0.006801798,-0.0331111,1.345058E-05,-0.2887118,0.5570094,-0.2106398,-0.001360156,-0.3024468,0.3327828,0.1572637,0.4685477,0.1103183,-0.06721526,-0.09897495,-0.2366039,-0.1364442,0.001585269,0.08989054,0.4097482,-0.1082891,-0.01690005,-0.2446093,-0.2593669,-0.1830948
-0.02171041,-0.1077258,-0.5973156,0.1663784,-0.3784726,0.00202666,-0.003947556,-0.597885,-0.6467695,0.542855,0.4160666,-0.230021,-0.393217,-0.03048423,-0.001620151,-0.4172152,-0.05522241,0.01071456,0.09877469,-0.01304977,-0.1316086,-0.06363124,0.2629091,0.03088732,-0.1463187,-0.4049295,-0.09832707,0.0631941,0.4300893,0.01247376
0.1053493,-0.0005814686,-0.7412128,-0.417052,0.1265224,0.04235912,-0.01035872,-0.1965172,0.185641,0.02949653,-0.1026262,0.02226603,-0.0007035988,0.1977047,0.01248742,-0.1678767,0.004275095,0.2479555,0.1989305,0.5739967,0.2617847,-0.3855429,-0.2040779,-0.3202417,0.4460998,0.005150646,0.4079419,0.327389,-0.03076962,-0.001206046
-1.043009,0.3489399,0.4704483,-0.0520295,-0.2268791,0.4281538,0.05360384,0.1481848,-0.1016316,0.09578222,0.2262713,-0.3368529,0.4317968,0.02726015,0.006916462,-0.3763954,-0.5686029,0.02140778,0.3081938,-0.001473012,0.0965604,0.09869667,-0.08150062,0.1220334,-0.07143968,-0.0008327995,-0.02935114,0.2546053,0.08783141,-0.2217773
-0.098574,-0.02113563,-0.01959286,0.01873909,-0.4961571,0.00441373,0.1696563,-0.1110334,0.01967155,0.9269645,0.01298195,-0.06680582,0.004305184,-0.3047768,-0.0001852843,-5.874534E-05,-0.1292736,0.1981871,0.08676444,0.4816813,0.2984829,1.458801,0.001812749,0.00900239,-0.05751787,0.0859794,-0.02721586,-0.6940326,0.226456,-0.05705159
0.453437,-1.439982,-0.01855642,-0.003367353,-0.1108567,0.3229976,0.2850287,0.02782957,0.233584,-0.1380221,0.05716816,0.3189059,-0.4552282,0.08767696,0.3856973,0.02437788,-0.001638664,-0.9811037,-0.2194521,-0.1890222,-1.41853E-05,-0.06750764,0.01971275,0.04920099,0.4678564,-0.3550025,0.2391771,7.395708E-05,0.2357573,-0.02342123
-0.01214145,-0.1803697,0.08755673,-0.05402416,-0.1743371,0.04237753,0.0383784,0.2667661,0.4021965,-0.04977166,-0.3125839,0.4501535,1.839706,-0.1940345,0.0005920905,0.4315277,0.4731883,-0.03338591,0.06800748,0.1865662,-0.2521399,-0.1927055,0.02693828,0.1233549,0.1995576,0.2667228,0.4040907,0.3848451,0.22596,-0.06636158
1.118875,0.1581962,0.007631514,-0.3018878,0.2007395,0.01671035,-0.4084571,0.0471051,-0.4650283,0.4073403,-0.3401583,0.4897313,1.784456E-05,-0.3293692,-0.004968837,-0.08641837,-0.05212623,-0.08637351,0.4427333,0.4741033,0.832581,-0.2024278,0.01716461,-0.3103259,0.0005146366,-0.7307824,-0.8239848,-0.3180157,-0.340079,0.04191166
0.04301527,0.09951073,0.4026706,0.08550922,-0.07437688,-0.4605776,-0.7787682,0.08449316,0.3047223,-0.2237263,-0.06095199,-0.002762669,-0.4315463,-0.002465924,0.1854902,-0.1516039,-0.6236867,0.03260044,-0.7290676,-0.06111209,0.4971878,-0.2517757,-0.4423214,0.09297663,0.3252738,-0.1159914,0.001193489,0.0126204,-0.1789261,-0.6358916
0.3702807,0.5398718,-0.2118414,-0.2503638,0.1136674,-0.01688156,-0.7055683,-0.06197673,-0.3257523,0.05830115,1.725379,-0.09816932,0.03021747,-0.1644524,0.1292383,-0.3699151,-0.009071653,0.1222995,0.1332437,-0.100019,-0.002503069,0.1916591,0.07900883,-0.07660168,0.04145042,0.07560413,0.002679358,-0.07785178,0.04867945,-0.05323603
-0.2737771,0.6729463,0.01185348,-0.4419051,-0.0002728628,0.3692665,-1.989927E-05,-0.797321,0.05054541,-0.08987289,0.02012132,0.06063098,-0.0008077077,0.1254263,1.183974,0.04071238,-0.08003347,-0.09740382,0.002051796,0.06758159,-0.2857324,-0.1140326,-0.3320003,-0.056174,-0.1389728,-0.2760026,-0.2629131,-0.1442832,0.1883542,0.1659545
1.399893,-0.485503,-0.3244733,0.2108974,0.05030562,0.07151078,0.7519258,0.4576423,-0.3032162,0.06704941,0.4694937,-0.1050274,0.6028374,-0.01931743,-0.4936504,0.02009273,0.1923582,-0.08401472,-0.2206178,-0.7288913,-0.033425,0.4705248,0.2652186,-0.1562049,-0.01497361,0.2015491,-0.6433646,-0.002421439,-0.006478998,0.07468802
0.3757466,0.004606247,-0.001636583,0.6015682,-0.2506899,-0.004547374,-0.399764,-0.3735074,-0.05011994,-0.2697457,0.1483082,-0.0009747659,0.01083912,-0.4173782,-0.02924699,0.4874729,0.01417084,1.369364,-0.7088248,0.1127765,0.1567802,0.01249025,0.04382378,-0.471177,-0.004967562,-0.5014015,-0.1677548,0.0524102,0.01307082,0.8646246
-0.4046221,-0.5457373,-0.3926324,0.1021142,-0.7191513,-0.2820953,0.3111396,0.6549146,0.08105093,0.3223009,0.3282747,0.02075285,-0.4485111,0.3864362,-0.3767224,-0.02929407,0.2423486,0.004937248,0.1257658,-0.2447398,-0.2444446,-0.04499973,0.001907647,0.3142138,0.2167262,-0.02342118,0.4691679,-0.09486505,0.09116966,0.02796243
-0.2355862,-0.00295943,0.1446754,0.4868506,0.1819806,0.01059043,0.1813085,0.03363549,-0.008055253,-0.002060123,-0.00679772,-0.273998,0.003546323,0.8205875,-0.0948437,-0.08473045,0.3096498,0.02475893,-0.3470267,0.4148169,-0.1441526,-0.01921173,0.07923645,0.01985858,0.03013565,-0.03653613,-0.004167287,0.003854261,0.06645101,0.3047132
0.003151652,0.2107948,-0.4498259,-0.1136352,0.3066652,-0.2242365,-1.871819,0.2323971,2.01626E-05,0.4972733,-0.01299542,-0.04315626,0.05449922,-0.1461244,-0.02850145,0.0218925,-0.1825517,0.02853426,-0.4272159,0.19977,0.0306101,-0.4791235,-0.3897755,-0.1563067,0.4396116,0.2514277,-0.09461153,0.1086934,-0.2303861,-0.001703498
0.001190756,-0.04288955,-0.324531,-0.3858793,0.3761765,-0.2964187,0.4013175,-0.003081767,0.2237928,-0.4782749,-0.0002582906,-0.01211258,0.02404887,23.87787,0.1573707,-0.5259941,0.4070465,0.4337472,-1.151516,0.1281258,0.101578,0.000802171,-0.4618267,-0.2273237,0.006741808,1.022539,-0.4574326,0.1982415,0.5281758,-0.2573152
0.3618162,-0.4911516,-0.1890555,0.007559976,0.1170628,0.005353002,-0.06931348,-0.02033334,-0.0004421484,0.4495686,0.04597704,0.222468,-0.339941,-0.2331945,0.2520406,-0.01650094,0.003005906,0.01765884,0.09176095,-0.05503925,-0.02448467,0.2995538,0.2479862,0.1733509,-0.477285,-0.1199843,0.08964247,-0.1242359,-0.004221219,-0.1871139
-0.7047973,-0.08047968,-0.01626035,-0.3291621,-0.2885877,0.1021418,0.0588613,-0.2514945,-0.002827168,0.09610483,-0.2576331,-0.3025205,0.05759558,0.02684397,-0.000339506,-0.233963,-0.05504932,-0.05345415,-0.006416078,-0.2514933,0.0009459541,0.5569539,0.2058236,0.2211121,-0.04734588,0.1846991,0.3556992,-0.2773028,0.3423994,-0.0106367
-0.221179,-0.3241352,-0.06045339,-0.0005953997,-0.2934597,0.0274208,0.02247797,-0.3561158,-0.1917909,0.1666552,-0.00581637,0.1876577,0.1989298,-0.003206091,-0.4170609,-0.4146298,0.007313134,-0.151483,-0.6139166,0.03619907,-0.01838671,0.08925296,0.04336554,-0.1119793,-0.3102856,-0.01095365,-0.1863176,-0.06465834,0.4018143,-0.1708549
0.3398046,-0.3561392,0.1776525,0.004990631,0.05670696,-0.0862518,0.07749258,-0.002574345,0.3417168,0.2547801,0.01017958,-0.7567112,-0.3201253,-0.2934369,-0.0001842977,0.67441,0.4424143,-2.62283,0.129303,-0.393479,0.2183144,-0.1415782,0.01312582,-0.3825901,0.002464374,-0.3374851,0.04428937,-0.1359008,-0.11664,-0.2115718
;
0.3120497,0.6770833,0.4876109,0.08352357,-0.4489511,0.1423347,0.325572,0.3501118,0.5823723,0.07730526,-0.0002242555,0.05780867,0.2467972,0.02271543,-0.2407125,0.2155214,0.4921595,-0.2310182,-0.1867807,-0.2676816,-0.0003663616,0.1401751,-0.4551326,0.07762524,-0.02678878,0.1885963,-0.06003946,0.02694765,-0.0300156,0.2281121
0.005889004,-0.155051,-0.008949211,0.126283,0.1392996,-0.00248455,0.1261497,0.01250423,0.4680674,-0.7036412,-0.2092984,0.4015051,-0.06990553,-0.06646464,-0.09313601,-0.01803796,-0.05412871,0.2324467,0.04829553,-0.461552,-0.4424889,0.003610302,-0.01857627,0.338365,-0.2943051,0.03545848,0.1824713,-0.2495102,0.1892741,0.1941262
0.09901149,0.1556527,-0.3782096,0.6590934,-0.1550151,0.1998978,0.08944851,0.1312016,0.03655238,-0.2437107,0.2699284,-0.1146296,-0.04114361,0.0007683093,0.5991528,-0.07497574,0.1284937,-0.2036472,-0.2886552,0.1578571,0.1335893,0.3234297,0.3399018,0.1903073,-0.2510096,0.1104339,0.1838302,-0.03702846,0.5601048,-0.1730356
;
