-0.02613687
0.5482842
0.2016443
0.6045628
0.4607101
-0.002350328
-0.008439388
0.2140303
-0.6805426
-0.5114039
;
-0.04695501,0.3524936,-0.08940643,0.3966669,-0.02677852,-0.07676174,0.04308899,0.5133588,-0.09877175,0.3306352
0.02819886,0.00672301,-0.1826593,-0.01532871,-0.04095981,-0.1751095,0.01025903,0.1068406,-0.07381313,0.1135564
-0.1302499,-0.1897765,0.4029392,0.381822,-0.2791871,0.02883223,-0.1326652,0.2332412,-0.450502,0.08363268
-0.2438857,0.001562851,0.1010068,-0.04696376,0.1496064,-0.103908,-0.002095268,-2.823691E-06,-1.109487,0.3506235
-0.08163067,0.008823344,-0.3182963,-0.2523029,0.4793744,-0.2100425,-0.2675226,-0.4236276,-0.3034877,-0.3632929
0.4183527,0.4481623,-0.2525827,0.2183803,-0.06683248,1.134211,0.06074029,0.04560556,0.0007375273,-0.03265053
-0.001710276,0.02920355,-0.4188245,0.5069868,-0.06629325,0.04188081,-0.03790734,-0.2657098,0.002270043,-0.4460291
-0.2566147,-0.1771978,0.1458302,-1.243609,0.07454805,-0.05311531,0.08837744,0.2307191,-1.121935,0.8407531
2.090863E-05,0.2230049,0.0001637034,0.4327414,0.0924167,-0.1158442,-0.01444122,-0.1496813,0.1564966,0.4817653
0.05167723,-0.008815541,-0.4996799,-0.4260267,0.3512596,0.6843755,-0.1220319,0.0343372,-0.07812429,-0.1973009
;
-0.003934801,0.2141888,-0.1439829,0.9307771,-0.2088035,0.05422741,-0.3782874,0.02751401,0.423511,0.1617272
0.8045372,0.0132778,-0.1969797,-0.07189959,1.080948,-0.5185877,-0.2526242,0.4347574,-0.06464286,0.06296634
;
0.02229504
-0.4060521
0.4510833
0.1055086
-0.09395809
-0.1808905
-0.1746982
0.08132751
-0.4162046
0.02504016
;
0.1328282,-0.10362,0.1492393,0.001823303,0.4080969,-0.4438103,-0.05130702,-0.5794879,-0.4491262,0.04976977
-0.05453795,1.359609,-0.03242344,0.08275311,0.1111999,0.1135702,-0.2313611,-0.1483269,0.008898987,-0.01121121
-0.161656,0.2689204,0.009374586,0.1471611,-0.08065537,0.126303,0.05304059,-0.02409106,-0.2229696,-0.0609702
-0.0009485911,-0.06241995,0.007176382,-0.1258434,0.3149036,0.249197,0.0615775,0.08911543,0.06203697,0.04262853
1.189721,-0.2271535,-0.05189455,-1.098381,0.02587861,0.01201661,-0.1302252,-0.1404977,-0.2518904,0.004567586
-0.1265455,-0.02998397,-0.2387257,0.1314238,0.1335153,0.400402,-7.575973E-05,-0.01408693,-0.3430943,0.7733305
-0.3251233,-0.02417257,-0.0005793577,0.695744,0.2538553,0.07269603,-0.1814067,-0.4801211,0.03450947,-0.3353374
0.07158325,0.3119242,-0.149931,0.06606103,-0.05404836,-0.3634295,0.7016516,0.2334896,0.02220851,-0.4111554
-0.1350785,-0.03444903,-0.08686322,0.686166,-0.0007813607,-0.3858018,0.3768724,0.4148598,-0.05190699,-0.26009
0.1870769,-0.4148208,0.4206735,-0.6565723,2.497543E-06,0.7726333,-0.003363626,-0.3669252,-0.07124358,-0.004993028
;
0.594583,-0.216044,-0.5353435,0.003141885,0.4458275,-0.04700012,0.05808419,0.05458581,-0.4106386,0.0089714
-0.03674465,-0.02788609,-0.3522553,0.03994333,-0.004117826,-0.06368977,0.1666922,-0.3988955,-0.7212662,0.07461445
0.2720853,-0.1450497,0.2758819,-0.1671513,0.008239298,-0.2871827,-0.4057536,0.1465768,0.0455965,0.001865022
;
