-0.1216921
-0.976853
-0.2154568
-0.07919844
0.401803
0.01086058
0.1399981
-0.2639849
0.04562323
0.1922217
;
-0.8513871,-0.0519647,0.2103779,-0.3107193,-0.0878889,0.3879331,-0.3656149,-0.7708091,-0.1736057,-0.07109529
-0.4543906,0.1149569,0.01391656,-0.482119,-0.01470732,-0.07877088,-0.0618738,0.3432615,0.04277371,0.07852063
0.03591802,-0.03830463,-0.1696624,0.01773055,-0.2650257,-0.002568301,-0.2632221,0.003652758,-0.1851976,-0.001515063
-0.1812686,-2.374573E-05,0.4064174,0.3986442,-0.4009016,-0.4554942,-0.103397,2.823691E-06,0.2551582,-0.4284383
0.02704367,0.4451697,0.2288269,0.1363562,0.2828591,0.06848747,0.01855403,0.1263213,0.2845418,0.09244954
-0.01058966,0.1946995,-0.04417604,0.2918159,-0.0004859704,0.4162014,-0.2467019,-0.001481775,-0.03288046,0.0492932
-0.05689579,0.2722956,-0.08836657,0.01010516,-0.04537132,0.4431987,0.0637632,0.511262,-0.4219677,-0.2067115
-0.1541071,-0.07707544,-0.5721778,-0.2121135,-0.003249824,-0.3742865,0.1472303,-0.3214271,1.215259,-0.4113678
-0.0114814,0.136536,0.3258948,0.2651008,-0.5226507,-0.3415115,-0.4062157,-0.02202861,0.05001003,-0.04754167
-0.0007328709,0.3926809,-0.3682092,-0.01822308,0.21794,-0.01101331,-0.4423436,0.06870264,-0.2277107,0.3556097
;
1.208643,-0.1435305,0.1830245,0.006573531,0.1902009,0.7019239,-0.0002083251,-0.2866632,-0.1807266,0.0233645
-0.0940941,-0.0004619883,0.002674671,0.1322632,-0.2361737,-0.02053927,0.2946903,-0.4052582,0.3284236,0.0008948507
;
-0.1776532
-0.09081608
0.09865922
-0.01604043
0.1152847
-0.06006247
0.1055808
0.3577568
0.09461373
-0.2440209
;
0.01735306,-0.2761382,0.0308858,-0.0006554675,0.000646008,0.3210119,-0.6801931,-0.3696988,-0.1335508,0.1067458
0.05897957,-0.4642687,0.1034402,0.01165277,-0.1136371,-0.01331456,-0.09717461,0.3139549,-0.0004201863,-0.00490193
-0.01925403,0.08250386,-0.002980333,-0.05178849,0.1599701,-0.2562634,-0.1078301,-0.06471565,0.1063706,-0.09175856
0.006106952,-0.02022939,0.262663,0.003288784,0.3076237,-0.09397286,0.4028007,-0.03548497,0.4147434,-0.09373182
0.1761992,-0.1368776,-0.003042703,0.1854681,-0.1507161,0.3779227,-0.1685554,-0.2356555,0.1199195,-0.03400822
-0.1906684,-0.3186686,-0.1731878,-0.1093783,-0.02987893,0.3272606,-0.01689011,0.2628885,0.08941634,0.05310912
0.565153,0.08085778,0.4309878,-0.1196385,-0.1606535,-0.07037705,1.309655,-0.6659576,-0.04298371,0.4243764
-1.124518,-0.1051375,-0.453825,0.2144863,0.1303362,0.09431106,-0.3887981,0.009238109,-0.04656108,-0.03222686
0.5703774,-0.5584035,0.2592218,0.4233297,-0.005198709,0.01612411,0.4328047,-0.006887019,0.04436607,0.4497839
0.02034348,-0.2286675,-0.0898183,-0.4015499,-2.844548E-06,-0.2110722,-0.5100951,-0.441504,-0.005846861,0.3449125
;
-0.4658655,-0.1101272,-0.2739196,0.2261054,0.004759581,-0.00415335,0.01175838,-0.1381501,0.4544295,0.1596275
-0.1205217,-0.006237501,-0.3522553,-0.1040476,0.0175379,0.0672353,0.04868822,-0.003836624,0.001691005,-0.06277276
0.006721383,-0.01615614,0.09707647,0.4550362,0.1180272,0.4860849,0.08200328,0.01481265,-0.01036184,0.7511683
;
