0.09492868
-0.2678658
0.3702317
-0.09346484
-0.0005235895
0.0008644842
1.799836
-0.1117784
-0.2294315
-0.2683346
;
0.1908934,-0.4245229,0.04806147,-0.203451,0.4651186,-0.2943985,-0.04278897,-0.01098464,0.02705072,0.3390851
-0.7434881,0.1411151,0.8261845,-0.02268749,-0.1118068,0.400151,-0.04417109,-0.1832997,-0.2483247,-0.6954893
-0.06201655,-0.1032756,0.3009259,-0.2378108,-0.3285416,0.01474287,0.05125775,-0.4776112,-0.3007914,-0.2495815
-0.003490976,-0.3654215,-0.8389817,-0.003013033,-0.3695023,-0.03967937,-0.3594069,0.1197965,-0.001191928,0.1348088
-0.1665354,0.05953747,0.467555,0.4060024,0.1505571,-0.005231249,0.6652684,-0.02842586,0.0932929,0.142182
0.1742576,0.09576828,-0.01200235,0.05725973,0.4262282,0.07726316,-0.1665142,-0.5143567,-0.2081971,1.020269
-0.03969142,-0.9338078,-0.01375907,-2.78308,0.3152187,-0.2797098,0.6106784,0.6780907,0.04860956,-0.3968002
0.4116505,-0.3003844,-0.2521398,0.3081316,0.2366646,0.03762452,-0.005012838,0.01477812,-0.0003975986,0.127561
-0.237117,0.3027451,-4.759107E-05,0.1434274,-0.3448838,-0.03043582,0.127414,-0.2738895,0.1536194,-0.008107184
-1.505132E-06,0.2026289,0.01521283,-0.05942866,1.176148,0.007310001,-0.39169,0.03205048,-0.1705173,-0.02926029
;
-0.01502133,-0.6363986,0.4142257,-0.1089664,-0.005559698,0.2174204,0.3785754,0.003229014,0.09311897,0.01052864
3.162626E-08,0.2820845,0.3611263,0.05731374,0.2262209,-0.3684611,-0.01958235,0.04079677,0.07750757,-0.0004200592
;
-0.004746642
0.4592437
0.1548706
-0.04450244
0.08524472
0.009522578
0.1815419
0.1788686
-0.04562464
-0.4721122
;
0.02779973,-0.2772261,0.03359348,-0.7542496,-0.04895818,0.1948701,0.01785587,0.2936543,0.0793924,0.01648742
-0.1169194,0.2906931,-0.002628677,-0.4991879,-0.2790642,-0.1240025,0.3990136,-0.1983709,0.1228088,-0.223294
0.2219684,-0.3374349,-0.00391611,-0.02705101,0.1604937,-0.2799083,-0.366614,-0.03721132,0.0674904,0.21194
0.05738765,0.1281736,0.7079549,0.05000774,-0.1555187,0.03585229,-0.3380886,0.0002176226,0.1178452,-0.05828112
0.5183405,-0.3271388,0.05924112,0.4537951,-0.09315009,0.1085176,-0.003235406,-0.0269174,-0.1637997,0.265148
-0.1298087,0.2909948,-0.002126326,-0.215911,-0.6084265,0.0904972,0.006212494,-0.01024174,-0.1260586,0.04532258
0.2730769,0.01760072,0.06764847,0.00013387,2.304664,0.1853587,-0.06676537,-0.1851185,0.2291115,0.4001608
0.4908473,-0.02521444,0.03446406,-0.002834619,-0.199419,-0.1723379,-0.3990146,-0.03476022,0.3469714,-0.1780452
-0.13336,-1.030476,0.2080591,-0.01593495,0.1935464,0.1409086,-0.1271175,-0.02331454,1.230253,0.1328107
-1.066212,-0.1059512,0.005668767,-0.03666596,-0.2410178,-0.03875297,-0.4668029,-0.2775767,0.03372635,-0.2702726
;
0.458043,0.004056793,0.1130773,0.06175175,0.04150374,0.09792627,0.3872623,-0.004895558,0.03813978,0.08653623
0.1919064,0.3421043,0.4882804,-0.09711653,0.154584,-0.3011308,-0.2086976,-0.3125409,-0.008476404,1.337366
-0.3891552,-0.7439725,0.2468606,0.02715,0.6840717,0.1017824,0.1390253,-0.3868893,0.1486879,0.01787907
;
0.1324438
0.003643094
0.3134957
0.0009527701
-1.275989E-07
-0.3140536
-0.1199579
0.2656268
0.194307
-0.5001617
0.4052028
-0.001176889
-0.2746931
-0.0002819491
0.4088815
0.003183912
-0.2651374
0.1965386
-0.1260383
-0.03806299
-0.5303757
0.01638994
0.389487
-0.02878698
-0.07054114
-0.034724
0.5631481
-0.3333669
0.09176064
0.01350433
;
-0.003414985,0.1830035,0.7127014,-0.2960186,0.01965269,-0.2767887,0.8154619,-0.0218555,0.4913989,-0.04388398,0.166299,0.2079279,0.05948196,-0.2351169,-0.9455535,0.4636548,-0.5719472,-0.006737327,-0.09127134,-0.5516236,0.000359271,0.457046,-0.1135515,0.2599096,0.2340798,-0.01435653,-0.09129979,0.4257796,-0.4595088,-0.00161239
0.854986,-0.003095596,0.04880887,0.1340896,0.4925163,0.06707127,-0.1025098,-0.03865011,0.153418,-0.4792587,-0.4852008,-0.1752152,0.08853412,0.2516106,-0.06358208,-0.02177192,0.1138852,-0.4415635,-0.3671857,-0.0716694,0.2804229,0.04352401,0.01366654,0.015549,0.1038764,-0.2750177,0.1283723,-0.05111367,0.3887566,-0.1026594
-0.7930857,0.4421143,0.09865686,0.2403833,0.4180715,0.9135053,0.1453636,-0.3778725,0.05258673,-0.4393803,-0.302751,-0.2676378,-0.5164297,-0.1173951,0.3338514,0.02836325,0.1848836,0.3253565,-0.7216524,-0.005404056,-0.4604514,0.2411328,0.02656077,0.04052427,-0.1598238,0.2921961,-0.001272763,-0.2073368,-0.002924803,0.1882356
-0.1629626,-0.1608037,-0.1102509,0.2644012,0.1016909,0.4832483,0.4883745,-0.2055821,0.30682,0.4665632,0.05231307,0.4610206,0.1006108,-0.01475717,-0.009479039,0.06751924,-0.2105939,0.01111704,-0.02621954,-0.4792127,0.7215551,0.09707087,-0.3037875,-0.1096185,-0.0380882,0.4959782,0.2022666,-0.3496468,0.6154934,-0.515375
0.008548993,0.1218228,0.216611,0.0001643331,0.3300456,7.990382E-05,0.2962259,-0.03031581,0.04981588,0.5318932,0.2698801,-0.2114102,-1.264836,-0.3658168,0.3410863,-0.0009740824,-0.02593428,-0.1260414,-0.05191853,-0.1744532,-0.4179214,0.3165541,-0.1770249,-0.04820636,0.3146313,-0.1942919,1.063007,-0.3101344,0.1186418,-0.2152025
1.26595,0.1247648,-0.04782031,0.4657249,0.2066883,0.03259033,0.0163355,-0.05254155,-0.2233137,0.04196853,-0.1072123,0.007564507,0.265412,0.1156593,0.1614227,-0.008812885,-0.1489157,-0.4876941,-0.08750507,0.3846413,0.4889427,-0.1478375,0.1750031,0.2281582,-0.2684696,-0.1060764,0.08544534,0.01873025,0.2589997,0.04557106
-0.4675224,0.08905283,0.02175559,-0.1877932,0.2998555,0.3334469,-0.1988658,-0.00122025,0.4221957,-0.7430516,0.1217453,0.4350015,-0.1493595,0.05153447,-0.1880842,0.08688542,0.09922583,-0.9401857,-0.7322456,-0.3050657,0.06575876,0.1413153,0.4997692,-0.1481876,-0.4249525,0.02356409,-0.1857697,0.08898526,-0.002333214,-0.1893318
-0.106902,0.01877624,0.7518077,-0.4725378,0.4252586,0.00759785,-0.4620388,0.7147554,-0.004209552,-0.0508229,-0.1198266,0.0609908,-0.5696752,-0.01234092,-0.05795404,-0.626418,0.9980593,0.05351052,-0.002935112,-0.3423101,0.5043641,-0.2231558,0.4253203,0.3342118,-0.02112043,-0.2410518,0.2054635,0.1433577,-0.802695,-0.1894135
0.08570868,-0.2535627,-0.4059221,-1.451847,0.07874215,0.04951771,-0.2047453,-0.4016903,0.01944006,0.1279921,0.1813854,0.02589928,0.4845892,0.343055,0.2424787,0.003884733,-0.6974875,-0.418252,0.01291355,-1.264182,0.5707538,0.3948455,0.3250325,-0.04264188,-0.4420512,0.4120771,-0.411406,-0.2208083,0.01574298,0.5615288
0.02373689,0.004032551,0.05249727,-0.03939295,-0.2682903,-0.3025342,0.002076114,-0.2039862,-0.5807904,-0.06574802,0.003665735,0.1804575,-0.000289462,0.06955153,-0.3593342,0.03121116,-0.8228114,-0.02931407,-0.3309872,0.09813794,-0.1589537,0.1333176,0.2862129,0.2230162,-0.4942261,0.03756851,0.01899783,0.09502548,-0.001265467,0.2138191
-0.03201207,-0.277119,0.5973156,0.1513522,0.02167298,-0.03914618,0.1758023,0.8587911,-0.0446477,0.3495164,0.6407778,-0.02688654,0.2399372,-0.07332559,0.3969641,-0.4716794,-0.02601599,-0.3384162,-0.2321222,0.1194295,-0.04944506,0.08056561,0.003092368,0.02949064,-0.09568529,-0.3274972,-0.0656888,-0.0001869793,0.2467174,0.01306828
-0.2641342,-0.002140697,-0.1391808,-0.1943536,0.3283802,0.05168454,-0.004558771,-0.2043645,0.4890115,0.03143396,0.01046305,0.04126753,-0.02119737,0.3013599,-0.1795513,-0.007917472,-0.2461637,0.4346124,0.2202251,0.415917,0.05848998,0.3660655,0.4366454,-0.02950079,-0.0707597,0.003594252,-0.2211011,-0.2853876,-0.02897597,0.5836053
-0.1841658,0.006936933,0.3575082,-0.2762574,0.2251933,0.3662322,-0.01676446,-0.3317479,0.20113,0.01167524,0.3804131,-0.4388708,0.06667221,0.09283034,0.1748309,0.04892686,-1.130462,-0.4322714,-0.07329423,0.1561235,0.005899847,-0.10942,0.4358951,-0.05336171,-0.2229732,0.0003998784,0.1173463,0.0001673088,0.2047532,-0.3439484
-0.08905276,0.3105756,-0.4899665,-0.04287142,0.03961867,-0.002219805,-0.0002130914,-0.2717488,-0.0004498566,0.1317153,-0.0732823,-0.2207999,0.004305184,0.122859,0.5037963,-0.1819495,-0.06814498,0.5894429,0.003316025,0.02475666,-0.04046737,1.471398,0.1840464,-0.01431113,-0.01526573,-0.02633185,0.4063931,0.3027567,-0.007893536,-0.003964961
0.3455493,0.8231885,-0.008769704,-0.4945775,0.0102621,-0.2045867,-0.2907784,-0.4490712,0.1902326,0.0001975628,0.05562109,-0.3211517,0.02378601,-0.03419738,-0.3627262,-0.4618468,-0.0003396308,-0.2928095,0.0316121,0.1931128,-0.07773226,0.03578459,-0.08187017,0.02484584,1.746547,-0.1587816,0.168769,0.710165,0.3131136,-0.1229918
0.009243169,-0.1803697,0.0008514525,0.03142109,-0.1891453,0.08098663,-0.04045232,0.03476979,-0.6424191,-0.1817409,-0.1052709,0.4501535,0.2715955,0.2973589,-0.2633787,-0.002752258,-0.08835863,0.09558098,0.09450859,-0.08914261,0.07336277,0.8191242,0.1243363,-0.1154964,0.01767176,-0.2567731,0.01342452,0.2637479,-0.4551018,0.0261453
-0.9419251,-0.04574712,-0.02867285,0.0184415,0.1045702,0.03799134,-0.08445118,-0.3480773,-0.01435133,0.420711,0.2416192,-0.5662243,-0.08454355,1.420226,-0.2065547,-0.002322753,0.09572071,0.07940666,0.3169594,0.444303,-0.414678,-0.4049058,-0.443123,0.352057,-0.1564271,-0.04070216,2.551371,0.04635521,0.1799701,0.05182919
0.002404738,0.1671379,0.3989044,0.4708143,0.4236959,0.2335724,-0.003519716,-0.005771449,-0.01334031,-0.1557018,0.3737678,-0.006239629,-0.7233844,0.001502116,-0.02389809,-0.009378291,0.6607831,-0.004059136,0.3926316,-0.0104379,-0.6807787,-0.4809644,0.4038464,-0.4588499,-0.1088569,-0.5761185,-0.4550208,0.3248378,0.2984455,0.1551273
-0.3274653,0.0251388,-7.200662E-05,-0.4002029,-0.3520864,-0.1452613,-0.01765231,-0.002720637,0.4341165,0.2297518,0.1309207,-0.1006213,0.03126385,-0.4090607,3.715587E-05,0.3788565,0.1456585,-0.08861429,-0.3394853,-0.1973643,0.1407038,0.3015385,-0.3612354,-0.4628046,0.07632376,0.4375212,0.3368073,-0.1493286,-0.2647556,0.05323603
0.2760837,-0.6729463,0.374699,0.08038384,0.0003867821,-0.3692665,-0.3037527,0.110569,0.1213529,0.09601799,-0.02129852,-0.1150402,-0.3593487,0.02629275,0.01388791,-0.09753752,0.08003347,-0.06985552,-0.0001023235,0.01427202,-0.2706589,-0.4788003,-0.08135236,0.4176152,-0.04510444,-0.3545564,-0.763368,-0.5200077,-0.9029872,0.1257955
1.047877,-0.6630104,-0.3423033,0.04348018,0.8086807,0.2267258,0.0936133,-0.8312016,-0.7289552,0.1791797,0.580301,0.04950552,0.02410406,0.3854638,-0.6403607,-0.005208422,0.2300765,0.04578479,0.03012055,-0.3688273,-0.04468971,-0.05106413,0.04420291,-0.1562049,-0.4694505,-0.1049532,0.4789347,0.497093,0.01891445,-0.07468802
0.2446586,-0.654734,-0.001636583,-0.4874241,0.4935631,-0.4882125,0.4979945,0.001583755,0.05498361,-0.05480801,0.01918308,-0.01088803,-0.2161993,0.2985396,-0.3335303,-0.4083719,0.01181805,-0.1998109,-0.002325125,0.03545982,-0.1436508,-0.001092374,0.3845718,-0.6519698,0.001853102,2.626983,-0.01497208,0.2688323,-0.183548,0.2154448
0.4848643,-0.001652637,-0.6110859,-0.1043399,-0.3319279,-0.426355,-0.4216543,-0.5876625,0.4413824,0.01866385,-0.6154408,0.2738849,0.4772288,-0.4828775,0.06689277,0.3931273,-0.06063968,-0.01933868,-0.04046671,0.3630439,-0.00834892,0.284766,-0.002649099,0.12138,-0.2167262,-0.05230135,0.1369928,-0.5252028,-0.5147068,-0.1360786
-0.05954012,0.00212061,0.01268893,-0.2760164,-0.03864618,-0.3047085,0.1813085,-0.01388463,-0.02695239,0.9731889,-0.4356269,0.4529047,-0.3678113,-1.662608,0.05686608,-0.07034212,-0.1223908,-0.01769009,0.4925011,0.05584789,-0.2352556,-0.07691342,0.06046307,0.01985858,-0.05250395,-0.03356806,0.9078454,0.0003422915,-0.1225916,-0.02193481
-0.3623201,0.01692432,0.1824597,-0.426342,-0.608539,0.1280525,0.096079,0.4951631,-0.1121129,-0.3960108,0.05068399,0.1585142,-0.1647166,-0.2665237,0.05551982,0.158044,-0.6123549,0.3800759,0.2424272,-0.01092325,-0.0093796,-0.005220475,-0.4654626,-0.1301399,0.2888455,-0.05764127,0.2974317,-0.02742658,-0.07290424,0.0001026525
3.794594E-05,0.4260079,0.1368601,0.3962934,0.5620936,0.004389957,0.007929811,0.04855785,-0.2316895,0.2235049,0.2483121,-0.3947943,0.0004228606,-0.4485352,0.02791196,0.2928735,-0.07338203,0.4642401,-1.16651,0.1086495,-0.0419324,-0.3641098,0.03441007,-0.09416646,-0.08737689,0.07865415,-0.1208957,0.02322512,-0.1837,0.1221523
0.4667748,-0.1029948,-0.03301056,0.001353184,-0.04517289,0.02788817,-0.06931348,0.2154348,-0.2414023,0.0006471013,0.04649033,0.3590277,-0.7562818,0.009550301,0.3955381,-0.0001309875,-0.2932736,-0.4112678,0.4763455,-0.06274617,0.01170798,-0.02213247,-0.09402531,0.2250542,0.7260892,0.07252532,0.535243,-0.7303146,0.3305731,0.3638389
-0.6196395,0.4096495,-0.02026437,-0.9646705,-0.4966028,0.3801382,0.0588613,0.03242368,-0.3011072,-0.005517285,0.1274284,-0.05201862,-0.3604774,-0.0278667,-0.1551452,-0.418111,0.234247,-0.2414225,-0.3670707,0.002413909,0.1261426,0.09908491,0.4305636,0.04279035,0.2895193,-0.1877739,-0.3556992,0.06010471,0.007264674,-0.05824954
0.01793656,-0.4017986,0.1846896,-0.4270145,0.4785385,-0.1558721,0.04007949,-0.6116626,0.125515,-0.4872838,0.3781601,0.0990148,-0.2142975,0.2763454,-0.4170609,-0.6851168,0.4807092,-0.6131021,0.03911322,-0.01050662,0.2536331,0.3845463,-0.01114956,0.0581798,-0.002530235,0.2962028,-0.2306353,0.3092988,0.4305615,-0.1767326
0.04182345,0.3120526,-0.04475683,0.1497297,0.03084158,0.504137,-0.1099704,0.3993073,0.005315639,0.2147754,0.3336477,-0.01657201,-0.5501644,0.4615122,0.01019841,-0.004281387,0.0257544,-0.06095022,0.1002558,-0.1022167,0.2554853,-0.1415782,-0.1874936,-0.07459825,0.4221677,0.3222795,0.1202106,-0.02639063,0.02025884,0.1638534
;
0.09936395,-0.02635454,0.8153249,-0.1884065,0.05248662,-0.180096,-0.6233879,0.880678,0.1490032,-0.3558013,0.09903696,0.1115193,0.1925395,0.004177205,0.2590948,0.1101502,-0.4253944,0.435908,0.214412,0.001548594,0.2570385,-0.415113,-0.2086254,-0.01480583,0.3430012,0.06767305,-0.08275742,-0.03178828,0.0547682,0.2281121
-0.1097534,-0.06553949,-0.2950079,-0.05378824,-0.1392996,-0.2967374,-0.09582765,-0.08668232,-0.07358694,-0.1727306,0.08987091,0.06416704,-0.002850834,0.05833955,-0.3135697,0.01772088,-0.3630214,0.162157,-0.0303852,0.04824859,0.4169559,0.0002473545,-0.3169683,-0.05122258,-0.3665454,-0.3914714,0.1922836,-0.3092873,-0.1892741,-0.3069344
0.4939617,0.02187878,-0.2010856,0.3436594,-0.08268797,0.3527176,0.2524774,-0.04595071,0.5867791,-0.2844818,0.1938618,0.2452766,0.5658773,-0.0002195289,0.3402569,0.3282592,-0.9790735,-0.6965758,0.01145835,0.04274317,0.3303645,0.1080232,0.3090173,-0.1903073,-0.2312265,0.07388455,0.01824337,-0.0642001,-1.348255,-0.2528826
;
