0.4087485
0.3609059
0.4143177
-0.4158506
0.00049327
-3.511372E-05
2.549672
-0.1163288
-0.1893042
-0.1269781
;
0.01876861,-0.07468555,-0.04719258,0.1603414,0.3991525,0.0474227,-0.0399087,-0.01098464,0.2433183,0.1530635
-0.7434881,0.1411151,-1.192181,-0.04414903,-0.004653287,-0.2566353,0.05979161,-0.2970476,0.02169815,-0.3056771
-0.122557,0.05723679,0.119251,-0.2378108,-0.02828584,-0.03057249,-0.09001905,-0.08932687,0.711403,0.2830304
-0.01361138,1.822181,0.1324923,0.0003882161,0.105814,0.1099964,0.3594069,0.1585044,-4.859498E-05,-0.1213899
-0.4606981,0.2042226,0.152615,0.4739086,0.3501382,0.00878668,0.501211,0.1496578,0.190815,-0.4242983
-0.06657853,0.2526362,0.520882,-0.04453745,0.3612125,0.4421697,-0.2378806,0.08753095,-0.04192764,-0.1833914
0.1669564,0.2288501,-0.1218277,-0.003876265,0.1818876,-0.29459,0.3516544,1.128316,-0.4906608,-0.1699685
-0.2421294,0.1206199,0.2706219,-0.4871402,0.1910289,0.4067645,-0.3052616,-0.008082284,-0.000224345,-0.08239633
0.07660276,0.1302573,0.1119744,-0.226826,-0.07381304,0.003576236,0.399174,0.2591259,0.1525438,-0.0005834662
4.947393E-06,-0.04351198,-0.02490766,-0.3867167,-0.09035569,0.03235464,-0.39169,-0.4398789,0.140908,-0.0185752
;
0.0221269,-0.6363986,-0.187342,-0.03021952,-0.00569122,0.255536,0.08738726,0.08475879,0.006815598,0.01985263
3.162626E-08,0.5248642,0.1245757,0.3283868,0.09173452,-0.41145,-0.01958235,0.04079677,0.4958378,0.4688209
;
0.04026973
0.172238
0.3694212
-0.07280529
0.08006117
-0.3856292
0.253162
-0.1498492
-0.1080251
-0.1342824
;
0.6804593,-0.2525983,-0.01978275,0.4318391,0.04895818,0.2510916,-0.02164893,0.5558621,0.001970517,0.2049079
0.4197215,-0.2906931,0.232809,-0.09309334,0.09380239,0.06540442,-0.07902685,-0.06300895,-0.1831787,-0.07956117
-0.06517829,0.1542893,0.3312198,-0.0008603047,0.3371066,-0.174616,-0.3646878,0.125383,0.02972022,1.021672
-0.07014958,0.1281736,0.1403492,0.0371291,-0.09204188,0.07175552,-0.0483084,0.05683452,0.03255111,0.003694747
0.1686793,-0.06865114,-0.05880457,0.3583008,-0.246228,0.08038902,-0.2944535,0.01393228,-0.02153835,-0.2157627
-0.1298087,-0.3468961,0.002500745,-0.04489976,0.2029061,0.3404206,-0.0001583909,0.00993802,0.09895804,0.0199809
-0.1097776,-0.1056706,-0.0524881,-0.0002789774,4.142549,-0.1081172,-0.1356801,0.06362003,-0.1114399,0.3157659
0.5107852,-0.03053099,-0.4492033,0.003511432,-0.199419,-0.0289249,0.4896537,-0.1057707,-0.2487881,0.2691955
-0.07578665,-0.5555601,0.212918,-0.1287639,-0.03338405,-0.0001779785,-0.03320808,0.3658813,2.994633,0.09698561
0.08848721,-0.1947971,0.3053302,-0.03666596,0.2974155,-0.1501879,0.4580746,-0.02967914,-0.1194085,-0.1918564
;
-0.8732027,-0.5011718,0.06082094,0.1300481,-0.811121,-0.6142468,-0.8923954,0.002516203,0.06070384,0.05383044
0.2028027,0.08253162,0.01066558,-0.135709,0.1342872,-0.03968495,0.1015289,-0.348718,-0.4894737,0.01840335
-0.3646537,0.4865752,-0.6696138,0.003163746,-0.1731662,0.9033563,0.1390253,0.1545964,0.2407657,-0.01438816
;
0.09954971
0.00562809
0.6754329
-0.1382387
1.275989E-07
0.2536569
0.05936732
0.2853931
0.0152092
-0.09774406
0.09511334
0.00148963
0.1586145
0.4638101
-0.3033283
0.0004042154
-0.1358375
0.1142773
0.03809589
-0.1031308
-0.496925
-0.01638994
0.389487
0.003605185
-0.4915202
0.2619216
0.04191362
0.6511185
-0.07803185
0.1654191
;
-0.4788762,0.4048935,-0.3358224,-0.407766,0.1333076,-0.8532118,-0.8154619,-0.2340358,0.08665636,-0.04982718,-0.1403683,-0.01186253,0.4577365,-0.07962374,-0.7514634,0.09616187,-0.1325971,0.439761,0.4640284,0.5516236,-0.1608829,0.4571233,-0.4887075,-0.01745019,0.004050145,-0.03082383,-0.255372,-0.4961346,0.3854644,-0.02781807
0.1582582,0.03178964,-0.142037,-0.07935029,-0.4756073,-0.0823558,-0.0667918,-0.06606288,-0.1494319,0.09213126,0.5540295,0.2220928,0.1385375,-0.4025835,-0.0510555,0.4731134,-0.1849054,0.2113572,0.01852149,-0.4247127,-0.07815307,0.04352401,1.245169,0.0008683528,-0.541636,0.2733886,-0.4480951,-0.01270329,0.3782987,0.08941537
0.05546445,-0.4738849,-0.2106277,0.318807,-0.331812,1.182279,-0.3941958,-0.6798989,-0.4594771,-0.4422467,-0.0666825,-0.4914098,0.03590424,0.7156314,0.4303532,0.006414899,-0.3059668,0.218143,-0.1533396,0.403571,0.1240625,-0.009503586,0.4643024,0.004484535,0.4504781,-0.09855828,0.1203098,0.6317312,-0.01267668,0.04233819
0.4906883,0.1608037,-0.07803161,-0.02911952,0.9514093,0.02707755,-0.1425477,-0.6194378,-0.3731402,0.4357578,-0.4406282,0.3382421,-0.4019341,0.1864385,0.3613623,0.0604081,0.4890766,0.07855768,-0.6962629,-0.01042409,-0.5571902,0.0170473,0.3605931,-0.4173207,-0.206982,0.1412356,0.8109409,-0.6488572,0.2618002,1.472741
0.4160509,0.642901,-0.2153902,-0.2698828,0.2231031,0.02737099,-0.265132,-0.07313114,-0.1113093,0.4962277,0.2090199,-0.1643632,0.2011179,0.2067252,-0.2051951,0.3579506,-0.002094525,-0.1520284,-0.311296,0.5123609,0.0818738,0.5300936,0.1560711,-0.01634463,-0.0877411,-0.1942919,0.1447707,-0.001806453,-0.07586592,-0.3818867
0.9537184,-0.2309482,-0.423189,-0.05660284,0.1013484,0.4187692,0.1344896,-0.07404181,-0.1607632,-0.04196853,0.0916627,0.3714251,0.05373279,-0.1060874,0.1456054,-0.3725317,-0.06696994,0.1587009,-0.2794564,-0.5481437,0.005804099,0.1290973,-0.2662199,-0.2645285,0.2684696,-0.3715901,-0.1613398,0.4978417,0.08458209,-0.07652506
-0.1553776,0.005753544,0.002533863,-0.06903955,0.1618169,-0.04544455,-0.159203,0.6938008,-0.01236063,0.3287421,-0.9364798,0.03342821,-0.06424653,-0.08311895,0.1880842,-0.1284841,0.0027316,3.710448,-0.1724197,-0.1279683,-0.1301749,0.4823998,-0.01476181,-0.223679,0.1959388,-0.4984339,-0.1684094,-0.2386923,-0.002914869,-0.1959312
0.3086324,-0.01486265,0.5106946,-0.1215991,0.4252586,-0.1742936,0.04166296,-0.003339469,0.3664528,-0.4845145,0.155321,0.4056592,-0.3127812,-0.009628211,0.001572836,0.1874235,-0.3303105,-0.0483472,-0.04734137,-0.7415299,0.4972318,-0.2231558,-0.1954958,-0.3093361,-0.003089787,-0.7730536,-0.2796721,0.2729887,-0.1813511,0.02190774
0.06020904,0.3522294,0.5611772,-0.1401172,0.08561748,0.4980198,0.08013099,-0.08517825,0.06642355,-0.003221929,-0.4098473,-0.3496971,1.469448,0.03394632,0.1034915,-0.00354907,0.009755744,0.2018761,0.4671562,-0.02256527,0.1162201,-0.1213086,0.1205956,-0.03281793,0.4420512,0.08552872,-0.411406,-0.4899998,0.0361206,0.4266787
-0.2315246,0.1398933,0.03580555,-0.02616511,0.3139168,-1.581311,-0.3469009,-0.08874722,-0.2695433,0.1508639,0.03496021,0.1445846,0.1733303,-0.3228173,0.3997309,0.278143,0.08127323,-0.7352623,-0.3965188,0.1400035,-0.1356439,-0.1694089,0.1519387,-0.004510493,-1.583098,0.4030201,-0.7502047,-0.004045338,0.0008018212,-0.2188619
0.01339212,-0.003061798,0.0821446,-0.4266845,-0.7812953,-0.002444284,0.00334712,-0.2565205,0.1512419,0.4240665,-0.4205048,-0.02784564,-0.08189172,0.1697828,-0.06005234,-0.4716794,0.003172457,0.1572178,0.3806581,-0.4371113,-0.2217831,0.5865785,5.162526E-06,-0.01259893,0.1852559,-0.01066706,-0.1200355,-0.03229425,-0.1183493,-0.4441499
0.4895627,-0.3496362,0.1661924,-0.4327596,0.2309878,-0.3032079,0.004558771,-0.009253959,-0.1241841,0.0546867,0.4397784,-0.1618181,-0.004890636,0.2876655,0.3214789,-0.008325174,-0.9980296,0.1821593,-0.2392712,0.352031,0.2993435,-0.01180023,-0.06555286,-0.3418693,0.8286102,-0.3958447,0.1243229,-0.137148,-0.04513814,0.4913549
0.07052022,-0.327622,0.3765244,-0.3665303,0.3956302,0.2477893,0.3253422,-0.06330221,0.1805335,0.4104101,-0.0431899,0.1957112,-0.3489487,0.2998955,-0.1748309,0.4949043,-0.02316593,0.09085667,-0.1855311,-0.4582509,-0.381757,0.1586099,-0.4330233,-0.04584179,0.08884376,0.001962855,-0.1921381,-0.08089761,0.4400505,-0.3906015
-0.245366,0.0928096,-0.008397611,-0.3449564,-0.4625792,-0.001804175,-0.0003230079,-0.1879553,-0.1547103,-0.07590016,-0.09320676,-0.6868353,-0.138616,-0.1024413,-0.3991081,0.03442035,0.2523342,-0.02283679,0.5261177,-0.3326207,-0.3377305,-1.983944,-0.2526214,-0.003009981,-0.4271814,0.02029241,-0.3624918,0.4956194,0.007730603,0.01217955
0.8197705,0.8231885,0.0124804,1.547622,-0.1641791,-0.2553241,-0.01407686,0.06887937,-0.01796751,0.1168463,0.01510844,0.8883022,0.2306932,-0.03419738,0.02744641,-0.06165321,0.2003865,-0.2928095,0.2735977,0.04598061,-0.06344986,0.2472844,-0.0253568,-0.4749837,-0.02918263,-0.08914863,-0.2900189,0.2441174,0.4686007,-0.0005831101
0.0002079583,-0.2930652,0.0005575129,-0.03887129,-0.06367916,-0.004621963,0.08185077,0.6994775,-0.08321324,-0.06897064,-0.2931424,0.2490619,0.380427,-0.2406425,0.3153716,-0.02874143,-0.1400517,0.003312155,0.1170699,-0.04078621,0.4696877,0.08351965,0.2094216,0.1107543,0.01724713,0.02213168,-0.0176642,0.2651736,-0.09550351,0.0489527
0.2325498,0.001605985,-0.02405735,-0.07988888,0.1045702,-0.668674,-0.3017539,-0.4908186,-0.6807354,-0.0450688,0.1243142,-0.1577541,-0.5348186,0.1270017,0.3299962,-0.000675977,0.2302112,-0.1142865,-0.2233379,-3.026887,0.04155976,-0.1831405,0.2055582,-0.05624748,-0.2833087,0.07748716,-0.0008804432,-0.1559686,0.1456586,0.07656819
-0.0876185,-0.608949,-0.1006047,0.009666901,0.1861902,-0.05378991,-0.005561966,-0.1585084,-0.01596638,-0.4148815,0.5522835,0.004871711,-0.1899775,-0.007928603,-0.1323844,-0.03595048,-0.1061526,-0.2493377,0.3136639,0.009182437,-0.9364457,0.04880495,0.2088537,-0.332846,-0.3930891,1.707667,0.4039142,-0.2418554,0.07358962,0.7851952
-0.6527027,0.02476709,0.02889167,-0.001876027,0.2038612,0.1912473,-0.08370662,-0.01331553,-0.1614471,0.3524207,-0.282389,0.2377207,-0.02472409,0.1212799,-0.0535478,0.2975065,-0.1308411,0.1255246,0.0221638,-0.3869604,0.2689451,0.255989,0.3226905,0.3183881,0.01915128,-0.2154419,0.1412523,-0.01641835,-0.3899107,-0.05374162
0.2239418,1.079962,0.3665797,-0.0009580869,-0.1099137,-0.2737818,-0.3037527,0.08031301,0.1785232,-0.3003584,0.3813511,-0.3864177,0.2646952,0.06085531,0.4564359,-0.052359,-0.05296554,0.09043317,8.386696E-07,0.01339924,0.0155195,-0.8346767,-0.0003412379,0.08531029,-0.0006418661,-0.2945917,-0.4092065,0.3265181,0.1068747,0.02897102
0.1927282,0.2355506,0.2608648,0.00831061,-1.08439,-0.1954953,0.0936133,-0.4474033,-0.06429099,0.09539723,0.2379088,-0.3168221,-0.106859,-0.256977,0.1120554,-0.01474458,0.012115,0.1179408,-0.07202476,0.271762,-0.05760582,-0.3261578,-0.4292127,0.3203973,-0.4433244,-0.005784604,0.06477513,0.4937749,-0.009043217,-0.1865962
0.7145731,-0.2970328,-0.03547472,-0.1587048,0.4913421,0.1195017,0.08434011,0.06426734,-0.1763109,0.2958294,0.01058716,0.2521707,0.220787,-0.1389095,0.3335303,0.233785,-0.5919009,0.1875761,-0.008937413,-0.1356542,0.4781102,3.353771E-05,-0.3845718,-0.2867972,0.7104742,2.626983,0.01497208,0.3382701,-0.02898763,-0.2154448
0.3822268,0.3273159,-0.3797656,-0.02714013,0.001679031,-0.005011131,-0.01378269,-0.08083826,0.5465552,0.01866385,-0.3457161,-0.4354317,0.4772288,0.4828775,0.6684487,-0.2256099,0.142033,-0.161294,-0.1496168,-0.02256484,0.0300508,0.5590072,-0.0002416477,0.09808166,0.2046743,-0.477073,0.05876565,0.002490809,-0.07061365,-0.1521304
-0.003414112,-0.4549876,-0.002123537,0.2403695,-0.1051858,0.5090394,0.03227861,0.1396209,0.2379772,-0.8808421,-0.4625188,-0.38984,-0.1725002,-2.159769,-0.1251717,-0.01510919,0.1640704,-0.211188,-0.0009184395,0.3262228,-0.2352556,0.2790462,0.08846988,0.3597494,0.1171818,-0.03356806,-0.6904732,-0.0004088312,-0.09764822,-0.02493292
-0.009571027,0.1042771,-0.387279,0.3137317,-0.001478217,-0.203402,-0.4829179,-0.1836414,-0.2907245,1.550645,0.09024953,0.07787063,-0.3070685,0.5219195,-0.1463453,0.03486096,-0.038808,0.276305,-0.07274605,0.1001403,-0.08522328,0.004920173,0.4654626,0.1547094,0.2589431,0.1817168,-0.1367369,0.5428231,0.06285661,0.4047323
2.322445E-05,0.4260079,0.1123851,0.08481318,-0.5620936,-0.0003801351,0.131063,0.4595244,0.4350753,0.2831212,0.1860167,0.2626306,-0.2910903,0.1609516,-0.0006766338,-0.5374273,-0.1875967,-0.1130013,0.7727578,0.08633002,-0.4521532,0.1340593,0.08074039,-0.4977542,-0.02583806,-0.0137257,0.06426731,-0.2420227,-0.5817572,0.1213468
-0.8824847,0.03572582,-0.1242033,0.0002521391,0.0284494,0.176909,0.5652333,-0.112229,-0.001975541,-0.1726505,0.06164794,-0.01116891,-0.1075168,0.0001543875,-0.01856044,-8.377366E-05,-0.7055262,0.2319581,-0.2036232,0.03435129,0.3047673,0.1659022,-0.3616163,-0.2017763,-0.1726728,0.1696611,-0.2777942,0.03949672,0.08396441,-0.4803342
0.1917744,-0.6699264,-0.07141147,-1.211364,-0.3077188,-0.009258211,-0.1733988,-0.2623245,0.03472607,-0.1229202,-0.1737244,-0.0006659104,0.06746859,0.7080048,-2.560131E-06,0.1479961,0.126892,0.04618193,-0.4721566,-0.6955062,0.283163,-0.2382497,-0.1930526,0.1587052,0.147331,0.03357388,1.232899,-0.2517129,0.002773232,-0.05622833
2.535553E-05,0.1080536,0.1772575,0.3820233,-0.1311224,0.1540985,0.06156105,0.1434674,0.2130604,-0.08306903,-0.2102522,0.418745,0.006910907,0.190873,-0.6160466,1.18943,-0.2059197,0.0434262,0.03911322,0.08641547,0.2213881,0.3845463,0.1540018,-0.3472754,-0.0008457055,-0.3093269,-0.05708999,0.1647539,-0.2586675,-0.4116194
0.02684996,-0.3442897,0.1099007,-1.212014,0.02614373,0.08404326,0.02822187,-0.008752593,-0.01483621,0.1011692,-0.4155687,-0.05286295,-0.5501644,-0.6918036,-0.7918786,0.146465,0.001833785,0.002784434,0.2597412,-0.1022167,0.3937635,0.02287868,-0.2301394,0.1467309,-0.8159168,-0.007450932,0.005198799,0.035918,-0.7095847,-0.3398532
;
-0.1443945,-0.3612151,-0.1280576,0.319443,-0.01299364,-0.9794108,0.3358569,-0.1908355,-0.2326096,-0.02017361,0.1489858,0.2892005,0.2092731,0.008292052,-0.2972242,0.5156035,-0.2716483,0.117266,-0.01737195,0.134824,0.2951664,-0.2649624,0.01882156,0.1918632,0.02609335,-0.01046816,0.2769542,0.01886932,-0.01058211,0.01049505
0.5059953,-0.01619898,-0.07538635,-0.02013737,0.009856322,-0.7852746,0.4655406,0.03127047,0.468116,-0.09575421,-0.2633474,-0.4091054,-0.002850834,0.1183381,0.2167221,-0.004996862,-0.3253678,0.0834232,0.02978212,0.2254722,0.3540236,-0.4917394,-0.03412873,-0.1092473,0.3833495,0.2796264,0.09728674,-0.3361341,-0.02374619,-0.3069344
-0.1403529,0.03316415,0.4494201,0.08302545,0.8579845,-0.4186171,0.2524774,0.02919978,0.5867791,0.04980839,0.4215052,0.1479892,-0.1880172,-0.0003391318,-0.1265563,0.3282592,-0.9790735,0.1703974,-0.00965327,-0.2391494,-0.9398435,-0.02308874,0.05594391,-0.232999,-0.6217546,0.03147775,0.07039656,0.3747224,2.228143,0.3126587
;
