-0.2219035
0.05034584
-0.0837141
-0.4855996
0.4723047
-0.1286373
0.4560946
0.2959985
0.3446774
0.1592886
;
-0.2459465,-0.4394888,0.196599,0.01602,-0.08905393,0.1640591,0.4450126,0.4043015,0.2707806,-0.1139221
0.03602463,0.4812562,0.3936437,0.1873714,-0.1298125,0.005655706,-0.1485552,0.1000296,-0.469111,0.1982338
-0.1268085,0.2352943,-0.2173048,0.2304848,-0.4555269,-0.2156785,0.4712518,-0.1004366,-0.04844195,-0.03079051
-0.4027208,-0.07452542,-0.3218135,-0.4655355,-0.4749284,0.3971393,-0.4728361,-0.2505388,0.1095302,-0.3886925
0.193956,-0.4527218,-0.2281139,-0.09516498,-0.2430812,0.2667713,0.2571765,0.2888871,-0.03855437,-0.21841
-0.3512034,0.3307128,-0.3886691,-0.4992964,-0.4297307,-0.4635764,-0.1186314,-0.09694582,0.4270762,-0.2071646
-0.3555597,-0.05615133,-0.135735,0.2510411,-0.3241454,0.1612638,-0.4899031,0.07735091,0.1079332,0.1356184
-0.04997379,0.4408263,-0.1358796,0.09965509,-0.1009666,-0.413113,0.4025259,0.05782801,0.3821243,0.4720976
-0.3236195,-0.01499552,0.6370751,-0.08243078,-0.4769,-0.1435944,0.3246174,-0.3629781,0.365695,0.05184823
0.4018698,-0.2948055,-0.2878146,0.192103,-0.3268806,0.1444895,0.1421853,-0.3913194,-0.1467624,-0.3054359
;
-0.3313011,0.1934365,-0.09568673,0.15433,-0.3161094,0.1769919,-0.362506,0.446926,0.22066,0.09950608
-0.211963,-0.001646459,-0.465212,-0.0008146167,-0.4168934,0.2845838,-0.1213891,-0.2035198,0.4895332,0.09554356
;
-0.0007427959
-0.4413929
0.008404872
0.3310285
0.4085623
0.03176839
0.06155704
0.05445671
0.3937902
0.01878697
;
-0.1136418,0.3393983,0.04929378,0.2825703,-0.1196241,-0.03490537,0.04164845,0.9040396,0.004092101,0.0313856
0.3739635,0.2181763,0.2829093,-0.4719659,0.02089301,-0.01438634,0.2936767,0.04000208,0.4503678,0.1279492
-0.3212409,0.2778025,0.08243676,0.3408993,0.007387091,0.2711985,0.19946,-1.34532,-0.4389458,0.4229463
0.2483129,0.1541134,-0.007462957,-0.1426267,0.002239516,-0.04124522,0.1195677,-0.001940622,0.1093989,0.07488503
-0.4767734,0.01162756,-0.1716505,0.3639629,0.05512514,0.2276056,-0.336002,0.1591316,1.160967,-0.05879638
-0.4225149,-0.2810802,-0.1386414,0.07290097,-0.4203597,0.001917846,-0.001485815,0.007915275,0.251026,0.3819681
0.4620478,-0.1287423,-0.4056114,-0.4120998,-0.4915265,-0.04022176,-0.2825438,0.2343394,0.1738477,0.1952889
-0.3622262,-0.1223066,-0.2527841,-0.2674922,2.477051,0.6316583,-0.02822837,-0.02930278,-0.1713088,0.08434866
-0.3631073,-0.292864,0.591924,0.1420165,-0.01497267,0.2580696,0.1056914,-0.1008769,0.1318386,-0.2035548
-0.1925123,0.4694475,0.9704542,-0.2089218,0.103029,0.4162209,-2.889118E-05,-0.08657534,0.3737366,-0.009863217
;
-0.01592765,0.3573322,0.09401613,-0.276699,-0.3943239,0.2638456,0.2951313,0.01003347,0.3670231,0.4644985
0.03683802,0.02863531,0.1395642,0.3798905,-0.02072333,0.163216,-0.04706913,0.006032838,-0.4477242,0.1576794
;
0.2247212
-0.01103176
2.117712
-0.005485642
0.2705751
-0.2134505
-0.2275156
-0.2699187
-0.3667814
0.3730187
;
-0.004417926,0.1191905,0.09133167,-0.1055512,-0.1173887,-1.646299,0.3180529,-0.02197735,0.002401726,0.3292933
0.1878708,-0.4172821,-0.5627044,-0.3515723,0.1648244,0.4398797,0.2411319,-0.02358645,-0.1168985,-0.06171038
0.04571659,0.2362538,-0.03152603,-0.137791,0.04756441,0.3738397,-1.905726E-06,0.4728309,-0.2987595,-0.1406316
-0.2605937,0.2831817,1.722957E-05,0.4146837,0.4737873,0.003203949,-0.4707409,0.3040667,0.05661771,0.006182015
0.04114554,0.1055933,-0.3857718,0.2545083,0.4741568,0.03242264,-0.0001078656,0.3860132,-0.9112189,0.05844727
0.0402342,0.00823999,-0.01918608,0.05268823,0.3755983,-0.03333608,-0.4080424,-0.06154221,0.03998191,-0.4614351
-0.09085451,-0.5101258,-0.05739224,0.1927979,-0.01004845,-0.4220565,-0.4978917,-0.2122963,-0.06622825,-0.02337002
-0.09333928,-0.06452411,0.5866199,-0.05065382,0.006139273,0.2672063,0.4455237,0.02406731,-0.001391285,0.1286721
-0.4396009,-0.01192314,-0.002869096,-0.5586273,-0.1547611,-0.01222409,-0.1159598,-0.0002501002,-0.0175795,-0.4076842
-0.2706716,0.03278631,0.005977002,-0.0004869446,0.2896139,-0.02477289,0.1829369,0.4064509,0.1227716,0.396872
;
-0.3062363,-0.579239,-0.3281598,0.005632114,0.4346391,-0.4474104,-0.3380569,0.01740418,0.3595871,0.1789826
2.715557E-07,0.1288547,-0.09767459,0.2877229,-0.08694881,-0.03590236,-0.4900984,-0.008123503,-0.1768925,0.2390449
;
0.1887709
-0.1192584
0.008028388
-0.00136963
0.09997743
-0.3641224
0.07277864
-0.01275039
0.00176665
-0.2815037
;
0.02803235,-0.3551399,0.2351562,0.2534025,0.0346498,-0.5673237,-0.02537795,-0.04381631,0.7906649,-0.1402164
-0.6970431,0.003214483,0.0937729,-0.01585418,-0.15008,-0.1516467,0.006949674,-0.6662746,-0.2814732,0.3353933
-0.09343749,-0.4284608,0.4412235,-0.1015429,-0.1016013,-0.0586496,0.05568667,-0.5230014,0.1367805,-0.5857927
0.1910393,-0.1074165,0.01465977,0.8314869,-0.0006972251,-0.001350338,0.1141601,0.459263,0.04340458,0.4184871
0.1281483,0.08661996,-0.08530721,-0.03306299,-0.0276973,0.2454643,0.3047257,-0.167394,-0.3079541,-0.2945309
0.1334199,-0.3733201,-0.3055425,-0.5516759,0.02734189,-0.02270538,-1.159118,0.09025025,0.002828479,-0.1370741
0.09454772,0.0636733,-0.2913456,-0.01277438,-0.4093211,0.2611378,-0.09613042,-0.3275491,0.3424068,-0.3791201
-1.038103,-0.1502347,-0.1339768,0.006338127,-0.0001829362,0.2944875,-0.3325158,0.07027146,0.1382884,0.0857279
0.1607184,0.151858,0.02043399,-0.2157468,0.03266874,-0.006969607,0.1508953,0.06769334,-0.1823413,0.1499017
-0.2500098,0.3607262,0.09458364,0.3316966,0.3719406,0.01888515,-0.4285032,0.1527094,-0.6527429,0.001784092
;
-0.3237803,0.1772454,0.5030687,0.2262587,0.357555,-0.4822758,-0.09992549,0.3247552,0.03888886,1.418339
-0.1759773,0.005751235,0.258253,-0.1003516,-0.5948901,0.1949508,-0.4255368,-0.1312456,-0.1914148,0.02481972
-0.7255968,-1.191612,0.423557,-0.2743045,0.2487177,-0.1490977,0.3857116,0.3077397,0.01355864,-0.006724008
;
-0.01440302
0.2285819
0.6319675
-0.08252567
0.03737182
0.05500665
0.1056955
0.06349286
-0.4249259
-0.3409229
-0.4023682
0.8144616
0.4407619
-0.4793591
0.1861918
0.008205305
0.3887223
-0.1090718
0.1717361
-0.1659865
0.1894801
0.07944983
-0.498314
0.01169022
-0.01601108
-0.3372146
-0.4369466
-0.3587388
-0.06519838
-0.6827413
;
0.2906425,-0.02629316,-0.402375,-0.02480269,-0.02062954,-0.1357365,0.01135583,0.339107,-0.1153277,0.2934478,-0.09634769,0.4337075,0.2261094,0.1435509,-0.298799,0.05256912,0.2185672,0.3164797,-0.6092348,-0.243689,0.2763367,-0.01497819,-0.6288567,0.1954137,-0.4600183,0.1423401,0.3008366,0.3755029,0.2020082,-0.3390307
-0.066423,-0.229048,0.772119,0.4504622,0.1404766,-0.2364071,0.3678811,0.2037152,0.4077988,-0.2301772,-0.01527339,0.7820821,0.1997949,0.4282755,0.03363809,0.1479521,0.1804976,0.3009276,0.009854461,-0.2962003,-0.04943369,-0.01515298,0.1730105,0.08611525,-0.3713652,0.05383891,0.3545384,-0.2967715,-0.02243885,0.1330237
0.3107476,-0.1682068,-0.3224845,-0.1593302,-0.02481547,-0.05495244,-0.04287919,0.3657747,0.4715297,0.04827294,0.5012718,0.9052851,-0.03322929,-0.2413277,-0.3651584,0.1771855,-0.3993596,-0.03849338,0.2074137,-0.3084892,0.04116436,0.415095,0.1107112,-0.4741237,-0.08492652,-0.4428928,-0.3539495,-0.4006435,0.002820061,-0.02701041
0.1095317,-0.1068289,0.1339662,-0.2489155,-0.06237479,0.3647956,-0.08817218,-0.3252782,0.1620434,0.001298471,-0.4765344,0.08082043,-0.1268694,0.02818879,0.4588705,-0.3219572,0.02083679,0.1775831,-0.1959829,0.00185646,0.8646041,0.06942831,0.009976495,-0.3777531,0.5582215,0.1975785,0.01499647,0.1224887,-0.2328201,0.6812705
-0.5750828,-0.4619662,-0.05156726,-0.02794747,-0.1528587,-0.3865622,0.4070456,0.023009,-2.062187,0.1485144,-2.30042,0.04826218,-0.1077851,-0.401483,-0.281231,-0.06854802,0.1074683,0.07033729,0.3073453,-0.09778244,-0.3687185,-0.1070895,-0.3935809,-0.07783795,-0.08116042,-0.202189,0.01073745,0.09168805,-0.04403605,-0.01667332
-0.09010922,0.334844,0.1316369,0.1630599,0.02503552,0.08400319,-0.05444205,-0.01255726,-0.3578758,0.0588493,-0.6362342,0.3119556,-0.3346338,-0.3290279,0.172452,-0.2774795,0.01882902,-0.02050139,0.2394844,0.002017975,0.02258441,0.4229237,-0.1110419,-0.07446909,-0.1390371,0.08926016,-0.03417064,-0.1256155,0.2063269,-0.4285834
0.016491,-0.2318501,-0.7680662,-0.1686655,0.08117448,0.05415672,-0.1712207,-0.04405978,0.134897,0.3912956,0.3612982,-0.3404465,-0.4487696,0.03778924,0.07845479,0.09971815,0.3218561,-0.2960061,0.4095345,0.2806323,0.02274664,-0.02206558,0.1099556,0.005361208,0.3228858,0.02705742,0.4328461,-0.00564152,0.1156798,0.1688424
-0.1510159,0.3819599,-0.2611181,0.3758701,0.365021,0.1159855,0.2689216,0.4043854,-0.06947798,-0.1244381,-0.05638453,0.1900164,-0.4836764,-0.006573683,-0.6083006,-0.2944169,-0.3174144,0.01823064,0.09687608,-0.1104071,-0.00655102,0.3377028,0.3745513,-0.2176028,-0.002844553,-0.002070721,-0.1579311,0.04801936,0.3576019,-0.1564668
0.3257513,0.06679162,0.04257721,-0.007442961,0.01691469,-0.2203625,-0.08191758,0.4406705,-0.2842937,-0.1312886,0.4105938,0.06634457,-0.2624501,-0.1609029,0.3080003,-0.463263,0.02502386,0.1161529,-0.2178351,0.06845659,0.3921849,0.003422216,-0.02589517,-0.2097193,0.3117948,0.1929972,0.3806338,0.001042656,-0.1516688,0.2362454
-0.05283423,-0.3853552,-0.3973132,-0.5061209,-0.4613492,-1.365088,-0.1103759,0.2090469,0.4576281,0.1769291,0.08429831,0.258224,0.02488822,-0.3826718,-0.3193117,-0.4524494,0.1178314,-0.4260487,0.03979819,0.2185382,0.003642202,0.4373946,-0.5505603,-0.3517323,0.04285691,-0.3912476,-0.04278087,0.5572588,1.34843,0.3396647
-0.07179326,0.4738076,-0.1187835,0.1521324,0.2008568,-0.09361118,-0.009075419,0.1955465,-0.0138904,-0.02657223,-0.3623321,-0.1702873,-0.2215075,-0.1666626,-0.3910599,0.4173072,-0.2770072,0.05554397,-0.387192,0.0049998,-0.3658637,0.5252553,1.644793,-0.004978077,-0.07171243,0.2268324,0.03551406,0.342154,-0.5989466,-0.003002445
0.4991669,0.08892389,0.3667472,0.1367725,-0.2600086,-0.0186688,-0.6554705,0.02825492,0.2714587,0.06540778,0.2061273,-0.3605226,0.008991539,-0.144698,0.3039387,0.1893536,0.1601316,-0.2260763,0.9956775,0.2726272,-0.1958029,-0.03053993,0.001993067,0.110622,-0.01419221,-0.2392704,-0.3488978,0.1936513,0.1697131,-0.03065725
0.1444698,-0.3073072,0.233216,-0.3008895,0.247172,-0.09739672,0.005053561,-0.2140417,-0.02773965,-0.09423083,0.0008838628,-0.1288869,-0.06241219,0.01355844,0.1479729,-0.1638154,0.04961592,0.1186334,-0.3807945,-0.01051766,0.2608043,-0.7859139,-0.3052622,-0.3431481,-0.001987902,-0.006633461,0.5522236,0.4167895,-0.0112875,0.0002261381
-0.1446075,0.03696471,0.2265942,-0.02496797,-0.07949664,-0.1298913,0.0201843,1.06409,-0.4149385,-0.5550535,0.006082975,-0.3544322,-0.007738564,-0.6377092,0.04092606,0.0006312304,0.3342277,-0.4051449,-0.02758693,-0.02972712,0.2183418,-0.4317854,0.4905365,0.3914653,-0.4014682,-0.1159715,-0.2723631,-0.4379814,-0.2194507,-0.1095002
-0.1211668,0.03450639,-0.7840192,-0.06843822,0.3479526,-0.01477578,-0.4590771,-0.4193183,0.4211534,-0.1448667,-0.3922555,0.4741935,0.08461732,0.09834615,-0.1622055,0.1030155,0.6623399,-0.2811362,0.1913711,0.3159547,0.1488389,0.05027765,0.06285123,-0.07545751,-0.663636,0.08344605,-0.04985255,-0.02625061,-0.4965287,-0.3823365
0.1036539,0.005964926,0.01888692,-0.4767269,0.1180742,0.4112119,-0.08308858,-0.03313283,0.04019615,0.08197755,-0.02897432,0.2113941,0.05461415,0.004580851,0.3358845,-0.06212896,-0.02097622,-0.01018447,-0.3884351,-0.1518361,-0.2612611,-0.1831023,0.2545558,-0.1643537,1.046363,-0.4903487,8.522058E-05,-0.01393266,-0.02576009,0.0635108
0.1633999,-0.4214854,0.4044269,0.006780465,-0.1280351,-0.07703114,-0.04341811,-0.1859687,0.2095868,-0.008147149,0.2317134,-0.003536645,0.4789736,0.8061046,0.07789355,0.5810136,-0.36262,0.1876836,-0.1125822,-0.192785,0.0004714409,0.3476689,-0.1136327,-0.040958,-0.06132448,-0.01286232,-0.6302036,0.429655,-0.2313792,-0.3987889
0.1479579,3.209567E-05,-0.09172314,-0.906119,-0.8806136,-0.3745544,0.04043802,-0.3192405,-0.0205442,-0.03619748,-0.2420911,0.310552,-0.0008599804,0.009405491,0.02725822,0.01267903,-0.3504981,-0.05033457,-0.3986591,0.09730435,0.01055637,-0.3943144,-0.2460114,-0.3504809,0.1383347,2.47065,0.3920336,-0.0003138129,-0.2234237,-0.1250703
0.2099134,-0.4098419,0.1160936,-0.3868002,0.302812,-0.3757613,0.8563093,0.5455458,0.3955201,0.5752914,-0.3644578,0.3508978,0.1649572,-0.01498931,-0.03441929,0.4908304,-0.3314474,-0.005834826,-0.01585134,-0.3939515,-0.02017293,0.004472962,-0.001758106,0.1877571,-0.04065746,-0.1750306,0.03259008,0.2289166,-0.2469429,-0.1727662
0.05140284,-0.4517919,0.8038867,0.4352628,-0.4294883,-0.9178144,-0.1866328,-0.1703199,0.4310353,0.03776329,0.1633626,-0.05606526,0.4429904,0.3981397,-0.005991007,-0.3636018,0.01622888,-0.1246788,0.4165598,0.0002777656,-0.4189953,0.4130873,-0.01947194,-0.4244417,0.01279782,1.195822,0.7670436,-0.06025261,0.1720659,0.2721102
-0.3481004,0.2247703,0.01827164,-0.1239623,-0.4876894,-0.07455344,-0.1189465,-0.4069345,-0.4701826,-0.2501764,-0.4068933,-0.03709418,0.63561,0.1969089,-0.7574119,0.02326022,0.4296055,-0.3465872,0.03435026,-0.0178762,-0.4117349,-0.2748259,-0.1713213,0.06047687,-0.03981113,-0.4675518,-0.07411748,-0.4166859,-0.0546546,-0.08320617
-0.02881351,-0.6642296,0.1451968,-0.4089684,0.3873649,-0.2296112,-0.4825248,0.01285033,-0.1566641,0.4406783,0.06433719,0.00455586,-0.08048971,-0.2712771,0.396167,-0.004507115,0.2090989,-0.1210689,-0.3922329,-0.8167731,-0.2182474,0.08369213,-0.1445923,0.1186882,-0.03169627,-0.1002113,-0.1358189,0.08220796,-0.1336247,0.6423402
-0.02464026,0.9021553,-0.0004128814,0.1023906,-0.1995952,0.05900634,0.02952705,0.103142,-0.0981371,-0.06237274,-0.1317146,0.5360821,-0.7265558,-0.01418884,0.6519398,-0.1953978,-1.441693,-0.1251647,-0.26539,0.1168986,-0.005263507,-0.5161313,0.1987601,-0.05724475,0.02435094,-0.4569317,0.124254,0.2560647,0.0003209687,0.03878417
-0.06611329,0.1177664,0.3139821,-0.5070277,0.07395803,-0.1350121,0.1820355,-0.01609204,0.07294101,0.06705159,0.4000347,-0.01299328,0.06950664,-0.2550768,0.2610632,-0.05139142,0.2709285,-0.01539652,-0.1447004,-0.04759718,-0.03402726,-0.2050859,-0.1079205,0.08601862,0.220329,0.8518717,-0.03041011,0.1649219,0.07775087,-0.3295553
-0.499994,0.02508485,0.04293102,0.195786,0.03005016,0.488332,0.6981078,-0.0003087854,-0.3427607,0.7114614,-0.2826522,0.175551,-0.08543921,0.1602046,0.09268929,-0.1038373,0.07652663,0.1076548,0.2605298,0.01328929,-0.6289929,0.1592405,-0.4063863,0.1133117,0.06178533,0.6639253,0.4916416,-0.01469354,-0.005758936,-0.1267133
-0.4118278,-0.00537428,0.3097358,-0.153647,0.03604556,-0.3642158,0.03157394,-0.171452,-0.6202552,-0.8378791,0.3260671,-0.2251751,0.09142916,-0.4940776,-0.1394428,-0.1352823,3.452617,0.3014147,0.008616842,-0.002390917,-0.01381058,0.02632222,-0.490571,-0.4556071,0.09436165,0.4154651,-0.3620285,0.001917488,-0.003402889,-0.4250758
-0.54014,0.08474485,-0.06494743,-0.2730347,0.06845545,0.3150238,0.3861617,-0.2257741,-0.1586957,0.4049851,0.4203875,0.4084399,-0.1431029,-0.1056746,0.2785757,-0.05097009,-0.05887238,-0.2111048,-0.3740006,0.4346398,-0.07890838,0.2617287,-0.1534466,-0.3571594,-0.08029789,-0.2152705,0.2244593,-0.005534777,-0.00249928,0.4460655
0.1769342,-0.1328146,0.8269845,-0.167423,0.2754855,-0.4613746,-0.2582556,-0.03432757,-0.2810841,0.2704567,-0.05600133,-0.4958768,0.3083378,0.6552138,-0.2376508,-0.004360795,0.5598277,0.005259526,0.1641376,0.06261463,0.1524687,-0.370212,0.4357187,-0.6257144,-0.1302838,-0.5398794,-0.6302564,0.3854022,-0.7609097,-0.003362973
0.002912093,0.1389837,-0.2980917,-0.3560554,-0.1562819,0.1698601,0.273322,0.220146,0.3463221,-0.03412485,-0.1632442,0.7721479,-0.6126742,0.4178534,0.1274348,0.0568703,-0.1417293,0.4781307,0.1167368,-0.003431823,-0.01688945,0.1852704,-0.006836398,-0.1572207,0.2704369,-0.04765128,0.2281438,0.03193904,0.07791954,-0.003605857
-0.2036846,-0.001009524,0.008285103,0.4804103,0.2696617,0.4171877,-0.4405125,0.02755493,0.5659716,0.07511548,-0.3550272,-0.1384646,0.6473086,-0.2001944,0.03587252,-0.004302904,0.1677863,-0.2530253,-0.03246874,-0.004332642,-0.07569891,-0.1783649,0.07658663,-0.49074,-0.06314319,-0.01240726,0.0003137827,-0.3783926,0.5963563,-0.218405
;
-0.5920615,0.4466636,0.06073929,-0.09852246,-0.0454029,-0.3718376,0.8314661,0.003122151,-0.01894075,0.2835894,-0.0329426,0.6558192,0.1238156,-0.3220414,-0.04165131,0.0176515,-0.2471337,0.1085214,-0.05969554,0.01374278,-0.5778134,-0.370684,0.02358419,0.0002156533,-0.0009701991,0.0766973,0.06115853,-0.1529351,0.2048487,0.1121034
-0.06226698,1.06557,0.002463751,0.1709253,-0.4162186,0.2925042,0.1496268,0.01487939,0.1551963,0.1376611,0.1731762,0.03682404,0.04541722,0.1355238,0.02497894,-0.2642351,-0.2465668,-0.0009456917,0.5020138,-0.3930072,-0.4952404,-0.01853227,0.026796,-0.04023311,-0.2832918,-0.3333559,-0.01058657,-0.08970243,-0.224095,-0.4381342
-0.4890908,0.3108968,-0.1354951,-0.2848091,-0.281837,0.02828916,0.1031518,-0.08634422,-0.1731379,0.03086485,-0.1049862,0.02210933,0.2488248,0.4459647,-0.3487505,0.003920191,-0.1238951,0.111789,-0.0450222,0.05293274,1.271587,-0.00748632,0.03390915,-0.09253031,0.05108529,0.07032949,-0.1188094,-0.2846543,0.4906518,0.01845187
;
-0.1730922
-0.0022911
0.06156186
-0.03273672
0.0005385246
0.5466768
0.2140168
-0.4673157
0.364517
0.07701749
0.02560812
0.4270612
3.875527
-0.07328707
-0.1299954
-0.02954165
0.1144174
0.3430816
-0.1313215
0.3192981
-0.2985827
-0.2185885
-0.1471836
-0.00216112
0.4798571
0.2877771
-0.4898526
0.005908489
0.6794013
0.3678164
;
0.04316165,-0.3675481,-0.2201737,-0.004418792,-0.2201903,0.03679746,-0.9465703,-1.527108,-0.9351249,0.1253475,-0.01049318,-0.159134,-0.06772274,-0.05242121,-0.1079046,0.2374239,-0.0483212,0.1193478,0.2709756,-0.2169359,0.2308382,-0.1606702,-0.4203699,0.4243753,-0.007935677,-0.1432555,-0.4005219,0.2064819,0.06864989,0.283666
0.4951739,0.03935245,-0.08304423,-0.09400856,-0.4763986,-0.2205101,0.1337333,0.03845703,0.2145302,-0.1751296,-0.01199061,0.2173209,0.683828,0.1725731,0.008481031,0.2765995,-0.1164682,0.828519,-0.009356439,0.1725111,0.1842604,-0.1379903,-0.1043809,-0.4295969,0.3648134,-0.211835,-0.04530273,-0.2435349,0.300119,0.005820292
0.07957138,0.006586346,0.02191368,-0.06615765,-0.0797874,0.02065279,0.1312413,-0.4512709,0.3531692,0.2303444,-0.001845844,-0.8851876,0.2570995,0.3554038,0.2662359,-0.04067713,-0.05972759,0.001905226,-0.3187685,0.07427283,-1.060665,0.0004127535,-0.1653263,0.05319631,-0.09274858,0.04411191,-0.765152,-0.1752187,-0.01385061,0.527538
0.2293151,0.1891085,0.06425511,0.2206297,0.0116021,0.002371725,0.4500551,0.5631845,0.4136382,-0.3321329,-0.01734753,0.008934915,0.4360546,-0.7565486,0.03129522,-0.0122842,0.4731679,0.18744,0.3530176,0.02818089,-0.7222149,0.9042045,0.04010724,0.2646637,-0.1258369,-0.5982495,0.03500096,0.0355869,-0.05346495,-0.05407055
0.5874572,0.3496527,-0.2320983,0.06940485,0.3368472,-0.01314198,-0.469921,-0.001126109,-0.1198341,-0.2155654,0.4348948,0.3506365,0.004274368,0.0201532,0.2752723,0.09561187,2.036729,-0.1165923,-0.4722416,-0.1692865,-0.04901072,-0.4860075,-0.03810464,0.6188956,-0.4179559,-0.7823769,0.04138374,-0.372565,0.09779289,0.02052257
0.4403386,-0.03548127,-0.002836163,-0.1037975,-1.688912,0.2814243,0.336983,-0.199807,0.8123255,0.09901069,0.4114827,0.3042706,0.3910738,-0.0009773752,0.9462324,-0.273681,-0.01051499,-0.2660768,0.2798221,-0.1460583,-0.3296229,-0.0387091,-0.0351739,0.03134205,0.4661437,0.01558193,0.4925402,-0.2457298,0.9194127,-0.06453615
-0.3022952,-0.3380383,0.7248018,-0.02353727,-0.1059325,-0.08416814,-0.2503365,0.03349371,-0.4477193,-0.3271747,0.08889516,1.304755,-0.008276857,-0.5411368,-0.03066685,-0.3175176,-0.3598123,0.009939373,0.5856759,-0.09077355,0.111359,0.3873962,0.000729794,-0.006825864,-0.5056719,0.07032179,0.3618752,0.1074307,0.04072994,1.034537
0.09683369,0.07718361,0.7420766,-0.3560607,0.2613262,0.1312799,0.1353039,0.05882734,0.3216158,0.1018991,-0.04194158,0.3587434,-0.5383204,0.02126835,0.2572665,0.02910477,0.09216469,-0.3153863,0.1481598,-0.4209361,0.4551595,-0.03439835,-0.54102,-0.01173386,-0.3153957,-0.0181116,-0.1276305,-0.05712109,-0.02591333,-0.08395834
0.09972078,0.5872383,0.3863436,0.1696243,0.2399971,-0.2438557,0.3366368,0.4124383,-0.005466918,-0.006804508,-0.001741976,0.3183186,0.3900538,2.083615E-06,0.02640202,0.1361215,0.1072904,0.280027,-0.2837586,0.1362664,-0.5326127,0.1162851,-0.1329942,0.1971716,0.2132175,-0.1172345,-0.05130128,-0.01627056,0.06733168,0.25238
-0.08544227,-0.003597889,0.2569252,0.1036961,0.3760554,0.4034481,0.008221862,-0.4539924,0.003371775,-0.3671555,-0.01609155,-0.01328808,-0.07161852,-0.09900898,0.08663872,0.005720807,0.1165077,-0.774677,0.2872915,0.0742957,1.384755,-0.3989575,-0.09060173,-0.1632839,0.1451194,-0.417135,0.8218059,-0.3108176,-0.1842385,0.02684957
0.2522828,-0.1601761,-0.4444222,0.06609469,0.002784398,0.1854464,-0.3796697,0.04050842,0.2672499,0.4145896,-0.4159578,-0.0503352,-0.1486907,0.3921885,0.3651654,-1.613067,0.06204444,0.04121697,0.2312587,0.2008506,0.3910558,-0.4639093,-0.4652343,0.5576622,0.6067895,-0.3703905,0.2290663,0.2869016,-0.2531073,-0.03855535
-0.03866929,-0.02781522,0.3709094,0.1116078,0.08704021,0.2813705,0.2581141,0.4828864,-0.5798136,0.03646868,-0.4627878,0.002579314,0.2476633,-0.3341311,1.073038,-0.001453629,-0.3607132,0.4902587,0.001356855,-0.3651152,-0.06949296,-0.1183606,-0.09338377,-0.006751075,0.1175498,-0.00478137,0.3208897,0.002254953,0.2573623,0.002649111
0.2479769,0.372248,-1.32303,-0.387234,0.2527799,0.3939058,0.2120538,0.3512253,0.5835924,0.2168193,-0.009410163,0.2907729,0.1478041,0.286643,-0.08495849,-0.7832028,0.3176416,-0.001294398,-0.03239458,0.6181599,0.4587348,0.2271738,0.02770877,-0.2665446,0.2531039,-0.1977182,-0.02210063,-0.5928802,0.2703578,0.2133341
-1.484688,-0.1840039,0.1332881,-0.07388324,-0.4120972,0.4348001,-0.6707373,-0.2151738,-0.2309746,0.3785846,-0.04634777,0.8478207,-0.15369,0.4661067,0.000225454,0.3942522,-0.00487242,-0.06039548,0.23139,0.2399517,-0.1917986,-1.026833,0.009594142,-0.262629,0.3815943,0.1407005,0.4891207,0.1646689,-0.008245624,0.112435
0.3764094,-0.1209105,-0.5130324,0.3497014,-0.3001853,0.4031041,0.5217884,-0.2222143,0.2028733,0.05996317,0.003003257,-0.04837455,0.4814125,-0.4986166,0.3169572,-0.951212,-0.02999384,-0.4867647,0.3938234,-2.877497E-06,-0.1169707,-0.3806925,-0.1800975,0.04639153,-0.4988871,0.1130869,0.03236356,-0.1045379,-0.04140502,-0.05878979
0.00124884,-0.7051936,-0.05642922,0.1483727,-0.3909988,-0.01585072,-0.01039311,-0.1796247,-1.138197,0.04285989,-0.4043236,0.9417686,-0.7031395,0.009643272,-0.3238791,0.01139671,-0.03936582,0.487725,0.01070054,-0.02032413,-0.03114094,-0.1357419,-0.07312442,0.08381466,0.02845996,0.926714,0.01941747,-0.4703053,0.05476674,-0.07248914
-0.1498711,-0.1339306,-0.01009221,-0.02730777,-0.113717,-0.3526441,-0.0244146,0.322906,0.5030829,0.1090798,0.0003119391,-0.03056996,-0.0008978244,0.1775626,0.4778489,0.3809011,-0.2464938,0.1322005,-0.3813436,0.3201103,-0.3663237,0.0003927984,-0.1404095,-0.3859411,0.00021409,1.309773,-0.01027375,0.3240091,0.1637407,-0.07226698
0.182595,-0.01522879,0.09007118,-0.5359284,-0.322751,0.106999,0.5965787,-0.1081772,-0.01937189,-0.1589823,0.03417748,-0.2828548,-0.1484072,-0.007315096,-0.07291535,0.1461587,-0.06072396,0.05332328,-0.2313005,-0.2074044,-0.05034095,0.0242663,-0.004877691,0.001574508,-0.1348753,-0.3170778,-0.1064009,0.2033065,0.7412476,0.17163
-0.0550465,0.3751992,0.02945453,-0.06258203,0.129176,-0.08758048,-0.2769808,0.1527132,0.07789658,-0.1134506,0.1859786,0.5867323,-0.135002,0.144438,-0.08574521,-0.406445,0.4813886,-0.2404313,0.4517347,-0.3561903,0.1139169,-0.06804609,0.04796976,-0.6738484,-0.2156723,0.4992175,-0.06741577,0.3111489,0.403451,0.02348866
-0.04674136,0.09361898,0.725119,-0.06044692,-0.05242056,0.2858248,0.001446796,0.04980512,-0.1082692,-0.06273192,-0.6329227,0.009365048,0.3863698,0.000919834,0.0240594,0.1193252,1.956072,-0.1481857,-0.4747556,0.2798208,0.7574946,0.4554111,0.4024307,0.04610258,-0.06458635,0.1926268,0.08958355,-0.4578198,0.001714193,-0.6633604
-0.02986225,-0.1304726,-0.1039087,0.2361104,-0.1477353,0.06875876,-0.6582745,0.6556575,-0.2293091,-0.4668429,0.1159153,0.4608809,-0.05486156,-0.1509816,0.03807472,0.1563506,0.0430261,-0.3096074,0.08888169,0.05573382,-0.2820885,1.27865,0.3495292,-0.2187212,-0.1378147,-0.1831911,0.005234639,-0.08578855,0.01760543,-0.03165439
-0.1838969,-0.5267884,-0.388829,-0.0008056136,-0.001260941,-0.1266063,0.06587686,0.04032549,0.7542558,-0.08659426,0.07316393,0.001007598,0.3677203,-2.018227,-0.1638781,0.3380351,-0.7380885,0.01352451,-0.4746875,0.3800267,0.4087243,-0.4144144,0.3692684,-0.1502931,0.04117817,0.3343731,-0.02787359,-0.3341113,-0.2389854,-0.1468263
0.1813378,0.09597677,0.0211962,-0.06219631,0.42023,0.1024023,0.1679729,-0.3009354,0.008237898,-0.2207159,-0.008480145,0.4132529,0.08224517,0.5814235,-0.2024847,0.2098237,0.1584279,-0.005544841,-0.137926,0.1621671,-0.5167395,-0.3769946,-0.5514264,-0.487608,0.3935896,-0.002156844,0.007172464,0.1393701,-0.01265587,0.1319008
0.4327947,-0.3168408,0.1508735,-0.2374041,-0.1211956,0.4505994,0.1795742,0.04326278,0.05298108,-0.04914137,0.03716644,0.06562668,0.01797521,-0.2794665,-0.02606215,0.1793577,-0.08351401,0.0007954728,0.377749,-0.02302279,-0.5244342,0.06509457,-0.2565753,-0.001542956,0.001187966,-0.1133888,0.2910983,-0.08035291,-0.4942473,0.179375
0.2413766,-0.2948547,-0.2559922,-0.4823137,-0.04735124,0.014213,-0.2494542,0.2942761,0.1105221,-0.0003024429,-0.03486489,0.8077646,-0.1322024,-0.2081987,0.2462611,0.2370465,-0.6030578,-0.4375579,0.07405871,-0.7301341,0.2294861,0.2632058,0.04228412,-0.4011231,0.0007752801,-0.3371331,-0.6214609,-0.06062699,-0.08478552,0.1314996
-0.2434926,0.03888015,-0.8206055,0.1130193,-0.001853609,-0.2303723,0.2054852,-0.03472471,0.1012107,-0.1284507,0.1807164,0.909413,-0.3376185,3.579446,-0.7702601,-0.001081896,-0.2632128,-0.01021902,0.4259126,-0.009396899,0.03515773,0.04847721,4.590496E-05,-0.4689164,0.006133235,0.07912236,0.01012899,0.5020778,0.1777315,-0.1059793
-0.1239929,-0.3329266,0.746817,0.01560662,-0.1255306,-0.02143321,-0.2278695,0.1734562,-0.05781039,-0.3996814,-0.2211364,-0.3313827,0.09935042,-0.2291806,0.001569435,0.4853966,-0.04925936,0.1775323,0.06198126,-0.002038901,0.4540587,-0.0001079889,0.2711356,0.04006928,0.2306098,0.207195,0.3248903,0.006732276,-0.1352745,0.1418149
-0.05822569,-0.04366785,0.4538538,-0.3762892,0.04961203,0.2936062,-0.2735983,0.2659826,0.143585,0.001206809,-0.1372816,0.1685294,0.3601028,0.1054947,0.7871222,-0.2233546,0.02598763,0.04840879,-0.4693961,1.313217,-0.07285727,-0.3585355,0.5866064,-0.0163689,0.4955078,-0.01000669,0.2910602,-0.004102729,-1.860627,-0.2756905
-0.06635825,0.001409451,-0.04777926,0.1612395,0.01585568,-0.0384207,-0.04260473,-0.02198492,0.01659163,-0.2432791,-0.159924,0.1209722,0.3088852,0.8363174,-0.7160038,-0.08538999,-0.002481503,-0.4061005,-0.1090201,-0.402045,0.5608739,0.08817261,0.007292669,0.1289489,-0.08706189,0.32839,-0.3386304,0.001796932,-0.5981979,0.4064023
0.0763538,-0.4455028,-1.020615,0.08676565,0.09275188,-0.4488276,-0.04908898,0.283169,0.04686299,-0.1706618,-0.3480065,-0.09551392,0.2873183,-0.002156015,-0.1843494,0.2541891,0.03611261,0.09215254,-0.9844848,0.4894464,-0.134357,-0.3583456,-0.0277219,0.5191817,-1.411723,0.01775887,0.06333154,-0.1436404,0.3411051,0.2722015
;
-0.01369774,-0.07224356,-0.09186745,0.09119731,0.03436178,0.2373866,-0.4977072,-0.02705122,0.0002335723,-0.03504576,-0.1327248,-0.03242415,0.0209344,0.03613082,-0.01901268,0.4696649,0.2693629,-0.1816619,0.01627557,0.1507742,0.1162661,-0.380266,-0.04458393,0.2197051,0.1037879,0.3285908,-0.003308527,-0.0757413,-0.1317099,-0.05062149
-0.6413991,0.02107312,0.1782044,0.2125447,0.009210885,0.00932517,0.5201982,0.03076226,-0.156455,0.2886759,-0.2265212,-0.4446557,-0.000985701,-0.3563033,-0.2113661,0.01121557,-0.1760244,-0.2755544,0.1841245,0.1481438,0.1067185,-0.001480039,-0.07803092,-0.3962243,-0.5784569,0.02718502,0.05463026,-0.4583629,-0.1904122,-0.05001226
0.005335333,-0.06224758,0.009435475,-0.0876133,0.2079875,0.03892065,-0.2426745,-0.09507885,0.4329079,-0.3586938,-0.1884531,0.06506961,-0.04100277,0.7794133,-1.02303,0.0932427,-0.007823249,-0.2246554,0.06991619,0.0747297,0.02117748,0.4614972,0.0302221,-0.8161961,-0.0712602,-2.215304,-0.01838334,-0.07364293,0.1639038,0.3036299
;
