-0.3670362
0.4146743
0.2379008
0.1712874
-0.0005248439
0.01577439
-0.3375701
0.1906627
-0.252896
0.6487693
;
-0.4985564,-0.3492889,0.3459703,0.002816626,-0.4740019,-0.01617945,0.1211134,-0.008234228,0.1035921,0.2092185
-0.7434881,0.3415335,0.07887174,-0.1199889,0.03046263,-0.1869773,-0.01218649,-0.09991631,0.01427866,-0.2155333
0.001565091,0.09872265,-0.2112047,0.06171197,-0.1818556,0.254316,-1.430617E-07,0.4931829,-0.006538451,0.3923104
-0.7042783,0.6299258,2.20674E-05,-0.3785249,0.44848,-0.143788,-0.009728492,-0.07082075,0.2484144,0.1694917
-0.031134,0.006419169,-0.8657816,-0.1412836,-0.1897647,-0.02420706,0.0003801691,0.0373252,-0.4716238,-0.3095608
0.002119369,0.02930999,-0.3734057,0.2360208,-0.5043689,0.04472338,-0.2296692,-0.09403902,-0.8465391,-0.1803413
0.5118764,-0.004667475,0.01537997,0.6743263,-0.3139125,0.009748125,0.3470312,-0.2740546,0.0532002,-0.3504215
0.2555123,-0.2280284,-0.1846819,-0.1691114,-0.2423368,-0.3684189,0.1099159,0.03916143,0.001391285,-0.03780136
-0.03059334,-0.6645225,-0.07332368,-0.4499727,0.3027557,0.02222437,1.809235,-0.03335672,-0.1752658,-0.804296
0.3819205,0.04935331,0.03143171,0.4428368,0.8105426,0.09359556,0.2549148,0.09029716,-0.05783552,-0.3023323
;
-0.01546428,-0.06341902,0.2587835,-0.104578,0.2461841,-0.2184076,-0.3209771,-0.003620591,-0.3165617,-0.0295559
-5.339963E-07,0.01831931,-0.02072879,-0.1961341,-0.02621496,0.252514,0.01367706,-0.4327786,0.4374932,0.03852707
;
-0.003120379
-0.176685
0.04670446
0.1243171
-0.06326789
0.2100293
-0.4126
-0.04198097
-0.0008223203
0.03210789
;
0.4692377,-0.2536004,0.3885678,-0.03137179,0.1465664,-0.1633301,-0.02759743,0.005864227,0.3496363,-0.04341349
0.2517239,0.3253176,-0.08276538,0.3809742,0.0001572825,-0.07567465,0.3703802,-0.3879403,-0.5366443,0.430636
0.01592761,0.06951097,0.06070278,-0.00350902,-0.2789139,0.4088094,-0.06689451,0.01430577,-0.0194295,-0.6216388
-0.1910393,0.006869629,-2.090015,0.4062926,0.1976729,0.002574512,0.4000356,-0.0002855487,0.01964701,-0.409053
-0.0004478502,0.01170439,-0.3533919,-0.002653786,-0.0843484,0.07970352,0.1857216,0.1939199,0.5178775,0.4547078
-0.3101789,0.007478503,0.1809677,0.8514054,-0.07236701,-0.1175019,-0.08240348,0.02656082,-0.1408347,-0.06831855
0.05002683,0.351413,-0.006810068,0.0004439826,-2.005884,-0.2678168,-0.0008009033,-0.2384468,0.4884694,0.001650805
0.4304798,0.1095824,-1.175826,-0.3968935,-0.1936196,-0.2030134,0.2292842,-0.2995199,-0.00473649,-1.529647
-0.1608132,-1.180161,-0.3672673,-0.01285191,0.1693649,-0.4122833,-0.2869814,-0.1262393,0.2238849,0.1387839
0.357399,0.3593626,0.06063456,0.04651874,-0.1487066,0.1105745,0.3108114,-0.2328933,-0.1158587,0.3462023
;
0.0245273,-0.51043,0.004039694,-0.1688786,0.2753464,0.2654352,0.5893151,-0.3970869,0.01159491,0.01497966
0.00321137,0.1396472,-0.2624522,-0.007625639,-0.01099024,-0.06530601,0.01146991,-0.02831494,-0.09328884,-0.1862782
-0.2047353,0.05453027,-0.3303204,0.04117101,-0.02329723,0.4712152,0.06380741,0.6754415,0.08835703,0.2133852
;
0.04437519
-0.2491124
-0.4817075
0.506605
-0.02347657
-0.006507745
-0.03591878
-0.1106755
-0.5724159
-0.01422782
0.2229295
0.3381133
-0.026741
0.3931158
-0.1239609
0.2629834
-0.280122
-0.3995197
0.4172882
0.1119559
-0.2386829
0.002154998
0.1575771
0.03225059
-0.35788
0.04083592
0.4001453
-0.4569339
0.2285156
0.3016571
;
0.4202623,0.2582067,0.139992,-0.01546552,0.03558508,-0.101351,-0.0225334,-0.4087123,0.0006683469,0.2516586,0.2293609,0.3292807,-0.4500299,-0.009616259,-0.4680929,-0.3563976,-0.001477846,-0.2422827,-0.06222949,0.5557307,-0.295472,0.007431522,0.04201039,-0.01765472,0.2416832,0.1557177,-0.09020821,2.344973,0.2808353,-0.1225767
-0.2370428,0.4946544,0.1106595,0.03949171,0.2913941,-0.180478,-0.02057878,-0.05369956,0.4230751,-0.02172571,0.004093158,0.03101426,0.1997949,-0.3679773,0.006708024,0.05448026,-0.336542,0.1513971,-0.317727,-0.4951364,0.4119914,0.04067924,0.3154539,-0.9325896,0.4607038,-0.03244096,-0.4588406,-0.06195268,-0.2916553,0.4688022
-0.3107476,0.4545543,-0.0009694821,0.4569198,0.09253639,-0.5667036,0.2842749,0.0175196,0.1037803,0.05756799,-0.2283395,0.06029893,0.9499146,-0.4499192,-0.4936994,0.4149365,-0.2501018,-0.01293249,-0.2555608,0.4767164,-0.00309551,-0.6409025,0.03180756,0.0443309,0.4088213,0.5803114,-0.2041997,-0.0670107,-0.1902808,-0.0870069
-0.3768662,0.04497162,0.2982014,-0.3040902,0.2764752,0.1971678,-0.1421988,0.08035415,-0.09256291,-0.04180725,-0.4308523,-0.1353673,0.3364613,0.01330131,0.1661707,-0.3219572,-0.06307163,-0.4082397,-0.06194669,0.7456857,0.3449706,-0.1350929,0.492282,-0.05044132,-0.4732871,-0.06962568,0.1638935,0.2834973,0.3484221,-0.2075103
0.2045999,0.248123,0.004210129,-0.8318824,-0.5599941,0.3809451,0.4462992,-0.4638612,-2.864292,0.2112149,-0.4508854,0.00663694,0.2496894,-0.1988024,0.1284029,-0.0007403551,-0.0292521,-0.112878,-0.1039316,0.003511535,-0.4411708,-0.03969492,-0.3329482,0.3771071,-0.3893322,0.1587553,0.01059783,-0.265599,0.4956303,0.01667332
0.2586936,0.2907029,0.003690018,-0.001909761,0.2146827,0.2469314,-0.315536,-0.0003113597,0.4603291,0.06116134,-0.3225546,-0.309343,0.09265257,0.008308261,-0.4985478,-0.01976033,0.7092069,-0.207388,-0.1209398,-0.01319617,0.03771217,-0.1836511,-0.4313676,-0.2923505,-0.39244,-0.5589331,-0.06199824,0.03056413,-0.1246993,-0.03647069
0.1303069,0.1995838,-0.2236955,-0.1431096,0.04212442,-0.4508624,-0.433323,0.3268098,-0.2363813,0.1341192,1.872817,-0.4448387,0.2466951,0.0452091,0.467141,-0.05460292,-0.123697,0.009181743,-0.09225159,0.2932836,0.0004943538,-0.4668614,-0.2258117,0.00942415,0.1116613,-0.7810243,0.3230107,-0.2451641,-0.2686245,-0.5061679
-0.2374491,-0.01259765,-0.002202571,0.01244932,-0.1148089,-0.09942486,-0.4632624,-0.1657405,0.4207931,0.4143107,-0.342347,0.4871238,0.1471533,0.03167695,0.2131806,0.8434486,0.06676048,0.02213008,0.3321469,0.2901814,-0.1614768,0.184648,0.003935949,-0.04752652,-2.751884E-05,0.001736136,-0.02514012,-0.1182196,0.4820943,0.05742437
0.1406197,-0.03792018,0.06637126,0.432556,0.0003362936,0.03101045,-0.3976709,0.3472226,-0.1495097,0.06174033,-0.01922846,-0.3495952,0.03669022,-0.2485902,-0.001641202,2.484898,-0.1257004,-0.4021512,0.07129861,0.6490446,0.4593375,0.2535651,-0.335294,-0.06978918,4.974374E-05,0.2972413,-1.519251,0.2268185,-0.2335004,-0.2760117
-0.8925287,0.1870098,0.1448822,0.6367775,-0.3021491,-0.09915096,-0.1887809,0.2328727,0.5471081,-0.04579873,0.02362746,-0.3475509,0.3395689,-0.2998922,0.08128581,-1.695741,0.07285196,0.03248113,-0.004559183,0.2536258,0.2312381,0.02581537,-0.01163552,-0.07898885,-0.04285691,0.03211515,-0.4481829,0.2431332,0.1574794,-0.07629136
0.2422329,0.0293474,-0.01387152,0.02353325,0.4593841,0.3082185,-0.3484257,-0.4915243,0.1376833,0.06878832,-0.4770458,-0.1126908,0.009564131,-0.3002651,0.427708,0.006011474,0.003742334,-0.2965306,0.4190167,0.0049998,0.6464211,0.2252893,-0.1609398,-0.008403945,0.02305282,-0.02402988,0.02379694,0.1743329,0.1584848,-0.2999726
0.6188263,0.08892389,0.3515806,0.1755184,-0.4181425,-0.1263333,-1.241628,0.001313907,-0.03801183,-0.06265364,0.2459431,-0.2562512,-0.3245947,0.09019154,0.4685062,0.02690773,-0.5435776,-0.7738345,-0.005076945,-0.238757,0.4624478,-0.5812919,-0.1524979,0.1933231,0.2776105,0.05604808,-0.3431591,0.4430977,-0.05807787,-0.0330116
-0.3714616,0.6484066,-0.3123353,0.2943411,-0.1337759,0.2932075,0.001664692,0.0006583994,0.5592258,-0.4086419,-0.1576907,-0.2888079,0.9726744,-0.0001037923,0.6404749,0.3362333,-0.08398575,-0.1288499,-0.02969571,-0.4804924,0.6945643,0.2731402,0.02777433,0.4628352,0.02215601,-0.01743563,-0.002153547,0.6772966,0.4688537,0.1901093
-0.5554805,0.06364319,0.1502019,-0.08344454,-0.03169196,-0.2075834,-0.07473874,0.1864767,0.1370084,-1.345774,0.6379973,0.1017323,-0.3317791,-0.9411677,-0.4228293,-0.620264,-0.03011512,-0.3249363,0.3608049,-0.002503043,0.003012982,-0.4133193,0.9326845,-0.1428553,-0.1317428,0.2740158,0.03472509,-0.4381059,0.06801438,0.4198854
-0.06625276,-0.2231857,-0.3466235,0.08693176,0.06510307,-0.4924092,-0.004124872,0.08464211,-0.4104275,0.2083098,0.06107217,-0.5996427,-0.2934805,-0.4645818,0.2104252,-0.2512695,-0.1815651,0.003586716,-0.1284252,-0.4685545,-0.0429274,-0.3155119,-0.2011192,-0.01634923,0.4145568,0.05281174,0.0102594,-0.1247273,-0.05986518,-0.4341664
-0.2058211,0.4311532,-0.3995593,0.01350546,-0.1258747,-0.2425061,-0.01455897,-0.3636407,0.418201,-0.04810962,-0.3492754,-0.05688447,0.00193633,7.104047E-05,0.2135383,-0.1431611,0.03939741,-0.008055753,0.413344,-0.3945927,0.2243576,-0.3567475,0.01446263,-0.05473752,-0.295822,0.02225665,0.3122928,-0.4963874,-0.7902234,0.1878168
0.1909811,-0.05038297,0.2538196,0.2395964,-0.01743451,-0.0455547,-0.04144834,0.353157,-0.02206171,-0.002484869,-0.2407419,0.0005303854,-0.000164699,0.2172006,0.6064733,0.1988332,0.04115504,0.025947,0.2520067,-0.4348817,0.03796269,-0.09184271,-0.1233328,-0.3006298,-0.1886579,0.02037238,-0.4705647,0.412826,-0.3541993,-0.6591058
0.1185437,0.01085611,0.3429759,-0.2516896,-0.5504537,0.5620931,-0.01759454,-0.3540256,0.08151275,0.1851532,-0.1086602,-0.1266341,-0.2134319,-0.01336888,-0.05625409,0.2419752,-0.02576884,0.05925154,0.0399974,-0.476316,0.004200303,0.03850288,-0.06894988,-0.5751558,-0.426379,0.1591285,0.04405576,0.04490696,0.1435542,0.09966092
-0.3430254,0.006928358,-0.0980664,-0.06604683,0.302812,0.08280096,0.8563093,-0.2167965,0.2763491,0.0158692,0.4359441,0.1888127,-0.005635436,0.01383073,-0.583995,0.9040793,-0.4364918,-0.08202241,-0.01655813,-0.01151804,0.1807917,-0.0004346865,0.0123885,0.008922368,0.09167074,-0.09614345,-0.3262852,-0.1274888,-0.2432755,-0.0003255144
0.4045341,-0.02162336,-0.1106905,0.1304318,0.3448274,0.2362554,-0.328722,0.2921377,1.303368,0.414427,-0.09405264,-0.05811236,-0.04648334,-0.3214756,-0.002197453,0.29921,0.4522552,-0.4393225,-1.137345,6.251311E-05,-0.2316539,-0.103626,0.3066458,0.01098225,-0.7505581,-0.1302397,-0.2304557,0.0007739951,0.7192596,-0.2351733
-0.2275444,-0.02236884,0.01138433,0.02139916,-0.02133342,-1.005263,-0.09721249,-0.01169209,0.7391728,-0.3872539,0.00132913,-0.0644265,0.1142181,0.04109221,-0.4248036,0.02213325,-0.208751,-0.004607098,-0.1704593,0.1867896,-0.8682953,0.02476332,0.4519486,-0.07162172,1.029297,0.2564245,-0.04752281,0.6289518,0.5190596,-0.7073882
-0.02198958,0.1472702,-0.04667228,-0.306477,0.04948285,-0.197888,-0.07657796,-0.02393872,0.003637567,0.07728333,-0.2381776,0.4051848,-0.01397288,-0.2254619,0.689673,0.00158418,0.1601026,0.2701157,0.2202947,0.006288697,0.004069522,-0.305737,-0.03380385,-0.06514914,0.007226928,0.007570317,0.03626446,0.227045,0.4274166,-0.2878869
0.01578862,0.3232392,0.07145661,-0.0004130954,0.194718,0.001821642,-0.4075345,-0.2838103,0.2180644,-0.5029026,0.0740518,0.3515742,-0.9760392,-0.4440225,-0.05403832,0.182861,0.01868862,-0.1957725,0.2803642,0.2070653,-0.3122442,0.04933423,0.08166707,0.3878487,-0.08064313,0.3381549,-0.5796922,-0.4910107,0.1334765,-0.04154965
-0.04078406,-0.03873701,-0.1810856,-0.08888514,-0.1259775,-0.3965902,-0.2326878,0.00848863,0.1651442,-0.009664224,0.000561582,-0.3573707,-0.0005095098,0.1811586,0.5336107,-0.3423003,0.1134451,0.09570219,-0.476898,0.04129606,0.01085911,0.03659362,0.2644906,-0.03669126,-0.3616379,-0.1131867,-0.198612,-0.4963312,0.0410984,0.3295553
-0.3163674,0.03613645,0.3895308,-0.4296225,-2.986947E-05,0.5608376,0.08714825,-0.02010924,0.0005429347,-0.330503,0.01088735,-0.01952378,-0.1277288,-0.09448011,-0.1111143,-0.478742,0.04990311,0.04774299,-0.1933035,0.001862268,0.0973018,0.1592405,0.0472893,0.1305791,-1.19129,-2.323901,0.06970046,0.01732793,0.0183055,0.1947286
-0.1285111,0.008832633,0.3909523,0.001805803,-9.997864E-05,-0.3872578,0.437345,0.0358046,-0.4730687,-0.06350172,0.01017088,-0.4867281,0.05732304,0.120503,-0.7394379,-0.03542284,-0.400368,-0.3028326,-0.005547508,0.3370829,0.4565743,-0.1753694,0.3411696,0.0797804,0.08637315,0.06006148,-0.08625704,-0.1438942,-0.0001929755,-0.333728
-0.1558293,-0.2310205,-0.04187473,0.4025384,0.0073038,0.267049,0.6893527,-0.1527453,-0.03621172,0.04480504,0.01500871,0.3693454,0.5386056,-0.2936382,0.6933439,-0.2281695,0.1051969,-0.4778328,-0.1264037,-0.3926604,0.09961897,-0.01787704,0.1929079,0.3951743,-0.1092089,0.3344669,-0.03528219,-0.2381915,-0.1038307,-0.1231139
0.5582958,0.6242542,0.2154456,0.02393537,0.1722331,0.06691925,-0.1026001,-0.3348912,0.1197312,0.3570495,-0.7595698,-0.2761834,-0.1840703,-0.01008946,-0.4295854,-0.6699275,-0.0006769,-0.6006287,-0.4161591,-0.003491104,0.002542764,-0.6946329,-0.2570195,-0.05091876,0.06203787,0.06398484,0.3159489,-0.07696348,0.1005979,-0.4797394
0.2406195,-0.2743324,0.4799745,0.07458198,-0.2525693,0.01280493,0.9627289,-0.2621613,0.6082076,-0.08912808,0.3875648,-0.4636465,-0.0005189977,0.2778146,0.3266497,-0.3854498,-0.0680296,0.4825055,-0.466268,0.469918,0.1460535,0.2077498,0.273895,0.003331313,0.3570739,0.2005709,0.3643926,0.0727851,-0.01858065,-0.003184825
0.6363408,-0.4440869,-0.005644456,0.06467015,0.01225313,0.3501691,0.04349167,0.1226749,-0.2280186,-0.3921522,0.001528645,0.2810525,-7.000561E-05,0.3532077,-0.2764875,0.0250956,0.01230956,0.0576184,-0.0436278,0.008942252,0.764993,-0.07459476,-0.2307333,-0.4178557,0.2544512,0.00720437,-0.07179397,-0.002713253,-0.03378274,0.09854025
;
-0.2156568,-0.03957432,0.1383558,-0.5509215,0.05045834,0.003309502,0.3906105,0.003122151,-0.506052,0.5529125,-0.03121483,0.02830283,-0.4885608,0.4536178,0.1587596,-0.1248109,-0.06079569,0.001229857,-0.0007401178,-0.01259908,0.4881915,-0.0388018,-0.112946,-0.4550828,-0.0543979,0.01221643,-0.03169505,-0.106447,0.4697827,0.05011531
-0.4282171,-0.02487074,0.423686,-0.328828,0.09274453,-0.278985,0.02907506,-0.147376,0.01249832,-0.000899141,-0.1197558,0.01592704,0.1248441,0.01923249,0.02349258,-0.2201661,-0.02198835,0.2175428,0.3457478,-0.1249544,-0.02849526,-0.1124206,-0.5522494,0.0001397553,-0.07828389,-0.01715344,-0.03116578,-0.02124439,0.2096305,-0.04561853
-0.239885,0.2794729,0.3392095,0.3966876,0.002836883,-0.0690487,-0.1377212,0.07226882,-0.0001959604,-0.838151,0.07752663,-0.001387739,-0.7306373,-0.3807471,0.01768225,-0.4591058,-0.02584543,0.118779,-0.1061308,-0.4454166,-0.00276524,-0.009498946,0.4419116,-0.1308845,0.3295058,0.3316714,0.1277911,-0.3951831,0.1126181,0.4070036
;
0.04842799
-0.5082453
0.1328455
0.006152702
-3.709047E-07
-0.1554273
-0.4785453
-0.218767
0.2996117
0.02710858
0.04503741
-0.008188381
0.3169763
-0.0007705412
-0.3785288
0.7027176
-0.1094411
-0.0660091
0.3126344
-0.06896693
0.3365798
-0.02597515
-0.1446582
0.0003030973
-0.03894086
-0.7734042
0.1959449
0.1666521
0.3148814
0.175617
;
0.1904347,-0.3737789,-0.09146437,0.1559969,0.499102,-0.001499565,-0.3068798,-0.3675611,0.1676937,-0.327465,-0.02372378,-0.07325161,-0.3999056,0.04414956,-0.4064019,0.8291953,0.008026673,-0.02319575,-0.3960127,0.08209997,-0.001502612,0.3541662,0.1002716,-0.2136679,0.09544817,-0.1027886,0.2161715,0.04088018,0.08200277,0.1545984
0.1415167,-0.002369106,0.1664556,0.3233047,-0.006175975,-0.0191769,0.3031343,-0.02193194,-0.1194191,-0.9258307,0.1486248,0.2410124,0.4010313,-0.01771729,-0.3327471,0.482461,-0.03935546,-0.05716115,0.4900707,0.04954964,-0.3274063,0.002575353,0.02012396,0.2872192,0.063642,-0.3501956,-0.07944547,-0.1148761,-0.04681745,0.08384398
0.002891077,0.4912256,-0.0957759,-0.420476,0.04447955,0.4275573,-0.9190528,0.09568228,0.07842071,-0.06117326,0.4959333,0.3030469,0.2249746,0.4468735,-0.3769048,0.1917505,0.4223228,0.06683242,0.1066928,0.07551866,-0.3711174,0.06489432,0.0867182,0.1485797,0.2909416,-0.292641,0.395485,-0.1404928,0.5495372,0.2148508
0.1813942,0.2186391,0.1620028,-0.4191576,-0.5480779,0.001165402,-1.858669,2.276438,0.07375783,0.04388313,-0.4185016,0.01892632,-0.01517767,0.1161005,-0.1942992,-0.1008491,0.1741075,0.02330125,-0.4345793,-0.2885993,-0.05633633,-0.01035374,0.009860731,-0.3393003,-0.01665002,-0.2474734,0.2532301,-0.2093199,-0.02866036,-0.137961
-0.01567855,0.1628973,0.5074255,0.0003705523,0.6086016,0.001241184,-0.05077193,0.1330154,0.08026465,0.6441281,-0.3549696,0.07242538,-0.3858432,0.09843749,-0.1173182,-0.0004667054,0.3168623,0.2073182,-0.8986536,-0.1102301,-0.05185694,-0.5514048,-0.03370261,-0.2559721,-0.5381551,-0.2835131,0.1355876,0.06181877,-0.2776952,0.02744275
-0.3012934,0.0299601,0.1350242,-0.07512122,0.1552557,0.1723645,0.4538696,0.03523917,-0.5446931,-0.0160203,0.374516,0.8265617,-0.5725676,0.0002668274,-0.4310108,0.1374884,-0.3106019,-0.1646151,0.1702094,-0.001818105,-0.4471951,-0.02910584,-0.01307591,-0.3317858,-0.07605223,0.2550466,-0.07419366,-0.01809257,0.08855477,0.08328372
-0.06088649,-0.09302168,-0.09395073,0.04991633,-0.4387394,-0.3864727,0.000512224,0.01067902,0.3760684,-0.04138244,-9.350666E-05,0.00375167,-0.7198483,0.2033101,0.0001008407,0.1153369,-0.2904474,0.3353338,0.2589908,0.4283351,-0.006716779,0.1166014,-0.1263565,0.2985195,-0.2530085,-0.3290977,-0.1287386,-0.02058002,0.07228976,-0.01760225
0.06239349,-0.7270678,1.017014,-0.1872961,0.1976106,0.7500499,0.8081558,-0.005499222,0.8388378,0.1018991,-0.143884,0.1818628,-0.06575745,-0.006810016,0.1447104,0.3350208,0.4570601,-0.4142422,-0.3597409,-0.07826435,-0.0256996,-0.2076641,0.4240289,0.003195801,-0.06198546,0.1585589,0.003071775,-0.159256,0.4287968,-0.2283634
-1.01856,-0.03122625,0.3144279,0.2852863,-0.1712385,1.089428,-0.4500424,0.5527816,-0.6662754,0.001565091,0.2479793,0.03302997,-0.02720597,0.05463213,0.2060387,0.1633521,0.4016479,0.122537,-0.01389311,0.3763164,-0.2732617,-0.2058722,-0.06084573,0.05078755,0.4641875,0.11586,0.1348622,-0.3692601,-0.0001277906,-0.2460749
-0.02289444,-0.01147097,0.5377829,-0.03834934,0.2917251,0.3462484,0.04309862,-0.7550608,-0.0008578968,0.401616,0.501013,0.2439776,-0.05964893,0.1136705,0.2779195,0.3642374,0.5708439,-0.3800869,-0.2679353,0.2061696,-0.3124271,-0.3124741,0.001562645,0.08989054,-0.3508888,-0.1910127,-0.0463509,-0.5808064,0.477806,-0.1830948
0.3742253,0.00227884,-0.3131771,-0.1236124,-0.002424619,0.00202666,-0.007761856,-0.5774878,0.1475879,0.03035637,0.1602839,0.4050066,-0.252993,-0.2221279,0.7319535,-0.3470598,0.03920388,-0.1356359,0.07582451,-0.01304977,-0.07674089,-0.02986736,-0.1276135,0.406402,-0.1463187,0.2436338,-0.01725319,-0.03068838,-0.09576339,-0.2442011
-0.1528758,-0.001494127,-0.6986371,-0.05939931,0.0596686,0.05969325,-0.02423697,-0.3259471,-0.09307986,0.02949653,0.1687994,0.1519148,0.242871,-0.07565329,-0.09154183,-0.1519193,0.08965505,0.2600216,-0.1989305,-0.09403092,0.3027767,-0.4347728,0.1839706,-0.04740286,-0.01480371,-0.005150646,0.01312035,-2.670987E-07,-0.041848,0.2761754
0.4472045,-0.01339157,0.2664999,-3.530377,-0.2527799,-0.1726895,0.05360384,0.08102307,-0.08143741,0.6504086,-0.2358539,-0.4478149,-0.3342513,0.09443428,0.04047173,0.1234141,-0.04506451,0.02140778,0.3232971,0.000809709,0.0965604,0.0430657,-0.05965284,-0.335564,0.4012258,-0.004978903,-0.2278917,-0.09476453,-0.3376793,-0.2493687
-0.2019831,-0.2263913,-0.02565689,-0.1662822,-0.6780268,0.003254913,0.1696563,0.4606478,0.3191985,0.4573793,0.1898967,0.08167899,0.01595944,0.4120824,0.0001852843,0.001074185,-0.198374,-0.09551048,-0.08676444,0.4816813,0.009804379,-1.11024,-0.001812749,0.5034207,0.4775858,-0.5933334,-0.2581569,-0.4860492,0.5944079,-0.1132781
-0.6879185,0.09573019,2.99403,-0.04425731,0.2710774,-0.04581193,-0.1976732,0.02856799,0.233584,0.1663387,-0.05716816,0.3189059,-0.0224998,0.08423599,0.485682,0.4434446,0.1921246,-0.1265709,0.04669036,-0.1020865,-3.103426E-06,0.08569235,-0.280899,0.2489001,0.437646,0.1142284,-0.350337,-0.3227545,-0.05507249,0.01171732
-0.01825655,0.2449466,-0.3656316,8.944719E-05,-0.3331504,0.000524925,0.1541986,0.08039372,-0.01054825,-0.08742136,-0.3893666,0.01333076,1.477086,-0.4315869,-0.002807603,0.00416345,-0.03567632,-0.007485488,0.02899492,-0.1865662,-0.2028228,-0.1927055,0.0809381,0.28702,-0.3492329,-0.6207519,0.003280152,-0.4273978,0.2349101,0.04841155
0.2661746,0.1401997,0.02729074,-0.07329749,0.05456026,0.04529148,0.2621045,0.02495913,-0.1032645,0.4073403,-0.1525819,0.1954212,0.0002844383,0.4867851,0.03008175,-0.05648501,-0.05212623,-0.08637351,-0.1997246,0.005925844,0.04178675,0.7927042,0.01220536,-0.7310073,0.0003090551,-0.7307824,-0.4548895,-0.5465192,0.340079,0.2431505
-0.2580316,-0.09951073,0.02851005,-0.08049792,0.1437162,-0.3354605,0.0008940709,0.1440111,-0.2059505,-0.2237263,-0.08297724,-0.2315641,0.5251744,0.01811941,0.1854902,-0.3166313,0.4801173,-0.00388827,0.006695479,0.02556468,0.00220608,0.04904133,-0.4728612,0.4364054,0.1099442,0.1142785,0.4232795,-0.06138927,0.154735,-0.01311166
0.2683148,-0.1534262,0.3545395,0.3036404,0.01583274,-0.01688156,-0.2516023,-0.2763352,-0.05148284,-0.03815955,1.35957,-0.1077421,-0.2149734,0.297752,-0.4502177,0.1279718,0.01438874,0.33474,0.4879568,0.01533124,-0.002503069,-0.3852543,-0.04062025,-0.08393428,0.03705505,0.1808639,0.0009587227,-0.1695651,-0.07648962,-0.05323603
-0.06952664,0.3850528,-0.2511222,-0.4822191,-0.5453584,0.1251961,-8.015289E-06,-0.03788561,0.1105017,-0.05268009,-0.04849057,-0.0003880903,-0.07465094,0.07508744,-0.6995464,-0.06012723,0.3278213,0.2129844,0.01751536,0.2561299,-0.04352349,-0.3898931,-0.9709386,-0.007851405,-0.1221028,1.262591E-05,-0.3895614,0.077604,-0.1852614,-0.4644046
-0.3855492,-0.1128364,-0.3393142,-0.0007592967,0.07161254,0.1891477,0.2633767,-0.1251117,-0.08950964,0.1587058,-0.06404048,-0.4207186,-0.05486156,-0.03138979,0.1636816,0.02009273,-0.129558,0.03750673,-0.09598841,-0.3702385,-0.2205536,-0.7358393,-0.4753938,0.01849094,0.1254797,-0.5201132,0.0001643195,-0.002421439,-0.01252657,0.2954335
0.3757466,0.0044491,-0.001463807,0.6015682,-0.002398742,-0.09024705,0.02204448,-0.3297963,-0.8575072,0.631457,0.198701,0.0002459517,-0.01597696,-0.2035443,0.2362767,0.004129677,0.03757966,-0.7382811,-1.409494,0.1127765,-0.4304296,-0.003735311,0.4113725,0.004592422,-0.04125488,-0.001191675,-1.964937E-05,-0.04987627,-0.01221538,-0.05000502
0.002592308,0.05968696,-0.4656045,-0.01787588,0.4038105,0.6891875,-0.3054771,-0.4023995,-0.2558294,-0.4574876,0.1200446,0.06722208,-0.028159,-0.3977536,0.3864753,-0.2116069,0.2423486,0.004937248,0.8586087,0.1917623,0.05117092,0.4328529,-0.01856869,0.06103741,0.3444555,-0.2337293,0.1993031,-0.09486505,-0.09116966,0.05358098
0.2164142,0.4960891,0.09441473,0.2578384,-0.1071618,-0.6819786,-0.7220901,-0.03109458,-0.02896489,0.01452294,-0.01046545,0.4254042,-0.002586251,0.5145696,0.218528,0.09519048,0.1861181,-0.1085123,-0.3470267,-0.4148169,-0.1460246,0.02133468,0.1254871,-0.2019078,0.2368082,0.005235732,-0.008140202,0.01444922,-0.3815402,-0.3475875
-0.01828319,-0.1744261,-2.253551,-0.1136352,-0.1683931,0.2577706,-0.5608757,-0.2323971,-0.1105221,0.01288575,-0.01299542,0.247793,0.09533035,0.3789465,0.2042565,0.03573817,-0.3027265,0.4116919,1.148829,0.1527518,-0.0306101,-0.473027,0.3897755,0.1109535,0.4418507,-0.1505254,0.2464679,0.1814004,-0.05095825,-0.1133984
0.3224372,-0.417841,-0.3650253,-0.3858793,-0.08494633,-0.1678002,-0.2649,-0.004554408,0.9747863,0.08480781,-0.1145028,-0.1074423,-0.01560331,11.82011,0.08759969,-0.3298154,-0.4070465,0.1934522,-0.8570486,0.190348,0.4280123,0.2479791,0.2969379,0.1983714,0.1981521,-0.1935447,0.01722645,0.5645744,0.3153669,0.1998896
-5.488878,-0.1116188,0.001861047,0.4166342,-0.1039933,0.005353002,-0.06672456,-0.1908717,0.128518,-0.2195562,0.3017272,-0.2057529,0.003493284,0.0426628,0.001874183,1.434791,0.01897074,0.01992016,0.03671514,-0.06992716,-0.02448467,-0.3006531,0.01841717,-0.5967607,0.0007494423,-0.1871356,0.007336337,-0.1242359,-0.02097231,-0.1137068
0.483569,-0.001603363,-0.263522,0.08865787,-0.1781309,0.4237944,0.09102684,0.4956791,-0.001678398,-0.04159122,0.4539681,-0.2315127,-0.09372407,0.133514,-0.02262198,-0.009972686,-0.02319613,0.3333887,-0.3191924,0.1213179,-0.005274127,0.5569539,-0.4529354,-0.1274856,-0.03654248,-0.1796375,0.3556992,-0.1270202,-0.4771825,-0.01544589
-0.2141928,-0.00606417,-0.0585888,1.58771,0.1469128,-0.09498352,0.02247797,0.2787964,-0.02447422,-0.1723571,-0.3863193,-0.0037837,-0.1970067,-0.04628176,-0.2629431,0.4501382,-0.1006904,-0.07866856,0.3825325,1.681597,0.0623134,-0.0478775,-0.2204238,-0.2815207,0.3811705,-0.01095365,-0.001445792,-0.1445289,-0.2991359,0.2693994
-0.2042869,-0.1575913,0.001701508,-0.004320793,-0.2987577,-0.2274334,-0.1329601,-0.002574345,0.1459243,0.09292717,0.4053755,-0.4117663,0.1871111,-0.1504774,-0.007084435,0.2129811,-0.3483714,1.492761,0.8620218,-0.01806596,-0.481859,0.3705137,-0.02404276,0.1620809,0.01120821,0.4365195,-0.1036184,0.2824785,0.0904879,-0.2115718
;
0.004316582,0.07955855,0.1167212,0.005111136,-0.8555201,0.0690977,0.1914728,0.2463865,0.5823723,0.1391869,-0.4608338,-0.06595914,0.2172252,0.4125938,0.07536989,-0.1407215,0.1763245,-0.4558812,-0.02831795,-0.05893346,-0.002944908,0.2063935,0.5543285,0.3566377,-0.3512678,-0.2223501,-0.063495,0.0968267,-0.0300156,0.05062149
-0.01076489,-0.0946424,-0.0008871653,-0.007446345,-0.0456286,0.07171983,0.07692701,0.02185323,0.1163481,0.2583492,0.17764,0.5229954,0.09375853,-0.3954515,0.3313008,-0.01205715,-0.3044751,-0.2324467,-0.07347612,-0.3982456,0.1226473,0.007071555,-0.01394306,-0.1660784,-0.01281148,0.02899871,0.0242062,-0.1429777,0.2276499,-0.3319729
0.0005138151,-0.4471443,-0.2367492,-0.9274691,0.3420938,-0.1998978,-0.2722658,-0.4715761,0.03548592,-0.4645724,-0.1813727,-0.03562355,-0.03114788,0.06582338,0.5991528,0.1039786,0.100617,-0.04379428,-0.3261797,-0.002729123,-0.2485473,0.1211612,-0.04559487,-0.4589386,-0.2510096,-0.02827212,-0.4736011,0.165684,-0.3013526,-0.5136693
;
