-0.01178402
-0.3129191
-0.009724096
-0.1142306
0.4146559
-0.001759742
0.3961551
-0.03358778
-0.6805426
-0.6220922
;
-0.8256661,0.07518727,-0.5852054,0.360617,-0.01461123,0.4249814,0.03965646,-0.1902211,0.06453436,-0.4478223
0.009847774,0.00672301,0.6032082,0.4197257,-0.2547822,-0.2701755,0.006810801,0.5019778,-0.07381313,-0.4593737
-0.2097806,-0.2925853,0.7639912,-0.001390464,-0.05846595,0.03037018,0.3179165,-0.468379,-0.08857554,-0.06354114
-0.2463035,0.05590277,0.03052749,0.06976166,-0.3625473,0.01796586,-0.2084348,0.1188544,-4.801653E-05,0.4690655
0.2614871,0.5700542,-0.7112893,-0.1346886,-0.1714953,0.007501316,0.0001403387,-0.1713393,0.3034877,0.09659177
0.3140714,1.305102,-0.05150346,-0.1568374,-0.214833,0.4845912,-0.09215731,-0.1321929,0.0007375273,-0.2232819
-0.09056945,0.3652929,0.2818248,0.4778081,0.0800252,0.4744596,-0.4198785,-0.4405312,0.4322934,-0.6008991
0.191157,0.001736376,-0.5361151,0.1168346,-0.2118551,0.1716266,0.03895627,-0.007425156,0.001723895,0.6148521
-0.1444439,-0.2536621,0.394209,0.003456536,0.02866975,-0.3598951,-0.01064492,-0.0843062,0.2251832,-0.3898661
0.0532052,-0.008815541,-0.00954634,-0.06279387,0.002866328,0.3010711,-0.07659383,0.04222388,-0.2787585,0.207979
;
0.0008100851,-0.3664266,0.05633968,0.0001112324,-0.002069052,-0.09399655,-0.05072948,0.02944726,0.4798859,-0.1840026
0.00550804,0.3167135,0.01430348,-0.4374348,-0.2444582,1.848223,-0.3075069,-0.04195086,0.0009332366,0.01533836
;
-0.01606106
-0.2124416
0.06939773
0.3855907
-0.06176663
0.2459475
-0.09560283
-0.08132751
0.3431782
0.4107642
;
-0.1522712,0.09122614,0.1492393,0.2621533,-0.3982497,0.1287302,0.5190356,-0.3286998,0.07909606,0.4914954
0.4119506,0.1171887,-0.06451014,0.2702596,-0.05463737,0.2016557,-0.9185148,0.1483269,0.1755629,-0.01121121
-0.161656,0.2689204,-0.2181156,0.1307866,-0.5532427,-0.09700117,0.1182244,0.2054305,0.2343967,-0.178034
-0.0004748879,0.08969248,-0.4502027,0.02794101,0.0009647016,0.2519508,-0.4753835,-0.7364628,0.06517166,0.06446725
0.5790398,0.4928045,-0.03606212,1.098381,0.02587861,-0.1278034,-0.3560533,0.04536957,-0.2518904,0.09861714
0.1747676,-0.3372962,-0.00425759,0.1314238,0.1341415,0.4148923,9.731053E-05,0.00983047,0.08441592,0.5641452
-0.3122222,-0.01483676,-0.000380658,0.1771843,-0.01288432,-0.4220332,-0.1814067,-0.4801211,0.06405073,0.002125189
0.07158325,0.0253179,-0.149931,0.03722044,0.4480797,-0.2340707,-0.4790778,-0.03109914,0.02220851,-0.2575258
0.07355589,0.1802739,0.5338926,0.002633893,0.0007813607,0.2914829,0.008184956,-0.1691812,-0.3613566,-0.1426959
-0.3099982,-0.5823801,0.2708142,0.4049855,-1.733238E-05,0.1030424,-0.001937,-0.1407226,-0.7905486,-0.2633264
;
0.7106877,-0.3271021,-0.3638913,-0.00268903,-0.1088302,0.06056534,-0.6419082,0.6449969,0.4106386,0.007107198
-0.4622207,0.5968326,-0.3910565,0.08041745,0.00863996,-0.06368977,0.05650573,-0.3988955,-0.4825046,-0.4418931
-0.2720853,0.4810146,-0.5413201,0.1822148,-0.006532233,-0.05321962,-0.2954599,-0.07897812,0.3283783,0.00569131
;
