0.2408318
-0.4146743
0.2379008
0.1712874
-0.0005248439
-0.02278414
-0.00678544
0.1906627
-0.1603079
-0.6487693
;
0.04907972,-0.1198209,0.3459703,0.00153939,-0.4740019,-0.03661149,0.1757025,-0.004438106,0.1035921,-0.402815
-0.7434881,0.3933538,0.07887174,-0.001409754,0.006016559,0.1869773,-0.01169293,0.09991631,0.0203896,-0.3043579
0.4039383,0.2776259,0.1484746,-0.2792271,0.8172292,0.254316,2.401125E-07,-0.7838417,-0.006538451,0.1495645
0.9950578,0.5414082,0.641991,-0.3785249,0.6712369,-0.2869512,0.009728492,-0.04412621,0.328025,0.07557836
-0.04420961,-0.2355784,-0.8657816,-0.1412836,-0.1897647,0.2041397,0.0003801691,-0.5701262,0.0155248,0.01536769
0.002119369,0.2746972,0.3734057,0.01468203,-0.2228336,0.04472338,-0.01567702,-0.09403902,0.8465391,-0.2218193
0.1604602,0.004667475,0.01537997,0.3386936,-0.2109272,0.0008904165,-0.5245151,0.4828252,0.0532002,-0.3504215
-0.1129988,-0.4519219,-0.1846819,0.2795048,-0.2423368,-0.3684189,0.1099159,-0.3376348,-0.2981482,0.03796403
0.05931348,-0.8241913,0.07923259,-0.4098293,-0.3027557,0.02805138,1.891655,0.01956842,-0.07918614,-0.4365902
1.418338,-0.1197057,0.03143171,-0.08999255,0.8105426,0.1649694,0.2544204,0.1454957,-0.05783552,-0.4626718
;
-0.001256823,-0.05362766,0.2587835,0.1089664,-0.4510239,-0.1107401,0.3209771,-0.5672596,0.2092607,0.005125575
-8.929079E-08,-0.3532448,0.04899963,-0.1961341,-0.3279462,0.2241537,0.02142134,0.3777895,0.2390338,-0.03852707
;
-0.004746642
-0.2597456
0.04670446
0.1243171
-0.06326789
0.006218668
-0.4126
-0.4475129
0.6502694
0.04780346
;
-0.1646618,-0.1738456,-0.3233067,-0.02643733,-0.04012886,0.02744102,-0.4273554,0.01425821,-0.309767,-0.02354256
0.128494,-0.2792041,0.003812023,-0.1287961,-0.2092325,-0.07567465,-0.3703802,-0.2033682,-0.3768524,-0.4132231
0.1036622,-0.1794742,0.08382785,-0.09498459,0.3499087,-0.4654453,-0.05256429,0.02726966,-0.1071705,0.3958117
-0.1910393,-0.003209495,-0.487669,0.06456777,0.2050025,0.001650725,0.4000356,0.001724493,0.08732218,0.8923417
0.1539386,-0.2473009,-0.6543151,-0.4699863,-0.09315009,0.1981845,-0.2461264,-0.3058536,-0.3846526,0.1295594
0.4768462,0.06785601,0.0005423293,0.1562203,-0.08298653,-0.03713067,-0.01753576,-0.04918238,0.1954283,0.3446745
0.01077959,0.5360654,-0.006810068,0.0004439826,-0.9193686,-0.2678168,-0.00110194,-0.248089,0.5700669,-0.4872941
0.4534978,-0.06130942,-0.3639704,-0.1246674,-0.01531608,0.2030134,0.2292842,0.01137159,0.004359716,-0.2179908
-0.1331409,-0.01993748,-0.2530496,-0.01285191,-0.2456389,-0.08201367,-0.2869814,0.2508496,-0.1354493,0.07791811
-0.357399,-0.3593626,-0.06063456,0.08269531,-0.2747499,-0.03555707,0.001602715,-0.3925982,-0.2367684,0.30595
;
0.01262912,-0.1971852,-0.1958269,0.1688786,0.2012651,0.2654352,0.09359884,-0.3970869,0.1065202,0.04970684
-0.3398544,-0.1396472,-0.2624522,-0.01467738,-0.09616047,0.4398158,0.01146991,-0.1718188,-0.09328884,0.040998
-0.319064,0.01474373,-0.3192364,0.04117101,0.06504876,0.02390927,0.1207812,-0.03837702,-0.5843083,0.2133852
;
-0.04437519
-0.2336504
0.4817075
0.4616828
-0.02347657
-0.0008731703
0.03591878
-0.113538
-0.2754601
-0.01603535
0.211808
-0.4587986
-0.2581435
-0.2483558
-0.1908071
-0.2629834
0.280122
0.001122964
-0.674583
-0.4008553
-0.2386829
-0.0260758
0.1397968
0.1580777
-0.3498164
0.080355
0.03085703
-0.152658
0.02345708
-0.04651135
;
-0.4202623,0.2582067,0.2856308,-0.01546552,-0.3456737,0.09573887,-0.0225334,-0.0155107,0.001092696,0.9013571,0.2293609,0.5870665,0.08922857,-0.01752938,0.4680929,-0.3563976,-0.0002629936,0.2422827,-0.591896,0.5557307,0.1569133,-0.8895651,0.04201039,-0.01765472,0.2902696,0.0481608,-0.09020821,-2.344973,-0.2833401,0.06983572
0.2562454,-0.2790789,-0.1771537,-0.07335764,0.4575797,0.05194622,-0.02057878,-0.2535443,0.7550252,0.4541477,0.008829892,-0.05355088,-0.1997949,-0.3679773,0.2222653,0.1740967,0.231199,0.1966767,-0.3279693,0.4714164,0.4119914,0.04067924,0.3154539,-0.08640367,0.04206604,0.01603234,-0.2268333,0.07418233,0.2874462,0.02349433
-0.3107476,-0.649711,0.0009694821,-0.4225805,0.4115517,-0.9404872,-0.2842749,0.02990021,0.1904653,0.05756799,-0.3532954,0.06029893,0.9499146,0.4499192,-0.4936994,0.4004979,-0.2501018,0.4999876,-0.2555608,0.02918774,0.001095476,-0.4192519,-0.03180756,0.001803342,0.4088213,0.1077954,-0.1264975,0.0670107,-0.1902808,-0.08045211
-0.3768662,-0.04497162,-0.2982014,0.5134591,0.2764752,0.1971678,0.1421988,0.09920696,-0.09256291,-0.1166159,-0.2872039,-0.2176763,-0.09288809,0.01037478,0.2788385,0.6242877,-0.1252526,-0.17499,-0.1920933,-0.1276302,0.3880248,0.06015903,0.492282,-0.2197554,0.1520794,-0.4694608,0.2985345,0.02660316,0.06190366,-0.2075103
0.166158,0.4994112,0.1475557,-0.7893533,-0.5599941,-0.4953954,-0.4462992,-0.314998,0.2201768,0.1505925,0.250877,0.00663694,-0.165619,-0.04053486,0.06597134,-0.0008956987,0.0292521,-0.112878,-0.1039316,0.003511535,0.02617129,-0.03969492,-0.4160303,0.03551388,0.3891445,0.1464915,0.02055155,-0.5361113,-0.4956303,0.007688339
0.3413875,0.2771031,0.003690018,-0.1062682,0.210149,-0.2469314,-0.315536,0.0001416113,0.4080154,-0.01568533,-0.2539184,-0.4823362,-0.09265257,0.01529802,0.6244717,-0.01976033,-0.3934423,-0.09017333,0.1956325,-0.04382163,0.3912581,0.6811289,-0.267825,-0.4855875,-0.7668224,0.3772353,-0.2053786,-0.01743936,-0.4156445,-0.02984226
-0.3239849,-0.4897479,-0.2236955,-0.2240486,0.04212442,0.4508624,0.3769345,0.3268098,0.02726283,0.1341192,1.872817,0.2114158,-0.3773779,0.0900386,0.467141,0.05460292,-0.002343599,0.3437963,-0.3506916,0.2932836,0.0009807252,-0.9220107,-0.2258117,-0.001173673,0.1116613,-0.1330771,-0.1555341,0.06547906,0.2686245,0.3368415
-0.267074,0.3589851,-0.4454481,0.01885912,-0.1148089,0.00184652,-0.4632624,0.3210051,0.212104,0.1430594,-0.2386068,-0.4871238,0.1471533,0.03167695,-0.1202804,-1.168978,0.07184709,0.001505552,-0.3751512,0.3752127,-0.7329133,0.2098749,0.006065619,-0.02603986,-3.767948E-05,0.08125485,-0.03538579,-0.0252741,0.3323178,0.01460062
0.1406197,0.3246567,-0.6935958,0.432556,0.0003362936,0.03661849,-0.4054926,0.1804152,-0.1495097,-0.9166669,-0.008389832,-0.0551022,0.06980561,0.04279047,-0.001075045,-0.008276968,0.1257004,-0.0557032,0.009884461,0.1391882,-0.04050058,0.4045092,-0.5608584,-0.0938435,0.1259839,0.2338588,0.9457718,-0.001772643,-0.2335004,-0.03259302
0.3452034,-0.4942544,0.3153564,0.6367775,-0.4299332,-0.09915096,0.09497727,-0.2328727,0.3157843,-0.1910472,0.003593418,-0.05641371,0.2089699,0.06210267,0.08128581,-2.697015,0.06241848,0.1464282,-0.004035328,0.0003868249,-0.2312381,0.02581537,0.01163552,0.01140571,0.1115962,0.04867228,-0.4481829,0.2431332,-0.3118202,0.4652897
-0.4388351,-0.2194302,-0.350721,0.03117313,0.8076085,-0.3082185,-0.4986727,0.131394,0.1376833,0.436592,-0.1260438,-0.07313207,0.009564131,0.02094942,0.427708,-0.01158743,-0.2410226,0.2965306,0.4190167,0.002751436,-0.2584523,0.4029125,0.007296404,0.1494449,0.03146933,0.3728168,-0.265928,0.1361263,0.2388536,-0.2999726
0.2613726,0.3888154,-1.089237,0.1194069,0.2075782,-0.1866751,-0.07091717,0.4958931,0.04329628,-0.06265364,0.2069144,-0.3136462,0.298034,-0.08881873,0.4407403,0.02690773,-0.5435776,0.5217972,-0.08706576,-0.3946964,0.4624478,-0.1123576,0.05045491,0.2127659,0.00788796,-0.3105183,-0.01982266,0.4430977,-0.4373927,-0.06303734
-0.4490711,0.6484066,0.08305462,0.1623029,-0.1337759,0.2932075,0.001664692,0.0006583994,0.02233594,-0.05283695,-0.7527933,0.1163217,0.2636888,7.839785E-05,0.07934082,-0.1044279,-0.1598432,0.2319834,0.3660117,-0.4804924,0.4179837,0.4061418,0.007346226,0.004599988,0.04172302,0.3005911,-0.00352932,-1.15124,-0.660342,0.03874998
-0.4969867,-0.3522738,0.2811841,0.3979424,0.4532011,0.2075834,0.05867821,0.108298,0.1370084,-1.345774,0.6379973,0.1811682,-0.4632283,-0.5097011,-0.4900033,0.4062068,0.1914577,-0.1362917,-0.3758309,0.3270953,0.129779,-0.2973875,0.413957,0.2430701,-0.1317428,0.2740158,-0.006263236,-0.4381059,-0.07713604,-0.4198854
-0.07509613,-0.3984684,0.4695389,0.1102577,0.06510307,0.109331,0.004124872,0.04908963,0.4104275,-0.010598,0.04853113,-0.9593055,-0.2934805,0.4388038,0.2104252,0.3745166,-0.05326151,0.003586716,0.2218033,-0.3953615,-0.1591865,-0.3155119,-0.3549697,0.02123831,-0.04588157,0.3565569,0.0102594,-0.002746076,0.1779584,0.0428693
-0.2058211,-0.01582632,-0.1446208,0.003970722,0.2363949,-0.2399504,-0.009120654,-0.02529771,-0.418201,0.04810962,0.263783,-0.1405441,0.000196336,1.35723E-05,-0.3525393,0.1082922,0.03939741,-0.008055753,0.5481446,-0.04332119,0.01779372,-0.04089811,0.01986002,-0.08410332,-0.1294263,-0.004426404,0.2502683,0.4963874,-0.7559823,0.05701087
0.1909811,-0.05038297,-0.6600446,0.2395964,-0.01743451,0.0455547,-0.03624385,-0.1198123,-0.01831179,0.004818289,-0.1013156,-0.001894045,-0.2917583,-0.1942217,0.6064733,0.225078,-0.002347052,0.025947,0.2520067,-0.01082351,0.06999815,0.3829359,-0.4683583,-0.3006298,-0.1396911,0.3429328,-0.001901805,0.412826,0.3481683,-0.8835649
-0.5423753,-0.2211825,-0.8703319,-0.05171373,-0.5504537,0.3477309,0.314943,-0.3540256,0.06887486,-0.2179788,-0.1086602,0.103173,0.1951977,0.01336888,-0.05625409,-0.2419752,-0.1672122,0.05925154,0.02875527,-0.3410612,0.00293896,0.03850288,-0.08327208,0.7361609,-0.5514189,0.1591285,0.4796325,0.04080247,0.1435542,0.3661195
0.1205679,0.006928358,-0.0980664,0.2293753,0.302812,0.1828863,1.033183,-0.4238932,0.1611182,0.1889244,-0.2298518,0.1256088,-0.0009718402,-0.06745285,0.583995,0.9040793,0.5449501,-0.08202241,0.2303277,0.01151804,0.1468499,-0.0004346865,0.0003735527,0.003247482,0.1269935,-0.09614345,-0.3262852,-0.2687001,-0.1626059,-0.0003255144
0.3441761,-0.1085728,-0.1106905,-0.1897226,-0.1784621,0.2394146,-0.1072387,0.321155,1.303368,-0.414427,-0.41076,-0.04532629,0.07163964,-0.3214756,-0.001460515,0.1946073,0.3179561,-0.0983163,-1.34193,6.195565E-05,-0.1779196,-0.103626,0.8336564,0.3361574,-0.7505581,-0.1302397,0.3162586,-0.2618359,-0.7192596,-0.01547845
-0.2275444,-0.0150906,0.01065019,4.330463E-05,0.005997002,0.8736987,1.330252,-0.01169209,0.01009971,-0.4904495,-0.00132913,-0.07000286,-0.8446267,-0.04329516,0.5167009,0.000236216,0.2964206,0.05831259,-0.04187588,0.006260871,-0.4614718,0.08784097,-0.4519486,-0.07162172,-0.1028719,0.2564245,0.04752281,-0.9769692,0.05206293,1.296232
-0.03461725,-0.1472702,-0.01194038,-0.4873199,0.04948285,0.4991009,0.1074456,0.01244049,0.01382191,-0.07728333,0.4726845,-0.4024591,0.02012727,0.4292493,-0.7528112,-0.5941515,0.2611099,0.2701157,0.2988068,0.00497351,0.004069522,0.01176253,0.02069774,-0.06514914,0.007226928,0.007570317,0.4151918,0.118501,0.4529885,-0.03238578
0.01578862,-0.4132289,-0.1084028,-0.0004130954,0.2770231,0.3282659,0.3660911,-0.1784983,-0.007769242,0.04143718,-0.02345072,-0.5235192,-0.4681328,0.5492199,-0.05403832,0.1157024,0.03000735,-0.4932103,0.2803642,-0.1756156,-0.3122442,0.004374461,-0.08166707,-0.1591982,-0.05683127,0.1260566,-1.218832,0.3713794,0.03933566,-0.04154965
-0.07261252,-0.246301,0.07988103,-0.007540575,0.1259775,-0.3965902,0.07019693,0.1792174,-0.2449843,0.01353012,0.0006751309,-1.052394,-0.0005095098,0.2423252,0.5336107,0.0968973,0.07878432,-0.3100923,-0.06629449,0.04129606,0.005687795,-0.02658344,0.1755417,-0.08793693,-0.0001599193,-0.03765571,-0.1369063,-0.4963312,0.1155909,-0.3295553
-0.3163674,-0.3775108,-0.4006811,1.174504,-2.795423E-05,0.04793818,-0.01337376,0.002121405,0.00104264,0.08799662,0.0006326885,-0.01952378,0.2277654,-0.02074191,0.4719911,0.478742,0.1383613,0.04774299,-0.04079852,0.001862268,-0.3693579,0.355152,-0.05671962,-0.7707886,-1.19129,-2.323901,0.06970046,0.01732793,0.01769609,0.1947286
-0.1686093,0.00076002,0.2700747,0.003505493,0.2272463,-0.3872578,-0.157889,0.06691311,-0.2432209,0.06895179,0.003933119,-0.3564453,0.05732304,-0.120503,-1.356883,0.08367103,-0.1082539,-0.05319649,-5.579021E-05,-0.3193812,0.2820922,-0.05540963,0.1744373,0.1586405,0.1680664,0.6662097,0.2403513,-0.1606348,0.0001929755,-0.3712978
0.1558293,0.029569,-0.005154396,0.7340472,-0.006115383,0.8427953,-1.113453,-0.3016775,0.321782,0.1366772,0.004665077,-0.4247419,-0.4336482,-0.51821,-0.4944602,0.2281695,0.1051969,0.4778328,-0.32991,-0.4515036,-0.05964743,-0.08330256,-0.1918974,0.3951743,-0.2885644,0.4584739,-0.141677,-0.4108425,-0.1038307,-0.2540669
0.1736767,0.3228757,0.1844613,-0.04041792,0.1722331,0.2785587,-0.1026001,0.4005901,-0.1595833,-0.003602673,-0.742897,-0.3308442,-0.1840703,-0.008099733,-0.4295854,-0.07080799,-0.0006769,-0.1832408,-0.4161591,0.003491104,0.002542764,0.06830198,0.2570195,-0.03455774,0.266331,-0.06398484,-0.5862449,-0.07696348,0.03522335,0.4797394
0.2406195,0.2485583,-0.7013715,0.002630001,-0.4503544,-0.6015815,0.9627289,0.4751393,0.6082076,-0.01931867,0.3875648,0.2747163,0.03255107,-0.2778146,-0.1157054,0.03746242,-0.04115104,0.2835491,-0.1439535,0.2086198,-0.1460535,0.2077498,-0.004304221,0.005926786,1.64863,0.2005709,0.1711817,0.0727851,0.01858065,0.003184825
-0.1852681,-0.3925852,-0.1969098,0.08480155,-0.190609,-0.7411526,0.0754177,0.07758487,-0.2280186,-0.490858,0.003181551,0.1178654,-0.000121972,-0.1842466,0.01235725,0.0250956,0.01230956,0.06583978,0.0799731,-0.198831,-0.7096416,-0.06773493,-0.246163,-0.1494312,0.1647134,0.397321,0.09086277,-0.2355997,-0.48807,0.0874619
;
0.2156568,-0.1417325,0.1383558,0.5509215,0.02085411,-0.003309502,-0.3448395,0.006169396,0.506052,0.8703458,-0.02423646,-0.02830283,0.06551319,-0.05676403,0.2403493,-0.1248109,1.528852E-05,0.001229857,-0.0001582123,0.2507153,0.4881915,0.0388018,0.1838173,-0.4550828,0.1106058,0.01392581,0.03065483,0.107675,0.2074878,0.03372489
0.2178248,-0.03434448,-0.423686,0.4664245,-0.09274453,0.4232565,-0.02907506,-0.005191254,0.3892974,0.000899141,0.1566009,0.01515209,-0.00023053,0.01444071,-0.02792981,0.2201661,-0.004522101,0.2256871,-0.135263,0.07303283,0.02849526,0.1706164,0.8018074,0.3266947,-0.2521517,0.02454329,0.4493145,0.02847807,0.2096305,4.214851E-05
-0.01507276,0.1334696,0.2949256,-0.2300596,0.002836883,0.2028288,0.1377212,8.790896E-05,-0.3652253,0.5063826,-0.2168135,-0.001296073,-1.216181,-0.2136515,0.01768225,0.564252,0.02584543,-0.3973103,0.1061308,-0.6387942,-0.0006356025,-0.002748335,-0.2576072,-0.1165272,-0.03411418,0.07746663,0.02248721,-0.05336532,-0.1176959,-0.07791064
;
-0.01976264
0.1606192
0.2369361
0.009905198
-3.709047E-07
0.1554273
0.07196724
-1.000898
0.0277877
0.3507226
0.320846
-0.008188381
-0.8246284
-0.0001178533
-0.3785288
-0.001649439
-0.1094411
0.2954351
0.3126344
-0.03806299
0.484808
0.03479042
0.1294005
0.0005871531
0.2777649
-0.04623835
0.3467073
0.1666521
0.2557005
0.2587397
;
-0.2485951,-0.8500276,-0.3384516,-0.1559969,-1.584201,-0.2749614,-0.4002826,0.3675611,-0.4951504,-0.4166786,0.2888864,-0.1999628,-0.3239751,0.04414956,-0.6842524,0.4880697,0.01362103,-0.02319575,0.3824973,-0.2306016,0.01883346,0.01975028,-0.2159877,-0.2136679,0.04383881,-0.07687825,-0.2823647,0.04421541,0.0104937,-0.3553352
0.4436461,0.00336727,0.6304755,0.1930444,0.006175975,0.08472507,0.1001946,-0.02753377,0.1287441,0.1369587,0.1486248,0.05463021,0.4010313,-0.01771729,-0.2442207,0.03579367,-0.03935546,0.2511085,-0.4977114,0.3215306,0.3274063,-0.1809283,0.01366654,-0.2668735,-0.03177265,-0.1503362,-0.1267369,-0.1148761,-0.1464229,0.1742565
0.008222526,0.4912256,-0.0957759,0.4631054,0.007850792,0.06137849,1.553714,0.1242489,0.04360855,-0.03792333,-0.1936223,-0.3030469,0.2249746,0.4086975,-0.169562,0.1673426,0.1983487,-0.05012628,0.1191247,0.07551866,-0.01305836,0.3873408,-0.0867182,-0.04052427,0.2909416,-0.3842328,0.395485,-0.2511508,-0.3101599,0.1694343
0.1813942,-0.2462865,-0.3957117,-0.08432108,0.4596749,-0.259452,1.858669,2.276438,-0.08382399,0.3264912,0.06226009,-0.01892632,-0.02678024,0.09097904,0.03703938,0.110437,-0.2488577,-0.165908,0.5690987,0.2885993,-0.04020456,-0.01035374,0.01324345,-0.242095,0.2939874,-0.006387338,-0.2259665,-0.1884055,0.02393947,0.143537
0.008548993,0.1731216,0.4616099,-0.0003705523,1.365025,0.0007419993,-0.05595194,0.1002777,0.0928497,-0.1678632,0.0002605319,0.1264883,-0.2246987,0.2966949,-0.05648236,-0.0004667054,-0.3168623,0.2073182,-0.3771631,-0.1102301,0.05185694,-0.1280275,0.003327104,0.03711751,0.3220656,-0.1705243,0.1355876,0.1278773,-0.2776952,-0.2216143
-0.3012934,-0.06141086,-0.1350242,-0.0640947,0.4402108,-0.1723645,0.2765665,-0.06670329,0.2572035,-0.3874371,0.3742293,0.4346724,-0.03726071,-0.2485067,0.7188675,0.1374884,0.4295579,0.09167501,-0.1702094,0.001818105,-0.1758036,-0.156271,-0.01307591,-0.3317858,0.4785522,-0.2550466,-0.07419366,-0.01053488,-0.1250632,-0.1469429
0.02786368,-0.08905283,-0.09395073,0.05719059,-0.2734714,-0.2610456,0.395959,-0.01067902,0.1784469,-0.02175849,9.350666E-05,0.4194973,0.07486278,-0.1593844,-0.0351972,0.1739665,-0.2592247,0.3353338,0.007910217,0.4283351,0.4844407,0.1166014,0.08391937,-0.09960014,-0.2114127,-0.3290977,-0.0158382,0.007710763,0.07228976,-0.02211428
0.4005944,-0.09733269,-0.02573801,0.4357183,0.3297993,-0.5448967,0.3838296,-0.03143451,0.3811286,-0.1854832,0.1195361,0.4833431,-0.04403848,-0.007426579,0.2536035,0.3350208,-0.4570601,-0.4380681,-0.4986835,-0.04844727,-0.0256996,-0.2231558,0.3452085,0.002410063,0.03558476,-0.09671572,0.01729061,-0.1726462,-0.1052745,-0.3770997
0.5127305,-0.3197986,-0.2103741,-0.4704552,-0.02607305,0.1313705,0.4500424,0.2190791,-0.2790395,0.002311765,-0.09186943,0.03302997,-0.02720597,0.04788536,-0.3295884,-0.2433701,0.4586513,0.07942373,-0.01291355,0.3052793,-0.1821026,0.2099143,0.3479716,0.099694,-0.5371323,-0.11586,0.1088697,0.388426,0.07994515,0.4693603
-0.02289444,0.01147097,0.8182961,0.02861114,0.08350343,0.3081697,-0.003857921,-0.1047794,1.345058E-05,-0.4962953,-0.5570094,-0.2036984,-0.01680383,-0.3024468,0.3327828,0.1055272,0.4685477,0.1103183,-0.2679353,-0.06375615,-0.2366039,-0.1364442,0.001585269,0.08989054,0.07416783,-0.1082891,-0.02482957,-0.2446093,0.03537064,-0.1830948
-0.02171041,0.1077258,-0.5973156,-0.1462729,0.497317,-0.00202666,-0.003947556,-0.3727643,0.131428,0.2088565,0.4160666,0.230021,-0.393217,-0.03048423,-0.001620151,-0.3413861,-0.03920388,-0.02443526,0.09877469,-0.01304977,-0.1316086,0.02986736,-0.1661531,0.03088732,0.1463187,0.4049295,0.01725319,-0.3186034,-0.09576339,-0.2442011
0.1053493,-0.0005814686,-0.4367752,-0.417052,0.1265224,0.05969325,-0.01599398,-0.1965172,0.09307986,0.02949653,0.2684079,-0.03706568,-0.00496283,-0.1977047,0.01248742,0.1678767,0.06066332,0.2479555,-0.1989305,-0.5739967,0.1557085,-0.8181045,0.1839706,-0.1813925,-0.3621917,0.005150646,0.4079419,0.327389,-0.0166657,-0.001206046
1.043009,0.3489399,-0.4182305,-0.07293028,-0.2268791,-0.105171,0.05360384,0.07835535,-0.05597268,-0.01951657,-0.1183563,-0.3368529,0.2524995,0.1390457,0.006916462,-0.3763954,-0.3558049,-0.02140778,0.3346672,-0.001473012,0.0965604,0.06789604,-0.08150062,0.1220334,-0.4388475,-0.004978903,-0.01512156,-0.2546053,-0.08783141,0.2493687
-0.098574,-0.06198893,-0.01125875,-0.07949179,-0.3171788,0.00441373,0.1696563,0.4606478,0.1230085,0.9269645,0.1898967,-0.1725765,0.01671523,-0.3047768,-0.0001852843,-0.0001067634,0.1590822,0.1080832,0.08676444,0.4816813,0.2984829,1.458801,-0.001812749,0.00900239,-0.05751787,-0.1736335,-0.02721586,-0.6940326,0.2060882,-0.05705159
0.4823961,1.439982,-0.1331428,-0.003367353,-0.1108567,0.3229976,-0.1635955,0.02782957,0.233584,0.1380221,-0.05716816,0.3189059,-0.06185145,0.08767696,-0.07472835,0.02437788,-0.005551146,-0.9811037,-0.04669036,-0.1890222,-1.210995E-05,-0.08569235,-0.280899,-0.1929009,-0.7470539,0.3550025,0.2391771,7.395708E-05,-0.38888,-0.02342123
-0.01927663,0.2449466,0.2682254,0.0001623415,-0.1743371,0.04237753,0.0383784,-0.08039372,0.4021965,-0.04977166,-0.3125839,0.3483813,1.477086,-0.1940345,0.0005920905,0.2816161,0.4731883,0.03338591,0.3612514,0.1865662,-0.2521399,-0.1927055,0.04108037,0.2808585,-0.1726813,-0.3681666,0.01367313,-0.3848451,0.22596,-0.06636158
1.025393,0.2642687,0.01203042,-0.07881933,0.1035579,0.01624378,-0.211657,0.13628,-0.1151722,0.4073403,-0.2044207,0.4897313,-1.784456E-05,-0.3293692,-0.02751468,-0.05648501,-0.05212623,-0.08637351,0.4427333,0.4741033,0.4530755,-0.2024278,0.01716461,-0.3103259,0.0005146366,-0.7307824,-0.4548895,-0.3180157,-0.340079,0.04191166
-0.04301527,0.09951073,0.234751,0.3628263,-0.07437688,-0.255119,-0.4922788,-0.2019857,0.3047223,-0.2237263,-0.06095199,-0.002762669,0.5251744,-0.002124958,0.1854902,-0.3166313,-0.3327453,0.02183763,-0.3932108,-0.02556468,-0.07051154,0.04904133,-0.4423214,-0.1865503,0.3365009,-0.1159914,0.3683056,0.03435943,0.1789261,-0.5373943
0.3702807,0.3865042,0.1674287,0.2503638,-0.003073449,-0.01688156,0.4035602,-0.06197673,-0.3257523,0.05830115,-1.725379,-0.1077421,-0.6118898,0.297752,-0.1292383,-0.3699151,-0.009071653,0.06652778,0.1693032,0.04652503,-0.002503069,-0.09985445,0.04062025,-0.08393428,0.04145042,-0.1828392,0.001481222,-0.04232306,0.07648962,0.05323603
-0.07159233,0.3940578,-0.01185348,-0.4822191,-0.0002007259,0.3692665,-1.989927E-05,-0.797321,0.1105017,-0.07180942,-0.09056911,0.06063098,-0.07465094,0.1254263,-0.6995464,-0.04071238,-0.6286808,-0.09669632,0.002051796,0.06758159,-0.2857324,-0.1140326,-0.1468941,-0.1478944,-0.1389728,1.957005E-06,-0.2629131,0.07015914,-0.1883542,0.1659545
1.399893,-0.1128364,-0.4646356,-0.02138824,0.05030562,0.07151078,0.4626903,-0.4901961,-0.4280015,0.1229958,0.3578799,-0.1050274,0.3752755,-0.01931743,0.0526998,0.02009273,-0.129558,-0.06719971,-0.2206178,-0.3702385,-0.033425,-0.4705248,0.3630134,0.1562049,-0.0139471,0.352243,-0.3921133,-0.002421439,-0.004383876,0.07468802
0.3757466,0.004606247,-0.001440851,0.6015682,-0.3672816,-0.02619233,0.004020369,0.1346636,-0.05011994,0.4688101,0.1483082,-0.0008282395,0.01329411,0.2035443,0.3845719,0.4874729,0.05515908,1.369364,-0.7088248,0.1127765,0.1567802,-0.01249025,-0.4113725,0.005739514,-0.004967562,-0.3476706,-0.1677548,0.0524102,0.007265806,0.4333455
0.4046221,0.01547986,-0.3926324,0.1021142,0.7191513,-0.108703,-0.3111396,0.4023995,0.08105093,0.3223009,0.3494667,0.02075285,-0.002364422,-0.1246191,0.4772282,-0.109968,0.2423486,0.004937248,0.4034951,-0.2878557,0.2444446,-0.04499973,0.001907647,0.3142138,0.007992601,-0.02342118,0.1806033,-0.09486505,0.09116966,0.01831095
-0.2355862,0.1377441,0.09280637,-0.4868506,0.1819806,0.02378279,-0.07798016,0.03363549,-0.009465164,-0.02570878,-0.00679772,-0.273998,0.002586251,0.5145696,-0.05062745,0.1576501,0.4155315,0.02475893,-0.3470267,0.4148169,-0.08164807,0.01921173,0.07923645,0.06436807,0.2776909,-0.03653613,-0.004167287,0.009849847,-0.6131269,-0.3047132
0.02777291,0.2107948,-0.4498259,-0.1136352,0.3066652,0.4255309,-1.092744,0.2323971,0.02207179,0.4972733,-0.01299542,-0.03315548,0.05449922,-0.1461244,-0.3292948,0.0218925,-0.1825517,0.02853426,-0.4272159,0.1527518,-0.0306101,-0.4791235,0.3897755,0.1563067,0.2747026,0.3988402,-0.1462883,0.1167474,-0.1195787,-0.001703498
0.001190756,-0.05340713,-0.324531,-0.3858793,0.3761765,-0.2964187,-0.2649,-0.003081767,0.2237928,-0.4782749,-0.0002582906,0.3135343,0.01391483,7.551626,0.2681917,-0.3298154,0.4070465,0.08577114,-1.151516,0.1281258,0.04879398,-0.01934622,0.4618267,-0.1769564,0.02790918,0.3076645,0.0405677,-0.1982415,0.4107509,0.4790692
0.2019214,-0.1284848,-0.1890555,-0.007559976,0.1039933,-0.005353002,0.07583565,-0.1274447,-0.0004421484,-0.2262782,0.04597704,-0.216225,0.3510488,0.08080538,-0.001874183,-0.02920181,0.003005906,0.02578874,0.05991643,-0.1172481,-0.02448467,0.363362,0.05753136,0.1679128,-0.477285,-0.1199843,0.01345214,-0.1242359,-0.004221219,0.0588444
-0.7047973,0.4482483,-0.01626035,-0.3291621,-0.2885877,0.01771643,0.0588613,-0.6104442,-0.002337979,-0.09610483,0.4539681,-0.3025205,-0.1444708,-0.04857035,-0.001867699,0.06328183,-0.08894378,0.05345415,-0.3851221,0.2514933,-0.0009459541,0.5569539,0.2058236,0.157716,-0.06290225,0.1846991,0.3556992,-0.2773028,0.3581086,-0.0106367
-0.221179,-0.004234233,0.0585888,-0.0005953997,-0.2934597,0.02848965,0.02247797,-0.3561158,-0.1917909,0.09232344,-0.006472618,-0.002961262,0.1970067,-0.003206091,-0.2629431,0.4501382,0.005857603,-0.151483,-0.6139166,0.03619907,-0.01589672,0.2249462,-0.1428799,0.2815207,-0.3102856,-0.01095365,-0.4065088,-0.06465834,0.4018143,0.5782089
0.08407535,0.2734348,0.001701508,0.05362895,0.04090194,0.0862518,0.07749258,-0.002574345,0.2354055,0.2757872,-0.1939965,-0.4050454,-0.3201253,0.2934369,-0.005210742,0.67441,0.4424143,-2.194919,0.129303,-0.01806596,0.2183144,0.3705137,0.01312582,-0.4204754,0.002464374,0.06315898,-0.1370476,-0.1359008,0.168317,-0.2115718
;
0.3120497,0.8281803,0.3300136,0.175073,0.8555201,0.09978897,-0.1914728,0.3501118,0.5823723,0.08418743,0.0002242555,0.05780867,0.2467972,0.02271543,-0.07536989,-0.07037814,-0.33755,-0.03157676,-0.2548052,0.01998232,-0.0003663616,0.2063935,-0.9328809,0.04561765,0.04649375,0.1885963,-0.2415788,0.02694765,-0.0300156,-0.01770177
-0.04548614,-0.155051,-0.008949211,0.2477748,-0.1392996,-0.00248455,0.1261497,0.01250423,0.4680674,-0.3824872,-0.06466562,-0.4015051,-0.07721158,-0.3421732,-0.1635579,-0.009437094,-0.5542569,0.2324467,-0.04829553,-0.461552,-0.2808497,0.003610302,-0.01394306,0.338365,-0.2943051,-0.02899871,0.2157386,-0.2495102,0.1892741,-0.1941262
0.1886205,0.1556527,-0.1181228,-0.6590934,-0.1550151,-0.1998978,0.4070312,-0.1312016,0.0361663,0.1277312,-0.2699284,-0.1146296,-0.04114361,0.001528946,0.5991528,-0.3509881,0.1284937,-0.2036472,0.07469548,0.1578571,-0.1366346,0.1211612,0.3399018,0.1903073,-0.2510096,0.1104339,0.1838302,-0.03357162,0.5601048,0.1510967
;
