-0.003383776
-2.440052
0.03410818
-0.07919844
0.3909993
-0.4492105
0.1954549
-0.2639849
0.03262569
0.157305
;
-0.7256778,0.4384421,-0.9253832,-0.3107193,-0.09718815,0.361088,0.02553446,-0.7708091,0.01599946,-0.07109529
0.1740376,-0.133195,0.01468714,-0.482119,0.04001151,-0.03273247,0.2475365,0.003524429,-0.1812383,0.02345475
0.1242633,0.1776778,-0.2186864,-0.169063,0.4797262,-0.001659367,0.2632221,0.003652758,-0.2611745,0.475379
0.1812686,-4.93207E-05,-0.3332224,0.3822057,-3.625655E-05,-0.8077933,0.07361275,-2.823691E-06,0.2551582,-0.4324435
0.02704367,0.3344499,0.008056127,0.128603,0.1734989,0.1454325,0.2731943,0.1263213,-0.1848014,0.4935157
-0.01058966,0.8207451,0.04417604,0.5593683,0.0007511423,-0.0126184,-0.3401171,-0.0003558225,-0.06333558,0.03481667
-0.1351379,0.2722956,0.08836657,-0.2035325,-0.04537132,-0.2035872,-0.01645045,0.3769446,-0.7429757,0.421841
-0.4212476,-0.07707544,-0.2971886,-0.1170147,-0.2988223,0.1183224,1.039281,-0.3084179,0.6080817,-0.2234729
-0.03647104,0.3461407,0.2334409,0.1149667,-0.5554996,0.02616958,0.4374996,0.02202861,0.05001003,0.06757507
-0.001036138,0.003574415,0.3682092,-0.1712057,-0.3153007,-0.01101331,0.06334167,0.06870264,-0.07812429,-0.3556097
;
0.6473941,-0.1435305,0.5590273,0.05692116,-0.1061239,-0.3828152,-0.0006267971,-0.2122547,-0.4670088,0.3208357
1.329589,-0.4806756,-0.002674671,0.0663493,-0.2361737,-0.01513482,0.003387868,-0.3876947,0.3284236,0.06280841
;
-0.1776532
-0.09081608
1.514525
-0.01537406
0.1152847
-0.06006247
0.06721267
0.3577568
-0.2856288
-0.06667715
;
0.1254013,-0.2761382,-0.484051,0.0006554675,0.0005054387,0.3324461,-0.3538528,-0.3696988,-0.3201039,0.1570305
-0.3077333,0.8883096,0.1034402,0.01165277,-0.1923049,0.01331456,-0.1776229,-0.2659286,-0.0004201863,-0.01121121
0.1755299,-0.2958331,-0.002980333,-0.05178849,0.1599701,0.0209806,-0.06758774,0.2577744,-0.1063706,-0.09175856
0.2641363,-0.02022939,-0.2090046,-0.002325761,-0.3076237,0.05199236,-0.04332781,-0.2611406,0.04524972,0.05693177
-0.1761992,0.123772,0.253108,-0.1854681,-0.1507161,0.3779227,-0.1685554,-0.2215389,-0.1199195,0.03400822
-0.4473248,0.1724473,-0.1904848,-0.1093783,-0.02987893,0.2029825,-0.01689011,0.2628885,0.08941634,0.05310912
0.565153,-0.01280622,0.3272216,-0.1196385,-0.004193127,-0.07037705,1.309655,-0.6659576,0.02347884,0.941195
0.874256,-0.1051375,-0.001389186,0.2144863,0.1303362,0.09431106,-0.853018,-0.07339197,-0.04656108,-0.150855
-0.2245451,0.5584035,-0.02228996,-0.01311308,0.01747866,0.2348547,0.4328047,-0.006887019,0.04436607,0.1877622
0.02034348,0.3169703,-0.007318119,-0.4015499,-2.692576E-06,-0.2110722,-0.5100951,0.1734979,-0.005846861,-0.004993028
;
0.1302513,-0.08250564,-0.1284748,0.1862368,0.004759581,0.00415335,-0.01175838,-0.08362287,0.1453678,-0.1187292
-0.09755975,-0.009533882,-0.01387121,-0.1040476,0.009625513,0.0672353,0.04868822,-0.005126297,0.001545506,-0.06277276
0.006721383,-0.01615614,0.09707647,0.02520841,0.1494758,0.03214175,0.1479738,-0.01481265,-0.01036184,0.436226
;
