0.1770944
0.9586306
-0.1550719
0.08757099
0.03067861
-0.4071704
0.2219898
0.00574261
0.04854941
-0.3198313
;
-0.08598441,0.04814543,0.3168162,0.2932389,-0.0487085,-0.001246669,0.4412053,1.199658,-0.05071291,0.2404506
0.01217749,0.1329385,0.04314083,-0.32185,0.01668816,-0.007360753,0.3292601,-0.0005245341,-0.4242001,-0.28105
-0.001395384,0.01911741,-0.6126102,-0.3753061,-0.5198544,0.1440346,0.2100147,-0.0009157444,0.02315311,-0.1544827
0.001159814,-0.1336976,0.3332224,0.244142,-0.1400898,-0.4273056,0.4402597,2.823691E-06,0.9243254,-0.5825039
-0.02704367,0.05896383,-0.2288269,0.02547431,0.2828591,0.005385407,-0.4740328,0.08797476,0.1941758,-0.01855832
0.02275776,-0.1946995,0.02054354,0.4636415,-0.0004859704,0.2287364,-0.009545889,0.004065918,-0.008982249,0.08143892
-0.1641932,-0.4588173,-0.1038463,0.01888096,-0.04537132,0.03191898,0.3409829,-0.1452137,-0.08823906,0.03795844
0.2436328,-0.3923516,-0.3042674,0.1759959,-0.303753,-0.2631507,-0.9777871,0.07868477,-0.05225284,-0.4823067
-0.02754457,0.0005973164,0.2864929,0.3473756,-0.61532,0.3813672,0.1058513,-0.02202861,0.3073939,0.05881393
-0.05956703,0.3926809,-0.1851205,-0.0173314,0.160168,-0.01666445,-0.3809462,-0.09482387,0.1701562,0.3556097
;
-0.3037913,0.3971435,0.1151042,0.003748123,0.08694451,-0.44911,-0.1230674,0.4003237,-0.07222456,0.2447879
-1.640737,-0.2109196,0.1962252,-0.01484589,0.1373767,0.4472066,-0.0610853,0.01756878,-0.2379834,-0.006564362
;
0.4236188
-0.09081608
0.1631645
0.06774154
0.1118401
0.1843282
-0.06500276
-0.07133359
0.1770627
-0.8046507
;
0.0338057,-0.1702362,0.0308858,0.0002678421,-5.300509E-05,0.1172581,-0.4714909,-0.01973052,-0.01903169,-0.1067458
-0.09750608,0.4642687,-0.0263622,-0.01165277,0.004593234,0.07947563,0.1178767,0.3672295,0.00107187,0.2594383
0.06938416,0.3024199,0.005398158,-0.02596625,0.1599701,-0.05314456,-0.1486913,-0.06471565,-0.07280436,0.2381334
-0.1917018,8.044456E-05,-0.255345,0.001988392,0.09668513,-0.2380418,0.1739309,-0.03548497,0.3353747,-0.4639354
0.2179238,0.008946067,0.003264085,0.1519942,-0.1507161,0.4047147,-0.1685554,-0.02980751,-0.2892014,-0.5092753
-0.2963536,-0.3494899,-0.1507312,-0.2277972,-0.02913501,0.3793594,0.004346923,-0.005989395,0.09955043,-0.4144071
0.3914915,-0.1409687,-0.2314931,-0.4160517,-0.3216541,-0.04926057,1.963901,-1.325625,0.1513512,0.3844668
-0.2814363,0.1051375,-5.517092E-05,0.2303475,-0.8282844,0.09431106,-0.3551297,-0.4079807,-0.08704372,-0.4995725
-1.010475,-0.1789916,0.09686595,-0.8117692,0.1575258,0.1531378,-0.8343056,-0.2052934,0.125223,-0.6331905
-0.0222477,0.3449407,-0.1809736,-0.02190715,-0.087668,-0.2110722,-0.3761067,0.164242,-0.0116184,-0.4958079
;
-0.05665192,0.1101272,0.2739196,-0.3718646,-0.7155379,-0.008231883,0.01175838,-0.009346556,0.6688443,-0.07190085
-0.08741066,0.1555334,0.1360054,0.1040476,0.294557,0.1734172,-0.2069442,-0.09513918,0.0007899256,0.06277276
-0.05897635,-0.1417459,0.3133549,0.4861911,-0.3145751,0.2602799,0.09943419,-0.003558227,-0.7234001,-0.847775
;
