-0.1216921
-1.272197
-0.2154568
0.07919844
0.401803
-0.0673515
0.136528
-0.2639849
0.03262569
0.3087321
;
-0.09939265,-0.5413353,0.400336,-0.3107193,-0.0878889,-0.01451032,0.4412053,-0.7708091,-0.03563154,-0.01750254
0.1046106,-0.1329385,0.01391656,-0.4890803,0.01668816,-0.05502862,-0.3292601,-0.0005245341,0.1324791,0.04769164
0.050149,-0.03830463,-0.1640879,-0.01773055,-0.5198544,0.4917974,0.2100147,-0.001297891,-0.1851976,0.475379
-0.001378,-2.374573E-05,0.3332224,0.244142,1.175543E-05,-0.4554942,0.4402597,-2.823691E-06,0.3810196,0.4284383
0.02704367,0.4451697,-0.2288269,0.1363562,-0.2828591,0.004662958,0.01855403,0.1263213,0.2845418,0.09244954
-0.0205163,0.1946995,-0.06512225,0.4636415,-0.0004859704,0.159547,0.2467019,-0.00226934,-0.01456137,-0.04830271
-0.1351379,0.4055868,-0.1568855,0.01010516,-0.04537132,0.07517337,-0.0637632,-0.511262,-0.7429757,-0.03795844
-0.4212476,-0.0446428,-0.2971886,-0.3695615,-0.2744102,-0.478888,-0.9777871,0.1546272,0.2765962,-0.2739488
-0.03647104,0.0006995399,0.3258948,-0.3473756,-0.5226507,-0.3415115,-0.4062157,-0.02202861,-0.05001003,0.04754167
-0.05956703,0.5821984,-0.3682092,-0.01822308,0.21794,-0.01666445,-0.4423436,0.06870264,0.2277107,0.3556097
;
-1.208643,-0.1435305,-0.1830245,0.009914014,0.1902009,-0.7019239,-0.0006267971,0.4003237,0.0189623,-0.4340218
1.329589,-0.0003710063,-0.002674671,0.1322632,-0.2361737,-0.02371611,0.1404281,-0.02568691,0.3284236,0.2085572
;
-0.126455
-0.09081608
0.09865922
-1.018612E-05
-0.1152847
-0.06006247
0.1055808
-0.3931185
0.1884957
-0.2440209
;
0.01735306,-0.1702362,0.0308858,-0.0006554675,-0.0002935312,0.3210119,-0.6801931,-0.3696988,-0.1335508,0.1067458
-0.4576529,-0.4642687,0.1240477,0.01165277,-0.004593234,-0.01331456,-0.09717461,-0.3139549,-0.0004201863,-0.005825341
0.4393691,0.08250386,-0.002980333,-0.02596625,-0.1599701,-0.2562634,0.2366766,0.1075374,0.1063706,-0.02366482
0.009916167,-0.02022939,-0.262663,0.003288784,0.3076237,-0.09397286,0.4028007,0.03548497,0.03749043,-0.09373182
-0.1761992,-0.1368776,-0.003264085,0.1854681,-0.1507161,0.3779227,0.1685554,-0.2356555,0.1199195,-0.03400822
-0.1906684,-0.3186686,-0.1731878,-0.1093783,-0.02987893,-0.1191302,-0.01689011,0.5191892,-0.08941634,0.03711374
0.4456559,0.0090155,0.4309878,-0.4897715,-0.1606535,0.05103202,1.309655,-1.303554,-0.04298371,-0.4057989
-0.06732315,-0.1051375,-5.296405E-05,0.1493249,0.1303362,0.09431106,-0.6720343,0.009238109,-0.08704372,-0.03222686
1.866966,-0.5584035,0.2592218,0.1972598,0.005198709,0.4649997,-0.4137641,0.2701924,0.04436607,0.7857566
0.02034348,-0.2286675,-0.1517044,-0.4015499,-0.3581468,-0.2110722,-0.5100951,-0.441504,-0.005846861,-0.3417951
;
-0.4658655,-0.1101272,0.2739196,0.2261054,0.004759581,0.00415335,0.01175838,-0.1381501,0.4245616,-0.1596275
-0.1205217,-0.009223728,-0.3208203,-0.1040476,0.0175379,0.0672353,0.00679318,0.005614236,0.001691005,-0.06277276
0.006721383,-0.01469155,0.1932395,0.08205571,0.3337671,0.4860849,0.08200328,0.02104435,-0.306586,0.7511683
;
