-0.2219035
0.05034584
-0.0837141
-0.4855996
0.4723047
-0.1286373
0.4560946
0.2959985
0.3446774
0.1592886
;
-0.2459465,-0.4394888,0.196599,0.01602,-0.08905393,0.1640591,0.4450126,0.4043015,0.2707806,-0.1139221
0.03602463,0.4812562,0.3936437,0.1873714,-0.1298125,0.005655706,-0.1485552,0.1000296,-0.469111,0.1982338
-0.1268085,0.2352943,-0.2173048,0.2304848,-0.4555269,-0.2156785,0.4712518,-0.1004366,-0.04844195,-0.03079051
-0.4027208,-0.07452542,-0.3218135,-0.4655355,-0.4749284,0.3971393,-0.4728361,-0.2505388,0.1095302,-0.3886925
0.193956,-0.4527218,-0.2281139,-0.09516498,-0.2430812,0.2667713,0.2571765,0.2888871,-0.03855437,-0.21841
-0.3512034,0.3307128,-0.3886691,-0.4992964,-0.4297307,-0.4635764,-0.1186314,-0.09694582,0.4270762,-0.2071646
-0.3555597,-0.05615133,-0.135735,0.2510411,-0.3241454,0.1612638,-0.4899031,0.07735091,0.1079332,0.1356184
-0.04997379,0.4408263,-0.1358796,0.09965509,-0.1009666,-0.413113,0.4025259,0.05782801,0.3821243,0.4720976
-0.3236195,-0.01499552,0.6370751,-0.08243078,-0.4769,-0.1435944,0.3246174,-0.3629781,0.365695,0.05184823
0.4018698,-0.2948055,-0.2878146,0.192103,-0.3268806,0.1444895,0.1421853,-0.3913194,-0.1467624,-0.3054359
;
-0.3313011,0.1934365,-0.09568673,0.15433,-0.3161094,0.1769919,-0.362506,0.446926,0.22066,0.09950608
-0.211963,-0.001646459,-0.465212,-0.0008146167,-0.4168934,0.2845838,-0.1213891,-0.2035198,0.4895332,0.09554356
;
-0.4295305
-0.1168385
0.1438731
-0.4198655
0.3348721
-0.4695405
-0.08927505
-0.0005367267
0.4102393
-0.1074331
;
-0.1496273,0.001198698,-0.1965986,-0.2275336,0.2086255,-0.4406246,-0.494049,-0.5929668,-0.05327261,-0.3275729
-0.3739635,0.08816405,0.01049667,0.1933412,-0.2823758,0.2590903,0.2468926,0.1896437,-0.1421949,-0.5449818
-0.3153341,-0.3501382,0.3683285,0.001501896,-0.02952846,0.02002472,0.03401577,0.2314281,0.2363386,0.036699
-0.1424927,-0.1615476,-0.2116912,-0.2997273,-0.01237795,-0.01525597,-0.2254301,0.2320139,-0.264321,0.2571621
0.0349452,0.4380534,0.6043363,0.485673,0.2834959,-0.4576582,0.4263186,-0.3658288,-0.2686585,-0.02894763
0.122675,-0.1414171,-0.6709729,-0.05751258,0.102558,0.07663907,0.07916301,-0.008658053,0.3261722,0.1144682
-0.7834973,-0.4893184,0.249969,0.2367031,-0.06896812,-0.4327559,0.3992382,0.01195374,0.0001130696,-0.009724541
0.003538582,0.2247656,-0.02075681,0.0004940473,3.006555,-0.5409263,0.006169369,0.3787049,-0.1878682,0.3084778
-0.2181281,-0.06314581,-0.2546803,0.2343637,0.02852367,-0.1096184,-0.2718894,0.4491562,-0.4117461,-0.08770019
0.2171436,0.4496528,-0.5537846,-4.827216E-05,0.1295909,0.08868343,-1.277314E-06,0.08881694,0.2340042,0.003608893
;
0.6172405,-0.0004862478,0.01656178,-0.8959951,0.01358297,-0.1837407,0.08556187,-0.1799399,-0.4882828,-0.4005392
-0.0003242407,-0.09654349,-0.3225778,0.004879327,0.01590419,0.4848908,-0.4482433,0.02983056,-0.1679191,0.3077772
;
0.2085712
-0.435647
0.6160682
-0.1639675
-0.4375216
0.1676242
0.1996567
0.1327363
-0.5449354
-0.2799903
;
-0.0754386,0.08487742,0.3333471,-0.158802,0.003192976,0.6327943,-0.05247315,0.35711,-0.004773389,0.05952624
0.02228071,-0.2870349,-0.3708882,-0.371242,0.2893096,0.01153808,0.2158742,0.05064704,-0.06350774,-0.01382373
-0.2976322,0.05309974,0.03152603,-0.004197778,0.04756441,-0.3728277,-5.442979E-06,-0.2776852,-0.2626213,-0.06843613
0.01301975,-0.2981941,1.722957E-05,-0.0361484,0.1500335,-0.002445167,-0.02412983,0.1151974,0.5137491,-0.04046931
-0.2763328,-0.02006479,-3.467134,-0.3861715,0.04857756,0.01680393,-0.001635193,0.4951593,0.3509008,-0.1353586
0.8726642,0.1220261,-0.1281229,-0.1516329,-0.04563294,0.03333608,-0.03553103,-0.3823781,-0.04772242,-0.00118116
0.06145159,0.4782097,-0.315925,-0.4893284,0.1187536,-0.2905071,-0.1756054,-0.5475025,-0.1788393,-0.5698172
-0.1455908,0.003998782,0.180443,0.07220619,0.8523237,-0.2292174,-0.1988097,-0.3355417,-0.001726147,-0.03893393
-0.2189737,-0.03418299,0.03022466,-0.174192,0.4346091,-0.01756914,0.6919987,0.0003702697,-0.01749755,0.2056168
0.393443,-0.432785,-0.1579069,-0.307663,-0.04542722,0.02477289,-0.1078767,0.5248898,-0.7004226,-0.4735264
;
-0.06050575,0.579239,-0.1753883,-0.006325149,0.07940024,0.2464455,-0.3380569,-0.1216083,0.4638344,0.4270077
0.0001472234,0.1086324,-0.1363297,-0.7198365,0.09371109,-0.1761069,0.3829886,0.008123503,0.004555878,-0.3299776
;
0.2884762
0.1059645
0.1976831
-0.07251485
-0.9856516
-0.6697873
-0.1754233
-0.3573937
-0.001327967
0.6318029
;
-0.1285869,-0.2466502,-0.2537684,-0.08130852,0.2675068,0.3662423,0.3546767,-0.1898741,0.0304901,0.02119081
0.5535937,-0.0003187952,-0.1178313,0.4908456,0.1056216,0.6279093,-0.09553384,0.3164146,-0.05980941,-0.6473165
0.1071425,0.0792986,-0.008005813,-0.06202962,-0.08216561,0.04799408,0.5535489,0.2378364,0.7818536,0.02886266
0.0433726,-0.03099515,0.03454197,-0.2427304,-0.0006647157,0.08517455,-0.04005128,-0.4623672,-0.2845176,0.1308702
-0.280525,-0.158561,-0.03162315,-0.008977112,-0.1479514,0.1849119,0.4876744,0.3048633,-1.123835,0.03734666
0.2195114,0.3091553,0.2826308,0.4742798,0.08118656,0.4005682,0.4106085,0.5450298,0.02028948,-0.8041965
-0.8271346,0.4688604,-0.4364845,0.03649599,0.4633688,0.3294683,-0.2480313,0.09959508,-0.3669647,-0.3539284
-0.5370049,0.1427665,0.3677973,-0.0103684,0.1587079,0.1672935,0.3753044,0.145986,0.1344926,0.1022516
-0.2442484,-0.0017555,-0.4370465,0.1863179,0.03266874,-0.04227141,-0.1413762,-0.124084,-0.1823413,0.4161986
0.2149776,-0.5525637,-0.0005720962,0.0684489,0.3719406,-0.01204023,0.395959,-1.979269,-1.130696,-0.09817523
;
0.01279194,-0.1241549,0.5512167,0.03762912,-0.1184261,-0.1673213,-0.219533,0.2623519,0.001420603,-0.1952306
0.008494904,-0.003432333,-0.258253,-0.2205603,0.1536328,0.4602334,-0.3701213,-0.1312456,0.4691952,0.4800676
0.07769789,0.4618797,0.05905249,0.2441035,0.01338613,-0.07613128,-0.9465865,0.3704486,-0.2673151,-0.0108517
;
-0.01492891
-0.6447431
0.4589547
0.007597586
-0.0260091
0.4679929
-0.03179139
-0.3959545
0.003045181
0.475885
-0.3574857
-0.08715598
0.1851961
-0.1415282
0.258828
0.4304943
-0.5470371
-0.07164362
-0.2913675
0.05182161
-0.003422232
-0.3076819
0.4369728
0.1519041
-0.3070755
-0.3218238
-0.4203793
0.433576
-0.0102785
0.36202
;
-0.01296911,0.9611355,0.1306876,-0.3388332,-0.1664296,-0.2051453,0.5608143,0.007335661,-0.4540024,0.02022702,0.3211918,0.04583436,0.02026589,-0.2316912,-0.2370193,0.4808121,-0.01315433,0.05969962,-0.4573815,0.1742186,0.0183626,-0.0736739,-0.06504158,0.02956191,0.01461914,-0.01492201,0.4198431,0.9429584,0.2735931,-0.005201042
0.07178731,-0.007119654,-0.2518847,-0.4365458,0.003357152,0.0990992,0.2087372,-0.2569143,-0.01678338,0.3503051,0.7485081,-0.1909399,-0.4385472,0.3533385,-0.04188933,0.4318357,-0.01758878,0.3478643,-0.007213092,0.08581096,-0.03703065,0.5533869,0.2892722,-0.3252774,-0.1773848,0.3431569,-0.06195205,0.07285148,0.1891794,0.3779166
-0.0126072,0.2495735,0.0119316,-0.2120686,0.3733974,-0.06861056,0.1480591,-0.04904369,-0.3289658,-0.4333411,0.2102924,-0.08944478,0.4733769,-0.1063718,-0.3728854,0.8147448,0.4739407,0.3515997,0.4494173,-0.007604649,0.2257867,0.01940247,-0.1366221,0.003889649,-0.2489632,-0.4700866,-0.2492532,0.4835444,0.02217488,0.2646664
-0.4416521,0.5299649,0.3001627,-0.4430281,-0.01961589,0.0167783,0.3577014,-0.5330968,0.5065554,0.2979188,0.08578819,0.3139255,-0.1296789,0.2469263,-0.07614225,0.3159868,0.4227984,0.05498475,0.366322,0.2925471,0.03411802,0.8796088,-0.229435,0.1374791,-0.4063576,-0.4303044,-0.04304446,-0.0004918564,0.1461316,-0.2072461
-0.4460214,0.006040315,-0.1631146,0.06717417,-0.009213386,-0.3346707,-0.2020919,-0.7880535,-0.6935379,0.003262968,0.08025526,0.0024834,-0.06020958,-0.03555087,0.008526443,-0.08524674,-0.008502449,0.3966888,1.262938,0.3409219,0.02686518,0.05987474,0.8738129,0.2632005,0.04275607,-0.3383431,-0.4109478,2.056006,0.04938556,-0.4317256
0.2835737,0.07178169,0.002285846,0.1173992,-0.03721394,-0.1611527,-0.04577094,-0.4068808,0.1573474,0.3736238,0.0005713808,0.1094857,-0.1125841,-0.03961423,0.1071642,0.2928185,0.1172677,0.3692104,-7.726774E-05,-0.1205352,0.4597026,0.402388,0.4190191,-0.1251784,0.0890891,0.426555,0.001246875,0.6114003,0.2475232,-0.1817117
0.3811427,0.02815646,0.2809165,0.2961625,-0.1825933,0.3666866,-0.02268022,-0.0004328716,-0.1142536,0.1928744,-0.03177458,0.3231962,-0.1478745,0.4553618,0.1163829,-0.3586102,-0.4426427,-0.2080039,0.378054,0.3018626,-0.114037,0.3881128,1.465387,0.2962482,0.3595806,0.1246908,0.2570878,0.03320907,-0.05808324,0.812664
-0.1980697,-0.9326059,-0.3205619,0.01978558,-0.4045519,-0.1550381,0.2083778,-0.006199434,-0.2867693,0.5614462,-1.260386,-0.2012554,-0.4863416,-0.2251482,0.4780272,-0.0853073,-0.4343019,0.0006786858,0.319801,-0.3207483,0.8623127,0.2017606,0.001461914,-0.3411276,0.3084126,-1.538899,-0.256117,0.5409932,-0.02499523,-0.07556814
-0.4871131,-0.1777986,-0.1531907,0.1314905,-0.04519429,-0.09350544,0.04269115,-0.4689652,-0.200116,0.05454764,-0.03552439,-0.4226937,0.04176933,0.1318011,-0.009578124,-0.222854,-0.2180535,-0.01156415,0.01144532,-0.1138218,0.1140187,-0.5659072,0.158571,-0.009955652,-0.6663232,-0.4803906,0.02144985,-0.01311588,-0.001943368,0.1798587
1.168344,-0.04929534,0.05197221,0.207843,-0.0259766,-0.4171139,-0.3810765,0.3502528,0.4501472,-0.1613769,0.1010228,0.09603198,-0.5666364,-0.6243745,-0.3766507,-0.1785882,-0.3487483,0.3169427,0.0147381,-0.04350644,0.682004,-0.006858178,-0.2507713,-0.3369352,-0.9549116,-0.2110305,-0.1239657,0.4204339,0.1774369,-0.001301323
-0.3764758,0.2212519,-0.00972369,0.01855249,-0.3001919,0.1541965,0.8457161,0.4564765,0.2187611,0.04383607,-0.1555784,-0.469376,0.04975526,0.7266531,-0.008841755,-0.2643442,0.02163341,-0.6359116,0.04960847,-0.08842704,-0.4277482,-0.01156042,0.294813,-0.05586427,0.3603922,-0.5551299,0.282344,-0.07768001,0.1472682,-0.1650262
-0.01471605,0.1908278,-0.4510628,-0.04016126,0.01318244,0.4044815,-0.2816046,-0.07524985,-0.136323,-0.05823344,0.1215053,-0.4785602,-0.2659571,0.003970819,0.2625409,0.006775641,-0.7170328,0.2840249,0.1668355,-0.2524432,0.2260566,0.001495048,0.4011813,0.3054607,-0.4275142,0.05814438,-0.02748803,0.07462913,0.2223993,0.1511167
-0.3465728,-0.3078029,-0.05884698,-0.7858425,-0.1665001,-0.339645,0.4478347,-0.05097906,0.5581287,-0.3369091,-0.007205546,0.006817644,-0.002449363,-0.08787689,0.2042369,-0.1373024,0.01909737,0.2405359,0.08129127,0.1808184,-0.217836,0.2923211,-0.06274384,0.7729687,0.4874523,0.2376067,-0.02021448,-1.031505,0.3539766,0.4772458
-0.1472801,0.1780888,-0.1530178,0.01193915,0.0236665,-0.08698729,-0.023956,0.02729534,0.0210997,-0.4925816,0.3797295,0.7593819,0.1936071,-0.3643181,0.2338927,0.451454,0.3117082,-0.4291788,0.119042,0.1110366,0.3444209,-0.04251612,-0.02645606,0.003291559,-0.10363,0.07400834,-0.06794626,0.1284513,-0.05873665,0.00136237
0.1071941,-0.6742189,0.45477,-0.393703,-0.02205553,-0.2092345,0.05068427,-0.4873464,-0.405229,-0.3216966,0.1938589,0.2227815,0.03422891,-0.63805,0.002942516,-0.3036925,0.1404582,-0.3423691,-0.2732508,0.417826,-0.2474099,0.04025069,0.05244102,0.5377887,0.09711907,0.6667354,-0.1179859,0.1137376,0.9088593,0.07292253
0.2861604,0.04697034,0.3059541,0.1602988,-1.613234,0.06222266,0.01323329,0.1429139,0.1969614,0.1487066,0.06744735,-0.4243284,0.4397898,-0.03813447,0.01823471,-0.1067562,-0.006699145,0.1340012,-0.01119922,0.6173146,-0.008070213,0.6188129,0.4306159,0.4719099,-0.2287262,-0.002754731,-0.1625312,-0.01310235,0.3721116,9.958565E-05
-0.1587812,0.3554132,0.07522111,-0.0451954,0.9073564,0.1551739,0.286593,-0.01296469,-0.355062,0.002633962,-0.1884599,-0.2036853,-0.1406941,-0.8731734,-0.1020544,0.21256,0.01583892,-0.01013617,-0.1220223,-0.2576308,0.4092356,-0.005604811,-0.03897031,0.3351635,-0.779384,0.07672007,0.01630503,-0.1926522,-0.3186745,-0.0009544781
-0.3578248,0.0005384809,0.1680385,-0.5099985,-0.01277506,0.3736578,-0.04596759,-0.6823056,0.2107157,0.00869478,-0.4669642,-0.4551816,0.06164819,0.4445708,0.2662659,0.0215712,-0.3361458,-0.731743,-0.08145617,0.7875391,0.2436453,0.3012058,-0.2653795,0.3196779,-0.02699488,-0.03626972,-0.0200852,-0.4344957,-0.1434038,0.2214241
0.1243308,0.1188495,0.3260645,0.4303241,-0.008522001,-0.09936479,0.06227034,0.4674045,0.4938791,-0.007943166,0.1371222,0.09478533,0.1816163,-0.1406494,-0.4841642,0.00045677,0.6163889,-0.227583,0.1568514,0.3837528,0.3558792,-0.2848133,-0.1159441,-0.00153426,-0.007607045,0.04889532,-0.5029134,-0.1851191,-0.01031577,0.3740382
0.01483511,0.2891343,-0.3346698,-0.0683297,-0.3894391,-0.3055,0.0419989,0.01159583,-0.4659399,-0.214158,0.1904698,-0.1036519,0.04636529,0.1251968,-0.1151834,-0.7073922,0.4172761,0.2061383,-0.3537567,-0.008889104,0.03272089,0.07264362,0.2840592,-0.2340826,0.05562675,0.3398851,-0.01709792,-0.01599569,-0.3128716,-0.05282821
0.2976717,-0.5753499,0.01607078,0.03169815,-0.3477603,0.01195271,0.03097049,-0.09872909,0.07249277,0.03251949,-0.1950898,0.418775,0.127867,-0.05184575,-0.002578896,-0.2879899,-0.0812223,-0.4454613,-1.346098,0.01393481,-0.03595119,-0.1127004,-0.01123586,-0.4384812,-0.0004285246,0.1674469,0.2616366,-0.1045036,0.2629544,-0.0631408
0.4796475,-0.3900998,-1.24109,-0.5731762,-0.3103247,0.01853645,0.3148447,0.07292038,-0.311259,0.1350151,0.2995036,0.4838061,-0.1520347,-0.08743906,-0.1135702,-0.03417365,0.1535241,-0.3430803,-0.04346715,0.05630118,-0.2228138,-0.1440759,-0.1009374,-0.4111539,0.05646379,-1.634264,0.1363188,0.01597637,0.5613611,0.4913951
-0.03873581,-0.3197409,-0.009364856,0.02319111,0.339409,0.3313919,0.08343461,-0.0005914232,0.17856,0.2737691,-0.4674797,0.3364913,0.3840425,0.01303414,-0.169043,0.02153875,-0.0002098138,-0.06539536,-0.08441633,0.4523855,-0.06405554,-0.5847411,-0.5211331,0.001590285,-0.07193059,0.3030865,-0.02279592,0.1519739,0.481714,0.1965452
0.3978282,0.04741584,0.0001519165,-0.2365081,-0.1754169,-0.0877158,-0.3309911,-0.1142309,0.005062554,-0.1813274,0.001024792,0.02242752,3.463894,-0.2441677,-0.04594648,-0.531655,0.07963091,0.3241348,-0.1778964,-0.01314074,-0.3412292,-0.2528659,-0.04283259,0.01234457,-0.4478348,-0.2363129,0.05999392,-0.6687905,-0.4543786,0.1742849
-1.293939,0.01194581,-0.3829742,-0.5866601,-0.1194008,0.2732679,0.001644825,-0.07533382,-0.3908668,0.2387956,0.2402447,0.1240273,0.273421,0.02953486,0.347229,0.02543602,-0.3368092,0.07639053,-0.494554,-0.01598852,-0.00177067,-0.0001803363,-0.03093373,-0.2100217,-0.02875943,0.01780215,-0.004694576,0.2955502,-0.02169581,-0.1707741
-0.3714904,-0.0248592,0.02798004,0.2312385,0.5325496,0.01477751,0.02880059,-0.4836437,0.276773,-0.2061643,-0.03279709,0.2356868,0.4967823,0.00745764,-0.5274442,-0.1670826,-0.0723472,0.01946314,-0.4412614,-0.1369345,-0.1763383,-0.397037,0.01878156,0.3269734,0.120238,-0.2940962,2.310279,0.2039438,0.6046335,-0.1098179
-1.050082,0.04513212,-0.2210222,0.4117476,-0.1842006,0.1167231,-0.06429321,0.2711309,0.00650043,0.3119309,0.06658167,0.1368197,0.01224252,0.09132492,0.5946252,-0.03830558,-0.5042057,-0.1087686,0.2100577,0.4069018,-0.2218916,0.07044078,-0.03247163,-0.001816634,-0.006400645,0.0875117,-0.2274105,0.7041584,-0.1977913,-0.002435083
0.8550945,0.2348467,0.119014,-0.329476,0.3762544,-0.6370652,0.3860832,-0.3091799,-0.4473826,1.001893,-0.3544745,2.751651E-05,-0.2934642,-0.1329148,0.156771,0.2246541,0.07919019,-0.216014,0.2401535,-0.3532075,-0.01186099,-0.03833152,-0.8725057,0.1441363,0.5160148,0.2568723,-0.0774508,0.2059882,0.2731209,-0.007655462
-0.00275903,-0.001018112,-0.01903957,-0.3384266,0.4275008,-0.02135145,-1.054413,0.07449984,0.5714633,-0.587204,1.384122,-0.3940998,0.2807558,1.327043,-0.001147937,-0.3659619,-0.04380479,-0.005518915,-0.03981102,-0.1370257,-0.0167539,0.4524716,0.8981962,-0.4554844,0.3793525,-0.4479046,0.4360938,-0.3250835,-0.4300452,0.3308512
-0.07826763,0.3951205,-0.06007165,0.6002764,-0.3511014,0.5692405,0.3409337,-0.791665,0.07138827,-0.007149824,0.3859367,0.6090184,0.01419467,-0.1123399,-0.01647772,0.4680318,0.1609166,0.4306827,0.3390527,-0.0005370899,-0.1077899,-0.4076973,-0.2163213,0.2917437,0.296116,-0.04060324,-0.007988021,0.1064457,0.1332968,-0.4931523
;
0.03743618,-0.2636219,0.4588265,0.3675182,-0.52142,0.02846824,-0.2673941,-0.264995,0.008771976,0.1390759,0.02753641,-2.775815,-0.4993938,-0.07768708,0.4633553,0.01982985,-0.8606192,0.4081459,0.6879728,0.4397051,-0.02878338,-0.357769,0.4284365,0.1204172,0.3595772,0.01872319,-0.05795604,0.4466282,-0.07537738,0.1539217
-0.1059771,-0.002411634,-0.3238103,0.22518,-0.1428299,0.6266817,0.4863684,-0.8305142,-0.2371185,0.1214023,-0.003084091,-0.06457108,-0.2212457,0.3704367,0.3389356,-0.06009191,0.4165871,-0.01497731,0.06271917,-0.3285313,-0.108727,0.4979517,0.0320496,-0.001377499,0.3907006,0.1852262,-0.5285739,0.01140192,-0.3001878,0.3299957
0.2638346,0.4668475,-0.05784124,-0.09868164,0.3369521,0.05712353,-0.3422358,0.4277387,0.08925062,-0.2440463,-0.01574428,-0.3327156,0.5292221,-0.4330266,0.3154035,-0.2530114,0.083875,-0.6145738,0.05258502,-0.1353893,-0.2506264,0.0002308959,0.1164195,0.3388308,0.05628201,-0.03351456,0.02604662,-0.001221613,0.2259924,0.3116232
;
0.2024193
0.02238826
0.6319675
0.1995586
0.4719675
-0.2008954
0.04095954
-0.09772998
-0.3429803
-0.09466386
-0.1591582
0.07406417
-0.1321043
1.554618
0.1275253
0.0419055
0.1679836
-0.3119541
-1.907458
-0.4737259
-0.4287829
-0.2296812
-0.498314
0.01169022
-0.02085954
0.01456499
0.198057
0.4849563
0.06519838
-0.4116443
;
-0.05337183,-0.02629316,0.01920265,0.02480269,-0.2397798,-0.05598455,0.3519885,-0.339107,0.1102607,0.9251863,-0.1820294,0.01064762,0.2261094,0.1435509,-0.298799,0.05101455,-0.2338577,0.009240765,-0.1752747,0.4263597,-0.6576286,-0.02934493,-0.8252268,-0.1067976,-0.5255307,1.23169,-0.4726037,-0.0649192,0.002312423,-0.9384084
-0.1235813,-0.01846163,0.1680853,-0.08976881,0.04879597,0.4761692,0.02015989,-0.0007415768,0.6428042,-0.1339882,0.4759021,0.7820821,-0.3537177,0.624038,0.4631467,-0.09117931,0.1894912,0.4943988,-0.09987169,-0.3955902,-0.08268215,-0.03446443,-0.2045184,-0.07760972,0.1323262,-0.05222701,0.02848653,-0.3187686,-0.01330996,-0.416352
0.05118901,-0.0002575404,0.3496435,-0.1737017,-0.2317844,-0.1175327,0.2779219,0.0360015,0.2788954,0.04888179,0.01997033,0.01156392,1.340142,-0.1395025,-0.06361932,-0.2147565,-0.4771284,-0.03438104,-0.1484355,-0.3084892,-0.7016205,-0.4136585,-0.02247732,-0.1086424,-0.3777008,0.004486551,0.3691807,0.4006435,0.002760893,-0.01767265
-0.6903202,-0.2367252,0.1065944,-0.008160786,0.1590037,-0.4002305,0.8367978,0.2540797,-0.2725773,0.00109103,0.00914248,0.0844563,-1.030722,0.1862882,0.4709616,0.3219572,0.2237726,-0.3420348,-0.3120134,0.454827,0.6062556,0.1628883,0.003224096,-0.08952442,0.09897405,-0.2680674,0.03978571,0.1556992,0.4382496,0.5390567
-0.3598503,-0.3301415,-0.06659963,0.04243595,-0.1239583,-0.003673065,-0.0142133,-0.3953326,0.3711113,-0.008130372,-0.8013355,0.2195097,-0.02924722,0.2953986,-0.03094086,0.2897271,-0.2279233,-0.3413739,-0.4941809,-0.218001,0.1532603,-0.05355899,-0.2855932,-0.001478232,0.1173197,-0.1023388,-0.04020793,-0.1632701,0.15161,0.03007138
-0.04329556,-0.1025992,-0.1495892,-0.2495989,0.5771607,0.168983,-0.08043259,-0.007655203,-0.001587886,-0.05157596,-0.2922156,0.4697378,0.4360958,0.3441168,0.1021941,0.4881437,0.08164638,0.04612257,0.1453341,0.2568585,-0.07678086,0.4885235,-0.08053605,-0.4030164,-0.01114671,-0.6224948,-0.06181367,-0.0305329,0.6784121,0.3424827
0.04684116,0.09256119,-0.2771502,-0.1036159,0.3356502,0.05415672,-0.3409508,-0.04505426,0.2836448,0.3061438,-0.8695166,-0.1661005,0.4598557,-0.2253245,0.1413291,0.100843,-0.1275969,-0.4028834,0.03745006,-0.2575518,-0.001206934,-0.005840916,0.3811368,0.3612595,0.472826,-0.02705742,0.02892882,-0.2867812,0.08058608,-0.1127892
-0.3058056,-0.03381139,-0.2496449,0.7199284,0.2242741,-0.07381457,-0.2881864,0.3824332,-0.3415339,-0.1648063,-0.3482759,-0.1890935,0.2753234,0.07889551,0.4482988,-0.3578544,-0.3768124,0.4761947,0.4520147,0.2576247,0.006975114,-0.1493557,-0.4193993,-1.049997,0.008465123,-0.005643351,-0.01465059,0.02727162,-0.02976364,-0.367499
-0.4676614,-0.06808799,-0.107641,-0.03495708,-0.3203282,0.3452472,-0.003409316,0.0150649,0.3497798,0.3999748,0.3828315,2.006284,0.0108997,0.1074771,0.2987961,0.04706055,0.4425009,-0.4540954,-0.2178351,0.02076294,0.3921849,-0.4457383,-0.1077994,-0.04227385,0.06424348,-0.09337651,0.2679412,0.004664555,-0.04027826,-0.7267299
0.235711,-0.02536187,0.1273652,-0.3927158,0.2943293,-0.53534,-0.529266,0.03828964,-0.04231995,0.007132861,-0.09067253,0.673795,0.03529631,0.9496782,0.07013231,0.4276936,0.3119719,0.215745,0.44305,0.1260236,0.0130437,-0.3188602,0.5505603,0.02568728,0.2739414,0.07674982,0.0272594,-0.3423216,0.4564414,0.03588553
0.1167354,-0.3496865,-0.5636277,-0.1074852,0.3139538,-0.6514924,0.2316547,-0.03537935,-0.006972332,-0.1726793,-0.4118986,0.2657702,-0.07348996,-0.02062011,0.2156586,0.2308029,-0.01132078,0.09708877,-0.2364054,0.05606723,-1.383869,-0.5306802,1.150482,-0.004135039,-0.1431616,0.2268324,-0.1739804,-0.2553871,0.2323908,-0.02279155
-0.4193356,0.1516798,-0.2573209,0.5661816,0.02640443,-0.09125394,0.4246676,0.4762195,0.2714587,-0.03608043,-0.1129519,0.005167469,0.05689842,0.002292812,0.4360746,-0.2838794,-0.05179995,0.2504171,0.3304877,-0.2235638,0.05747956,0.008281718,0.02564842,-0.05042473,0.3985959,0.2504778,-0.3488978,0.1664622,-0.1639546,0.02598459
-0.4986839,0.3073072,-0.1755016,0.1938016,0.07867151,0.09202057,-0.005053561,0.347385,0.4728799,0.09531773,0.003392853,-0.3787396,-0.132589,0.004847428,0.1148236,-0.3216144,-0.288305,-0.3448055,-0.8648466,0.02660269,0.3996257,0.02562958,0.1938988,0.4716028,-0.02075799,-0.219026,0.2358113,0.1048531,0.440676,0.002261341
0.2775297,-0.3770108,-0.02400963,-0.1427244,-0.1514635,-0.1371311,0.2793714,0.9173204,0.6487527,0.399788,0.4216665,0.2874159,0.05180947,-0.06190918,0.1444045,-0.4417708,-0.5267631,0.321189,0.4950733,0.2245445,0.3405459,-0.1964257,-0.09735157,0.3914653,0.2892221,-0.2811717,0.04792132,0.2383175,-0.02322948,0.1037254
-0.3304224,0.08041447,-0.272686,0.08877331,0.1459012,0.008294118,-0.3632693,-0.4045661,-0.2261205,0.5496051,0.3922555,0.4379951,-0.3359938,0.05850472,0.5273022,0.05364674,-0.1159873,0.1880434,-0.4178455,-0.164889,-0.003337444,0.9472364,-0.06285123,0.06564637,0.1772588,0.3764119,0.409483,0.02908736,0.1516689,0.6178138
0.1517033,0.1467605,-0.436577,0.5547459,0.3002943,0.3350778,0.3507898,-0.0495987,-0.06695683,-0.01762593,0.02897432,0.2113941,0.3487146,-0.3557264,0.4862536,0.1922612,0.3914571,-0.1231454,-0.3199885,0.008477047,0.1738988,-0.1045924,0.2413095,-0.1548809,-1.817487,-0.4903487,-0.001818269,0.01299768,0.113952,-0.09269397
-0.1781644,0.17251,-0.03910193,0.00461957,0.04459258,-0.4718919,0.960648,-0.500214,0.2023792,0.3918505,0.3810812,-0.04761456,-0.02004118,-0.3871583,-0.1167682,-0.01117712,-0.2371241,-0.1269878,0.6278028,-0.1242905,0.0004714409,0.194031,-0.1170942,0.06051074,-0.0006966172,0.01618697,0.6471406,0.32389,0.1021233,-0.1687683
0.1389542,7.728932E-05,0.02842485,-0.397612,0.4930919,0.4468558,-0.0630446,0.3623014,-0.03018901,0.1370979,-0.1587384,-0.310552,0.1225131,-0.09631676,-0.2871646,-0.09435382,-0.5341626,0.08382951,-0.4099447,0.493223,-0.007220907,0.3943144,-0.03243243,0.4154001,0.7644718,2.47065,0.2371427,0.01837472,0.002144298,-0.2212712
0.283674,-0.08555287,-0.1726699,-0.3868002,-0.005581406,-0.2724089,-0.8563093,-0.4629456,0.6228729,-0.330002,-0.4228047,0.03908607,0.1649572,0.003159727,0.02577805,0.465245,0.3314474,-0.01775443,-0.07009131,0.3397408,0.1503472,-0.01126809,0.001006026,-0.1705828,-0.2696526,-0.4099746,-0.2438174,-0.9148878,-0.3294069,0.2933513
-0.1007305,0.1049665,0.1403929,0.2957475,0.620277,0.2287944,-0.4775552,0.1703199,-0.4187324,-0.03776329,-0.07519423,-0.1820976,-0.3988322,0.241693,0.4148828,-0.6629953,0.01622888,-0.4421817,-0.2727681,-0.2177196,1.258754,0.1307019,-0.3159169,-0.2286172,-0.03844967,-0.4289057,-0.1588189,0.05869277,-0.9551814,-0.587345
0.03916777,0.1506316,-0.1281772,-0.03520055,0.07361727,0.06203908,-0.403806,1.512952,0.4544933,0.0316678,0.2121382,-0.03237459,-0.3722945,0.3151293,0.3617569,0.2386521,0.008213783,0.295466,0.009629324,-6.563935E-05,0.1605735,-0.07081369,0.3230638,-0.2863245,0.1806129,-0.125645,0.02142814,-0.2667971,-0.2704382,-0.06291288
-0.02447758,-0.1190627,-0.07966352,0.005903256,-0.06871015,0.4432008,-0.4825248,0.03706966,0.1969168,0.465537,0.04123399,-0.02840563,-0.04669386,-0.3543576,-0.836861,0.1264458,-0.1708994,-0.4140845,-0.3095059,0.3330267,0.01765703,-1.485391,-0.6768407,0.2455946,0.01796552,-0.148949,0.07012115,0.1022733,0.02692356,0.4202596
-0.7650321,-0.3329461,0.0174552,-7.230203E-05,-0.008574584,-0.003540093,-0.05942781,0.05305768,0.09490067,0.2368306,-0.004952644,0.1568507,-0.3854204,-0.02091461,0.3031107,0.0479563,0.2191676,0.2273799,0.2881998,0.1168986,-0.01447557,0.4090741,-0.3099492,-0.1116305,-0.01783188,0.02211255,0.08419927,0.2425523,0.0002218013,-0.05184117
-0.4625661,0.07352056,-0.1092786,-0.1528752,-0.2192132,0.07952668,-0.4972296,-0.04315752,-0.07504004,0.01348466,0.4368398,0.1134487,-0.1047559,-0.4291664,0.003074933,-0.6836442,-0.03500468,0.4725304,-0.5607907,-0.03858322,0.2520087,-0.1660199,-0.1680975,0.08855038,-0.007619672,0.8518717,0.4011418,-0.01370825,-0.2258705,0.3086995
0.499994,-0.0321689,0.4133186,-0.1548641,0.2222366,-0.02272116,0.2994441,-0.3387373,0.5712427,0.4465837,-0.2709514,0.7101429,-0.0184175,-0.4745698,-0.326767,0.07991034,0.07652663,0.06258591,-0.2605298,-0.008481559,-0.4506502,0.1592405,1.272968,-0.1133117,-0.4744678,0.6353439,0.090159,-0.3809848,0.2978368,0.1944168
0.1246384,-0.003349478,-0.1959775,-0.1195632,0.03011166,-0.6885111,0.4316038,-0.1390718,0.3944135,0.4018322,0.4890907,-0.6850539,-0.4323132,0.1303915,-0.2998477,-0.4438006,-1.815026,-0.3014147,0.460338,0.02920797,0.01381058,0.2403592,-0.3653252,-0.4120395,-0.07765157,-0.1577544,-0.3620285,-0.7974848,-0.1652952,-0.5220726
0.3811047,0.03966058,0.07529434,-0.2442314,0.4378109,-0.1650743,-0.3747147,0.338048,-0.9417505,-0.1085575,0.02431065,0.4084399,0.1014333,0.4865822,0.929944,-0.1249322,0.06305128,0.1961909,0.2607906,0.05900742,-0.1896245,0.1479815,-0.120777,0.1101856,0.4861658,0.09409805,-0.2174135,0.00969207,0.07961041,-0.006498626
0.1706107,-0.2843192,0.3152189,-0.4004014,0.3023909,0.02758105,-0.1205181,-0.4730976,-0.698432,0.139267,0.2552955,-0.4048322,-0.0214953,-0.05481273,0.3960089,0.140679,0.974082,-0.01089967,0.3312016,-0.07728559,-0.2996166,-0.370212,-0.1728947,-0.2224679,-0.09284717,-0.2874812,-0.1924126,0.3928374,0.005529968,-0.07893618
0.3406547,-0.1811829,0.3408741,0.2918028,-0.3504989,0.04486214,0.02990923,0.1657577,-0.08263427,-0.03854021,-0.2280355,-0.236457,-0.3894848,-0.153322,0.1090586,-0.06397689,0.1461259,0.1005387,-0.09232707,-0.2048166,-0.0665969,0.04451602,0.02123477,0.08338317,0.248994,0.02194493,0.1429432,0.113775,-0.3430932,-0.04981452
0.03803809,-0.02800113,-0.170868,-0.2186422,0.6123329,0.02730452,0.2527933,0.5488345,0.01087627,0.07511548,-0.4618988,0.03691298,0.6473086,0.4316164,0.03587252,0.0925189,-0.3347285,0.005415264,-0.038784,0.004332642,-0.3447304,-0.1783649,-0.06194776,-0.1550636,0.3322879,0.09913665,0.0005779558,0.4471688,-0.5963563,-0.0001444436
;
-0.2287747,0.08810908,0.7103921,-0.1154621,0.3869605,0.489388,0.05919379,-0.2574638,0.007109177,0.4835844,-0.2985002,0.7876756,0.167268,-0.3316301,-0.07825989,0.03654787,0.1293093,0.3011285,0.4562482,-0.1114472,0.4392954,-0.2932765,-0.02229577,0.04472848,-0.0002422212,0.04032357,0.4235972,-0.3823645,0.4508942,-0.1142279
0.3736157,0.5880529,-0.05043645,-0.4123291,0.1728023,-0.0008141024,0.7213435,-0.07458022,-0.1211555,-0.003028692,0.4105166,0.03869266,0.3395981,-0.006397758,0.4997646,0.01897295,-0.1753502,0.008805078,0.4684391,-0.3930072,-0.4866192,0.648988,-0.026796,-0.07016275,0.3518866,0.2053031,0.007094826,0.06437182,-0.06040709,0.005720221
-0.05917001,0.1899667,-0.1354951,0.08427614,0.1737157,0.3343925,-0.2023398,0.6235856,-0.1731379,0.007872188,-0.4764598,-0.0007086039,0.2488248,-0.4459647,-0.1684831,0.3949081,0.05660409,0.3380913,-0.0450222,0.1723176,0.4528887,0.2968017,-0.02901529,1.338319,-0.1322361,-0.04811954,0.5912208,-0.07098127,0.004052324,0.2240516
;
-0.1111532
-0.005822682
-0.08524089
-0.06321301
-0.02544992
-0.1715251
-0.5830827
-0.2707449
0.2299652
0.5708707
-0.01203257
0.3737373
0.2453128
0.0231728
-0.0163631
-0.02592768
-0.006139219
-0.3430816
0.08681148
0.2511166
-0.2985827
-0.4760047
-0.4529063
-0.00263146
-0.182785
0.009579563
-0.5865003
-0.04004667
0.4120188
0.3678164
;
0.01265851,-0.3675481,0.2201226,0.1245534,-0.07783879,-0.04515149,-0.5597392,-1.820343,-0.01342839,0.4322364,-0.1171023,-0.159134,0.02095895,-0.1073964,-0.1670853,-0.2374239,0.206715,0.04133958,0.2397146,-0.1738127,0.07918604,-0.3848809,-0.2785257,-0.3254377,-0.09453863,0.2958804,-0.2022506,-0.1076761,-0.04785553,-0.204556
0.02897113,0.1227434,-0.2030084,-0.03458039,-0.4763986,0.3147345,-0.009064039,0.1266676,-0.01072675,-0.07620943,-0.02903714,-0.4250254,0.3802376,0.2703765,0.02113984,0.1707482,0.7812036,0.5071688,-0.009356439,-0.1725111,-0.1721696,-0.05514839,-0.4399072,0.3681791,-0.1704121,-0.4214232,-0.04530273,-0.09488777,0.2489521,0.3707881
0.04873165,-0.08062223,0.0239237,0.08976175,0.03791624,-0.08577315,0.03339055,-0.01486743,-0.3480051,-0.1047309,0.001845844,-0.8851876,-0.05134755,-0.3073571,-0.2662359,0.1728227,0.0284867,0.6411467,0.3009661,-0.04091884,-1.060665,0.000792331,-0.2939975,0.4777688,0.3145329,-0.02741479,0.6769494,0.168447,-0.02119316,-0.764897
0.27661,-0.2112478,0.4395813,-0.005523338,-0.06251153,0.351542,0.4500551,-0.1095404,0.4136382,0.6481358,-0.03569442,0.4603364,-0.4272495,-0.3324102,0.0991241,0.0122842,0.4731679,-0.2504946,0.1583112,-0.003478489,-0.3962672,0.4036374,-0.04998118,-0.1324872,0.2818561,0.1597745,-0.02539495,0.02781752,0.05346495,-0.07055856
-0.5874572,0.1571352,-0.1320012,-0.6758575,0.03198951,-0.193736,-0.003874653,-0.001032406,-0.8131114,0.5893776,-0.7543367,-0.05824938,-0.2163601,0.04730757,0.253963,-0.09561187,-0.620243,-0.01728113,0.102593,0.1692865,-0.07204433,0.0549152,-0.44736,-0.03370243,0.008889019,-0.3402449,-0.05038816,-0.05117482,0.06209919,0.001985006
0.369131,0.3255441,-0.2441985,-0.2146195,0.4155586,0.2833301,0.4919263,0.1253442,-0.8123255,-0.06474889,-0.06566794,0.1969153,-0.009149643,-0.1039123,0.599219,-0.4864502,-0.04413814,0.3655239,-0.2351671,0.3416845,-0.4370908,0.4161846,-0.0351739,-0.03134205,-0.3451278,-0.09690715,0.288958,0.3425783,-1.327732,0.09268099
0.4433686,-0.3380383,-0.4518096,-0.3374244,0.1965634,-0.5845307,-0.4037331,-0.4298773,-0.2286813,-0.2237257,0.08889516,-0.3481507,-0.008276857,-0.5255293,-0.02932344,-0.3175176,0.2613593,0.2854785,0.4079486,-0.06108731,0.09823352,0.1512098,0.000729794,0.006825864,-0.8315861,-0.05339947,0.3618752,-0.1074307,0.04460301,0.6378472
-0.01286613,0.170357,-0.5772616,0.3560607,0.09347904,-0.2609171,-0.1353039,-0.001170337,0.205325,-0.1219129,-0.4993115,0.3587434,-0.1778225,-0.4972677,0.2372513,-0.6546984,0.3452063,-0.3153863,-0.08595636,0.5081058,-0.2654927,-0.02376793,0.6915792,0.3989378,-0.1710568,-0.3172799,-0.1126456,0.499585,-0.01308354,-0.08806016
0.0003907122,0.3110508,0.2691116,0.1860804,-0.27673,-0.2298405,0.3378425,0.07791144,0.3389658,0.006804508,-0.02171511,-0.2538617,-0.3900538,2.083615E-06,0.1111333,-0.5045852,-0.5824338,0.280027,-0.48536,0.216282,-0.2378331,0.2106385,-0.1329942,0.4329489,1.900598E-05,-0.4585522,-0.05130128,-0.08884008,-0.2657949,-0.2662146
-0.05395234,-0.1044978,0.5630515,-0.1182049,-0.03362024,-0.4602607,-0.008221862,-0.3652687,0.2212551,0.8379599,-0.01525303,-0.01328808,-0.2618042,-0.3900944,0.08663872,-0.005549287,0.05242664,-0.4304382,0.04053055,0.0101986,0.4767908,-0.1157749,-0.2716641,-0.1149541,0.02262055,-0.1222286,-0.2289763,-0.3108176,-0.2043206,0.02684957
0.2522828,0.009483541,0.1488115,-0.2889074,0.002784398,0.3721019,-0.02434164,-0.04787248,-0.1436835,0.005722533,-0.164443,-0.3657005,-0.06923681,-0.2787779,0.04992713,-1.613067,0.3200591,-0.04121697,0.3388554,-0.0009356347,0.4907101,0.8894744,-0.1231636,0.431056,-0.4041568,0.1755693,0.2290663,-0.1430495,-0.009198077,-0.03855535
-0.4513285,-0.4748961,-0.0101892,0.656568,0.05404471,-0.2579027,0.02102528,0.6132889,-0.5798136,0.3012343,-0.4738247,0.002579314,0.1562306,2.191545,1.073038,0.006857596,-0.1618272,-0.3610104,0.06474657,0.3651152,-0.145804,-0.1221897,-0.05139779,0.006751075,0.1667114,-0.01804579,0.2961302,0.3899504,0.2573623,0.005355299
0.003383495,-0.157597,-0.100671,0.009573133,-0.5041054,0.2581937,0.1751212,-0.2278312,-0.3809782,-0.09748507,0.009410163,0.3235326,1.566671,-0.5280527,-0.08495849,0.005113698,0.6986906,-0.4654042,-0.0218719,-0.459221,0.03449994,0.2394202,0.1385717,-0.2665446,-0.05249167,-0.101153,-0.4813464,0.5336136,0.7020348,0.0610985
-0.8681782,-0.1840039,3.01937,-0.06953605,-1.689225,0.2429676,0.338183,-0.002960503,0.0914523,0.3785846,-0.055253,0.4876426,0.15369,0.4242009,5.780819E-05,0.462037,-0.05978176,-0.02880423,-0.07950717,0.2187692,-0.1917986,-1.026833,-0.02601618,-0.005550636,0.0244819,0.3902848,0.2870203,0.1744324,-0.3076341,0.1290976
0.02557735,-0.4205602,-0.4168736,-0.1987411,0.1113807,-0.2657934,-0.5217884,0.0303209,-0.4052014,0.05996317,0.00190692,-0.5613782,0.4841915,0.01286267,0.3169572,0.7021734,-0.3026278,0.7421749,0.3938234,0.002329975,0.3602652,0.2782109,-0.2473122,0.06377354,-0.4988871,-0.1473147,0.03236356,-0.646703,-0.02502533,0.1477201
0.002640123,0.7051936,0.2327335,0.04050568,0.08636039,-0.03597869,0.4472125,-0.4867916,-0.3671813,0.09637477,-0.2642542,0.02996478,-0.1981265,-0.01371988,-0.3238791,0.2563527,-0.04637166,-0.1995657,-0.03248206,0.2874306,-0.02740866,-0.3684609,0.1864719,0.04294511,-0.02016228,-0.7297029,-0.07025188,0.4742054,0.2017735,-0.07248914
0.09229201,-0.2266039,-0.01009221,-0.2301036,-0.2782654,-1.484488,-0.002647444,-0.09542494,-0.5103011,-0.01800014,-0.01422316,-0.04582841,-0.8295884,-0.06038642,-0.4778489,-0.005987122,-0.1273628,-0.04242749,-0.3338664,0.4586282,0.1921639,-0.001064276,0.265332,0.1912377,0.4873749,-0.03404707,-0.5488971,0.2618933,-0.1637407,-0.07226698
-0.3146104,-0.01522879,-0.2860017,0.4997473,-0.04535844,0.06522214,0.1242392,0.1081772,0.07650488,-0.151861,0.001112623,-0.4260395,-0.03748554,-0.3023666,0.3693195,-0.1087533,-0.1238588,0.3292798,-0.2313005,-0.4236556,0.07664353,0.09929407,0.4851536,0.03214101,-0.00885959,0.1635364,-0.1064009,0.1051596,-0.2978098,0.443599
-0.4725348,0.4506672,0.02945453,-0.03217842,-0.129176,0.05241793,0.1824775,-0.821385,-0.2345484,0.580937,-0.1031458,-0.6495891,0.135002,-0.412335,-0.08574521,0.5265188,-0.1659434,-0.1988868,-0.4517347,0.3561903,-0.1368017,-0.1114478,-0.06385519,-0.4630057,-0.2156723,0.2620559,0.01053712,0.2882711,-0.2249313,0.0447976
-0.2280056,-0.2665349,0.4033577,-0.1404164,-0.1428439,-0.04734545,0.0007714366,-0.01791726,0.0788644,-0.06273192,-0.4096181,0.0124001,0.1185258,0.2605367,-0.5845929,-0.05450232,-0.3831147,-0.05793383,-0.1446266,0.2798208,-0.9780306,0.232241,0.6958594,0.06299978,0.06879225,-0.2324308,0.07043499,0.2490374,-0.01215046,-0.6633604
0.06517412,-0.1056716,0.3317595,0.4273545,-0.3842307,0.2855878,-0.1023569,-1.986476,-0.3511982,0.3626578,0.1159153,-0.4608809,-0.03779608,-0.385637,-0.03807472,0.1563506,0.0430261,0.3096074,0.2396876,0.1596975,-0.4751501,0.7698591,0.08782589,0.1266167,0.09281124,-0.2773544,0.005510747,-0.1466452,0.0088773,0.04612445
-0.1060658,-0.3694179,0.3385724,-0.3964509,0.2850195,-0.1266063,-0.4584477,0.4324331,-0.1935591,0.3950361,-0.1998648,0.001007598,-0.1499127,2.018227,-0.1638781,0.07826537,0.8005479,0.04911827,-0.3704112,-0.01204148,0.1463329,-0.5383725,-0.1584002,-0.04027826,0.01237935,0.003963904,-0.0615887,0.3341113,-0.4870394,0.05749991
0.4984237,-0.0708892,0.3455338,0.0347864,-0.1464272,-0.3467726,-0.1679729,0.3009354,0.2586017,-0.2207159,-0.06603706,0.04541294,0.01272681,0.5353777,-0.3391852,-0.08151001,0.5217518,0.4514704,-0.1718031,-0.1621671,0.2635286,-0.3769946,0.4934875,-0.698781,0.3854212,0.2771484,0.8291046,0.1568649,0.00720357,-0.2007751
-0.05306074,0.3597183,-0.1443296,-0.0478726,-0.008139499,0.4505994,0.1669609,0.2701535,0.0325967,-0.4189855,0.01276364,-0.03575452,-0.1152035,0.5455528,-0.6871727,0.1793577,0.2915441,0.1699601,0.3521978,0.02302279,0.2494468,0.1224868,0.07991597,-0.001542956,0.0006287324,0.2983366,-0.218217,0.1965604,-0.6381504,0.393283
-0.2243704,0.2948547,-0.2559922,-0.692479,0.08187431,0.07180208,-0.08908588,0.4649878,-0.03819209,-0.01978535,-0.2932736,0.4897861,-0.04257295,0.2389719,-0.06854872,0.3041791,-0.02405794,-0.4375579,-0.3583791,0.3703484,0.2294861,-0.2905277,0.06931152,0.2888733,0.01094429,0.294424,-0.6214609,-0.06062699,-0.4794024,0.4902456
0.1017222,0.03888015,0.2083771,-0.4312338,-0.0431357,-0.5708892,-0.01087324,-0.3597168,0.4604179,0.4152966,0.3843203,-0.909413,-0.7846168,2.451453,0.7129034,-0.3243425,-0.3826244,0.01021902,0.3730351,0.2574478,0.03515773,0.4737546,-0.02469967,-0.7573954,-0.1449552,0.08948272,-0.01012899,-0.5020778,0.1296234,-0.4470097
-0.09360629,-0.7727323,-0.3902654,0.01885734,-0.3765092,-0.02177757,-0.3676657,-0.1137895,-0.05781039,-0.4440473,-0.1220098,0.1652314,0.03569157,-0.1838683,0.007945658,0.2628329,-0.01754798,0.202792,0.0007203416,-0.001981138,0.2351648,-0.1491892,0.1055323,0.7509075,-0.0009046384,-0.207195,-0.07882005,0.6068147,-0.08750302,-0.1727626
0.004912028,-0.04366785,0.126828,-0.3762892,0.00218004,0.2993248,-0.01584517,-0.2659826,-0.3368089,-0.0008666603,-0.1372816,-0.4645122,0.4425604,0.2437571,0.7871222,-0.005956046,-0.02598763,0.0444414,0.08023553,0.3231425,0.1824957,0.291371,0.5866064,0.01131314,0.2260108,-0.2159873,0.01843793,0.002161351,-1.403505,-0.06889278
-0.386773,0.0916387,-0.4840343,-0.7704345,-0.01585568,0.0373804,-0.04260473,0.3345892,0.02717883,-0.6294239,-0.07173681,-0.2522943,0.6389428,0.4316494,-0.2038729,-0.3196013,-0.139634,-0.4738859,0.06300408,-0.004317479,0.5608739,0.4166056,0.1761204,7.673771E-05,0.2445274,-0.32839,0.003081656,0.007629731,-0.4302038,-0.07800609
-0.5422024,0.1318893,0.4603462,0.1008973,0.006405075,-0.2997169,-0.5461738,1.009012,0.2618718,-0.1917369,0.204046,0.8248574,-0.323585,0.5424168,0.0204301,0.9160089,0.9414937,0.0129186,0.9844848,-0.08929986,-0.2944838,0.3583456,0.07602854,0.3545172,-0.9107358,-0.08379566,0.2826455,-0.1436404,0.09174293,-0.279431
;
-0.2814022,-0.07224356,-0.06139225,0.04206973,0.002774885,-0.149643,0.1222361,0.144648,-0.07752392,-0.0006248585,0.002065685,0.2625859,-0.03154504,0.1147282,0.01720052,5.626738E-05,-0.8108814,-0.150031,0.2457361,0.1572475,-0.02825677,0.552514,-0.04458393,0.2197051,-0.4759781,0.005379971,-0.01086408,0.6768566,0.1317099,-0.06783125
-0.6413991,0.04941342,-0.002240862,-0.3411382,-0.05709344,0.1677182,0.3685234,0.1591778,0.07541188,0.1362228,0.08818729,-0.308863,-0.0006999923,-0.06190878,0.2068665,0.1771122,0.1568134,0.2755544,0.1652018,-0.1626728,-0.0555324,-0.001480039,0.07803092,-0.4072804,-0.06266969,-0.0353526,-0.05687672,-0.4583629,1.140738,0.3482558
0.3323602,0.2999322,-0.009435475,-0.1421572,-0.4504467,-0.1941786,0.001202832,-0.07854851,0.2585683,0.006308747,-0.1884531,0.3043132,-0.05933052,0.4313463,-0.2385354,0.7949663,-0.1179652,0.03625564,-0.08060356,0.02517798,0.2349449,0.003004298,0.2974595,-0.46461,-0.01002592,-0.6336823,0.01320141,0.1233516,0.1113116,-0.2595816
;
