0.3569696
-0.3223584
-0.2379008
-0.2586393
0.01781771
0.1109261
-0.1965175
0.02409118
0.04322305
0.6487693
;
0.3523856,-0.3877386,-0.03368479,-0.08545727,-0.2836794,-0.02814469,0.1668964,-0.008234228,0.3593072,-0.3213953
-0.1081981,0.4451166,-0.1482845,-0.1199889,-0.2366186,-0.008276403,0.01218649,0.2229035,-0.01387806,-0.2155333
0.001565091,-0.09872265,-0.4331544,0.1777291,-0.1883752,0.639544,0.2582452,0.8312984,0.2998134,0.3923104
0.6389918,0.2313578,2.20674E-05,-0.2422709,0.44848,-0.143788,-0.009728492,0.1871234,0.2484144,-0.01857259
-0.01638199,0.0875656,-0.2880691,0.08479589,-0.1897647,0.03459391,-0.0003264666,0.0373252,-0.1001367,0.3095608
0.002119369,-0.02930999,-0.03391725,0.04223325,-0.4865747,0.04072972,0.4097363,0.2751688,0.4523776,-0.6042369
-0.3646671,-0.0004965063,0.6516038,0.824652,-0.4242363,-0.01027562,-1.212466,-0.3617313,0.0593149,0.0731016
-0.3776389,-0.2280284,0.2409506,0.1895068,0.0003425617,-0.04730184,0.03854774,-0.1369624,-0.2833437,-0.001732149
0.03059334,-0.6645225,0.04975985,0.01273355,-0.2950376,-0.7664073,-1.809235,-0.03335672,-0.7323411,-0.4084513
0.0296787,-0.005921395,-0.07117663,-0.2725716,0.8105426,0.05264207,-0.3178385,-0.3070415,-0.05783552,0.1731004
;
-0.04410809,-0.0564288,0.1553818,0.457885,0.2461841,-0.2332389,-0.1477846,-0.003077997,-0.2018371,0.0157272
5.339963E-07,0.01831931,-0.320791,0.2675471,0.4360369,0.252514,0.583603,0.08546413,0.01692905,-0.3851556
;
-0.004746642
0.02079603
-0.04670446
0.1243171
-0.1764997
-0.006218668
0.01992245
0.04198097
-0.0004218971
0.2487988
;
-0.4692377,-0.2536004,0.3885678,-0.1556091,-0.09285594,-0.01791753,-0.02875886,0.3206437,-0.2550658,-0.03927322
-0.4160081,-0.3253176,-0.4189287,0.08618157,0.0001572825,0.273218,-0.4151297,0.4114271,0.2806685,0.430636
0.1770124,0.1794742,0.06070278,-0.003478477,-0.2789139,-0.4088094,-0.1381516,-0.407926,0.085162,-0.4011201
-0.1910393,0.006869629,-2.090015,0.4062926,-0.2050025,0.003060276,0.4000356,0.003499982,0.01964701,-0.409053
-0.1599863,0.02039499,-0.6791133,-0.002653786,-0.0843484,-0.1676819,-0.2461264,0.1059412,0.2737648,-0.3449503
-0.4547918,-0.01988713,0.02434247,0.8514054,1.181438,-0.1175019,-0.08240348,-0.2694843,-0.1408347,-0.4894811
0.07776937,0.2868733,-0.008578266,0.0005659987,-1.144138,-0.1398715,0.3318588,-0.2384468,-0.2415315,0.1118679
-3.679415,0.03269818,-0.2661418,-0.09221745,-0.1936196,-0.2030134,0.1938085,0.02656747,-0.00473649,0.9591468
0.3444665,-1.270416,0.001960256,0.006794754,0.01660365,-0.29258,-0.4073541,-0.1262393,0.3778188,0.3904959
0.357399,0.3593626,0.06294589,0.04651874,-0.1139839,0.1039112,-0.2903102,0.2216271,-0.2367684,0.3443325
;
0.01262912,-0.01810986,0.03180367,-0.1688786,-0.4363644,0.2654352,0.5893151,-0.3970869,0.1108658,0.0073605
0.003064714,-0.1842737,-0.02672218,0.3837809,-0.09616047,0.1592429,0.01146991,-0.01941574,-0.09328884,0.03084077
-0.247989,-0.1604432,0.04753932,0.04117101,-0.2024711,-0.3459972,-0.06380741,0.2511494,-0.5817496,1.356501
;
0.05006806
-0.02382948
-0.02981049
-0.4297769
-0.02347657
-0.003565119
-0.03591878
-0.1106755
-0.5724159
-0.01422782
0.2229295
0.4587986
-0.2404891
-0.1483864
-0.1881799
0.2629834
0.0430191
-0.4840355
-0.2408939
-0.1720814
-0.2386829
0.001777526
-0.1575771
-0.0099877
-0.35788
0.3372146
-0.1393412
0.4663684
-0.1572761
-0.2407788
;
0.0003228566,0.2556545,0.5207956,0.2504804,0.03558508,0.1797453,-0.0225334,-0.3653567,0.0006683469,-0.9013571,-0.2293609,-0.288287,0.2275032,-0.1448713,-0.4098756,-0.3563976,-0.001477846,0.2891525,0.06222949,-0.3694431,-0.3062059,0.007431522,-0.4086959,0.01765472,-0.4822979,-0.01098484,0.09020821,0.6389766,0.2808353,-0.3926973
-0.1652444,0.2790789,-0.1106595,-0.07838837,-0.1967242,-0.180478,-0.1562467,-0.05369956,0.4230751,-0.02658099,-0.08362484,-0.2132346,0.1997949,-0.2992235,0.0373668,0.05118988,0.1298402,-0.1344887,0.0163975,-0.4268523,-0.143785,-0.04067924,-0.3154539,-0.9325896,0.4607038,-0.09039786,-0.07945675,-0.06195268,-0.004879773,0.3541828
-0.3107476,0.4545543,-0.0005167052,0.4827991,-0.05497221,-0.5667036,0.1059958,-0.0175196,-0.1347764,0.4056479,-0.5300869,0.4810044,0.365577,-0.4499192,-0.3375086,0.4149365,0.1802395,0.04554155,-0.1005332,0.4109358,-0.001504721,-0.415095,0.03180756,0.0443309,0.4088213,0.4306279,-0.2041997,-0.02987573,-0.3409014,0.05476719
-0.0209348,0.1508816,0.08402626,0.04580494,-0.01286035,-0.4199965,0.2229102,-0.07873744,0.04651501,-0.06012988,-0.4308523,0.125927,0.3157132,0.01330131,-0.4126189,-0.3219572,-0.06123859,0.2369125,-0.1345974,-0.3566879,0.464306,-0.1350929,0.2075221,0.002945318,0.4527074,0.4773549,-0.1638935,0.496974,-0.05432159,0.2083292
-0.2541572,0.4652318,0.01035458,-0.4826575,-0.3311712,0.3809451,0.4462992,-0.4638612,-3.841672,-0.2146997,-0.2235864,0.00663694,0.3985454,-0.1988024,0.06597134,-0.005442722,0.0292521,-0.112878,0.1039316,0.009382497,-0.4411708,-0.03969492,0.02290794,0.2310339,0.3893322,0.493731,0.00560474,1.386991,0.05158991,0.01667332
0.01626386,-0.4076386,0.003690018,-0.495216,0.3874508,0.2469314,-0.9742093,-0.01748968,0.4032955,0.06116134,-0.513218,-0.5489684,0.09265257,0.02263635,0.4950156,-0.1023696,0.7092069,-0.1463799,0.06678009,1.455645,-0.1915712,-0.1836511,0.02212045,-0.3181426,0.2827326,-0.4132137,0.0680756,0.03056413,-1.00192,-0.1564353
0.1303069,0.1995838,-0.001227699,-0.006696339,0.5884576,-0.2261371,-0.1634911,-0.3268098,-0.3223588,0.1595658,1.872817,-0.4448387,0.2466951,0.0452091,0.1900041,0.1397343,0.123697,0.2279131,-0.1623286,-0.02180507,0.002101024,-0.4668614,0.1707332,-0.737444,-0.3053254,0.4643929,-0.1555341,-0.3107771,-0.5234506,-0.473388
0.1701151,-0.006886241,-0.002202571,-0.0113506,0.4482928,-0.01886834,-0.3764786,-0.1657405,-0.3646007,-0.3667566,-0.5238093,0.0522163,0.1471533,-0.1650735,0.2080964,0.8434486,0.06676048,-0.1125694,0.7585974,0.3952645,0.1614768,0.184648,-0.005409992,0.04752652,-3.767948E-05,0.001736136,-0.02514012,-0.05703165,-0.1998943,0.05742437
0.1406197,0.03792018,0.2036629,0.432556,-0.001311115,0.01565752,0.3640766,0.4406705,-0.1495097,0.06174033,-0.189589,0.2447892,-0.02389854,0.4173411,-0.001230568,2.484898,-0.07216062,-0.2164297,0.04061138,0.3903002,0.2762204,0.001654112,-0.1461801,-0.06201409,0.01404963,0.2972413,0.8583376,0.003775587,0.3061244,-0.2760117
0.304741,0.1870098,0.1448822,0.6367775,-0.1201068,-0.09915096,-0.4962864,0.2489208,0.4846587,-0.04579873,1.026301,-0.06043893,0.2157821,0.06850223,0.0565117,-0.494642,0.06702513,0.06684265,-0.004559183,-0.2536258,-0.1454502,-0.07162625,-0.2981407,-0.2126292,-0.04285691,-0.03211515,-0.5505663,1.011665,0.1574794,-0.07629136
-0.1382335,-0.1241344,-0.1576891,0.02353325,-0.2170533,0.3082185,-0.3484257,-0.03427915,0.01102056,0.04243569,0.3106295,-0.4476164,0.006691045,0.1190466,-0.06800725,0.006011474,0.08857495,0.2659936,0.1625089,0.0049998,0.6464211,0.2252893,0.1088342,-0.008403945,-0.02305282,-0.02402988,0.02379694,0.1743329,0.1509774,-0.419625
0.4991669,0.3000911,-0.1949985,0.1674998,0.1426139,-0.0195435,0.4500031,0.005293779,-0.3236867,0.06265364,0.3006538,-0.2562512,-0.04711475,-0.01449748,0.4057703,0.02690773,-0.4835089,0.4033051,-0.9956775,0.4765195,-0.1958029,-0.3536144,-0.2359801,0.1240038,0.2776105,0.4829865,-0.3431591,-0.06641236,0.1100333,-0.0330116
-0.06484641,0.6484066,-0.3123353,-0.1334619,0.3310853,-0.3634837,0.001664692,0.0005830879,0.3429984,-0.8017045,0.0004610636,0.2102681,0.6082283,-5.020696E-05,-0.1512195,-0.003114358,-0.04479966,0.1576892,-0.05034234,-0.4248684,-0.6945643,0.177737,-0.1529444,-0.003884573,0.02215601,-0.3154106,-0.002044091,-0.6772966,-0.4688537,-0.1901093
0.5554805,0.1447081,0.1502019,-0.08344454,-0.0249575,-0.4396864,-0.1847609,-0.0219168,-0.4172797,-0.4425757,0.4778867,-0.01481552,0.01175056,1.038893,0.1556558,0.4452215,-0.4452938,0.3144736,0.3608049,0.01586293,0.002491764,0.009345949,0.9326845,0.2171903,0.1263043,-0.130057,-0.03472509,0.4381059,-0.1139485,-0.4152603
0.03509924,0.03134814,-0.3810587,0.1267375,0.0903422,-0.109331,0.01395827,0.09396762,-0.4104275,-0.211805,0.3628328,-0.6193867,-0.2934805,0.03718251,0.2104252,0.05792671,-0.1815651,0.003586716,-0.5222129,0.4685545,0.1591865,0.3155119,-0.01733098,-0.01634923,0.2511805,0.01353711,0.07593551,0.02754974,0.2664027,0.142012
0.1490671,0.3811822,-0.1855137,0.01350546,0.1258747,0.7071438,-0.02002661,-0.03535403,-0.04014686,0.04810962,-0.263783,-0.05688447,-0.00193633,0.0002026849,-0.03980654,-0.1431611,0.02957481,0.008055753,-0.01401561,-0.4106174,0.2998446,-0.3567475,-0.04045669,0.01300169,-0.1982995,0.02225665,-1.199858E-06,0.4963874,0.4944184,-0.1776409
-0.05921608,-0.6070305,-0.2553942,0.2395964,0.01387319,-0.1277611,-0.03699537,-0.2048026,-0.1435878,-0.2051112,0.2093496,0.01210405,-0.000164699,0.4038828,0.1703953,0.3115801,-0.003837562,0.025947,-0.3255656,0.1492928,0.0006942928,0.2856092,-0.08427023,-0.3720984,-0.2476619,-0.4152459,-0.2660831,-0.412826,-0.3481683,-0.4578254
-0.02766467,0.01980054,-0.3429759,-7.995997E-05,-0.5504537,0.2859002,0.01781324,-0.406027,0.2734636,0.366282,-0.399718,-0.2628969,-0.003469741,0.01336888,-0.05625409,0.2419752,0.02576884,0.05925154,0.0465355,0.476316,0.004200303,0.08551687,0.0326035,-0.2160444,-0.2513472,0.9308885,0.3333833,0.04227489,0.00430614,-0.3013468
-0.1776088,-0.006928358,-0.0980664,0.06604683,0.302812,0.1886378,0.8563093,-0.2167965,0.2763491,-0.0158692,0.4359441,0.1256088,-0.005635436,-0.01383073,-0.8307163,0.9040793,-0.2614704,-0.2564657,0.01655813,-0.3253516,-0.1807917,-0.0004346865,0.1192114,-0.006140659,0.5541777,-0.100995,0.3262852,-0.4484838,-0.7915676,-0.0003255144
-0.2697423,-0.4987967,0.215391,0.2255212,-1.305312,0.2362554,0.1838831,0.2159521,0.4723709,0.320465,-0.02947873,0.2612156,0.06222178,-0.05619698,-0.002197453,-0.1156059,0.4522552,0.4393225,-1.137345,0.0002777656,0.1007632,-0.103626,0.3066458,0.01098225,-0.1311144,0.4474638,0.1816402,-0.02064654,0.2950584,0.2351733
0.2275444,-0.02236884,0.01138433,0.07605968,0.03773702,0.7459701,-0.7469057,0.01169209,0.7391728,-0.1720096,0.009031259,-0.0644265,0.1142181,-0.01449658,-0.5167009,0.01901725,0.1101828,-0.3746634,-0.07353121,0.05778364,-1.664555,-0.02476332,0.3127091,-0.006992971,0.3282057,-0.2564245,-0.03258456,-0.6289518,-0.1630609,0.1931455
-0.0214756,-0.1472702,-0.07381155,-0.306477,0.04948285,0.197888,-1.115202,0.05175297,0.00476085,0.1854665,-0.004506077,0.5812114,-0.01277651,0.0002805988,0.3692403,0.00158418,0.1601026,0.467728,0.4504284,-0.006288697,0.004115553,-0.02100424,-0.03380385,0.06514914,0.006144027,0.00708729,0.03209722,0.227045,0.3523149,0.09721833
0.01578862,0.3232392,-0.07145661,-0.225612,-0.1522167,-0.1295024,-0.4706062,-0.005594764,0.2180644,-0.3362705,-0.0001520213,0.3515742,-4.854083,0.7313141,-0.05403832,0.182861,-0.1173674,0.07141417,0.2803642,0.1190572,-0.3122442,0.04933423,-0.3099492,0.2451079,-0.08064313,0.3381549,0.5796922,0.004287064,-0.1334765,0.1263287
-0.04078406,-0.2461458,0.2283001,-0.4836521,-0.3508174,0.4983328,-0.1440655,0.00848863,0.1651442,0.02060039,0.0007326745,-0.191581,-0.0005095098,0.1811586,0.5336107,0.07634868,0.3420386,0.09570219,-0.6144029,0.01477018,0.009601558,-0.01911579,0.02844747,0.1285112,-0.7285665,-0.1131867,-0.2037329,-0.4963312,0.04317386,0.3295553
-0.3163674,0.2335629,0.3895308,0.4296225,2.986947E-05,0.5608376,0.4170741,0.08504485,0.1160287,0.2437391,0.01187119,0.0972155,-0.3568556,-0.1579558,-0.4491836,-0.3598746,-0.04990311,0.05262333,0.1138993,0.004815063,0.0973018,-0.1592405,-0.3424942,0.1305791,-0.7865408,-2.323901,0.2299167,-0.01732793,0.0183055,-0.1947286
-0.2016312,0.001448467,0.4577315,0.2723779,-9.997864E-05,-0.3872578,0.437345,-0.09048229,0.4575662,-0.2003747,0.01017088,-0.250638,0.05732304,-0.09803206,-0.04712039,0.3095487,-0.400368,-0.3255246,-0.004069421,0.01482041,-0.780951,-0.0668284,0.3927615,-0.05724043,0.08637315,0.04737177,-0.08625704,-0.00191492,-0.0001069934,-0.1827608
-0.1110763,0.05173498,0.02208528,0.4025384,0.0073038,-0.4567316,0.1125459,-0.00734812,-0.02643165,-0.04480504,-0.2056558,0.3693454,0.1698921,-0.04473081,0.6933439,-0.05567453,0.06651127,0.3651479,-0.3619487,0.07433552,0.0765335,-0.04244374,0.1203558,0.3951743,-0.2356378,0.2460906,-0.03528219,0.2381915,-0.08930019,-0.1231139
0.5582958,0.3228757,0.2409576,0.02393537,-0.4640076,0.01526234,0.3946066,-0.2106507,0.4504434,-0.003602673,0.4248551,-0.06326872,-0.6217065,0.4599748,-0.4295854,-0.4184694,-0.003589332,0.6006287,-0.246376,-0.003491104,0.001628575,-0.6131194,-0.2280539,-1.799629,-0.03103249,0.06398484,0.2483004,-0.08807016,0.1020926,0.4797394
0.3716374,0.2345571,0.02405173,0.170662,0.1525128,-0.2921373,0.6743689,0.3710658,-0.3290327,-0.3086661,-0.1276718,0.7948825,-0.0005189977,-0.3088955,-0.1552648,-0.6238397,-0.4549111,0.2445407,-0.4268533,0.3562172,-0.6619385,0.2077498,0.273895,-0.03547234,-0.09107009,-0.3305454,0.3643926,0.04380418,0.01858065,0.001640497
0.6363408,0.4440869,0.008403825,-0.2577351,0.01225313,0.2215122,-0.03877928,-0.07179671,0.4291131,0.2760783,0.001528645,-0.2657387,0.000871576,-0.3871502,-0.3744944,0.0250956,0.001877385,0.0576184,0.01336295,0.02860249,-0.764993,-0.1797968,-0.2361966,1.680154,-0.2544512,0.009802476,-0.3997897,0.01957333,-0.2959333,-0.2892847
;
-0.5920615,0.03957432,0.373598,0.3173356,0.02628902,0.003309502,-0.7779684,0.003122151,-0.506052,0.5529125,0.02013029,-0.02830283,-0.4885608,0.3942682,0.1587596,0.2102594,-0.4263308,0.009882824,-0.01882031,-0.01259908,0.008507619,-0.09370743,0.112946,3.847872E-06,-0.0543979,-0.02667028,0.03169505,0.3377662,0.2048487,0.2325402
-0.0180747,-0.02015083,0.2887458,0.2010391,0.1116909,0.01552657,0.1645283,0.2508592,0.01249832,-0.000899141,-0.06399423,-0.01424637,-8.496626E-05,0.03299926,0.02808131,0.02902201,0.5282801,-0.1860587,-0.3457478,-0.08175392,-0.04319425,0.1094834,-0.9499844,0.1651304,-0.1182141,0.03095049,-0.5546637,-0.01424798,0.1082277,0.4405035
-0.01591017,-0.4265997,0.47864,-0.3966876,0.465695,0.01091823,-0.08312453,-0.03717704,-0.4204458,-0.4794301,0.06409981,-0.001387739,-0.06944573,-0.3807471,0.350657,0.09266965,-0.2118257,0.118779,0.6227721,0.2148511,0.00276524,0.01644187,0.4419116,-0.4063206,0.3295058,0.07419648,0.1277911,0.3951831,-0.1607726,0.3905046
;
0.04842799
0.4680878
0.1328455
-0.02075883
-3.485595E-06
0.4531001
-0.2674642
0.5147642
-0.05318421
0.006269578
0.1393616
-0.01355184
-0.1882508
0.00113048
0.3785288
-0.09448861
0.7688243
0.0660091
0.3197659
-0.08138889
-0.07396172
-0.04900346
-0.2152557
-0.004209427
0.4325589
0.8093295
0.1959449
-0.01319459
0.3148814
-0.07792662
;
-0.03656475,0.4203675,0.03487047,-0.2522175,0.499102,-0.01418072,0.01809477,-0.02783032,0.0861496,-0.09838611,-0.0567545,0.2989099,-0.2505391,-0.04450682,-0.7375502,0.0006630839,0.00585605,-0.2830527,0.003579737,0.08209997,-0.01096592,-0.3541662,-0.02507504,0.2115537,0.09544817,-0.0533921,0.01299233,0.05208725,-0.04575468,0.1545984
-0.3076403,-0.002369106,0.2718284,0.3533888,0.08260836,0.2996709,-0.1824793,-0.03021348,0.1194191,0.4814816,0.1486248,0.2410124,1.089092,0.0171765,0.1146579,-0.5110286,0.03935546,-0.05716115,-0.361347,0.3185933,-0.09542277,0.001327271,0.04383519,0.1882806,0.2628419,0.1442671,-0.08194494,-0.1095803,-0.1713843,0.06419586
-0.0138639,0.4072547,0.0957759,-0.6806956,0.04591471,0.0003359583,0.9190528,-0.1534024,-0.1110237,0.3508241,-0.0001528934,-0.3030469,0.05606142,-0.2961346,-0.6032568,-0.301678,0.4223228,0.02828956,-0.08832837,0.1044349,-0.2745548,0.3850549,-0.04748732,0.1485797,0.1682552,0.05107621,0.3780517,-0.1821289,0.402663,0.2148508
0.1749944,0.03831023,-0.3957117,-0.4609655,-0.2155132,-0.002371725,1.858669,2.579547,0.5554787,-0.04388313,0.1897894,0.2280444,-0.01517767,-0.1161005,0.1322671,-0.2100397,-0.1614863,0.01228787,-0.4345793,-0.2885993,-0.1289918,-0.1091215,0.168444,0.1882102,0.161729,-0.2474734,0.218501,-0.1375861,0.06322866,0.143537
-0.008548993,0.3332312,-0.5074255,0.00120471,-0.7632891,-0.001241184,-0.2350878,0.1330154,-0.2545282,0.6441281,0.3549696,-0.07242538,-0.3590153,-0.2739686,-0.1173182,0.1516842,-0.04182453,-0.1147709,-0.2138791,-0.1102301,-0.2443915,-0.483066,-0.03370261,0.03711751,0.02142936,0.02623438,0.3049135,0.1797863,-0.2776952,-0.02744275
-0.3012934,0.03548127,0.1002589,0.02968107,1.042277,-0.16163,-0.4538696,0.001768346,0.4937406,-0.3874371,0.4561375,0.5498648,-0.5725676,0.0006139262,-0.4310108,-0.1339088,0.3337929,0.1646151,-0.4011243,0.03692628,-0.1214322,-0.01680421,-0.01307591,-0.02790972,0.2610207,-0.05369817,-0.07419366,-0.01605992,0.1133435,-0.01467291
-0.08669525,0.1407371,0.7248018,-0.04991633,-0.3322145,-0.1660498,0.0003111701,-0.2591949,-0.3760684,-0.04138244,-9.350666E-05,-0.1458483,-0.7198483,-0.2154613,0.0001008407,-0.2970015,0.2904474,0.006891449,0.3301587,-0.2594247,-0.0317868,-0.3963072,-0.1647912,0.09763776,0.2380482,-1.099475,0.4067937,-0.01103369,-0.07228976,0.1040274
0.1177961,0.5012178,-0.7976037,-0.3560607,-0.9398347,-0.3744874,0.4336488,-0.005499222,0.4939155,0.1018991,-0.5836738,-0.1173101,-0.09564973,0.03845849,0.1447104,0.3350208,0.00140178,-0.4380681,0.5442026,0.0169973,-0.2237963,0.2076641,0.2208674,0.01508431,-0.04297476,0.09671572,0.01265888,-0.159256,0.0007271217,-0.2283634
0.5127305,0.01145834,0.427512,0.2852863,0.1712385,-0.1892232,0.4500424,-0.2922891,0.6662754,0.001565091,0.2479793,0.09372165,-0.1284648,0.1067321,-0.2060387,0.002680414,0.3690861,-0.05565767,-0.01287968,-0.1517775,0.1821026,-1.396263,-0.1544818,0.05078755,-0.2046292,-0.11586,0.02887027,0.2511668,-0.01367891,0.2460749
-0.04480895,-0.427104,0.2742146,-0.04649836,0.1347049,0.46683,0.09934326,-0.4539924,0.0108689,-0.6043662,-0.7881668,0.4033402,-0.2712908,-0.1305115,0.0002189128,0.3642374,0.3733158,-0.450546,0.1957911,-0.06375615,-0.4606792,-0.2494925,0.002094314,-0.2054515,-0.03438641,0.0691177,0.2313748,0.2570099,0.477806,-0.1511799
0.3742253,-0.006371668,-0.4879737,-0.1236124,-6.021576E-05,0.00202666,0.02175191,-0.4615686,-0.478285,-0.0450349,-0.3641607,0.3330267,-0.5718319,0.2888781,0.5893698,-0.5049503,0.3564259,-0.2458127,0.07582451,-0.02604199,-0.2047509,0.0247025,0.2793353,0.406402,-0.1133605,0.2619188,-0.06957427,0.2571338,-0.1048235,0.003250449
0.06336945,0.001494127,-0.3709094,-0.01400138,0.08696733,0.1400559,-0.05592281,-0.2052427,0.343985,0.02949653,0.1687994,0.02847725,0.1706356,0.3284645,0.03921598,0.1678767,-0.06066332,-0.02174288,-0.1685092,-0.3651152,-0.06860518,-0.4347728,0.1725168,-0.08493243,0.494235,-0.005150646,-0.4079419,8.078561E-08,0.4825354,-0.0008202208
-0.1127618,-0.01339157,-0.353338,-2.595199,-0.2527799,0.1226488,-0.1690603,0.03892911,-2.024591,-0.08758907,-0.005743284,-0.4478149,0.03629595,-0.09958225,0.2201999,-0.2665877,0.04506451,0.02140778,-0.3319106,0.01921438,0.08878237,0.04668098,-0.05965284,0.007022982,0.2294288,-0.007984232,-0.07941383,0.5336136,-0.3376793,-0.2493687
-0.2200382,-1.058831,-0.08477312,-0.135697,-0.4587922,0.00354337,-0.1696563,-0.8867046,-0.3191985,0.4302689,0.1898967,0.02693652,0.01595944,0.3342787,9.297424E-05,-0.1674471,-0.3046186,-0.05090417,0.1462837,0.4816813,0.1997847,-0.8960713,-0.002164365,0.5034207,0.1918225,-0.1135709,-0.3205018,0.03163781,0.5944079,0.0232176
0.6879185,0.5113565,-2.345676,-0.04425731,0.3646138,-0.04574448,-0.1635955,0.04425612,-0.233584,0.1663387,0.05716816,0.1808329,-0.03167859,0.0863271,0.4258424,0.4434446,-0.4326661,-1.019169,0.04669036,-0.4409827,-7.327365E-06,0.08569235,0.1842495,-0.04824863,-0.2044484,-0.427132,0.350337,-0.06768515,0.2628473,0.01205736
-0.01825655,0.1018024,-0.4999628,0.000102752,0.526857,0.00461269,-0.003830956,0.06606624,0.01054825,-0.08742136,-0.04152064,-0.4219584,1.863861,-0.4435084,-0.00894568,0.00416345,0.03567632,0.01671618,0.1176036,0.3544274,-0.2028228,0.1927055,-0.0759713,0.03968725,0.2885133,-0.6207519,0.01367313,0.03551334,-0.2349101,-0.06636158
0.6036525,-0.283491,0.01415983,-0.05223839,0.1035579,0.4209919,0.1992766,-0.04645953,0.1032645,-0.1453899,-0.0002623407,0.1290772,-0.0002844383,-0.3078976,0.04499847,-0.07131244,0.3693681,-0.07450341,0.528331,-0.2460481,-0.08611156,-0.1380239,0.01716461,-0.3691524,0.0003090551,0.7307824,-0.4548895,0.5465192,-0.2318198,-0.04191166
-0.1455066,-0.1045294,0.2283343,-0.210962,0.1628768,0.422989,-0.06162076,-0.4814714,0.2059505,-0.2237263,-0.08297724,-0.281081,-0.56892,-0.02968416,-0.1400192,0.3166313,-0.0009985648,0.02183763,0.003547835,0.02556468,-0.001104101,0.0242663,-0.0009301354,0.05483888,-0.08155584,0.07196067,0.2920257,-0.3073741,-0.2659589,0.009164457
0.3831664,0.005346512,0.2408404,-0.3164048,0.009409328,-0.4798216,-0.1081534,-0.009423712,0.2226241,0.1976561,0.3825552,0.1077421,-0.4525924,-0.4133223,-0.1062121,0.1279718,-0.01246094,-0.33474,0.4879568,-0.01533124,0.3769298,-0.1819265,-0.07408509,0.09852093,-0.005154689,0.2060295,-0.2606723,-0.3487276,0.2858845,-0.2108749
-0.04658831,-0.1982965,-0.06164211,0.004723738,0.4813697,0.7684127,-1.989927E-05,-0.08018094,0.1105017,-0.05268009,-0.0416044,-0.02253903,0.3863698,0.06323449,-0.6134703,-0.2161722,-0.2042406,-0.02834275,-0.05997826,-0.3610377,-0.04352349,-0.1981823,0.9709386,-0.02622599,-0.1221028,-0.000603707,0.0628441,0.001476062,0.1852614,-0.1364025
-0.7883393,-0.01365592,-0.3258137,-0.02602619,-0.05030562,0.4974619,0.2185991,-0.1251117,-0.08950964,0.04243577,-0.1159153,0.2549449,0.05486156,-0.02450585,-0.2719664,-0.02612354,0.129558,0.02839913,0.4426632,0.1206315,-0.2205536,-0.4033841,0.3772599,0.01849094,0.1254797,0.1297214,0.0002867983,-0.005797449,0.01252657,-0.004004369
0.3757466,-0.1495009,-0.4624993,-0.6015682,-0.002385538,-0.04339726,0.02204448,-0.08350743,-0.5082115,0.5072097,0.4250343,-0.1437364,-0.03937115,-0.2035443,0.5028231,0.002128837,0.02185616,-0.7382811,-0.3781621,0.1127765,-0.4304296,-0.02041089,-0.2471255,0.005739514,0.04125488,0.06252886,-0.01592231,0.06906694,-0.008454594,0.05000502
0.001773575,-0.09775984,0.01010409,0.3428519,0.4038105,0.6891875,0.01617909,0.4023995,-0.3442464,0.4424092,0.5224249,-0.06722208,0.4954413,-0.3977536,-0.3597299,0.2116069,-0.1584279,0.01930209,0.4679251,0.1585255,0.05117092,0.03780245,-0.01098852,0.1904886,0.3444555,-0.06442339,0.03309482,-0.09486505,-0.3539584,0.09405933
-0.2015425,0.4960891,0.1383722,0.4348151,0.1071618,0.2803624,-0.7220901,-0.1667262,-0.02896489,0.01452294,-0.01367741,0.0378569,-0.002586251,0.6669295,-0.05641896,0.09519048,0.3047501,-0.056896,-0.4148366,0.06089346,-0.08164807,0.0177002,-0.06518304,-0.06555468,-0.1683375,0.1077873,-0.01134627,0.2529445,-0.05259988,0.3475875
-0.2333535,-0.09695983,-0.4777638,-0.1136352,-0.2518862,0.4255309,0.2942394,-0.2323971,-0.06849235,-0.04894763,0.01299542,0.247793,0.06059127,-0.3984157,0.1751578,0.4791562,0.1500445,0.01731932,-0.2415595,0.1398373,-0.0306101,0.05066286,0.3897755,0.1109535,0.1172847,-0.4316893,0.7225188,0.0735564,-0.01390608,0.1133984
0.02947979,0.02833612,-0.2313132,-0.2918492,-0.08494633,0.3033326,-0.296881,-0.003081767,-0.3701215,-0.08480781,-0.09830825,-0.1074423,-0.01560331,-11.82011,-0.08759969,-0.3298154,0.3225111,-0.01086641,0.7209383,-0.3025154,0.4020907,0.02680583,-0.2248346,0.1912134,-0.1981521,-0.01466719,-0.01722645,-0.3644449,0.2247584,0.1701444
5.488878,0.1075297,-0.0003081172,-0.003736175,-0.1039933,-0.1268923,-0.1529156,-0.1197326,0.005878959,0.2441246,0.04597704,-0.2021157,0.3006525,-0.01549449,-0.4512929,0.4924613,0.0332603,0.1470044,0.02517973,0.01260598,-0.01931248,0.3006531,0.0908452,0.03346599,0.0007601916,0.09444806,0.003846453,-0.1242359,-0.02982226,0.2149336
-0.483569,0.001603363,0.5495818,0.06852868,-0.1781309,0.2053134,0.09102684,0.09655625,-0.01924997,-0.09610483,0.4172002,-0.2315127,0.1723629,-0.133514,-0.02262198,0.007261405,0.05224605,0.3333887,0.7902891,0.1227985,-0.001544532,0.3859435,-0.337575,-0.1274856,0.2022692,0.01972978,0.002737667,0.09770942,0.263932,-0.01014417
-0.2141928,-0.4000223,0.000983175,0.5264656,0.3054205,-0.09498352,0.02247797,0.3528546,0.01659163,-0.08826895,-0.476095,-0.002961262,-0.1827064,-0.026624,-1.132266,0.3928329,-0.07811505,-0.4772832,-0.3825325,-0.871263,0.1455062,-0.1567322,-0.2508234,-0.02268237,0.4421965,0.08933225,-0.3660525,0.1365923,0.2975546,-0.2959282
0.2822597,0.2668005,-0.02048217,-0.05342381,-0.2987577,-0.2274334,-0.1329601,0.01095229,-0.1459243,0.09292717,1.03434,-0.2306533,-0.06703056,-0.5339734,0.4553596,0.3563972,-0.3483714,0.7115471,0.4656724,0.01806596,-0.1678877,0.3705137,-0.02404276,-0.2216578,0.09891394,0.4365195,0.03482635,-0.7735783,-0.1761382,0.5102764
;
0.2966061,0.1923432,-0.05773503,0.003334327,0.4438735,0.0690977,0.06695204,1.108855,0.5823723,0.3143527,0.0001376207,-0.0223653,0.2345288,0.01766808,-0.2808501,-0.1113524,0.3204557,0.03157676,-0.1725824,-0.1043202,-0.003356418,-0.2063935,0.4677454,0.3566377,0.07158079,0.8506053,-0.04148245,0.0968267,0.0300156,-0.3182722
-0.02213367,-0.362464,-0.001910646,-0.02626917,0.317126,0.2527404,0.07692701,0.02185323,0.1163481,0.2583492,-0.2475604,0.5229954,0.2525976,-0.3954515,-0.1432445,0.2390154,-0.06809238,-0.08130449,-0.4062597,-0.1830092,0.2090279,-0.001286024,0.01394306,0.1784548,-0.2943051,0.04735869,0.05582794,0.1429777,-0.1231642,-0.107795
0.1844562,0.146934,0.2367492,-0.05523092,0.2961029,0.1676992,-0.008162864,0.1414241,-0.1395512,0.005509365,0.1085427,-0.1861001,-0.4063842,-0.139435,-0.5506608,0.00624041,0.05824561,-0.1617097,-0.270622,0.006874255,0.344784,0.7327322,-0.04559487,0.1375941,-0.2510096,-0.2756398,-0.03434563,0.3188365,-0.2223931,-0.3517389
;
