-0.2219035
0.05034584
-0.0837141
-0.4855996
0.4723047
-0.1286373
0.4560946
0.2959985
0.3446774
0.1592886
;
-0.2459465,-0.4394888,0.196599,0.01602,-0.08905393,0.1640591,0.4450126,0.4043015,0.2707806,-0.1139221
0.03602463,0.4812562,0.3936437,0.1873714,-0.1298125,0.005655706,-0.1485552,0.1000296,-0.469111,0.1982338
-0.1268085,0.2352943,-0.2173048,0.2304848,-0.4555269,-0.2156785,0.4712518,-0.1004366,-0.04844195,-0.03079051
-0.4027208,-0.07452542,-0.3218135,-0.4655355,-0.4749284,0.3971393,-0.4728361,-0.2505388,0.1095302,-0.3886925
0.193956,-0.4527218,-0.2281139,-0.09516498,-0.2430812,0.2667713,0.2571765,0.2888871,-0.03855437,-0.21841
-0.3512034,0.3307128,-0.3886691,-0.4992964,-0.4297307,-0.4635764,-0.1186314,-0.09694582,0.4270762,-0.2071646
-0.3555597,-0.05615133,-0.135735,0.2510411,-0.3241454,0.1612638,-0.4899031,0.07735091,0.1079332,0.1356184
-0.04997379,0.4408263,-0.1358796,0.09965509,-0.1009666,-0.413113,0.4025259,0.05782801,0.3821243,0.4720976
-0.3236195,-0.01499552,0.6370751,-0.08243078,-0.4769,-0.1435944,0.3246174,-0.3629781,0.365695,0.05184823
0.4018698,-0.2948055,-0.2878146,0.192103,-0.3268806,0.1444895,0.1421853,-0.3913194,-0.1467624,-0.3054359
;
-0.3313011,0.1934365,-0.09568673,0.15433,-0.3161094,0.1769919,-0.362506,0.446926,0.22066,0.09950608
-0.211963,-0.001646459,-0.465212,-0.0008146167,-0.4168934,0.2845838,-0.1213891,-0.2035198,0.4895332,0.09554356
;
-0.1307967
-0.4413929
0.007111628
0.3310285
-0.4915982
-0.1894627
-0.2932525
0.01853637
0.05834404
0.4396522
;
-0.07360637,-0.3162164,0.04929378,0.1626565,-0.3625027,0.03923617,0.04164845,0.2267377,-0.0007105794,-0.01932146
0.465102,-0.4993169,-0.2504185,-0.9405864,-0.06060954,-0.002081941,0.2854472,0.12654,-0.4503678,-0.09291732
0.5147022,0.2778025,-0.4684694,0.1500409,0.3526064,-0.01402241,-0.1578901,-1.948716,0.2220615,-0.008377112
-0.3940895,0.1541134,0.02630699,0.637771,-0.06109947,0.04124522,0.1195677,-0.6669946,0.1206249,0.01021047
-0.1426747,0.01162756,-0.1096461,0.1080019,0.1053839,0.03868325,-0.1185013,-0.2481575,0.4617732,-0.084701
-0.5509902,0.3819418,0.2553772,-0.1571549,0.2882348,-0.001115262,0.002215015,-0.007915275,-0.2018695,0.2645503
-0.1650052,-0.1287423,-0.005248083,-0.02475701,-0.2444657,0.2090356,0.006543134,0.4719371,0.06719201,0.4437499
0.0133401,0.1786268,0.4042271,0.2017815,0.2422132,-0.3149751,-0.02822837,0.01373137,0.3147483,0.208154
0.2167896,-0.3622918,1.06622,0.1438403,-0.01458727,-0.05679401,0.1616827,-0.1288526,-0.2366614,0.490219
0.1925123,0.2704199,0.3203027,0.296504,-0.103029,0.48671,0.433545,-0.05311063,-0.1805376,0.4330027
;
-0.1776148,0.01698275,-0.2442992,-0.34428,-0.2187155,-0.2638456,-0.2712243,0.00854236,0.4094402,-0.4047859
-0.09846033,-0.2118789,0.02552946,0.04085726,0.02072333,-0.6446793,0.3136644,0.2340717,0.4115071,0.1886725
;
-0.2855482
0.3943229
0.3462624
0.005485642
0.196458
-0.1830905
0.4108183
-0.2699187
-0.6731198
0.1219013
;
-0.4897238,0.08132064,-0.3531058,-0.09207942,-0.1970132,-0.1982442,-0.4644077,0.01442024,0.002401726,-0.1559994
-0.05829459,-0.4172821,-0.3437411,-0.3565753,-0.02779871,0.005404041,0.1640072,0.2322507,0.09264599,-0.01509654
-0.4808694,-0.04137112,-0.01736521,0.06073227,0.06765805,-0.5983362,-3.445229E-07,-0.1422613,-0.2987595,0.2447107
-0.2955853,-0.1097452,-0.4214464,0.2809927,-0.2262783,0.001369991,-0.013529,-0.5087816,0.03814802,0.06961364
0.04114554,0.205909,0.3857718,-0.008425772,0.5495452,0.03242264,-0.4994167,-0.004265023,-0.2811691,0.002965879
0.0402342,-0.1192201,-0.01918608,-0.1115676,0.1232554,0.03181514,-0.147225,0.1412724,-0.05284793,0.1584079
0.6001874,-0.468877,-0.00128712,-0.1302985,1.338007E-05,0.08917617,-0.2459722,0.3102843,0.001104336,0.4630417
-0.2360842,0.2558972,-0.001666963,-0.02106743,-0.06386203,0.2672063,0.1058392,-0.05921811,0.002552616,-0.1404802
0.01320138,0.01192314,0.00022197,-0.5586273,0.06446056,-0.1656812,0.05866582,0.1866553,0.3209294,-0.4076842
0.2442086,0.01588732,0.06061572,0.09117704,-0.6364282,-0.1613156,0.1829369,-0.3851291,0.1222843,0.8287493
;
-0.3820443,-0.1050838,-0.02447431,0.005916803,0.1170698,-0.3043672,0.1173242,-0.01740418,-0.2903939,0.005293176
-6.707169E-07,-0.259145,-0.06154653,-0.0966767,0.08694881,-0.1667239,0.4688826,-0.1164289,-0.2936365,-0.2710912
;
-0.003493831
0.3351265
-0.2150361
0.00136963
0.06851218
-0.3215331
0.434837
-0.06330627
0.002882723
-0.3311075
;
-0.08569449,-0.44067,0.05412457,-0.4858491,-0.3028659,-0.03443104,-0.02537795,0.01119362,0.3010143,-0.2656332
0.3233387,-0.2139387,-0.004692455,0.003871824,-0.02475345,-0.06457128,0.1482638,-0.7671063,0.43629,-0.04085812
-0.3614043,0.01494721,0.6492354,-0.05270678,-0.008695881,-0.03249482,-0.1429725,-0.2931849,0.2203758,-0.4504787
-0.1910393,0.1471281,0.542235,-0.5597207,-0.0004477504,0.02321742,0.1823252,-0.02567057,0.0199675,-0.1877746
-0.003621946,-1.340483,0.07715113,-0.08394498,-0.03760659,-0.3445143,-0.0130318,0.4292028,-0.09960932,-0.2224818
0.2622837,-0.23934,0.1506824,-0.2881931,0.4377024,0.2119242,-0.305647,-0.2694843,0.480669,0.4752903
-0.06556784,-0.05578677,-0.06747323,-0.01581893,-0.6570521,0.1398715,0.007397115,0.405582,0.6314698,0.3277111
1.835479,0.371111,0.1861219,0.1959674,0.2278031,0.4665283,-0.276104,0.01072933,0.02775616,-0.7072427
-0.07640025,-0.1171236,0.002190393,0.01111634,-0.01660365,-0.0001792237,0.1875883,-0.1262393,-0.06216449,-0.003404089
0.2503943,0.07393318,0.06506027,0.3402311,0.2702457,-0.03251449,0.3505591,0.1750138,-0.4664669,0.005687541
;
-0.5766302,-0.1235427,-0.4813408,-0.1180876,0.2737343,0.1151913,-0.5893151,-0.1951497,-0.003400404,-0.1389718
-0.2236492,0.006603137,0.4032486,0.1003516,0.5228907,-0.4355668,-0.01944684,-0.04108888,0.04829484,0.07353316
-0.4451998,0.1291125,-0.06806882,-0.1064948,0.0001483511,-0.09951064,0.3857116,-0.1286125,-0.3413125,0.4325818
;
0.1807417
0.101354
-0.3977281
0.05882146
0.01121563
0.1054184
-0.1052579
-0.09772998
0.509075
-0.09662073
1.142405
0.3228893
0.2210111
-0.4793591
0.8292004
0.3505344
-0.1677085
-0.06555004
-0.454244
-0.03850883
0.5190907
0.1129299
0.209467
0.223561
-0.3268424
-0.3372146
0.3795716
-0.2025042
0.361884
-0.4047634
;
-0.4372718,-0.02629316,-0.1054399,0.4908522,-0.02673033,-0.05092043,0.4488517,0.07595593,-0.1748033,0.3048087,-0.1470926,-0.4337075,-0.28133,0.01925872,-0.9387604,0.4704353,-0.6656238,-0.2662802,0.07054096,-0.8839107,0.08211972,-0.007431522,0.5617645,0.3905292,1.460483,0.07300629,0.4468451,0.1199592,-0.3494098,0.4153177
0.066423,-0.2020034,0.1706119,0.06213951,-0.3758196,0.2083298,0.1703635,0.2037152,1.167139,0.731235,0.02810464,0.2083465,0.1997949,0.4842006,-0.4056028,-0.3011671,0.286759,0.1344887,0.0163975,0.1715921,-0.08059316,-0.006063669,0.3801042,-0.08611525,0.4607038,0.2813089,0.05839683,0.2967715,-0.08089656,-0.1330237
-0.3107476,-0.1682068,-0.3224845,-0.09579895,-0.002237042,-0.4915048,-0.1005262,0.3370642,-0.4715297,0.04888179,0.9193422,-0.1772078,-5.30727E-05,0.3499215,-0.6849028,-0.7846115,-0.3884356,-0.07336655,-0.3495256,0.1849988,0.07278779,0.415095,0.05577073,-0.4741237,-0.08492652,-0.4428928,-0.1750461,-0.07696335,-0.001695179,-0.007380062
0.07214076,-0.1082926,0.1339662,-0.2489155,-0.08558577,0.6172125,-0.07590991,-0.4708128,0.1251417,-0.001298471,-0.00855232,-0.07355927,-0.3762101,-0.2048136,-0.005999705,-0.3505219,0.02211306,0.1208021,-0.1959829,-0.2512025,-0.1359028,-0.1364091,0.4446263,-0.3777531,0.4771308,0.1330766,0.1281172,0.1541862,0.1686327,0.9011009
-0.4892011,-0.08959371,-0.05156726,0.3254867,-0.2471477,-0.3865622,0.2963418,0.2434261,-4.090272,0.3533682,-0.2325389,0.02528816,-0.1077851,-0.401483,0.281231,0.03555758,-0.1836996,0.09295284,0.3073453,0.05710086,-0.3848821,0.3568971,-0.1365091,-0.2887795,-0.2142974,0.1868957,0.2101392,-0.02742925,-0.04403605,-0.01667332
-0.09010922,0.219652,0.05250679,0.2198252,0.01337954,0.09817477,0.001692168,-0.1852303,-0.1081626,-0.01654208,-0.4401768,-0.3606781,-0.4712479,-0.1837429,-0.1200544,0.02816945,0.4077469,-0.05556267,-0.1146799,-0.2837527,0.03397519,-0.1899514,-0.5455505,0.2120509,-0.006346056,-0.6448497,-0.04534016,-0.3672381,-0.2063269,-0.007011112
0.002232772,-0.5283881,0.340583,-0.1559194,-0.1235063,-0.1823201,-0.3345108,-0.04405978,-0.2277789,-0.1706143,-0.04979416,-0.04447907,-0.4487696,-0.5698159,-0.3889613,-0.09971815,-0.3218561,-0.2960061,0.2138641,-0.3544917,0.01928382,0.0433286,-0.3207593,-0.3418776,0.1641989,0.03504827,-0.5659829,-0.0003710463,0.11968,0.525083
0.1717777,0.4951308,0.09316953,0.06296103,-0.001268685,-0.03576505,0.4547691,-0.5987939,-0.07492944,0.1244381,-0.1571998,0.1668934,-0.2575826,-0.002979588,0.3081657,0.4019955,0.486794,0.01715904,0.02176679,-0.002414029,-0.06501704,-0.07267326,0.2504028,-0.2006206,-0.002844553,0.002070721,-0.1579311,0.3488733,0.1306085,-0.09019975
0.2832186,-0.06679162,0.05530477,-0.2636719,0.0003206245,-0.1253579,-0.01839217,-0.2067723,0.5570696,-0.1312886,0.4105938,-0.4301876,-0.2624501,-0.2485902,-0.08138844,0.463263,0.003907875,0.4725715,0.3655819,0.4291869,0.6082628,0.001800577,0.02107319,-0.2395047,0.4744806,0.03768943,-0.4685526,0.004664555,0.2878952,-0.2362454
0.04168628,-0.2634565,0.4779967,-0.2022291,-0.4613492,-0.3527013,-0.2130482,0.2763529,-0.1716059,-0.1769291,0.04325884,0.258224,0.1446026,0.1409917,-0.3193117,-0.4524494,0.1178314,-0.09237629,0.143536,0.3208847,-0.7318805,0.4373946,-0.5505603,-0.022201,0.0766582,-0.007157639,0.044868,0.5572588,1.444142,-0.7347145
0.4765164,-0.660198,-0.1900935,-0.01596206,0.1262306,-0.9339969,-0.003571148,0.1955465,-0.148358,0.1978308,0.0685901,0.0512885,-0.206458,0.07738875,0.3910599,-0.1651484,0.3940119,-0.1240827,-0.313898,0.1292819,0.5083693,0.7666783,0.4458498,-0.00606576,0.008817951,0.02402988,-0.0446393,0.342154,-0.002614565,-0.002963566
0.7645629,0.1009298,-0.3667472,0.09094711,0.1612167,-0.002448607,-0.6554705,-0.3274208,0.3888589,-0.07199731,-0.3220472,0.06645875,0.008991539,-0.2359387,0.09390491,0.4801084,-0.1041438,-0.08577766,0.9956775,-0.3960423,-0.2321287,-0.07551982,0.2829947,-0.07442063,0.2301244,-0.5540751,-0.3169764,-0.1936513,-0.2481855,0.03065725
0.1660828,-0.3073072,-0.09333722,-0.3278157,0.4521796,0.05869379,-0.005053561,-0.2140417,0.2005346,-0.1151494,-0.0004226609,0.1249982,-0.3097357,4.932271E-05,0.4055912,-0.08204943,0.02892833,0.1186334,-0.3332913,-0.01051766,0.25485,-0.06959897,0.1292404,0.3431481,0.2445788,0.0006748938,0.4984157,0.4167895,0.252315,-0.2016873
0.2572142,0.03696471,-0.08966221,-0.04997391,0.07949664,-0.3241788,-0.05038732,0.5692587,-0.402745,0.3271019,0.01231194,0.004563112,0.007738564,0.9546628,0.04092606,0.1874024,-0.5891559,0.3942487,-0.2330447,-0.003330603,-0.004829069,-0.1232544,-0.2423452,0.3914653,-0.1249847,0.1906785,-0.202592,0.3339425,-0.2616847,-0.1095002
0.1165367,-0.04250683,0.7840192,0.09308757,-0.1855975,-0.01477578,-1.068759,0.2775323,0.3724754,-0.02074355,-0.3922555,-0.8074358,0.08461732,0.07859155,0.1622055,0.1030155,-0.9139231,0.006575787,0.3238958,-0.3252062,0.003337444,0.05027765,0.06285123,-0.3639066,1.102892,0.04090211,-0.04985255,0.02908736,-0.4506229,-0.1377514
-0.1020229,1.343078E-05,-0.01101117,0.1110077,0.1180742,-0.6912525,0.01610847,-0.03313283,-0.04014686,-0.02517303,-0.02894739,0.3276196,-0.03995902,0.004580851,-0.09549652,-0.06212896,0.02097622,-0.01018447,0.3972999,-0.005548894,0.4881264,0.2471838,0.2464513,-0.1643537,-1.776668,1.396173,8.522058E-05,-0.03933185,-0.1163034,0.07039525
-0.1633999,-0.6046927,1.009878,-0.149361,0.06891341,0.07703114,0.4887441,-0.03854633,-0.008987514,0.00270747,-0.1175167,0.003536645,0.004159177,-0.9942369,0.1159073,0.1994359,0.4980483,0.1876836,-0.07939869,-0.07367113,0.0004714409,0.05700929,-0.5171497,0.02413443,0.1607616,-0.02029137,-0.1468698,-0.8558035,-0.1816912,-0.5569843
-0.05085651,-3.209567E-05,-0.05476362,0.2220121,-0.5123728,-0.3004528,0.04043802,0.3266382,0.02227257,-0.1344514,-0.4005474,-0.3793684,-0.0003968138,0.04369849,-0.4760566,0.007145716,0.4049173,-0.01906412,-0.3280022,-0.09730435,-0.1372605,0.1131244,-0.08093646,-0.01063865,-0.3875768,4.558852,-0.3920336,-5.300418E-05,-0.05673881,-0.2374201
-0.3548046,-0.4098419,-0.1160936,-0.3189647,0.302812,-0.1538137,0.8563093,0.3022551,-0.3577535,-0.5752914,-0.3235283,-0.07384436,-0.223848,-0.008616063,0.3238301,0.2155892,0.3314474,-0.004883789,-0.01585134,-0.185779,0.172503,-0.0004346865,-0.2144211,0.2410441,0.07362319,-0.4247262,-0.1419701,0.3134211,-0.2469429,0.1727662
0.009245466,-0.8787662,0.9729324,-0.390668,0.6505457,-1.160018,-0.006268193,0.1703199,0.4310353,0.03776329,0.2580532,0.04240716,-0.4429904,0.02143611,0.008724024,0.8201442,-0.01622888,0.1246788,0.4686624,0.0002777656,-0.3468664,0.2782224,-0.02442597,-0.3230351,0.4786845,0.3729991,0.7670436,0.2314758,0.1720659,0.1641741
0.3481004,0.2247703,-0.01079783,-0.4061522,-0.04164642,0.3897794,0.1418122,0.0584831,-0.342537,-0.02974628,-0.1326721,0.05149168,-0.06985515,0.155784,-0.1534298,0.02326022,-0.1439359,0.3465872,0.03435026,-0.06124097,0.4117349,-0.5015475,-0.3467421,0.07201998,0.07041675,0.02506085,0.0009724337,-0.2150086,-0.3636564,0.08320617
-0.02881351,-0.5224983,0.1451968,-0.3379103,-0.01415603,-0.1427915,-0.4825248,-0.01475284,-0.05264895,0.2603161,0.1170454,0.4852636,-0.08048971,-0.004808724,0.5569031,-0.004507115,0.2090989,-0.1621962,-0.4421463,-0.8167731,0.2182474,0.1214526,-0.01762261,-0.2186407,-0.01879035,-0.1002113,0.07012115,0.1486093,0.02466768,0.6423402
-0.03887233,-0.4942002,0.1617787,0.06221211,0.08806092,0.09035179,0.02951765,-0.103142,-0.02138953,-0.06237274,0.003484572,0.5360821,0.8245379,-0.00807895,0.6519398,-0.009714667,-0.05520114,-0.1836394,0.0953346,-0.1168986,-0.005263507,-0.5161313,-0.3099492,0.09257481,0.02435094,0.4569317,-0.124254,0.2560647,0.0003209687,-0.1350135
0.1012567,0.1380118,0.3139821,0.3164066,-0.1613243,-0.08562976,0.3594541,0.02283127,-0.09442583,-0.0866624,0.3614593,-0.4048406,-0.07520796,-0.04730251,0.05857864,0.03929241,-0.04923851,-4.230038E-06,-0.1588379,0.04759718,0.00625558,0.4016303,-0.07698184,0.02053851,0.2846147,0.4913187,0.6468537,0.08641821,0.07775087,-0.439463
-0.4372282,-0.009707781,-0.04293102,0.195786,0.06784357,0.488332,-0.2619697,-0.0004159156,-0.3427607,-0.003443536,-0.1550438,0.3269435,0.08543921,-0.09792373,0.07216701,0.2477897,-0.07652663,0.154143,0.2605298,0.1268502,-0.2263548,0.04945241,0.4149667,-0.1795397,0.05980362,0.6639253,0.04222113,0.01469354,0.397199,-0.1267133
-0.2859275,-0.004553639,0.1794987,0.2367766,0.03604556,-0.010876,-0.02540819,-0.09048229,-0.2909912,-0.1423492,0.3260671,-0.2251751,-0.06680895,-0.4940776,-0.001157701,0.2768416,-3.452617,-0.3014147,-0.012706,0.01183456,-0.004772768,-0.02632222,-0.4410887,-0.1888725,0.09436165,0.1695596,-0.371068,-0.00302216,-0.003402889,-0.3459511
0.4229093,0.05173498,0.1150362,-1.316936,0.2137986,-0.3150238,0.3861617,-0.001120101,-0.2698339,-0.4049851,0.3578454,0.2119701,0.2118139,0.1593656,0.4283451,-0.06614572,-0.06765809,0.1686814,-0.1128059,0.4346398,-0.2137446,0.2617287,0.1534466,0.3571594,0.1554605,-0.3992001,0.3353103,0.2381915,-0.1332695,0.01130491
-0.08273941,0.3228757,1.10289,-0.1701316,0.3473499,-0.327963,-0.2582556,-0.07271809,-0.2810841,-0.09851175,-0.03610183,0.4018984,0.3923827,0.4709461,-0.1604285,-0.004360795,1.065175,0.1532425,0.219507,0.009751439,-0.1524687,0.3496267,0.4357187,-0.9907209,-0.1302838,-0.06009847,-0.8406063,0.1120468,-0.110642,0.003362973
0.2484605,-0.1894012,-0.2980917,0.1951578,0.3374902,-0.2120715,0.273322,-0.220146,-0.07893309,-0.01748586,-0.0105925,0.262268,0.06666523,0.01111281,-0.2461465,0.3854498,-0.246868,0.4781307,0.08497649,0.3987854,-0.01688945,-0.5551317,-0.006836398,0.03146935,0.2704369,0.0452732,0.2834415,0.3603302,0.1379667,-0.004109784
-0.2249596,-0.001009524,4.680883E-05,0.3003512,-0.4694389,0.019134,-0.7344217,0.02755493,0.320869,-0.407655,-0.006672961,-0.232968,0.6473086,-0.2977114,-0.2830086,-0.01120477,-0.1185715,0.00772661,-0.1649211,0.007634436,0.1301279,-0.1783649,0.4330305,-0.49074,-0.02676437,-0.01959308,0.03446037,-0.008759069,1.153138,-0.3339171
;
-0.5920615,-0.3206239,-0.07120293,0.1269933,-0.07766093,-0.5184183,-1.458607,-0.0007790923,0.2606269,0.3689174,-0.193963,-0.01662356,0.006827909,-0.3220414,-0.006116988,-0.1379427,0.03096469,0.1532465,0.003360661,0.03805751,0.08644329,-0.08060223,0.1254697,0.0001149058,-0.06075889,0.06071264,0.06115853,0.117395,-0.2048487,-0.1897748
0.06655142,0.08605248,-0.001567617,0.1709253,-0.1115655,-0.2925042,0.1496268,0.0130405,-0.4726756,-0.09869476,0.01997636,0.02595653,0.001235256,-1.906257,0.01938372,-0.2642351,0.5162202,0.0152586,0.5020138,0.3930072,-0.2312379,0.01853227,-0.026796,-0.04023311,-0.08995962,-0.00447287,-0.00649069,0.4264721,0.1182566,-0.4381342
0.4624335,0.3108968,-0.1354951,0.3886364,-0.516794,0.02828916,0.1031518,0.08690847,-0.2691519,-0.03086485,0.1049862,-0.0003023804,0.05476587,0.4459647,-0.0144833,0.4499536,0.0005951622,-0.0532038,-0.04759721,0.1601324,1.271587,0.00748632,0.03779882,0.3812398,0.02808583,-0.0006385426,-0.173291,-0.2400952,0.04523331,-0.1325749
;
0.1730922
-0.1116978
0.1005518
-0.04037732
0.0005385246
0.5466768
0.2140168
-0.4673157
0.5641522
0.05297994
0.006343901
-0.6265441
3.875527
-0.0065618
-0.3803271
-0.04683903
0.3550536
-0.3787487
-0.1313215
0.165928
-0.3320268
0.1609679
0.2152557
0.00216112
0.4798571
0.2877771
-0.3984932
0.4158471
0.6794013
0.3678164
;
0.04316165,-0.3675481,0.2970222,-0.0008943523,-0.2954191,0.3599465,-0.9465703,0.357344,-0.4236702,0.1253475,-0.04720157,-0.4523162,-0.0001941901,0.3766149,0.1079046,0.007940398,0.0483212,0.04438229,-0.1265034,-0.2169359,0.2114817,-0.2627046,0.1738022,0.4415739,-0.09544817,-0.1622751,-0.4653175,0.1640854,0.06864989,0.04724888
0.01525411,-0.03935245,-0.1581415,-0.169733,-0.07168322,-0.2205101,-0.02192384,0.03845703,-0.2145302,0.4814816,0.01269277,0.2173209,0.683828,0.1725731,0.05852014,-0.2765995,0.01695927,0.2915363,-0.009356439,0.02405576,-0.423434,-0.4285177,0.2080414,-0.05983395,0.3648134,-0.3303273,-0.04201151,-0.09357562,0.1779268,-0.005820292
0.07957138,0.006586346,0.02191368,0.07179021,-0.04536833,0.004159092,0.07123302,0.497594,0.3750716,-0.3072123,0.000232173,-0.02757472,0.2570995,0.3554038,0.2662359,-0.1678413,-0.05972759,0.002009331,-0.3187685,0.07427283,-1.060665,-0.0001777388,0.1653263,-0.105031,0.05716608,0.05223637,-0.4723958,-0.1752187,-0.02122393,-0.527538
-0.3991651,0.0364296,0.3319615,0.2206297,0.0116021,0.002371725,0.4500551,0.6740866,0.4690113,-0.3321329,-0.01186675,0.3349466,0.4360546,-0.4741787,0.002888677,0.0122842,-0.4731679,0.162431,-0.3820992,0.3326781,0.8960634,-0.9042045,0.01745677,0.3617139,0.2203214,-0.5982495,0.09193128,0.02218571,0.02530558,-0.3914105
-0.1570945,0.395124,0.2320983,0.4158145,0.4948398,0.0002284201,-0.3082891,-0.001172156,-0.05522676,-0.3002808,-0.3635284,0.2252265,-0.03929895,0.005275945,-0.3308201,0.06018167,1.230894,0.1949142,-0.4722416,-0.2499422,-0.2950407,-0.3638451,0.002975421,0.05956873,-0.147009,-0.9596972,0.04138374,-0.372565,-0.1306317,0.02052257
0.4189997,0.03548127,-0.4458025,-0.1037975,-2.346198,0.4925928,0.2400965,0.2776772,0.7442139,0.02002848,-0.3764831,0.3042706,-0.2126542,-0.0004651113,0.9462324,-0.09920484,-0.000145141,0.427158,-0.1688031,0.1192407,-0.1788319,0.3182642,-0.0351739,-0.03134205,0.1315927,-0.3999858,0.4925402,-0.2444091,-0.1047056,-0.05425075
-0.063631,0.3380383,0.7248018,-0.03026677,-0.02121186,-0.08416814,0.3638527,0.01228787,0.8227565,-0.5310665,-0.08889516,-1.304755,-0.0599189,0.4587308,0.03606889,-0.3175176,-0.3031732,0.01091136,1.5696,0.09077355,0.07497983,0.3873962,0.01363255,0.02026576,-1.010695,0.5570498,0.6287286,0.08647209,-0.07463986,0.1215687
0.0513131,-0.1315163,1.076532,-0.3560607,-0.1766659,-1.035322,0.1353039,0.02647478,-0.3216158,-0.1018991,-0.2247728,0.3587434,0.4744587,0.1342937,-0.07870426,0.02910477,0.004954626,-0.3734714,0.1579783,0.4982586,-0.2739365,-0.2445446,-0.1707092,-0.01508431,-0.08034609,0.1605469,-0.01667517,-0.1913272,-0.01277489,-0.08395834
0.04576295,0.5872383,0.373369,-0.1696243,0.2399971,-0.3902946,0.6244503,0.2922891,0.3457654,-0.006804508,0.1380951,0.2280011,0.3900538,-0.1460577,0.03050066,-0.1361215,-0.08237659,-0.476723,0.2837586,0.1517775,-0.5326127,0.1162851,0.1875245,-0.2319906,0.01315635,0.1172345,0.01654547,0.00876574,0.06733168,0.25238
-0.0803021,0.003119353,0.3631872,-0.1010821,0.3760554,1.029567,-0.01581051,-0.4539924,0.1807514,0.3671555,-0.05669039,-0.02115992,0.410307,-0.09900898,-0.03529394,-0.4845105,0.1165077,-0.774677,-0.04560822,-0.3155463,1.384755,-0.7961941,-0.3893569,-0.1632839,0.1451194,-0.2027125,0.2045313,-0.2728938,-0.1543767,0.2051099
-0.2010215,0.1978723,0.4697676,-0.06609469,0.002784398,-0.005070865,0.2141267,-0.03765029,0.3839862,-0.2144246,0.4454365,0.0503352,-0.1486907,0.3921885,0.1195242,0.4916928,0.005446498,0.04195232,-0.2312587,0.03391668,0.2047509,-0.2469937,-0.9500627,-0.3357938,0.2706857,-0.3703905,-0.2825761,0.4311281,0.4410098,0.03855535
0.03866929,0.09802995,-0.3709094,0.1116078,0.08704021,-0.2813705,0.2581141,0.4828864,-0.1878083,-0.147599,-0.09646925,-0.002579314,-0.4908311,-0.5285205,0.3837723,0.3049701,0.2933781,0.5895558,-0.001089519,0.3651152,-0.07391442,-0.1106487,-0.09338377,-0.006751075,0.09820617,-0.006859737,0.3167505,-2.920111E-06,-0.3025463,0.0007225805
-0.2324341,-0.372248,0.1597161,-0.2887754,0.2527799,0.0008410811,0.2120538,0.463865,-0.5835924,-0.0488587,0.1463959,-0.2907729,-0.1478041,-0.3698102,-0.1466429,0.7111311,-0.3176416,0.001294398,-0.03239458,-0.09573132,-0.07351748,0.1048019,0.04205983,-0.2146559,-0.2907335,0.4608674,-0.02210063,0.5336136,0.524211,-0.07162572
-0.1982157,-0.6377907,-0.1332881,-0.1425439,-0.2226907,-0.2614481,0.30209,0.1495112,-0.01921149,-0.3349475,-0.1737364,-0.4343727,0.1078997,-0.2318671,0.000225454,-0.07137853,0.00487242,-0.09839918,0.3216624,0.2399517,-0.251442,-0.05374501,-0.01475749,-0.262629,0.3815943,0.1135709,-0.172265,0.0682326,-0.002022698,0.2108504
0.2448016,0.05466757,-0.4339391,0.02464095,0.3845105,-0.4031041,0.08930197,0.02131751,0.3206238,-0.02793172,-0.002565559,0.04837455,-0.02416676,-0.2495569,0.3464727,-0.01592288,-0.02999384,0.4867647,0.3938234,-3.521651E-06,-0.3766193,-0.07648346,-0.3507021,-0.1151566,-0.5350532,0.1130869,0.03236356,0.06733008,0.04140502,-0.01711604
0.001482658,-0.7051936,0.1122981,0.008019788,-0.3909988,0.01585072,-0.01476103,-0.1796247,-0.7198833,-0.02263563,-0.1558179,0.7162825,-0.4056305,0.009643272,0.3238791,-0.007624124,-0.03936582,0.4847506,0.01070054,0.111757,-0.03114094,0.4925915,0.005368343,0.1297476,0.2321758,-0.8562216,-0.01471989,-0.8050799,0.1009586,-0.09688934
0.1908209,0.1339306,-0.01009221,0.02289982,-0.113717,-0.4636326,-0.0403741,-0.4297248,-0.5490755,0.1432824,0.0002623407,0.03056996,-0.0004438424,0.1775626,0.4778489,-0.1562169,-0.2464938,-0.3044538,0.3329822,0.3076147,-0.04210116,0.0003927984,-0.06591523,-0.3793755,0.00021409,1.587481,-0.2054147,0.0461257,0.001313252,0.3237317
-0.182595,-0.009730955,-0.4349097,0.08211114,-0.1426778,0.1674079,0.3288199,0.4814714,-0.02154959,0.1573598,-0.273702,-0.4520147,-0.1484072,-0.007315096,-0.01703735,0.1461587,-0.06344239,-0.05332328,0.08808643,-0.2074044,-0.02124877,0.0242663,-0.004877691,-0.0007717719,0.3574809,-0.1192097,0.1064009,0.09010707,0.7412476,0.08350509
0.005984962,0.5940027,-0.1664632,-0.08734524,0.129176,0.07747468,-0.1259224,-0.009423712,0.07789658,-0.1964785,0.220119,-0.5867323,-0.1280306,0.2405424,0.1515231,-0.156007,-0.06269521,-0.7584761,-0.3034736,0.5875622,0.2750144,0.2903535,-0.04796976,0.163587,-0.02967083,-0.4992175,-0.0300823,-0.03169004,-0.3388622,0.02348866
-0.04674136,-0.09361898,0.2646049,0.02006729,0.06146082,-0.3246982,-0.0006451015,0.04980512,-0.05623465,0.08145441,0.1608667,0.2901208,0.3863698,0.000919834,0.01935683,-0.01871039,1.956072,-0.05341839,-0.06121334,0.2798208,-0.7574946,0.09725619,0.4476659,-0.02409236,-0.1221028,0.02329509,-0.2934754,-0.7046657,0.003375536,-0.6633604
-0.008597014,-0.1810099,-0.1812485,-0.2361104,-0.04712957,0.06875876,0.1441115,0.1206036,0.2880057,-0.8906063,0.1159153,-0.5107191,-0.05486156,-0.02088352,0.2446078,0.3034299,0.0430261,-0.542038,0.4202616,0.3205733,0.2732185,1.40358,0.2465711,0.1517409,0.08929814,-0.1297214,-0.0007180508,-0.08578855,-0.01013751,-0.08023517
0.2454632,0.5267884,0.1255652,-0.3401146,-0.002398742,-0.04354174,0.02300393,-0.05274218,-0.03072459,0.2081355,0.4635483,0.001007598,0.2188729,-0.3228891,-0.1435543,0.3380351,-0.6065599,0.01975559,-0.4164636,0.1127765,0.4087243,-0.3902345,-0.5331157,-0.1502931,-0.04117817,-0.1536906,-0.04376017,-0.6523937,-0.05491859,0.1468263
0.1813378,0.006197328,-0.02874953,-0.01231438,0.08839559,0.1024023,0.3220634,-0.3009354,-0.01360866,-0.74618,0.003195236,0.07720018,-0.3881003,-0.7480493,-0.0009877057,0.2098237,0.1584279,-0.005544841,-0.2374218,0.4308364,0.7366708,-0.6259727,-0.0195821,-0.09064069,-0.3729161,0.002156844,0.007172464,0.2117389,0.008259462,-0.1319008
-0.01606852,-0.3168408,0.08043173,-0.4348151,-0.1211956,0.3142105,0.2910969,0.04326278,0.05298108,0.06818208,0.006385302,-0.09705733,0.003601155,0.3637375,-0.1948238,0.169156,-0.3168368,0.07083172,0.4459614,-0.03989819,-0.08164807,-0.03240462,0.2291535,-0.1461182,0.1231361,-0.1133888,0.2121198,0.08035291,0.142356,-0.5466293
-0.2721566,-0.4600339,0.9072689,-0.1085434,-0.1509078,0.014213,0.2632577,-0.479642,0.1338304,0.0003024429,0.1156843,-0.8077646,-0.2576394,-0.2081987,0.2462611,-0.2370465,-0.4004688,-0.3891203,0.060026,-0.08843082,-0.03608358,0.2632058,-0.02499383,-0.4011231,0.0007752801,0.5662706,-0.7225188,-0.1812893,-0.06467895,-0.1750917
-0.214685,0.06030756,-0.4238227,0.1434449,-0.001853609,0.007740819,-0.3106529,-0.03741475,-0.1012107,-0.1284507,0.1013052,1.328416,-0.1781383,0.2994565,-0.1888331,-0.4904763,-0.0005363783,-0.01021902,0.02235678,-0.0004067936,0.2949675,-0.04847721,0.3205734,-0.4689164,0.006133235,0.01466719,-0.01722645,0.7582202,-0.1497417,0.1059793
0.005147231,-0.3329266,0.746817,-0.001621829,-0.1255306,-0.02143321,-0.2025304,-0.2421466,-0.1805799,-0.1580183,-0.2211364,0.3313827,0.09935042,-0.1940603,0.001569435,0.4853966,0.5544177,-0.1775323,0.06198126,0.05337209,0.4540587,0.3566196,-0.2711356,-0.3870326,0.04784592,0.1806592,0.002073477,0.006732276,-0.1525546,0.1418149
-0.05822569,-0.0714675,0.5495818,-0.2771577,0.04961203,0.2936062,0.4911028,-0.6555007,0.143585,-0.1748924,0.1372816,0.1679737,0.3601028,0.2123594,-1.315044,-0.1450324,-0.02598763,0.04840879,-0.4693961,0.3828047,-0.05279011,0.1466115,0.03368833,-0.009564211,-0.8181579,-0.01000669,0.003787473,0.04149801,0.295848,-0.5364538
-0.1123236,-0.001409451,-0.1094395,0.09490884,0.2994822,0.0384207,0.04260473,-0.008959578,0.01659163,-0.2432791,-0.08562238,-0.1209722,0.5856985,-0.008290892,-0.7160038,-0.08538999,-0.139634,0.2536242,-0.03770179,-0.05932289,-0.01587445,0.139965,-0.03161384,-0.06008488,0.4729452,0.1480513,-0.3386304,0.001909856,-0.5981979,0.4064023
0.0763538,0.4455028,1.020615,0.4592596,-0.1207779,0.4488276,0.2369129,-0.283169,-0.1242718,-0.1706618,-0.798129,0.03444728,0.2873183,-0.3267093,0.2415855,-0.2246073,0.03611261,-0.3968943,0.9844848,0.4894464,-0.07430138,-0.06495927,0.104293,0.1461029,1.411723,0.01775887,0.06333154,-0.0005727225,-0.1092852,0.3755752
;
-0.01369774,-0.006633782,-0.1763148,0.1746342,0.08258313,0.0842305,0.2870796,-0.02705122,0.0003636065,-0.03504576,0.1493055,0.03242415,0.0209344,0.4993259,0.02154712,0.4696649,0.2580066,-0.2249244,-0.2859405,0.02213076,0.1162661,0.2295458,-0.04458393,0.2197051,0.05957951,0.3285908,0.1958409,0.05683956,0.1317099,-0.05062149
-0.813557,0.02107312,-0.4705851,0.0482345,-0.3915055,-0.01366273,0.2930483,-0.03076226,0.1228821,-0.2837744,-0.1731923,-0.06120938,0.3359058,-0.1206868,-0.3281212,0.01121557,0.1760244,-0.2755544,-0.2586421,-0.1253938,-0.1067185,-0.001286024,-0.07803092,-0.8711724,-0.5784569,0.04073588,0.3499187,-0.05352662,0.1886006,-0.05001226
0.001450749,-0.1009703,-0.004213722,-0.0876133,0.2079875,0.03892065,-0.2426745,0.3850265,0.2436435,0.4929391,0.1884531,-0.06506961,-0.07541791,1.575599,-2.355479,0.06876043,-0.007823249,-0.07332154,0.06991619,0.0747297,-0.01346795,1.474627,0.0302221,1.145793,-0.06758384,-2.215304,-0.01838334,0.3569822,0.1263715,-0.2465817
;
