0.02421026
-0.3609059
0.3702317
-0.2182699
0.0003187459
-0.0001584149
1.289198
0.1117784
-0.2294315
-0.2683346
;
0.1908934,0.4245229,-0.04806147,-0.203451,0.4651186,0.09087819,-0.05357641,0.01098464,0.04177886,-0.119026
-0.7434881,0.09935981,0.4122281,-0.02268749,-0.003379273,0.2043886,0.2268942,-0.2485301,0.2483247,0.6954893
-0.245624,0.005234831,-0.119251,-0.2378108,-0.04950391,-0.03882652,-0.09001905,-0.1307603,0.2760344,0.494424
0.001331302,1.106021,0.5416106,-0.0007377575,0.06353294,-0.4268306,0.3594069,-0.40789,-4.859498E-05,0.1120599
0.1758723,-0.1753417,0.1545461,-0.5345313,0.1505571,0.00878668,0.501211,0.3278242,0.05691625,-0.4382678
0.1742576,-0.1012785,-0.4228631,0.1572968,0.003740577,0.4421697,-0.2378806,-0.08753095,0.2081971,-0.3092443
-0.03545472,0.2288501,-0.009692817,-0.8708755,-0.5895106,-0.4140871,0.6623664,-1.128316,0.04860956,-0.1699685
-0.3880571,0.03348193,0.1350194,-0.4871402,0.2366646,0.0003975342,-0.3260348,0.008082284,-0.0007353961,0.09018442
0.07660276,0.3027451,0.1119744,0.2044786,0.1702436,0.3353996,0.2402583,0.4544379,0.1525438,-0.0005834662
-1.505132E-06,0.04351198,-0.01521283,0.05942866,-0.02705699,0.03235464,0.4132994,0.8953128,0.4130689,0.02926029
;
0.0221269,-0.3486931,-0.187342,-0.1260633,-0.005559698,-0.255536,0.02359277,0.08475879,0.00625063,0.3342786
3.162626E-08,0.1161186,-0.1245757,0.02034597,0.09173452,-0.41145,-0.01958235,0.04079677,0.07750757,0.0006317963
;
0.01232249
0.4592437
0.3694212
0.07280529
0.128319
0.4837532
0.253162
-0.1788686
0.1080251
-0.0859285
;
-0.02044082,0.2525983,-0.01200565,0.206525,-0.04895818,-0.1829523,0.01861077,0.0215564,0.392811,0.1143877
-0.1143216,-0.2906931,0.1062682,-0.09809643,0.1934965,0.203226,0.3990136,0.06918982,0.7577285,0.03543571
-0.0350737,0.1542893,-0.1427721,-0.4612473,-0.2227498,0.1928121,-0.3234999,-0.02622282,0.05285254,0.3288026
-0.07014958,-0.1281736,0.1403492,0.07335813,-0.09204188,0.07175552,-0.03493255,-0.4768932,-0.1178452,0.1217476
-0.5460367,-0.5301372,0.066351,0.223986,0.3088868,-0.3418005,-0.303144,0.1472869,-0.080805,-0.2157627
0.1382478,-0.2864519,0.002500745,0.04489976,-0.6084265,-0.3534466,-0.0005512522,0.009348476,0.1260586,0.0199809
-0.1435327,0.3284919,-0.0524881,0.0001251833,4.142549,-0.1555333,-0.1356801,-0.1851185,0.2717257,-0.3678207
-0.5107852,0.2151135,-0.2763069,-0.002834619,0.382916,-0.1723379,0.3990146,0.08156878,-0.2487881,0.1780452
-0.07578665,-0.6165749,-0.4112723,0.02501376,-0.05814871,0.07893164,-0.03855539,-0.02331454,-0.3283218,0.1009741
0.2583703,-0.1947971,-0.3053302,-0.08910996,0.2410178,-0.05510882,-0.4580746,0.04000849,-0.4319051,-0.1918564
;
0.7630364,0.4026306,0.1130773,0.1300481,-0.07572375,0.108641,0.5041317,0.004895558,0.06070384,0.05383044
0.2028027,-0.3421043,0.009014547,-0.135709,-0.409903,-0.03968495,-0.03682584,0.03970201,0.05054928,0.1084037
-0.4118154,-0.7439725,0.3017429,0.003163746,0.6840717,0.9440759,-0.1390253,0.3868893,0.07750469,-0.01438816
;
0.0215016
0.003643094
0.3167191
0.3571477
1.275989E-07
0.4518076
-0.1199579
0.4282086
0.02952576
0.5001617
-0.4052028
-0.001176889
-0.3512474
0.0003129669
0.1831166
0.0004042154
-0.1358375
0.2029799
0.3756291
-0.00638959
-0.6497183
-0.01638994
0.389487
-0.003605185
-0.1161137
-0.034724
0.04506972
0.4536033
-0.0991599
-0.1654191
;
-0.006238082,-0.1323845,-0.2861601,0.0413372,0.03175134,-0.8532118,0.8154619,0.4755368,-0.2740849,-0.04982718,-0.1403683,-0.01186253,0.05031877,-0.07962374,-0.4114543,0.4636548,0.1325971,0.439761,-0.277572,-0.5516236,-0.03655746,0.4571233,0.1964925,-0.04039703,0.003664379,-0.02042357,-0.1571491,-0.3372319,0.3854644,-0.001517015
-0.1183063,0.08855396,0.142037,-0.1070857,0.7090318,0.1550109,-0.0667918,-0.06445869,-0.4909885,0.05310208,-0.4439572,0.2220928,0.02177244,0.419118,-0.0510555,0.02200992,0.436334,-0.1557026,0.1514588,0.2533393,-0.07815307,0.04352401,-0.3523909,0.0008683528,-0.3582592,0.2733886,-0.4480951,0.01443309,0.3782987,0.08941537
1.060224,0.4421143,-0.2106277,0.4073173,0.2066747,0.9135053,-0.1273687,-0.4825479,0.4594771,-0.4422467,-0.0666825,-0.3141626,0.08502677,-0.3686874,0.3338514,-0.01953016,-0.2482236,0.218143,-0.1176897,-0.01758676,0.09262782,0.02433354,0.07762503,0.004484535,-0.1598238,-0.09334809,-0.001148451,-0.6317312,-0.01267668,0.03650549
-0.08300691,-0.1608037,-0.08259584,-0.1594201,0.5201156,0.3280379,0.4883745,-0.008841693,-0.2265399,-0.4357578,-0.06790042,-0.3382421,-0.4019341,0.1864385,0.2405798,0.03072915,0.4890766,-0.0003509486,-0.6962629,-0.01042409,-0.4838789,0.0170473,0.5527076,0.4917972,-0.2727115,0.06619295,0.3644731,-0.4466704,0.2618002,0.515375
0.008548993,0.3959333,0.216611,-0.346597,0.1495754,-3.497977E-05,0.2962259,0.07313114,-0.03959614,0.1973754,0.1010217,0.2495797,-1.264836,-0.3658168,-0.1143372,-0.002354235,-0.004774203,-0.1520284,-0.5320321,0.3970134,0.3150352,-0.5300936,-0.2527394,0.03088912,-0.3146313,-0.1942919,1.50865,-0.07236398,0.706356,-0.2152025
-0.9537184,0.01949364,-0.2900685,-0.03435827,0.1013484,0.1760979,0.1344896,-0.07404181,0.1607632,0.04196853,0.06960116,0.2235029,0.2334052,0.08392826,-0.308476,-0.3725317,-0.1607092,0.4254442,0.1507186,-0.07308666,-0.005804099,0.1290973,0.2063342,0.2281582,0.2684696,-0.2001455,-0.06270766,0.2115597,0.2589997,-0.07652506
-0.4675224,0.06506723,0.002533863,-0.1415386,-0.1618169,-0.04544455,-0.3516077,0.003390464,0.06021952,-0.4251519,-0.5227758,-0.1816993,-0.07926996,0.05153447,-0.1880842,-0.1284841,0.0027316,1.871925,-0.1724197,-0.3967905,-0.999312,0.4823998,-0.3821204,0.223246,0.1749195,-0.006193286,0.3952048,0.2105806,0.002914869,-0.1959312
-0.06245579,-0.01486265,0.5106946,-0.06258906,0.4252586,-0.1735168,0.04166296,-0.003339469,0.08567744,-0.2184119,0.155321,-0.05166298,0.3127812,-0.0176869,0.1364148,0.679638,-0.3348341,0.05351052,0.002221344,-0.7415299,-0.4972318,-0.2231558,0.1954958,0.3093361,-0.4338331,-0.4599844,0.3960018,-0.2379446,0.1813511,0.003638612
0.1556716,-0.2535627,0.5611772,-0.4369832,0.08561748,0.04951771,0.08013099,-0.6782163,0.02324586,0.003221929,0.4098473,-0.6946495,0.8023298,0.07775641,0.1034915,0.00354907,0.009755744,0.418252,-0.3766993,0.2650893,0.06568588,-0.04233593,-0.0229916,-0.03281793,0.4420512,0.4120771,-0.411406,-0.5808278,-0.0361206,0.3261179
0.05891796,-0.3620548,-0.04972716,-0.02616511,0.2160327,-1.744073,0.2726828,0.08874722,-0.2695433,0.3011256,0.7873481,0.1445846,0.1733303,-0.05841903,1.059072,0.05935642,0.06423476,-0.3859749,-0.2092488,-0.1892421,-0.1589537,0.3015893,-0.1519387,0.004510493,-0.7459487,0.4030201,0.004206039,0.05376042,-0.002228883,-0.2188619
0.02171041,-0.03935736,0.0821446,-0.4266845,-0.02167298,-0.001989989,0.001990244,-0.2954525,0.09114645,0.4240665,0.02866298,-0.4233239,0.2106788,0.3100185,-0.001398267,-0.4716794,0.142462,0.1572178,0.3806581,-0.4371113,-0.2566224,0.3222613,1.806783E-05,-0.02949064,-0.2113188,-0.3860901,-0.1200355,-0.3269941,0.2022946,0.02578562
-0.04052909,0.3496362,-0.2303553,0.04994968,0.2309878,-0.2304689,0.004558771,-0.04358291,0.4285773,0.03143396,0.02841968,0.04126753,0.01424009,0.3871835,0.4105589,-0.2796972,0.3874583,0.183918,0.05504143,0.3263641,0.07712135,-0.007948823,0.06243187,0.2837157,0.4711622,-0.3958447,-0.2211011,0.4438105,-0.2139407,-0.4913549
0.1841658,-0.09266609,0.1915806,-0.3499916,0.2251933,0.2477893,0.1681009,-0.6407837,0.1805335,0.2441617,-0.0431899,0.3047074,0.04010445,0.3498802,-0.1748309,-0.09591764,-0.2884316,0.09085667,-0.1855311,-0.6245106,0.005734925,0.4423534,0.4366156,-0.06538635,0.08884376,0.0007470528,-0.1921381,-0.5569472,-0.3494366,-0.004933549
-0.2169177,-0.3105756,-0.008054633,-0.3449564,0.4625792,-0.003184731,-0.0002130914,-0.2631381,-0.0004498566,0.05800967,-0.1212775,-0.4081076,-0.1828881,-0.07832173,0.3991081,0.05419952,0.2523342,-0.02283679,0.3310864,-0.1578267,0.04046737,-1.983944,0.2526214,-0.009135162,-0.00327533,0.03849087,-0.2166394,-0.4956194,0.00390398,0.006358546
0.4116672,0.8231885,0.0124804,0.7842563,0.007263799,-0.3458638,-0.01596567,-0.06273121,-0.0755247,0.1168463,0.04588665,-0.1223275,0.2284156,-0.03419738,0.3600776,-0.242954,0.2003865,-0.2928095,0.2735977,0.08468217,-0.06344986,-0.0980044,-0.0253568,0.7836682,0.2895766,0.1903145,0.01136857,0.2441174,0.5280977,0.02099315
0.0007978674,-0.2930652,0.0007502537,0.05488026,0.4201006,-0.004621963,0.2075955,0.3449055,-0.01857632,0.5255948,-0.1910833,0.2902944,0.380427,-0.5825326,-0.4626999,-0.03351484,-0.1400517,0.004683618,0.717508,0.08914261,-0.003646562,0.08351965,0.2094216,0.1154964,0.01767176,0.03828944,-0.0176642,-0.2637479,0.00578016,-0.0489527
0.2325498,-0.04574712,-0.02867285,0.4657937,0.1045702,0.09827109,-0.08445118,-0.6744411,-0.387955,-0.5879792,0.1243142,-0.01767486,-0.08454355,0.4151388,0.2069888,-0.0006228847,0.2084721,-0.1142865,-0.2726737,1.1632,-0.2640898,-0.4049058,-0.2453541,-0.2216941,0.07361716,0.07748716,0.005204207,0.02018056,0.2977896,-0.05182919
0.1247247,-0.4330071,-0.1773827,-0.009666901,-0.3117356,-0.06155425,-0.003519716,-0.4039515,-0.01596638,0.3802701,-0.4974937,0.004871711,0.1899775,-0.01788423,-0.0792895,-0.009378291,0.4290428,0.1664938,0.1938299,0.009182437,-0.9364457,-0.09176368,0.4038464,0.332846,-0.2617481,1.123576,0.4039142,-0.1684217,0.2984455,0.2483366
-0.3478136,0.0251388,0.000135664,0.002624094,0.1757009,0.2074531,0.001291644,-0.01331553,-0.1614471,0.332356,-0.328243,-0.2377207,-0.04209434,-0.2260715,-0.0009650847,0.2085898,0.1737332,0.1215556,0.0221638,-0.2212724,-0.3819498,0.255989,0.4959663,0.2995482,0.03057122,0.03962131,0.2287026,-0.01641835,-0.1179681,-0.4041245
0.2239418,0.6729463,0.2234096,0.0009580869,-0.0003867821,-0.2737818,-0.3037527,-0.04035741,-0.05796512,-0.2607793,-0.1499366,-0.3864177,0.4241508,0.4144049,-0.4564359,-0.052359,0.08003347,0.04586429,-4.596029E-06,-0.01427202,0.2386889,-0.4954637,-0.0004981356,0.08531029,-0.000931522,0.02545923,-0.4092065,0.167214,-0.1414446,0.04392916
0.1884155,-0.2355506,-0.2608648,0.00831061,0.3162358,-0.2223694,0.0936133,0.4474033,-0.04431611,-0.09539723,0.4927062,-0.3168221,0.01595817,-0.489818,0.06365424,-0.03265742,-0.02611771,0.2696523,-0.003901417,-0.3688273,-0.04468971,-0.05106413,0.02618914,0.1817422,-0.3201232,0.3668029,0.06477513,0.4937749,-0.007231396,-0.07468802
0.7145731,-0.2970328,0.03547472,0.1199077,-0.4935631,0.1195017,0.08434011,0.0001330837,0.1729712,0.1846026,-0.2468253,-0.01088803,0.220787,0.802758,-0.3335303,0.08231837,0.5919009,-0.1998109,-0.003997718,-0.1356542,0.4781102,3.678045E-05,-0.3845718,0.6519698,0.4283375,2.626983,0.01497208,0.6324211,0.03809243,-0.2154448
0.4909869,-0.03124764,0.3797656,0.1043399,-0.02529685,0.409335,0.3576615,-0.08083826,0.5465552,0.01866385,-0.7768865,0.2738849,0.4772288,0.4828775,0.6684487,-0.1494002,-0.142033,0.02119921,-0.1795227,-0.02128594,-0.03433707,0.5590072,-0.0002416477,0.09808166,-0.07894186,0.1177835,-0.1369928,-0.5252028,-0.07061365,0.007724902
0.003414112,0.003442774,0.001965143,0.2403695,-0.03864618,0.3123077,0.2576841,-0.3896674,-0.1087988,-0.9731889,-0.2143336,-0.5805902,-0.2324625,-1.662608,0.05092746,0.07665461,-0.2649279,0.2269635,0.1270289,2.344058,-0.2352556,0.001876031,0.07196677,0.01984776,0.03405942,0.03356806,0.6904732,-0.0004088312,0.1225916,-0.02193481
0.009571027,0.1269468,-0.4647257,-0.6526654,-0.01115173,0.1667313,0.03327654,-0.4951631,-0.1332794,1.22138,-0.05068399,0.07787063,-0.3070685,-0.00879925,0.06818317,0.1682849,-0.0966879,-0.102181,-0.1293577,0.1708757,-0.08522328,-0.005220475,0.4654626,-0.09387799,-0.4161324,0.5893303,-0.2844849,0.09662491,0.06285661,0.0001090581
-3.794594E-05,-0.4260079,0.1181451,0.08481318,-0.5620936,-0.0004801915,-0.007929811,0.4595244,0.2399038,0.2831212,-0.145247,-0.4417404,0.1941471,0.3753736,-0.02791196,-0.3883871,-0.3513782,-0.2429652,0.7727578,-0.1636916,-0.0419324,-0.1982785,-0.05862425,-0.0132984,-0.08737689,1.027127,0.1501946,-0.00432345,-1.54822,-0.2221447
0.334748,0.07948213,-0.1242033,0.0002521391,0.04122262,0.4899669,0.3831604,0.2495809,0.1053466,0.1452849,0.1560709,-0.01212593,-0.1075168,0.007304095,-0.01856044,-0.0001203248,-0.7055262,0.2319581,-0.7573473,-0.2443326,0.01170798,0.1008489,0.09402531,0.005296349,0.1726728,0.1696611,-0.02451247,-0.03949672,-0.5448512,0.2096305
-0.6196395,0.4782983,-0.07141147,1.821151,-0.3077188,-0.03007544,0.11386,-0.2623245,0.3992716,-0.3284642,0.1737244,-0.06880631,0.06898408,0.7080048,-2.560131E-06,0.4732561,0.126892,0.1271164,-0.302779,0.001334117,-0.1945977,-0.05842754,0.1930526,0.1671597,-0.2895193,0.1877739,-0.1628468,-0.07373422,0.002365923,-0.05622833
0.0008557847,-0.172049,0.1846896,0.3820233,0.9399379,0.1558721,0.06156105,-0.6116626,0.2130604,-0.4872838,-0.2035609,0.418745,-0.2142975,0.190873,-0.7970531,0.6851168,-0.2059197,0.1705978,0.03911322,0.08641547,-0.4667923,0.3845463,-0.007371315,-0.06022633,-0.0009757857,-0.3093269,0.05708999,0.1647539,0.1610925,0.4116194
0.065379,-0.1254736,0.2747548,-0.2586201,0.0539659,0.08404326,-0.02822187,-0.008752593,0.03441699,0.1011692,0.4155687,0.4029131,-0.5501644,-0.8564442,-0.8251472,0.0008877239,0.001185241,0.002784434,0.06627545,0.1022167,-0.3937635,0.02287868,0.142624,-0.1379412,-0.8159168,-0.1650015,0.003585137,0.03125947,-0.07552856,0.05011325
;
0.1443945,-0.2478306,-0.1280576,0.319443,-0.1446802,-0.6616703,0.08223832,-1.510195,0.2623383,0.02017361,0.1489858,-0.09441233,-0.313296,0.004177205,-0.4582762,-0.1147229,-0.1576743,-0.5083914,-0.01737195,0.134824,0.2570385,-0.1672138,0.2008157,0.1918632,-0.01687522,0.01046816,0.3716868,0.01886932,0.01058211,-0.2281121
-0.5059953,-0.06553949,-0.07538635,-0.02013737,-0.1306856,-0.7660193,0.3589677,0.1168284,0.3906475,0.1654462,0.2795804,-0.4091054,-0.002850834,0.1183381,0.8593661,-0.2368792,-0.3630214,0.1373532,0.07717265,-0.1421987,-0.4798506,-0.3908188,-0.03412873,0.0291118,0.3786277,-0.6619435,0.09728674,-0.3361341,-0.02345355,0.3069344
-0.7978886,0.03316415,-0.4308966,-0.4878812,-0.4496698,0.4896927,0.2524774,-0.03696099,0.5867791,0.04980839,0.4215052,0.425686,0.5658773,-0.0002195289,-0.3337953,0.3282592,0.9790735,-0.08251712,-0.01145835,-0.02487332,0.9398435,0.02704215,0.4361299,-0.2268469,-0.3955547,0.03147775,0.01520034,0.3747224,2.429466,0.01002409
;
