-0.2219035
0.05034584
-0.0837141
-0.4855996
0.4723047
-0.1286373
0.4560946
0.2959985
0.3446774
0.1592886
;
-0.2459465,-0.4394888,0.196599,0.01602,-0.08905393,0.1640591,0.4450126,0.4043015,0.2707806,-0.1139221
0.03602463,0.4812562,0.3936437,0.1873714,-0.1298125,0.005655706,-0.1485552,0.1000296,-0.469111,0.1982338
-0.1268085,0.2352943,-0.2173048,0.2304848,-0.4555269,-0.2156785,0.4712518,-0.1004366,-0.04844195,-0.03079051
-0.4027208,-0.07452542,-0.3218135,-0.4655355,-0.4749284,0.3971393,-0.4728361,-0.2505388,0.1095302,-0.3886925
0.193956,-0.4527218,-0.2281139,-0.09516498,-0.2430812,0.2667713,0.2571765,0.2888871,-0.03855437,-0.21841
-0.3512034,0.3307128,-0.3886691,-0.4992964,-0.4297307,-0.4635764,-0.1186314,-0.09694582,0.4270762,-0.2071646
-0.3555597,-0.05615133,-0.135735,0.2510411,-0.3241454,0.1612638,-0.4899031,0.07735091,0.1079332,0.1356184
-0.04997379,0.4408263,-0.1358796,0.09965509,-0.1009666,-0.413113,0.4025259,0.05782801,0.3821243,0.4720976
-0.3236195,-0.01499552,0.6370751,-0.08243078,-0.4769,-0.1435944,0.3246174,-0.3629781,0.365695,0.05184823
0.4018698,-0.2948055,-0.2878146,0.192103,-0.3268806,0.1444895,0.1421853,-0.3913194,-0.1467624,-0.3054359
;
-0.3313011,0.1934365,-0.09568673,0.15433,-0.3161094,0.1769919,-0.362506,0.446926,0.22066,0.09950608
-0.211963,-0.001646459,-0.465212,-0.0008146167,-0.4168934,0.2845838,-0.1213891,-0.2035198,0.4895332,0.09554356
;
0.002869021
0.4413929
0.02443513
0.3310285
0.4085623
0.1228105
0.06155704
0.05445671
0.4102393
0.01878697
;
-0.07100738,-0.01035008,-0.04929378,-0.1626565,-0.3383637,-0.03490537,-0.164271,0.9040396,-0.004092101,-0.1182454
-0.3739635,0.302974,0.2829093,-0.4719659,-0.02306096,-0.01438634,0.2936767,0.04000208,0.4503678,0.1279492
-0.3212409,0.2778025,0.1028184,0.190242,0.02273048,-0.05920647,-0.19946,1.34532,-0.4389458,0.2460403
0.470453,0.1541134,-0.09363616,0.637771,0.02557531,-0.04124522,0.1195677,-0.0331916,0.1093989,-0.07488503
-0.1426747,0.01162756,-0.1096461,0.3639629,0.05512514,0.1223971,-0.336002,0.4641129,0.7181749,-0.2849398
-0.4225149,-0.2810802,-0.1386414,0.07290097,-0.0006022236,0.002828651,0.0276079,-0.007915275,0.01934105,0.3778755
-0.2435641,0.1946965,-0.0131768,0.2367031,-0.4915265,-0.06121596,0.2825438,0.7950737,-0.5166169,0.2250553
-0.3622262,-0.1223066,-0.2527841,-0.4993824,4.754299,0.6316583,-0.02822837,-0.02930278,-0.1374654,0.2761611
0.3631073,-0.3622918,0.591924,0.2095047,-0.04883486,-0.2580696,0.06165826,-0.1008769,0.1318386,-0.2035548
0.1925123,-0.4694475,0.7037878,-0.2089218,0.08105539,0.3632407,-2.889118E-05,-0.3303998,0.3737366,-0.009863217
;
-0.1776148,0.001981727,0.006992257,-0.276699,0.4914839,0.2638456,0.2951313,0.2354482,0.3670231,0.1674816
0.1719123,-0.04154576,0.07275052,0.4851722,0.02072333,0.163216,-0.2284831,0.03610283,-0.4477242,0.1576794
;
0.2247212
-0.005650938
2.117712
-0.4086913
0.1403813
0.1830905
-0.2275156
-0.2699187
-0.4309817
0.3730187
;
-0.005470768,0.1191905,0.08226732,-0.1028417,-0.167057,0.977093,-0.05474525,-0.02197735,-0.002401726,-0.3292933
-0.2924318,-0.4172821,-0.5627044,0.3515723,0.1648244,0.01153808,0.2411319,-0.02095655,0.1168985,-0.06171038
0.02420729,0.05309974,-0.03152603,-0.137791,0.04756441,-0.4658305,-1.905726E-06,-0.3676933,0.2987595,0.1406316
-0.2577906,2.112962,1.722957E-05,0.2492093,-0.2963727,-0.002445167,0.3571972,0.3040667,0.03814802,-0.2497166
0.04114554,-0.1055933,-0.3857718,0.4804572,-0.4741568,0.03242264,-0.0003264666,-0.4005843,-0.0309661,-0.03520965
0.004303904,0.00823999,-0.01918608,0.04497408,0.3755983,-0.03333608,-0.4080424,-0.3823781,-0.03998191,0.2833674
-0.09085451,-0.5101258,-0.05739224,0.1435875,-0.03895205,-0.2732712,-0.4978917,-0.2967477,-0.1486479,-0.02337002
-0.05598283,-0.1252598,0.5866199,-0.05065382,-0.006139273,0.2672063,-0.4455237,0.03916143,-0.002917752,-0.06869525
0.4396009,-0.01192314,0.01732867,-0.5586273,-0.1399103,0.07223576,0.1092373,0.2221186,-0.0175795,-0.4076842
-0.2706716,-0.02447293,0.02696951,-0.0006325923,-0.3819261,-0.02477289,0.1829369,0.4064509,0.1134616,-0.494291
;
-0.4643656,-0.579239,0.4728296,-0.005916803,-0.4346391,0.7317532,0.3380569,0.01740418,0.3595871,0.1789826
-0.3009912,0.1288547,-0.09767459,0.2877229,0.08694881,-0.1667239,0.0003628833,-0.008123503,-0.03517077,0.0008202466
;
0.1887709
-0.04328488
0.1672578
0.00136963
0.0372464
-0.1363299
0.1754233
0.03828174
0.00176665
-0.2815037
;
0.02803235,-0.211327,0.2351562,0.46316,0.01649619,-0.01450836,-0.02537795,0.01119362,-0.5733192,0.2656332
0.4917871,0.06784207,0.07084052,-0.01585418,-0.09396725,-0.6771738,-0.09553384,-0.4969767,-0.5461056,0.3353933
-0.05753752,0.01494721,0.1144007,-0.09935877,-0.431864,-0.05728656,-0.121606,-0.2740053,0.1375856,-0.01028007
0.1910393,0.1074165,0.020808,-0.3038553,-0.0006972251,-0.01523332,0.6004129,-0.02804544,-0.0712164,-0.1877746
-0.004860925,-0.3511361,-0.08530721,0.03306299,0.0276973,-0.3445143,0.423943,0.2901663,1.770914,0.2638798
0.003113955,1.878585E-05,0.1506824,-0.8148079,-0.07909536,0.2580044,0.3236464,0.1536626,0.001056304,-0.5363242
-0.1947628,0.2556914,-0.0006521535,-0.01046509,0.6570521,-0.3498369,0.07468265,1.143184,0.3424068,0.3277111
-1.038103,0.1952785,0.09625365,0.2144466,0.01745778,0.2504312,0.01449031,0.08617864,0.1382884,0.1820687
-0.1977292,-0.05530339,0.02043399,-0.01111634,0.02704908,-0.02974363,0.1875883,-0.1262393,0.1823413,0.1499017
0.2503943,0.3607262,-0.2821158,0.3402311,0.3719406,-0.2811925,-0.1220235,0.1750138,-0.2915186,0.01072918
;
-0.5766302,-0.08364845,-0.4813408,0.04917739,0.2082667,-0.1026754,-0.4725,0.3759309,-0.03888886,0.861226
-0.4091864,-0.006603137,0.258253,-0.1003516,0.4164984,-0.1949508,-0.3854938,0.01574393,-0.4547585,0.03873321
-0.7255968,0.737002,-0.08695556,0.08113515,0.3141781,-0.2889301,0.3857116,-1.467296,-0.09409481,-0.2711096
;
-0.02374351
-0.02250582
0.2032183
-0.007597586
0.1446015
-0.1782659
0.03179139
-0.1360776
0.00428785
0.06820637
-0.1956878
-0.05763524
0.0003941284
0.01606646
0.2557501
0.2739557
-0.06762391
0.5160475
-0.481503
-0.4752389
-0.7279573
0.05087469
-2.257397
0.1519041
-0.3070755
0.09663492
0.4175191
0.3292105
-0.0007420873
-0.3963775
;
-0.0317853,0.5753177,-0.3966439,0.0001594065,-0.1664296,0.06395058,0.03208488,-0.1882223,-0.5147084,0.4975009,0.4306654,0.04583436,-0.3187209,-0.5034178,-0.2370193,0.03857768,0.01491506,-0.09394592,-0.06392391,0.4538587,-0.02910254,-0.007165521,0.002037534,-0.03946224,-0.2797636,-0.02679811,-0.1728727,1.674519,-0.02634697,0.3602027
0.114099,-0.01723255,0.1023586,-0.4758051,-0.1679891,0.2904549,0.3618053,-0.4251803,0.01977839,-0.3503051,-0.2794085,-1.998859,-0.4385472,-0.04281646,-0.02376395,0.3124439,-0.01520696,-1.484871,0.1811713,0.002655969,-0.1068189,-0.08500478,-0.02270557,-0.4484185,-0.4392475,0.5119926,-0.09568332,-0.0135207,-0.01578852,0.03440587
-0.1790259,-0.004704949,-0.2614495,-0.2804795,-0.4081292,-0.02876186,0.2088513,0.1357571,0.4478664,-0.1355093,-0.3740065,-0.01606637,-0.142306,-0.04873085,0.6916982,0.2453854,-0.1427022,0.2863457,0.08399308,-0.086215,0.3583716,-0.001845554,0.08832186,-0.127468,0.2356855,0.05598789,0.1761326,-0.01458424,0.4590611,0.2100128
-0.3272179,-0.01163649,0.003798306,0.1677473,-0.0984676,-0.001913627,0.01843419,1.245003,-0.440428,-0.2609253,0.4772333,0.6620965,0.1906628,0.4807344,-0.3329551,0.9109139,0.3724751,-0.208801,-0.366322,0.5007496,0.002278992,0.3234731,0.1554818,-0.1900651,-0.6021463,0.08627869,-0.01309397,0.0006700557,-0.09968251,-0.03322081
0.0002744519,0.006040315,-0.01126665,0.1198687,-0.1243276,0.5585122,0.01588804,0.0009922229,-0.5708433,-0.0444789,-0.342996,0.09519538,-0.2904414,0.611528,0.001703715,0.1189037,0.00241052,0.3005596,-4.679502,-0.0002682203,0.08284539,-0.02808824,-0.3440013,0.2632005,-0.01058524,0.3827428,-0.0808486,-0.05509847,0.1351501,-0.23988
0.003548306,0.03927427,0.0008626788,-0.1173992,0.09239131,-0.1611527,-0.05847058,-0.2350844,-0.2308802,0.001066124,-0.03429104,0.1415036,-0.1125841,-0.03961423,0.2173918,0.2466611,0.3643516,0.6607893,-0.05266098,0.2740495,-0.1053103,-0.01818504,-0.2160504,0.1800947,0.006989983,0.426555,-0.08519024,0.6114003,0.7818438,-0.02132759
0.156895,-0.2505827,-0.04329376,-0.1408987,0.002803713,-0.2538801,-0.3911699,-0.0002321393,0.2659917,0.1928744,0.03287156,0.6321838,0.2697717,0.04420909,-0.06541745,-0.4311213,0.4848059,-0.3228128,0.6187825,-0.3018626,-0.3394789,0.1546588,8.114392,0.7499285,0.1729526,0.004302875,-0.03699755,-0.03534463,-0.3042758,-1.211777
0.2577497,-0.1829396,0.1024751,-0.1401755,0.0954321,0.01501671,-0.01401276,-0.06652743,0.001464043,-0.5263189,0.2027079,-0.1331419,0.9379623,-0.2909982,-0.2646631,0.02872812,-0.7265737,-0.5442806,0.01987555,0.3207483,0.2112018,-0.2793157,-0.2303001,-0.4001836,-0.02487557,-2.801897,0.05298182,0.4522429,0.3274181,-0.1324179
-0.1667282,0.4033683,0.3840656,-0.2505188,-0.01258868,0.03833563,0.07671887,-0.482751,-0.4828924,-0.05454764,-0.4834895,0.4623559,-0.0248819,0.01067441,0.02027601,0.222854,-0.00919425,-0.0001683111,-0.01958897,-0.2831951,0.07015875,-0.0685396,0.1000478,0.2406815,-0.05182642,0.01056317,0.04528481,0.1344942,0.008732963,0.01057876
-0.1256866,-0.08241554,-0.2450709,-0.1149486,-0.03567215,0.0589167,0.3125889,-0.003217399,-0.4299601,-0.250653,0.2501049,0.006535833,-0.2328212,0.2951628,-0.3766507,0.2995692,-0.406078,-0.3169427,-0.02901727,0.1528259,-0.3858536,-0.1117247,0.01510582,-0.3378109,0.9549116,-0.1083769,-0.1634509,0.5403928,-0.2914813,0.001715014
-0.140681,0.3705096,0.8053637,0.01206257,-0.05883906,0.1545349,1.158615,-0.1095991,-0.4216999,-0.03162777,-0.07134897,-1.988386,-0.3162984,0.3971012,0.2706668,0.2634321,0.1802498,-0.06247956,-0.2722254,0.02248499,-0.02794629,0.01727125,-0.1406081,-0.06994581,0.3603922,-0.5729798,-0.1800606,-0.05544362,-0.05114017,0.3067728
-0.01471605,0.1908278,-0.4510628,0.8255066,-0.2974169,-0.2451656,-0.02754855,0.07218929,0.2823733,0.05823344,0.3401791,0.3776149,-0.008740412,-0.0006602553,-0.2625409,-0.2366795,-1.455074,0.457144,0.5534565,-0.1348322,-0.2061826,-1.490342E-05,1.44631,-0.1614939,-0.3278017,0.01359314,-0.2577856,-0.2788452,-0.3067867,-0.198736
-0.3264954,-0.01732935,-0.01948185,0.3908966,0.002573867,0.08285566,-0.4478347,0.06766373,0.5611643,-0.06599706,0.151459,0.6776179,-0.2578483,0.05693602,0.03020316,0.4850045,0.0589126,0.2099891,0.009476094,0.3580955,0.04824499,-0.2810893,0.04665214,-0.1825964,0.4819014,0.05165947,0.02021448,-0.8460688,0.4293169,0.06848305
-0.1728307,0.5847422,-0.1367052,0.01489905,-0.0236665,0.03235851,-0.04356509,-0.05085798,0.7794802,-0.8492329,0.3007052,-0.1479463,-1.988886,-0.3643181,0.2338927,-0.9318522,-0.1568823,0.4291788,-0.128684,0.09518659,-0.4193696,-0.0001799135,-0.03162017,0.0007385421,0.03976795,0.008075563,-0.2274725,-0.05904829,-0.03996415,0.1128083
-0.849651,-0.1781157,-0.1358454,-0.393703,-0.0626992,-0.05001883,-0.05068427,0.9187512,-0.8351417,-0.3476223,0.1603579,0.4229597,0.2323586,-0.3906404,-0.002942516,0.1554214,0.06083873,0.3755523,-0.4102315,-0.02078468,0.006421715,-0.06519979,0.05244102,-0.7840487,0.04114622,0.3895463,-0.0146039,-0.07293592,-1.394916,0.06947857
-0.1116112,-0.04697034,0.3159441,-0.03440871,-0.005401076,0.1241306,-0.0062978,0.7030434,0.3963891,-0.05499103,0.789327,0.4243284,0.1014573,0.09293056,0.5111619,-0.7933201,0.6420159,0.0012801,0.0001165099,-0.3412335,0.1427364,-1.123026,0.1312392,-0.4835395,0.3466066,-0.001138085,-0.01246399,-0.2803028,-0.3672169,-0.01123985
-0.1148519,0.4319089,0.1247821,-0.289269,0.06717487,-0.01195027,-0.443691,-0.0167408,-0.355062,-0.3142704,0.240092,-0.08113343,0.2962137,0.7264631,0.0399521,0.489835,0.01768109,0.02847828,-0.1220223,0.2343652,0.6477051,0.2614346,-0.04015161,-0.2759967,0.4168506,-0.02348058,0.3413745,0.1926522,-0.08862772,0.3180256
0.3924447,0.0008773089,-0.06490269,0.1014459,0.2472902,-0.01312059,0.2754125,-0.4752178,0.1091209,0.03899987,0.01515014,-0.149255,0.04918169,0.00378497,0.2662659,-0.309332,0.3099111,-1.110894,-0.1238209,-0.04824489,-0.005288768,-0.3986792,-0.1015567,-0.2546029,0.4868002,-0.3200617,-0.004939599,0.4344957,0.4730051,0.2314354
0.1257376,0.4150715,0.3756648,0.3099129,0.3615472,0.3795055,-0.06227034,0.4490562,0.006764987,0.1910221,-0.1086117,-0.1828807,-0.1758698,-0.9221388,-0.4650421,-0.08414286,-0.205316,0.4419821,0.1568514,-0.4218094,0.3558792,0.01163425,-0.1159441,0.4449748,0.3606356,0.08696266,-0.5029134,0.1653251,0.01031577,0.2600366
0.2037564,0.09659559,0.1066131,0.0683297,0.002275122,0.0001567987,0.02145821,-0.1521421,0.07894832,0.01207175,0.07044971,0.3210602,0.1137537,-0.3470351,0.2296755,-0.05557066,-0.0795038,-0.1761166,0.3713076,0.4763123,0.4803185,0.2239026,-0.3043284,-0.3493555,0.3184388,0.3091248,-0.001914103,-0.004205466,0.02555611,-0.07414875
0.2114396,0.390286,-0.09424405,0.3233558,-0.3929968,-0.01639156,0.07277073,1.007652,0.07249277,-0.009894408,-0.1587315,0.418775,-0.02963646,0.2291521,0.02339144,0.4579074,0.01685586,-0.2416243,1.361838,0.08320242,-0.2765046,0.03306974,0.01123586,1.275861,0.0006514811,-0.1662923,0.01403267,-0.01178078,0.05119996,0.2716935
0.2986379,0.3881516,-0.2824829,0.3699479,0.003443661,0.00939256,0.2836552,-0.02103623,0.1098356,-0.3676357,1.257453,-0.4838061,0.009241668,0.009387058,-0.09322295,-0.336136,-0.4155571,0.08914346,0.0833474,0.3104453,-0.2228138,0.0163083,0.1009374,0.1234784,0.04483087,0.03108204,0.02317376,-0.09604794,-0.3528038,0.3063278
-0.02164567,0.004904654,-0.03736428,0.1934286,-0.1557536,-0.8335772,0.01479758,0.0007871584,0.17856,0.3834256,0.1840473,-0.02746651,-0.1166825,0.03763061,-0.3021488,0.1055869,-0.3322244,-0.09007451,0.08827311,-0.003879216,0.06405554,0.3592325,-0.5745377,-0.4280777,0.004140457,0.3217492,-0.481954,0.1519739,-0.04628741,-0.2655193
0.09526393,-0.06042998,7.21192E-05,-0.1084869,0.1754169,-1.465033,0.3309911,0.1296535,0.1764373,-0.01340092,0.3094553,0.3747065,3.463894,0.01436463,0.0762649,0.9616453,-0.4174982,-0.01963392,0.152869,0.01314074,-0.8716211,0.3281802,-0.005206698,0.01446676,0.119056,0.3523206,0.1485783,-0.6687905,-0.06097176,-0.03188868
-1.293939,0.01194581,0.6272145,-0.4587687,0.1398669,-0.2456581,0.03762656,-0.01179773,-0.7355334,-0.09619258,-0.2215701,0.1102503,0.1012719,0.02511388,0.0875787,0.0268933,-0.3676274,-0.05246025,0.3680167,0.02024765,-0.001716937,-0.0004553276,-0.4162521,0.3236898,-0.02875943,0.01510353,0.7168268,-0.5491962,-0.1638381,0.3731863
-0.2422977,-0.02140148,0.3749368,0.3755397,-0.1658907,0.2287917,-0.005928189,0.7497398,0.123117,-0.2406729,-0.0440721,-0.2531043,-0.3987995,0.007274874,-0.3652277,-0.02832433,-0.2845943,0.01946314,-0.6261178,-0.4332086,-0.1179553,-0.5231321,0.001656342,0.03214651,-0.3853618,0.02121914,-0.2021155,-0.3036386,0.3887587,-0.02864297
-0.1981062,0.1115389,0.003773631,-0.04972246,0.1084853,0.1906845,-0.08303159,0.389853,-0.009472609,0.09569293,0.1040012,-0.3165706,-0.01020826,0.05826819,0.3465561,-0.2017305,-0.002884866,-0.3053877,-0.1553325,0.03104764,0.1888712,0.3413862,0.03738505,-0.1156012,0.926981,0.2543391,0.4144213,-0.7041584,-0.1244052,-0.0001714253
0.8449748,-0.5639029,0.01412855,0.1585444,-0.1957176,0.2250188,0.3021659,0.3203758,0.1818514,0.4626825,0.3986768,1.465187E-06,-0.1712854,-0.104094,-0.2343825,0.317988,-0.03027194,-0.4514441,-0.4480007,-0.3667671,0.4039949,-0.380934,-0.1572093,-0.1112609,0.3815032,-0.2322044,0.02151911,0.3585221,0.1733913,0.006079957
-1.249187E-05,-0.001018112,0.02508615,-0.1742898,0.1269777,-0.4707156,-0.2078941,-0.2731198,1.450936,0.3175841,0.4897719,0.3940998,0.1129507,-1.246551,-0.002323863,0.3849353,-0.4654738,0.2554579,-0.01073427,0.09173024,-0.2481974,0.2594831,0.3041327,-0.6465462,-0.3793525,0.8183309,0.1333213,0.07990617,-0.004885343,-0.2567407
-0.2864074,-0.2531581,-0.007928931,-0.7480777,-0.09897876,0.3684091,0.3409337,0.2962447,-0.1720857,0.007149824,-0.3234735,0.3797696,0.0109963,-0.2223554,-0.002521114,-0.01317042,0.03169127,-0.1814267,-0.03049345,0.0007432301,-0.1025087,0.1991718,-0.2313359,0.5237026,0.1231999,0.0102165,0.06103042,1.043053,-0.193612,-0.09886211
;
0.2520814,0.4750447,0.3752931,0.820864,0.0002601164,0.4846269,-0.03962125,-0.1618988,0.002133084,-0.09900939,0.050071,-0.2416069,0.4993938,-0.4453003,0.2840965,-0.2839118,-0.1790787,0.08955044,-0.5147353,-0.9466142,-0.02878338,-0.07101959,-0.6498457,0.1309584,0.02719596,-0.351244,0.1535911,0.1560832,0.001882851,0.0263004
-0.1225211,-0.3579433,-0.4462653,-0.4686328,0.1428299,-0.3748744,-0.336056,-0.4408627,-0.08811883,-0.01751596,0.04335412,0.1037358,-0.02406804,-0.3704367,0.2489791,0.05770427,0.6179687,0.125031,-0.06271917,-0.4718122,0.08479862,0.01487745,0.02842647,-0.3173252,0.1748785,0.3782705,0.3021077,-0.1119408,0.03766608,-0.294133
-0.2638346,0.4668475,0.03850994,-0.07882938,0.185759,-0.05712353,-0.3604033,0.4277387,-0.09158888,0.3210459,-0.5085504,-0.1224217,0.06896981,-0.4330266,-0.1524327,0.01912762,-0.1230875,0.144429,-0.1297372,0.06463534,-0.2506264,0.0002308959,-0.01162829,-0.2057232,-0.428555,0.1324341,-0.03955238,0.3319936,0.05023588,-0.3116232
;
0.001856908
0.2285819
-0.03681976
-0.03799751
0.1023152
0.1032712
-0.03983777
0.4804063
-0.3429803
-0.4900446
0.02578597
-0.7975688
0.2356665
-0.003782749
0.08561886
0.008205305
0.3887223
0.6088573
-0.1999413
0.126409
0.2282936
-0.07944983
-0.498314
0.01169022
-0.02085954
-0.4595386
0.2558063
0.1983117
0.06519838
-0.7346058
;
0.4274645,-0.02629316,0.402375,0.01219046,0.01412681,0.5051389,-0.4272228,0.2408915,0.05439635,-0.4758005,-0.09634769,0.4337075,-0.2098033,0.1435509,-0.1567623,0.1840231,0.2982132,-0.3802683,0.3611192,-0.7425021,-0.1048366,-0.02934493,0.2105989,-0.1645695,0.2901745,0.3227327,-1.051054,-0.3755029,0.3330859,-0.3259572
0.03362296,0.03114155,0.4095287,0.4747379,-0.05995348,-0.2364071,-0.1502574,0.2037152,-0.1738089,-0.1158673,0.07708824,0.6579816,-0.4008477,0.2026271,-0.1266373,0.1479521,-0.1776295,0.3009276,-0.2205008,0.01071755,0.3989034,0.2846296,-0.2687387,0.08611525,0.4607038,0.05222701,-0.1126341,-0.3392293,0.004942804,0.402836
0.03297159,0.1682068,-0.3224845,0.3407611,-0.02481547,-0.09324832,-0.07808417,0.001625769,-0.3325882,-0.04888179,0.006643951,0.9052851,-0.4105335,0.4359391,0.3651584,0.1546796,-0.3993596,-0.03849338,0.09009725,0.3084892,0.5889344,0.415095,0.02816657,-0.09824193,-0.06528114,-0.2917112,0.04318263,-0.4006435,0.004511329,-0.006532965
0.07023174,-0.1068289,-0.1728556,-0.2654568,-0.006623088,-0.7253389,-0.1028105,-0.3252782,0.2780823,0.001298471,-0.009885533,-0.08082043,0.09860343,0.002786856,-0.6052574,-0.3219572,0.2237726,-0.181981,0.2223187,0.005659767,-1.150388,0.02498703,0.009976495,-0.2872405,-0.298077,0.1975785,0.7092827,-0.2644826,-0.4976648,0.1279711
0.5750828,-0.4619662,-0.06659963,-0.03402551,0.2721921,-0.3865622,-0.7100887,0.2434261,-1.190564,0.4993111,-0.2410296,-0.451152,0.02031714,0.2736402,-0.281231,0.1120395,0.1074683,0.07033729,0.7257461,-0.03078321,0.1458179,0.001499835,-0.003236872,0.2696264,0.1414522,-0.202189,0.01073745,0.1632701,-0.04403605,0.4150385
-0.1936278,-0.2053671,-0.1529101,0.1630599,0.09404078,0.1519072,-0.5663534,0.09107119,0.6006655,-0.05157596,0.2922156,-0.1529607,-0.4360958,0.3510651,-0.1562946,0.02816945,0.3058145,0.07370198,0.3975458,0.002017975,0.01231273,0.452009,-0.03703684,-0.005966088,0.1103747,0.08926016,0.3511336,0.4678421,0.2063269,-0.4285834
-0.01726283,-0.01013012,-1.216191,0.1036159,-0.09296367,-0.05782264,0.4244683,7.752919E-05,-0.07881813,-0.04191443,0.3612982,0.191453,-0.4487696,0.0369727,-0.173274,0.007723959,0.3218561,0.2960061,-0.2349003,0.2806323,0.01386754,-0.009706265,0.07272977,-0.386785,-0.09659618,0.02705742,-0.4328461,-0.00564152,-0.1156839,0.2097036
-0.1041556,-0.3819599,-0.2611181,0.2368065,0.365021,0.02001033,-0.3355056,0.4043854,-0.1112668,0.1648063,-0.1683307,0.3286339,-0.4316362,0.1624928,-0.6083006,0.2944169,-0.5181022,0.03937254,-0.1432964,-0.1104071,-0.01176873,-0.1493557,0.4007784,-1.049997,0.120346,0.002070721,-0.1798835,-0.08238254,0.1998943,-0.7340373
0.3257513,-0.3107791,0.04257721,-0.005771425,0.03560298,-0.3505235,0.1874795,0.04603547,-0.08416516,0.3097166,-0.3047213,0.1044827,-0.2413258,-0.2489794,0.3080003,0.3748806,0.7053489,-0.2695003,0.2178351,0.06845659,0.3921849,0.003442466,-0.1004877,-0.2769731,0.1099087,-0.1157248,0.3474662,0.00345434,-0.1516688,-0.2362454
-0.05283423,0.4442255,0.2645027,0.004653167,-0.2384781,-0.1102927,-0.2633616,0.3240253,-0.3494469,-0.5652693,0.1294989,0.1596551,0.02488822,-0.2697877,0.0993076,-0.3512724,-0.3823495,0.1718895,0.02878056,0.1857034,0.2197603,-0.1114884,-0.5505603,-0.04765224,0.0176506,-0.03616029,0.0272594,-0.5572588,0.7274213,-0.0186828
0.1167354,0.1738117,-0.1198784,-0.07614702,0.1262306,-0.9337381,-0.02293766,0.4449089,-0.006972332,-0.07343601,-0.2573981,-0.007656164,-0.1230464,0.0466406,-0.09397203,0.2747057,0.4995991,0.8145151,0.2399739,0.003452092,0.3505076,-0.5252553,1.644793,-0.004978077,0.07171243,0.2268324,-0.1991541,0.2039602,-0.3889991,0.0180028
0.4991669,0.09402339,0.3489687,-0.2152428,0.02640443,0.003775893,-0.1041647,-0.05906528,0.2714587,0.09518545,-0.1129519,-0.4933238,-0.008991539,-0.144698,0.509114,0.2323032,0.0479192,-0.2885854,0.1798814,-0.03572196,-0.1777172,0.0008259704,0.001993067,0.0160415,-0.6606802,0.1581112,-0.3488978,0.1295471,0.1667634,-0.01155955
0.1660828,0.3073072,0.06137544,-0.3278157,0.247172,-0.09739672,0.008519794,-0.2140417,-0.0260914,-0.09423083,0.0008838628,-0.2804577,-0.07778985,-0.03772277,0.1148236,-0.08969975,0.3101329,-0.03058683,-0.2850509,-0.01051766,0.3996257,-0.7859139,-0.3524511,0.1255772,0.00119801,-0.1844725,0.05277442,0.04148716,-0.0112875,0.1506612
-0.2376052,-0.03696471,-8.469784E-06,0.02572519,0.1514635,0.3563658,0.09164322,-0.9449825,-0.3047062,0.003770368,0.06872618,0.2574306,-0.01080321,0.6377092,0.0958873,0.0008616437,0.3304513,0.321189,0.2746226,-0.04622787,-0.3309646,0.1879129,-0.07553916,0.325032,-0.1331656,-0.6103998,-0.1613554,0.04322559,-0.02761528,-0.2984096
-0.06581027,0.03134814,-1.520386,0.06843822,0.3479526,-0.01477578,-0.9116257,0.0227533,-0.4211534,0.2305046,0.04170042,0.05985647,-0.08461732,0.09834615,0.1205902,0.001276781,0.3015816,-0.2811362,0.1782412,0.281603,-0.162946,-0.4808517,0.1073497,-0.05736715,0.663636,0.08344605,0.09679905,-0.03852872,-0.07771779,-0.4233202
0.05583696,0.02497944,0.01888692,0.4767269,0.1225156,0.3473141,0.01550792,-0.02293115,-0.4578204,-0.1439976,0.02897432,0.2113941,0.03995902,-0.5567511,0.3358845,-0.05841747,-0.4379423,-0.01018447,-0.201134,0.05595491,-0.2612611,-0.1986028,0.4537877,-0.008782373,1.046363,-0.2163281,-0.3999765,-0.01597189,0.02576009,0.4349942
-0.2646324,-0.4430379,0.009220078,0.007925683,0.4962342,0.1245482,-0.09349686,0.07468194,0.2095868,-0.005538948,0.2317134,0.01108691,-0.001270073,0.2532062,-0.1945688,0.4246827,0.2069827,0.1974859,-0.1599467,0.001367255,-0.4948165,0.2548841,-0.3067337,-0.040958,-0.0993337,-0.01899818,0.3534883,0.429655,-0.2349138,0.01366729
0.2166093,9.187698E-05,-0.05476362,0.339801,-0.7319573,0.05884129,0.02642159,0.6662852,0.0205442,0.03619748,-0.2420911,-0.1354371,-0.298833,-0.02392944,0.2454975,0.01515681,0.5341626,0.07350175,0.231302,0.03035632,0.007220907,-0.3943144,-0.4948658,0.1659438,0.1797117,-2.47065,-0.2026498,-0.0002004468,-0.05349594,0.1250703
0.1255254,-0.01702827,-0.1137783,0.3868002,-0.3220836,-0.3517288,0.8563093,-0.8355163,0.02760182,1.060729,-0.3826215,0.6101265,0.489793,0.06876101,0.4257941,0.3757252,-0.3314474,-0.2738329,0.006340976,0.4232898,-0.4455974,-0.1495818,0.001758106,0.05562549,0.2696526,0.03807268,0.1212695,-0.06710356,-0.02741358,0.2933513
0.05199999,-0.4517919,0.2536236,0.4352628,-0.4294883,-0.5051387,-0.1026874,-0.1703199,0.3115259,-0.04547125,0.1633626,0.1503003,0.4576159,0.3981397,0.1445677,-0.06691051,0.01622888,0.1217621,0.4165598,-0.0142321,-1.604882,-0.4130873,0.3283149,-0.5468176,0.2125835,1.195822,-0.3980087,-0.06025261,0.1720659,-0.2968
0.3481004,0.1212245,0.06816379,-0.1247172,-0.2493353,0.4784622,0.244902,-0.4069345,-0.4611773,-0.3496559,-0.4068933,-0.04776629,-0.6691712,0.3151293,-0.3617569,0.01233765,0.2306819,-0.1088277,0.01900367,0.008266664,0.4117349,0.377104,0.2540041,0.1509286,0.05549353,-0.4675518,-0.002766103,0.6323406,-0.0546546,0.1230281
-0.02009749,0.4483417,0.06957266,-0.7421893,0.3829424,0.09963685,-0.6325654,0.01285033,-0.1726269,0.448059,0.06433719,-0.03532463,0.184039,-0.2168935,0.3187082,-0.4489508,0.1003534,0.2799942,0.7588675,-0.729299,-0.3010954,-0.3415608,0.5750119,0.1186882,0.02293888,-0.1002113,-0.05693381,-0.06833889,0.1827956,-0.4202596
0.02464026,-0.3329461,0.0004128814,-0.7179188,-0.1995952,0.03061566,0.05942781,0.103142,0.0981371,0.0400438,-0.005481309,0.3113941,-0.3854204,-0.02091461,-0.393023,-0.06478569,0.3412516,-0.2273799,-0.2187476,0.03244966,-0.005263507,-0.03564538,0.1174455,0.02648237,-0.02435094,-0.4569317,0.124254,-0.01867534,0.000230536,0.03702635
0.2675972,-0.05401462,0.3139821,-0.2669727,-0.3441402,-0.09556188,-0.02060035,0.0004970809,0.1430089,-0.04337559,-0.4509675,0.3890685,0.1047559,-0.04638829,0.06959029,-0.0556946,-0.1364292,0.1248125,-0.06336218,-0.1835293,-0.1108802,-0.2060749,0.07793391,-0.06671036,-0.1062635,1.032012,-0.04186147,-0.1649219,0.08339342,-0.2917838
-0.499994,0.1707848,0.02402252,0.2169819,-0.1156057,0.2110258,0.3476727,0.1043329,-0.3847282,0.3896337,-0.1990936,-1.0543,0.129784,-0.3797592,-0.09268929,-0.1038373,-0.07652663,0.4744908,-0.2605298,-0.4749014,-0.6289929,0.2823133,0.4908254,0.1184796,0.008450091,0.6639253,0.13105,0.02258859,-0.005758936,-0.03251457
-0.4118278,0.3179054,0.1794987,-0.1195632,0.03604556,-0.6283241,0.02220319,-0.1390718,-0.6202552,-0.4602326,0.648719,-0.03014868,0.4689301,0.482193,0.0341689,-0.2491804,1.815026,0.3014147,0.01222652,-0.02164072,0.01381058,0.1892241,-0.009101176,-0.4556071,0.1803173,0.4154651,-0.3620285,-0.004652228,0.1652952,0.5149953
-0.54014,0.04930232,-0.06494743,-0.6606323,-0.1360298,0.2719628,0.3861617,0.2422622,-0.1586957,0.04552728,-0.4505216,0.4084399,0.4856092,-0.1056746,1.032325,0.03599758,0.05887238,-0.02078335,-0.3740006,-0.3350215,-0.07890838,0.1969635,-0.008185035,-0.04175517,-0.08029789,-0.270138,-0.11896,0.1078824,0.00249928,-0.00480092
0.08337345,-0.1328146,0.1086708,-0.2408147,-0.3567364,-0.2289012,-0.06885427,-0.03432757,1.042425,0.2704567,0.4312898,0.7756745,-0.1660492,0.07603962,-0.1815708,-0.003715864,1.733605,0.005259526,0.1938133,0.06360384,-0.1524687,-0.370212,0.3509609,-0.6257144,-0.2793097,-0.07094528,-0.372149,-0.1850372,0.7609097,-0.003362973
0.004952301,-0.7431889,0.4847628,0.06661209,0.03463897,0.0374644,-0.000283454,-0.1614417,-0.4932774,-0.03854021,0.2089292,0.04660039,-0.06284917,-0.4144707,0.1274348,0.07781146,-0.171539,0.5229299,-0.1784314,0.0003723596,-0.01688945,0.1852704,-0.005888466,-0.13044,0.2704369,-0.04765128,0.06460112,0.03193904,-0.05475968,-0.0386639
-0.4751535,0.3082455,-0.01043746,0.6089417,0.2393598,0.2808336,-0.3089257,0.7983286,-0.05627102,0.0470966,-0.4797436,-0.4446614,0.3936068,-0.003003754,0.03587252,0.00500977,0.457628,-0.003389204,0.03246874,-0.003533207,-0.3389437,-0.1783649,0.07658663,0.4139371,-0.07987749,0.01240726,-0.0002813342,0.4905878,0.5963563,0.3676529
;
-0.526023,0.4710222,0.0744733,-0.1010717,0.1168345,-0.3718376,-1.623674,0.003122151,-0.01894075,0.2835894,0.1479394,0.7811416,0.2367947,-1.269921,-0.04165131,-0.0176515,0.2471337,0.2957119,-0.1180656,-0.05189568,-0.7410802,-0.1815104,0.02358419,0.05435674,-0.5995811,-0.0766973,-0.4235972,-0.35309,-0.08986399,-0.1142279
-0.08568263,-0.2645291,0.1347101,0.1709253,-0.132051,0.2446031,0.00536937,0.1172349,-0.1211555,-0.0287863,0.1731762,0.0364586,-0.04541722,-0.3273074,-0.02497894,-0.2642351,-0.2106803,-0.4071522,-0.5020138,0.3930072,-0.09941977,0.07110213,0.4634548,-0.103388,-0.5497528,-0.2053031,-0.01900471,-0.2339821,-0.05988631,-0.2643954
-0.05917001,0.303405,-0.1354951,-0.1261011,-0.281837,0.02828916,0.0595789,0.1843958,-0.1731379,-0.04898363,0.4428868,0.3216084,-0.2485467,-0.4459647,-0.00896735,0.0734775,0.02683573,-0.05368561,-0.06355094,0.1723176,0.8191515,-0.00748632,-0.04073968,-0.5043949,-0.04996319,0.4059561,0.8003,-0.2846543,-0.9338696,0.2240516
;
-0.1730922
-0.0022911
0.06156186
-0.03273672
0.0005385246
0.5466768
0.2140168
-0.4673157
0.364517
0.07701749
0.02560812
0.4270612
3.875527
-0.07328707
-0.1299954
-0.02101376
0.1144174
0.3430816
-0.1313215
0.3192981
-0.2985827
-0.2185885
-0.4426172
-0.00216112
0.4798571
0.009579563
-0.4898526
0.005908489
0.6794013
-0.3678164
;
0.04316165,-0.3675481,-0.2201737,0.004418792,-0.2201903,-0.3823029,0.9465703,-1.527108,-0.9351249,0.1253475,-0.01049318,-0.159134,-0.06772274,-0.05242121,-0.1079046,0.2374239,-0.0483212,0.1193478,0.2709756,-0.1738127,0.2114817,-0.1606702,-0.4203699,0.4415739,-0.09453863,-0.1432555,-0.4005219,0.2064819,0.07083863,0.02848559
0.4951739,0.03935245,-0.1395818,-0.05990769,-0.4763986,-0.2205101,0.1337333,0.03845703,0.2145302,-0.1751296,-0.01199061,0.2173209,0.683828,0.1725731,0.01843634,0.2765995,-0.1164682,0.828519,-0.009356439,0.1725111,-0.1842604,-0.1379903,-0.1043809,-0.4295969,0.3648134,-0.1646866,-0.04530273,-0.2901486,0.300119,0.2804712
0.07957138,0.006586346,0.02191368,-0.06615765,-0.0797874,-0.02065279,0.1312413,-0.4512709,0.3283644,0.2303444,0.001845844,-0.8851876,0.2570995,0.3554038,0.2662359,0.04067713,-0.05972759,0.001905226,-0.3187685,0.07427283,-1.060665,0.0004127535,-0.1653263,0.1107612,-0.09274858,-0.04501207,-0.765152,0.1752187,-0.01385061,0.527538
-0.2293151,0.1891085,0.06425511,0.2206297,-0.001691759,0.002371725,0.4500551,0.5631845,0.4136382,-0.3321329,-0.01734753,0.008934915,0.4360546,-0.7565486,0.03129522,-0.0122842,0.4731679,0.3200996,0.3530176,0.05486086,-0.7222149,0.9042045,0.04010724,0.1324872,-0.1258369,-0.5982495,0.03500096,0.0355869,-0.05346495,-0.05407055
0.5874572,0.3496527,-0.2320983,0.06940485,0.3368472,-0.01314198,0.469921,-0.001126109,-0.1198341,-0.5893776,0.4348948,0.3506365,0.04055333,0.0201532,0.2752723,0.09561187,1.230894,-0.1165923,-0.4722416,-0.1692865,-0.04901072,-0.4860075,-0.03810464,0.6188956,-0.4179559,-0.7823769,-0.04138374,-0.372565,0.1129035,0.02052257
0.4403386,0.3087133,-0.002836163,-0.111372,-1.688912,0.2814243,0.336983,0.4361614,0.8123255,0.09901069,0.4114827,0.3042706,0.3910738,-0.0009773752,0.9462324,-0.247662,-0.008504332,-0.2660768,0.2798221,-0.1460583,-0.3296229,-0.2755791,-0.0351739,0.03134205,0.4661437,0.01558193,0.4925402,-0.188809,0.9194127,-0.06453615
-0.321978,-0.3380383,0.7248018,-0.02353727,-0.02121186,-0.08416814,-0.2503365,0.0382746,-0.4477193,-0.3271747,0.08889516,1.304755,-0.008276857,-0.5411368,-0.03066685,-0.3175176,-0.3598123,0.009939373,0.5856759,-0.09077355,0.111359,0.3873962,0.000729794,-0.006825864,-0.5056719,0.07032179,0.3618752,0.1074307,-0.04072994,0.6378472
0.1321342,0.07718361,0.7420766,-0.3560607,-0.3434564,-0.2416058,0.1353039,0.05882734,0.3216158,-0.1018991,-0.4993115,0.3587434,-0.5383204,0.02126835,0.384402,0.02910477,0.09216469,-0.3153863,0.1481598,-0.4209361,-0.4551595,-0.03439835,-0.6915792,-0.00672071,-0.3153957,-0.0181116,-0.1276305,0.34305,-0.02591333,-0.08395834
0.09972078,0.5872383,0.3863436,0.1016701,0.2399971,-0.2438557,0.3366368,0.4124383,-0.005466918,-0.006804508,-0.001741976,0.3183186,0.3900538,2.083615E-06,0.02640202,-0.1361215,0.4509467,0.280027,-0.2837586,0.1362664,-0.5326127,0.2106385,-0.1329942,0.1989003,0.2132175,-0.1172345,-0.05130128,-0.01627056,0.06733168,-0.07755063
-0.06563231,-0.003597889,0.2569252,0.1036961,0.3760554,0.4034481,0.008221862,-0.4539924,-0.003371775,-0.3671555,-0.02315574,-0.01328808,-0.07161852,-0.09900898,0.08663872,0.005720807,0.1165077,-0.774677,0.2872915,0.0742957,1.384755,-0.3989575,-0.09060173,-0.1632839,-0.129381,-0.417135,0.8218059,-0.3108176,-0.1842385,0.02684957
0.2522828,-0.4134194,0.4444222,0.06609469,0.002784398,-0.166153,-0.3796697,0.04050842,0.2672499,0.0005253782,0.4197231,-0.0503352,-0.1486907,-0.3921885,0.3651654,-1.613067,0.06204444,0.04121697,0.2312587,0.2008506,0.4907101,-0.4639093,-0.4652343,0.5576622,0.6067895,-0.3703905,-0.2290663,0.2869016,-0.2531073,-0.03855535
-0.03866929,-0.02781522,0.3709094,0.1116078,0.04841083,-0.2813705,0.2581141,0.4828864,-0.5798136,0.3012343,-0.4738247,0.002579314,0.2476633,-0.3341311,1.073038,-0.001453629,-0.05662149,0.4902587,0.001356855,-0.3651152,-0.06949296,-0.1221897,-0.09338377,-0.006751075,0.1175498,-0.00478137,0.3208897,0.1273876,0.2573623,0.002649111
0.1336473,0.372248,-1.32303,-0.387234,0.2527799,0.3939058,-0.2120538,0.3512253,0.4491901,0.2168193,-0.009410163,0.493829,0.1478041,0.286643,-0.08495849,0.7832028,0.3176416,-0.001294398,-0.0218719,0.6181599,-0.4587348,0.2271738,0.02770877,-0.2665446,0.2531039,-0.1977182,0.5822158,-0.5336136,0.2038537,0.2133341
-1.484688,-0.1840039,-3.255581,-0.07388324,-0.4120972,0.4348001,-0.6707373,-0.2151738,-0.2309746,0.3785846,-0.05393916,0.9682139,-0.15369,0.4661067,-0.000225454,0.3942522,-0.00487242,-0.06039548,0.23139,0.2399517,-0.1917986,-1.026833,0.01826264,-0.262629,0.3276143,0.1407005,0.4891207,0.1646689,-0.008245624,0.112435
0.3764094,-0.1209105,-0.5130324,0.3497014,-0.3001853,0.4031041,0.5217884,-0.0129406,0.2028733,0.05996317,0.002565559,-0.04837455,0.264945,-0.4986166,0.3169572,-0.951212,-0.02999384,-0.4867647,0.3938234,-3.521651E-06,0.1169707,-0.1009743,-0.1800975,0.04639153,-0.4988871,0.1130869,0.03236356,-0.1045379,-0.04140502,-0.05878979
0.00124884,-0.7051936,-0.05642922,0.1483727,-0.3909988,-0.01585072,-0.01039311,-0.1796247,-1.138197,0.04285989,-0.4043236,0.9417686,-0.7031395,0.005885017,-0.3238791,0.01139671,-0.03342042,0.487725,0.01070054,-0.02032413,-0.03114094,-0.1357419,-0.07312442,0.08381466,0.02845996,0.926714,0.01941747,-0.4703053,0.06955448,-0.07248914
-0.1498711,0.6407934,-0.01009221,-0.02730777,-0.113717,0.6748013,-0.0244146,0.322906,0.5490755,0.1090798,0.0003119391,-0.03056996,-0.0008978244,0.1775626,0.4778489,0.3809011,-0.2464938,0.1322005,-0.3813436,0.3201103,-0.3663237,0.0003927984,-0.1404095,-0.3859411,0.00021409,1.309773,-0.01027375,0.3618328,0.1637407,-0.07226698
0.182595,-0.01522879,0.09007118,-0.5359284,-0.322751,0.106999,0.3288199,-0.1081772,-0.01937189,-0.1573598,0.03417748,-0.2828548,-0.1484072,-0.007315096,-0.07291535,0.1461587,-0.06072396,0.05332328,-0.2313005,-0.2074044,-0.05034095,0.0242663,-0.03799778,0.001574508,-0.1348753,-0.3170778,-0.1064009,-0.0157233,0.7412476,0.17163
-0.0550465,0.3751992,0.02945453,-0.06258203,-0.129176,-0.08758048,-0.2769808,0.1527132,0.07789658,0.1134506,0.1859786,0.5867323,-0.135002,0.144438,-0.08574521,-0.406445,0.4813886,-0.2404313,0.4517347,-0.3561903,0.1139169,-0.06804609,0.04796976,-0.6828225,-0.2156723,0.4992175,-0.06741577,0.4797747,0.403451,0.02348866
-0.04674136,0.09361898,0.725119,-0.06044692,-0.05242056,0.2858248,0.001446796,0.04980512,-0.1082692,-0.06273192,-0.6329227,0.009365048,0.3863698,0.000919834,0.0240594,0.1193252,1.956072,-0.1481857,-0.4747556,0.2798208,0.7574946,0.4554111,0.4024307,0.04610258,0.0524619,-0.1472136,0.08958355,-0.4578198,-0.001714193,-0.6633604
-0.02986225,-0.1304726,-0.1039087,0.2361104,-0.1477353,0.06875876,-0.6582745,0.6556575,-0.2293091,-0.4668429,0.1159153,-0.4608809,-0.03779608,0.1509816,0.03807472,0.1563506,0.0430261,-0.3096074,0.08888169,0.2151879,-0.2820885,1.27865,0.3495292,-0.2187212,-0.1378147,-0.1831911,0.005234639,-0.08578855,0.01760543,-0.03165439
-0.1838969,0.5267884,0.09364384,-0.0008056136,-0.001260941,-0.1266063,0.06587686,0.04032549,-1.101945,-0.2081355,0.07316393,0.001007598,0.3677203,-2.018227,-0.1638781,0.3380351,-0.7380885,0.01352451,-0.4746875,0.4750922,0.4087243,-0.4144144,0.3692684,-0.1502931,0.04117817,-0.002815367,-0.02787359,-0.3341113,-0.2389854,0.4291461
0.1813378,-0.0708892,0.1604757,-0.03315308,0.1307375,-0.1024023,0.1679729,-0.3009354,0.008237898,-0.2207159,-0.008480145,0.4132529,0.08224517,0.5814235,0.005446414,0.2098237,0.1584279,-0.005544841,-0.137926,0.1621671,-0.2635286,-0.3769946,-0.5514264,-0.487608,0.3935896,-0.002156844,0.007172464,0.1393701,-0.00720357,-0.1319008
0.4029291,-0.3168408,-0.1480236,-0.2374041,-0.1211956,0.4505994,-0.09855735,0.04326278,0.05298108,-0.04914137,0.03716644,0.06562668,0.01797521,-0.2794665,-0.09363558,0.1793577,-0.08351401,0.0007954728,0.377749,-0.02302279,-0.5244342,0.06509457,-0.2565753,-0.001542956,0.001187966,0.2983366,0.2910983,-0.08035291,-0.4942473,0.179375
0.2413766,0.2948547,-0.2559922,-0.4391018,-0.04735124,0.014213,-0.2494542,0.2942761,0.1105221,-0.0003024429,-0.03486489,0.8077646,-0.1322024,-0.2081987,0.2462611,0.2370465,-0.6030578,-0.4375579,0.3583791,-0.7301341,0.2294861,0.2632058,0.02499383,-0.4011231,0.0007752801,0.3371331,-0.6214609,-0.06062699,-0.08478552,0.1314996
-0.3924489,0.03888015,-0.5683774,0.5725645,-0.001853609,-0.2303723,0.2054852,-0.03472471,0.1012107,-0.1284507,0.09991045,0.909413,-0.1781383,3.579446,-0.7702601,-0.001081896,0.2632128,-0.01021902,0.4259126,-0.009396899,0.03515773,0.04847721,0.0004176921,-0.4689164,0.006133235,0.07912236,0.01012899,0.5020778,0.1777315,0.1059793
-0.1867637,-0.3329266,-0.746817,0.01560662,-0.1255306,-0.02143321,-0.2278695,0.1734562,-0.05781039,-0.3996814,0.2211364,-0.2764443,0.09935042,-0.2291806,0.001569435,0.4853966,-0.04925936,0.1775323,0.06198126,-0.002038901,0.4540587,-0.0001079889,0.2711356,0.5830405,0.2306098,0.207195,0.3248903,0.6068147,-0.1352745,0.1418149
-0.05822569,-0.04366785,0.4538538,-0.3762892,0.04961203,-0.2936062,-0.2735983,0.2659826,0.143585,0.001206809,-0.1372816,0.1685294,0.3601028,0.1054947,0.7871222,0.2233546,0.02598763,0.04840879,-0.4693961,0.7880732,-0.07285727,0.3585355,0.5866064,-0.0163689,0.4955078,-0.01000669,0.2910602,-0.004102729,-1.860627,-0.5364538
-0.06635825,-0.001409451,-0.04777926,0.1612395,0.01585568,-0.0384207,-0.04260473,-0.02198492,0.01659163,-0.2432791,-0.159924,0.1209722,0.3088852,0.8363174,-0.7160038,-0.08538999,-0.139634,-0.4061005,-0.1090201,-0.402045,0.5608739,0.08817261,0.03161384,-0.06859499,-0.08706189,0.32839,-0.3386304,0.001796932,-0.5981979,0.4064023
0.0763538,0.365374,-1.020615,0.08676565,-0.216341,-0.4488276,-0.04908898,0.283169,0.1169686,-0.1706618,-0.3480065,-0.2965264,0.2873183,-0.002156015,0.05506418,0.2541891,0.03611261,0.09215254,-0.9844848,0.4894464,-0.134357,-0.3583456,-0.07602854,0.5191817,-1.411723,0.01775887,0.06333154,-0.1436404,0.3411051,0.4920132
;
-0.007080269,-0.07224356,-0.09186745,0.09119731,0.001818815,0.2373866,-0.4977072,0.02705122,0.0002335723,-0.03504576,-0.1327248,-0.03242415,0.01482054,0.504477,-0.01901268,0.0001835665,0.2693629,-0.1366972,0.02703098,0.1507742,0.1728783,-0.380266,-0.04458393,-0.2197051,0.1037879,0.3285908,-0.01086408,0.0757413,0.1317099,-0.05062149
-0.6413991,0.02107312,-0.1782044,0.1239291,0.3915055,0.00932517,0.5201982,0.03076226,-0.156455,0.2886759,-0.2265212,-0.4446557,-0.000985701,-0.06190878,-0.2113661,0.01121557,-0.1760244,-0.2755544,0.1841245,0.1475053,0.1067185,-0.001480039,-0.07803092,-0.3962243,-0.5784569,0.02718502,0.03106633,-0.4583629,-0.1886006,-0.05001226
0.005335333,-0.06224758,0.009435475,-0.0876133,0.2079875,0.03892065,-0.2426745,-0.09507885,-0.4329079,-0.3586938,-0.1884531,0.06506961,-0.04100277,0.7794133,-1.02303,0.0932427,-0.007823249,-0.06332818,0.06991619,0.04094157,0.02117748,0.4614972,0.0302221,-0.8161961,-0.0712602,-2.215304,-0.01320141,-0.07364293,0.1639038,-0.2595816
;
