-0.4236188
0.09081608
-0.4670166
0.06774154
-0.1118401
0.1843282
-0.2262526
-0.07133359
0.3029156
0.07037403
;
0.0007646555,-0.3210014,0.3768561,0.0002678421,-5.300509E-05,-0.1172581,-0.6108329,0.006760906,-0.01903169,0.2288514
0.09750608,0.4087348,-0.02090919,-0.01165277,0.004593234,0.1168511,0.2132618,0.3672295,-0.001469687,0.4108273
0.01013191,0.0728306,0.005398158,0.4360827,0.1599701,-0.05314456,-0.1486913,-0.06471565,-0.07280436,-0.4573911
-0.2307765,0.0002116854,0.3270899,0.002908823,0.09668513,0.4111896,0.5041359,-0.03548497,0.3353747,0.4550873
0.4769316,0.008946067,-0.003264085,0.08242683,0.01515716,-0.1932697,0.2596831,0.001352902,-0.009739361,-0.07145792
-0.5162165,-0.3494899,-0.01905113,-0.5920989,-0.01619726,0.6531776,0.004346923,0.005989395,-0.05649335,-0.7394944
0.3914915,0.2447004,-0.04094857,-0.4160517,-0.07517336,-0.04926057,1.790828,0.1628237,0.4161727,0.4196336
-0.08146983,0.1051375,-0.1485444,-0.2303475,0.2201154,0.09431106,-0.2037987,-0.4079807,-0.08704372,-0.4995725
-1.531721,-0.1789916,0.05618172,-0.8117692,0.1575258,0.04933828,0.336875,-0.1823654,0.125223,0.6331905
-0.0222477,0.3449407,-0.1809736,-0.02190715,-0.087668,-0.2110722,0.2146921,-0.09412724,0.2827684,-0.4958079
;
-0.05665192,-0.1101272,0.2960708,0.4642999,-0.5394126,0.008231883,0.01395996,-0.009346556,0.6688443,0.1663869
-0.1530852,0.1555334,-0.05954701,0.1040476,0.294557,-0.1811055,-0.2069442,-0.4385316,0.03249103,0.0521467
-0.05897635,-0.03016276,0.3133549,0.304151,0.2879793,0.2602799,0.4252145,-0.01538935,-0.7158275,-0.847775
;
