0.3058698
-0.5482842
0.2016443
-1.119154
0.4607101
-0.3264011
0.2495171
0.2639849
-0.07232288
-0.5651718
;
0.4047491,-0.490896,-0.07338501,0.5685927,-0.2362604,-0.1080911,-0.1288978,0.3104367,0.09877175,0.3271936
0.003617164,-0.5450809,-0.02515645,0.321643,-0.03349949,0.1044804,0.04179325,0.08721747,-0.1388736,0.04904932
-0.04380881,0.01312645,0.2779956,0.04216057,-0.1839645,0.002221608,-0.1462495,0.9343894,-0.2611745,-0.1212741
-0.3969959,-0.001562851,0.2610584,-0.04696376,0.0006434841,0.01584879,-0.02207588,-2.823691E-06,0.4568591,-0.2965057
0.1092174,0.001897654,-0.2368183,-0.2523029,0.8355025,-0.03121611,-0.3183259,0.00537788,0.143575,-0.3632929
-0.1663044,0.822404,0.1308502,-0.4035838,-0.002083245,0.2183199,0.06074029,-0.04035643,1.802223E-05,0.04632729
0.2937264,0.2595189,-0.3808499,-0.2541145,-0.02742353,-0.4652839,-0.01205215,0.02267486,0.6364549,0.3724239
-0.2566147,-0.1771978,0.05602843,-1.243609,0.0178859,0.5215108,0.6082417,0.3589504,0.6302221,-0.2234729
2.090863E-05,0.1250069,-0.0001592325,-0.02609688,-0.005150198,-0.0511498,-0.0005227625,0.0128397,-0.05001003,-0.375793
0.001036138,-0.008815541,0.3659666,-0.4260267,0.3512596,-0.1283523,-0.05562375,-0.401922,-0.07812429,0.1973009
;
0.02963585,-0.1609282,-0.3015041,0.0221352,0.5149366,-0.02944701,-0.6340275,-0.3256634,0.07239243,-0.3208357
1.563286,-0.0132778,-0.05129482,0.1431802,0.2361737,-0.1474013,0.5082765,0.001064656,-0.002324059,0.495822
;
-0.02229504
0.7325945
0.5288876
0.05249689
-0.1678957
-0.3325108
-0.3286184
0.1269402
-0.001114959
0.06667715
;
0.2314253,-0.08733147,-0.2566032,0.03061344,-0.09564351,0.06284889,-0.3707466,-0.1267449,-0.1693076,0.3380337
-0.2124116,0.8883096,-0.05927805,-0.03072802,-0.3218527,-0.1135702,0.2805747,0.1432005,0.3618695,-0.01121121
0.04989201,-0.2689204,-0.0006209174,0.1471611,0.08065537,-0.01705195,-0.03957256,0.002317727,-0.1063706,0.09179586
0.3336871,0.458017,0.1840728,-0.04837105,-0.01899636,0.0248184,0.0819995,0.471797,0.15132,-0.07125103
-1.189721,0.3079946,-0.05469495,-0.06740567,0.03039231,0.006032804,-0.2811946,-0.1404977,0.002413054,-0.01809295
0.3690747,0.03110132,0.4831101,0.4654045,0.229175,-0.2029825,-0.03140241,0.006582844,-0.1148633,0.5767328
0.2439881,0.04939085,0.1821706,-0.04414076,0.3891028,0.03396703,-0.6945627,-0.3561856,0.03450947,0.1235447
0.4394331,0.3119242,0.005283246,-0.4349782,-0.4030961,-0.2369173,0.01024606,0.1219732,0.02729398,-1.019763
-0.005873369,0.7860899,-0.2243606,-0.1230103,-0.3686011,0.1174393,-0.1031098,0.8168468,0.0636017,-0.26009
0.1870769,-0.4148208,0.1790132,0.3659967,3.480976E-06,-0.0006465524,-0.005633,-0.4197373,0.1286353,0.004993028
;
0.2432787,-0.05255268,-1.45415,0.0005865011,-0.2469654,0.09686959,-0.006643962,-0.02425408,-0.1747401,0.1429576
0.6338392,-0.1904598,0.3522553,0.01413599,-0.009625513,0.06598169,0.01508051,-0.08023924,-0.2533261,0.07461445
-0.1861388,0.1082425,0.03840553,0.0989458,0.2340196,-0.4552236,0.0703997,-0.1019385,0.4978746,-0.2414402
;
