-0.2219035
0.05034584
-0.0837141
-0.4855996
0.4723047
-0.1286373
0.4560946
0.2959985
0.3446774
0.1592886
;
-0.2459465,-0.4394888,0.196599,0.01602,-0.08905393,0.1640591,0.4450126,0.4043015,0.2707806,-0.1139221
0.03602463,0.4812562,0.3936437,0.1873714,-0.1298125,0.005655706,-0.1485552,0.1000296,-0.469111,0.1982338
-0.1268085,0.2352943,-0.2173048,0.2304848,-0.4555269,-0.2156785,0.4712518,-0.1004366,-0.04844195,-0.03079051
-0.4027208,-0.07452542,-0.3218135,-0.4655355,-0.4749284,0.3971393,-0.4728361,-0.2505388,0.1095302,-0.3886925
0.193956,-0.4527218,-0.2281139,-0.09516498,-0.2430812,0.2667713,0.2571765,0.2888871,-0.03855437,-0.21841
-0.3512034,0.3307128,-0.3886691,-0.4992964,-0.4297307,-0.4635764,-0.1186314,-0.09694582,0.4270762,-0.2071646
-0.3555597,-0.05615133,-0.135735,0.2510411,-0.3241454,0.1612638,-0.4899031,0.07735091,0.1079332,0.1356184
-0.04997379,0.4408263,-0.1358796,0.09965509,-0.1009666,-0.413113,0.4025259,0.05782801,0.3821243,0.4720976
-0.3236195,-0.01499552,0.6370751,-0.08243078,-0.4769,-0.1435944,0.3246174,-0.3629781,0.365695,0.05184823
0.4018698,-0.2948055,-0.2878146,0.192103,-0.3268806,0.1444895,0.1421853,-0.3913194,-0.1467624,-0.3054359
;
-0.3313011,0.1934365,-0.09568673,0.15433,-0.3161094,0.1769919,-0.362506,0.446926,0.22066,0.09950608
-0.211963,-0.001646459,-0.465212,-0.0008146167,-0.4168934,0.2845838,-0.1213891,-0.2035198,0.4895332,0.09554356
;
-0.01053614
0.06169277
-0.03229069
-0.3310285
0.5132973
0.01753863
-0.08927505
-0.0005367267
0.4102393
-0.1074331
;
-0.1009524,0.001051764,0.5770588,-0.4308295,0.5788578,-0.4865205,-0.494049,-0.7456212,-0.1902671,-0.3275729
-0.3739635,0.1884674,0.005958825,-0.1933412,-0.2823758,-0.07397693,0.3766721,-0.4488701,-0.1421949,0.5449818
-0.3153341,-0.3501382,0.239177,-0.001501896,-0.2932694,-0.2647461,0.01952525,0.1168092,0.3389012,0.1838474
-0.1424927,-0.1465896,-0.1096511,-0.3067594,-0.06765546,-0.01525597,0.2254301,0.3186042,0.1093989,-0.2729096
-0.1032256,0.006308088,0.3002171,-0.485673,0.03538687,0.1223971,0.2473208,-0.3658288,-0.1662196,0.2083608
-0.2196606,0.841609,-0.6709729,0.05751258,0.0006433883,-0.07663907,0.07916301,-0.04000539,-0.2437871,0.1144682
-0.7834973,-0.2799373,0.249969,0.2367031,-0.06896812,0.2897219,-0.4393828,0.1494953,-0.02093429,-0.08644225
-0.006928772,-0.3275031,-0.01857114,0.007255853,2.000487,-0.4694509,0.01505082,0.4175123,0.09143335,0.5803465
-0.2181281,0.06314581,-0.1335683,-0.1801873,0.4576515,-0.1096184,-0.1615801,0.4784648,0.4117461,0.2508807
-0.1403414,0.2842871,-0.5537846,-0.02845747,0.1295909,0.140246,-2.889118E-05,-0.2632033,0.387828,-0.003608893
;
0.6172405,0.001059387,0.01656178,-0.3771448,0.01558818,0.206778,0.08556187,-0.346593,-0.4882828,0.278658
-0.0008127357,-0.09654349,-0.0842867,0.03739051,0.04004533,-0.01368397,0.01940142,0.06371182,-0.4477242,0.1576794
;
0.2085712
-0.435647
-0.2665472
0.3783845
-0.6477289
0.08656739
0.9659292
-0.05364406
-0.5449354
-0.08073508
;
-0.4649623,0.08487742,-0.04101151,-0.245814,0.08193573,0.3915824,-0.1987674,0.08275983,0.004773389,0.05952624
0.02228071,0.2870349,-6.856209E-06,-0.371242,0.2447879,0.006592458,-0.02323407,-0.05064704,-0.06350774,-0.007464588
0.04478813,0.05309974,0.2467126,0.004197778,0.1148381,-0.3728277,-1.218997E-05,0.2776852,-0.2626213,-0.1027977
0.01649029,-0.2981941,5.427357E-06,0.243427,0.1500335,-0.002358948,0.02412983,-0.1151974,-0.5137491,-0.04046931
-0.05767729,-0.03769704,-3.467134,0.008419223,0.1145326,0.01680393,-0.001560461,-0.4951593,0.3509008,-0.1353586
0.8726642,-0.710801,-0.1281229,-0.579105,-0.04547183,-0.351637,-0.03553103,-0.3823781,-0.04772242,-0.00118116
0.07934584,0.4288732,-0.315925,-0.2701842,0.1187536,-0.2905071,-0.1799534,-0.5475025,-0.1205824,-0.860478
-0.2393201,0.003998782,0.1323327,0.05325013,0.8523237,-0.2292174,0.125902,-0.3355417,-0.02131906,-0.005572552
0.2189737,0.02672476,0.05307684,-0.2558134,-0.1663801,-0.01241857,0.4724125,0.0005771152,-0.1274463,0.4607267
-0.2956407,-0.432785,-0.1579069,-0.3553715,-0.04542722,0.02477289,0.1389174,0.5248898,0.4734225,-0.3219217
;
-0.032168,-0.3672647,-0.1753883,-0.2618206,0.07940024,0.2464455,0.09437414,0.3667907,0.4638344,0.4270077
-0.0001472234,0.1086324,-0.3489186,0.4455296,0.1993299,-0.1761069,0.3829886,0.008123503,0.004555878,-0.3220339
;
0.1870315
-0.1059645
-0.09626789
-0.1278974
0.6096404
-0.02978334
0.1754233
0.01613945
-0.001327967
0.9807807
;
-0.2948998,0.2899053,-0.1901316,-0.1379421,0.2675068,0.3662423,0.3959272,0.4334259,-0.04961104,0.01718885
0.316628,0.0007100352,-0.1312703,0.1711707,0.1056216,0.4329249,-0.0850913,0.3164146,0.05980941,-0.6473165
0.1071425,0.06127602,-0.01048917,-0.3480235,0.118497,-0.2802942,0.3921846,0.4296457,0.2892093,0.02886266
0.120727,0.03099515,0.03454197,0.7767707,-0.0006647157,-0.09519468,-0.2339709,-0.05907724,0.07252507,0.3501173
-0.1683663,0.158561,-0.1385874,-0.008977112,-0.1479514,-0.3153017,-0.4876744,0.3048633,-1.770914,0.03734666
-0.2195114,0.3091553,-0.4356022,0.4585299,0.1311804,-0.2336159,0.2410617,0.5450298,0.02028948,-0.5363242
-0.8271346,-0.002251796,-0.2248583,0.04867989,0.3622962,0.02347354,-0.3459841,0.3217947,-0.4056917,-0.3461972
-0.4998035,-0.1478021,0.3677973,-0.008252782,0.1406148,0.1672935,0.3753044,0.0882464,-0.1344926,0.1310181
-0.2612066,0.0017555,-0.2376938,0.1863179,0.03266874,-0.04227141,-0.1413762,0.124084,-0.1823413,0.2106654
0.139525,0.427176,-0.0005720962,0.0684489,0.3719406,-0.008790912,0.3169069,-0.9773192,-0.4867163,0.09817523
;
0.06498438,0.2925524,0.2769495,0.04232654,-0.1625156,0.44169,-0.219533,-0.2623519,0.2710025,0.6893142
0.008494904,-0.004179988,0.3640155,-0.3272887,-0.01399947,0.06057614,-0.2791195,-0.1312456,-0.4691952,0.02881503
-0.05447767,0.2673827,0.06217489,0.2441035,0.0270262,-0.07613128,-0.664329,0.4483114,-0.6184261,-0.0006405541
;
-0.01492891
-1.145459
-0.4589547
0.007597586
-0.0260091
0.4679929
-0.03179139
0.1360776
0.003045181
0.475885
-0.3574857
-0.08715598
0.1851961
-0.1415282
0.434128
0.2739557
-0.6029359
0.07164362
-0.2913675
-0.1113891
-0.003422232
-0.3076819
0.4369728
0.1519041
-0.3070755
-0.3065282
0.5167452
0.433576
-0.0102785
0.36202
;
-0.01296911,0.9611355,0.1306876,0.3321502,-0.1664296,0.1031636,0.5608143,0.2690469,-0.4540024,0.02022702,0.3211918,0.04583436,0.02026589,-0.2865287,-0.2370193,-0.1233371,-0.01315433,0.05969962,0.4573815,0.1742186,0.0183626,-0.0736739,-0.06504158,0.02956191,-0.01461914,-0.007925212,-0.4198431,0.9429584,0.2735931,0.1700117
0.07178731,-0.01723255,-0.2518847,0.4365458,0.1303668,0.0990992,-0.2087372,0.1176837,-0.1140525,0.3503051,0.4134999,-1.011953,-0.4385472,0.03361449,-0.02376395,0.2771719,-0.01758878,0.3478643,-0.007213092,0.08581096,-0.03703065,0.5533869,0.05684406,-0.07254165,-0.1773848,-0.4415078,-0.09568332,0.07285148,0.1566183,0.1634738
-0.4227891,-0.2495735,0.2614495,-0.2120686,0.4448228,-0.04059868,-0.3496589,-0.04904369,0.3289658,-0.4333411,0.2152157,-0.08944478,0.03906117,-0.1063718,-0.3728854,0.8147448,0.4739407,0.3515997,0.4494173,-0.007604649,0.2257867,0.2304321,0.08832186,0.127468,-0.2489632,-0.08945907,-0.2492532,-0.4835444,0.01214748,0.2646664
-0.4416521,0.3039706,0.3001627,-0.4430281,-0.01961589,-0.0167783,0.3577014,-0.5330968,0.4974256,0.5783626,0.08578819,0.3471819,-0.1230808,0.2469263,-0.07614225,-0.3159868,0.4227984,0.05498475,0.366322,0.2925471,0.03411802,0.8796088,0.1554818,0.1374791,-0.4063576,-0.4303044,-0.02259022,-0.01248065,0.1461316,-0.2072461
-0.4460214,0.006040315,-0.1322136,0.06717417,0.009213386,-0.3346707,-0.2020919,-0.7880535,-0.5708433,0.04395002,-0.08025526,0.0024834,-0.06020958,0.02347771,0.008526443,-0.08524674,-0.0126838,0.2005926,-1.262938,0.2821003,0.02686518,0.05987474,-0.4405937,0.2632005,-0.01046241,0.1963547,-0.0499277,2.056006,0.1707659,-0.4317256
0.2835737,0.07178169,0.002285846,0.1173992,-0.01637132,-0.1611527,0.08257978,0.4068808,0.1573474,0.3736238,-0.03429104,0.09730822,-0.1125841,0.03961423,0.1533525,0.2928185,0.05236246,-0.3692104,-7.726774E-05,-0.1205352,0.4597026,-0.3373729,-0.007917292,-0.1251784,0.0890891,0.426555,-0.001122689,0.6114003,0.2475232,-0.1817117
0.3811427,-0.2505827,-0.2809165,0.2961625,-0.1825933,-0.1178883,-0.02268022,-0.0004328716,0.2482029,-0.1928744,-0.03287156,0.3231962,0.1259786,0.4553618,0.1899991,0.4311213,-0.4426427,-0.3228128,0.2958281,0.3018626,-0.114037,0.03950704,1.465387,0.2962482,0.3595806,-0.002815392,0.2570878,0.03320907,-0.1534659,0.812664
-0.11705,-0.6690814,-0.3205619,-0.3491222,-0.4045519,-0.1550381,-0.4028503,-0.0101216,0.2867693,0.5614462,-1.260386,-0.404649,0.9379623,-0.2251482,0.4780272,0.0853073,-0.4343019,0.0006786858,-0.1997927,-0.3207483,0.6682959,0.2017606,0.001461914,-0.03518373,-0.01903786,-1.538899,-0.4411248,0.5409932,-0.02499523,-0.004026424
-0.4871131,-0.2743402,0.2028828,-0.1314905,0.04519429,-0.09350544,0.04269115,0.482751,-0.006804645,0.05454764,-0.03552439,-0.4226937,0.04176933,0.1318011,-0.009578124,-0.222854,-0.1521973,-0.01156415,0.01144532,0.2831951,-0.1140187,-0.4039838,0.1000478,0.04209211,0.3707032,-0.4803906,0.101278,0.01311588,-0.001943368,-0.006782575
1.168344,-0.04929534,0.05197221,0.1169216,-0.0259766,-0.4171139,-0.3783828,0.183565,0.4501472,-0.1613769,0.1010228,0.2194732,0.4132243,-0.6243745,-0.3766507,-0.1785882,-0.3487483,0.3169427,0.0147381,-0.04350644,0.682004,-0.006858178,0.03756195,-0.4146968,-0.9549116,0.03161477,0.1634509,0.4204339,0.1774369,0.001301323
-0.3764758,0.2212519,-0.00972369,0.01855249,-0.3001919,0.1541965,0.8457161,-0.4540195,0.2187611,-0.03162777,-0.1555784,-0.469376,0.09056681,0.3437648,-0.03726071,-0.4040699,0.02163341,-0.3239766,0.309449,0.08842704,-0.4277482,-0.01156042,0.294813,-0.1678028,0.3603922,-0.3858919,-0.3968105,-0.07768001,0.1472682,-0.1650262
0.01471605,0.1908278,-0.4510628,-0.02186959,0.01318244,-0.0130927,-0.2816046,0.2611887,-0.136323,-0.05823344,0.02947695,-0.4785602,-0.2659571,0.003970819,-0.2625409,0.004582582,-0.7170328,0.2840249,0.3682984,0.4507833,-0.07864221,0.001495048,0.4206628,0.3054607,-1.543735E-06,0.05814438,-0.08888608,0.07462913,0.2223993,0.1511167
-0.3465728,-0.3078029,0.03965636,-0.7858425,-0.08412295,-0.339645,0.4478347,-0.05097906,-0.4128644,-0.3369091,-0.007205546,0.006817644,-0.00168821,-0.0861913,0.2042369,-0.1373024,0.01909737,-0.4066496,0.08129127,0.1808184,0.217836,-0.2923211,-0.06274384,0.7729687,0.4874523,-0.2559972,-0.02021448,-1.031505,0.186637,0.2703742
-0.08688289,0.1360092,-0.1530178,0.01193915,-0.0236665,-0.08698729,0.3951697,0.02729534,0.459705,0.1919302,0.2681736,0.7593819,-0.13273,-0.3643181,0.2338927,0.2268135,0.3117082,-0.4291788,-0.119042,-0.04517863,0.2151367,0.04251612,-0.02645606,0.003291559,-0.10363,0.133899,-0.06794626,0.1284513,-0.03254176,0.00136237
0.1071941,-0.5818285,0.2878501,-0.393703,-0.02205553,0.2092345,0.05068427,-0.4873464,-0.405229,-0.3216966,0.1938589,0.1342763,0.01821647,-0.3906404,0.002942516,-0.3785856,0.1404582,0.3755523,-0.4102315,0.417826,-0.2474099,0.04025069,0.05244102,0.5377887,0.08564828,0.6667354,-0.1179859,0.1137376,0.9088593,0.07292253
0.2861604,0.04697034,0.2159893,0.002891937,-1.613234,-0.2597481,-0.009262001,0.1429139,-0.05788681,0.1786627,0.04057027,-0.4243284,0.4397898,-0.03813447,0.01823471,-0.1067562,0.1134421,0.04668259,-0.01119922,0.6173146,-0.008070213,0.6188129,0.4306159,0.4719099,0.3466066,-0.002754731,-0.1625312,-0.01310235,0.3437809,0.008077908
-0.1587812,0.3554132,0.07522111,0.1622645,0.9073564,0.0002147087,0.286593,-0.01296469,-0.355062,0.002633962,-0.1884599,0.2721714,-0.1406941,-0.7264631,-0.1020544,-0.3315145,0.01583892,-0.01013617,-0.1220223,-0.2576308,0.4092356,-0.005604811,-0.04015161,0.3351635,-0.3413944,0.4575089,0.01630503,-0.1926522,-0.3186745,-0.0009544781
-0.3578248,0.0009455391,0.1680385,-0.2639424,-0.01277506,0.3736578,-0.2356809,-0.9205705,0.1263678,0.02935485,0.05480248,-0.2237733,0.06164819,0.00378497,0.2662659,0.01663714,0.3361458,-0.731743,-0.1777378,0.4981345,-0.2436453,0.3012058,-0.2653795,-0.1098182,0.3565352,-0.4837127,-0.0200852,-0.4344957,-0.1434038,0.2214241
0.1243308,0.1188495,0.3260645,0.4303241,-0.02192674,-1.764945,0.06227034,0.3934937,0.02273512,-0.007943166,0.1371222,0.09478533,0.1816163,0.1406494,-0.4841642,0.00045677,0.6163889,0.398504,0.1568514,0.8605499,0.3558792,-0.3026631,-0.1159441,-0.00153426,0.007607045,-0.04889532,-0.5029134,-0.1851191,-0.01031577,0.3740382
0.009073914,-0.2891343,0.1066131,-0.0683297,0.002275122,0.2185016,0.0419989,0.02418204,-0.4659399,-0.03900833,0.1726218,-0.1036519,0.04636529,0.1251968,-0.1151834,-0.7073922,-0.1621935,0.2061383,-0.3204353,-0.02559161,-0.05588165,0.07264362,0.2840592,-0.2454975,0.05562675,0.3398851,-0.04253498,-0.07425517,0.02553683,-0.1289268
0.2976717,-0.5753499,0.01607078,0.03169815,-0.3560126,0.01195271,0.03097049,-0.3267046,0.07249277,0.1047999,0.1950898,0.418775,0.127867,-0.05184575,-0.03159915,0.2879899,-0.0812223,0.4454613,1.361838,0.01393481,-0.03595119,-0.1127004,-0.01123586,-0.46202,-0.0007493168,0.1674469,0.1205706,-0.07399439,0.2629544,0.0631408
0.2411914,-0.3900998,1.24109,-1.366933,0.0385768,0.01853645,-0.4629033,0.07292038,-0.311259,-0.2670242,-0.1097597,0.4838061,0.0096016,-0.08743906,-0.08945352,-0.1817268,0.1535241,-0.3430803,-0.04346715,0.05630118,-0.2228138,0.1440759,-0.1009374,-0.4111539,0.05646379,0.8826961,0.1363188,0.01597637,0.4393314,0.4913951
-0.01596193,-0.3197409,0.02455537,0.3616644,0.339409,-0.3313919,0.09010489,-0.0005914232,0.17856,-0.2737691,-0.4067485,0.3364913,0.3840425,0.05775342,-0.1647771,0.02153875,0.0002098138,-0.06539536,-0.08441633,0.1172665,-0.06405554,0.3004344,-0.5211331,0.001590285,0.02579309,0.3030865,-0.001502605,0.1519739,0.481714,0.1965452
-0.1436846,0.04741584,0.0001519165,-0.2365081,0.1754169,0.824235,-0.3309911,-0.1142309,0.005062554,-0.1813274,0.0008321819,0.1749313,3.463894,0.2299653,-0.04594648,-0.531655,-0.08424272,0.3241348,-0.1778964,-0.01314074,-0.4518386,-0.2528659,-0.04283259,0.01234457,-0.2994636,0.2363129,-0.2002001,-0.6687905,0.1569171,0.1742849
-1.293939,-0.01194581,-0.2024463,-0.4587687,-0.1513916,0.2229049,0.001644825,-0.07533382,0.3908668,-0.2387956,-0.2402447,-0.4084274,0.273421,0.05759507,0.0875787,0.02543602,-0.3368092,0.1419383,0.494554,0.009141329,-0.00177067,-0.0002925349,-0.03093373,0.2068415,-0.02875943,0.01780215,-0.004694576,0.2955502,-0.02828218,0.1707741
-0.3714904,-0.0248592,0.09585947,0.06153983,0.4090997,-0.01086394,0.02880059,-0.9855106,0.1733136,0.2061643,-0.03279709,0.2356868,0.4967823,0.006942083,0.7596807,-0.1020225,-0.0723472,0.01946314,-0.4412614,-0.1369345,0.04331085,-0.397037,0.01058012,-0.3269734,0.120238,-0.3262206,2.310279,0.221501,0.6046335,-0.1098179
-1.186061,0.04513212,-0.2210222,0.4117476,0.1330964,0.1167231,0.1415017,0.2711309,0.00650043,0.3119309,0.06658167,-0.1846763,0.01224252,0.09132492,0.5946252,-0.03830558,-0.5042057,-0.1087686,0.2100577,0.01829153,0.4459624,0.07044078,-0.1351122,-0.03282878,-0.3343778,-0.2334968,-0.2274105,-0.7041584,-0.2566005,-0.001906626
0.8550945,0.04526285,0.08609182,-0.329476,0.3762544,-0.6370652,-0.06600462,0.2240797,-0.4473826,0.5152645,-0.3544745,2.751651E-05,-0.2934642,-0.2388141,0.156771,0.2246541,0.07919019,-0.2261947,0.4854205,-0.3532075,-0.01186099,-0.03833152,-0.4684029,0.1441363,0.5160148,0.2568723,-0.0774508,0.2059882,0.2731209,0.007655462
-0.003527188,-0.001018112,-0.01903957,-0.3384266,0.1268457,-0.02135145,-1.054413,0.07449984,0.5714633,-0.3254313,1.631633,-0.3940998,0.2037564,1.327043,-0.001147937,0.3849146,-0.04380479,0.4133971,-0.03981102,-0.1370257,-0.009675721,0.2275017,0.5342715,-0.4554844,0.3793525,-0.4103775,0.4360938,-0.3250835,0.004885343,0.2567407
-0.04957101,0.5051005,-0.06007165,0.3227951,-0.3511014,0.5692405,0.3409337,-0.791665,0.2845691,-0.007149824,0.3859367,0.3797696,-0.01419467,-0.1123399,-0.01647772,-0.2747885,-0.004108031,0.4306827,0.2184135,-0.0004227409,-0.1077899,-0.2922051,-0.2163213,0.2624105,0.2412178,0.04060324,-0.007988021,0.1064457,0.1332968,-0.4931523
;
-0.03743618,0.1425124,0.4588265,0.3675182,-0.52142,0.02562012,-0.2673941,-0.264995,0.008771976,0.09900939,-0.02753641,-3.042665,-0.4993938,-0.4453003,0.4633553,0.3179343,-0.5296684,0.4081459,0.6879728,-0.4397051,-0.02878338,0.3730927,0.4284365,0.1204172,0.3595772,0.01872319,-0.05795604,0.1137247,0.07537738,0.1539217
-0.1059771,-0.002411634,-0.3223896,-0.4686328,-0.1428299,-0.6266817,0.4863684,-0.8305142,0.08811883,0.1214023,-0.03680134,-0.3763251,-0.2212457,0.3704367,0.02351049,-0.06009191,0.7630386,-0.01497731,0.06271917,-0.3285313,-0.108727,0.4979517,0.0320496,0.001377499,0.3907006,0.1852262,-0.6933793,0.01140192,-0.3001878,-0.02662438
0.2638346,0.4668475,-0.05784124,-0.07882938,-0.2342061,0.05712353,0.3422358,0.4277387,0.08925062,-0.2440463,0.4103812,-0.3327156,0.5292221,-0.4330266,-0.3154035,-0.2530114,-0.3011565,0.6145738,0.05258502,-0.1353893,-0.2506264,0.0002308959,0.1164195,0.3388308,0.121485,1.187404,0.02604662,0.07993517,0.2259924,-0.3116232
;
0.2713378
-0.02238826
0.6319675
-0.3826141
0.4719675
-0.1956564
0.04095954
-0.1929684
-0.3429803
-0.1535558
-0.1591582
0.07406417
-0.1321043
1.554618
0.1275253
0.0419055
0.1679836
-0.3119541
-1.907458
-0.4737259
-0.4287829
-0.04803987
-0.498314
0.07608298
0.02085954
0.01456499
0.198057
0.4849563
0.06519838
-0.4116443
;
-0.05337183,-0.02629316,-0.2450815,0.02480269,-0.05351001,-0.05598455,0.3519885,-0.339107,0.1102607,0.04593533,-0.1820294,0.01064762,0.2261094,0.1435509,-0.298799,0.05101455,-0.2338577,0.009240765,-0.1752747,0.4263597,-0.6576286,-0.02934493,-0.529889,-0.1067976,-0.5255307,-1.23169,-0.4726037,-0.04734915,-0.002312423,-0.9384084
-0.1235813,-0.05702565,0.391937,0.08976881,0.04879597,0.4761692,0.02015989,-0.0007415768,0.6428042,-0.1339882,0.4759021,0.7820821,0.3537177,0.624038,-0.6676825,-0.09117931,0.1894912,-0.4943988,-0.09987169,0.5445426,-0.1592115,-0.03446443,-0.2045184,-0.06469244,0.2030453,-0.05222701,0.02848653,-0.4950035,-0.01330996,-0.6342946
0.05118901,-0.0002575404,-0.3224845,-0.1737017,0.242809,-0.1836539,0.2779219,0.0360015,0.2788954,0.04888179,0.01997033,0.01156392,1.340142,-0.1395025,-0.2293503,0.05887372,-0.4771284,-0.03438104,-0.1484355,-0.4413764,-0.3987655,-0.4134861,-0.02247732,-0.1086424,-0.3777008,0.004486551,0.0004936649,0.4006435,0.002760893,-0.01767265
-0.6903202,-0.2367252,0.1065944,-0.008160786,0.1590037,-0.3647956,0.8367978,-0.2540797,0.4872897,0.00109103,0.07517357,0.0844563,-1.030722,0.1862882,0.008827031,0.3219572,0.2237726,-0.3420348,-0.3120134,0.454827,0.7964909,0.1628883,0.003224096,-0.08952442,0.09897405,-1.155984,0.07201471,0.1556992,-0.4382496,0.5390567
-0.302979,-0.4436742,-0.06659963,0.02152481,-0.1239583,-0.001990204,-0.09100167,-0.2319955,0.2568144,-0.008130372,-0.8013355,0.2195097,-0.02924722,0.2953986,-0.03094086,-0.2153268,-0.2279233,-0.3413739,-0.4941809,-0.1156787,-0.1532603,-0.05355899,-0.2855932,-0.001478232,0.1173197,-0.1023388,-0.1025303,-0.1919821,0.15161,0.03007138
-0.04329556,-0.1025992,-0.1495892,0.147328,0.5771607,0.1918812,-0.08043259,-0.007655203,-0.001587886,-0.05157596,-0.2922156,-0.00111857,0.4360958,0.3441168,0.1021941,-0.2979919,0.08164638,0.04612257,0.1453341,0.2568585,0.4486774,0.4885235,-0.08053605,-0.4013115,0.01114671,-0.6224948,-0.06181367,-0.0305329,0.6784121,0.3424827
0.04684116,0.09256119,-0.3870324,-0.1036159,0.3356502,0.05415672,-0.1712207,-0.04505426,-0.4844555,0.5031731,-0.8695166,-0.1661005,-0.3100968,-0.2253245,0.1413291,0.4516075,-0.2408246,-0.4028834,0.03745006,0.2575518,0.02250467,-0.005840916,0.3811368,-0.3612595,-0.472826,-0.03286873,0.02892882,-0.2867812,0.08058608,0.1127892
-0.3058056,-0.04857486,-0.4302723,0.4098082,0.4677957,-0.07381457,-0.2881864,-0.02751775,-0.06453876,0.3207524,-0.3482759,-0.1890935,0.2753234,-0.2552192,-0.4482988,-0.5311715,-0.3768124,0.8660848,0.4520147,0.1712869,0.006975114,-0.1493557,-0.4193993,-1.049997,0.008465123,-0.005643351,-0.009379271,0.4040333,-0.02976364,-0.367499
-0.4676614,-0.06808799,-0.107641,-0.03495708,-0.3203282,0.06032173,-0.003409316,0.0150649,0.3497798,0.3999748,0.3828315,1.472877,0.2998562,-0.1074771,0.2987961,0.04706055,0.4425009,-0.4540954,0.1100238,0.01153017,0.3921849,-0.4457383,-0.3909757,0.04227385,0.06424348,-0.07763606,0.2679412,0.004664555,-0.1184437,-0.3879243
0.235711,-0.02536187,0.1273652,-0.3927158,0.2943293,0.53534,-0.529266,0.03828964,-0.04231995,0.007132861,-0.09067253,0.673795,0.02488822,0.9496782,0.07013231,0.4276936,0.4898407,0.215745,0.2821132,0.1260236,0.0130437,-0.3188602,0.5505603,0.02568728,0.2739414,0.07674982,0.0272594,0.03725625,0.3672422,0.03588553
0.1167354,-0.3496865,-0.5636277,-0.01758157,0.3139538,-0.6514924,-0.003258416,0.1873028,-0.006972332,-0.1726793,-0.4118986,0.2657702,-0.07348996,-0.08781213,-0.2571533,-0.017445,-0.2388753,0.0720934,-0.2364054,0.0571202,-1.383869,0.5306802,1.150482,-0.004135039,-0.1431616,0.2268324,-0.1739804,-0.2553871,0.2323908,-0.02279155
-0.4193356,0.1516798,-0.2573209,0.4550046,0.02640443,0.09125394,0.4246676,0.4762195,0.13631,-0.4154046,0.1129519,0.005167469,0.04438269,0.002292812,0.4360746,-0.2259635,-0.2194985,-0.3929865,-0.4771677,-0.2235638,0.4552695,0.008281718,0.08884499,-0.07599322,-0.07440776,0.3150048,-0.3488978,0.1664622,-0.398167,-0.1183447
-0.4986839,0.3073072,-0.1755016,-0.1938016,0.07867151,-0.2695209,-0.005053561,0.347385,0.4728799,0.09531773,0.003392853,0.7984437,-0.07082681,0.003609205,-0.1880916,-0.3216144,-0.288305,-0.1963177,-0.8648466,0.02660269,0.3996257,-0.1473959,0.1938988,0.4716028,-0.02075799,-0.219026,0.2358113,0.3756185,0.1933544,-0.002261341
-0.2775297,-0.3770108,-0.02400963,-0.1427244,-0.1514635,-0.1371311,0.2793714,0.9173204,0.6487527,0.399788,0.4216665,0.2874159,0.05180947,-0.6377092,0.2846601,-0.4417708,-0.5267631,0.321189,-0.473428,0.2300984,0.3789194,-0.1964257,-0.09735157,0.3914653,0.2892221,-0.2811717,0.04792132,-0.09843575,-0.02322948,0.0949606
-0.3304224,0.08041447,-0.272686,0.08877331,0.1459012,0.0235317,-0.3632693,-0.4045661,-0.2261205,0.6461811,0.3922555,0.4379951,-0.1464868,0.05850472,0.4416413,0.05364674,-0.1159873,0.1880434,-0.4178455,-0.164889,-0.003337444,0.6103478,-0.06285123,0.06564637,-0.1772588,0.8392583,-0.3050963,0.02908736,0.3965444,0.6178138
0.1517033,0.1467605,0.04678863,0.5547459,0.3002943,0.3350778,0.3507898,-0.0495987,-0.06695683,-0.01762593,0.02897432,0.213397,0.3487146,-0.3557264,0.4862536,-0.1281886,0.3914571,0.1141723,-0.3199885,0.008477047,0.1738988,-0.1726771,0.2413095,-0.1548809,1.817487,-0.4903487,-0.001818269,-0.0005932361,0.113952,-0.09269397
-0.1891438,0.17251,0.03910193,0.00461957,0.04286331,-0.4718919,-0.9196507,-0.4498838,0.2023792,0.3918505,0.3810812,-0.04761456,0.02004118,-0.3871583,0.1962494,-0.01117712,-0.2371241,0.08494173,0.6278028,-0.1786756,0.0004714409,-0.194031,-0.1170942,-0.07965525,-0.00141719,0.008854756,0.4106601,0.32389,0.1021233,-0.1687683
0.1389542,7.728932E-05,0.09504801,0.2539208,0.4930919,0.4468558,-0.0630446,0.3623014,-0.03018901,0.1370979,-0.1587384,-0.310552,0.1225131,-0.09631676,-0.2454975,-0.09435382,0.5341626,0.2446976,-0.4099447,0.493223,-0.04749425,0.3943144,-0.03243243,0.4154001,0.7644718,2.47065,-0.2371427,0.01837472,0.008165179,-0.2212712
0.283674,-0.4098419,-0.1726699,-0.4660197,-0.005581406,-0.2724089,-0.8563093,-0.4629456,0.3693134,-0.330002,-0.4228047,0.03908607,0.1649572,0.003159727,-0.02577805,-0.465245,0.3314474,-0.01775443,0.01974112,0.3397408,0.1982086,-0.01126809,0.001006026,-0.1705828,-0.2696526,0.4099746,-0.2438174,-0.9148878,-0.3294069,0.2933513
0.1007305,0.1049665,1.231431,0.2957475,0.620277,0.3972454,-0.4775552,0.2105981,-0.4187324,-0.03776329,-0.03809065,-0.1820976,-0.3988322,0.241693,0.3598014,-0.6629953,0.01622888,-0.4421817,0.2727681,-0.2453095,1.258754,0.1307019,-0.3159169,-0.2286172,-0.02928575,-0.8524299,-0.1588189,0.1285772,-0.9551814,-0.587345
0.03916777,0.1506316,-0.1333686,-0.03520055,0.07361727,-0.06203908,-0.403806,1.512952,0.4544933,0.0316678,0.2121382,-0.03237459,-0.2515397,0.3151293,0.3617569,0.2386521,0.008213783,0.295466,0.009629324,-6.563935E-05,0.1796534,-0.07081369,-0.4157785,0.07544467,0.1806129,-0.125645,0.02142814,-0.2667971,-0.137262,-0.06291288
-0.02447758,-0.09009762,-0.07966352,0.005903256,-0.06871015,0.4432008,0.2846724,0.2461366,0.1969168,0.465537,0.04123399,-0.02840563,-0.04669386,-0.3543576,-0.836861,0.06566392,-0.1708994,-0.2799942,0.2466337,0.3330267,0.1753588,-1.485391,-0.6768407,0.2455946,0.01796552,-0.148949,0.07012115,-0.1022733,-0.02692356,-0.1372432
-0.7650321,-0.3329461,0.0174552,-7.230203E-05,-0.01663052,-0.03061566,-0.05942781,0.05305768,-0.09490067,0.2368306,-0.003484572,0.1568507,-0.3854204,-0.02091461,0.3031107,0.0479563,0.2191676,-0.2273799,0.2360076,0.1168986,-0.04564427,0.4090741,-0.3099492,-0.1116305,-0.01156205,0.02211255,0.08419927,0.02892219,0.0002218013,-0.2609108
-0.4625661,0.08680547,-0.4022164,-0.1528752,-0.2192132,-0.07952668,-0.4972296,-0.2618239,-0.07504004,-0.2116968,-0.4368398,0.09487541,-0.1047559,0.05628989,0.003074933,-0.6836442,-0.03500468,0.4725304,-0.3477519,-0.06809392,0.2520087,-0.1660199,0.1680975,0.08855038,-0.007619672,0.8518717,0.4011418,0.01370825,-0.3696958,0.3086995
0.499994,-0.0321689,0.4133186,-0.1548641,0.1354374,-0.0662,0.2994441,-0.2775936,0.3746811,0.4465837,-0.2709514,0.7101429,-0.0184175,-0.4745698,-0.326767,0.07991034,0.07652663,0.06258591,-0.1940528,-0.1043651,-0.4506502,-0.1592405,1.272968,-0.1133117,-0.1672756,0.6353439,0.090159,-0.3809848,0.09150833,0.1944168
0.1246384,-0.003349478,0.38519,-0.4122032,0.03011166,-0.4299995,0.4316038,-0.1390718,0.3944135,0.003194707,0.3260671,-0.6850539,-0.4323132,0.1303915,-0.2998477,-0.4438006,1.815026,0.3014147,0.460338,0.02920797,-0.01381058,0.2403592,-0.3653252,-0.4120395,-0.07765157,-0.1577544,-0.3620285,0.7974848,-0.2659828,-0.4661859
0.3811047,0.03966058,0.07529434,-0.1991739,0.4378109,0.3885427,-0.3747147,-0.338048,-0.9417505,0.1719677,0.02431065,0.4084399,0.1014333,-0.3957958,0.929944,-0.1249322,0.0506809,0.1961909,0.2607906,0.05283409,-0.1896245,0.213581,-0.120777,0.4046792,0.4861658,0.09409805,-0.2174135,0.00969207,0.07961041,-0.006498626
0.1706107,-0.3662473,0.3152189,-0.4004014,0.3023909,-0.02758105,-0.1205181,-0.4730976,-0.698432,0.139267,0.30594,-0.4048322,-0.0214953,-0.05481273,0.4828215,-0.01701079,0.974082,-0.01089967,-0.3312016,-0.07728559,-0.2996166,-0.370212,-0.1728947,-0.2224679,-0.09284717,0.2874812,-0.1924126,-0.3928374,3.843126,-0.07600194
-0.007099464,-0.1811829,0.3408741,-0.2918028,-0.3504989,0.08219558,0.02990923,0.1052101,0.3120756,-0.4375204,-0.2280355,-0.236457,-0.3894848,-0.2765805,-0.1090586,-0.06397689,0.1461259,-0.4679269,-0.09232707,0.2048166,0.0665969,0.04451602,0.02123477,0.08338317,0.4958925,-0.02194493,0.1429432,0.113775,-0.2715358,-0.04981452
0.03803809,-0.02800113,-0.170868,-0.3912034,0.6123329,0.02730452,0.2527933,0.5488345,0.01731283,0.07511548,-0.4618988,0.03691298,0.6473086,-0.1072047,0.03587252,0.0925189,0.3347285,0.005415264,-0.038784,0.004332642,-0.2373286,-0.1783649,-0.06194776,-0.1550636,0.3322879,-1.897047,0.0005779558,0.1140341,-0.6976495,-0.0001444436
;
0.2287747,0.08810908,0.7103921,-0.1154621,0.3869605,0.489388,0.02045521,-0.2574638,0.007109177,1.167201,-0.3554373,0.7876756,0.02805818,-0.3316301,-0.07825989,0.05052668,0.1293093,-0.2957119,0.06750276,-0.1114472,0.4392954,-0.2932765,-0.02229577,0.08771896,-0.0002422212,0.04032357,0.4235972,-0.3823645,-0.06746615,-0.1142279
0.3736157,0.5880529,-0.270126,-0.4123291,0.1099081,-0.0007336736,0.7213435,-0.07494789,-0.1211555,-0.003028692,0.4105166,0.03869266,0.3141994,-0.006397758,0.4997646,0.01897295,-0.133618,0.008805078,0.4865755,0.1584533,-0.4866192,0.648988,-0.026796,-0.103388,0.3518866,0.2053031,0.007094826,0.06835133,-0.06040709,0.01029676
-0.05917001,0.1899667,0.1354951,0.08427614,0.1737157,0.3343925,-0.2023398,0.6235856,0.1731379,0.007872188,-0.4764598,-0.0003785759,0.2488248,0.4459647,-0.1684831,0.3949081,0.05660409,0.3380913,-0.0450222,0.1723176,0.4528887,0.2968017,-0.02901529,-1.338319,-0.1322361,0.04811954,0.5912208,-0.2259925,0.004052324,0.2240516
;
-0.03535299
-0.3090857
0.4842876
-0.06321301
0.03981353
-0.0008474723
-0.3757918
0.2405505
-0.1398625
-0.117645
-0.03224313
-0.8756855
0.4418941
0.03763838
-0.4615874
0.4204268
0.04700226
-0.06429333
0.2045448
-0.2193763
-0.06201206
0.8081722
-0.2429361
-0.006548272
0.04542924
0.4995176
0.278192
-0.3654404
-0.3843813
-0.4484358
;
-0.02362701,-0.3675481,0.2201226,-0.139714,0.07783879,-0.06558678,-0.5941353,2.31227,0.3740117,0.0584927,-0.3664436,-0.1541014,0.06132811,0.1428456,-0.3012779,-0.2374239,-0.206715,0.01076061,0.2397146,0.1738127,-0.2781168,-0.1038864,-0.2991196,-0.228368,0.07376703,-0.227331,0.2785311,-0.1768614,-0.380996,-0.1182579
-0.3682318,-0.08683938,-0.2505667,0.04017005,-0.3677622,-0.3538527,0.009064039,0.05688943,-0.01072675,-0.06023933,0.02402048,-0.7766665,-0.7084744,0.539089,-0.008920277,0.5427718,-0.489364,-0.3454385,-0.009356439,0.2148048,0.06739431,-0.04782293,-0.449415,-0.2995406,0.1730596,-0.0793819,0.04530273,-0.378533,0.1142337,-0.1519712
-0.06063582,0.1150946,-0.2736743,-0.09012842,0.6195175,-0.05874341,0.03339055,0.01486743,0.3987603,-0.1243145,0.001845844,-0.2487635,-0.09805336,-0.3073571,-0.1566145,0.07213178,-0.3841332,0.3719795,-0.1569615,-0.1809102,-1.060665,0.004243155,0.2939975,-0.4777688,0.1056549,0.09349781,0.5830676,0.4662778,-0.4859287,-0.7543622
0.2218784,0.4155167,0.3620617,-0.005523338,0.1640832,0.02252924,-0.007199168,-0.1043732,0.07597977,0.3684114,0.03560304,0.5712656,-0.02282971,-0.03599471,0.1272832,-0.002927519,-0.4227463,-0.0162295,-0.3984174,-0.02747766,-0.3962672,0.1768423,-0.05793298,-0.02779794,0.5441532,-0.1795846,-0.03943616,-0.0250838,0.05346495,-0.2172977
0.5874572,0.1571352,1.005851,0.6758575,-0.0271197,-0.128509,0.07546753,-0.001997211,-0.4210924,-0.5893776,-0.7543367,-0.2448497,0.02091678,0.07204988,-0.06434399,-0.1366717,-0.06134051,-0.01728113,0.3624628,-0.1645993,-0.07204433,-0.04234689,0.04701191,-0.01330244,-0.2279204,0.4913845,-0.0163401,-0.06685704,0.04369188,0.01313812
-0.3664555,-0.4189635,-0.01206474,-0.2146195,0.5770499,-0.1297688,-0.1440606,0.1106459,-0.5719237,-0.05093314,-0.1371513,0.3353318,-0.2230631,-0.3471814,-0.599219,-0.1587393,0.009448132,-0.2279958,-0.9044973,-0.215024,-0.04642562,-0.2602085,-0.02436005,-0.05141479,-0.4028201,-0.09690715,-0.288958,0.5410475,0.7233533,-0.007020288
-0.2729366,0.3380383,-0.06618398,0.1988411,0.1965634,-0.3603984,-0.3683422,-0.5697454,-0.2286813,-0.3271747,0.08889516,0.6871852,-0.009148332,-0.1267731,-0.02932344,-0.3536679,0.2613593,-0.01376199,0.4079486,0.1379738,-0.0218809,0.2872115,-0.2515061,-0.436887,0.7842886,-0.05339947,0.3814063,-0.1892629,0.04460301,-1.131235
0.1598232,-0.5379661,0.04782618,-0.1525232,-0.1212272,-0.7030024,0.1106599,0.3926862,-0.5800146,-0.2000443,0.4993115,0.4188448,0.09452707,-0.4972677,0.1838955,-0.6184435,-0.1079367,-0.6085635,-0.1245263,0.262496,-0.2654927,-0.3969957,0.3909998,-0.05198556,-0.2626094,-0.3172799,0.1045994,0.8523059,-0.3334875,-0.5188663
7.286165E-06,0.4014631,0.3698235,-0.4735347,-0.1265916,-0.2298405,0.02259389,0.2748358,-0.01946646,-0.04540643,-0.01929262,0.09810801,-0.6864349,-8.054563E-06,0.314658,0.4001896,0.2544969,0.280027,0.06061572,-0.003577174,-0.5502563,-0.3412059,-0.431172,0.4329489,0.1724577,-0.8583066,0.05115423,0.1792383,-0.2657949,-0.4432358
0.2839162,0.135512,-0.4306746,-0.3875638,0.03395512,-0.784816,-0.01311653,-0.3652687,0.5785025,0.4746171,0.0231575,-0.01328808,-0.2725609,-0.05000361,0.02567321,0.2535336,1.156745,-0.1849163,-0.03756671,0.4151376,-0.4767908,-0.007015372,-0.2534424,0.3712962,-0.02262055,-0.08021334,0.8218059,0.1578754,0.4717937,-0.04063875
-0.5335385,0.005663995,0.1488115,-0.1143287,0.02275752,-0.272894,0.02290715,-0.02346985,0.1436835,0.005722533,-0.2226973,-0.3190037,-0.4458989,0.4120921,0.02945601,-0.9061696,-0.6121536,0.04121697,0.1284363,0.0009356347,-0.4064443,0.02586468,0.106997,-0.4725693,-0.4313821,0.03389256,0.2290663,-0.04946655,0.01362551,0.3379327
-0.4513285,0.03379494,0.0002798961,-0.656568,0.05786278,-0.2579027,0.3282557,0.03995999,-0.09006988,0.07231516,0.2897788,0.0204379,0.1562306,1.266155,-0.1093017,-0.03527343,-0.2998019,0.1107394,-0.171658,0.2864648,-0.1870665,-0.1367652,0.1963225,0.1352422,0.05325622,-0.05621321,0.2972319,0.4044771,-0.1422195,0.005355299
-0.001735522,0.02958158,0.7591289,0.009573133,-0.5041054,-0.475141,-0.1751212,-0.2036657,0.2386412,-0.2819908,0.009410163,0.3235326,1.004332,-0.5280527,-0.1141698,-0.08900405,0.2141635,0.001294398,-0.03537628,0.2371499,0.3016859,0.09176658,-0.1385717,-0.2665446,-0.07402486,0.1988814,0.3735777,0.5336136,-0.01362485,0.04524064
0.8681782,0.3227268,1.759108,-0.4603417,-1.264578,-0.1216506,0.006040029,0.002960503,0.06558391,0.3785846,-0.1721649,0.07553641,0.05512124,0.1338224,-2.178159E-05,-0.6159877,0.02199607,-0.04302698,-0.1177227,0.2399517,0.1917986,-1.026833,0.1955092,0.2568613,0.2549469,0.2373537,-0.3870285,-0.1744324,-0.2608672,-0.2306441
0.1449075,0.329244,0.1825423,0.3182893,0.1113807,0.4780695,-0.8433849,-0.0303209,-0.4052014,-0.7053238,0.002659142,-0.03779019,-0.8309858,0.02122539,0.4559847,0.7021734,0.05409163,-0.4781319,-0.323577,0.002758116,0.2479263,0.1616621,-0.2473122,0.2700225,-0.01912624,-0.05246569,0.02028597,0.4862864,0.2493317,0.08038332
-0.002640123,-0.3353585,-0.005968806,0.4081181,0.002076237,0.7703666,-0.4472125,-0.5162393,0.01581442,-0.09637477,-0.1221999,0.05141158,-0.1372702,-0.1350665,-0.3238791,-0.07134052,-0.02427578,-0.2510031,0.0415877,-0.3461317,0.3169725,0.6000439,-0.1864719,-0.04579741,-0.1721978,-0.5520471,-0.03200036,0.1643762,0.02195385,0.1396639
0.03593856,0.6813725,-0.005259096,0.1253666,-0.3092384,-1.484488,0.4864819,0.3849177,-0.3041867,0.02084466,-0.02182745,0.03482283,0.8295884,0.06038642,-0.3492732,-0.003744929,-0.4132446,-0.2098794,-0.3613704,0.3201103,0.1339564,-0.2565369,-0.1240103,-0.3506023,-6.510274E-05,0.7255493,-0.5488971,-0.06935364,-0.1197707,0.4644349
0.4032062,0.2301395,0.4554841,0.4997473,0.04535844,0.5401394,0.4840615,0.1081772,0.04249618,-0.473084,0.07115511,0.4260395,0.4236094,-0.08239835,0.3693195,0.2778647,0.06560928,-0.008589626,-0.002946454,-0.2448688,-0.03028816,-0.3330202,-0.767279,-0.03210006,-0.01141352,-1.196148,0.1104401,0.1716302,0.6967786,0.443599
-0.2333224,0.2241545,-0.1424726,-0.03169522,0.1092285,-0.130447,0.02478112,-0.2631842,-0.1055859,-0.392164,0.1082956,-0.0121662,-0.4115148,-0.3441716,-0.08907229,0.5671387,-0.01215157,0.06846372,0.1453236,-0.2867887,-0.05614262,-0.03451846,-0.0003038638,-0.002581619,-0.4042566,0.1233761,0.01322506,-0.6234314,-0.06741792,-0.1669577
0.4203315,-0.344411,0.4033577,-0.1404164,0.2176224,-0.1001854,0.0007726057,0.02335512,-0.1296472,-0.5199506,-0.2210236,0.0124001,0.07003855,0.2605367,1.1467,-0.05694517,0.3831147,-0.05793383,0.2301484,-0.006347273,0.2239296,0.232241,-0.5472586,-0.2237229,-0.06879225,-0.03082502,-0.002210677,-0.4904392,0.000250336,-0.01189305
-0.21443,-0.06455126,0.1036701,0.7364374,0.3842307,-0.0378477,-0.0648126,-1.094399,-0.05549175,-0.217377,0.07599486,-0.08242208,-0.03779608,-0.004412669,-0.1576083,0.006510632,0.005278764,0.3419534,1.766049,0.1469592,-0.02028472,0.4485431,0.05527109,0.1266167,-0.2301825,-0.5201555,0.005510747,-0.1469408,0.01616059,-0.01390813
-0.1060658,-0.3883747,-0.2480858,-0.4494716,-0.01282758,-0.1266063,-0.3975929,-0.1384264,-1.134514,-0.06202882,-0.1739145,0.09380645,0.00984011,-0.34609,0.2638547,-0.4345894,0.5702268,0.09566784,-0.3704112,0.02609186,0.1803378,-0.7337641,0.1584002,0.4468765,0.01581816,0.5931029,-0.0615887,1.092756,0.2413556,0.05749991
0.4984237,0.0708892,-0.4018568,0.4927315,-0.1464272,0.4378542,0.1679729,0.481422,0.1582945,-0.3134353,-0.07075304,0.230676,0.2029229,0.6374972,0.4913324,-0.3057503,0.09746747,0.4514704,-0.1718031,0.06998683,-0.2004525,0.3769946,0.1868266,0.3449191,-0.01276123,0.3009283,1.565575,0.09273334,-0.3683709,-0.2007751
0.3574709,-0.007972421,-0.2549819,-0.3010176,-0.01591269,0.4024247,0.1669609,0.001778543,0.02982491,-0.4286249,-0.3654737,-0.1552444,0.2615457,0.08647865,0.08810622,0.1152031,-0.3330669,-0.1949909,0.1007509,-0.05643744,-0.2494468,0.1377158,-0.2629794,0.02010518,-0.003259525,-0.9977171,-0.461291,-0.1965604,-0.2871881,0.393283
-0.1637947,-0.1982917,-0.05206986,-0.2332835,0.3974966,0.07180208,-0.08908588,0.350278,-0.03819209,0.01978535,0.2932736,0.4897861,0.07515103,0.3438632,-0.05739066,0.1820667,-0.07449013,-0.4297861,-0.3583791,-0.3207855,-0.2294861,-0.4296702,0.05046993,-0.2888733,-0.01379472,-0.2881977,-0.3159198,-0.06109781,-0.3985829,0.4902456
-0.07477172,-0.1100373,0.3796083,-0.2366416,0.4655379,-0.6964902,-0.0002228866,0.3948081,-0.5113696,0.4152966,0.3338093,0.3282743,0.04163021,-0.2239172,0.4041289,-0.6817106,-0.3458987,-0.01561447,-0.5413977,0.1554982,-0.1752419,-1.053865,-0.1639677,-0.0263719,-0.1808753,0.2165717,-0.01464399,0.2349218,-0.001190974,-0.155028
-0.3020515,0.1591105,0.2157814,0.002224485,-0.3765092,0.02177757,0.3676657,0.04525784,-0.08385558,-0.3996814,-0.1220098,0.1652314,0.09935042,-0.2586794,0.02491905,0.3279885,0.02628353,0.1775323,-0.0551483,-0.01938075,-0.1252338,-0.1491892,0.1055323,0.2559609,-0.4216402,-0.09866891,-0.07882005,0.6068147,0.1814041,0.501325
0.09984698,0.2564987,-0.2642046,0.58824,0.3762742,-0.2993248,-0.00946128,-0.2659826,-0.3368089,-0.1325132,0.2572434,0.2587654,-0.2115851,-0.2537589,-0.4916216,-0.0007114097,-0.07748204,0.4353242,0.4948572,0.1261948,0.04732282,0.05770055,-0.5866064,-0.01131314,0.03390186,-0.4008552,0.01843793,-0.2819816,-1.238044,-0.06889278
-0.2576347,-0.156322,0.3654473,-0.02916476,0.01585568,0.0373804,0.2491615,1.013704,-0.2843705,-0.09684283,-0.08336652,-0.8255703,0.3297923,0.2362539,0.01846006,0.05797808,-0.1133872,0.4738859,-0.06300408,-0.06750523,0.3382287,0.5482315,0.07925753,3.937415E-05,-0.3919246,0.01609164,-0.1535558,0.3611441,-0.4302038,0.4203445
-0.5422024,-0.006917197,0.4603462,0.06064142,0.04087472,-0.2997169,-6.995793E-05,-1.009012,-0.2618718,-0.260251,0.001849289,-0.3965889,-0.005730491,0.8631077,0.04708631,0.3002649,-0.3962949,0.1414827,0.254109,-0.8483945,0.02010878,-0.3583456,-0.1868551,0.2489512,-0.4153861,-0.08379566,-0.1334772,-0.3452229,-0.1537327,-0.279431
;
1.533213,-0.04437463,0.1589979,-0.1761782,0.001733282,-0.249347,-0.35163,-0.144648,-0.3795756,-0.02375311,0.01477902,-0.2114333,0.02471277,0.08473911,0.05903476,0.0001557978,0.4231923,0.09028208,0.09498454,0.1572475,0.01355999,0.552514,0.02825648,0.2197051,-0.2011901,0.004976475,0.3391281,0.6768566,0.4957795,-0.06770462
-0.2843,0.04941342,-0.06099069,-0.3489177,0.173285,0.0008270058,-0.5203896,-0.2164821,0.3035867,0.2562481,-0.1834826,-0.308863,-0.001336758,0.06190878,-0.4541997,-0.05806982,0.1919722,0.1709242,0.0856989,-0.3506685,0.1402724,-0.339341,-0.09220523,0.4974819,-0.4646832,-0.2651901,-0.29767,-0.4583629,1.140738,0.01563495
-0.2585207,-0.06460518,-0.03525883,-0.2203651,0.4975694,-0.2052554,-0.3425226,-0.3590509,0.2585683,-0.7030981,-0.2990202,-0.03727999,0.6456196,0.3464692,-0.2773906,0.7949663,0.1304005,0.03625564,-0.08060356,-0.1420996,0.2540751,-0.2936119,-0.8660757,0.4123424,-0.05801016,-0.6137096,-0.01320141,0.05993349,0.3810219,0.2595816
;
