-0.1216921
-1.272197
-0.2154568
0.07919844
0.401803
-0.0673515
0.136528
-0.2639849
0.03262569
0.3087321
;
-0.8513871,-0.4384421,0.2103779,-0.3107193,0.0878889,-0.01451032,-0.3656149,-0.7708091,-0.03563154,-0.01750254
0.1046106,-0.1329385,0.01391656,-0.4890803,0.01668816,-0.05502862,-0.3128181,-0.0005245341,0.1324791,0.04769164
0.05686725,-0.03830463,-0.1696624,-0.01773055,-0.5198544,-0.0009209063,0.2632221,0.001297891,0.1851976,0.475379
-0.3844754,-2.374573E-05,0.3332224,0.244142,6.464193E-06,-0.4554942,0.4402597,-2.823691E-06,0.3810196,-0.4284383
0.02704367,0.4451697,-0.2288269,0.1363562,-0.2828591,0.004662958,0.01855403,0.1263213,0.2845418,0.09244954
-0.01058966,0.1946995,-0.04417604,0.4636415,-0.0004859704,0.4162014,0.2467019,-0.00226934,-0.01456137,0.0492932
-0.1351379,0.4055868,0.08836657,0.01010516,0.04537132,0.07517337,0.0637632,-0.511262,-0.7429757,-0.03795844
-0.4212476,-0.0446428,-0.2971886,-0.3695615,-0.2744102,-0.478888,1.039281,0.07740575,1.215259,-0.2739488
-0.03647104,0.0006995399,0.3258948,0.3394033,-0.5226507,-0.3415115,-0.4062157,-0.02202861,0.05001003,0.04754167
-0.05956703,0.3926809,0.3682092,-0.01822308,0.21794,-0.01666445,-0.4423436,0.06870264,-0.2277107,0.3556097
;
-1.208643,-0.1435305,-0.1830245,0.009914014,0.1902009,0.7019239,-0.0006267971,0.2866632,0.0189623,-0.4340218
1.329589,-0.0003710063,-0.002674671,0.1322632,-0.2361737,-0.02053927,0.1404281,-0.01643457,0.3284236,0.004695304
;
-0.126455
-0.09081608
0.09865922
-0.01604043
0.1152847
-0.06006247
0.1055808
0.3577568
0.09461373
-0.2440209
;
-0.01735306,-0.2761382,0.0308858,-0.0006554675,0.000646008,0.3210119,-0.6801931,-0.3696988,0.1335508,0.06494629
0.05897957,-0.4642687,0.1240477,0.01165277,-0.1136371,0.01331456,-0.1910776,0.3139549,-0.0004201863,-0.00490193
-0.4393691,0.08250386,-0.002980333,-0.05178849,-0.1599701,-0.2562634,-0.1078301,-0.06471565,0.2254274,-0.09175856
0.006106952,-0.02022939,0.262663,0.003288784,0.3076237,-0.09397286,0.4028007,-0.03548497,0.03749043,-0.09373182
0.1761992,-0.1368776,-0.003264085,0.1854681,-0.1507161,0.3779227,-0.1685554,-0.2356555,0.1199195,-0.03400822
-0.1906684,-0.3186686,-0.1731878,-0.1093783,-0.02987893,-0.08978468,-0.01689011,0.2628885,0.01093006,0.05310912
0.565153,0.08085778,-0.4309878,-0.1196385,-0.03656909,-0.05103202,-1.309655,-0.6659576,-0.04298371,0.4243764
-1.124518,-0.1051375,-0.453825,0.2144863,-0.4771622,0.09431106,-0.683142,0.009238109,-0.04656108,-0.03222686
0.5703774,0.5584035,0.2592218,0.4233297,0.005198709,0.4649997,0.4328047,-0.006887019,0.0875478,0.8497286
0.02034348,-2.734106E-05,-0.0898183,-0.4015499,2.844548E-06,-0.2110722,-0.5100951,-0.441504,-0.005846861,0.3449125
;
-0.4658655,-0.1101272,0.1286382,0.2261054,0.004759581,-0.00415335,0.01175838,-0.1381501,0.4544295,0.1596275
-0.1205217,-0.009223728,-0.3522553,-0.1183236,0.0175379,0.0672353,0.04868822,-0.003836624,0.001691005,-0.06277276
0.006721383,-0.009133533,0.09707647,0.4550362,-0.3337671,0.4860849,0.06428503,0.01481265,-0.01036184,0.7511683
;
