0.1244492
0.1927925
-0.1919567
-0.01363176
-0.3042367
-0.1642299
-0.4026687
0.203367
0.2044181
0.1621574
;
0.3191797,0.05357844,0.1351905,-0.1614888,0.09537667,-0.08855242,0.02401537,0.3861439,0.1233884,0.1763102
0.2227815,-0.1092617,-0.1654591,0.0487638,-0.05643088,-0.2433726,0.2838488,0.01548356,0.1742596,0.1340387
-0.1752002,0.1369198,0.1096708,-0.09621018,0.1208636,0.03131884,0.01638681,-0.3793674,-0.2325231,0.3740414
0.03755981,-0.4057416,-0.3045162,0.1658592,-0.06815356,0.3133925,0.3888537,-0.3124447,-0.1001667,-0.06359118
-0.3873808,-0.2186291,-0.07061523,0.382905,-0.3220088,0.4520725,0.3753997,-0.38801,0.07491869,0.1591567
-0.4562237,0.4311889,-0.511214,0.1752899,-0.2416052,-0.1225751,0.06510025,-0.3192892,0.01757747,-0.4574986
-0.2221389,0.3077157,0.01281446,-0.1233005,-0.4877441,0.3565522,-0.8029463,-0.3224174,-0.3361539,-0.3035918
-0.02036172,0.4971254,-0.02113003,-0.05965418,0.09722775,0.0693149,0.203534,0.1256113,-0.4569314,0.726371
0.2779002,-0.05965859,-0.09240483,0.4691019,0.08379537,-0.1606752,0.4094207,-0.2037839,-0.2365898,0.02310365
-0.2854507,-0.5607327,0.1712266,0.1800766,0.0673731,-0.2172428,0.05714732,0.3325843,-0.4189638,-0.4817914
;
-0.2729869,0.07874447,0.04360968,0.4664968,-0.1296243,0.3547367,-0.1828139,-0.2326255,-0.3131866,0.1964073
0.2008648,0.006950557,-0.2714759,0.07707113,0.09683365,0.209383,0.2987705,0.1282146,0.4859217,0.4667546
;
-0.2219035
0.05034584
-0.0837141
-0.4855996
0.4723047
-0.1286373
0.4560946
0.2959985
0.3446774
0.1592886
;
-0.2459465,-0.4394888,0.196599,0.01602,-0.08905393,0.1640591,0.4450126,0.4043015,0.2707806,-0.1139221
0.03602463,0.4812562,0.3936437,0.1873714,-0.1298125,0.005655706,-0.1485552,0.1000296,-0.469111,0.1982338
-0.1268085,0.2352943,-0.2173048,0.2304848,-0.4555269,-0.2156785,0.4712518,-0.1004366,-0.04844195,-0.03079051
-0.4027208,-0.07452542,-0.3218135,-0.4655355,-0.4749284,0.3971393,-0.4728361,-0.2505388,0.1095302,-0.3886925
0.193956,-0.4527218,-0.2281139,-0.09516498,-0.2430812,0.2667713,0.2571765,0.2888871,-0.03855437,-0.21841
-0.3512034,0.3307128,-0.3886691,-0.4992964,-0.4297307,-0.4635764,-0.1186314,-0.09694582,0.4270762,-0.2071646
-0.3555597,-0.05615133,-0.135735,0.2510411,-0.3241454,0.1612638,-0.4899031,0.07735091,0.1079332,0.1356184
-0.04997379,0.4408263,-0.1358796,0.09965509,-0.1009666,-0.413113,0.4025259,0.05782801,0.3821243,0.4720976
-0.3236195,-0.01499552,0.6370751,-0.08243078,-0.4769,-0.1435944,0.3246174,-0.3629781,0.365695,0.05184823
0.4018698,-0.2948055,-0.2878146,0.192103,-0.3268806,0.1444895,0.1421853,-0.3913194,-0.1467624,-0.3054359
;
-0.3313011,0.1934365,-0.09568673,0.15433,-0.3161094,0.1769919,-0.362506,0.446926,0.22066,0.09950608
-0.211963,-0.001646459,-0.465212,-0.0008146167,-0.4168934,0.2845838,-0.1213891,-0.2035198,0.4895332,0.09554356
;
-0.07993253
-0.07051026
0.01701409
-0.4828154
0.4073412
0.1664179
-0.2614757
0.001229
-0.02946211
0.02454975
;
0.6220357,-0.1639733,0.5599104,-0.4308295,-0.6032152,0.3807739,0.1678812,-0.01601099,0.4098932,-0.294293
-0.3344444,-0.1003941,0.3428623,0.3125546,0.4988307,-0.3787367,-0.1902151,-0.03128153,0.05402592,0.2756321
-0.2716462,-0.02116468,-0.3707023,0.04754258,-0.2225084,0.4693397,0.09427375,0.1526724,-0.1364953,-0.4013084
0.09249815,0.7731483,0.5176429,0.1400594,0.037107,-0.8246477,0.0831134,-0.1528819,-0.196813,-0.3357099
0.7496207,-0.4613354,-1.028623,-0.176504,0.02967241,0.1870205,-0.06020302,-0.007887915,-0.5921079,-0.05051671
-0.1993956,0.481455,-0.2545548,0.08166952,-0.03137493,-0.2466711,0.1250951,-0.1117461,-0.1896027,0.0823449
-0.8286196,0.3815094,-0.1256276,0.2221286,0.06424166,-0.2428011,-0.02891997,-0.1027423,0.06733184,-0.09550291
0.4181973,-1.002444,0.04902687,-0.09126847,0.7209661,-0.005178025,-0.1173097,0.4175123,-0.4181378,-0.3208364
0.1870315,0.1748183,0.03033772,-0.1885458,-0.4576515,0.213979,0.4427929,-0.2383268,0.3974998,0.004523294
-0.1946936,0.2660451,0.2304365,0.04694922,-0.378165,-0.0775464,0.000128331,-0.3436729,-0.4762374,1.173613
;
-0.3115789,0.0358395,0.009184992,-0.2145541,0.1449117,0.203561,-0.05389204,0.5264225,0.06811151,0.278658
-0.01050333,0.01669945,-0.006803552,0.05610121,-0.2284586,0.02387947,-0.2753423,0.0967892,-0.004999229,-0.2291919
;
0.295332
0.3760954
-0.1735337
-0.2610365
-0.324746
2.005684E-05
0.9659292
-0.02753741
-0.1817262
-0.04297939
;
0.08912322,-0.1077602,0.5165067,0.158802,0.02821719,1.629766,-0.1987674,-0.04019594,0.1279693,-0.253516
-0.02027634,-0.2703694,0.003167248,-0.5752162,0.2447879,-0.007698176,-0.02323407,-0.07730705,-0.4814372,-0.08531278
-0.01138412,-0.03471188,-0.4355725,0.2693499,0.1772797,-0.2107498,-0.0002617098,-0.2776852,-0.2468829,-0.0002410247
-0.4354174,-0.2653242,4.396579E-06,0.1439751,0.5420778,-0.02316552,-0.07062428,0.03494915,-0.5059544,0.04046931
0.06190301,-0.03632063,0.8247784,0.1542905,0.2274123,0.01680393,-0.001560461,0.5529655,-0.05613232,-0.1353586
0.1972147,-0.4216328,-0.1608904,-0.2820857,0.2387162,0.03333608,0.4224218,-0.0297155,0.04772242,-0.01215555
0.4543042,-0.02780329,-0.2707187,-0.1927819,-0.4015416,-0.001503588,0.1767931,-0.03645176,0.2222702,0.1626611
0.3582923,-0.01194725,0.1323327,0.07220619,-0.6564161,0.3758399,-0.2391358,-0.3218886,0.02174939,0.002263347
-0.7125977,0.1899589,0.06717236,0.1342218,0.0120729,-0.01241857,-0.178869,-0.1058477,0.421842,0.3114163
0.393443,0.002252347,0.08483148,0.3080713,0.02029458,0.02321833,-0.1389174,0.504494,-0.3203308,0.3350191
;
-0.0489747,-0.3107349,-0.1234665,0.01774285,0.4667965,0.3364144,-0.1080595,0.5494258,-0.3362257,-0.4270077
5.586271E-05,0.07336175,-0.1425119,0.4455296,-1.692422,-0.6189576,0.3227191,-0.001561954,0.006709571,0.3220339
;
-0.1314523
0.4063674
-0.4499872
-0.2049913
0.1303718
-0.3863611
0.06890601
-0.04362899
-0.01414484
0.3144037
;
0.456077,-0.347155,0.2387973,0.008834183,0.4837112,0.2509331,-0.1637514,-0.4160643,0.3130765,0.1290157
0.1012511,-0.07908779,-0.3669535,0.3625871,-0.04562038,0.3979177,0.2190908,-0.1030121,-0.2625548,-0.4641974
0.3434324,-0.4210981,0.2182318,0.1270358,0.2097267,-0.428499,0.2207622,0.2064129,-0.3113163,0.3845419
-0.1846097,0.186493,0.07486361,0.142988,0.2609658,-0.2145014,0.3513004,-0.4023502,0.4474088,0.3676983
-0.05886537,-0.3189206,-0.395199,0.4391161,0.0003884435,-0.2130713,-0.3969427,0.3468854,-0.3904685,-0.4421014
0.1022508,0.2525636,0.311677,-0.007638395,0.02293733,-0.3079,0.1331276,-0.3387549,-0.3066946,0.00706929
0.4722465,-0.1195098,0.1152052,-0.3472825,-0.4955108,0.4315569,0.4916254,0.4569426,0.4310998,-0.2960039
-0.4270051,0.06264335,0.2622401,-0.1664848,-0.106052,-0.1870798,0.1744084,-0.4821742,0.03475744,-0.0854463
-0.1754549,0.2687271,-0.2958734,-0.06039447,0.2942293,0.2284125,0.2463742,0.2048482,-0.2392685,0.4934454
-0.4596817,0.06037706,0.117202,-0.0491789,-0.4264224,-0.1354802,0.005328,-0.417686,-0.242182,-0.09661537
;
0.4186138,0.01559907,0.4288195,0.290511,0.08170444,0.172342,0.3085687,-0.4029275,-0.3699639,-0.4414948
0.3935667,0.2345894,-0.04554826,-0.402963,0.3070002,-0.01486236,-0.2685691,0.2934654,-0.07218999,0.4658247
;
-0.2440435
0.01653979
-0.1040935
-0.1996161
-0.1744781
-0.06473464
0.2910048
0.1956321
0.1355394
0.04928406
;
-0.02350161,-0.0529525,0.1939141,0.3600992,-0.00667408,-0.8037828,0.1826102,-1.070866,0.411978,0.276601
-0.0477857,0.01422007,0.3198091,-0.0004193756,0.05547529,-0.1595246,0.4763786,0.3381343,-0.6084578,0.3118166
0.001144003,-0.6403497,0.0001018478,-0.4516243,-0.007976156,-0.05240254,-0.4153891,-0.04320455,0.1646995,0.02576391
-0.001407122,0.5648926,0.1756862,-0.02776499,-0.1165769,0.6092345,0.3281515,-0.2423174,-0.03545041,0.450838
-0.1547375,-0.4109031,0.03853115,0.2104743,-0.7982423,-0.6266971,0.1357086,0.3257514,-0.06991308,0.2126046
1.770597,0.1505026,0.4410658,-0.03883868,-0.02886909,-0.007729745,0.01764985,0.4290733,0.003427913,-0.1986827
-0.4502438,-0.07246596,0.04188758,0.03520587,0.8164735,0.4821318,0.4932799,-0.01043,0.6056585,-0.07229847
-0.4735286,-0.0579606,0.2085757,0.09975309,0.1352809,0.1629505,0.03286096,0.1495494,-0.000171408,-0.03117772
-0.06380133,0.1248565,-0.04881548,0.000224293,0.3124695,-0.04332776,0.1990058,-0.1466811,0.4600822,0.1892599
-0.0008341221,-0.4669536,0.2913384,0.486828,0.2036117,-0.2553942,-0.4656816,-0.02707965,0.3095912,0.9472048
;
-0.06824099,0.2847395,-0.00248563,-0.01749171,-0.008940806,-0.3323977,-0.2128572,-0.008096443,-0.06935553,-0.01607299
0.122245,-0.3968763,0.2522827,-0.6589248,0.0611415,0.4059312,-0.4450992,0.02933849,-0.5451215,0.1347635
;
-0.07822839
-0.1059645
-0.09626789
-0.1278974
0.6096404
0.3338437
0.3191775
0.1349007
-0.07933027
0.5115132
;
0.005324081,0.2466502,-0.2413893,0.09401445,-0.0790059,0.007998577,-0.3546767,0.03492469,-0.09032062,0.01718885
-0.1712043,-0.004175902,0.1665147,-0.2346728,0.601661,-0.3207666,-0.221141,0.1291264,0.05980941,-0.3913065
0.2124301,0.06127602,-0.01048917,0.3480235,-0.118497,1.039839,0.001319025,-0.1669336,0.2575593,0.3320936
-0.5748113,0.02503242,-0.02362437,-0.132253,0.03967224,-0.1871615,0.4108813,0.06794579,-0.03654138,-0.01357109
0.05721899,-0.1135831,-0.1385874,-0.1105004,0.02006604,0.01132876,-0.4343539,0.5970237,1.038834,0.03734666
0.1265349,-0.09952895,-0.273598,0.275828,0.1042593,0.4005682,0.4106085,-0.2859374,0.280134,-0.2819043
-0.8271346,-0.2094002,0.2248583,-0.2368848,-0.3622962,0.01624161,-0.3459841,0.03180201,-0.4247134,0.183902
-0.4458646,0.1088092,0.01830165,-0.05051567,0.09243068,0.1269454,0.1641883,0.1099682,0.004237865,-0.1703076
0.1488795,0.001460827,0.2376938,0.02125913,0.020017,-0.04227141,0.1413762,-0.124084,-0.3506804,-0.1707945
-0.139525,0.01205389,-0.002444765,0.1225565,-0.1332592,-0.2327351,0.3195744,-1.117514,0.3465323,-0.2117707
;
0.1371409,-0.2224699,0.2769495,0.03762912,0.2559814,-0.44169,-0.219533,-0.2623519,0.2710025,0.4356382
-0.2909068,-1.016757,0.1852151,0.2205603,-0.1256281,0.1808722,0.4285107,-0.2354921,-0.4691952,0.3023493
-0.05290468,-0.2010676,0.05905249,-0.2847404,-0.03462061,-0.3086088,-0.5869949,-0.2706926,0.0210138,-0.01462968
;
-0.5666897
-0.1988906
-0.1015458
0.006927322
-0.03217238
0.3637678
0.03179139
0.01416358
0.1510184
0.1378276
0.3574857
-0.2795752
-0.1479552
-0.07976281
0.007855302
-0.2739557
-0.07033363
0.1641204
-0.06459742
0.1055021
0.07711612
0.08609802
0.4867346
-0.4176896
-0.05349454
0.3065282
-0.2670759
0.8018782
-0.1787025
-0.08168322
;
-0.005166884,-0.03278977,-0.1633134,0.01503909,-0.3947381,0.1754665,0.1359029,-0.2690469,-0.2055933,-0.3055494,0.1921289,0.05619796,0.04372197,-1.284029,0.2370193,0.1233371,-0.1292613,-0.05283469,0.2654308,0.0871883,-0.004259273,-0.2479866,0.1939434,0.02956191,0.05880874,0.007925212,0.4873837,-0.3801341,-0.3151613,0.1700117
-0.2029625,-0.1150344,0.1922695,-0.2206115,-0.1303668,-0.08355702,-0.2408015,0.1276092,-0.02144198,0.09377798,-0.4134999,-0.2039586,-0.2326134,-0.03361449,0.3296278,-0.2771719,-0.1441011,0.2467429,-0.01389698,-0.1811498,-0.1233923,0.4845466,-0.2148766,-0.26244,-0.3081289,-0.6044484,0.09568332,-0.2622881,-0.06262928,0.3136216
0.560974,-0.1292404,0.386971,-2.492662E-05,-0.198228,-0.4511888,-0.4124081,-0.04904369,0.07169694,-0.2334381,-0.1162071,-0.1225169,-0.1861771,-0.002302852,-0.02055593,-0.3012626,-0.1045609,0.2883577,-0.3750476,0.01052921,0.0944349,-0.1976808,-0.055519,0.01796001,-0.5209331,-0.2047638,-0.4897787,-0.3590212,-0.0115372,0.2646664
0.1945413,-0.173741,0.1012179,0.0611691,0.3769089,-0.0167783,-0.1997313,0.16282,-0.24927,0.1008874,-0.8399565,0.6068342,-0.01780546,-0.01949255,-0.01936317,0.1928272,0.2845515,0.4852884,-0.5005403,-0.4919057,-0.1269084,0.5495201,0.3125535,0.4087439,-0.5145923,0.191701,0.2608031,0.4921361,-0.2159847,0.2562733
0.4482201,-0.0008264713,0.2492205,-0.1088132,0.2974638,-0.3492311,-0.1549916,0.5797169,-0.5708433,1.082618,-0.06958308,-0.04563188,-0.0878474,0.02103728,-0.02004852,0.04052476,-0.02635644,-0.2004874,0.4692099,0.1224578,0.1562105,0.1866324,-0.2099583,-0.02910065,-0.472125,0.1756454,-0.2033406,1.346836,-0.5024751,0.2868108
0.1549755,0.3088038,-0.00116625,0.1762555,-0.009369425,-0.1843725,0.06444019,0.1633788,0.1661825,0.3198608,-0.4773258,-0.1646753,-0.3285955,0.07490851,-0.08173646,0.1631184,0.1858018,0.02483689,-0.0007055682,-0.4645384,0.3855503,-0.03291625,0.2430198,-0.1409832,-0.205192,-0.0006776584,-0.003745201,-0.4535967,-0.03385759,-0.2633281
0.004210293,-0.2275192,-0.5635148,0.2961625,-0.1901786,0.008587189,0.322221,-0.0004645219,0.2482029,0.09570175,0.1890343,0.2375012,-0.2897581,-0.07754308,0.3826617,-0.4655054,-0.04003714,-0.445096,0.126517,-0.02612144,0.1368098,0.454728,0.4632195,0.07005967,0.02905279,-0.3611914,0.4900945,-0.05663918,1.093524,0.812664
-0.08261673,0.4714513,-0.03777882,0.7408648,0.3402015,0.02140647,0.3534452,-0.0101216,-0.001535952,0.1479363,-0.4827581,0.1282409,0.8320464,-0.01583012,-0.1157111,0.04387964,-0.006673276,-0.0121351,0.1735432,-0.1074031,0.4136418,0.02255388,-0.3444166,0.4745176,0.05774553,0.02505848,0.4336559,-0.6209642,0.03896935,-0.07218148
-0.09365255,-0.0009358048,0.1777348,0.3562924,0.04519429,-0.09350544,0.6145275,0.1018227,-0.3139488,-0.3778349,0.265525,-0.393494,-0.04176933,-0.07670496,-0.009578124,0.222854,0.09167089,0.5496033,-0.08651914,0.4674981,-0.009152442,-0.2008984,-0.02287955,0.6271489,-0.4406641,0.0941667,-0.03160506,-0.2297822,-0.3265054,0.03803352
-0.29392,-0.269608,-0.01059522,-0.04629682,0.22461,-0.4016967,0.002238836,-0.4017509,0.4501472,0.0002402534,0.2196888,0.2194732,-0.3123763,-0.2522302,0.2284842,0.07123072,0.3759233,-0.3691432,0.09692264,0.04350644,0.1387694,-0.134302,-0.4521276,-0.1752837,-0.3662778,-0.1663795,0.2210908,0.4204339,-0.2644368,0.4463028
-0.1958163,0.3111434,0.3806307,0.2234401,-1.1738,0.4747742,0.02925648,-0.2173223,0.1065755,0.03505094,-0.3573617,0.7208945,0.0363452,0.3437648,0.05408907,-0.6958343,0.03523988,-0.2802245,0.08824819,-0.4011315,4.963084E-05,-0.2415234,-0.294813,-0.1678028,-0.3511151,-0.0235685,0.06758823,0.1729241,0.1946682,-0.216575
-0.1293693,0.01137584,-0.00915633,0.465052,-0.0161661,0.02202847,1.32972,-0.001798942,0.04343516,0.01249117,0.1052151,0.07138711,0.4503318,-0.008361502,0.08650219,0.1268201,-0.3927621,-0.2909293,0.3148178,-0.01135807,0.03807506,0.1082583,0.4194471,0.2954645,-0.001850026,-0.8267574,0.1708806,1.025416,-0.0001609267,0.008465588
0.9718707,0.03477598,0.01008306,0.3717654,-0.1401549,-1.440262,0.00180603,-0.07552063,-0.2202066,-0.345554,-0.6363523,0.03846994,0.2888254,-0.2351445,0.3689917,-0.4816262,0.01909737,-0.09058937,-0.05826084,-0.006635827,0.01988818,0.7666394,-0.4447353,-0.3064693,-0.1760475,0.2116195,-0.1476814,-0.5299001,-0.07304966,0.2703742
-0.08688289,-0.1360092,0.2235389,-0.309726,0.02984935,0.341989,-0.4330995,0.07220957,0.3600125,0.1224449,0.4707448,-0.3938446,-0.130817,0.3643181,0.2926267,-0.1801224,-0.1942686,0.1182998,-0.198883,-0.3171203,0.4516844,0.026651,0.1535852,0.1418133,-0.2245836,0.8334292,-0.1099597,0.0203372,0.3223608,0.7010546
0.02528067,0.2286826,-0.427894,0.393703,-0.1373733,-0.2092345,-0.02417951,0.3357185,-0.1792993,-0.03414532,-0.363026,-0.5611629,-0.3190051,-0.3906404,0.007546721,-0.2222466,-0.02946395,-0.01423857,0.08158739,0.308043,0.2367432,-0.07815821,-0.08037757,0.3434142,0.1972821,0.1548226,0.4084834,0.06502293,-0.6364207,-0.2068513
-0.0671317,0.02240207,-0.6494062,0.002891937,1.572594,-0.2597481,-0.370674,-0.008941802,0.09245149,0.4639031,-0.08685703,0.1656705,1.683164,-0.4380251,-0.2917494,-0.121196,0.02551325,0.02685544,-0.3110869,0.4387489,0.3625332,0.1624289,-0.03240622,-0.1984875,0.2800388,0.1919687,0.06838304,-0.01310235,0.3783341,-0.003624965
-0.4178468,0.3554132,-0.1345162,0.1182519,-0.04262477,0.01694966,0.5392329,0.03366169,-0.04112172,-0.2557214,-0.1884599,0.3520596,0.1406016,-0.1538915,0.3046046,-0.2410436,-0.3442617,-0.03574612,-0.09897994,-0.5350982,0.4092356,0.01457022,-0.3807129,-0.3250684,-0.05862751,-0.02474923,-0.02189858,0.3039865,0.3163709,-0.209199
0.3437924,-0.001136243,-0.2781132,0.01224118,-0.07963495,1.773594,-0.4597062,-0.1123477,-0.009900123,0.7352629,0.05480248,-0.2237733,-0.2614912,-0.1313041,0.01738477,-0.06084523,0.4408349,0.2877805,0.236886,-0.08998447,-0.003027695,0.2631946,0.009103462,0.1659073,-0.2324603,-0.03169197,-0.02319209,-0.1550497,0.1403651,-0.01183234
0.08928758,0.2206272,0.06140751,0.01835534,-0.2037688,-0.916302,-0.3246886,0.1586983,-0.4943646,-0.1235492,0.04248881,-0.158838,-1.05145,0.1391582,-0.07272917,0.0006132557,0.3744681,0.05529147,0.2144883,0.321249,-0.3558792,-0.3473446,-0.2747361,-0.03130529,-0.09978727,-0.06713464,0.6979975,0.004019195,-0.4788146,0.4688727
-0.03452514,-0.1755568,0.03784776,-0.3113817,-0.003864825,-0.2213721,-0.3106453,-0.02992308,-0.5252982,0.3274359,0.4744132,-0.1275478,0.3145358,0.0257917,0.2238704,-0.3781085,0.2467235,-0.9051605,0.2205994,-0.4446437,0.05588165,0.05792171,-0.2240339,0.3210449,-0.2181311,-1.402541,-0.03294832,0.4057429,-0.02553683,-0.09591848
0.2976717,0.3105969,-0.3778886,-0.03169815,-0.0007974938,7.903052E-05,0.1579171,0.00720491,-0.04979362,-0.376199,-0.2527763,0.1403209,-0.02150514,-0.06146461,-0.0575446,0.2879899,-0.09425133,-0.2281108,-1.036748,-0.127277,0.02020161,0.3924831,0.5600195,0.2438109,-0.0006539196,-0.2609724,0.02215559,0.01771432,0.3371218,0.1252994
-0.04749197,0.02919778,1.909605,-0.7052087,0.1098706,-0.09690168,0.4427299,-0.08474316,0.2909951,-0.1451728,0.4963326,0.0356313,-0.01848484,-0.2433424,-0.3085046,-0.2206919,0.07430584,-0.33416,-0.2985265,-0.4357463,-0.4404051,0.1440759,0.1009374,0.01007373,-0.2992127,-0.8826961,0.444755,0.3316773,0.01301112,-0.09301251
0.4220953,0.03472489,0.2087631,-0.005380153,-0.2598866,0.254609,0.01463036,0.1166803,-0.3814806,-0.3958239,-0.4071847,-0.4626517,0.3840425,-0.06711674,-0.2423922,0.4310652,-0.004414762,-0.04500037,-0.07870223,-0.02329756,-0.1108995,-0.1080774,-0.8114985,-0.1604001,0.4188943,0.1030399,0.05303113,0.1867302,0.316119,0.2622178
0.1037469,-0.01915335,-0.6198964,0.04997641,-0.1754169,0.6067398,0.3761089,-0.0911585,0.3437045,-0.1813274,0.2282556,-0.2410745,0.02671528,0.2299653,-0.08280879,-0.36801,-0.384028,0.5630037,-0.3344343,-0.006844922,-0.006750359,-0.2659778,-0.07185262,0.1200284,-0.03301037,-0.1583888,-0.08165088,-0.1488271,0.266661,0.3081913
-0.1537843,-0.03233092,-0.2417857,-0.004382789,-0.2405922,0.217153,-0.001285561,0.1865134,0.2161612,-0.2567692,0.31126,0.03596514,0.02847701,0.478618,0.19481,0.4376165,-0.6646711,-0.1006223,0.494554,0.3669987,-0.4321941,0.305882,-0.01936841,-0.01777137,0.2016919,0.2184421,-0.02318501,0.1122164,-0.02828218,-0.1707741
0.3571347,-0.1292398,0.0299946,-0.01580978,0.4090997,-0.01972,0.3055052,-0.3812555,-0.3088816,-0.4156393,-0.03279709,-0.2396896,-0.7046752,0.412574,0.8334479,-0.4017744,0.02138025,0.002636739,-0.01167642,0.0366818,0.2220317,-0.1463628,0.1952114,0.01812496,0.120238,-0.1178252,-0.4918789,0.3049474,-0.3775891,-0.1396172
-0.7992613,0.06089371,0.01187513,0.1216705,-0.4737346,0.1608099,-0.2017089,-0.3034004,-0.1166802,-0.05593246,-0.4222192,-0.01440543,-0.1154442,-0.136124,-0.1362713,-0.1964976,0.006862223,0.09633566,-0.1314201,0.05260045,0.000692766,-0.5059774,-0.1038747,0.06645852,-0.3343778,-0.6540713,0.0124807,0.7041584,-0.2566005,-0.2543164
0.7266923,0.004021197,0.08609182,-0.02398757,0.3762544,0.08726855,0.09456686,-0.1920281,0.3890324,0.4253056,0.4084607,-0.2366984,0.04554442,0.2366278,-0.2388831,-0.06530749,0.2905039,0.01416074,-0.004784937,-0.05149128,-0.1001119,-0.4331218,0.3468558,-0.6034877,0.4749051,-0.5711218,-0.0774508,0.3783105,-0.6039138,-0.477217
-0.503038,-0.00222379,0.09176642,-0.1149467,0.09785862,0.2293824,-1.306188,0.495155,-0.01792722,0.2496801,0.6462895,0.007000479,-0.4059496,-0.9565896,0.007874629,-0.3242294,-0.1223554,-0.2357885,-0.4645076,0.08936211,-0.008707078,-0.2275017,0.3606276,-0.2003449,-0.5166854,-0.6783976,-0.06820112,-0.4225447,-0.009196103,0.2809271
0.1509527,-0.5051005,-0.02610169,-0.1953852,0.1037587,0.5692405,0.2308502,-0.0009961724,-0.2950608,0.3273191,0.123623,-0.05050953,-0.4354049,-0.06250028,-0.02605341,-0.1577644,-0.3531388,-0.1894799,0.3977623,0.0003038809,0.2367881,-0.1135863,0.2703949,0.1791498,1.622018,0.2973647,-0.1443917,0.002481996,-0.007166389,0.1990553
;
0.1627077,0.2599908,-0.749335,0.03254586,-0.2689482,-0.07945559,-0.01864368,0.05176121,-0.02598393,0.1023316,-0.1071234,-0.04861027,0.07835992,0.3403266,0.009108666,-0.4933096,-0.3466051,-0.3677026,-0.5922913,0.01449395,-0.2468144,-0.7905853,0.06897655,0.01861074,-0.120853,-0.3086714,0.1003784,0.05736589,-0.09189993,0.09239887
0.0717449,0.1864325,-0.8633839,-0.5617561,0.2373983,-0.3015103,0.3816824,0.2396954,0.04036334,-0.1176709,-0.221985,0.3442409,-0.3662886,-0.0251934,0.01155513,0.5541764,-0.2949702,-0.3008554,-0.09503657,0.3285313,-0.1687031,-0.6874461,-0.1771976,0.0008789686,-0.1349251,0.0713734,0.3511535,-0.01894236,0.484317,-0.4717462
0.3396693,-0.2749754,0.2294885,-0.02958804,0.4118252,0.8114135,-0.3820914,-0.2696421,0.1102126,0.4209361,0.2452761,-0.1549415,0.4266996,0.6255704,-0.1626005,-0.3774691,-0.7226224,-0.3466307,0.05258502,-0.1357926,-0.996049,0.001402419,0.06587023,0.2449244,0.1500878,0.6427221,0.01751177,0.03410743,-0.3486004,-0.8391046
;
-0.3114985
-0.2913584
0.1119402
0.4069575
0.2865065
-0.2695069
0.2060207
-0.2737571
-0.2994174
-0.3884324
-0.05744511
-0.1456822
0.2345236
0.1419817
0.1837187
-0.1061037
0.04266864
-0.2008346
-0.01139385
-0.3787528
-0.1747811
0.1140011
-0.1656552
0.1310377
0.2946421
-0.4222643
0.1105905
-0.3852081
-0.1018538
-0.2094108
;
0.2465967,0.4466906,0.1357725,-0.3227365,-0.4592537,0.09083277,-0.1799427,-0.3488156,0.1656271,0.1850855,-0.1876369,0.3743384,0.2707516,-0.4291878,-0.4249318,-0.4660546,0.01441377,0.2332612,0.279175,-0.354102,-0.3584133,0.3033788,-0.4185539,-0.1328306,-0.3276541,0.2304396,-0.01206011,-0.3741428,-0.5364851,-0.4530818
-0.1681218,0.3026613,-0.345786,0.2146597,-0.4982909,0.02224559,-0.2277123,-0.1556903,-0.3287349,-0.07297128,0.4499333,-0.3397851,0.4677676,-0.1524088,0.3901361,0.1140612,-0.381442,-0.3524213,-0.1227555,0.01357776,-0.3466787,-0.3425024,0.2063926,-0.108365,0.04184359,0.0446077,0.1587967,0.3834771,-0.1424544,0.1339852
-0.326431,0.4089438,0.1296756,-0.226186,0.06824356,-0.3606948,0.4101262,-0.4179611,0.001008451,0.3769886,-0.3843245,-0.02989739,0.3481408,-0.4219348,0.1017063,0.2113122,0.2701175,-0.4466903,-0.3238288,-0.2555009,-0.1032214,0.4632986,-0.1834671,0.4286073,0.3357253,-0.4275635,0.1210381,-0.3369542,0.2718545,0.4721565
-0.4425206,-0.4289529,-0.4858866,0.03764433,0.01288217,0.100982,-0.06972092,-0.2841552,0.4692928,0.3675088,-0.1426242,0.245519,0.3268166,-0.07593995,0.4321313,-0.1926463,0.384153,0.4120049,-0.2890376,0.4385576,-0.4040442,0.2922642,0.2843795,0.3909185,0.009030759,-0.1382659,0.1890329,-0.4299228,0.0743682,-0.4644146
0.2869816,0.3696908,0.1248963,-0.1286322,-0.171966,0.4139122,-0.3446163,-0.3632803,-0.1192474,-0.4412622,0.2696755,0.3811334,-0.4390442,0.4784353,-0.2442817,0.4348434,0.1499387,-0.4730562,0.07213134,0.0526368,0.1200909,0.106066,-0.1453487,-0.03810531,-0.1877888,0.2200293,0.4965625,-0.2747296,-0.2543781,0.3127466
-0.190014,0.2849751,-0.337395,-0.4346782,0.1574079,-0.3823547,-0.2877493,-0.2366429,0.2256157,-0.288964,0.06807107,0.1403868,0.403034,-0.4392933,-0.4962186,-0.09300619,-0.0178569,-0.4244541,-0.4152125,-0.1891317,0.4102184,0.03189653,-0.05012852,0.2222445,0.3459597,-0.09476858,0.2090303,0.1283235,0.3179986,0.4282454
0.08428842,-0.4982592,0.290529,-0.3678312,-0.2998121,0.4355026,-0.1206302,0.480309,0.1800374,0.1115238,-0.4486303,0.07696134,-0.004341424,0.3164724,-0.302487,0.3593436,0.275504,-0.09394389,-0.2444764,-0.2027079,-0.3935876,0.4207385,-0.2151781,0.3710136,-0.2780792,0.3949767,0.3142557,-0.4443555,0.2484203,-0.04559421
-0.00983423,0.007576287,0.4253824,-0.183937,-0.048919,-0.05532581,0.3051571,0.02523263,-0.08868843,0.4603449,0.2260954,0.4713504,-0.1418663,0.2346032,0.2741766,0.1211719,0.2643583,0.1164265,-0.05017906,-0.0528776,0.4630735,-0.1346299,0.07956129,-0.06995827,0.4877199,0.263436,-0.2013168,0.1172804,-0.4278448,-0.3545713
-0.2556221,0.3928341,0.0550105,-0.4638215,-0.4965886,0.05158287,0.1853405,0.483798,-0.2094019,0.1806294,-0.2121863,-0.1595376,0.2976681,0.08086652,-0.1861562,-0.0001011265,-0.2589676,-0.4784135,-0.007582366,0.3550427,-0.4273397,0.02215618,-0.4289874,-0.4468703,-0.3709326,-0.3303852,0.07883006,-0.4223233,0.2141322,-0.3056461
-0.3760512,-0.4972324,-0.04036313,0.3094596,-0.2981064,0.04585749,-0.148274,0.4566665,0.2750686,-0.4443723,0.3421439,-0.09573323,-0.38425,0.498897,0.02628225,0.03652149,-0.255583,0.2889781,0.4816688,-0.274615,-0.4478577,0.01193053,-0.07819623,-0.2910757,-0.2638339,0.4830556,-0.2446923,0.1066162,0.02932411,0.186133
-0.05187315,-0.3214784,-0.1641505,-0.401353,0.3204963,0.01519901,0.1702048,0.1736051,-0.149913,0.3220307,0.1831567,-0.08714193,0.2615644,0.4186211,0.04192191,-0.1077979,-0.1642658,0.02941952,-0.112035,0.4434378,-0.3204968,0.2969816,-0.2784584,0.1278498,0.2799668,-0.4817469,0.4517175,0.009347498,0.4389055,-0.1276267
-0.03853816,0.1094819,0.233237,0.4999855,0.06739837,-0.3638307,-0.3199848,0.07234699,0.305951,-0.008982718,0.2635506,-0.3778044,-0.4410455,-0.06226689,0.4449937,-0.006251991,0.3430552,0.1517007,-0.1392459,0.4312692,-0.491066,-0.1861352,-0.4859287,-0.1168947,-0.1599219,-0.009871066,-0.1395996,0.4144167,-0.1530665,0.06852108
-0.1749722,-0.02770978,0.3316003,-0.1622844,-0.0291298,0.1963011,0.107383,0.3511266,0.3936836,0.3999031,0.04675144,0.4443336,-0.4162885,-0.4236045,0.2122654,-0.2370717,0.2249014,0.09007818,-0.0652588,-0.4501779,-0.2513117,-0.4897089,0.0108798,-0.03283554,-0.3004471,-0.3076804,-0.02048796,-0.3069237,-0.1290249,-0.242205
0.4966422,0.2917681,0.2072559,0.4202226,0.3590254,0.0427461,-0.2255169,-0.6450834,0.4452068,0.3910421,-0.2880943,0.08648556,0.4388199,0.4718877,-0.3646301,-0.2918849,0.02214199,0.0659911,0.2955739,0.1350024,-0.06600505,0.3832049,0.3475879,0.06117135,0.2753384,-0.1922687,0.1179373,0.18803,0.3081626,0.1149153
0.4946296,-0.3677701,-0.3665673,-0.266924,0.2679642,0.1684972,0.009525597,-0.1508275,-0.4041969,-0.4174557,0.1347099,-0.2745429,0.04806322,0.3213998,0.3501025,-0.4338295,0.03351992,0.1760213,0.1873962,0.3976417,0.1730444,0.4819659,-0.333197,0.1624278,0.04739338,0.2083298,0.4127203,-0.3250455,0.146618,0.1640963
-0.385196,0.005791366,0.3634795,0.2111615,0.2509706,0.4666508,-0.01876372,-0.4700423,-0.24812,0.1802546,0.4280075,-0.2493991,-0.2755141,0.009214025,-0.03922504,-0.3879682,0.1376141,-0.4776173,0.3019564,0.4350618,-0.4244013,0.0008205771,-0.2934204,0.08107728,-0.05517691,0.1321497,-0.4664102,-0.161524,0.03303839,0.1370767
0.3600513,-0.2807714,-0.2297203,-0.4426951,-0.1502936,0.3229036,-0.3901573,-0.2400431,-0.04450589,0.144029,-0.03490788,0.07796496,-0.4227358,0.1873618,-0.3821175,0.003683507,-0.3687272,0.2147058,0.007258236,0.09831363,0.4675472,-0.1648545,-0.1598218,-0.3890028,-0.1987809,0.4057854,0.4527102,0.003581345,0.0665186,-0.1588184
-0.1431375,-0.2079174,-0.4919693,-0.4206675,0.2700131,0.225829,-0.09632176,0.4701316,0.4093823,0.4712043,0.1149098,-0.4901558,-0.1214932,-0.3319041,0.2514695,0.02269608,-0.1605138,-0.2179168,0.01937586,-0.2870345,-0.07483715,-0.1492115,0.3229318,0.2361431,0.06080872,-0.2797616,0.282642,0.1171142,0.08989471,0.07850307
-0.1968579,-0.396423,0.3731909,0.4210371,-0.4370496,0.3849065,0.4907634,-0.436587,-0.2621802,-0.3937659,-0.2501442,-0.3213639,-0.04572672,-0.345013,0.08479565,-0.4131858,0.4196885,-0.3107105,-0.3104172,0.1603064,0.2276735,-0.485543,-0.06909829,0.4147642,-0.2592189,-0.2538112,-0.1535179,-0.00811547,-0.2195633,0.3680283
-0.3502948,-0.09561402,-0.3818473,-0.2058372,-0.03898424,0.4352896,-0.009165943,0.1672728,-0.05188578,-0.02951235,-0.2351411,-0.1796066,0.4396136,0.1297552,0.04505438,-0.173428,-0.3178766,0.2564189,0.1818244,0.4238064,0.362114,-0.1831539,-0.265419,-0.184384,-0.4886192,-0.1322048,-0.3137553,0.3276834,-0.1366911,0.4502907
0.3257179,-0.1714311,-0.4337336,0.09210128,-0.04696065,0.1204563,0.1953348,-0.1912195,-0.3774613,0.4697524,0.1078135,-0.05226094,0.3267801,0.1153335,0.2039252,0.3090287,0.06868523,-0.2210627,-0.3910897,-0.1720373,-0.1972004,0.1389708,0.441702,-0.06296581,0.1915289,0.1447776,-0.2913716,-0.2726538,0.4051813,-0.1070011
0.2920183,0.1427525,0.01065415,0.03968793,-0.181254,-0.4390686,0.2641704,-0.1065878,-0.1709811,-0.09059733,0.1671852,-0.3242321,0.3353752,0.005500149,-0.422267,0.3202975,-0.01050236,-0.4033774,0.4411598,-0.4133618,0.3316528,-0.2002671,0.476136,0.06994981,-0.3460399,-0.2062741,-0.4010845,-0.4237456,0.03004152,0.4247082
0.3297861,0.3349192,-0.4364122,-0.4973668,0.4398096,0.2274211,-0.4405785,-0.236597,0.3843839,-0.1826407,-0.4308392,0.08918029,-0.4111469,0.1938736,0.4748904,0.2315889,-0.05256301,0.3327805,-0.5670047,-0.3422207,0.1642505,-0.0290888,0.3098027,0.2725641,0.209809,-0.4873497,0.422666,-0.4327011,-0.3715076,0.4117696
0.09655279,0.2200781,-0.3778032,-0.04097337,0.427472,0.1962911,-0.3389801,-0.4142596,0.1656471,-0.1081697,0.408717,-0.2405713,-0.3419141,0.2845438,0.3469354,-0.184177,0.06625515,-0.2668462,0.3010617,-0.2567773,-0.1543141,0.3650922,-0.1284001,-0.1698901,0.1505033,-0.02015108,-0.1605189,-0.3760772,-0.2360037,-0.4197205
0.06149656,0.06491393,0.07772881,-0.3332561,0.2719567,-0.4694371,0.4677769,0.4881276,-0.01612085,0.4311111,0.30682,-0.1934844,0.08617538,-0.1047794,0.3208507,0.3194176,-0.1694371,-0.1528797,-0.4410723,0.03067309,-0.3913486,-0.4396137,-0.358445,-0.3039922,-0.269663,-0.4731641,0.04890686,-0.08453411,0.01499003,-0.1245711
0.0237655,0.4973737,-0.06418675,-0.2422256,0.06675023,-0.3352964,-0.2976812,0.397007,0.421334,0.3893657,0.2830099,0.4416236,-0.3142885,-0.1588487,0.416537,-0.1330121,-0.2874585,0.3645716,-0.4865702,-0.1208264,0.4762403,0.006215751,0.3411431,-0.1657253,0.206061,-0.4901917,0.07309729,0.2843453,0.1752477,-0.1711224
-0.4400407,0.1602442,0.3457539,-0.402993,-0.1025773,-0.1833108,0.1007184,-0.261649,0.468495,-0.1194944,0.1334041,0.08059841,-0.356737,0.6496777,0.06572306,0.1790904,0.413511,0.2176047,-0.310374,-0.1565593,-0.2076083,-0.2193787,-0.1924407,0.4314812,-0.6202036,-0.4416745,-0.0840047,-0.1943912,-0.03215057,0.3835961
-0.01715761,0.07841986,0.3453103,0.483881,0.2994831,-0.07403296,-0.1572432,0.2761649,0.3780172,-0.4517256,-0.2115451,-0.3751084,-0.1518266,0.02350694,0.2854799,-0.1125976,0.4784629,-0.1190785,0.02894312,-0.3514282,0.09386271,0.1224876,0.161434,0.06817919,-0.2662911,-0.4599675,-0.4472188,0.08731228,0.4765593,-0.5904387
-0.4155077,-0.3543336,0.3702923,-0.04694217,0.4847186,0.4183844,-0.3138278,0.007962525,-0.3459083,-0.3727549,-0.3994524,0.4218282,0.1266835,0.4151751,-0.05118209,0.2206256,-0.4633542,-0.1015653,-0.1690847,0.2768151,0.3333818,0.4909551,-0.2177905,-0.1401365,0.4975796,-0.2631086,-0.2531264,-0.2251201,-0.2534267,0.4409939
-0.3608681,-0.4599264,-0.4258627,0.1953294,0.4706275,0.1760977,-0.2567497,0.1258663,-0.06588942,-0.06319684,0.2328247,0.3039953,-0.330708,-0.1250388,0.3563585,0.3031069,0.1824008,0.2901442,0.3442661,-0.2858856,-0.4219573,-0.3850896,0.1883579,0.4212269,0.4223529,0.3752679,0.2797852,0.390638,-0.09117478,0.2247274
;
-0.1564167,0.390977,-0.108327,0.02232748,-0.2270762,0.4138379,-0.308945,0.4852347,0.2454634,0.2200118,0.3832994,-0.01329738,-0.2922362,0.4574809,-0.4570323,0.4785693,-0.4645452,0.2402719,0.4951257,0.1026012,-0.1611912,-0.1869279,0.1850505,0.2114084,0.1103794,0.4058841,-0.1979228,0.1050184,-0.1809824,-0.05118304
0.2113439,-0.270908,-0.2929255,0.4530736,-0.4975218,0.3953624,-0.1965885,-0.0001074195,-0.2362822,-0.4034513,0.45629,0.3984288,0.4732141,0.286442,-0.006395741,-0.1254414,-0.4125397,0.4744782,0.1840056,0.2508986,-0.3507351,-0.03842443,0.1997808,-0.3867128,0.4272436,-0.6339147,-0.09812516,-0.1099642,0.05542439,0.1263213
-0.2156348,-0.1619546,-0.01233798,-0.175526,0.006469429,-0.277223,-0.2915431,-0.07653445,-0.298045,0.1828008,-0.2382374,-0.3955586,0.348199,-0.4485875,-0.3805354,-0.3807697,-0.172123,-0.3460028,-0.02506644,-0.128794,0.02029794,0.1357661,-0.4438047,-0.289399,0.1566819,0.3276303,0.4579538,-0.009357728,0.1953753,-0.197823
;
-0.2713378
0.2165954
0.6319675
0.3826141
0.3305489
-0.5016649
0.04095954
-0.1929684
-0.3429803
-0.3955412
-0.1591582
0.076632
-0.1216131
-1.248165
0.0903815
0.0419055
0.1679836
-0.3119541
-1.195243
-0.4737259
-0.4287829
-0.1016619
-0.498314
0.4588517
0.02085954
0.02948042
0.198057
-0.2043254
0.06519838
-0.4116443
;
0.0786323,-0.07576317,-0.2450815,0.02480269,-0.1057981,0.1056299,0.3519885,-0.339107,0.03919083,-0.04593533,-0.5294758,0.005703196,0.2261094,0.1820768,0.2603179,0.05101455,-0.2338577,-0.0347963,-0.3309461,0.4263597,0.1006031,0.04811818,-0.4261282,0.1067976,-0.4229115,-0.6180183,-0.1442793,-0.01387674,0.001599133,-0.6513915
0.1235422,-0.522201,0.391937,0.06249337,0.1902162,0.2961394,0.01038922,0.003179723,0.1776884,-0.2160682,-0.0329065,0.482,-0.2784058,0.624038,-0.6676825,-0.1662166,-0.1894912,-0.05236857,-0.07160923,0.5445426,0.2131584,-0.2802415,0.2045184,0.3119811,0.2961833,-0.05222701,0.3371497,-0.4950035,-0.01330996,-0.6342946
-0.1403942,-0.0001468245,-0.208958,-0.1663093,0.242809,0.2190714,-0.3933475,-0.2567177,-0.3948061,0.02505401,0.01997033,0.01156392,-0.8169411,0.09560683,-0.2981387,0.05887372,-0.1595027,-0.03273227,-0.1484355,0.1548169,-0.3987655,0.4134861,-0.2916174,-0.08481926,0.2900857,-0.1045948,0.0746929,-0.4006435,0.002434746,-0.2552465
0.01725305,-0.7222164,0.5680246,0.008160786,0.9402999,-0.3647956,-0.8367978,0.001321371,0.4872897,0.003006067,0.07517357,0.2582629,-1.060242,0.1862882,0.008827031,0.4759625,0.2237726,0.2419669,-0.3120134,0.765057,0.7964909,0.1201345,0.002873361,-0.07917052,0.2106757,-1.155984,0.1414256,0.1556992,0.1200548,0.1470699
-0.3875202,-0.4436742,-0.1294203,0.02152481,-0.1239583,-0.02876187,-0.09100167,0.5156323,0.2568144,0.01580902,0.8013355,0.08441073,-0.02924722,-0.007013394,-0.03094086,-0.1475426,-0.3756221,0.3413739,0.01828784,-0.1652014,-0.07449925,-0.05355899,-0.1500791,0.001478232,-0.3074178,-0.05505392,-0.1025303,-0.3239417,0.1058688,-0.330242
0.2077798,-0.1025992,-0.1589983,0.147328,0.5771607,-0.1918812,-0.08043259,-0.3286684,-0.003426705,-0.02276331,-0.2922156,-0.007904949,-0.02703639,0.3441168,0.1021941,-0.2979919,-0.6593468,0.04612257,0.1453341,-0.2568585,0.4486774,0.4885235,-0.06109336,0.2190552,-0.4134296,-0.6224948,-0.1006674,0.2008432,0.3717724,0.04561204
0.01547434,0.09256119,0.3870324,0.08131996,0.1871412,0.05415672,-0.1577417,0.4721113,-0.09560901,0.0378398,0.8695166,0.1661005,-0.3100968,0.2145637,-0.1413291,0.4516075,0.1874437,-0.253353,0.07127132,-0.08079046,0.1017784,-0.005840916,0.3811368,0.3612595,-0.6447323,0.08923198,-0.02892882,-0.2313817,0.08058608,0.1127892
-0.3058056,-0.0671666,0.05736083,0.4098082,0.4003778,-0.07381457,-0.2881864,-0.02599416,0.1038713,0.3261707,-0.3482759,-0.1890935,0.4110231,-0.2314519,-0.7638927,-0.5311715,-0.3768124,0.4526815,-0.4520147,0.1712869,0.006975114,-0.1107684,-1.668656,-0.2038501,0.1685968,0.09591395,-0.009379271,-1.569925,-0.04058547,0.1192455
-0.4676614,-0.04068466,0.2885236,0.02726376,-0.1122905,0.1917674,-0.003409316,0.0150649,0.3922566,-0.3999748,-0.03293433,1.472877,-0.2998562,-0.1052945,0.2987961,0.04706055,0.7011698,0.08085207,-0.6643505,-0.1568177,0.2189039,0.1634301,0.3909757,0.03909162,0.4063519,-0.08211619,-0.02105994,-0.004664555,-0.1184437,0.3695208
-0.0215338,-0.03995346,0.3470699,-0.3927158,0.2474733,0.5969131,0.3946925,0.03828964,-0.1874239,-0.007327616,0.57486,0.673795,0.02488822,0.5346034,0.7484443,0.3177863,0.3152933,-0.03833346,0.2821132,0.282833,0.0130437,-0.2224406,0.03769472,0.1170357,-0.4707381,-0.07674982,0.3380674,0.2823873,0.2913967,-0.2949071
0.1167354,-0.3496865,-0.3929105,-0.01758157,0.3139538,-0.3903234,0.4977174,0.1873028,-0.008053757,-0.1726793,-0.4118986,0.1922611,-0.2242873,0.2479549,0.2571533,-0.005119509,-0.2388753,-0.0720934,-0.2364054,0.05305721,-0.9178839,0.5306802,1.150482,0.1279735,-0.1762489,0.2268324,-0.1359822,-0.2553871,0.292262,-0.02279155
-0.5733275,-0.1516798,-0.2573209,0.4550046,0.02640443,0.09125394,-0.4246676,0.3464332,0.1788871,0.4563478,-0.1129519,0.04199297,0.04438269,0.05499785,-0.4360746,-0.2259635,-0.2221738,-0.3767015,-0.3362584,-0.2235638,0.3610957,0.006517036,0.07003802,-0.07679739,0.3844827,0.3150048,-0.01959864,-0.08467728,-0.2023899,-0.1183447
-0.4986839,0.4871756,-0.1755016,-0.1362513,0.07867151,-0.1977446,-0.005053561,-0.05189239,0.4728799,0.05088204,-0.1115605,0.4462124,0.07082681,0.004504967,-0.1880916,-0.3216144,-0.177962,-0.1963177,-0.5631215,-0.282876,-0.04525334,0.1949149,0.1938988,0.1572487,-0.02075799,-0.2876803,0.3191692,0.3756185,0.1933544,0.6021672
-0.2775297,-0.1863087,-0.01647666,-0.1073351,0.2569691,-0.1371311,0.148507,0.3764812,-0.6487527,0.2980388,0.1384213,0.2874159,0.216316,-0.001844337,-0.5313196,0.4333556,-0.2699951,0.321189,-0.4026445,0.1412508,-0.08192557,0.002374528,-0.09735157,0.4682485,-0.3231525,0.2811717,0.04792132,0.5907362,-0.02322948,0.1353778
-0.3304224,0.530434,-0.272686,-0.4704396,-0.1459012,-0.02001911,0.003163916,-0.3053557,-0.1607497,0.4296042,0.5712442,-0.4379951,-0.2700052,0.04588166,-0.4927061,0.05364674,-0.08701259,-0.1880434,-0.4178455,-0.4494939,-0.09432501,0.3810007,-0.2814578,0.06564637,-0.1772588,0.1369007,0.03811089,0.3593001,0.1445373,-0.6178138
-0.1517033,0.2571304,0.04678863,0.3136883,-0.2978903,-0.3904264,0.3507898,-0.0495987,0.08258878,-0.3621827,0.06662661,0.213397,0.3487146,-0.3557264,-0.7602645,-0.1281886,0.3914571,0.4174683,-0.2710619,0.2869062,0.1738988,-0.3982196,0.2413095,-0.2472635,1.218347,-0.4903487,0.001818269,-0.0009106451,-0.2884737,-0.09269397
0.4895698,0.3188583,0.04704052,-0.01324826,0.04286331,-0.4990959,-0.2995087,-0.3302745,-0.2507819,0.2053125,0.3810812,0.05446018,0.03175467,-0.2431601,0.3390267,-0.01117712,-0.2371241,0.3969512,0.3936732,-0.5504508,0.004423782,-0.1335685,-0.1906911,0.0770181,-0.002306333,0.006407917,-0.4106601,0.32389,-0.1415496,-0.1687683
0.5687354,7.728932E-05,0.09504801,0.2658621,-0.3847376,-0.4468558,-0.1132206,-0.3623014,-0.2735695,0.1370979,-0.4461724,-0.4667946,0.2713317,-0.1785454,0.2454975,-0.0495543,0.5341626,0.09187511,-0.4347036,-0.3226051,0.07983545,0.2601708,-0.03727357,-0.2002444,0.7644718,1.326375,0.1490921,0.1529496,0.2055157,-0.308584
0.283674,-0.4098419,-0.5316026,-0.4660197,-0.005581406,-0.3141929,-0.7047036,-0.9431764,0.3045108,0.330002,-0.4228047,0.03908607,0.1649572,0.2641203,-0.412004,0.2396514,0.3292857,-0.01775443,0.01974112,0.4965781,-0.3208454,-0.5106801,0.001006026,0.1705828,0.2696526,-0.4391793,-0.1244462,-0.2672106,-0.4191038,0.2933513
-0.9037825,0.5413424,0.8493882,-0.2957475,0.620277,0.2542125,0.4277613,0.2105981,0.4534972,-0.05745212,-0.03809065,0.2576451,0.3988322,-0.241693,-0.3598014,0.6629953,0.2143229,0.4446553,0.1514812,-0.6948469,0.6773621,0.2297975,-0.2231809,-0.07912332,-0.02928575,-0.8524299,0.2148274,-0.2958851,-0.9551814,-0.587345
0.356703,-0.1506316,-0.1929563,-0.02017111,0.08967319,0.2253187,-0.4873908,-1.160584,0.5897436,0.6848822,0.2121382,-0.1189022,-0.2515397,0.3151293,0.3617569,0.2386521,-0.008213783,0.2115155,0.314405,-6.563935E-05,0.4011864,-0.07081369,0.2617532,-0.664292,0.1806129,0.1682464,0.02142814,-0.2667971,0.2426949,0.3863519
-0.02383299,-0.005180582,0.1716425,0.005032761,0.2808229,0.3856581,0.4869244,0.14824,0.1969168,0.2746024,-0.1714041,-0.1096299,-0.2153717,-0.3543576,-0.836861,0.3342861,-0.1663384,0.2256804,-0.02088958,0.4243971,-0.08143586,-1.485391,-0.6768407,0.2455946,-0.08275624,-0.4514242,-0.07012115,-0.4717008,0.02175814,0.02273303
-0.06387861,-0.4266689,0.04314914,-0.0001287246,-0.129993,-0.03061566,-0.05942781,0.1697274,0.1664452,0.6619611,-0.003484572,0.1568507,0.1994336,-0.02091461,-0.3185639,0.1256437,0.06202834,-0.1771647,0.2360076,0.480122,0.04564427,0.6260585,-0.3099492,-0.2546455,-0.01156205,-0.2502349,-0.08419927,0.02892219,0.007118523,-0.1852617
-0.4625661,0.2367126,0.009929867,-0.09360403,0.2192132,-0.07952668,-0.4972296,-0.1517941,-0.3899664,-0.2116968,0.3580374,0.04803845,-0.1047559,0.04350253,0.04175169,-0.3697417,-0.03500468,0.4254225,-0.3319027,-0.06809392,0.3218586,-0.08801359,-0.2313112,0.08855038,-0.3931015,0.8518717,-0.4011418,0.2383687,-0.3833914,0.3086995
-0.499994,-0.04670662,0.2401279,-0.1548641,-0.044774,0.4278885,-0.1088658,-0.209935,-0.3746811,-0.4465837,-0.2709514,-0.4932705,-0.0184175,-0.3086121,-0.2414569,0.07991034,-0.1449216,-0.09801073,0.2594342,0.2192995,0.02951581,0.1173717,0.6986164,-0.1133117,-0.1672756,0.08157986,0.090159,0.1952794,0.09150833,0.1944168
0.1246384,0.003349478,0.2491621,-0.04658112,0.03011166,0.001318916,-0.01772944,-0.1390718,-0.3944135,0.7981653,0.1665086,-0.3745061,0.3478523,0.1303915,0.55756,0.4438006,-1.347305,0.3997628,0.2047348,0.0174576,-0.01248611,0.353348,0.2437629,0.4120395,-0.3381207,0.1577544,-0.4661703,0.7974848,-0.3304996,0.7090614
-0.2594142,0.03966058,0.07529434,-0.1991739,-0.2434343,0.3885427,-0.2219235,-0.338048,0.6795717,0.1719677,0.4571941,0.3669897,0.1014333,-0.3957958,0.929944,-0.1249322,-0.04025979,0.2228191,0.0001156633,0.04674845,-0.1896245,-0.213581,-0.120777,0.4046792,-0.3860753,0.1656525,0.2174135,-0.06124915,-0.07961041,0.004508555
0.1410006,-0.2128655,0.8069836,-0.4004014,0.3023909,-0.02758105,0.4434385,0.03114718,-0.698432,0.3062035,-1.260163,0.08796442,-0.01582028,-0.05481273,0.4828215,-0.0520944,-0.974082,-0.08607727,-0.3312016,0.1493279,-0.2996166,-0.370212,0.1728947,-0.2224679,-0.05204219,0.2717056,0.1924126,-0.7555672,1.020733,-0.08364592
-0.01543766,0.1671686,-0.1101693,-0.1640075,0.02452288,-0.4306359,0.4500843,-0.6861736,-0.4312001,0.1901133,-0.2280355,-0.2670317,-0.4174712,0.379443,-0.1090586,-0.06397689,-0.1461259,-0.4679269,-0.09232707,0.3119373,-0.04644734,0.04451602,0.0484254,0.08338317,-0.0104629,-0.02194493,0.1429432,0.113775,-0.5359603,-0.04981452
0.1638624,-0.08613493,-0.3720111,-0.3912034,-0.1635682,0.02730452,0.01058511,0.5488345,0.01731283,-0.5182952,0.2460302,0.002028256,0.6473086,-0.05967162,-0.281704,-0.02369678,0.3347285,0.009054787,-0.4331005,-0.002609023,0.4019473,0.6420628,-0.06194776,-0.1353361,0.3540897,-1.000899,-0.07404274,0.1140341,-0.6976495,-0.003042277
;
0.1937153,0.1469633,-0.4845424,-0.3543487,-0.3869605,0.1774758,0.0577603,0.2574638,0.405458,0.6128892,0.03304595,-0.7876756,0.2873998,-0.3316301,-0.2060762,0.05052668,0.353036,-0.2957119,0.06750276,-0.06790481,0.4392954,-0.2277315,0.02229577,-0.03597516,-0.002654755,-0.3586854,-0.4235972,-0.3307443,-0.07199091,-0.08348402
-0.06591272,-0.2236905,0.270126,0.01158012,-0.1099081,0.5321702,-0.4694257,0.07899361,-0.1211555,-0.9894628,0.2127478,0.03869266,0.2672857,-0.04154061,-0.4997646,0.2503898,-0.2081381,0.06083101,0.4539002,0.1836707,-0.4866192,0.6430668,0.01511399,-0.103388,-0.1895301,0.2053031,0.04613736,0.06835133,-0.4447415,0.01029676
-0.05917001,0.04176217,0.1354951,-0.1939847,0.4849693,0.3343925,-0.2023398,-0.6235856,0.1731379,0.3098351,-0.2482848,-0.002502194,-0.4797467,0.4459647,-0.2473977,-0.3949081,0.05660409,0.02704948,0.001471638,-0.09284848,0.4528887,-0.1604943,-0.02901529,-1.338319,-0.1322361,0.3044895,0.5623978,-0.2259925,0.004052324,0.6936195
;
-0.0697889
-0.01212577
0.8564222
-0.02198971
0.02898845
0.02555832
0.000117899
0.4965591
0.4768828
0.1155404
-0.1424754
-0.2538418
4.365766
0.2586836
-0.3805043
-0.07767063
0.1879541
0.03572193
0.006289063
0.3956782
-0.4268774
0.05025699
-0.4810643
-0.6318461
-0.4232317
-0.1930744
0.4809703
0.4206872
0.1379276
-0.03416808
;
-0.03769678,-0.6270226,-0.419032,0.06626111,0.03815501,-0.377488,0.403582,0.2842934,0.5607301,0.007346262,0.8207626,-0.1173405,-0.3320003,0.08131624,0.156805,-0.3389215,-0.3603457,0.474236,0.1230854,0.1307821,-0.1967404,0.468112,-0.007250726,0.8359793,0.4296451,0.4631853,0.04460074,-0.2675987,0.6852391,-0.1118191
-0.07768451,0.006289676,-0.09177404,-0.7616693,-0.1355326,-0.3654635,-0.4651501,0.03367813,0.08475465,0.2580971,0.3961391,0.3456171,0.009118602,0.03475638,0.09519357,0.2025834,-0.8102397,0.27223,0.3110121,-0.001132529,0.04071073,-0.1192471,-0.5090579,0.08126536,0.203851,-0.5081812,-0.1385067,0.5233355,-1.644597,0.1147218
0.2901231,0.1770226,-0.3300075,-0.3157652,0.005002201,0.009200841,-0.3091539,0.2631549,0.08747488,-0.07622153,0.3730322,-0.1292272,0.1095534,-0.4257981,0.4109893,0.008994454,-0.1706884,0.2327781,-0.3493302,0.05334118,0.2293925,-0.4009338,0.003884508,0.156402,0.09952074,-0.4215484,-0.1574187,-0.03328189,-0.1562683,0.2318168
-0.01368223,0.03619033,0.08695652,-0.3006494,0.1208659,0.4374961,-0.3750644,-0.1098419,0.4549758,0.06352401,0.05805002,0.02178087,0.05610543,0.2830884,-0.04391354,0.3370959,-0.3766356,0.01154148,0.4425905,-0.05927843,-0.1837717,-0.2718355,0.08767963,0.1862999,-0.5264551,-0.02034498,0.3344547,0.3856503,-0.4015692,0.1428519
-0.08178259,-0.1527054,-0.3571144,-0.1506306,-0.02409199,0.5025201,-0.03477785,0.3292246,0.3176025,0.005343603,0.005278192,-0.6056287,0.2244996,-0.2857031,0.4578201,-0.04202494,-0.1911991,-0.3965074,-0.41247,0.003068645,0.415418,0.1565016,0.2931082,-0.1554951,-0.1352395,0.3720701,0.2727979,0.5200918,-0.1457219,-0.4358019
0.3427951,-0.2515539,0.1817589,0.2623943,-0.4686247,-0.6533104,0.3912202,-0.1957332,0.0009208647,0.01326075,0.1898891,-0.01377454,-0.0004923402,-0.1263625,0.4328616,-0.05429071,-0.02529755,-0.3322792,0.03544133,-0.133925,-0.5895585,-0.2626638,0.4218459,0.04282138,-0.5750347,0.13185,-0.130383,-0.3258039,0.2782933,-0.1165247
-0.1920557,-0.01857881,-0.001430939,-0.3405975,-0.8855782,-0.01766217,-0.4373619,-0.3459198,-0.03454216,-0.03575081,0.3628485,-0.4517008,-0.2896298,-0.04938982,0.3494043,0.7128059,0.0208471,-0.1999463,0.5624932,-0.272742,0.7530555,0.247372,-0.4246464,0.1936452,-0.3474615,-0.0115551,0.02612999,0.1781425,0.1495614,0.004728895
-0.6185817,-0.1501255,0.3020456,-0.1233711,0.3358221,-0.0003797156,-0.08521143,0.6862635,-0.1877399,0.3428194,0.7714853,0.2838676,0.1115569,0.0373686,0.05001158,-0.4916263,0.09492564,-0.06674337,-0.02661282,-0.09483128,0.03655869,-0.6694942,-0.1871517,0.03232904,0.289965,0.2742712,0.6336117,0.008780583,-0.04898208,-0.6288052
-0.2540561,-0.04258662,0.4009656,-0.0169661,-0.1543147,-0.2252708,0.09644312,-0.4143645,-0.08034939,0.2698578,0.07048321,-0.4090917,0.03395228,0.2869809,-0.003402149,0.1910827,-0.2297636,0.4589927,-0.03793588,0.009540975,0.1407562,-0.1042494,0.3147102,-0.1044095,0.1507044,-0.2262548,-0.2890439,0.02289454,-0.03856322,-0.1378186
-0.388272,-0.5256967,-0.04376137,0.3913417,0.0845179,2.043986,-0.4867543,0.1425552,-0.46647,0.5901503,0.4389288,-0.4455135,0.1848986,0.6094055,-0.1647485,0.4018121,-0.3958024,-0.5683537,0.4797676,-0.05555266,-0.4753631,-0.1691628,0.06007832,-0.4228086,0.2454456,0.351981,-0.1751729,-0.3384966,-0.4122206,0.1092001
0.3641792,-0.09404951,-0.01391488,-0.1081389,0.184285,0.1054991,0.01637541,0.8920184,0.3260202,-0.1576806,0.01082464,-0.09191356,-0.14342,-0.6863393,0.3428565,0.393558,0.03333704,-0.3107089,-0.005990708,0.009448884,-0.009844293,0.0627492,0.02559298,0.4769539,0.4634826,-0.1805849,-0.4752512,-0.03782042,-0.2958419,-0.1021671
-0.4391896,-0.03523821,0.001052312,0.2717623,0.2100357,0.1142075,0.4509804,-0.1563485,0.1084185,0.2383213,-0.2640666,-0.2634809,0.1445386,-0.038973,-0.08528452,-0.4315889,-0.2826071,0.1507986,-0.454886,0.05571598,0.1310626,-0.004642629,-0.7885157,-0.3840628,-0.4095089,-0.2087929,0.1522151,-0.2299052,-0.6858178,0.2975084
-0.1594794,-0.2933767,-0.08449318,0.2815467,0.01547651,0.4956219,0.0006589527,-0.2971553,1.270107,0.09681958,-0.3081365,0.02049013,-0.03503489,0.4682176,0.06416816,0.02981788,0.2319455,0.507891,0.00238198,-0.3273976,0.6144822,-0.2121421,-0.2275721,0.0412101,-0.0087945,0.3786567,0.08975486,0.3610828,-0.4951339,0.3560978
-0.1816952,0.02238273,-0.2294589,-0.4148163,0.2214579,0.03282183,-0.3537827,0.8810338,0.04554859,-0.3689576,0.002950391,-0.05934066,-0.1396678,-0.09206575,0.1182517,-0.4523767,-0.1314634,0.09770942,0.3532846,-0.07854149,-0.4117333,0.121527,0.1867886,0.100759,0.02277433,-0.3604763,-0.2079999,0.4144562,0.5350164,-0.1706115
0.374642,-0.2698569,-0.3159233,0.4460555,0.03812654,-0.4072749,-0.0253574,-0.0009047837,-0.003814021,0.1083397,-0.08218884,-0.1487852,0.07502717,-0.4890046,0.4961528,0.4633242,-0.3735293,0.3153004,-0.0003102191,-0.3113296,-0.3935967,-0.4326913,-0.3452228,-0.2957692,-0.05837382,-0.9436215,0.002434568,-0.3716646,0.6959845,0.3587191
0.04062706,-0.4493414,-0.1851823,0.7927855,-0.5567865,0.006235699,-0.01462369,0.2430919,-0.0411178,-0.0232974,-0.001329404,0.02783138,-0.235197,-0.37726,-0.06328255,-0.6510502,0.07985301,-0.08539981,0.1391331,0.2066996,0.03673656,-0.07284299,0.2582188,0.1983889,0.0150153,-0.2229166,0.361419,0.002296489,-0.07229263,0.04871012
-0.7582658,-0.06590325,0.1531249,-0.2479935,-0.03594275,0.2644168,0.330826,0.06962731,-0.3434316,-0.4999747,-0.0155983,-0.1648133,0.0711992,-0.0006435961,0.003409803,-0.02034777,-0.483844,-0.4102027,0.2410666,0.1232165,-0.3911549,-0.2072566,-0.4055932,0.05174611,-0.06537651,-0.7237996,0.5322507,-0.1853895,-0.4337021,-0.4173319
-0.1157816,-0.06679529,0.186708,-0.6338909,0.2900754,0.3885666,0.7413311,0.08164197,-0.1818584,0.4915515,-0.1729517,0.1634629,-0.1941178,0.4070684,0.1412613,-0.1113466,0.05588284,-0.14759,-0.3991908,0.3428514,-0.2696112,0.382004,-0.04524969,-0.001224748,0.3330019,0.1656034,0.2267979,0.05317425,0.09964502,-0.653303
-0.0393706,0.1956191,0.1202451,0.02193718,0.4901781,-0.08464321,-0.4112145,-0.725403,-0.07138356,2.282986,0.3916259,0.08881442,-0.06072778,-0.06113452,0.09557658,-0.05821032,0.2110449,-0.002999697,0.1442296,-0.1325899,0.08321515,0.1329968,-0.01436485,-0.4546559,0.1301044,0.2100273,0.156047,0.4567823,0.3375076,0.0297191
0.007638744,-0.001420647,-0.1004588,-0.04801556,0.4257954,-0.01639313,0.3389369,-0.1466812,0.3364867,0.4554758,-0.03002562,0.4306266,0.3891107,0.3061032,-0.0104666,-0.0001538472,0.01207596,0.1781967,-0.7324119,0.09722529,-0.4794937,-0.8404238,-0.09650713,-0.3000995,-0.423673,-0.7496596,-0.1175285,0.05054924,0.1203227,-0.3061196
-0.0815938,0.1910798,0.01947393,0.1189166,0.23629,0.4073672,-0.3143988,0.03404662,-0.02967125,0.6697354,0.1097116,-0.1376662,-0.1971299,0.008046259,0.4483626,0.09384578,0.01323298,0.1779149,0.3601575,-0.4744149,-0.1403218,-0.5384051,0.5149412,-0.4559624,-0.1179246,-0.4322367,-0.3361143,-0.4841329,-0.4196556,-0.0477154
0.01188662,0.314954,0.4765144,-0.4981912,0.5306927,0.2120572,0.2605681,-0.2207232,-0.0014879,-0.01760274,0.156369,-0.4943126,0.05455369,-0.2176568,0.3896241,0.1236044,0.1549514,-0.1122469,-0.3664517,-0.4021271,0.01273088,0.5462891,1.018219,0.3464708,-0.6535088,0.3338504,-0.1987756,-0.01914025,0.463539,-0.0404399
0.2120178,-0.02297006,-0.2825882,-0.33352,-0.141562,0.2743709,-0.4561268,-0.07856899,-0.005785927,0.4754664,-0.08492619,-0.4361809,-0.09099215,-0.7565519,-0.04370624,0.4836557,0.4924755,0.4130095,-0.00225395,-0.1417652,-0.102491,-0.06661028,-0.1168852,-1.049958,-0.4846095,0.04675926,-0.3388396,0.6864743,0.04794055,0.8870988
0.003505697,-0.2433901,-0.07173689,0.4405122,0.2454331,-0.06895781,-0.2860718,0.01216541,0.2602675,0.1824976,0.2245896,-0.01031883,0.01705949,0.1312611,-0.2541124,-0.008539021,-1.724418,0.4972748,0.01809853,-0.4036416,-0.2506435,0.7520548,-0.2879108,-0.2382358,-0.2396557,0.09087539,-0.3559941,0.08186692,0.09121852,0.4149269
-0.1951909,-0.1410891,-0.006153947,-0.05498594,-0.07153706,-0.111765,-0.005464556,0.3653071,0.02960783,0.2494397,0.2950395,0.4191221,0.005150974,0.05971523,0.1564973,-0.2638854,-0.04027367,0.07841831,-0.008916626,-0.009505694,-0.4703031,-0.2539142,0.2521808,0.08896885,-0.4136213,-0.1614694,0.1892793,-0.09742327,-0.1190361,-0.2221034
0.03099719,-0.04578849,0.041297,-0.5456978,0.4374514,0.1388879,-0.3344634,0.3908554,0.04785292,-0.04189928,-0.8794929,0.1081794,0.633153,-0.2695351,-0.1770008,-0.1505567,-0.003007673,-0.3261294,0.4576263,0.2560288,0.2077695,-0.01200448,0.9123337,0.01939676,0.3970457,-0.1111514,0.6551325,0.01809938,-0.5007392,0.01274868
0.04020363,1.102851,-0.3774654,-0.006096144,-0.1581933,-0.144832,-0.4660344,0.0782997,0.2635466,-0.4337383,0.008153643,0.1418162,0.3853773,-0.2954543,-0.008842512,0.1363631,0.1006537,0.1308458,0.07931237,0.2397632,0.01138342,0.1088471,-0.007975392,0.0418498,-0.4783624,0.5113646,-0.05011302,0.4305239,0.2633505,-0.4835367
0.678938,0.04912608,-0.153819,0.05048438,0.05534784,0.05543437,0.3086668,0.1129748,0.3304751,-0.4683439,0.3620677,0.1158232,-0.04232262,0.05770868,0.3590333,0.1428839,-0.1094531,-0.02100352,0.247529,-0.1242796,-0.1894669,0.04854949,-0.1740828,0.2773718,-0.4147407,-0.05453509,-0.6749087,-0.008891679,-0.09384209,0.9238417
0.1974627,-0.02112049,-0.4265492,0.4576938,-0.5373118,-0.06911403,-0.1056296,-0.4953942,0.4620124,0.5719835,0.3106351,0.4109522,-0.02511209,-0.313473,0.1050772,0.08626455,-0.0811886,0.2057546,0.2142889,-0.09855622,-0.06998042,-0.08652391,-0.4426067,0.05985502,0.2507801,0.2470604,0.338231,-0.1499818,0.5822425,0.205716
0.3212992,-0.3243243,1.552276,-0.2149315,0.03496159,0.4373927,0.06250598,0.1396081,-0.01251423,0.01810473,0.8028984,-0.3769661,0.06720013,-0.02105183,0.2730715,0.4072142,-1.035583,-0.2044145,-0.1427914,-0.5459275,-0.9581113,-0.1070852,-0.3404744,-0.2932298,-0.2430242,-0.1546922,0.301826,0.2205786,-0.3221998,0.05872048
;
-6.428528E-05,0.2118564,-0.03561201,-0.1393214,0.6342812,0.2329482,0.1549124,-0.212895,0.1233669,-0.09843972,0.739461,-0.1124741,-0.2037521,0.06206903,-0.526834,-0.04131126,0.03879558,0.2097794,-0.4798832,0.4595462,-0.9322717,0.4579774,-0.0952369,-0.1275843,0.0127097,-0.1109633,-0.2027142,0.3723347,-0.1198582,0.003819204
0.2647059,0.4703171,0.385946,0.2222054,0.4684467,-0.1055754,0.09097806,-0.1903014,-0.0348288,-0.3690157,0.1145666,0.5120661,0.0594359,-0.1642615,-0.01996404,0.0424088,0.03244644,0.2313345,-0.2050263,-0.557672,0.2326946,0.00250215,0.414324,-0.5542069,0.1895653,0.1821246,-0.4369394,-0.001040404,-0.3787041,-0.232373
-0.3924426,-0.1943052,-0.04018323,0.1268628,-0.8763286,-0.4439439,0.4250472,0.1941606,0.1742042,-0.1232918,-0.1100974,-0.0523258,0.1682215,-0.201199,0.01954533,-0.2204649,-0.3923513,1.197495,0.1944833,-0.3857207,-0.1157632,0.1933032,0.01484855,0.2288395,0.00324156,0.06945223,-0.3030218,-0.1088768,-0.2549734,0.1487454
;
0.05691326
-0.3090857
-0.1190712
-0.08397389
0.02544992
-0.001057633
0.4992169
-0.2041483
0.1866586
0.4075615
-0.03904739
-0.8756855
0.3214635
0.0231728
-0.4615874
0.008820646
0.2190362
-0.3430816
0.254486
-0.4045265
0.11168
0.4772062
-0.4529063
-0.006548272
0.2010522
-0.4995176
-0.1956242
0.1402703
-0.3748574
0.4383755
;
0.02362701,-0.3675481,0.3058455,-0.4629113,-0.09304919,0.1461003,-0.5941353,-1.082738,-0.2505,0.5749517,-0.3664436,-0.09968869,0.06132811,0.1073964,0.05854622,-0.1321272,0.5415815,-0.1651624,0.2397146,-0.1738127,0.23253,0.3848809,-0.2991196,0.1886989,0.09453863,0.1297486,-0.1421494,0.1259659,-0.2883353,-0.02515667
-0.3682318,-0.4289814,-0.1624162,0.04328269,-0.3338201,-0.3147345,-0.02736328,0.06129467,0.0004301518,-0.06023933,0.07173236,-0.7766665,0.1021211,0.3001491,-0.03639058,0.5427718,-0.489364,0.8021708,0.009356439,-0.1725111,-0.3622357,-0.05148703,-0.3578967,0.0336954,-0.1730596,-0.1658953,-0.3650723,-0.2165055,-0.1142337,0.112525
0.1026867,-0.1002833,-0.2736743,0.09163648,-0.6195175,-0.2742601,0.3443929,0.04668873,0.3987603,-0.4486932,0.001845844,0.02606654,-0.2427033,-0.3073571,-0.2662359,0.07213178,-0.1241134,0.3719795,-0.1569615,-0.0543819,-1.060665,0.002163987,-0.2939975,-1.830453,0.1261545,-0.006621871,0.4334538,-0.4662778,0.07458176,-0.764897
-0.27661,-0.4155167,-0.01277582,-0.005523338,-0.1298418,-0.1470444,-0.02193853,0.1694147,-0.08201151,0.3321329,-0.03569442,0.4764049,-0.2464801,-0.2585051,-0.0991241,0.009696305,0.4227463,-0.2439243,-0.002299607,-0.0782041,-0.3962672,-0.4219394,0.1412622,-0.073899,0.2229842,-0.06946892,0.3829659,-0.066558,-0.3085879,-0.05068856
0.5874572,0.6692281,0.527515,0.3932101,0.3368472,-0.128509,-0.02358811,-0.0006802455,-0.4210924,-0.5999728,-0.4592866,0.2448497,0.1125511,-0.02160317,-0.06434399,0.1882235,0.3567849,-0.01728113,-0.4722416,-0.1784289,-0.07429841,0.001601018,0.04701191,0.08896594,-0.02713456,0.4913845,0.2354905,-0.08607036,0.04369188,0.007590711
-0.369131,-0.2054356,-0.07612044,-0.2146195,0.2415402,-0.2833301,0.4024516,0.1292918,-0.4389024,-0.03222138,-0.1371513,0.1969153,0.3542501,-0.2564315,0.599219,-0.1587393,0.02475549,0.3526744,-0.7170142,-0.1460583,-0.04642562,-0.1054403,0.02436005,-0.03134205,-0.3451278,-0.09690715,0.288958,0.3575392,-0.7233533,-0.1377057
0.355974,-0.1306372,-0.4518096,0.1988411,-0.1965634,-0.3524274,-0.3683422,-0.5697454,-0.140434,-0.3271747,0.1202323,0.4012229,-0.004611254,-0.2985229,0.02932344,-0.3536679,0.04344746,-0.06081139,0.4079486,0.09530924,0.02995514,-0.1971404,-0.002633035,0.436887,0.4011696,-0.05339947,-0.4579294,-0.08258408,-0.04460301,-0.439942
-0.04605978,-0.2953838,0.4534889,0.6846797,-0.0873628,-0.4370856,0.02759453,-0.2769043,-0.5800146,-0.2000443,-0.4993115,0.4114578,-0.006837308,0.4972677,0.3203022,0.3750306,0.1079367,0.3153863,-0.08894876,0.262496,0.2654927,-0.5037134,-0.4126838,0.02873337,0.1932608,-0.3172799,-0.1217459,-0.3018549,-0.00851886,-0.5188663
0.0003907122,0.22758,-0.05652255,-0.09490822,0.4950442,-0.2298405,0.199833,0.1534252,-0.01946646,0.367555,-0.01929262,0.0215575,0.5254699,1.956518E-05,0.01880301,-0.4001896,0.7731476,0.0002046756,0.3369682,-0.02534301,-0.5326127,-0.281851,-0.431172,0.1837172,0.1530049,-0.2663963,-0.2643158,-0.3161216,-0.2657949,-0.2662146
0.343946,0.135512,0.2280049,-0.07421881,0.1403705,-0.4987689,-0.008221862,0.3652687,0.389431,0.4526575,0.04129714,-0.01328808,-0.2552173,-0.3900944,0.2150634,-0.2535336,0.3616655,-0.1849163,0.4688413,-0.2527335,-0.3433155,-0.3533757,0.2716641,0.5096883,-0.02262055,0.1326877,0.8218059,1.267738,-0.9645319,0.04063875
0.4702814,-0.005663995,-0.1488115,-0.2889074,0.06958783,-0.1908595,0.04406983,-0.3929194,-0.2558339,0.005722533,-0.4614397,0.0022508,-0.2776228,-0.1689644,-0.1548928,-0.8688226,0.6121536,0.04121697,0.2312587,-0.0009356347,-0.3392668,0.2625795,0.106997,-1.106165,-0.2675087,-0.6233565,0.2290663,-0.1203898,0.02626563,-0.1603162
-0.4513285,-0.5273943,0.0002798961,0.656568,0.05786278,-0.2579027,0.3282557,-0.3443647,-0.3757629,0.2947875,0.392329,-0.08524984,0.1562306,1.013507,1.073038,-0.03527343,-0.1618272,-0.1279051,0.03608251,0.2380391,-0.0887247,0.2592811,0.09338377,0.07420005,0.05325622,-0.09767155,0.2972319,-0.3899504,0.1404101,0.005355299
-0.002790169,-0.01729643,0.7591289,0.009573133,-0.5041054,-0.6307422,-0.1751212,-0.2036657,-0.4629779,-0.4118426,0.007491881,0.3235326,1.004332,-0.5280527,0.373742,0.004406154,1.072792,0.001294398,-0.02302283,-0.459221,0.1895127,-0.06802326,-0.2442317,-0.1924533,-0.04998834,0.062105,-0.2010428,0.5336136,-0.3800904,0.05291897
-0.4811566,0.3006716,-1.759108,0.4963417,-0.9396533,-0.1807617,0.04473614,-0.002960503,0.06558391,0.2223769,-0.1721649,0.03288458,0.05512124,-0.4602465,-0.0008456277,0.462037,0.2444938,-0.04302698,-0.4635414,0.1614023,0.1358676,-1.026833,-0.4151603,-0.002506956,0.2549469,-0.2373537,0.3870285,0.09079091,0.1415458,-0.2620867
-0.2389773,0.2687805,0.6129969,-0.08272332,0.5482487,0.2657934,-0.7141708,-0.01647153,-0.4052014,-0.3617783,0.05930656,0.223888,-0.4841915,0.02122539,-0.02425477,0.7021734,-0.2606523,-0.7421749,-0.323577,0.002329975,0.1867499,0.1616621,-0.2473122,0.06377354,-0.4988871,0.2749351,0.01557816,-0.4862864,-0.4752766,0.5382879
0.01327442,-0.7051936,-0.310123,0.3624807,-0.002076237,-0.7703666,-0.08722497,-0.5162393,0.02829817,0.310875,-0.4816597,0.01554341,-0.1442696,0.0936627,-0.3238791,0.07134052,-0.03342042,-0.1543285,-0.03248206,-0.2538146,-0.3169725,-0.6000439,0.1864719,-0.5799633,0.03662464,0.5520471,0.4419636,0.1643762,-0.113853,-0.07248914
-0.1089188,0.4028172,0.01009221,-0.05820679,0.1858171,-0.9516509,-0.495059,0.09542494,0.3419672,-0.02084466,-0.01867222,0.1892907,0.4169264,-0.03610615,-0.4778489,-0.005987122,-0.1191215,-0.2098794,-0.01142239,-0.003100781,-0.1089404,-0.3006167,0.5299637,0.3859411,-0.0001528981,0.7255493,-0.3254659,-0.1052563,0.1339071,0.4644349
0.1793871,-0.2301395,-0.07361504,0.4997473,0.04535844,-0.3201055,0.06571165,0.06017381,-0.04249618,-0.370433,0.0008917737,0.4260395,0.002392562,-0.3828874,0.3859779,0.1326568,-0.3421916,-0.7901698,-0.002946454,-0.2448688,0.04235199,-0.2094582,-0.4851536,0.01881009,0.007432131,-0.749087,0.1104401,-0.1051596,0.6967786,0.443599
-0.2333224,0.2946479,0.02945453,-0.03169522,-0.2163299,0.1692791,-0.3045098,-0.2631842,-0.2345484,-0.392164,-0.1031458,-0.02284199,0.1217775,-0.4510223,-0.08907229,0.4673505,-0.1309098,0.06846372,0.009548366,-0.2867887,-0.1177073,0.06128067,-0.0003038638,-0.4630057,-0.4328682,0.1821781,0.01053712,-0.621828,-0.2288869,-0.2508895
0.118718,-0.344411,-0.4033577,0.1518831,-0.1428439,-0.3788011,0.1071836,0.02335512,-0.1459975,-0.2992244,-0.4096181,0.06012851,0.1185258,0.2605367,0.5845929,-0.05694517,0.3831147,-0.05793383,-0.1228252,0.006347273,-0.2239296,0.01627908,0.3321903,-4.407819E-06,-0.06879225,-0.1302496,0.1787389,0.3736563,0.01215046,-0.6633604
-0.09918433,-0.1056716,0.1036701,0.2369903,-0.4618909,0.2855878,0.2195298,-0.5752559,-0.2293091,0.365678,-0.1284541,-0.1299044,0.03779608,-0.004412669,-0.1576083,0.000912032,0.03713087,0.3629492,0.5012457,-0.1567594,-0.1029349,0.4195697,-0.05527109,0.2288824,0.09281124,-0.492613,0.005510747,-0.07804161,0.07172304,-0.04293025
-0.1060658,-0.4983979,-0.2480858,-0.2788226,-0.3057736,-0.1266063,0.4425231,0.4324331,-0.4569936,-0.056696,0.2794733,0.001007598,-0.00984011,0.7453612,0.1553608,-0.4345894,0.8005479,0.04911827,-0.3704112,-0.04151859,0.1803378,-0.5383725,-0.1584002,-0.4519951,0.01277526,0.3339775,0.0479973,-0.6466988,-0.04229928,-0.05749991
-0.183459,0.0708892,0.3455338,0.09938885,-0.1464272,0.3467726,-0.1679729,-0.1108245,0.2586017,0.1557461,-0.06603706,-0.03999168,0.0853127,0.3088415,-0.1907576,-0.05152913,0.3150108,0.4514704,-0.1718031,0.1266126,-0.2004525,0.3769946,0.2150086,0.4263327,0.01775294,0.2267773,0.8291046,0.2400523,0.00720357,-0.2007751
0.3574709,-0.01733485,0.2419446,0.2902194,0.2882238,0.07192732,0.1669609,0.001778543,0.0325967,-0.3277506,0.3654737,-0.1552444,0.4646325,0.422938,0.4699427,0.1152031,0.134314,-0.458905,-0.1007509,0.2549947,-0.2494468,0.1377158,0.1163958,0.02010518,-0.003219387,0.6037236,-0.1197364,0.1965604,-0.1073771,0.393283
-0.03898623,-0.1523478,-0.2559922,0.2023997,0.180102,0.07223302,-0.03533098,0.4649878,-0.03819209,-0.01978535,-0.2932736,-0.001200057,0.05039811,0.3438632,0.0008765712,-0.3840679,0.07449013,-0.4297861,-0.2168389,0.2588513,-0.2294861,-0.4296702,0.06931152,-0.3367683,-0.01379472,-0.3064767,-0.4399026,0.08361223,0.2739675,-0.4902456
-0.07477172,-0.2834679,0.3796083,0.1450081,-0.0431357,0.3615752,-0.01087324,-0.8833923,-0.691916,0.4152966,-0.1699864,0.909413,0.7846168,0.8043945,0.4041289,-0.3871591,-0.3370835,-0.01021902,-0.5413977,0.622009,-0.04375811,-0.4862786,0.02469967,0.4169461,-0.1620938,-0.07685272,0.01464399,0.5020778,-0.001190974,0.07794827
-0.4973462,-0.05132037,0.3294466,0.02969425,-0.3765092,0.01702297,-0.2472354,0.8907643,-0.05781039,-0.3996814,-0.1220098,0.1652314,-0.09935042,0.2231208,0.004196859,0.3279885,-0.01754798,0.166549,0.003069052,-0.01938075,-0.1907802,-0.2729887,-0.1055323,0.2559609,-0.001910314,0.09866891,-0.07882005,0.6068147,0.1491618,-0.7294905
0.03071266,0.3508461,-0.2642046,-0.407933,-0.2399164,0.001374974,-0.00946128,0.2322399,-0.3368089,-0.1325132,-0.2572434,0.3300492,-0.2008673,-0.2537589,0.4742681,-0.005956046,-0.05029652,0.1440828,0.3716186,-0.3794503,0.1062202,-0.1547151,-0.5866064,-0.01131314,0.1225033,0.006003345,0.01843793,0.2819816,-1.238044,0.06889278
-0.1311199,-0.3083541,0.09554466,-0.02916476,0.01585568,-0.3703487,-0.04260473,-0.6801209,0.3277928,0.05389668,-0.3096684,-0.2302454,0.3297923,0.4316494,-0.1776645,-0.04743111,0.3770549,0.3142023,0.06300408,0.2023502,-0.2791884,0.3962243,-0.07925753,-3.937415E-05,0.1809575,-0.01609164,0.8454724,0.1306663,-0.3773246,0.2527816
-0.5422024,0.2640927,0.4603462,0.1030412,-0.4450932,0.146628,-0.4330138,0.6660984,-0.2618718,-0.1917369,0.01734274,0.8104328,-0.02913792,0.4519149,0.08230033,-0.4401659,0.3962949,-0.007540052,0.5615101,-0.437287,0.02010878,-0.3583456,-0.07602854,-0.4461131,-0.9107358,0.08379566,-0.06240676,-0.1436404,-0.7712202,0.2563353
;
-0.4993552,0.07224356,0.1589979,-0.09538096,0.002888334,0.08708987,-0.007354796,-0.2598664,-0.3795756,-0.2222422,0.349937,0.003065605,0.03154504,0.08473911,0.05903476,0.0001557978,0.3730072,-0.09028208,-0.07308887,-0.5943381,0.1206402,0.4214231,-0.02825648,0.2197051,0.4632334,0.007566434,0.3391281,0.6768566,0.119738,-0.06770462
-0.5044937,0.05761033,-0.03153545,0.04746237,0.03589429,-0.0002772453,-0.3414583,0.2164821,0.0415842,0.2562481,-0.1834826,-0.4269273,-0.001336758,-0.06190878,0.1163829,0.005287826,0.1594754,-0.1709242,0.3527082,0.3506685,0.1402724,-0.339341,0.09220523,-0.06382821,0.2942109,0.4134481,-0.06112391,-0.4583629,1.140738,-0.09949106
0.2585207,0.4394703,0.2615637,-0.1962207,-0.09771843,-0.1941786,-0.002227069,-0.07854851,-0.2585683,0.1666517,0.1076514,-0.06648093,0.4700679,0.1645827,-0.2220759,0.4990443,0.1304005,0.04770698,-0.0709143,-0.02517798,-0.2349449,-0.2422874,0.4390548,-0.46461,-0.01002592,-0.6336823,0.01320141,0.1233516,-0.216034,-0.2595816
;
