-0.2219035
0.05034584
-0.0837141
-0.4855996
0.4723047
-0.1286373
0.4560946
0.2959985
0.3446774
0.1592886
;
-0.2459465,-0.4394888,0.196599,0.01602,-0.08905393,0.1640591,0.4450126,0.4043015,0.2707806,-0.1139221
0.03602463,0.4812562,0.3936437,0.1873714,-0.1298125,0.005655706,-0.1485552,0.1000296,-0.469111,0.1982338
-0.1268085,0.2352943,-0.2173048,0.2304848,-0.4555269,-0.2156785,0.4712518,-0.1004366,-0.04844195,-0.03079051
-0.4027208,-0.07452542,-0.3218135,-0.4655355,-0.4749284,0.3971393,-0.4728361,-0.2505388,0.1095302,-0.3886925
0.193956,-0.4527218,-0.2281139,-0.09516498,-0.2430812,0.2667713,0.2571765,0.2888871,-0.03855437,-0.21841
-0.3512034,0.3307128,-0.3886691,-0.4992964,-0.4297307,-0.4635764,-0.1186314,-0.09694582,0.4270762,-0.2071646
-0.3555597,-0.05615133,-0.135735,0.2510411,-0.3241454,0.1612638,-0.4899031,0.07735091,0.1079332,0.1356184
-0.04997379,0.4408263,-0.1358796,0.09965509,-0.1009666,-0.413113,0.4025259,0.05782801,0.3821243,0.4720976
-0.3236195,-0.01499552,0.6370751,-0.08243078,-0.4769,-0.1435944,0.3246174,-0.3629781,0.365695,0.05184823
0.4018698,-0.2948055,-0.2878146,0.192103,-0.3268806,0.1444895,0.1421853,-0.3913194,-0.1467624,-0.3054359
;
-0.3313011,0.1934365,-0.09568673,0.15433,-0.3161094,0.1769919,-0.362506,0.446926,0.22066,0.09950608
-0.211963,-0.001646459,-0.465212,-0.0008146167,-0.4168934,0.2845838,-0.1213891,-0.2035198,0.4895332,0.09554356
;
0.01447295
0.4413929
-0.03229069
0.3310285
0.5132973
0.1228105
0.0706223
0.05445671
-0.4102393
-0.01589834
;
-0.07100738,0.0005453475,-0.1314435,-0.4308295,-0.851752,-0.7532117,0.3282378,0.9040396,0.004092101,-0.2558648
-0.3739635,0.302974,-0.003907681,-0.4719659,0.2823758,-0.01438634,0.6263687,0.04000208,-0.07658346,0.4394937
0.3153341,0.2778025,0.1056276,0.2837824,-0.3338767,0.05920647,-0.2265696,0.3496977,0.4389458,-0.3150462
-0.1424927,0.0571693,-0.1096511,0.3857213,-0.02075499,-0.1082283,0.1195677,-0.2410869,0.1093989,-0.4787732
-0.07701689,0.006308088,0.5958571,0.3639629,0.05512514,0.1223971,0.4199259,0.4641129,0.3880566,-0.2849398
-0.2773109,-0.07099503,-0.3038355,0.4592401,-0.0006022236,-0.002828651,0.07867908,-0.007915275,0.01934105,0.3778755
-2.114654,-0.1946965,-0.0798566,0.2367031,0.1457304,-0.1392631,-0.1524397,0.4365152,-0.5166169,-0.00891872
-0.0004970926,-0.07354391,0.0162075,-0.4993824,4.754299,0.6316583,0.02822837,0.6750379,0.4868933,-0.2570356
-0.1644984,-0.2951103,0.591924,-0.2343637,-0.04883486,-0.2580696,0.06165826,0.4784648,0.4117461,-0.2035548
-0.1925123,0.05404616,0.5537846,0.008509913,0.1732155,-0.1878825,-2.889118E-05,-0.3303998,-0.3737366,-0.009406635
;
-0.1776148,0.001981727,-0.01656178,0.1885105,0.4914839,0.206778,0.2951313,0.4296795,0.3670231,0.1674816
0.1719123,-0.06014754,0.02588214,-0.4851722,0.02072333,-0.01368397,0.2628269,0.03610283,-0.4477242,0.1576794
;
0.2085712
-0.2754955
-0.2677033
-0.002685682
-0.4375216
0.2371106
0.001477343
-0.05116725
-0.4964147
-0.4933726
;
-0.003889515,0.0006740313,0.04597035,-0.2522104,-0.8115237,-0.1309951,0.1226479,0.007151807,-0.371144,0.05501795
0.4510233,-0.2870349,-0.5627044,-0.3515723,-0.1017889,-0.07134646,0.08662187,-0.1404159,0.481418,-0.2987021
-0.1195848,-0.05309974,0.03152603,-0.1415929,-0.0327733,-0.7005052,1.042466E-05,-0.4212894,-0.2330198,-0.1174135
-0.01301975,-0.5693319,1.722957E-05,-0.3851455,-0.05396229,0.002445167,-0.00275743,0.2397918,-0.09602684,-0.02860042
-0.2658778,0.06648206,-3.757323,0.3861715,0.4675685,0.03242264,-0.4217899,0.1735865,0.2277305,0.2726285
0.8726642,-0.00823999,0.1914266,-0.1579354,0.3755983,-0.03430063,-0.03709267,0.1464068,0.1929221,0.04570563
0.2780589,-0.4782097,0.491092,-0.950117,-0.03693781,-0.2905071,-0.02784815,-0.06715146,-0.2493708,-0.1066834
-0.1455908,0.003381552,-0.4502435,0.07561129,0.006139273,0.6534101,0.1988097,-0.09796812,0.001391285,0.03893393
0.4396009,-0.0189612,0.01917499,-0.2484111,0.4346091,-0.03413006,0.6919987,0.0007364823,0.02895594,-0.5499884
0.1277733,-0.8283592,-0.1330532,-0.3361885,-0.06560144,0.046463,-0.07132132,0.5248898,-0.1763961,-0.4735264
;
0.003701149,-0.579239,-0.1753883,-0.004897124,0.08077005,-0.4598616,0.3380569,-0.01740418,0.8778471,0.1950166
5.991754E-07,0.24756,-0.1363297,-0.7198365,0.100324,-0.1761069,0.0001898408,0.008123503,0.3157058,0.2845392
;
0.1887709
-0.1192584
0.09626789
0.001297799
0.09997743
-0.02394423
0.1754233
-0.1263219
0.00176665
-0.2815037
;
0.02803235,-0.211327,0.2351562,0.281488,0.2675068,-0.6776596,-0.02537795,-0.04381631,0.5733192,-0.1402164
0.2088465,0.01037104,0.1178313,-0.01585418,-0.09396725,0.6771738,0.09553384,-0.4969767,0.05980941,0.2690061
-0.05753752,-0.2398995,0.4832276,-0.1606873,0.118497,-0.05728656,0.05797861,0.4296457,0.1375856,0.4956427
0.1910393,0.02673255,0.02543604,0.4261366,-0.0006972251,0.02793079,-0.4018831,-0.07408429,-0.04340458,-0.04150623
-0.007168105,0.2743389,-0.04604509,-0.1923364,0.0276973,-0.3445143,0.4876744,0.167394,-1.770914,-0.1398535
0.09066349,0.008984953,0.1506824,0.4585299,0.1040656,0.1610352,-0.5671888,0.1536626,0.001056304,-0.5363242
0.1947628,0.1206653,-0.0002764178,-0.01046509,0.3622962,0.02347354,-0.07468265,0.4967238,0.3424068,-0.2401744
-1.038103,0.1952785,0.09949571,0.008536105,0.01453906,0.1672935,-0.4584996,0.145986,0.1382884,0.1022516
0.0350637,0.3769213,0.02043399,0.01111634,-0.03266874,-0.02974363,-0.1508953,0.07965786,0.1823413,0.3685092
0.139525,-0.427176,-0.04046875,-0.02499276,0.3719406,0.01713954,0.4285032,-0.1750138,-0.4524822,0.05151131
;
-0.2763284,0.5097576,0.5030687,0.03762912,-0.1317415,0.007234334,-0.219533,0.3247552,-0.03888886,0.861226
-0.330212,0.002042862,-0.258253,-0.2241936,-0.4164984,-0.1949508,-0.1321936,-0.1312456,-0.4547585,0.04203515
-0.7255968,0.7075308,0.08695556,0.2441035,0.3141781,0.3251978,0.3857116,1.467296,-0.3593066,-0.004435607
;
-0.01492891
-0.1717928
0.2032183
0.007597586
0.3704071
-0.490128
0.3728782
-0.08221132
0.006684708
0.2802936
0.3574857
-0.07473501
0.2667862
-0.2329068
0.2557501
0.2739557
-0.05507538
0.07164362
-0.05133241
-0.1981189
-0.008964717
-0.5544709
-0.5411785
0.1356069
-0.3070755
-0.01768917
0.01249274
0.3761351
0.001018514
0.3963775
;
0.01296911,-0.1907632,-0.08415908,-0.0007384419,-0.1664296,-0.1642301,0.4756154,0.05873965,-0.5147084,-0.01178576,0.3802719,0.04583436,0.02026589,-0.1333702,0.2370193,0.1233371,0.02009683,0.04570362,-0.07060089,0.08581159,0.0183626,0.213909,0.1134938,-0.03946224,-0.6113098,0.01135524,-0.4198431,0.9429584,-0.06179324,0.01046455
0.04597643,-0.008525573,0.1576032,0.003869983,0.1378392,0.06052556,0.1173161,0.4251803,-0.1821738,0.3503051,0.3186232,-0.3078421,0.1980499,0.04016002,-0.01238497,-0.2479475,-0.03367982,-0.135934,0.1840306,0.03340377,0.03703065,0.1421884,-0.1110747,-0.07254165,-0.4207566,-0.6939299,-0.09568332,0.0135207,0.1195776,-0.1638826
-0.1502348,0.07250525,0.00229461,0.4136914,0.3943957,0.01768518,0.3997712,0.06130463,0.4124477,-0.3291405,-0.2152157,-0.02318001,0.03906117,-0.003793755,-0.3600231,0.5462912,-0.6000437,-0.2870587,0.4494173,0.168656,0.07076554,-0.1867743,0.08832186,-0.127468,0.1605388,-0.06458034,0.2492532,0.3265677,0.01214748,-0.4002705
-0.5035496,0.3039706,-0.001227076,-0.9367703,-0.001674928,-0.0167783,0.01140076,-0.5330968,-0.1820211,0.6010771,0.2130374,0.2685915,-0.4866734,0.004471828,-0.3329551,0.8364925,-0.02517623,-0.3763586,0.0729354,0.5007496,0.01894686,-0.3234731,0.245292,-0.1900651,0.2233436,0.01079267,-0.01309397,0.0006700557,-0.1461316,0.06350547
-0.1327737,-0.006040315,0.09772226,0.1043788,0.2882713,0.3793194,-0.1322091,1.313841,-0.2616167,0.0444789,-0.124194,0.1335651,-0.1177752,-0.2321661,-0.008526443,-0.06858407,-0.02627973,0.2005926,-0.5025827,0.3201112,0.03891883,-0.04679873,0.4109983,0.5047864,0.2517169,-0.005641439,-0.05010623,2.056006,-0.08450542,0.23988
-0.1093554,-0.003415166,-0.002285846,0.01779026,0.01899399,-0.1611527,-0.07005411,0.9291176,-0.2538871,0.1959551,0.05047566,0.1230929,-0.2221723,0.0004888723,0.007447541,0.2928185,0.4140405,0.5403199,-0.1329134,0.1505138,-0.4597026,-0.295122,0.2160504,-0.3936717,0.292212,-0.08486065,-0.4547235,-0.606904,0.06743646,-0.1821647
-0.06100562,-0.8513418,-0.04857884,-0.3496484,-0.3980471,0.4427695,-0.04284284,-0.0009362286,0.2659917,-0.1928744,-0.002800385,0.3167955,0.02874273,-0.2355773,0.1075099,-0.1949249,-0.06566339,0.8144993,0.3430726,-0.3018626,-0.09068457,0.004646804,-0.2677284,0.2814761,0.02083141,-0.002516001,0.3383253,-0.004426606,0.05304056,-0.7827094
-0.004271318,-0.1021333,-0.005533956,-0.224344,0.3075,0.1033041,-0.007327457,-0.3315607,-0.1358443,-0.2153119,0.1060669,0.3141422,0.1777984,-0.0937091,0.05906256,0.0853073,-0.4343019,-0.3215172,-0.125551,0.2801952,-0.2112018,0.2902912,0.1043572,0.1110114,-0.1203427,-1.538899,-0.4470118,0.5409932,-0.02771077,0.006885003
0.02780789,-0.2743402,-0.0660509,-0.2407815,0.06765185,-0.1162973,0.3331647,0.07044762,-0.1893798,0.04332591,0.4834895,0.06275906,0.2033899,0.01067441,-0.01714657,0.222854,-0.1763851,-0.0001836758,0.02320133,0.03947037,0.1140187,0.07448941,0.4336631,-0.2172508,0.0748532,-0.4803906,-0.2893558,0.002672003,-0.469076,0.006782575
-0.3250693,-0.04929534,0.3060088,-0.02530962,-0.0259766,0.0589167,-0.2629973,-0.003364326,0.3049009,-0.02517655,-0.02242836,0.01880633,-0.2328212,0.2395009,-0.3766507,-0.2735155,-0.01054005,-0.3169427,0.4029942,0.1956156,0.1583999,-0.2058459,-0.03756195,-1.182799,-1.126979,-0.06880344,-0.2754655,1.458556,0.1774369,-0.3144122
-0.4871676,0.2507232,0.2310657,0.01206257,-0.04945755,0.1541965,0.04179758,0.1000098,-0.05111425,-0.02670941,-0.008823931,0.02557846,0.3067486,-0.3971012,-0.03726071,-0.04074432,0.02163341,-0.4073223,-0.2394032,-0.08842704,0.9193467,-0.01343247,0.266833,0.07140166,0.2204038,0.3683397,-0.0965541,-0.00121212,-0.4319351,-0.0670879
0.01471605,-0.3503806,-0.4510628,0.8255066,0.224516,0.2451656,-0.2527225,-0.1148129,0.01016123,0.01449207,-0.0001136232,-0.4785602,-0.1589959,0.004177264,-0.2625409,0.005478818,-0.1687231,0.2840249,0.9647138,0.7017205,0.07283802,-0.0009685606,0.9984044,0.2107728,-9.366124E-08,0.02693178,0.008118119,0.2845345,-0.3805412,0.003935453
-0.3141544,0.03386921,0.5686094,0.3789673,0.0005183596,-0.391336,-0.4478347,0.05097906,-0.1918622,-0.2204386,0.007205546,-0.002341768,0.2578483,0.1156901,-0.07097036,0.380244,-0.04774619,-0.2774898,0.06818025,-0.304501,0.2717241,-0.5759647,0.08364,0.7338496,0.151043,0.2559972,0.02021448,1.464376,0.4569225,0.0730391
0.03829272,0.05014521,-0.1354965,0.01193915,-0.01037423,0.08954473,-0.04356509,-0.08550134,0.5263294,-0.3189027,0.2681736,-0.3303852,-0.163449,0.3643181,-0.1153817,-0.3679653,0.1942686,-0.4291788,-0.01922996,0.1571641,0.06824327,6.803707E-05,0.04661798,-0.0005591459,-0.10363,-0.133899,-0.01770151,0.2082268,-0.1980777,0.00136237
-0.1988143,0.6091223,0.2878501,-0.393703,-0.003835003,0.2092345,0.2910231,0.4527026,-0.448365,0.1314286,-0.1938589,-0.4346621,0.01821647,-0.3906404,0.3517475,-0.1303253,-0.484165,0.3755523,0.04943813,-0.3784373,-0.2367432,-0.04025069,0.3520153,-0.1689801,0.03461812,0.131786,-0.07788648,-0.07061164,0.9088593,0.02533061
0.08011974,-0.04697034,-0.04018778,0.302032,-0.799041,0.02879952,-0.001523554,0.1831788,-0.04492483,-0.1786627,-0.07451999,0.4243284,0.1555775,0.03772396,0.3241707,1.10082,0.02190869,-0.06162177,-0.01778418,-0.1920774,-0.006855806,1.37134,-0.06494042,0.486768,0.5065732,-0.004461954,-0.1493646,0.01073243,0.4555202,0.0110592
0.1148519,0.6160884,0.1518968,0.2786752,-0.8439138,0.006892642,0.2383938,0.1624686,0.2064412,-0.1696512,-0.1852448,0.3227078,-0.2962137,-0.7264631,0.6681323,-0.01590471,-0.4662751,0.02847828,-0.1316891,-0.06368706,-0.1158493,0.2614346,-0.04015161,0.2368427,-0.2823314,-0.693626,0.01630503,-0.4714015,-0.4068045,0.1349816
-0.3578248,-0.163559,-0.1847356,0.002402842,0.2696755,0.2831012,-0.2356809,-0.6352407,-0.1263678,0.02935485,0.05480248,-0.1035861,-0.1656922,-0.00378497,-0.2662659,0.002130365,0.06759034,0.731743,-0.1777378,0.2962615,-0.4467749,0.3012058,-0.3518166,-0.1049851,0.3565352,-0.0481289,0.09351343,-0.4344957,0.1777874,-0.014906
-0.1257376,0.4150715,0.3756648,0.2283205,0.154847,0.1222964,-0.06227034,0.4318807,0.01424546,0.1910221,-0.1658255,-0.08362959,-0.1257341,0.1406494,-0.03957373,-0.1004971,0.06503602,0.5153551,0.1208258,1.01315,0.6585238,-0.116214,-0.1159441,0.05586606,-0.05134529,-0.8907552,-0.03885504,-0.04212355,-0.01647916,0.4682841
-0.009073914,-0.236072,0.05118441,0.1818681,0.002275122,-0.1174763,0.0419989,0.4195698,-0.6917457,0.2449846,-0.1726218,-0.2280809,-0.03691734,0.1791298,0.2891186,-0.3383514,-0.1621935,0.2265221,0.4118234,-0.02792129,-0.4285088,-0.0293084,-0.04682344,0.2454975,0.4651682,0.03170758,-0.002102288,0.006528857,-0.01183887,-0.07414875
-0.2612835,0.2690428,0.01607078,-0.05509068,-0.6480848,0.003177977,-0.04818317,-1.035128,0.07249277,-0.174229,-0.2691765,0.418775,0.127867,0.09623736,0.01852273,-0.4579074,-0.148895,-0.3477766,-1.361838,-0.4820929,0.06503154,0.1127004,0.01123586,-0.46202,-0.0006514811,0.1674469,-0.1039144,0.04274824,0.2629544,0.05274504
-0.1870256,-0.001616657,-2.34856,0.08497344,-0.03372511,-0.00939256,-0.1969569,0.02103623,0.253433,0.2738826,-0.3197522,-1.370451,0.0096016,-0.04617411,-0.08945352,-0.09515306,0.4179205,-0.07540255,0.0821963,0.3113124,-0.4605857,-0.1440759,-0.1009374,-0.2168346,-0.03757561,0.09256393,0.05679237,-0.4123881,-0.03698483,0.7757784
-0.02709039,0.1269908,-0.01750945,0.4504701,0.02514159,-0.6382642,-0.1258724,-0.001366979,0.1846637,-0.8463594,0.2673317,0.2129057,-0.08713275,0.475117,-0.1647771,0.1810101,0.427073,-0.06539536,-0.08441633,-0.003879216,0.06405554,-0.4932256,-0.4521879,-0.002943862,0.009840773,0.3030865,-0.3424407,-0.2593904,-0.0644837,-0.1965452
0.05556003,-0.04274439,-0.07080966,0.2365081,-0.2128669,-0.824235,0.2338198,-0.0808118,-0.00217038,0.2594236,-0.003905225,0.2455864,3.463894,0.02596787,0.4983504,0.531655,-0.03438424,0.3951863,0.2368932,0.2490066,0.8716211,0.04249996,-0.005206698,0.02386392,-0.04932764,0.4068438,0.1485783,-0.5217583,0.1569171,0.1457041
2.022037,0.4026899,0.3797181,-0.8216404,0.1842871,-0.3190975,0.0009646848,-0.297726,-0.0559148,-0.05512149,-0.2402447,-0.1353327,-0.004353745,0.05759507,6.839875E-05,0.0268933,0.34217,-0.0153193,0.4114519,-0.009141329,0.4949175,-0.0004475586,-0.02704812,0.4669795,-0.02875943,0.01510353,0.37298,-0.2955502,-0.1591989,-0.0004519708
0.5105278,-0.04803614,0.3749368,0.4923203,-0.2798317,-0.2192085,-0.02880059,0.1776458,0.2965771,-0.2406729,-0.03279709,-0.3092016,-0.4318715,-0.01256921,1.190452,-0.003822741,-0.006107915,0.01946314,-0.7225878,-0.2445975,0.1821816,-0.5231321,-0.01065608,0.67483,0.3826285,0.01826146,1.184086,-0.4648333,0.6613501,-0.002929048
-1.186061,0.3926361,-0.03300349,-0.0252208,0.1084853,0.09456914,0.2398497,0.2369953,-0.009472609,-0.07906305,-0.3134365,-0.02450663,-0.01017592,0.03089136,0.3668693,-0.2017305,0.3784497,0.1494717,-0.003248331,-0.2274593,-0.2022816,-0.2316007,-0.03124519,0.03282878,0.4798295,0.2372234,-0.1073815,-0.7041584,0.2566005,6.554415E-06
0.5606002,-0.02633494,0.08609182,0.06226077,0.3762544,-0.2034984,0.1369475,0.1688411,-0.4473826,0.5152645,-0.3986768,-1.258047E-06,0.3698933,0.4723379,-0.2783916,0.2864493,0.1358843,0.7304657,-0.4854205,-0.1987041,0.2183015,-0.03510982,-0.4684029,-0.4524907,0.4591499,-0.01614544,-0.1130415,-0.3576238,0.06691928,0.006138554
0.1188092,-0.001018112,0.01539203,0.3384266,0.1226479,-0.001607053,0.4811419,-0.1154673,-0.04238266,0.4925176,0.0428091,0.02261043,-0.04923401,-1.327043,-0.001660402,0.3849353,0.05203139,0.1596532,0.01106778,0.008098546,-0.001214937,-0.1183012,0.5342715,-0.3013101,0.3793525,-0.07186753,-0.3551812,0.07990617,0.3366985,-0.02727789
-0.02802022,0.4145423,-0.009201435,1.060001,0.03999634,0.5692405,0.4374598,-0.9749213,0.2845691,0.007149824,0.3859367,-0.4102433,-0.04951419,-0.03172506,-0.04091155,0.408411,-0.1823194,0.4306827,0.04392844,-0.0007432301,-0.1118049,0.2790936,-0.3807051,-0.2624105,-0.2990029,0.04060324,0.06103042,0.1842685,-0.193612,0.1436185
;
-0.2952763,0.2038402,0.3752931,-0.05973953,-0.0007635847,0.04332018,-0.0004752565,-0.211521,0.004701984,0.09900939,-0.03689374,3.304221,-0.4993938,-0.3559733,0.4252013,0.3179343,-0.5296684,0.2571307,-0.3920944,0.005470389,-0.02019031,-0.5926184,-0.4262267,-0.1204172,0.4311049,-0.01468205,-0.1026142,0.0283944,0.003227434,-0.01610835
0.1059771,0.3579433,-0.4462653,-0.1537514,0.1428299,-0.7424399,0.336056,0.4408627,0.1666058,-0.01751596,-0.03680134,0.2260467,-0.004257203,0.3704367,0.2819369,-0.3830357,0.04848523,-0.01497731,0.06271917,0.2183637,0.2134011,-0.2259986,0.005746973,0.001357612,0.1748785,0.3782705,-1.10157,0.01140192,-0.03766608,-0.3277256
0.4858454,0.4668475,0.07644416,-0.1289489,-0.2342061,0.05712353,-0.3604033,0.4277387,0.09158888,-0.4198117,0.2704937,-0.455495,-0.02837691,-0.2735202,0.1524327,-0.02835092,-0.3011565,0.005012792,-0.0905895,0.2346816,-0.2506264,0.0002308959,0.04903014,0.01092866,-0.0294041,3.051766,-0.03258372,-0.07357806,-0.1332746,-0.5625673
;
0.2962182
0.03583973
0.6319675
-0.04386336
-0.07027918
-0.3099866
0.04095954
-0.08180779
-0.3429803
-0.1535558
-0.1591582
-0.03924304
-0.1321043
-0.2644787
0.3091731
0.05852359
0.003706851
-0.3119541
1.907458
-0.4737259
-0.4287829
0.2606331
-0.03974644
0.3346854
0.02085954
0.01456499
0.198057
0.05290776
-0.3376658
-0.1707664
;
-0.4333508,-0.02629316,0.1610931,0.02480269,-0.05351001,-0.05598455,-0.3303961,-0.339107,-0.4737804,0.8689248,-0.1784154,0.01064762,0.2261094,-0.22133,-0.3336358,0.05101455,-0.2338577,0.008266622,0.3797541,0.3777339,-0.9377631,0.04169308,0.5301938,0.6457531,-0.9033685,0.383983,0.4767621,-0.0557843,-0.3732303,0.326385
-0.1235813,0.3989573,0.1680853,-0.1021078,0.04879597,0.5504705,0.02015989,-0.4034607,0.6428042,-0.1339882,-0.007409036,-0.7820821,-0.7490417,0.624038,0.07647604,0.09032875,-0.1894912,0.3009276,0.9242101,0.2319479,-0.04943369,-0.04831878,-0.2045184,0.08456217,0.422013,0.04679426,0.04373105,-0.3187686,-0.01330996,-0.6342946
0.05118901,-0.0003889198,-0.1217548,-0.2203106,-0.2317844,-0.0001096247,0.2779219,-0.124936,-0.2788954,0.04888179,0.01944059,-0.0007678024,1.340142,-0.206876,-0.004805191,-0.003855068,-0.495761,-0.1272957,0.3766509,0.3084892,-0.1268749,-0.1139916,-0.01449749,0.08684668,-0.3777008,0.004486551,0.1123042,0.4006435,-0.2039979,-0.01767265
-0.6903202,-0.2367252,0.1339662,0.008160786,-0.1590037,-0.1242746,0.4062287,0.1716395,-0.2725773,-0.0003640012,0.00914248,0.08082043,-0.5211654,0.1862882,-0.499148,0.3219572,0.3866322,-0.143643,-0.140916,-0.454827,-0.6062556,-0.1804046,0.003224096,-0.06752892,0.510154,-1.155984,0.06408697,0.235343,-0.4382496,-0.3902776
-0.4540635,-0.2479458,-0.1806121,-0.04243595,-0.3429156,-0.1544945,-0.1385543,0.2319955,-0.5788425,-0.002155815,0.3277648,0.2195097,-0.4446291,0.03954108,-0.03094086,0.06854802,-0.2279233,-0.468272,-1.354397,-0.4727267,0.1532603,0.012812,-0.4444212,0.42976,0.0796266,-0.001251253,0.01073745,0.1632701,0.15161,-0.02955405
-0.04329556,0.4471626,-0.1495892,-0.4122133,-0.5771607,-0.168983,-0.1193306,-0.007310497,-0.07623664,-0.05157596,-0.09170583,0.5078011,0.347596,0.3441168,-0.1021941,-0.1779379,-0.08164638,0.04612257,0.3626314,0.001917877,-0.07678086,0.2353174,0.1111817,0.4030164,-0.0002253404,-0.6224948,0.08120956,-0.0305329,0.4055734,0.3424827
-0.2084922,0.2454215,-0.01429862,-0.1036159,-0.2624856,0.1018286,-0.04670674,-0.3344312,0.07085236,0.5031731,0.033808,-0.1661005,-0.1081844,0.1711594,-0.1413291,0.7971369,0.3218561,-0.4028834,0.03745006,-0.2418933,0.01533676,-0.4163306,0.3811368,0.2685415,-0.2627546,-0.02705742,-0.00764045,-0.3852692,-0.08058608,0.4981749
0.3058056,0.03381139,-0.3591135,0.4098082,-0.2091638,-0.1099221,-0.4960116,0.3824332,-0.3415339,0.1648063,-0.008468573,-0.1890935,0.5476429,-0.1550862,0.1772027,-0.5311715,-0.9220469,-0.02328039,0.1526088,-0.2576247,0.0128563,0.1493557,-0.1271827,-1.049997,0.006011156,-0.005643351,-0.01465059,0.02727162,-0.4785443,-0.367499
0.3861196,0.3777677,0.04389849,0.03495708,0.328132,0.03541721,-0.003409316,-0.1733575,0.434869,0.0679885,0.4688349,2.636808,0.0108997,-0.1074771,0.1346375,-0.3806585,0.4425009,0.281499,0.2178351,-0.02076294,-0.3921849,-0.2603805,0.1077994,0.398064,-0.16654,-0.1891795,-0.4505653,0.0005385796,0.1969872,0.1451348
0.235711,0.09787208,0.3113933,-0.2053738,-0.1355464,-0.5294466,-0.2633616,0.3397603,-0.06217081,-0.005189759,-0.09667709,0.673795,-0.03920812,-0.4006305,0.07013231,0.4276936,0.3119719,-0.1802011,0.9904836,0.1674739,0.07214183,-0.5738969,0.5505603,0.01335154,-0.2739414,0.07674982,-0.01033977,-0.5572588,0.4564414,0.03588553
0.08318537,0.03658634,-0.9593543,-0.1534841,0.1262306,-0.6514924,-0.119959,0.2460991,0.006972332,-0.1050081,-0.4118986,-0.226344,-0.3617133,-0.06350845,0.2336027,-0.2735642,-0.01132078,0.0720934,-0.2364054,-0.4034555,-0.03502554,-0.5306802,2.335706,0.1190583,-0.1431616,0.1690531,-0.400259,0.2305239,-0.2323908,-0.02279155
0.4193356,0.4181332,-0.2573209,0.5661816,-0.02640443,0.01467943,0.004420364,0.1273721,0.02751189,0.03608043,-0.1129519,0.001625443,-0.008991539,0.002292812,0.2820645,0.2602098,-0.09154014,-0.1985072,-0.986522,-0.2235638,-0.02476425,0.4933712,0.0003028313,0.07599322,0.0002765927,0.3150048,-0.3488978,-0.406695,-0.2293019,0.1183447
-0.4986839,0.3073072,-0.1755016,0.293837,0.1558925,-0.09202057,-0.008449082,0.347385,0.3456146,-0.1619349,0.003569452,-0.1163805,-0.132589,0.005171881,0.1148236,0.01252093,-0.7166623,-0.3448055,-0.3965138,-0.01051766,-0.3530886,-0.4417717,-0.3052622,0.4716028,-0.06338015,-0.1369783,0.06896767,0.1048531,-0.02609915,0.001700805
0.0595476,-0.3770108,-0.01993406,-0.2662824,-0.2009638,-0.1371311,0.2793714,-0.481765,0.1199293,0.798605,0.4216665,0.2874159,-0.02186654,0.3340243,-0.5644683,0.4417708,-0.09877247,0.1104349,-0.4986474,0.2245445,-0.3405459,-0.1964257,0.09735157,-0.4381682,-0.4014682,0.3278685,-0.04792132,0.01106508,-0.01605029,0.03581637
-0.01460843,0.03134814,-0.272686,-0.08877331,0.1459012,0.008294118,0.3632693,-0.6819905,-0.2261205,-0.4057465,-0.03258616,0.4379951,-0.3228725,-0.05850472,0.444798,0.005346585,-0.2388692,0.1880434,0.01177304,-0.164889,-0.003337444,-0.03171247,-0.06285123,-0.06564637,0.1772588,0.1281853,0.3050963,0.02908736,0.1516689,0.3924557
0.3544851,0.1467605,0.4505482,-0.2827344,-0.1228469,-0.3717231,0.0982464,-0.0936731,0.1011555,-0.0003186742,0.02897432,-0.2113941,0.04139179,-0.3557264,0.3547032,-0.1314442,0.0600172,0.01018447,-0.3580589,0.008477047,-0.1109722,-0.1900428,0.2413095,-0.1548809,1.898911,-0.3337356,-0.001084114,-0.05752331,0.2189457,-0.02471942
-0.1226611,0.17251,0.009220078,0.367894,0.04286331,-0.4718919,1.916895,0.3715472,-0.01637906,0.5159186,-0.3810812,-0.04761456,-0.02042562,0.3971505,0.05993932,-0.002058797,-0.1879727,0.01933808,0.6278028,0.3375054,0.0004714409,-0.194031,-0.1170942,-0.1759239,-0.0006966172,0.01431385,0.6471406,-0.32389,-0.1021233,-0.09798492
-0.202742,7.728932E-05,-0.02842485,0.09770697,0.8345335,0.02171499,-0.03750199,-0.4538268,0.03018901,0.1969116,-0.1587384,0.1340527,0.03978568,-0.09631676,0.2454975,0.2601819,-0.5341626,0.05033457,0.1165474,0.1587124,-0.01324781,0.3943144,0.2073623,0.6544651,0.4395884,0.281907,-0.2843449,-0.0003138129,0.003847841,-0.2212712
0.1255254,-0.4098419,-0.1726699,-0.3868002,-0.006272012,-0.06295297,-0.8563093,-0.4629456,0.6228729,0.330002,0.4228047,-0.03908607,0.1649572,0.003159727,-0.02577805,-0.465245,0.3314474,0.0430668,0.01974112,0.3391342,0.1827142,0.01126809,0.001006026,-0.3408264,-0.2696526,-0.03994197,-0.2438174,-1.037509,0.3294069,0.294384
0.1685432,-0.004445509,1.231431,0.4352628,0.2498677,0.2287944,-0.4918413,0.1703199,-0.1187267,-0.04522881,-0.1633626,-0.1290779,-0.4049927,0.0188691,0.6702607,-0.6556709,0.01078969,-0.4421817,0.4165598,-0.2177196,1.258754,-0.1307019,-0.22187,0.2286172,-0.03326804,0.8524299,0.412392,0.05869277,-0.9551814,-0.280808
0.03916777,0.1387192,-0.327682,-0.03520055,-0.03550294,0.06203908,-0.5842916,1.583329,-0.4544933,-0.0316678,0.08035976,-0.03237459,-0.2027015,0.3151293,0.09957075,0.1651609,0.09515136,0.295466,-0.1981209,-6.563935E-05,0.1605735,-0.2748259,0.6164693,0.478819,-0.1654391,-1.083355,0.02142814,-0.1019444,-0.137262,0.06291288
0.02201349,-0.2056036,-0.07966352,0.007093155,-0.002874315,0.4432008,-0.4825248,0.008484546,0.1969168,0.456821,0.4811237,-0.05083412,-0.2539306,-0.2451047,0.836861,0.1264458,-0.318584,0.2892657,-0.2466337,0.08713216,0.01765703,-1.792574,0.6944854,0.241597,-0.01796552,-0.148949,0.3520097,-0.1022733,-0.04216107,0.5269225
-0.7650321,-0.3329461,0.03117396,-0.3487986,-0.01196618,-0.03061566,-0.05942781,0.05305768,-0.2807139,-0.2368306,-0.003484572,0.4129288,0.04652594,-0.02091461,0.3031107,0.0479563,0.4108538,-0.4501507,-0.2360076,0.1168986,-0.01447557,0.4090741,-0.3099492,-0.4561213,-0.01783188,0.4569317,-0.3569932,-0.02892219,0.0002218013,-0.05184117
-0.02447546,0.1138404,-0.4035401,-0.4772574,-0.05379712,0.4563496,0.4056877,-0.2618239,-0.07504004,-0.04337559,-0.3266149,0.05964616,-0.1047559,0.09329583,-0.002890091,-0.6836442,-0.0309334,-0.3025113,-0.5607907,-0.03858322,0.2193493,0.3750901,0.1471984,-0.1321073,-0.001968518,-0.8518717,-0.007600961,0.1760428,-0.3536149,0.02609068
-0.499994,0.3847976,0.1674235,-0.05839121,-0.1354374,-0.1408722,-0.5256357,-0.3387373,0.7079761,-0.4465837,-0.1970877,1.113364,-0.01302595,0.1490173,-0.009967725,-0.08850232,0.1026057,-0.07151403,-0.2605298,-0.004329672,-0.5836366,-0.1592405,0.06719273,-0.09043002,0.4111204,1.616824,0.13105,0.3809848,0.1293551,-0.07273626
0.03145766,-0.003106629,-0.1959775,-0.1614397,0.02231937,-0.4299995,0.215014,-0.1401309,0.3944135,0.6702405,0.3260671,-0.05848989,-0.7429568,0.2549954,-0.503464,-0.1521911,-1.815026,-0.3014147,0.02519768,-0.01302695,-0.01381058,0.1320762,-0.2033545,-0.5438255,-0.07765157,-0.07223153,-0.1978207,-0.7974848,-0.2630328,-0.5220726
-0.3811047,0.01004521,0.07529434,0.01098776,0.4378109,0.1650743,-0.3747147,0.2734715,0.1742545,-0.306529,0.02431065,0.4084399,0.4091965,-0.4253318,0.929944,-0.2226475,-0.0506809,-0.1961909,-0.2061898,0.2990849,0.2271063,0.2251692,-0.1164489,0.1101856,0.08029789,0.04516625,-0.3168359,-0.0137999,0.3932128,-0.003386792
0.0007075619,0.5284722,0.036019,-0.4563731,0.3023909,-0.02758105,-0.05458105,-0.08746535,-0.2015481,0.002599449,0.112321,0.02532941,0.04912837,-0.05481273,0.05549709,-0.03219113,-0.9965602,0.02861531,-0.3312016,0.1072752,0.2996166,-0.2056646,0.2146036,-0.2224679,-0.09284717,-0.49127,-0.1924126,0.5172894,0.1688032,-0.07600194
-0.007870159,-0.4511319,0.3408741,0.2918028,-0.3000464,0.1927464,0.0483622,-0.06206793,0.3120756,-0.2102873,-0.00276779,0.1212174,-0.2580151,-0.4915704,0.1090586,-0.06397689,0.2813733,0.02176974,-0.02201532,0.2048166,-0.0665969,-0.04070133,-0.006836398,-0.4589698,0.248994,-0.3358583,0.3303977,0.07159271,-0.3430932,-0.01940969
-0.09714082,-0.2228277,0.1067485,-0.6089417,-0.4316262,0.02730452,0.3089257,-0.8688984,0.008914012,0.03321701,-0.3961616,0.401695,0.6473086,0.01127815,-0.03587252,0.0925189,-0.3347285,0.3976752,-0.01421677,0.004332642,-0.5591399,-0.1783649,-0.05969672,-0.2617594,0.008081647,0.03021996,-0.0002040629,-0.8374699,-0.5963563,-0.3407775
;
-0.3952777,-0.08664455,0.8554244,0.1800815,-0.2020411,0.7099329,0.05919379,-0.2574638,-0.2756102,0.4835844,-0.5285821,0.7876756,0.167268,-0.7613546,0.04165131,0.2936583,-0.1173657,-0.1098106,0.1721956,-0.04015571,0.1430271,-0.2932765,-0.02796067,0.04472848,-0.0002422212,0.03964757,-0.4235972,-0.2145851,-0.06746615,-0.3738296
0.3765692,0.1127776,-0.142495,0.4123291,-0.04787798,-0.0008141024,-0.7213435,0.07494789,0.5313334,0.004428449,-0.5010403,0.03869266,-0.2295604,0.003302503,-0.4997646,-0.2642351,-0.1753502,-0.002381569,-0.6356019,-0.3930072,-0.4866192,0.648988,0.026796,-0.103388,0.1563584,-0.2053031,0.005803796,-0.1777211,-0.08959255,0.005720221
0.05917001,0.1899667,0.2702149,-0.1206623,-0.1874904,0.3343925,0.0595789,1.142709,-0.1731379,0.007872188,-0.4764598,0.3115608,-0.2304852,0.4459647,-0.00709039,0.3949081,0.05660409,0.4581667,0.0450222,0.1723176,0.4528887,-0.4018905,-0.05485984,-1.386514,0.1322361,0.05962254,0.5912208,0.07098127,-0.3909408,0.2823178
;
-0.09234708
-0.005822682
-0.1148749
-0.039619
-0.003749104
0.8587382
-0.7817523
-0.09732476
-0.364517
0.07701749
-0.01329777
0.3737373
3.875527
-0.07328707
-0.1299954
-0.02592768
0.1830625
0.3430816
-0.163258
-0.3192981
-0.2985827
-0.2185885
0.4426172
-0.00216112
-0.1890966
0.009579563
-0.4898526
0.005908489
0.6794013
-0.3678164
;
0.02283953,-0.3675481,0.2201737,0.004418792,-0.07783879,-0.3823029,0.9465703,-1.527108,-0.4815472,0.1253475,0.01757033,-0.159134,-0.1903737,-0.05242121,-0.1079046,0.2374239,-0.0483212,0.1193478,0.2709756,-0.1738127,0.03794304,-0.1606702,-0.5875347,-0.01323659,0.09453863,-0.1432555,0.2022506,0.2064819,0.07083863,-0.2305595
-0.4951739,0.05579903,-0.1395818,-0.05990769,-0.4763986,-0.3147345,0.1337333,-0.03845703,-0.0001018147,-0.1751296,-0.02402048,-0.4250254,0.3802376,0.1725731,0.01294217,-0.4900788,-0.1164682,0.3291861,-0.009356439,0.1725111,-0.1442351,-0.05753331,-0.2563478,0.4295969,-0.03920007,-0.2711645,-0.04530273,-0.1497097,0.04085356,0.2763016
0.04873165,0.2061477,0.01359568,0.06615765,-0.1151479,-0.03524572,0.04967164,-0.4512709,-0.3480051,-0.1572282,0.001845844,-0.8851876,-0.01859321,0.3073571,0.2662359,-0.1728227,-0.029999,0.004437126,-0.1184253,0.07427283,-1.060665,0.004243155,-0.1161316,0.4777688,-0.3145329,-0.04501207,0.765152,-0.168447,-0.01794183,0.527538
-0.2240828,0.1891085,-0.0354113,-0.008733091,-0.06251153,0.001389584,0.4500551,0.5631845,0.4136382,-0.3321329,-0.01797532,0.0545412,0.4360546,-0.4858989,0.03129522,0.0122842,0.4731679,-0.3200996,0.3530176,0.05056311,-0.3962672,-0.4811343,-0.04010724,-0.1324872,-0.1258369,-1.202482,-0.02539495,0.0355869,0.05346495,-0.07055856
0.5874572,0.2571169,0.8105338,0.05713555,0.3368472,-0.193736,0.003119183,-0.0007002227,-0.8131114,-0.5893776,0.4348948,0.3506365,0.04055333,0.02159883,0.2752723,0.09561187,-0.620243,-0.1165923,-0.4722416,-0.1692865,0.07204433,0.08392861,0.03810464,0.6188956,-0.009978408,-0.7823769,-0.05038816,-0.09694603,0.1129035,0.02052257
0.4403386,-0.3255441,-0.002836163,-0.111372,-0.8787185,0.1437284,-0.4523469,0.4361614,0.8123255,0.09901069,0.4114827,0.3814,0.02932435,-0.1039123,0.9462324,-0.247662,-0.008504332,-0.3655239,-0.2022822,-0.1460583,-0.3296229,-0.2755791,-0.0351739,-0.03134205,0.2434238,0.09690715,0.4925402,0.09903906,-1.077793,-0.09268099
-0.274129,0.3380383,0.7248018,-0.02353727,-0.02121186,-0.08416814,-0.70668,-0.02745861,-0.4477193,-0.3271747,0.08889516,1.304755,-0.008276857,-0.5255293,-0.03066685,-0.3175176,0.2613593,0.009939373,0.4079486,-0.09077355,0.09823352,0.3873962,0.000729794,-0.006825864,-0.8315861,-0.07032179,0.3618752,0.1074307,0.02601391,0.6378472
0.1363321,0.07718361,1.096632,-0.3560607,-0.03834696,-0.1692452,0.1353039,0.001809094,0.7277241,-0.1219129,-0.4993115,0.3587434,0.4944489,0.2751603,0.384402,0.02910477,0.09216469,-0.3153863,0.1481598,0.4209361,-0.4551595,-0.03439835,-0.6915792,-0.00672071,-0.3153957,-0.0181116,-0.1285251,0.34305,-0.02591333,0.08806016
0.3753409,0.5872383,0.2691116,0.1016701,-0.2399971,-0.157771,0.4012996,0.1491405,0.005466918,-0.006804508,-0.02581727,-0.1583006,0.3900538,2.083615E-06,0.02640202,-0.1361215,1.022032,-0.280027,-0.2837586,0.1323939,-0.5326127,-0.2106385,-0.1329942,-0.2929416,0.3043109,-0.3694227,-0.05130128,-0.01416133,0.09291263,-0.07755063
-0.06563231,-0.116323,0.5630515,-0.05279571,-0.3740739,-0.5080052,0.008221862,0.3652687,0.003371775,-0.8379599,-0.01525303,-0.01328808,-0.07161852,-0.09900898,0.08663872,-0.005549287,0.1165077,-0.774677,0.2872915,0.0742957,0.7669728,-0.1526456,-0.09060173,-0.1632839,0.4925355,-0.417135,0.8218059,0.3108176,-0.02904616,0.02684957
0.2522828,0.009483541,-0.1445139,0.2889074,0.002784398,0.3721019,-0.0290759,0.04050842,-0.2672499,0.0005253782,0.2323205,-0.03700893,0.1486907,-0.4120921,-0.3651654,-1.613067,0.172389,-0.04121697,0.2312587,0.2008506,0.4907101,0.4278887,-0.08871473,0.4160609,0.3661857,-0.3703905,-0.2290663,-0.1430495,-0.3428367,-0.03855535
-0.03866929,-0.03379494,-0.4595451,-0.1116078,0.05786278,-0.2813705,-0.2581141,-0.4828864,-0.5798136,0.3012343,-0.4738247,0.002579314,-0.1562306,2.191545,1.073038,-0.001453629,-0.05662149,0.2360324,-0.001356855,0.3651152,-0.06949296,-0.1221897,-0.09338377,-0.006751075,0.1175498,0.01804579,-0.3208897,0.3899504,0.2573623,0.005355299
0.1336473,0.1486621,-1.355679,0.0069223,0.6377625,0.4432679,-0.2120538,0.3625778,0.4491901,0.2168193,0.009410163,0.3235326,0.1478041,0.286643,-0.08495849,0.8381625,0.5991971,-0.001294398,-0.0218719,0.459221,0.03449994,0.2033749,0.02770877,-0.2665446,0.2531039,0.2931861,0.9770201,-0.5336136,0.9004731,0.0610985
-1.313244,-0.1840039,-3.255581,-0.06953605,-0.4120972,0.4348001,0.6707373,0.007921994,-0.2309746,0.3785846,-0.05393916,0.9682139,-0.15369,0.3195678,-0.0001145274,0.3942522,-0.00487242,-0.05080922,0.3316516,0.2399517,-0.1917986,-1.026833,0.01826264,-0.262629,0.4547114,0.2443946,0.4891207,0.1646689,-0.1153943,0.112435
-0.006777204,0.05204994,-0.5130324,0.4726745,0.1113807,0.4031041,0.5217884,-0.0129406,0.4575681,0.05996317,0.002565559,-0.3854481,0.4841915,-0.4986166,0.3169572,0.951212,-0.3026278,-0.4867647,0.3938234,3.521651E-06,-0.1573922,-0.1009743,0.001643735,0.02664233,-0.4988871,0.5104394,0.03236356,-0.6841555,-0.04140502,-0.1071575
0.00124884,0.7051936,-0.1391456,0.1483727,-0.3909988,-0.01585072,-0.2866058,-0.1796247,-0.6075296,0.04285989,-0.4043236,0.489725,-0.453799,0.006943992,-0.3238791,0.01139671,-0.03342042,-0.165016,-0.01832231,-0.2874306,-0.02740866,-0.1357419,-0.06152898,-0.04294511,0.02845996,-0.7297029,0.01941747,-0.4703053,0.1256325,-0.07248914
0.1498711,-0.6407934,-0.01009221,0.02730777,-0.113717,0.6748013,-0.0244146,0.322906,0.4664806,0.1090798,0.0003119391,-0.03056996,0.001706909,0.1775626,0.4778489,-0.005987122,-0.2464938,0.04242749,-0.3813436,0.3201103,-0.4675511,-0.0003927984,0.1404095,0.3859411,0.00021409,1.309773,-0.5488971,-0.3389263,-0.1637407,-0.07226698
0.182595,-0.01522879,0.09007118,-0.5359284,-0.322751,0.106999,0.3288199,-0.1081772,0.01937189,-0.1573598,-0.03417748,0.233185,-0.1484072,-0.007315096,-0.5168167,0.09865445,-0.06072396,0.07334262,-0.2313005,-0.2074044,-0.05034095,0.06249937,0.09773123,0.001389205,0.1348753,0.3170778,-0.1064009,0.009843208,0.4261513,0.443599
-0.0550465,0.2369771,0.02945453,-0.06258203,-0.129176,0.05241793,-0.2318717,-0.1527132,0.2345484,0.1134506,0.241335,0.5867323,-0.135002,0.3872832,-0.08574521,-0.3234098,-0.2135882,-0.2404313,0.4517347,-0.3561903,0.1139169,0.06804609,0.04796976,-0.4630057,-0.2156723,0.3453552,-0.3704416,0.4797747,0.2249313,-0.04935496
-0.05391217,-0.09361898,0.5872643,-0.04275742,-0.1428439,0.2858248,0.001446796,0.04980512,-0.1082692,-0.06273192,-1.303011,0.0135907,0.3863698,0.000919834,0.0240594,-0.05694517,-0.3831147,-0.1481857,-0.4747556,0.2798208,0.7574946,-0.2891399,0.6958594,-0.3955195,0.0524619,0.1472136,0.08958355,-0.4578198,-0.01629595,-0.6633604
-0.01942765,0.1304726,-0.07582074,0.4273545,0.3842307,0.3603903,-0.6582745,-0.5397277,-0.2293091,-0.4668429,0.1159153,0.4608809,-0.03779608,0.1780112,0.03807472,0.1563506,0.0430261,0.3096074,0.2623531,0.1596975,-0.2820885,1.27865,0.08782589,-0.2187212,-0.1747438,0.07732596,0.005510747,-0.1466452,0.01760543,-0.0325788
-0.1838969,-0.5267884,0.09364384,-0.1037104,-0.2599093,-0.1266063,0.06587686,0.04032549,-1.101945,0.6262676,-0.3571513,0.001007598,0.4956503,2.018227,-0.1638781,-0.3380351,-0.4579904,0.03814663,0.3704112,-0.01603292,0.4087243,-0.4144144,0.1584002,-0.007963262,0.03469798,-0.002815367,-0.02787359,-0.3341113,-0.2389854,0.2308737
-0.4984237,-0.0708892,0.3455338,-0.03315308,-0.1307375,-0.3467726,0.1679729,0.3009354,0.008237898,-0.2207159,-0.007622823,0.4132529,0.2029229,0.5353777,-0.02288999,-0.1808901,0.1584279,0.47321,-0.3209605,0.1621671,-0.2635286,-0.3769946,-0.4754604,-0.487608,0.659928,-0.01538205,0.015315,-0.1568649,0.00720357,-0.1319008
0.237687,-0.3168408,-0.1443296,-0.2374041,-0.008139499,0.4505994,0.09855735,0.2701535,0.06151543,-0.4367128,0.03716644,0.06562668,0.01797521,-0.3198015,-1.284483,0.1793577,0.1750069,-0.0007954728,0.377749,-0.02302279,-0.3232001,0.06509457,0.1716442,-0.001542956,0.0006287324,0.2983366,0.263851,-0.09141383,0.6381504,0.3622584
-0.4090911,0.2948547,-0.2559922,-0.4391018,-0.08187431,-0.390286,0.2494542,0.4649878,0.06487674,-0.0003024429,-0.03486489,0.8077646,-0.3770645,-0.2270469,-0.06854872,-0.234252,-0.329842,-0.4375579,0.3583791,-0.7301341,-0.2294861,-0.009288371,0.03524055,-0.2393811,0.01379472,0.3371331,-0.6214609,-0.06062699,-0.4794024,0.4902456
-0.4263378,0.03888015,-0.5683774,0.5725645,-0.001853609,-0.3674539,0.02806133,-0.03472471,0.1012107,0.1284507,0.09991045,0.909413,-0.3052959,4.131266,0.7129034,-0.001235524,0.3826244,-0.01021902,-0.4123704,-0.05023628,0.03515773,0.4737546,-0.0004176921,-0.4689164,0.006647062,0.07912236,0.01012899,0.5020778,0.1296234,0.1059793
-0.1867637,0.3968028,-0.746817,0.01885734,-0.1255306,-0.02143321,0.3047781,0.3987433,-0.05781039,-0.3996814,0.2134861,0.2764443,0.09935042,-0.2291806,0.001569435,0.4853966,-0.01754798,0.1775323,0.06198126,-0.001981138,0.4540587,0.0001079889,-0.2711356,0.4866138,0.001090606,-0.207195,-0.07882005,0.6068147,0.1352745,0.1727626
0.006107697,-0.04366785,0.4538538,-0.3762892,0.2393773,0.2993248,-0.2735983,-0.2659826,-0.3368089,0.0008666603,-0.1372816,0.1685294,0.3601028,0.0131472,0.7871222,-0.005956046,0.02598763,0.04840879,-0.4693961,0.7880732,0.07285727,-0.4270009,0.5866064,-0.0163689,0.2260108,-0.01000669,0.4160289,-0.002161351,-1.860627,-0.5364538
-0.386773,0.005199906,-0.4840343,-0.1612395,0.01585568,-0.0384207,-0.04260473,-0.01850031,0.01035876,-0.2432791,-0.3038408,-0.2522943,0.3088852,0.4990133,-0.314,0.08538999,0.139634,0.4061005,0.06300408,-0.402045,0.5608739,0.4166056,0.03161384,0.0001252002,-0.2110464,0.32839,-0.3701134,0.001796932,-0.4302038,-0.07800609
0.0763538,0.365374,-0.6079865,0.0512692,0.01641545,-0.4488276,-0.04908898,0.283169,0.1169686,-0.1706618,0.2212958,-0.2965264,-0.323585,-0.002156015,0.05506418,-0.5446677,0.009682929,-0.06257147,-0.9844848,0.4894464,-0.134357,-0.3583456,-0.07602854,0.7118471,-1.411723,0.01775887,-0.2826455,-0.1436404,0.3411051,0.4920132
;
-1.533213,-0.07224356,-0.06139225,0.04206973,0.001818815,0.3862392,-0.4977072,0.1507275,0.0002335723,-0.02375311,-0.06300204,0.03242415,0.02228655,0.3732462,-0.01901268,0.0001835665,-0.03537673,-0.07318284,0.2457361,0.1148009,-0.00256961,-0.3507534,-0.04458393,-0.2197051,-0.4759781,-0.007200021,-0.01086408,0.0757413,-0.1317099,-0.06783125
-0.6413991,0.02340307,-0.003255031,-0.1239291,-0.3915055,0.00932517,0.1447146,0.1591778,-0.156455,0.2886759,-0.2265212,0.1668047,-0.000985701,-0.06190878,-0.1445004,0.01121557,-0.1760244,0.2755544,0.2559015,0.1476577,-0.3624678,-0.001480039,-0.07803092,-0.1648105,-0.5784569,0.02718502,0.03106633,-0.4583629,-0.315958,-0.3482558
0.04436094,-0.06224758,0.009435475,-0.0876133,0.2079875,0.1267056,-0.001869664,-0.09507885,-0.4329079,-0.2799884,-0.1884531,0.1179724,-0.04100277,0.7794133,-0.4779937,0.7949663,-0.124345,0.03625564,0.06991619,0.02694164,-0.114109,0.4614972,0.2974595,-0.8161961,-0.2563136,-2.215304,-0.01320141,0.1233516,0.1639038,-0.2595816
;
