0.1712899
1.426173
-0.3505568
-0.1712874
0.01781771
0.2351538
-0.6103099
0.006102537
0.2844206
0.6487693
;
0.2653984,-0.3877386,0.2934242,0.08545727,-0.216302,0.2436028,0.5108159,-0.008234228,0.3593072,0.1383474
-0.1081981,-0.4172821,-0.02923556,-0.1695419,-0.2002688,-0.003640907,-0.01218649,-0.4228762,-0.07597342,-0.01463586
0.01513594,-0.1030866,-0.4331544,-0.4762086,-0.1201484,0.639544,-3.75174E-07,0.4726475,0.4873083,0.3923104
0.3573822,-0.1913995,2.20674E-05,-0.1889242,0.2878074,-0.143788,0.4340043,-0.05730639,0.2484144,-0.06559614
-0.01638199,-0.4886386,0.2880691,-0.08479589,-0.1897647,-0.06577045,0.0006231355,0.0373252,-0.03701621,0.01925308
0.01348853,0.02612302,-0.03391725,0.4192388,-0.4664765,-0.1316287,-0.3122734,0.04481322,-0.3761157,-0.03039724
-0.440357,-0.002861463,-0.007493598,0.4392134,-0.4242363,-0.0732552,0.2966744,0.3617313,0.0593149,0.06456929
0.1897656,0.2280284,-0.01065342,0.2343684,0.0003425617,0.04780748,-0.3275809,-0.03916143,-0.001391285,-0.4206492
0.03059334,0.02534634,0.1300797,0.4249816,0.291818,-0.9920207,-1.851444,-0.03335672,0.3938912,-0.7586272
0.05321862,-0.008419787,0.07117663,-0.01882975,-0.8105426,0.05264207,0.1897319,-0.6136603,-0.02048212,0.1436826
;
-0.5981754,0.1251736,0.1080309,-0.001991739,0.2461841,0.1984083,-0.1378838,0.002635065,-0.1862103,-0.3397949
-5.339963E-07,0.01831931,-0.4176068,-0.2165028,0.2182013,-0.007548447,-0.3873645,-0.2462147,0.1960259,-0.3851556
;
-0.006713944
0.3351265
-0.04670446
-0.04450486
-0.06851218
-0.2721839
0.434837
0.1151114
-0.005454213
-0.4285737
;
-0.3204248,-0.44067,-0.09162711,-0.1556091,-0.09285594,-0.03443104,-0.06877944,-0.6831135,-0.001635111,-0.03927322
-0.0252627,0.217213,0.04741024,0.07011122,-0.206041,0.5306014,-0.05168074,0.2556338,0.305779,-0.430636
0.3614043,0.1794742,0.3090999,-0.003478477,-0.2789139,-0.4088094,-0.40412,-0.2931849,-0.4612508,-0.4011201
0.1910393,0.007291501,-0.2808307,0.4062926,-0.3557162,0.01624859,0.1483702,-0.32769,0.01235349,0.4564583
-0.1830316,0.09007816,-0.4372582,-0.002653786,-0.2460123,-0.1071742,0.01120492,0.1058821,0.2649596,-0.04099349
0.3101789,-0.06069181,0.03359097,0.8514054,-1.391285,0.2343177,0.08240348,-0.2694843,-0.03159517,-0.4427487
-0.07776937,0.2868733,-0.05654889,0.01091907,-1.144138,0.1398715,-0.01460167,-0.1416636,-0.1261548,0.5899066
-3.679415,0.07615443,0.405637,-0.09221745,-0.1178827,-0.2030134,-0.2224829,-0.01819019,0.2655368,-0.852496
0.1514617,0.6752947,0.002190393,0.006794754,0.01660365,0.3074321,0.4709846,-0.2168322,0.4537529,-0.00338817
0.3498321,0.1330691,0.03476372,-0.3009231,0.1487066,0.2778818,-0.2903102,-0.2067669,0.09507018,0.004549974
;
0.1067806,-0.006179823,-0.6482034,-0.08271696,-0.4363644,0.2654352,0.5893151,0.09423879,0.09832352,0.1517684
0.3528391,0.004770232,0.1500499,-0.5257259,-0.4096625,-0.00806433,0.009391801,-0.02211303,0.09328884,-0.01880125
-0.247989,0.1604432,0.08930089,0.05617959,2.395533E-05,-0.005207772,-0.05565817,0.5423861,-0.4105732,1.806143
;
0.05006806
-0.02382948
0.02987693
-0.08252567
-0.02347657
-0.003565119
-0.1052579
-0.1106755
-0.5724159
-0.01422782
-0.2229295
-0.3465663
-0.1512185
-0.1483864
0.1861918
-0.009551139
0.02465573
-0.4840355
0.006871946
0.07640763
0.2386829
0.2603494
0.3548776
0.2685614
0.1324624
0.3372146
-0.1393412
-0.1854368
0.9006783
-0.9779321
;
-0.3399448,0.2556545,0.8981969,-0.03094536,-0.04628038,-0.1797453,0.0225334,-0.3627985,0.1748033,-0.3048087,0.08321284,-0.4337075,-0.2623382,0.03005684,-0.4680929,0.3563976,0.3902856,0.4068514,0.3948854,0.6707324,0.1966382,-0.007431522,-1.909844,0.01765472,-0.0743276,-0.01098484,-0.2413973,0.4015795,-0.2808353,0.4153177
-0.4994995,-0.1697618,-1.220037,-0.1212073,-0.3758196,0.1556762,-0.3056165,-0.02862734,0.3445641,-0.02658099,-0.02810464,-0.2132346,0.1997949,-0.2992235,0.102137,0.1479521,0.286759,-0.1344887,0.0163975,-0.171061,-0.1345716,0.04067924,0.01292879,-0.2411472,0.4607038,-0.09039786,-0.3358884,0.06195268,-0.004879773,0.2174142
0.3107476,0.301649,-0.4917674,0.4289771,-0.05497221,-0.5667036,0.2380138,0.2115348,-0.1172466,-0.2447222,-0.5300869,0.4100169,5.30727E-05,-0.09792107,-0.730122,-0.6108002,0.2922914,0.04471236,0.5429983,0.4109358,-0.00239197,-0.415095,0.03180756,0.1616748,-0.1774383,-0.6430585,0.3756027,-0.1955325,-0.3409014,-0.001787186
0.07058488,-0.3633629,0.1059609,0.04580494,-0.01286035,0.2617605,0.1421988,0.07873744,0.04945585,0.5518571,0.08045579,-0.3061507,0.3157132,-0.01330131,-0.4126189,-0.3219572,0.02083679,0.2369125,-0.1496818,-0.1943915,-0.464306,-0.1350929,0.6301443,0.2262338,-0.1270451,0.1330766,0.3068748,-0.496974,-0.05432159,-0.3640773
0.3578179,-0.5452168,0.01035458,-0.4826575,0.3311712,0.3865622,0.2963418,-0.3397268,-3.841672,-0.3533682,-0.1904034,0.00663694,-0.4995631,-0.2831574,0.05308907,0.05749221,-0.03270086,-0.08910362,-0.2418512,-0.008337556,0.8427103,-0.03969492,0.04362959,-0.2887795,0.2903966,-0.2803347,0.00560474,0.4524314,0.04508885,0.01667332
0.09010922,-0.4076386,0.004568636,-0.495216,-0.1996215,0.3337232,0.02091282,0.05768341,0.4032955,0.4920517,-0.4985791,0.5489684,0.09265257,0.02263635,0.4950156,-0.1023696,0.2181758,0.03197659,0.03395182,0.9601014,0.3262894,-0.4163158,0.02372238,-0.3181426,-6.560799E-05,0.09578644,0.1379095,0.108532,-0.5499135,0.2192037
-0.00132389,0.1733541,0.02784633,-0.003441184,0.3657444,-0.2261371,0.3345167,-0.1679675,0.2583948,0.1595658,1.381602,-0.282577,-0.2466951,0.1680756,0.4368335,-0.1280286,0.2989534,0.2836444,-0.3428057,-0.03849751,-0.02274664,0.4668614,0.2491237,-0.4287609,-0.2813213,0.02705742,-0.1555341,-0.3324593,0.5234506,0.2744651
0.1701151,-0.006886241,-0.1522774,-0.2929399,0.4482928,-0.1965187,0.3764786,-0.2194371,-0.0114906,0.07283729,-0.5238093,0.1575627,0.1471533,0.003780686,0.8811595,-0.8434486,-0.2351149,-0.4466742,-0.7585974,0.005491552,-0.01744193,0.1742918,0.3379753,0.03041869,-0.0005003323,0.001736136,-0.08615047,-0.04801936,-0.1998943,-0.05742437
0.174641,-0.03792018,0.06637126,0.432556,-0.001311115,-0.01565752,-0.307817,0.4406705,-0.282903,-0.06174033,-0.189589,0.2447892,-0.2624501,-0.2485902,-0.01395192,-1.35664,-0.07216062,-1.362626,0.04061138,0.3903002,0.2510823,0.004040078,0.3787556,-0.08283775,-0.0451054,-0.05999804,0.8583376,0.003775587,-0.3811592,0.2553715
0.6154299,0.1870098,0.2391902,-0.6367775,0.01543851,0.1356251,-0.3692306,0.09743196,-0.2610108,-0.02848142,0.460972,0.0003624924,0.2157821,0.2591618,-0.04894611,-0.494642,0.06702513,0.1458072,0.003303118,0.1755824,0.08260041,-0.05170959,0.2981407,-0.2126292,-0.04285691,0.03211515,-0.5505663,-0.5572588,0.1574794,-0.2628185
0.006284906,0.3137521,-0.2466283,0.4581341,0.10958,0.4831481,-0.2211694,0.2645001,0.01102056,0.06878832,-0.5299275,-0.370611,0.198745,0.1190466,-0.1891708,0.006011474,-0.1838724,0.2159216,0.4190167,0.0049998,0.6464211,0.390605,0.4458498,0.006916591,0.02305282,-0.02402988,0.02379694,0.1743329,-0.09940299,-0.419625
-0.4991669,0.08892389,-0.1949985,0.1674998,-0.06481025,-0.4377325,-0.5150675,-0.005293779,0.3236867,-0.06746914,0.3006538,0.3464603,-0.04711475,-0.1756973,-0.3133655,0.02690773,0.1041438,0.2260763,-0.9956775,0.2330534,0.1958029,-0.3536144,-0.3838205,-0.1175351,-0.4755512,0.4829865,-0.3431591,-0.1139443,-0.4591638,-0.04934942
0.2705184,0.4523551,-0.4202715,-0.1334619,-0.3310853,0.690164,0.002470276,0.01422762,0.3429984,-0.4935818,0.0004610636,-0.195266,-0.6082283,-3.471177E-05,0.6404749,-0.003179102,-0.0561977,0.001246422,-0.02595606,-0.4804924,-0.452547,0.048631,0.168582,0.004599988,0.02215601,0.0006748938,0.5522236,-0.3259308,-0.4688537,-0.06581596
-0.4102428,0.1447081,-0.1502019,-0.1146579,-0.03144279,-0.2724144,-0.08370115,-0.0219168,0.2713462,0.2932701,1.019221,-0.01481552,0.007738564,1.038893,-0.04092606,0.02086918,-0.2187091,0.4903061,0.3608049,0.01586293,0.02051824,0.009345949,1.447209,0.3914653,-0.1317428,-0.130057,-0.03472509,0.4381059,-0.1139485,0.3079201
-0.09313857,0.03134814,0.9232072,-0.06843822,-0.06510307,0.109331,0.03399861,0.499814,-0.4191512,-0.211805,-0.1697371,-0.6193867,0.08461732,0.02444325,0.2104252,0.1030155,0.7179756,-0.003586716,0.2792003,0.4685545,0.2056537,0.456682,0.01733098,-0.01634923,-0.1611418,0.05281174,0.04985255,-0.02754974,-0.2664027,0.109737
-0.06995161,-0.4455049,-0.1855137,0.5190311,0.09541886,-0.7071438,0.06387633,-0.07751736,-0.04014686,-0.04810962,-0.263783,-0.05688447,-0.008776428,0.0001141838,-0.03980654,-0.2559808,-0.02097622,0.03215461,0.2414012,0.2905858,0.4165103,0.009907141,0.2626893,-0.01300169,-0.4862289,0.1669478,-1.079988E-06,-0.01035297,-0.08400638,0.1776409
-0.05921608,0.3849209,-1.176086,0.2395964,0.01761574,-0.3235159,-0.03699537,-0.2048026,0.1061305,0.002484869,-0.04847572,0.01527187,0.000164699,-0.9942369,0.1703953,0.3891205,-0.003837562,0.1994485,-0.1246558,0.1143838,-0.0004714409,-0.4893311,-0.08427023,0.06764325,0.3829553,-0.4152459,0.1636719,-0.2742042,-0.3481683,0.4578254
-0.0620808,0.1012306,0.0586313,-0.2417718,-0.5504537,0.08366474,0.009382478,-0.04967708,-0.0205442,0.1937547,-0.3221508,-0.3344987,-0.003469741,0.1291761,0.05625409,-0.1903304,0.01494569,-0.04824746,0.0399974,-0.476316,0.00219979,0.08551687,-0.08093646,-0.4750675,0.2513472,3.802634,0.1681988,-0.0004308061,0.01123561,-0.3292617
-0.103256,0.4386028,-0.0980664,0.0480465,-0.302812,0.1824922,0.8563093,-0.2325203,0.3577535,0.8072377,0.05905176,0.1256088,-0.1649572,-0.004605969,-0.5083392,0.2207018,0.07649297,0.4056542,-0.01065495,-1.064477,0.1959115,-0.0004346865,0.5869853,-0.09502771,0.4902369,0.09511418,0.01444276,-0.4484838,-0.4759736,-0.001236694
0.2697423,0.4987967,-0.3754019,-0.2003028,-1.305312,0.7294874,0.1060552,0.1231405,0.4723709,0.414427,-0.01058518,-0.04979581,0.06222178,-0.165009,-0.008724024,-0.8201442,0.4096755,-0.1246788,-0.4165598,-0.0002777656,0.4237889,-0.6537905,-0.003789159,0.4384689,-0.1311144,-0.1023931,0.3946784,-0.01630436,0.3840462,0.2351733
-0.2046545,-0.03194088,0.01138433,0.1337429,0.03773702,0.8430075,0.7469057,0.01169209,0.4143722,-0.1720096,0.002901219,-0.0644265,0.1142181,-0.1039175,-0.5747812,0.01901725,-0.3886425,-0.3465872,0.02903107,-0.02425468,-1.664555,-0.4054493,0.3471767,-0.006992971,-0.05142815,0.4358319,-0.03570952,0.4166859,0.1630609,0.4943449
-0.02881351,0.164618,-0.05895966,-0.1306476,0.04814882,-0.1174637,-1.115202,0.06844693,-0.002492964,0.003031313,-0.004506077,0.4195534,-0.01277651,0.003765254,0.3692403,0.00158418,-1.253311,-0.1621962,-0.01897174,-0.01845943,0.002593268,-0.01176253,0.03408557,0.1893658,0.006144027,-0.4728259,0.07012115,0.2372867,0.3523149,0.4020554
0.01365918,-0.3232392,0.06437561,-0.225612,-0.2317378,0.1295024,-0.3089126,-0.005594764,0.2180644,0.0680607,-0.001117951,0.092345,2.971983,0.02460782,-0.2416163,0.182861,-0.406654,-0.001062095,0.2803642,-0.1146922,0.001525126,0.1240918,-0.3099492,0.3684331,0.410055,0.4144772,0.3599156,0.7055241,0.1334765,0.1854052
-0.04078406,-0.102271,0.3947954,0.04588293,-0.3508174,-0.009049572,-0.301741,0.00848863,-0.1651442,-0.0156358,-0.005702161,-0.1274271,0.0003460178,0.1811586,0.5336107,-0.05139142,0.3420386,0.0001317231,-0.2277696,0.04129606,-0.009601558,-0.02787501,0.3336708,-0.02307536,-0.9604214,-0.05575219,-0.004961253,-0.2929953,0.07775087,0.3295553
0.3826945,0.008473108,0.3895308,0.195786,2.713384E-05,0.558816,-0.2619697,0.3681172,0.0005813241,0.1561626,0.008480525,0.1996949,0.135257,-0.1579558,-0.4491836,-0.172705,0.04990311,0.149445,0.4367214,0.003685837,0.08030842,-0.1592405,-0.3766835,-0.03038288,-0.7865408,-1.665369,-0.2351945,0.02354095,0.4228979,-0.1462939
0.2016312,0.007910356,-0.4577315,-0.153647,-0.002045907,-0.3872578,-0.3538443,-0.09048229,-0.2909912,-0.05746591,-0.3260671,-0.3733898,-0.05732304,-0.6960716,-0.002123165,0.04098791,-0.400368,-0.3255246,0.003477654,0.01482041,-0.780951,-0.0306986,-0.1229835,-0.0797804,0.08637315,0.4560449,-0.08625704,0.00191492,-0.000923563,-0.1135206
-0.1110763,0.05173498,0.02208528,0.9704618,-0.2300346,0.1400781,0.4543537,-0.001486975,-0.1634049,0.2438896,0.3759089,0.6148723,-0.2118139,-0.04473081,0.6933439,-0.07982735,0.2398085,0.2111048,0.04718235,-0.4052482,-0.0114619,0.04244374,0.1203558,-0.3951743,-0.08029789,-0.4420556,-0.03528219,0.2381915,-0.2516334,-0.1231139
0.2848226,0.3228757,-1.909792,0.04194683,-0.2754855,0.07915823,-0.1983309,0.2106507,-0.4504434,-0.009608714,-0.1376873,-0.1028725,-0.4647099,-0.4709461,-0.2189081,0.4184694,-0.003589332,0.6006287,0.3687607,0.006331793,0.005438949,-0.370212,-0.2280539,-1.451975,0.03103249,-0.06398484,0.5862449,-0.08807016,0.0843538,-0.003362973
0.3716374,0.4159389,0.2112952,-0.1489159,0.1899967,0.2921373,0.434553,-0.1202402,0.3290327,-0.01687275,0.0128539,0.4813196,0.000410469,0.1103294,-0.3110892,-0.3854498,-0.4549111,-0.1791196,-0.4268533,0.4349523,-0.3847603,-0.3616674,0.1972507,0.03146935,-0.06182414,-0.3305454,0.3643926,0.1312302,0.01858065,-0.002816025
-0.2318734,-0.001009524,0.008403825,0.09880242,0.01362592,0.2030995,-0.03877928,0.07179671,-0.4291131,0.06340946,0.001528645,-0.08325844,0.0005406028,0.3871502,-0.3087835,0.01356594,-0.02232471,0.1676223,-0.01336295,0.02635622,0.764993,-0.1797968,-0.2361966,0.4684609,-0.142769,-0.009802476,0.3997897,0.02632695,-0.9886206,-0.3173981
;
-0.5920615,0.03957432,0.2600626,0.3173356,-0.02628902,0.01545814,2.408753,0.003122151,-0.2609608,0.3620173,-0.02013029,-0.02830283,-0.4885608,-0.3220414,0.6608129,0.2102594,-0.03337293,0.01895517,-0.01882031,-0.01259908,0.1666826,0.09370743,0.4739347,0.0001149058,-0.09427482,-0.05301628,0.04396123,-0.3377662,0.2048487,-0.2712896
-0.06655142,-0.03076793,-0.2789557,-0.2010391,0.06619638,0.1996897,-0.07341284,0.2508592,0.04613405,-0.0005251841,0.03185946,0.0446602,-7.439239E-05,0.9272707,0.02349258,0.1565333,0.3105109,-0.1860587,-0.3457478,-0.08175392,0.07083364,-0.1441612,-0.3058634,0.0001397553,-0.1182141,-0.008219557,-0.01253229,0.0491218,-0.0919444,0.4381342
-0.008231731,0.4265997,0.47864,-0.3966876,-0.15452,0.006779052,0.08312453,-0.4123676,-0.07940889,0.2949039,0.05871553,-0.001387739,-0.06944573,-0.3807471,-0.0077914,0.4499536,-0.3656422,0.05368561,0.8633066,0.1601324,0.002652706,0.009498946,0.4419116,-0.03380862,0.4318743,-0.07419648,-0.1277911,-0.3951831,0.01915041,0.07849856
;
0.1730922
-0.1478976
0.1137466
-0.03273672
-4.810954E-06
-0.4531001
-0.3146317
0.1863763
0.02841585
0.05297994
0.0003767117
-0.02786136
-2.710291
-0.006362365
0.5986377
0.08594621
0.4585606
0.126886
0.3634624
0.2856758
-0.2917708
-0.1268632
-0.2152557
0.3313867
0.02173465
0.1852122
-0.3872561
-0.005997322
0.3506279
0.443305
;
-0.07663182,-0.09059292,-0.09146437,0.001739837,-0.131477,-0.134531,-0.01809477,-0.357344,0.1110802,0.09838611,0.2251854,0.008828222,0.0001941901,-0.09160208,-0.1226755,-0.0006630839,0.002763624,0.0787512,0.06811601,-0.08209997,0.1511294,0.2322252,0.2063064,-0.2115537,0.09544817,-0.2112843,0.2597421,-0.3247316,-0.04575468,0.2279638
-0.2929733,-0.03149754,-0.2718284,-0.1932061,-0.2986382,0.3758484,-0.0882349,-0.02193194,-0.2188373,0.4814816,-0.166477,-0.08895385,-1.089092,-0.0005522411,0.1441355,-0.2765995,-0.03935546,-0.01270777,0.1221415,-0.03004164,0.0001358194,-1.251299,0.06978626,-0.09046262,0.2306614,0.3696567,-0.04201151,0.1318655,-0.4074212,0.06419586
0.007439545,-0.1084614,0.3956439,-0.1188978,-0.03300372,0.0003359583,0.444012,-0.2269745,0.5198387,0.02501232,-0.0002344268,0.1135265,-0.2559346,-0.5584235,0.4286249,-0.354758,0.4785582,0.002447733,-0.3187685,0.2712207,-0.0005331307,0.3850549,-0.02264222,0.06321563,0.09852289,0.1484284,-0.7010836,0.03054363,0.02122393,-0.4744302
-0.6411111,0.02487023,0.5217327,-0.2312324,-0.09483906,0.002720354,-1.347755,-0.2315755,-0.4690113,-0.04388313,-0.01732936,-0.218829,-0.0202324,0.004736566,-0.3149163,-0.01425661,0.08168711,-0.01253609,-0.2650231,-0.4886863,0.5431387,0.1129032,-0.1547365,-0.1882102,0.1370976,-0.3555327,0.218501,-0.1094073,0.01973789,0.2564121
-0.1329163,-0.3332312,-0.7121366,0.05011844,-0.4948398,0.001259901,0.181715,0.4083945,-0.007894337,0.05786213,0.3549696,-0.1108355,-0.02412228,-0.2739686,-0.4369224,-0.0006303011,0.03004427,0.2659378,-0.1224958,0.2784785,-0.2428531,0.483066,0.1521158,0.05956873,-0.05870211,0.3357818,0.5030147,-0.6946523,0.1806456,0.3065197
0.1626847,0.03548127,-0.06897274,-0.1022061,0.6071695,0.1478109,-0.2243049,-0.1398147,-0.3056453,0.3087813,-0.5876008,-0.009715679,0.4516823,0.001180772,-0.4752724,-0.158089,-0.01349181,-0.1646151,-0.02050429,0.08427611,-0.2764106,-0.4269456,-0.04199334,-0.05288377,0.09237543,-0.08292247,0.07978219,-0.4632871,-0.1037389,-0.2637415
-0.08669525,0.1504068,0.7248018,-0.169835,-0.03021547,-0.07303208,0.1343555,0.1226538,0.3760684,-0.03447157,-0.006440771,-1.304755,-0.7198483,0.06190338,-0.0001067175,0.0005301294,0.4103352,-0.05614763,0.3621878,0.3045361,-0.06832403,-0.1118858,-0.1137564,0.05026269,0.0886336,-1.099475,-0.2865887,-0.01103369,0.3660423,0.1215687
0.05664726,0.4260727,0.5190622,-0.4371044,-0.6241401,-0.7824159,0.114041,-0.2128018,0.1431039,0.1018991,-0.5836738,0.002211511,0.2886115,0.1604519,-0.100039,0.1276732,0.00338367,-0.2502897,0.09993743,-0.3655131,0.07062525,0.2445446,-0.3914299,0.01508431,-0.09700098,0.1151827,-0.2730143,-0.05154997,0.0008667326,-0.119534
-0.5127305,-0.1919079,0.6698859,0.2649329,0.2399971,0.391476,-0.4500424,-0.07949129,0.1972068,-0.02016003,0.1434966,0.1056541,0.008538666,0.08775228,0.2630085,-0.1145709,-0.234899,-0.2352338,0.1772336,-0.3147627,-0.02172195,0.01828844,-0.1544818,-0.1612706,-0.2745581,-0.1111077,-0.4808578,0.337666,0.4303957,0.1313041
0.3270174,-0.1432253,0.1494981,-0.1010821,-0.6458814,1.029567,0.1361945,-0.126038,0.01663604,0.3285332,0.2616784,-0.03980363,-0.255895,-0.1305115,0.05539954,0.3642374,-0.8945042,0.1432694,0.1314491,0.008666834,0.381845,-0.2254023,-0.1167147,-0.3208176,-0.03163994,-0.2222354,0.6502369,-0.1110987,0.2601969,-0.08021456
-0.000471697,-0.07678948,-0.2172478,-0.2479716,0.002433089,-0.2153034,-0.5050533,0.4579374,-0.478285,-0.03101168,1.445337,-0.2600278,0.04085904,0.2888781,0.5893698,-0.4916928,-0.02050513,0.2982339,0.1012716,-0.01304977,0.06717043,-0.1224712,0.3000358,-0.09257004,0.08329464,-0.2025679,-0.06957427,-0.3690715,-0.06423157,0.3665497
-0.0216182,0.3611628,-0.3709094,-0.5737333,0.1034367,-0.3286219,-0.8334389,-0.2052427,0.2403114,0.01296895,-0.08573133,0.02847725,0.11717,0.01197441,0.03921598,-0.04553133,-0.1336727,-0.02174288,0.0008339829,0.3651152,0.07489392,-0.007627636,-0.1725168,0.0146291,-0.3261471,-0.005150646,-0.1574861,-1.773787E-07,0.2137151,0.001267693
-0.1090778,0.01339157,-0.3986285,-0.9532753,-0.2527799,0.1226488,-0.2120538,0.6790158,1.343005,0.08758907,-0.005743284,-0.1346656,-0.3534077,0.1473247,-0.5360654,0.7022054,0.04506451,-0.4539204,0.1237671,0.01921438,-0.1474503,0.04668098,0.02175761,0.2699995,0.01132371,-0.004978903,0.5995593,0.5336136,-0.25647,-0.0508746
-0.375723,-0.6377907,-0.001511506,0.135697,-0.4587922,-0.02865558,-0.3246654,-0.4341557,0.007707899,-0.09224596,0.1898967,0.1983544,-0.01064942,0.4120824,-9.297424E-05,-0.02502225,0.07176644,0.2487182,0.1905851,-0.4816813,0.151071,0.8960713,0.001596684,0.2715331,0.1331801,0.2383687,-0.2726294,0.02586421,-0.2137321,0.02980128
0.2448016,0.3599557,-2.345676,-0.02464095,0.2323665,-0.4286235,0.08805656,0.02131751,0.4814201,0.0110954,0.2479063,0.009929882,0.03009316,-0.06513865,0.1995651,-0.3173947,-0.4326661,1.019169,0.3696216,0.305177,-0.0001895679,0.1125751,0.001775095,-0.09557364,-0.2911643,0.1613933,-0.204926,0.1349477,-0.04140502,0.01205736
0.1718011,0.2734325,0.3509948,-0.000102752,-0.9551668,0.008518962,0.002689158,-0.02921843,0.01238548,0.06876569,0.03851033,-0.664797,1.586301,-0.4149179,-0.09295525,0.00416345,-0.03936582,0.01671618,-0.405046,-0.1865662,-0.1330936,-0.4925915,0.3218499,0.05109808,-0.599153,-0.4945236,0.01367313,0.3282206,0.2349101,0.2667994
0.6036525,0.055221,0.01415983,-0.03340986,0.2787545,-0.2800368,-0.07310671,-0.6633065,0.1368284,-0.1091335,0.0002623407,0.4100984,-0.0008637895,0.3352686,0.1313675,-0.02934503,0.08444506,0.5299355,0.3152421,-0.174231,-0.3123329,-0.08196704,0.002978836,0.1498456,-0.0004187533,0.5625051,0.1810783,0.5350395,0.2318198,0.4084123
-0.1939107,-0.1124429,0.0614029,-0.03266625,0.4079782,0.0323808,-0.06162076,0.01114649,0.1014889,-0.3638791,0.273702,-0.4520147,0.4976977,0.3550802,-0.3558379,0.3166313,-0.3429091,0.02183763,0.002012789,-0.1107576,-0.004407738,-0.0242663,-0.1061792,-0.4997582,0.0556138,0.396695,-0.3683056,0.09805408,0.7412476,0.009164457
-0.2269958,-0.005346512,-0.4070618,0.1416471,-0.009409328,0.2854732,0.2898121,0.002495196,-0.2593893,0.03385612,0.7014969,0.1077421,-0.3097438,-0.2318969,-0.06352292,0.1233056,-0.01438874,-0.33474,-0.4560973,0.1145775,-0.2609835,-0.1110486,-0.2982365,-0.02183762,0.0299396,0.2191582,0.1810722,0.07487974,-0.4591509,0.03953992
-0.04658831,-0.05178418,0.2629601,0.004723738,0.004192523,0.03942281,-1.989927E-05,-0.08018094,0.1105017,-0.1271637,0.009398133,-0.1528746,0.3863698,0.01062964,0.3203044,0.1056061,-0.4237772,0.04822807,-0.00384607,0.2798208,0.007756675,0.1981823,1.292639,-0.4376416,0.1221028,-0.002398098,-0.0628441,-0.00242924,-0.1738805,-0.08802003
2.005168,0.04187916,-0.3258137,0.3560504,-0.0617873,0.3834443,-0.3366811,0.228113,-0.426085,1.152565,0.1072791,0.4207186,0.05486156,0.02450585,0.1731762,0.007790148,0.2019356,0.1171464,-0.1661598,0.2251997,-0.1124436,-0.4326741,0.5571719,-0.1648511,0.3473433,-0.1297214,0.00016011,-0.03616412,0.009406769,-0.0287291
0.007895163,0.1495009,0.01689572,-0.6748831,-0.2227792,-0.04354174,0.02614554,-0.2402164,-0.02236805,-0.08687349,0.02628043,0.1437364,-0.03937115,-0.2564144,0.1434138,0.01266629,0.08717912,0.02400044,-0.3781621,0.1798701,-0.5199541,-0.02041089,0.07505029,0.005739514,-0.05725626,-0.1536906,-0.008652988,0.4514818,0.008454594,-0.01120387
-0.001773575,0.3207941,0.01010409,-0.1076397,-0.1108809,0.3046538,0.07812375,0.4849325,0.4036798,0.2236829,0.003195236,-0.0004931694,0.3881003,0.3977536,-0.2159626,0.1936249,0.1584279,0.3413198,0.06664568,0.03315635,0.05589501,-0.1596313,-0.01098852,-0.09064069,0.2339127,-0.2337293,0.002818111,-0.3817264,-0.008259462,0.2974428
-0.144457,0.0614992,0.09441473,0.4348151,-0.405727,0.1964756,-0.4718522,0.1962271,-0.05298108,0.01333537,-0.01367741,0.09705733,0.005432543,0.8492173,-0.09016521,-0.09519048,0.1955255,0.4802421,-0.4148366,-0.2672789,-0.3040654,-0.0427658,0.06591433,0.335314,0.1683375,0.1735576,-0.000580103,0.08035291,-0.01821548,-0.3475875
0.2721566,-0.1174282,-0.4777638,-0.1136352,0.1759354,0.1033266,0.502017,-0.08140779,-0.3024091,0.03819865,-0.2573575,-0.4237281,-0.2209665,-0.2077919,0.2448055,-0.4791562,0.4549994,-0.3891203,0.02429304,-0.191049,-0.04010435,0.2071437,-0.002637798,0.1450465,0.2140299,0.1309425,0.4094061,-0.09139679,-0.1074718,0.6364439
-0.3834345,0.01068952,0.4723636,-0.1434449,-0.08580741,-0.04157537,0.09758113,-0.03741475,0.1082317,0.2874427,-0.09830825,-0.0487024,0.01704913,0.2186425,0.2126373,0.893141,0.3785654,0.1117951,0.3936841,0.3410649,0.2658637,-0.02680583,-0.4995593,-0.01999468,0.1981521,0.01016156,-0.01722645,-2.204859,0.02224665,0.1059793
-5.488878,-0.1075297,1.047431,-0.003736175,0.4250436,-0.005353002,-0.1529156,0.1197326,-0.2171524,0.2315992,-0.04114934,-0.2194599,0.007980396,-0.0426628,-0.002514724,0.8560213,0.001804363,-0.1844568,-0.01463784,0.01024283,0.02448467,0.5343889,0.4225118,-0.209888,-0.1425335,0.0474444,0.004974156,0.12573,-0.02982226,-0.5229665
-0.4981395,-0.07415157,0.06077746,-0.4537938,-0.4428786,0.2296622,0.146822,-0.04183131,0.2177362,0.004239857,-0.05245835,-0.251543,0.3239042,-0.3925034,-0.02262198,0.0185923,-0.05224605,0.07102708,0.5084296,0.4346022,-0.0608627,0.3859435,-0.294688,0.04081999,0.1126863,-0.0248279,-0.1258478,-0.3473908,0.09184093,0.3811789
-0.4277706,0.2727025,0.1094395,0.2463701,-0.1403506,0.05928892,-0.03579308,-0.2456562,-0.02298206,0.09186614,0.3193124,-0.003077626,-0.8437469,-0.009808849,0.7160038,-0.2732283,0.139634,-0.2248953,-0.3825325,-0.3957214,0.1343173,0.1567322,0.2496779,-0.06008488,-0.3755378,0.2983735,0.3386304,0.5521584,-0.6506945,-0.2959282
-0.007714309,0.05907847,-0.02048217,0.02119014,0.4963768,0.7748252,0.1094458,0.004052476,0.1181391,-0.01335496,0.798129,0.05672697,0.3067645,-0.01704709,-0.2415855,0.4404484,-0.5125386,1.290425,0.06329187,-0.2019228,0.2858279,0.05728592,0.2062856,0.4780492,0.09891394,-0.4784073,0.02726599,-0.4441276,-0.03101085,0.4368059
;
-0.02576214,-0.327396,0.2209337,0.2764225,0.04008058,0.4177119,-0.4787269,0.7939848,0.1407634,0.2175602,-0.05421356,0.002866365,-0.1240088,0.3789615,-0.363739,-0.6460602,0.452004,0.03157676,0.1725824,-0.002364158,0.337003,-0.3086296,-0.5345809,-0.1506328,-0.07158079,-0.6771269,-0.2542252,0.0968267,0.1603905,-0.09861174
0.4673561,-0.1731248,0.4841328,-0.03247931,-0.4870751,-0.07988876,-0.2746248,-0.02185323,0.1163481,0.3121812,0.1637436,-0.3630557,0.42632,-0.06077708,0.3049989,0.0009129647,-0.05317646,0.3840865,0.06958395,0.3493655,0.2090279,-0.001286024,0.01879615,-0.4863617,-0.2787916,0.07098713,-0.3509321,0.08492832,0.06711838,-0.09828389
0.1844562,-0.1084451,-0.1347451,0.1802168,0.1546103,0.1319299,0.2066119,-0.05788933,0.01104466,0.3851985,0.1474644,-0.106031,0.00589692,-2.971222,0.2349265,0.1428681,0.08455496,-0.1617097,0.02138132,0.0458926,0.0006779341,-0.4740124,0.02762404,-2.066478,0.377037,0.171657,0.02174284,0.8170676,-0.02315514,-0.2465817
;
