-0.03278859
-0.5482842
0.2016443
-1.119154
0.4607101
-0.3264011
0.2495171
0.2140303
-0.2528715
-0.5651718
;
0.2998587,0.490896,-0.07338501,0.5685927,-0.2362604,0.1808012,-0.1288978,-0.745944,0.09877175,0.3271936
0.003617164,-0.5450809,-0.1826593,0.4582145,-0.03349949,-0.1044804,0.04179325,0.08721747,-0.1388736,0.04904932
-0.1074351,-0.01312645,0.2779956,-0.381822,-0.1839645,0.002221608,-0.1462495,-0.9343894,-0.1706854,0.08363268
-0.3969959,-0.001562851,0.2610584,-0.04696376,0.002789069,0.01584879,-0.01918212,-2.823691E-06,-0.4568591,0.2965057
0.1092174,0.001897654,-0.3182963,0.2523029,0.8355025,-0.03121611,-0.2731943,0.005315483,0.143575,-0.3632929
-0.1663044,0.822404,0.1308502,-0.2183803,-0.002083245,1.589504,0.06074029,0.04035643,1.802223E-05,0.04632729
0.2021402,-0.03416683,-0.3808499,-0.2541145,-0.01811107,-0.4652839,-0.01205215,0.02267486,0.6364549,0.3724239
-0.2566147,-0.1771978,0.3742083,1.243609,0.0178859,0.5215108,0.4072275,0.3589504,-0.6302221,0.2234729
2.090863E-05,0.1250069,0.0001592325,-0.5271402,-0.005150198,-0.02962989,-0.0005227625,0.0128397,-0.05001003,0.375793
-0.001036138,-0.008815541,-0.2667521,0.4260267,0.3512596,-0.1283523,-0.05562375,-0.401922,-0.07812429,0.1973009
;
0.02963585,-0.1609282,-0.3015041,0.0221352,0.4311806,-0.02944701,-0.6340275,0.3256634,0.07239243,0.3208357
1.563286,0.0132778,-0.08591726,0.07434094,-0.3611238,0.2119927,0.3608268,0.001064656,-0.00465277,-0.007680766
;
-0.02229504
0.4011559
0.5925274
0.05249689
-0.09395809
-0.3325108
-0.1746982
0.1269402
-0.001114959
0.02504016
;
-0.3275931,0.2761382,-0.2566032,0.03061344,-0.09564351,-0.06284889,-0.3707466,-0.3232684,-0.1693076,0.2318206
-0.05453795,0.8883096,-0.05927805,0.03072802,-0.213912,0.1135702,0.5045241,0.2704483,-0.001491495,-0.01121121
-0.3756551,0.2689204,-0.002980333,0.1471611,0.08065537,0.01705195,-0.05304059,-0.02409106,-0.2229696,-0.2593797
0.3336871,-0.1762787,0.007176382,-0.1953174,-0.2385003,0.249197,0.1196849,-0.5407462,0.06203697,-0.07125103
1.189721,0.3079946,0.05469495,-0.06740567,0.04861248,0.01201661,-0.1140153,-0.1404977,-0.002413054,-0.01809295
-0.2348325,0.07143766,-0.4479758,-0.06877093,0.2938612,-0.2029825,0.03753101,-0.006582844,-0.1148633,0.7733305
-0.4232472,-0.5394693,-0.02478335,-0.607747,-0.3066542,0.07013007,0.4234188,-0.4801211,0.03629536,0.1235447
-0.02792524,0.3119242,0.005492151,-0.06606103,-0.4030961,-0.2327052,-0.3371751,-0.1219732,0.02729398,-0.7351926
-0.005873369,0.43873,-0.0362347,-0.1230103,-0.3749399,0.1534498,-0.3768724,0.8168468,0.05811874,-0.450714
0.1870769,-0.4148208,0.1790132,0.9412755,-3.480976E-06,0.1673974,-0.005633,-0.4197373,0.07124358,0.004993028
;
0.4743634,-0.05255268,-1.45415,0.003141885,-0.2469654,-0.09686959,-0.003865141,0.02425408,0.4430407,0.0089714
0.4590597,-0.09459347,0.3522553,0.01329258,0.005514992,0.04684208,0.1666922,-0.08023924,-0.2533261,0.07461445
-0.2720853,0.148327,0.3233634,0.0989458,0.2050897,-0.4552236,0.6422331,-0.1465768,-0.01089626,0.001865022
;
