-0.02189857
0.4744647
-0.5755597
-0.6045628
-0.001076246
-0.001759742
-0.004732328
0.02736869
0.6805426
-0.3014545
;
-0.04695501,-0.009930343,-0.08940643,0.1725701,0.2013335,-0.07676174,0.0617109,-0.5827927,-0.09877175,0.3306352
0.01685714,0.00672301,0.3862392,0.01532871,-0.46543,0.1390178,0.01025903,-0.06461884,0.07381313,-0.5489212
-0.348099,-0.1948145,0.4029392,0.381822,0.25624,0.6535864,0.3869941,0.9343894,0.109394,-0.08363268
0.2463035,0.001562851,0.03052749,0.02763076,-0.3322093,-0.01258641,-0.1470975,-4.389634E-06,-0.365584,-0.2299601
-0.08163067,0.008823344,-0.6939949,0.1346886,0.4793744,-0.0100125,-0.2675226,-0.6461946,-0.3034877,-0.3632929
0.3174238,0.4481623,0.2525827,0.2183803,0.06683248,0.8800622,-0.01527399,0.03607914,0.0007375273,-0.01146764
-0.06971443,0.07955109,-0.2168242,0.4778081,0.06629325,0.4582533,0.2401364,-0.4405312,-0.5776535,-0.3006434
-0.3294524,0.1771978,-0.277555,-0.4597224,-0.4969594,-0.05311531,-0.3579586,0.4235686,-0.2778578,-0.8092317
8.09325E-05,-0.06708425,0.0001637034,0.06986767,-0.0255745,-0.3598951,-0.01444122,-0.0843062,0.1464456,-0.4817653
0.0283298,-0.008815541,-0.4422311,-0.3154153,0.3512596,0.6843755,-0.1220319,-0.04222388,-0.08730462,0.214475
;
-0.003934801,-0.1322697,-0.3459016,1.08443,0.1284399,-0.1173081,0.1017611,0.01047041,0.4776025,-0.3319876
-0.4674224,0.3995522,-0.001931599,-0.07189959,0.172026,-0.2799731,-0.1618762,0.01744096,-0.05770288,0.3740504
;
0.02229504
-0.1482035
0.2375444
0.1055086
-0.09395809
-0.2459475
-0.1746982
0.08132751
-0.3431782
0.01369121
;
-0.4975465,-0.09601171,0.1492393,0.03716487,-0.4080969,-0.3826699,-0.05130702,-0.6212994,0.07909606,0.05470689
0.4119506,0.439526,-0.03242344,0.5784388,0.3556445,0.2595949,-0.2313611,-0.1483269,0.01810431,-0.01121121
-0.161656,0.2689204,-0.005178337,0.1336091,-0.08065537,0.0788459,-0.05304059,0.4721991,-0.3211873,0.4625789
-0.0004748879,-0.06241995,0.03605334,-0.01061119,-0.001585188,0.2519508,0.4324498,0.08911543,-0.4449805,0.04262853
1.002078,-0.2271535,-0.05189455,1.098381,0.02587861,0.1243729,0.213911,-0.04536957,-0.2518904,0.1725927
-0.1265455,-0.02998397,-0.001979702,0.1314238,0.1335153,0.4242346,-7.575973E-05,-0.02237642,0.1620401,0.5641452
-0.1041619,0.01483676,0.0005793577,0.695744,-0.01167016,0.3201462,-0.1814067,-0.4801211,0.06405073,-0.1175508
0.0924709,-0.3119242,-0.149931,0.06606103,-0.4480797,-0.2448794,-0.7016516,-0.4007111,0.02220851,-0.4111554
0.07355589,0.08452062,0.1613408,0.4803785,0.0007813607,0.2914829,0.3768724,-0.1711344,-0.08911388,-0.26009
-0.1212031,0.4020461,0.2708142,-0.6565723,1.733238E-05,0.3777514,-0.003363626,-0.1407226,0.7905486,-0.4277868
;
0.594583,0.3139367,-0.5353435,-0.003385423,0.4458275,-0.04700012,0.05808419,-0.05458581,0.4106386,0.0089714
0.03674465,0.5968326,-0.3522553,0.08041745,-0.004117826,-0.0127695,0.1666922,0.3988955,-0.4825046,0.07461445
0.2720853,0.4810146,-0.2191543,-0.1090992,0.006532233,-0.189537,-0.4057536,-0.1083378,0.3283783,0.00123436
;
