0.2586278
-0.3059388
-0.007480657
-0.2900668
-0.09584671
0.01524531
-0.29264
0.3776023
0.2734653
-0.3326994
;
-0.5233796,0.08601615,0.674857,-0.3244827,0.01189391,-0.3206944,0.2548496,0.3540729,-0.4064029,0.07484013
-0.1935143,-0.007298633,0.4065201,0.4197257,-0.2547822,0.1750653,-0.129363,-0.3304452,0.3125794,-0.09283189
-0.2097806,0.3809466,0.3883545,-0.009513006,0.04630762,-0.03037018,0.3023937,0.009211754,-0.09446834,-0.3352945
0.1383906,0.05590277,-0.1342077,-0.1304031,-0.1946569,-0.4216608,-0.192578,0.09540325,-9.569755E-06,-0.682866
-0.4858643,0.08324987,0.3758138,-0.4472133,-0.3159016,-0.08784827,0.06414251,0.3392823,0.41831,0.3376191
-0.0009313217,0.0406726,-0.3405524,0.02679355,-0.4143255,-0.2135415,-0.03692657,0.208863,-0.1861214,-0.2510725
0.1438985,0.08466524,0.2818248,-0.2851971,0.1518664,-0.4744596,0.2542548,-0.00572732,0.1666686,-0.6008991
-0.3200245,0.002819954,-0.8052837,-0.1168346,-0.216155,0.00449415,-0.03895627,0.004871988,0.008507669,0.3448815
-0.1202354,-0.2536621,0.394209,-0.02988975,0.3433939,-0.04146471,1.516614,0.2170641,0.5016974,0.3898661
0.1195317,-0.4351401,-0.03659382,0.4460003,-0.5184109,0.1576751,0.4655113,-0.1015829,-0.01561707,0.1492388
;
-0.0008100851,-0.002534568,-0.2773753,0.0005795673,-0.01186616,-0.05043625,-0.01113259,-0.02944726,-0.4160676,0.4168998
0.04358345,-0.06699778,0.01430348,-0.49742,0.1332146,0.4947816,-0.03495195,0.02128655,-0.013776,0.01533836
;
-0.01606106
0.5301374
0.1780252
0.3855907
-0.3303068
0.2459475
-0.3550149
-0.08132751
-0.3431782
-0.02133068
;
-0.08369484,0.09122614,-0.1492393,0.3537486,-0.2119919,-0.4601156,0.353043,-0.3286998,0.07909606,0.4914954
0.1228614,0.09728391,-0.06451014,0.4376004,-0.05463737,0.3321283,-0.9185148,-0.3951502,0.08998626,-0.02876569
0.06069503,0.1595232,0.3098258,0.3506681,-0.2784401,0.2288296,0.2129105,-0.1373869,0.2343967,-0.6524592
-0.0004748879,0.08969248,-0.4502027,0.02794101,0.002743879,0.2519508,-0.4753835,0.4670319,0.3460703,0.06446725
0.2789392,-0.4928045,0.07210237,1.241633,0.02587861,-0.1278034,-0.3362933,-0.3286543,-0.1520999,-0.009544395
0.1368707,0.2042257,-0.00425759,0.155715,-0.04275186,0.4148923,-5.105482E-05,0.00983047,-0.04539806,0.5641452
-0.3122222,-0.01552281,-0.000380658,0.2151321,-0.3674138,-0.4220332,-0.1814067,-0.5555494,0.2708664,-0.001787112
0.08604287,-0.0253179,-0.4036767,0.03722044,-0.4223076,-0.2340707,-0.4790778,-0.005427017,0.02220851,-0.2783227
-0.06319059,0.1802739,0.5338926,0.002633893,0.00134885,-0.2207842,0.01602497,0.1149702,-0.6334732,-0.2476696
-0.4042737,-0.3508037,-0.1359624,0.4049855,-1.733238E-05,0.1030424,0.001937,0.1407226,-0.06206238,-0.2633264
;
0.5568205,0.0005444774,-0.3638913,-0.0138058,-0.1291152,-0.04012445,-0.431614,0.1282581,-0.07898389,0.4109008
-0.4622207,0.5968326,-0.4791646,0.01936591,0.007568341,0.08788947,0.05650573,-0.4190219,0.2064983,-0.3085469
-0.2720853,0.2960305,-0.2822921,0.1111159,-0.177218,-0.05321962,-0.2954599,0.07897812,0.1753161,0.04970844
;
