-0.2408318
0.5230849
-0.01036592
-0.1042818
-0.0008315931
0.02278414
-0.4815632
0.4293839
0.2536438
-0.6487693
;
-0.2047284,0.04863654,0.4709361,0.004791453,-0.07441517,0.03661149,0.4954668,-0.004438106,-0.03131074,0.04667262
0.9611729,-0.8835722,-0.437839,0.0001397826,0.006016559,-0.1803249,-0.0158198,-0.09991631,-0.3109668,-0.1775976
-0.1534384,0.5092654,0.1265611,0.4534196,0.1860037,-0.04097525,2.304337E-07,-0.009718359,-0.3478672,0.007275045
0.4654382,0.5414082,0.2245277,-0.4754232,-0.1931207,-0.2869512,0.4387101,0.006038305,0.2166678,0.07552739
-0.2104753,0.1537587,-0.6293113,-0.2312737,0.02038162,-0.1203366,0.4599749,-0.3440689,0.03078672,0.01536769
0.01337343,0.1376003,0.04977852,0.01468203,-0.001268822,-0.08785529,-0.2555894,0.2156642,-0.01590844,0.359622
-0.8575122,-0.01679351,-0.009692817,-2.416561,-0.4452986,-0.1589925,-0.5245151,0.8923861,0.04041754,-0.3504215
0.4090691,0.5205798,-0.306375,-0.07728964,-0.2366646,-0.2062998,0.05709754,-0.2248292,-0.5531536,-0.06878692
-0.09861796,-0.1351853,0.01583276,0.2074404,0.1494947,0.01082339,-1.710713,-0.01585267,0.2908482,-1.469756
0.0008669496,-0.07806271,0.02326404,-0.05360406,0.3398062,-0.1785147,0.02140707,0.1454957,-0.03709047,-0.1530709
;
3.733014E-05,0.0820936,0.4613048,-0.1089664,0.3885428,-0.1421299,-0.3045924,-0.5672596,0.1066543,0.005125575
-1.825269E-08,0.1976268,-0.2954922,-0.0009414882,0.3141099,-0.2605514,-0.01342748,0.02464241,-0.044222,-0.0005220022
;
-0.004746642
0.4592437
0.0241198
-0.1243171
0.0111303
0.009522578
-0.02641453
-0.4475129
0.2820799
0.3820142
;
-0.1615959,-0.1127356,0.3233067,-0.2918339,-0.03641058,-0.02744102,0.575743,-0.01425821,-0.02017474,0.1184297
0.128494,0.1753149,-0.006792967,0.0818866,-0.2092325,0.04671734,0.09844164,-0.09919881,-0.3768524,-0.1303636
-0.004329026,-0.482153,-0.09001531,0.2857924,0.05382301,0.1553854,-0.0489345,0.04668118,-0.3764749,-0.6165453
-0.1945162,-0.3223557,0.3065922,-0.07062993,-0.1441421,0.4463452,-0.3931622,0.0004583736,0.1125593,-0.1728475
-0.324408,0.8674546,1.888703,0.2682232,-0.09315009,-0.4025357,-0.4628775,-0.02729832,-0.2250391,0.260105
0.7053711,0.2574131,-0.0008177952,-0.01859635,-0.06718906,-0.08527952,0.2128426,-0.04918238,0.1414093,0.3764735
0.2829874,-0.1424669,-0.006810068,0.0004598796,-0.09344288,-0.6015863,0.0001113635,0.248089,0.5738057,0.07155111
0.4791969,-0.05425256,0.8745483,-0.4727663,-0.2810751,0.3615211,0.03936129,0.02275527,0.005599754,0.005086449
0.0007397434,-0.5249029,-0.2454426,-0.02054967,0.3947138,0.08201367,-0.7475088,0.307732,-0.4266168,0.07791811
0.5292439,0.2217638,0.5271847,0.08481986,-0.4760153,0.0004902094,-0.1533789,-0.1355034,0.2206439,-0.2414375
;
-0.6511506,-0.2117175,-0.007632053,0.1504426,-0.2867708,0.2364585,0.1372951,-0.007183027,-0.03294226,0.01927138
0.3759274,0.3421043,-0.05020124,0.217819,-0.09616047,-0.4354601,-0.01146991,-0.3743722,0.2913741,-0.6491631
-0.5008272,0.1987545,-0.3376844,0.1323339,0.3026158,0.0563857,0.09302308,0.2556646,0.08813936,0.4848844
;
-0.1662133
-0.3471926
-0.2912249
6.09543
-0.0009205361
-0.1430978
0.03591878
-0.07528169
0.08683211
0.02192997
0.0432209
0.8577624
-0.1019725
-0.08708172
0.005382647
0.3417873
-0.2959981
0.2170583
-0.03533703
-0.459174
0.4213151
0.001462506
0.2049646
-0.06528685
-0.2633009
-0.080355
-0.2818252
-0.3858861
0.02345708
-0.1878906
;
-0.02776843,-0.3216567,0.4003092,-0.3740331,-0.1461743,0.005145347,-0.013194,-0.4087123,-0.3721404,-0.09618035,0.4076753,-0.9678743,-0.1335753,0.09653941,0.2769978,-0.5352606,0.0001686529,-0.09933657,-0.8412463,0.7318467,-0.3403878,-0.4580331,-0.01944331,-0.01765472,-0.03341312,-0.2994443,-0.04501835,0.502932,-0.1784078,-0.1939778
-0.05512717,-0.2790789,-0.2598679,-0.2561301,-0.2194034,0.07898813,-0.008397217,0.3147213,0.2750272,-0.1917592,-0.07310396,0.443657,0.03540206,-0.008346969,0.2700052,0.3072755,0.06713063,0.4084684,-0.7478377,-0.1892526,-0.7008451,0.236081,0.3154539,0.4544335,-0.005784711,-0.0321944,-0.1851087,0.09560039,0.5929688,0.7614322
0.009806988,0.355579,-0.09621626,0.2253231,-0.03519863,-0.02646738,0.375105,-0.1266129,0.2311066,-0.05756799,0.1073979,-0.04728866,0.2006648,0.0282362,0.1503631,-0.7149745,0.2501018,0.01904522,-0.4873492,0.1139734,-0.0004802585,-0.3671266,0.2455982,-0.2004984,-0.3215711,0.4911373,0.1785148,-0.0864393,-0.04649054,0.1062619
-0.1436579,-0.1324852,-0.2144565,-0.07667547,0.6301041,0.06702197,0.04890496,-0.2421668,-0.3351063,0.1317358,-0.1681996,-0.04760975,0.05557648,0.01542991,0.4002423,0.478918,-0.3886468,-0.348217,0.0656644,0.04505209,0.3134027,0.3312312,0.7601367,0.3675213,0.03268392,-0.2615247,0.1070455,-0.01886022,-0.03198455,-0.07622238
-0.0182775,1.446369E-06,0.1897999,-0.01294431,-0.03444887,0.5786768,0.2795862,-0.3458425,0.6748556,-0.03704461,-0.1542506,-0.09163299,-0.665001,-0.08638719,-0.0007444973,-0.0001260675,-0.0292521,-0.02821951,-0.1776394,4.501741E-05,0.4187982,-0.03969492,-0.446861,0.03651822,0.210879,-0.1129212,0.3343564,-0.3506416,0.195624,0.004440367
-0.3143557,0.3137934,0.1054071,-0.0003717854,0.48045,-0.01508913,-0.370442,-0.0682459,-0.01372176,0.2307124,-0.05447588,-0.3945749,-0.09265257,-0.01708362,-0.02090807,0.1359286,1.312028,0.01242089,0.0176448,0.02102167,-0.7417851,-0.2371305,-0.03372829,-0.2923505,-0.4394063,0.75376,-0.0171277,-0.4187895,0.4378281,-0.05712878
0.2739099,0.3188258,-0.04543497,0.4613961,-0.004873148,0.8106167,0.02627212,0.3721582,0.7177162,0.1523112,0.3159254,0.3016712,0.1377716,-0.1973816,-0.06190384,0.0938459,-0.3624083,-0.2207957,0.05631977,0.5403438,-0.8182181,-0.5912278,-0.1521958,0.001173673,-0.1116613,-0.3426487,0.08470359,0.2486748,-0.4823745,0.8333277
0.42279,0.3981901,-0.005289741,-0.4139628,-0.07944081,0.0008094897,-1.136522,0.4793483,0.05342383,-0.4143107,-0.2197673,0.05588264,-0.04339663,0.2027497,0.1435688,-0.8529454,0.2703134,0.001753841,0.3321469,0.3752127,0.2382444,-0.0992239,0.1008705,-0.0641496,0.1560495,-0.1639034,-0.01737347,-0.02092272,0.3771181,-0.2744145
0.3514539,-0.007514823,-0.2446864,0.0413212,0.0006488381,-0.01603456,-0.002140939,0.2905182,0.4527776,0.1697267,-0.01922846,-1.005158,-0.04906435,0.1283496,-0.04066736,-0.0886547,-0.08886212,0.2694443,0.1059049,0.07331473,0.0007803247,-0.06297459,0.03161784,0.02697103,0.0002071748,0.3925218,-0.03205787,0.001246649,-0.05713244,-0.4237114
0.6263444,0.4716387,0.2207367,-0.6367775,-0.01127004,-0.09915096,-0.447331,0.2605292,0.3987097,-0.0123706,-0.3704096,-0.006993267,-0.3395689,0.05266025,0.04636651,0.3940132,0.4620675,0.2421814,0.21861,0.0003868249,0.4809773,-0.2907878,0.4516547,-0.006361672,-0.09189873,-0.2712241,-0.1971301,-0.1982254,0.1257325,-0.2544753
0.3756222,-0.2822151,0.02085469,0.08586138,0.05638486,0.1404107,0.1781202,-0.7931058,-0.1628473,-0.2013128,-0.3796973,-0.2728218,-0.009564131,-0.4730097,0.09582798,0.006011474,0.5142512,-0.02632278,-0.1368361,-0.006099928,-0.1097572,0.3785714,0.02572254,-0.2291296,-0.4403644,-0.00183931,0.02379694,-0.0001902203,0.3476686,-0.3997754
0.1068015,-0.2097623,-0.00436929,-0.1755184,-0.5209898,0.02474244,0.1547302,-0.002054219,-0.03493656,-0.3840759,0.001192862,0.4055628,0.04334718,0.2146852,0.2335979,-0.02012077,-0.07552999,-0.2830672,0.08706576,0.02270287,0.03193893,0.3001686,-0.03795361,0.4216217,-0.8619648,-1.142284,0.01982266,-0.7506531,-0.138518,-0.06164509
0.4704908,-0.4586565,-0.1469157,0.4563334,-0.05600053,0.02936935,-0.001664692,0.2560251,0.1782292,-0.8552136,-0.131909,-0.1465354,0.008870065,0.0001402883,0.01754622,0.1646056,-0.1010924,-0.2282554,0.006468655,-0.7815997,-0.2366708,0.1528578,0.0159656,-0.003288228,0.002713029,-0.01010735,-0.00352932,-0.5456008,-1.110244,-0.3740098
-0.5554805,0.01343978,0.0410921,0.07231194,-0.9022584,0.3436926,0.03950337,0.05169602,0.3918704,-1.345774,-0.003392975,-0.4207469,-0.3762237,-0.06502796,0.1291674,0.4460909,0.4310147,0.1362917,-1.175738,0.3745131,0.1827707,0.2940531,0.1190813,-0.02990109,-0.298087,0.2794485,0.04151411,0.4502733,-0.1140738,0.04394151
0.2087629,-0.11225,0.2322624,-0.3203357,-0.3184781,-0.109331,-0.4441967,-0.06693591,0.3956869,0.2959912,-0.06107217,-0.08145672,-0.03587037,0.2232168,0.2104252,-0.4012867,-0.0001597122,-0.58429,-0.1779957,-0.03401677,-0.2769953,0.4295607,0.3549697,0.06344861,-0.030003,0.3565569,0.01381102,-0.3028816,0.1283845,0.3556249
0.258057,-0.3190003,-0.1446208,-0.4394225,0.445763,0.7071438,-0.01455897,0.4263224,-0.006744592,0.04738398,0.3428843,0.01863486,0.06504388,-1.35723E-05,0.3547752,0.0007197448,0.05270155,-0.1499627,-0.04219544,-0.527372,-0.4970241,-0.002918857,0.03128418,-0.08287829,0.2252044,0.01914591,-0.2738203,-0.06474644,0.982273,-0.1889611
-0.2004344,-0.01513046,-0.4428733,-0.3618686,0.2096524,0.2415884,-0.005212554,0.4602465,-0.2033779,0.002484869,-0.3293984,0.001324076,-0.0002735385,0.2298087,0.2587396,-0.0008345515,0.2393601,-0.004170813,-0.1058435,-0.002621315,-0.573845,0.02734094,-0.001875406,-0.414902,-0.04206806,-0.1198804,-0.07832966,-0.09248158,-0.2332059,-0.339735
0.08055728,0.002705215,-0.8703319,-0.001853994,-0.2037838,-0.176618,-0.0005023126,-0.08904236,-0.2001368,-0.06017497,0.2068823,-0.4163252,-0.4165882,-0.01839249,0.0102376,-0.04448551,-0.04224206,-0.2754042,-0.07847721,0.1225899,0.2054394,0.08876973,-0.3153838,-0.05846076,-0.3086831,0.6376247,0.04525977,-0.02690091,0.1435542,0.2538417
0.2142451,0.01050992,-0.002912377,0.4593219,0.4443048,-0.08280096,-0.005553477,-0.2953403,-0.3576158,-0.004223188,-0.2298518,0.1030294,0.01346315,-0.06890331,0.1094569,-1.070046,0.005619697,0.03747922,0.3789241,0.1580772,0.07606161,0.1733542,0.2556391,-0.002955519,-0.02651867,0.316823,0.05074085,0.001202911,0.01763372,0.0006443994
-0.2672324,-0.06348282,0.1106905,0.3963694,-0.2077339,0.2679854,0.3883491,0.21584,-0.0855397,-0.414427,-0.09974277,0.3623716,0.3291955,0.363133,-0.3074861,-0.440993,-0.3179561,-0.3491368,-0.1037915,0.0001192429,-0.3641148,1.39586,0.2813142,-0.01018639,-1.011803,-0.1543984,-0.3532165,0.4560322,-0.7192596,0.1418607
0.5467731,-0.5763736,0.4402783,0.0001537783,0.0006858962,-0.8116214,-0.04192384,-0.05278784,-0.01657933,0.1442431,-0.01355903,-0.2281802,0.1868784,-0.009157388,0.922728,-0.06268033,-0.1575547,0.4194036,-0.4407328,0.1646416,0.1102712,0.231919,0.006592955,0.2646452,-0.1285334,-0.3628285,-0.1066648,-0.4209495,-0.3406308,0.2822468
0.1770891,-0.02216988,0.5008667,0.2594937,0.1115425,-0.09384102,-0.1767408,-0.07073361,0.00476085,-0.1523332,0.2988607,0.2528683,0.1208107,0.03659075,-0.689673,0.4992102,-0.4151272,0.2169722,0.6038859,0.03659356,0.01445876,-0.03472475,0.1192744,0.07107306,-0.4187236,0.8461554,-0.3762293,0.006294892,0.1593212,0.01372067
-0.01578862,-0.4132289,0.204485,0.0009285779,0.06768961,-0.2892909,0.9065781,0.3952372,-0.4605819,-0.223721,0.07204074,0.6611396,0.7122043,-0.03930992,-0.3476137,0.1707112,0.02418719,0.28864,-0.0474438,0.2703224,-0.3122442,-0.0007266761,0.07922553,0.1591982,-0.08178112,0.2281067,-0.2458347,0.9721279,0.06129279,0.003131831
1.711375,-0.13915,-0.004273101,-0.138275,0.00453337,-0.0079965,0.0038047,-0.3836409,-0.4387882,0.4828285,-0.3078062,-0.455858,-0.0003811815,-0.3282796,-0.1682871,0.002424157,-0.1993645,0.01233453,0.3596467,-0.2152714,-1.422123,-0.05215405,-0.352746,-0.304026,0.1180713,0.3251151,0.5781649,-0.4963312,-0.06177318,-0.02212988
0.2047706,-0.00954771,-0.4467679,-0.01456469,0.4192913,0.03979511,-0.08714825,0.001876288,-0.3435457,-0.08658582,0.3935739,0.09062928,-0.464602,-0.02024625,-0.43524,0.478742,-0.3989499,0.01894136,-0.2263064,-0.031318,-0.8438312,0.01070698,0.0519287,-0.5245336,-0.211305,0.4057111,-0.06970046,0.3303493,0.3411953,0.337913
-0.1318531,0.224675,-0.1433156,-0.2307319,-0.02813701,-0.3872578,0.009461285,0.1077483,-0.2432209,-0.05530138,1.022856,0.07754558,0.04917681,0.009035011,0.1983723,-0.08367103,-0.2107166,-0.07251423,-0.01359263,-0.3370829,-0.7908103,-0.1222038,-0.6830203,0.357663,0.4985847,0.111364,-0.4263377,-0.007341632,1.050661E-05,-0.001936555
-0.5179925,-0.02466661,0.008015965,0.03076559,0.01654613,-0.3994727,1.234772,-0.1550026,-0.2446483,-0.0090241,0.1167251,0.2852437,-0.5771262,0.2895396,1.360248,0.06237491,0.07270664,-0.4350303,0.142952,0.3969285,-0.1140185,-0.6324315,0.1073339,0.07825122,-0.408785,-0.3344669,-0.164142,0.2075038,-0.3818976,0.09938598
-2.169077,-0.1864168,-0.6067029,0.02145753,-0.1722331,-0.007634136,0.1250248,-1.402862,-0.2253297,0.004173317,-0.742897,0.586785,-0.4865283,-0.001293412,0.1682302,-0.04371171,0.0008478113,0.05473269,1.244092,-0.1611879,-0.5145638,0.3930688,-0.2381696,0.3237303,-0.0003598425,-0.4768233,0.1361827,-0.03055149,0.1853709,-0.04711817
-0.3366922,0.4088383,0.380096,0.009980725,0.465802,0.1391153,0.9627289,0.7322966,0.4723538,0.2682568,-0.1435024,-0.487237,0.0009952524,0.4397856,-0.6008668,-0.3904328,0.01251441,0.3395978,1.141172,0.352306,-0.3698949,-0.4658169,-0.003812379,0.007249412,-0.4566478,-0.1749862,0.3643926,0.0727851,-0.1622801,-0.0064684
0.31713,-0.255754,0.04384505,0.07609611,-0.007428267,-0.4417677,-0.03877831,-0.1600175,-0.002574881,0.6420242,-0.003610666,-0.03716058,0.01474368,0.04772308,-0.006094326,0.004193805,-0.001552725,0.2374148,-0.4760417,0.09131096,0.1877558,-0.06773493,-0.01933967,0.03664091,-0.398514,0.01389439,0.1718447,0.3066801,-0.1454311,0.09929806
;
0.00666362,0.01826982,0.2460639,0.2471297,0.02405675,-0.0009129571,0.04621512,0.006169396,-0.1464953,0.2280462,-0.01151943,-0.4229305,-0.05422324,0.2687557,0.6081832,0.4042798,0.2435105,2.027614E-05,-0.0007401178,-0.07494687,0.08134617,0.03484533,-0.2297736,1.509224,-0.1106075,0.3638823,-0.04418711,0.008595197,-0.3127302,0.05011531
-0.05375177,0.01789585,0.09125564,-0.3535217,0.06869217,0.02026873,-0.03156091,0.147376,0.3654981,0.001006881,0.0189715,0.4484895,-5.931233E-05,0.2180236,0.1905481,0.2376394,-0.000895943,-0.3415053,0.01202482,0.1587836,-0.2896039,0.05976611,0.6694234,-0.128473,-0.1017635,0.3553083,0.8622543,0.2402309,0.2096305,-3.701813E-05
0.2476386,0.1207153,-0.461965,-0.2300596,0.002240649,0.4098908,-0.001255739,-0.1300866,-0.5431222,-0.527727,0.1186152,-0.1623047,-0.1142345,0.2280906,-0.4805137,-0.1693913,-0.02584543,0.04120065,0.1497729,0.02622384,-0.004826773,0.598273,-0.01456708,0.492322,-0.3793341,0.1925794,0.2139885,-0.02728291,0.1605213,0.3670299
;
-0.05352327
0.2871723
0.4391577
0.009905198
-7.600033E-08
0.2730401
-0.07145453
-0.7198682
0.02952576
-0.3507226
0.5587853
-0.006274371
-0.03228483
0.0001417634
0.0720759
-0.001649439
0.094915
-0.1380748
-0.1074573
-0.03806299
-0.4338492
-0.03173766
-0.1814732
0.4256394
0.2387949
-0.0546699
0.5631481
0.1666521
-0.2145246
0.05325645
;
-0.2485951,-0.0009481405,-0.4186364,-0.1559969,1.584201,0.284157,0.005263986,-0.04116558,-0.3314286,0.4166786,0.00962481,0.1801307,-0.5209056,0.1724694,-0.9455535,0.1666968,0.02240856,-0.04533146,0.3824973,0.08810955,0.01497978,-0.06444257,-0.1170307,-0.1780585,0.01080384,-0.07687825,-0.3745726,0.004868029,0.003727003,0.3553352
0.4512394,-0.1259822,0.7182391,0.07877702,0.006175975,0.2988229,-0.1739021,-0.02480753,0.1287441,0.1369587,0.1486248,-0.1752152,-0.0577123,0.01771729,-0.2442207,0.03579367,-0.3547707,0.1562709,0.4977114,0.3215306,0.2804229,-0.3570731,0.01366654,-0.09230514,-0.03123765,-0.2087554,-0.1563033,0.06064177,-0.007906496,0.06396974
0.497545,0.418503,0.3586441,0.3252748,-0.007850792,-0.3343804,0.1453636,-0.1242489,-0.02154858,0.04640988,-0.1904729,-0.4925153,0.2157039,0.4086975,0.3214592,0.1673426,0.04227319,0.3167471,0.1736582,0.2431154,0.003588933,-0.1142762,-0.0867182,-0.04052427,0.09867448,0.3842328,0.395485,-0.2511508,-0.3101599,-0.3844457
-0.1419357,-0.2462865,-0.3957117,-0.1321529,0.03663811,-0.4977584,0.860379,2.276438,-0.08382399,0.4665632,-0.1906922,-0.02752944,0.02678024,0.09097904,-0.03703938,-0.06893482,0.1595095,0.05027546,-0.5690987,-0.2960548,-0.2687857,-0.05776948,0.01941973,0.3756272,-0.0380882,-0.003879506,0.3028169,-0.1994016,-0.4439452,0.2041699
0.008548993,0.1731216,0.02726627,0.0003705523,0.4406472,0.0004073639,-0.05595194,0.03031581,0.0928497,-0.3200156,0.3165051,0.116549,-0.2246987,0.2966949,0.02252931,0.0008932452,0.3168623,0.1260414,0.3918017,-0.09183828,0.05185694,-0.02275908,-0.1770249,-0.03711751,0.4456921,0.2718372,-0.1916476,0.2625081,-0.1186418,-0.002621515
-0.03228849,-0.06141086,-0.1109215,0.1679909,-0.4409355,0.1528684,-0.2746161,0.07346062,0.2096868,-0.2328935,0.4201304,-1.510728,0.04406253,-0.1002485,-0.7188675,0.1374884,-0.48432,0.09167501,0.08750507,7.627765E-05,-0.4559605,0.05369288,-0.2822313,-0.4087644,-0.3083141,-0.1060764,-0.07419366,0.04172736,-0.1250632,-0.04557106
0.1316817,-0.08905283,-0.06467809,0.01780752,-0.2734714,0.4013941,-0.1988658,-0.001897366,0.1784469,0.2535396,-9.350666E-05,0.4350015,0.1493595,0.1714821,-0.4123464,0.2215051,-0.1731383,-0.4239211,-0.1268069,0.4283351,0.4641643,0.1166014,-0.3490779,-0.09960014,-0.2114127,-0.4755546,-0.02982203,0.0836969,-0.1101285,-0.02916385
0.3593535,-0.07372431,0.4808434,0.4357183,-0.2291424,-0.1142346,0.2349681,-0.2947334,0.4531416,-0.1366945,-0.1198266,0.4833431,0.04403848,-0.007426579,-0.08492047,-0.3350208,0.6487959,-0.05351052,0.01162812,-0.04844727,-0.3698187,-0.2231558,-0.3452085,0.00149836,0.03558476,-0.3726534,-0.01729061,-0.1363984,-0.1052745,-0.06825469
-0.4467383,-0.3197986,0.3494679,-0.7516925,-0.5282786,0.04691412,0.4917125,0.1920542,0.3564335,0.002311765,0.0851317,0.04738589,0.09148551,0.06141946,0.6192023,-0.3797706,0.3818154,-0.03244,0.01291355,0.3662524,-0.282113,0.2222687,0.3479716,-0.099694,-0.1073771,-0.04978266,0.2427711,-0.5612036,0.04964404,-0.4693603
0.3590074,0.01835934,-0.8182961,0.04946868,0.0196544,0.3081697,0.005164003,0.2593461,-1.345058E-05,0.3323429,0.3413165,-0.2106398,-0.001360156,-0.2073984,0.3327828,-0.07237071,0.1211224,-0.08227628,-0.06721526,-0.09897495,-0.2299942,-0.1364442,0.0019483,0.1081833,0.01835376,-0.03176261,0.01690005,0.2446093,-0.008904563,-0.1830948
-0.02171041,0.07932148,-0.5973156,0.1663784,-0.116936,-0.0243668,-0.002951127,-0.4166663,-0.40764,1.038848,0.4179649,0.1050826,-0.393217,-0.03048423,-0.003205494,-0.1957625,0.05522241,0.01071456,0.1301311,-0.02131945,-0.1316086,-0.1239616,0.2629091,0.03088732,-0.1463187,-0.4049295,-0.0656888,0.0631941,0.4959015,-0.007471513
0.0775313,0.0005814686,-0.7412128,-0.1943536,0.2515154,-0.04235912,0.01035872,-0.45058,0.2131747,0.04825898,0.1026262,0.07491814,-0.0007035988,-0.05550183,0.01248742,-0.1678767,0.363343,0.4346124,0.1989305,-0.2118217,0.05848998,0.5889698,-0.1839706,-0.2767545,0.4460998,0.003594252,0.3559057,0.006928647,-0.03888673,-0.001206046
1.043009,0.3489399,-0.4704483,-0.05090269,-0.2251933,0.4281538,0.1004471,-0.2103056,0.387906,0.09578222,-0.1227071,-0.3368529,0.0001809001,0.05309835,-0.006916462,0.07550114,-0.7083514,0.02140778,0.3346672,-0.002291379,0.0965604,0.06789604,0.4358951,-0.4103703,-0.1733286,-0.0008327995,-0.1926354,-0.2546053,0.08783141,-0.2217773
-0.3109989,0.02834016,-0.01959286,-0.2575991,-0.6940476,0.002219805,0.1688118,0.3097271,0.0009173998,0.9269645,0.0009313179,-0.09821745,0.004305184,0.2065735,0.0001852843,-5.874534E-05,0.1794121,0.1981871,0.08676444,0.4816813,0.2984829,1.458801,0.351784,0.1427127,-0.01526573,-0.05958985,-0.05080541,0.6653244,0.1642695,-0.05705159
-0.4414603,-0.4967365,0.09703852,-0.003367353,-0.1108567,0.2045867,0.2850287,-0.1701263,-0.233584,-0.01888192,0.05716816,0.3189059,-0.06979722,0.02755433,0.3856973,0.04520312,-0.002953159,-0.1752097,-0.2194521,0.1890222,-2.682579E-05,-0.06750764,-0.02792931,-0.04920099,0.4678564,0.3654795,0.1167805,-0.5529687,-0.6996992,-0.002149848
0.009243169,-0.1803697,0.01546939,0.0974163,0.1406412,-0.3505096,0.0383784,0.3031648,-0.6080214,-0.1132651,-0.3710744,0.4501535,1.477086,0.09469527,-0.1615904,0.1382285,-0.2498212,-0.04474822,0.07808566,-0.08285031,-0.2521399,-0.3668504,0.02693828,-0.1233549,0.313878,-0.06782174,-0.4040907,0.2637479,0.22596,-0.04605731
0.6980847,0.1581962,0.01483108,0.2522388,0.1425632,0.01671035,0.08676139,0.02630155,-0.01105186,0.4073403,-0.9592066,0.4897313,8.906211E-06,-0.3293692,-0.3438352,-0.01138513,-0.01067034,0.1474228,-0.3697299,0.4741033,0.832581,0.449856,0.01716461,-0.3103259,-0.0005146366,0.7307824,-0.8239848,0.3180157,0.009782016,-0.2465691
0.04301527,0.1717413,0.4026706,0.001056148,0.04342836,-0.4605776,-0.7787682,-0.009980117,0.01645561,0.385891,-0.03651483,-0.002762669,-0.3067842,-0.001780436,0.1729996,-0.1516039,-1.04391,-0.3457048,-0.3926316,-0.06111209,0.4971878,0.2517757,0.4423214,0.1031769,0.209923,0.07786854,-0.4632653,0.04115938,0.380778,-0.5162405
-0.2041342,0.5398718,-0.2118414,-0.4815384,0.02648996,0.01688156,-0.0240891,-0.06197673,-0.4464048,-0.05830115,0.1792182,0.1233346,0.03419664,0.07164794,-0.01840856,-0.03484458,-0.2193777,0.2995946,0.4127898,0.0953196,0.4195472,0.1916591,0.01079245,-0.0661261,0.04145042,-0.4005972,0.001481222,-0.4792153,-0.3160939,0.05323603
-0.2191431,-0.6729463,0.01185348,-0.4822191,-0.0002728628,0.3692665,-3.433364E-05,-0.7672599,-0.179152,0.08987289,0.01082995,0.1086689,-0.3593487,-0.3676258,1.183974,0.052359,-0.08003347,-0.4190803,-0.002051796,0.02549732,0.2857324,-0.1140326,-0.3320003,0.1024162,-0.1389728,-0.1156445,0.0304274,0.4145575,0.2699257,0.1659545
1.047877,-0.482484,-0.3244733,-0.171487,0.4849734,-0.07151078,-0.1323431,-0.4901961,0.3032162,-0.4412113,0.2904673,-0.1050274,0.284089,0.2744223,-0.4936504,-0.04167394,0.2300765,0.1404943,0.03012055,-0.7288913,-0.01476177,-0.08893222,-0.2652186,-0.1562049,0.3506449,0.07348744,-0.07950195,-0.1091331,-0.002277487,0.07468802
0.2446586,-0.004606247,-0.001636583,0.2940013,0.3672816,0.4903946,-0.4979945,-0.3735074,0.03256148,-0.2759452,0.1618119,-0.0009747659,0.003431719,0.3068393,-0.02924699,0.3925231,0.01417084,-1.369364,-0.425727,0.1127765,-0.2536175,0.01249025,0.04382378,-0.471177,-0.001853102,-0.5014015,0.2108425,0.0524102,0.3449622,0.8646246
-0.4407064,-0.7871931,-0.3926324,0.1021142,-0.7191513,0.2820953,-0.3111396,0.401987,0.2283131,0.03252274,0.3282747,0.02075285,-0.4772288,0.4133716,-0.3767224,0.1321608,0.4944935,-0.003291823,0.1257658,-0.2447398,-0.393791,-0.1459951,-0.001907647,0.5223832,0.2167262,-0.05974108,0.1963254,-0.4564162,-0.09116966,-0.02796243
-0.2355862,-0.005685529,0.2125531,-0.4868506,0.08321244,0.01059043,0.1813085,0.04896982,-0.01577075,-0.02510494,-0.01101653,0.273998,0.2355134,0.9510292,-0.0948437,0.1031737,0.5964419,0.02186556,-0.3617843,0.02351007,-0.08164807,-0.006512451,-0.06046307,0.01985858,-0.05682369,-0.06159876,-0.004167287,-0.003854261,0.108507,0.1809642
0.005215506,-0.2107948,-0.4498259,0.06622498,-0.3066652,-0.2242365,-0.040404,0.2323971,5.431384E-05,0.4972733,-0.01299542,-0.04315626,-0.2782236,-0.1503064,0.4690379,0.03115555,-0.377663,0.02853426,-0.4272159,0.19977,-0.06260628,-0.01089925,-0.3897755,-0.147333,0.4396116,-0.05604523,-0.1462883,-0.0139578,-0.07290424,-0.001703498
9.342458E-05,-0.4260079,0.324531,-0.2694377,0.3761765,0.02226323,0.2649,-0.003081767,0.2237928,0.2956661,-0.0002582906,-0.01024145,0.01391483,23.87787,0.6751934,0.2365479,0.4070465,-0.02742118,-0.4303249,0.09080881,-0.2604101,-0.251127,-0.4618267,0.2273237,-0.006741808,1.022539,-0.1666148,-0.1902774,0.6119844,-0.2573152
-0.3618162,-0.4911516,0.1890555,0.007559976,0.02407187,0.005353002,-0.06931348,-0.1274447,-0.0005658718,-0.07680315,0.04597704,-0.222468,-0.339941,0.07946616,-0.2520406,-0.003682468,0.01167873,0.04713323,0.007659733,-0.0752762,0.02448467,0.3440193,-0.1975281,0.1733509,0.4395642,0.2357317,-0.3922163,-0.1242359,-0.3305731,0.3862784
-0.4749489,0.08047968,0.01626035,-0.3291621,0.4177856,0.117777,0.0588613,-0.4432704,0.2951726,-0.09610483,-0.08488269,0.1093431,-0.05759558,0.02684397,7.971781E-06,0.440107,-0.07515794,0.2762995,-0.006416078,-0.2514933,0.0009459541,0.5569539,0.07361192,0.1990744,0.0709905,0.1846991,-0.3556992,0.181138,0.02027761,-0.1793695
0.1113371,-0.3241352,-0.06045339,-0.0005953997,-0.2934597,0.03207524,0.02247797,-0.6908324,-0.1917909,0.4872838,-0.001357679,-0.07793999,0.1989298,-0.003206091,-0.4170609,-0.4146298,0.01239628,-0.151483,0.6139166,0.03619907,-0.02849553,-0.06677908,-0.05126093,0.3822023,-0.6097445,-0.01095365,-0.1863176,-0.1149717,0.426442,-0.2953064
0.5706972,0.3561392,0.005262084,0.001299301,0.05670696,-0.024117,0.07749258,-0.1108362,0.09161952,-0.04972237,-0.01017958,0.7567112,-0.2941075,0.4617643,-0.006691129,-0.08864063,0.3956509,-0.06095022,0.104142,-0.5925892,0.2183144,-0.1415782,0.01312582,-0.3825901,-0.0002469546,-0.3374851,-0.08493614,-0.009503197,-0.2417906,-0.06584928
;
0.5053833,0.6770833,0.4876109,0.04932362,-0.4489511,0.2672931,0.3903807,0.2448734,-0.5610648,0.1083689,-0.1489858,-0.3049287,0.2445431,0.02271543,-0.08602221,-0.2155214,0.4921595,-0.435908,0.214412,-0.2676816,-0.0003663616,0.1167263,-0.4551326,0.08250187,-0.02678878,0.1885963,-0.08275742,0.01886932,-0.0300156,0.2281121
-0.1767551,0.05990546,-0.01155161,0.04772801,0.1392996,-0.00248455,-0.02423315,-0.02496589,0.4680674,0.1725577,-0.05110354,0.04078399,-0.4566737,-0.02705265,-0.09313601,0.01803796,-0.06898415,0.162157,-0.04829553,-0.461552,-0.4424889,0.003610302,-0.3169683,-0.2112843,-0.2943051,0.04023639,0.1824713,-0.192,0.1892741,0.1941262
-0.09901149,-0.1556527,-0.3782096,0.6590934,-0.2448532,-0.1998978,0.1366346,-0.4356008,-0.190537,0.06893128,0.2699284,0.5303994,-0.4402512,-0.3029616,0.2456844,-0.07497574,0.2038195,0.3655753,-0.2392316,0.2562936,0.3634559,-0.6340619,0.3399018,0.1903073,0.07880069,0.07388455,0.1838302,-0.06586877,0.5601048,0.1610998
;
