-0.3859662
0.17747
-0.009724096
0.7274184
-0.02921457
0.0290461
0.29264
0.1561992
0.4724691
0.4818614
;
-0.5233796,-0.04465863,0.4373001,0.4295456,0.008628251,-0.05747402,0.03296679,0.4825323,0.08279248,0.4112802
-0.1754526,-0.005214966,0.1971534,0.1551065,-0.2547822,-0.1844101,-0.129363,0.1702536,-0.3216069,-0.05825737
0.09269817,-0.2925853,0.3883545,0.003041685,-0.04630762,0.03037018,0.7689686,-0.0313259,0.09446834,0.2969853
0.2405642,-0.05590277,-0.553692,-0.1304031,-0.1946569,0.02250077,-0.1223918,-0.09540325,-0.1635798,-0.03233418
-0.04569787,0.04018401,0.07417875,-0.4472133,0.2571144,-0.1305772,0.06414251,0.3392823,-0.02655018,-0.101301
-0.0009313217,-0.3556786,-0.2860969,0.3857849,-0.06325937,-0.2559611,-0.1621377,-0.1631959,-0.1861214,0.2065009
0.01714867,-0.07632947,-0.2818248,-0.2851971,-0.1258305,0.3885771,0.2542548,-0.00572732,0.06334215,-0.6008991
-0.3319552,-0.002357197,0.5361151,0.3848374,-0.07798398,-0.1875673,0.4507402,-0.01970363,0.01548051,-0.1376649
-0.1967252,0.2187727,0.1919507,0.03820459,0.06338099,-0.002465772,0.4776852,-0.5309148,-0.4775907,-0.002906452
0.3007858,0.0912196,0.01566538,0.02989355,0.174803,-0.1576751,-0.1608953,-0.0765027,-0.01561707,-0.02541459
;
0.02475172,-0.03465116,0.2773753,0.0005795673,0.02019236,-0.0565428,-0.01113259,0.119757,0.4961349,0.2848858
0.1290843,-0.06699778,0.01208952,-0.464164,-0.2026825,-0.5586635,0.008343739,0.2015215,0.013776,-0.2569355
;
-0.01606106
0.780682
0.1780252
-0.4422933
-0.002507269
0.1879451
0.01068681
-0.08132751
-0.3431782
-0.02133068
;
-0.09757961,0.09122614,-0.1492393,0.424309,-0.2119919,0.0001700252,-0.353043,-0.9778683,0.3318173,0.4914954
0.1228614,0.09728391,-0.2457197,-0.4519131,0.05463737,0.0290632,-0.9185148,-0.6443557,0.08998626,-0.02876569
0.07455844,0.1595232,0.3098258,-0.3506681,-0.2784401,0.1728378,-0.4822116,-0.1373869,0.2343967,-0.6524592
-0.3687487,0.005820767,0.4502027,0.02794101,0.0381652,0.2519508,-0.1168104,0.4670319,0.3460703,0.06446725
0.3166245,0.4415812,0.07210237,1.241633,-0.01927629,0.1278034,0.337024,0.3286543,-0.1520999,-0.01402314
-0.1368707,-0.2042257,-0.004019419,0.09403102,-0.05900557,-0.4148923,-5.105482E-05,0.00983047,-0.09037759,-0.5641452
0.0002931507,-0.4125311,-0.000380658,0.2151321,-0.3674138,-0.6575019,-0.1814067,-0.5555494,0.2708664,-0.001787112
-0.08604287,-0.0253179,-0.4036767,0.00187505,0.4223076,0.2340707,0.4790778,-0.005427017,0.02220851,-0.05399087
-0.04347502,0.1802739,0.5338926,0.002633893,-0.00134885,-0.2207842,0.01602497,-0.1149702,-0.6334732,0.2476696
-0.82843,0.128085,0.1359624,0.4049855,-3.29867E-05,0.1030424,-0.001937,-0.1407226,-0.06206238,-0.2633264
;
0.5568205,0.0005444774,-0.06375141,-0.0138058,0.332597,-0.04012445,-0.5320029,-0.000198692,-0.06015888,-0.1758701
-0.1210965,0.2239226,-0.4347104,0.01936591,0.007568341,-0.08788947,0.05650573,-0.4190219,0.2064983,0.02390186
-0.2720853,-0.04227728,-0.2822921,0.06734145,-0.1586321,-0.05321962,0.4142623,0.07897812,0.1753161,0.04970844
;
