0.1244492
0.1927925
-0.1919567
-0.01363176
-0.3042367
-0.1642299
-0.4026687
0.203367
0.2044181
0.1621574
;
0.3191797,0.05357844,0.1351905,-0.1614888,0.09537667,-0.08855242,0.02401537,0.3861439,0.1233884,0.1763102
0.2227815,-0.1092617,-0.1654591,0.0487638,-0.05643088,-0.2433726,0.2838488,0.01548356,0.1742596,0.1340387
-0.1752002,0.1369198,0.1096708,-0.09621018,0.1208636,0.03131884,0.01638681,-0.3793674,-0.2325231,0.3740414
0.03755981,-0.4057416,-0.3045162,0.1658592,-0.06815356,0.3133925,0.3888537,-0.3124447,-0.1001667,-0.06359118
-0.3873808,-0.2186291,-0.07061523,0.382905,-0.3220088,0.4520725,0.3753997,-0.38801,0.07491869,0.1591567
-0.4562237,0.4311889,-0.511214,0.1752899,-0.2416052,-0.1225751,0.06510025,-0.3192892,0.01757747,-0.4574986
-0.2221389,0.3077157,0.01281446,-0.1233005,-0.4877441,0.3565522,-0.8029463,-0.3224174,-0.3361539,-0.3035918
-0.02036172,0.4971254,-0.02113003,-0.05965418,0.09722775,0.0693149,0.203534,0.1256113,-0.4569314,0.726371
0.2779002,-0.05965859,-0.09240483,0.4691019,0.08379537,-0.1606752,0.4094207,-0.2037839,-0.2365898,0.02310365
-0.2854507,-0.5607327,0.1712266,0.1800766,0.0673731,-0.2172428,0.05714732,0.3325843,-0.4189638,-0.4817914
;
-0.2729869,0.07874447,0.04360968,0.4664968,-0.1296243,0.3547367,-0.1828139,-0.2326255,-0.3131866,0.1964073
0.2008648,0.006950557,-0.2714759,0.07707113,0.09683365,0.209383,0.2987705,0.1282146,0.4859217,0.4667546
;
-0.2219035
0.05034584
-0.0837141
-0.4855996
0.4723047
-0.1286373
0.4560946
0.2959985
0.3446774
0.1592886
;
-0.2459465,-0.4394888,0.196599,0.01602,-0.08905393,0.1640591,0.4450126,0.4043015,0.2707806,-0.1139221
0.03602463,0.4812562,0.3936437,0.1873714,-0.1298125,0.005655706,-0.1485552,0.1000296,-0.469111,0.1982338
-0.1268085,0.2352943,-0.2173048,0.2304848,-0.4555269,-0.2156785,0.4712518,-0.1004366,-0.04844195,-0.03079051
-0.4027208,-0.07452542,-0.3218135,-0.4655355,-0.4749284,0.3971393,-0.4728361,-0.2505388,0.1095302,-0.3886925
0.193956,-0.4527218,-0.2281139,-0.09516498,-0.2430812,0.2667713,0.2571765,0.2888871,-0.03855437,-0.21841
-0.3512034,0.3307128,-0.3886691,-0.4992964,-0.4297307,-0.4635764,-0.1186314,-0.09694582,0.4270762,-0.2071646
-0.3555597,-0.05615133,-0.135735,0.2510411,-0.3241454,0.1612638,-0.4899031,0.07735091,0.1079332,0.1356184
-0.04997379,0.4408263,-0.1358796,0.09965509,-0.1009666,-0.413113,0.4025259,0.05782801,0.3821243,0.4720976
-0.3236195,-0.01499552,0.6370751,-0.08243078,-0.4769,-0.1435944,0.3246174,-0.3629781,0.365695,0.05184823
0.4018698,-0.2948055,-0.2878146,0.192103,-0.3268806,0.1444895,0.1421853,-0.3913194,-0.1467624,-0.3054359
;
-0.3313011,0.1934365,-0.09568673,0.15433,-0.3161094,0.1769919,-0.362506,0.446926,0.22066,0.09950608
-0.211963,-0.001646459,-0.465212,-0.0008146167,-0.4168934,0.2845838,-0.1213891,-0.2035198,0.4895332,0.09554356
;
-0.01053614
0.1327271
-0.03229069
-0.4828154
0.4073412
0.490443
-0.2614757
-0.0005367267
-0.3825891
0.1860741
;
0.107443,0.2212951,0.3620839,-0.4308295,0.6032152,-0.4065162,-0.494049,-0.7456212,0.1902671,-0.3275729
-0.2066231,-0.1884674,0.005659294,-0.1933412,0.002048672,0.09140097,0.1673614,-0.7032083,0.08068744,0.5449818
-0.3186725,-0.2747577,-0.239177,-0.7968454,-0.2896873,0.004764896,0.01952525,0.1903022,0.1364953,-0.1838474
-0.09249815,-0.7719085,0.06971104,-0.3067594,-0.06765546,-0.01525597,0.3064271,0.01526862,0.1093989,-0.1709611
-0.1032256,-0.01553768,-0.2753074,0.485673,0.03538687,0.1870205,0.2473208,-0.3658288,0.1903777,-0.473924
-0.2196606,-0.4427915,-0.6709729,0.2783015,-0.102558,-0.01624542,-0.0800501,-0.1612332,-0.2178318,0.1144682
0.5660028,0.2799373,0.249969,0.3129313,-0.06896812,0.0332393,-0.4841005,0.1494953,0.02093429,-0.09550291
-0.006928772,-0.2247656,0.02986909,-0.4063799,2.225216,-0.4413019,0.006370111,0.4175123,0.1359272,0.3084778
-0.106154,0.06314581,0.1335683,-0.1885458,0.4576515,0.1096184,-0.1615801,-0.1402307,-0.4846079,-0.2035548
-0.1819112,-0.2169864,-0.5537846,-0.02845747,-0.004887587,-0.140246,-0.0005794981,-0.2938426,-0.1221656,0.01550274
;
0.6172405,0.008843152,0.02272955,-0.3771448,0.04591399,0.1054792,0.05380164,-0.346593,-0.4882828,0.278658
-0.005991335,-0.5715259,0.08699709,0.03739051,0.2382466,0.02387947,0.4146193,0.1965089,0.02999936,0.1576794
;
0.295332
0.3760954
-0.1735337
-0.2610365
0.324746
2.851226E-05
0.9659292
-0.02753741
-0.146237
-0.04297939
;
-0.1028116,-0.1654793,0.5165067,0.1083717,0.1716617,1.629766,0.1054985,-0.04019594,0.002610412,-0.09148113
-0.02027634,-0.06687091,-0.003167248,-0.5752162,0.2447879,-0.007698176,-0.02323407,0.05064704,0.4814372,-0.4846129
0.04478813,-0.03471188,-0.4355725,0.2175274,-0.2343504,-0.2107498,-0.0001501329,0.0682798,-0.2468829,-0.008229792
-0.04276059,-0.01600898,6.415446E-06,0.1439751,-0.4989517,-0.04753107,-0.07062428,0.3200244,-0.5059544,-0.04046931
-0.06786354,0.4929529,-1.654872,0.1542905,0.2274123,0.01680393,-0.001560461,0.1206673,0.04911917,0.01728982
-0.2783763,-0.4216328,-0.09345575,-0.3685309,0.2387162,0.3420113,0.2105532,-0.0297155,0.04772242,-0.001734762
0.5335355,-0.4288732,0.2707187,0.1927819,-0.4015416,-0.2905071,-0.03819333,-0.05767036,0.2222702,0.1626611
0.3553883,-0.003998782,0.2419434,0.07220619,0.6564161,0.3857805,-0.3083118,0.4144486,-0.02174939,-0.005420063
-0.2905199,0.3287733,0.1121104,-0.3433315,-0.0120729,-0.01241857,-0.2668996,0.1058477,-0.421842,0.3114163
0.393443,0.005163339,0.08483148,0.7087982,0.02293663,0.01748813,0.1389174,0.3545151,-0.2823458,0.3566897
;
0.02237963,-0.3107349,0.1234665,0.2618206,0.4667965,0.2464455,0.1090772,-0.5494258,-0.3362257,-0.4270077
-0.0001921845,0.07336175,0.1425119,-0.4647759,-0.01670223,-0.6189576,-0.2152233,0.005420268,0.006709571,0.3220339
;
0.1165364
0.1059645
-0.09626789
-0.1278974
0.6096404
0.3338437
0.1754233
0.1349007
-0.07933027
0.3161892
;
0.005324081,0.2466502,-0.2413893,-0.1379421,-0.0790059,0.007998577,-0.3546767,0.03492469,-0.04961104,0.01718885
0.316628,-0.004175902,-0.3518378,-0.1711707,0.601661,0.3491592,-0.221141,0.1291264,0.05980941,-0.6473165
-0.2124301,0.06127602,-0.01048917,0.3480235,-0.118497,0.6944035,0.001319025,0.2583517,0.2575593,-0.3320936
-0.7280653,0.03099515,0.03454197,-0.132253,-0.0006647157,-0.09519468,0.4108813,0.05907724,-0.07252507,0.2553294
0.05721899,-0.1135831,-0.1385874,-0.01037582,-0.1479514,0.01132876,0.07216287,0.3048633,1.986379,0.03734666
0.1265349,-0.09952895,-0.273598,0.275828,0.08118656,0.4005682,0.4106085,-0.2859374,0.02028948,-0.2819043
-0.8271346,-0.002251796,-0.2248583,0.2235468,-0.3622962,0.01935701,-0.3459841,0.05541287,-0.4247134,0.183902
-0.4458646,-0.2556286,0.007148077,-0.008252782,-0.09243068,0.1269454,0.1641883,0.145986,-0.006376139,-0.1703076
0.02201948,0.001460827,0.2376938,0.02125913,0.03058849,-0.04227141,0.1413762,-0.124084,-0.1827633,-0.1707945
0.139525,0.01205389,-0.0005720962,0.1477271,-0.1332592,-0.008790912,0.3463172,-0.9773192,0.5845833,0.09817523
;
0.1747495,-0.2142121,0.2769495,0.03762912,-0.4914277,0.44169,-0.219533,0.2623519,0.2710025,-0.6121831
-0.2909068,0.004058676,0.258253,0.2205603,-0.1256281,0.1808722,0.4285107,-0.2354921,-0.4691952,0.3023493
-0.06642298,0.3010859,0.05905249,-0.2847404,-0.03462061,-0.3086088,-0.5869949,0.4483114,-0.3593066,-0.003811021
;
-0.1966575
-1.145459
-0.1787905
0.007597586
-0.03217238
0.3637678
0.03179139
-0.03227848
0.03771833
0.0001439805
0.3574857
-0.9074697
0.1479552
-0.04012125
0.434128
0.2739557
-0.6029359
-0.05275398
0.2913675
0.04939006
0.1051382
-0.3850741
0.6405168
0.1519041
-1.949719
0.1627489
-0.2670759
0.433576
-0.04601199
-0.08506411
;
-0.01484456,0.9611355,0.1633134,-0.3321502,0.09314552,-0.02405819,0.3440637,0.2690469,0.7422645,0.02022702,0.3211918,-0.3944788,-0.04372197,-0.2586819,-0.2370193,0.1233371,-0.1340603,-0.04413233,0.4573815,-0.09788054,0.0183626,0.1217959,-0.666385,0.02956191,-0.07977727,0.007925212,-0.8309989,0.5177122,0.2735931,0.1700117
-0.1460803,-0.01723255,-0.2518847,-0.4365458,0.1303668,0.08355702,0.4436179,0.2021561,-0.03979738,0.1185781,-0.4134999,-0.6270444,-0.2357061,-0.03361449,-0.5255573,0.2771719,0.3853765,0.2467429,-0.007213092,0.08581096,-0.03703065,0.5533869,0.3681235,-0.26244,-0.247679,-0.4415078,-0.09568332,-0.1469167,0.1200358,0.1634738
-0.6003882,0.2495735,0.2614495,-0.2120686,-0.4448228,-0.02179001,0.4124081,-0.04904369,0.07169694,-0.2035221,-0.1162071,-0.1184129,0.06426209,-0.007114797,0.2290828,0.8147448,0.3272252,0.3515997,0.4494173,-0.007604649,0.1781952,-0.0004045993,-0.3271857,0.127468,-0.2489632,-0.1559227,-0.5176664,0.4056385,0.01148435,0.2646664
0.07352135,-0.3039706,-0.03918405,0.01361275,-0.06382424,-0.009891998,0.1082144,-0.4044498,0.4974256,0.2921728,-0.6464371,0.5087419,-0.1230808,-0.2469263,-0.07614225,-0.3159868,-0.3329953,-0.007714263,0.1886808,-0.2925471,0.2893642,0.5495201,0.2089376,0.2145391,-0.4063576,0.4303044,-0.01738702,0.007741078,-0.1461316,-0.1747733
-0.4482201,0.006040315,-0.1322136,0.1088132,-0.06090254,-0.2863598,-0.6985797,0.7880535,-0.5708433,0.04060984,-0.06958308,-0.04026276,-0.06020958,0.02103728,0.03771722,0.2279318,-0.04921967,-0.2005926,0.4886899,0.1260326,-0.02686518,0.05987474,-0.2099583,0.1589212,-0.03444278,-0.1963547,-0.05010623,0.945942,-0.5024751,-0.4720281
-0.2728833,0.07178169,0.002285846,-0.1180599,-0.01637132,0.3129799,0.1126963,-0.4068808,0.1661825,0.3736238,-0.03429104,-0.3911083,0.09662136,0.07153329,0.2031781,0.2983664,0.09942595,-0.19807,-0.0001351594,-0.1205352,0.5075974,-0.2342317,-0.04163998,0.1727685,-0.1079894,-0.00410809,-0.001122689,0.4535967,0.4661769,-0.205501
0.06124121,0.2839085,-0.7378572,0.2961625,-0.2056671,-0.07807416,-0.322221,-0.0004645219,0.2482029,-0.1054711,-0.03287156,0.2268314,0.3668177,0.2831357,0.1168109,-0.5801716,0.4426427,-0.2359341,0.3436281,0.02612144,-0.007348597,0.1068569,1.465387,-0.07005967,0.3595806,0.3611914,0.2570878,0.03320907,-0.308387,0.812664
0.1449723,0.3870766,0.3205619,0.7408648,0.01678234,-0.1550381,-0.3534452,-0.0101216,0.2867693,0.5614462,-0.6581285,0.03929108,0.480657,-0.2251482,0.4780272,0.0853073,-0.4343019,-0.0121351,-0.1735432,-0.2466273,0.6682959,-0.2017606,0.110207,-0.8030794,0.01903786,-0.4348015,0.4336559,0.5409932,-0.03896935,-0.02037348
-0.04618897,-0.0009358048,0.2028828,0.3710856,0.04519429,-0.2433525,-0.488721,-0.3968546,-0.1283007,-0.2926766,-0.265525,0.3322238,-0.04176933,0.1318011,0.009578124,-0.222854,-0.1521973,-0.404388,0.003110353,0.2831951,-0.009152442,0.3461516,0.1000478,0.04720603,0.1103963,-0.4803906,-0.101278,0.163063,-0.001943368,-0.05880615
0.6452895,0.04929534,-0.1021337,-0.2808716,0.3021458,-0.4171139,-0.06779988,0.183565,0.4501472,0.1613769,-0.3156376,0.2194732,0.2163205,0.3306453,-0.4209716,-0.1785882,0.3487483,0.2894444,0.1583361,-0.04350644,0.2093347,0.03606731,0.03756195,-0.4146968,-0.4875737,0.04964954,0.2210908,0.4204339,0.1774369,0.003589636
-0.1958163,0.3544828,0.00972369,0.2518169,-0.1740409,0.0417311,0.4781144,-0.4540195,0.2187611,-0.02092072,-0.3573617,0.318485,-0.0363452,0.3437648,-0.03726071,-0.4040699,0.02163341,-0.6223038,-0.09975924,0.08842704,7.814445E-05,0.1415686,0.294813,0.1678028,0.579021,-0.3858919,-0.2375038,-0.04391323,0.2850621,-0.2809553
-0.9383921,-0.1344045,-0.4510628,0.5241075,0.3302749,-0.04738,-0.709461,0.001798942,0.3619306,0.05823344,0.1052151,-0.2291425,-0.2659571,0.008361502,-0.4238759,0.09186308,-0.7170328,0.2840249,0.3682984,-0.8358787,-0.07864221,0.1194848,0.4194471,-0.2954645,-1.543735E-06,-0.2044789,-0.08888608,-0.3393198,0.09523088,0.1511167
-0.3465728,-0.03477598,0.02972489,-0.7858425,-0.08412295,-0.339645,0.09755132,-0.05329598,-0.4128644,0.1432313,-0.007205546,0.1386927,-0.01073294,-0.0861913,0.1309864,-0.3704237,0.01909737,-0.4066496,-0.4521711,0.1156856,0.217836,-0.5811657,-0.03937021,0.473088,-0.4226506,0.3008285,-0.1143459,-0.5299001,0.121532,0.2703742
0.08688289,-0.1360092,0.05724303,-0.183716,0.02984935,0.08698729,-0.4420218,0.09515606,-0.459705,-0.2702514,-0.4363319,0.2703699,0.6896978,-0.418872,0.2338927,-0.1522391,-0.1942686,0.1097271,-0.119042,-0.3023891,-0.4176835,-0.04251612,0.1992745,0.003322937,0.10363,-0.133899,-0.06794626,0.2774742,0.257329,-0.02252978
-0.1071941,0.5818285,0.9033033,-0.393703,-0.0258204,0.2092345,-0.05068427,-0.4621351,-0.405229,0.03414532,0.1938589,0.1342763,-0.3190051,-0.3906404,-0.03892971,-0.3785856,-0.02946395,0.3755523,0.3993585,0.417826,-0.2367432,-0.4949678,-0.05244102,0.3434142,-0.2678725,-0.6705912,-0.7556227,0.06502293,1.112743,0.2068513
-0.1019895,0.0379236,-0.6494062,0.2503906,1.068708,-0.2597481,0.0062978,-0.4774973,-0.05788681,0.6706253,0.04057027,0.1656705,0.4397898,-0.4380251,-0.2917494,0.3734074,0.01895302,-0.4436722,-0.242605,0.4989492,-0.008070213,0.4065745,-0.03342994,0.4689127,0.3365213,-0.004233839,-0.1625312,-0.01310235,0.2070153,0.005249783
-0.3060025,0.2395739,0.2764607,-0.1622645,-0.9073564,0.005839957,0.2706839,-0.006682384,-0.355062,0.09327954,-0.1884599,0.2721714,-0.1406941,-0.4444733,-0.1094037,-0.2229543,-0.01583892,-0.03574612,-0.09897994,-0.2065729,0.4092356,-0.02817752,-0.3807129,-0.2383897,-0.3413944,-0.4575089,-0.01630503,0.3537818,-0.3163709,0.00945917
0.07633541,-0.001136243,0.2781132,0.2049478,-0.004725094,1.773594,-0.1562965,-0.5544838,0.04092532,0.03772789,0.05480248,-0.2237733,-0.3595386,-0.00378497,0.2662659,-0.0699063,0.1037073,-0.4306773,-0.1560207,-0.0915333,0.208549,0.2631946,0.009103462,-0.4523103,0.3565352,0.0725008,-0.0200852,-0.3099276,-0.1581834,0.2214241
0.1112434,0.06082996,0.3260645,0.4303241,0.01719111,-0.916302,-0.3092701,0.2465893,0.0349326,-0.006662309,-0.08070395,-0.158838,-1.851751,0.1406494,-0.4841642,0.00045677,0.9817597,0.398504,0.2525562,0.8605499,0.3558792,0.3473446,-0.1828424,0.4102938,0.031003,-0.06713464,0.01360396,-0.3514305,-0.01290405,0.3740382
0.009073914,-0.3038545,0.05912811,0.0683297,-0.00119107,-0.162781,0.02665722,0.08310422,0.5252982,-0.2467845,0.4728148,0.005811058,0.3176203,-0.1251968,-0.1722986,-0.4108373,0.01304613,0.3957384,-0.2205994,-0.02559161,-0.05588165,0.05792171,-0.2840592,0.2850835,0.2453178,-0.8787425,-0.04253498,0.3191715,0.02553683,-0.09591848
0.2976717,-0.3105969,0.01607078,-0.03169815,-0.000496345,0.6373092,0.0202896,0.01221291,0.07249277,0.1656608,0.1972322,-0.128875,0.127867,-0.04145161,-0.03159915,0.2879899,-0.1727067,-0.4454613,0.5262133,0.01393481,0.03595119,-0.1915737,0.03233808,0.46202,-0.0007493168,0.3827564,0.1205706,-0.07399439,0.4036974,-0.04803401
0.4985727,-0.4114666,1.094931,0.7052087,0.0385768,0.08131918,0.7877972,-0.1189247,0.2909951,-0.2577526,-0.06693166,0.02712624,-0.0096016,-0.2433424,-0.08945352,-0.1817268,0.07430584,-0.33416,-0.06745607,0.3698513,-0.2228138,0.1440759,-0.1009374,-0.4230554,0.2336984,0.8826961,0.1363188,0.1438354,-0.02264374,0.3757348
-0.1538756,-0.4651933,0.02455537,0.0006800381,0.3945064,-0.1715136,-0.4466118,-0.0005914232,0.499339,-0.2737691,-0.4067485,0.1500647,0.3840425,0.05680031,-0.1572196,0.1078559,-0.001535245,-0.04500037,0.0336554,0.3575728,-0.06405554,0.5486872,-0.3191688,0.001462119,0.04162848,0.3030865,-0.004688066,-0.4580878,0.3038199,0.3235999
-0.1037469,0.04741584,-0.428051,0.04997641,-0.1754169,0.824235,0.3761089,-0.1142309,-0.3437045,-0.1813274,0.2282556,-0.2333095,7.76405,-0.2299653,-0.04594648,-0.2827193,0.4014666,0.205876,-0.4923937,-0.01318719,0.0005992612,-0.2106881,-0.03246282,-0.201593,-0.03598622,0.1583888,-0.2002001,-0.1488271,0.1569171,-0.2435431
0.8574553,-0.01194581,-0.2024463,-0.4587687,-0.169381,-0.2229049,0.001644825,0.3031973,0.7384934,0.2387956,-0.3970376,-0.3000786,0.273421,0.7871923,0.09921352,0.419681,-0.3368092,-0.02130765,0.494554,0.01695339,-0.008143019,-0.00902397,0.03093373,0.2068415,-0.05941492,-0.9211464,-0.005596575,0.2955502,0.02828218,-0.1707741
-0.001510441,0.06694224,0.01398308,0.06153983,0.4090997,0.04513937,-0.02880059,-0.9855106,0.2619469,-0.2061643,-0.03542576,0.2356868,0.4967823,0.412574,0.8334479,0.4017744,0.04753405,0.01946314,-0.01167642,0.02314997,-0.04331085,-0.2851265,0.1952114,0.03627625,0.120238,-0.3446091,0.2271647,0.1452418,-0.4258187,0.1098179
-0.7992613,0.04513212,0.2500511,0.1959719,0.2923878,0.1167231,-0.2140456,0.7440842,0.00650043,-0.05593246,0.06658167,-0.1846763,-0.1968114,0.09132492,0.2240716,-0.1001663,-0.320766,0.1087686,0.4522764,0.01829153,0.000692766,0.07044078,-0.1351122,0.03282878,-0.3343778,-0.06926206,0.04441494,-0.7041584,-0.3580202,-0.6630741
0.3329354,0.04526285,0.08609182,-0.5068887,0.3762544,0.08726855,-0.06600462,0.1937948,-0.3160227,0.5152645,0.9086968,0.0001324735,0.04615772,0.1380024,0.4894211,0.2246541,0.07919019,0.2465734,-0.4854205,-0.03760989,-0.01186099,-0.03833152,-0.4684029,-0.1325269,0.5160148,-0.9084397,-0.0774508,0.2059882,-0.2731209,0.007655462
-0.2861896,-0.0008032371,-0.01903957,0.8031332,-0.4033597,-0.02135145,1.306188,-0.03887266,-0.2584884,-0.4224644,-0.005862892,0.1090353,0.004843216,1.327043,0.0257352,0.3849146,-0.04380479,0.5309393,-0.03981102,-0.1370257,-0.01191543,-0.2275017,0.5342715,-0.4554844,-0.3793525,-0.4179921,-0.2351956,0.3820381,-0.003540261,0.2809271
0.04986117,-0.5051005,-0.02699715,0.6556108,-0.1970504,-0.5692405,-0.08885385,-0.3960747,0.2716453,0.2165044,0.07565814,-0.05050953,-0.03677458,-0.1123399,0.02605341,-0.1972918,-0.002780141,0.4306827,0.2184135,0.0002426221,0.270436,-0.2616162,-0.2163213,0.16221,-0.4295859,0.02114826,-0.05058366,-0.1064457,-0.01379049,0.3988933
;
0.06030338,0.1425124,-0.4588265,-0.4320661,-0.1925591,-0.3056474,-0.2428169,-0.264995,0.008771976,0.04961962,-0.02753641,-1.528598,-0.4993938,0.4453003,-0.009108666,-0.4933096,-0.333847,0.4081459,0.5922913,-0.4397051,-0.2468144,-0.7905853,0.605271,0.03780097,-0.1912863,0.01872319,0.05476455,-0.05736589,-0.07537738,0.09239887
0.0717449,0.01993971,-0.2045361,0.06919646,0.4947202,-0.4052293,0.4321785,-0.6351608,0.04931009,-0.1214023,0.1076428,-0.3763251,-0.2212457,-0.4037755,0.02028597,-0.06009191,0.7630386,-0.4255168,0.09027392,0.3285313,-0.1687031,0.9962284,-0.04229639,-0.0008789686,0.3907006,-0.0713734,-0.4758216,-0.01140192,0.3001878,-0.02662438
-0.01257638,-0.04653622,0.1489128,0.07882938,-0.1626013,-0.2611095,-0.3522511,-0.2696421,0.08925062,-0.4798782,0.4103812,-0.166713,0.5292221,0.4330266,0.1524327,-0.1898991,0.1715887,0.3466307,0.07704931,-0.1464491,-0.5586482,0.001402419,0.06587023,0.02321682,0.1953901,0.2687581,0.01905433,0.07357806,-0.5266846,-0.2368895
;
-0.1169792
0.2165954
0.6319675
-0.3826141
0.4719675
-0.5016649
0.04095954
-0.1929684
-0.3429803
-0.3955412
-0.1591582
-0.1028111
-0.1216131
-1.248165
0.0903815
0.0419055
0.1679836
-0.392287
-1.195243
0.4737259
-0.4287829
0.1865885
-0.498314
0.4588517
-0.02659452
0.02948042
0.198057
-0.1631409
0.06519838
0.2904944
;
-0.1447257,-0.01954685,-0.2450815,-0.02480269,0.1057981,0.1056299,0.3291819,-0.2126346,-0.03919083,-0.04593533,-0.5294758,0.01356954,0.2261094,0.1820768,0.2596977,0.01807937,-0.3159797,-0.06606556,0.3921326,0.4263597,0.4944686,0.04811818,-0.4261282,-0.1936334,-0.4229115,-0.6180183,-0.3471143,0.09357399,-0.001599133,-0.6513915
0.1235422,-0.08100682,0.391937,0.08976881,-0.1902162,0.5875496,0.01038922,0.001326336,0.1776884,-0.3010134,-0.0329065,0.2234223,-0.2784058,0.624038,0.4479042,-0.1223924,-0.1894912,-0.05236857,-0.07160923,0.5445426,0.5464114,0.4430052,-0.3380731,0.3119811,0.4466116,-0.05222701,-0.3371497,-0.5039848,-0.01330996,-0.2847672
0.1403942,-0.0001468245,-0.2230366,-0.1663093,0.2892656,0.2190714,-0.3933475,-0.06841268,-0.3948061,0.02505401,0.02870814,0.01156392,0.8169411,-0.09560683,-0.2293503,0.07622661,-0.3616581,0.3241956,-0.1484355,-0.03522664,-0.3987655,0.2849155,-0.2255911,-0.08481926,-0.2900857,-0.0007808006,0.0746929,-0.4006435,0.002434746,-0.2552465
0.3357725,-1.35118,0.7985761,0.00996473,1.584422,-0.2395975,0.2255722,0.001321371,-0.2035021,0.009911189,-0.07517357,0.05266911,-1.060242,0.1862882,0.008827031,0.0299359,0.2237726,-0.2419669,-0.3120134,0.5773364,0.4580168,0.1201345,0.002873361,0.07917052,0.2106757,-0.2916424,-0.1414256,0.1556992,0.1200548,0.2996967
-0.3875202,-0.4436742,-0.2135797,0.01126764,-0.2372606,-0.02876187,-0.2195354,0.9770443,0.2568144,0.3633907,0.237937,-0.114396,-0.02924722,-0.005120762,-0.03094086,0.1475426,-0.3756221,0.4000158,0.01828784,-0.1652014,-0.100138,-0.05355899,0.1500791,0.001478232,0.3074178,-0.03562272,-0.1025303,-0.1958981,0.1058688,-0.330242
0.2096186,-0.1025992,0.297056,-0.147328,0.5771607,-0.1918812,-0.08043259,-0.01344508,0.02826676,-0.02276331,-0.2922156,-0.007904949,-0.008731858,0.3441168,0.2078059,0.2176622,-0.4088928,0.04612257,0.1242409,-0.2568585,0.4486774,0.4885235,-0.06109336,0.3070299,0.4134296,0.6224948,-0.1006674,-0.0305329,0.3717724,0.04561204
0.01547434,0.09256119,-0.3870324,0.08131996,0.3356502,0.05415672,-0.1577417,0.4721113,-0.0414568,-0.003624375,0.1108728,0.1661005,-0.3100968,-0.2090598,0.4248742,0.440975,0.1874437,-0.1942843,0.07127132,-0.01295047,0.1017784,-0.006336614,0.3811368,0.3612595,-0.6447323,0.08923198,-0.03565669,-0.01473671,0.08058608,0.1127892
0.1905984,-0.0671666,0.05736083,-0.4098082,0.4003778,-0.07381457,0.2881864,-0.02599416,0.4991784,0.6436878,-0.3482759,0.1365037,0.4110231,-0.2314519,-0.2490314,-0.5311715,-0.3768124,-0.8660848,-0.4520147,0.001195593,0.006975114,-0.1107684,-0.5517575,0.2007733,-0.1685968,0.09591395,-0.199257,-1.569925,-0.04058547,0.1192455
-0.4676614,-0.06808799,0.2380214,0.4815788,-0.1122905,0.1917674,-0.003409316,0.002496789,0.1895723,-0.3999748,-0.02205113,1.472877,-0.2998562,-0.1663156,0.2987961,0.04706055,0.149138,-0.08085207,-1.110188,-0.01153017,0.2189039,-0.1634301,0.3909757,0.03250556,-1.336092,-0.08454823,-0.003186664,-0.004664555,-0.1184437,-0.4110575
-0.0215338,0.3500267,0.09537429,-0.3927158,0.2474733,0.5969131,-0.3946925,0.03828964,-0.1874239,-0.007327616,0.4775937,0.4815963,0.02488822,-0.3057585,-0.7484443,0.4606459,0.540536,-0.03413301,0.2821132,0.282833,0.0130437,-0.2224406,0.1224868,0.1170357,-0.2580093,-0.1148611,-0.185215,0.2823873,0.3672422,-0.03588553
0.1167354,-0.3496865,-0.5636277,-0.01758157,0.3139538,-0.4380227,0.4977174,0.1873028,-0.008053757,-0.1726793,-0.4118986,0.1922611,0.03813813,-0.03347473,0.2571533,-0.006324375,0.08874232,-0.1313256,-0.2364054,0.005236939,-0.9178839,1.052555,0.6942186,0.1279735,-0.1762489,0.2268324,-0.2602358,-0.2553871,-0.5110141,-0.03244055
-0.5733275,-0.1516798,-0.4230924,-0.0748002,0.02640443,0.09125394,-0.4246676,-0.2516332,0.1788871,-0.08575894,-0.1574703,0.002588431,0.03330405,0.05499785,-0.4360746,-0.2259635,-0.2221738,-0.1992803,-0.3362584,0.03429967,0.3078877,0.008281718,0.1168016,-0.1100549,0.7227453,0.3150048,-0.01959864,-0.08467728,-0.2023899,0.1183447
-0.4986839,-0.2926029,-0.1755016,-0.1922552,0.05698217,-0.1977446,-0.005053561,-0.1983721,0.4728799,0.07759301,-0.1115605,0.4665509,-0.07082681,-0.2587837,-0.1880916,0.3216144,-0.07308317,-0.1963177,-1.001776,0.01872896,-0.04525334,-0.1949149,0.1938988,0.1572487,-0.02075799,-0.02231957,0.5703908,0.3756185,0.1933544,0.6021672
-0.02039533,-0.0425168,-0.01647666,-0.1073351,0.2569691,-0.1371311,0.2619718,0.3764812,-0.6487527,0.2980388,0.1744162,0.2874159,0.2130864,0.002787887,-0.5313196,-0.4602261,-0.2699951,0.321189,-0.5671172,0.2278515,0.08192557,-0.002374528,-0.09735157,0.387766,-0.221491,0.2811717,0.04792132,0.9521694,-0.02322948,0.1353778
0.3304224,-0.329476,-0.272686,0.4172552,-0.1459012,0.03596693,0.003163916,-0.4045661,-0.1607497,0.4116785,0.5712442,0.2323679,-0.2700052,-0.04588166,0.4416413,-0.05364674,-0.08111897,-0.2751233,0.4178455,-0.4494939,-0.06131274,0.6308705,0.03587478,0.06564637,-0.2132958,0.431427,-0.07106302,0.3593001,-0.1445373,-0.6178138
0.1874096,0.1467605,0.02941654,-0.1469974,0.2707881,0.6860523,0.3507898,-0.0234075,0.2284293,-0.4868618,0.06662661,0.213397,-0.1836248,-0.3557264,-0.5686451,-0.0916774,0.3914571,0.4174683,-0.2710619,0.3631468,0.1738988,-0.4803731,0.2413095,0.2472635,2.144498,-0.4903487,-0.001818269,-0.0001740929,0.4193723,-0.09269397
-0.4895698,0.3188583,-0.03910193,-0.01324826,0.04286331,0.3665079,-0.2995087,-0.3302745,-0.4374513,0.4009512,0.2064953,-0.05446018,0.03244203,-0.4757084,-0.1404459,-0.01117712,-0.2371241,0.3969512,0.06638855,0.1170506,0.004423782,-0.2333603,-0.1251988,0.1510287,0.06979674,-0.2693446,0.4106601,0.32389,-0.1530187,-0.1009225
0.2312696,7.728932E-05,0.09337934,0.2658621,-0.5754076,-0.757899,-0.0639473,0.3623014,-0.03018901,0.3640682,-0.4461724,-0.4585584,0.2713317,0.1312777,0.2454975,-0.0495543,1.063561,-0.09187511,-0.3927321,-0.1196231,0.07983545,0.2601708,-0.4625925,-0.06429517,0.7644718,1.326375,0.1490921,0.1529496,-0.2314286,-0.5334705
0.283674,-0.4098419,-0.5316026,-0.173368,-0.005581406,-0.3141929,-0.7047036,-1.485924,0.1882627,0.330002,0.4228047,0.3841699,0.1649572,0.2641203,-0.7179299,-0.2396514,0.3292857,-0.01775443,0.5164673,0.4698857,0.02436227,0.5106801,-0.001006026,0.1705828,0.2696526,-0.4391793,0.1690342,-0.2672106,0.5579473,0.2933513
-0.9037825,-0.5413424,1.335387,-0.07270634,0.6081433,0.2542125,0.4277613,0.2105981,-0.4534972,-0.02471518,-0.03809065,0.4116062,0.3988322,-0.241693,-0.3598014,0.6629953,0.2143229,0.4446553,0.1514812,0.2458767,1.258754,0.2297975,-0.3308345,0.2286172,-0.02928575,-0.8524299,0.2148274,-0.2958851,-0.9551814,-0.587345
0.08248919,0.1952632,0.09197915,0.3820862,0.4495915,-0.2253187,-0.403806,-1.521523,0.5897436,0.6848822,0.2121382,0.1658277,-0.2515397,0.3151293,0.6630249,0.2386521,0.008213783,-0.368213,0.05169231,-6.563935E-05,-0.4011864,-0.07081369,0.2617532,-0.7487977,0.1806129,0.1682464,0.02142814,-0.2667971,0.383762,0.3863519
-0.02383299,-0.1823457,0.1716425,0.4072268,-0.4489161,0.3856581,0.5419302,0.03168041,0.1969168,0.3290268,-0.04123399,-0.1523163,-0.2153717,-0.3543576,0.05472928,0.6322102,-0.0479849,0.3676381,-0.2191531,0.4243971,-0.2686267,-1.485391,-0.6768407,-0.07121986,-0.08841813,0.4514242,-0.07012115,-0.383186,0.02692356,0.02273303
0.06387861,0.4266689,0.04314914,-0.000178272,-0.129993,-0.03061566,-0.05942781,0.1669242,0.1664452,0.6174779,-0.003484572,0.1568507,0.1994336,-0.02091461,-0.4736534,-0.04204951,0.01767153,0.1771647,0.04424787,0.480122,0.02531416,0.9684695,-0.3099492,-0.1116305,-0.01156205,-0.2502349,0.3996894,0.02892219,0.007118523,-0.1852617
0.4625661,0.08680547,0.4022164,-0.117688,0.2192132,-0.07952668,-0.2397968,0.06069484,0.1003036,0.289959,0.3580374,0.02741899,-0.1047559,0.04350253,0.04175169,0.3085654,-0.006490102,0.4254225,0.4114577,-0.02829837,0.3218586,-0.01805522,0.1240252,0.1073389,0.3931015,0.8518717,-0.4011418,0.01370825,-0.3833914,0.01197287
-0.3850099,-0.0321689,-0.05755702,-0.09021042,-0.06036634,0.4278885,-0.1088658,-0.244784,0.3746811,-0.4465837,-0.2709514,-0.4932705,-0.0184175,-0.3086121,-0.3015603,-0.4057289,-0.1611857,-0.09801073,-0.2594342,0.2192995,0.06018559,0.1173717,0.6986164,-0.1133117,0.1672756,0.03184646,0.3658538,0.3809848,-0.09150833,0.1944168
0.1246384,-0.2338042,9.358027E-05,-0.04658112,0.03432538,0.001318916,-0.01772944,0.08283859,-0.3184215,-0.1735004,0.1665086,0.1736448,0.3478523,0.1303915,-0.192738,0.4438006,-1.347305,0.3997628,0.4859796,0.0174576,-0.01381058,0.353348,0.1755303,0.4120395,-0.3381207,-0.1577544,-0.2614517,0.7974848,-0.2659828,-0.4190497
-0.2594142,0.03966058,0.07529434,0.1991739,-0.2657879,0.3885427,0.2219235,0.5633937,-0.6795717,-0.1719677,0.4571941,0.745318,0.1014333,-0.7894975,0.929944,-0.1249322,-0.3834971,0.2974528,0.2607906,0.04674845,0.2239102,-0.213581,0.120777,0.4046792,-0.3860753,0.1760915,-0.2174135,0.05943948,-0.3742203,0.004508555
0.1807684,-0.2128655,0.8069836,-0.4004014,0.3023909,-0.02758105,0.1262045,0.03114718,0.698432,0.07849909,1.260163,0.08796442,-0.01582028,0.05095297,0.5021157,-0.04074849,0.974082,-0.08607727,-0.3312016,-0.1929296,-0.1028158,-0.370212,0.1730173,-0.2224679,-0.09219261,-0.2717056,0.1924126,0.7555672,1.020733,-0.07600194
-0.01543766,-0.3634857,-0.1101693,-0.1640075,-0.3504989,-0.4306359,0.3344638,0.6861736,-0.4312001,0.1901133,-0.2280355,-0.2670317,-0.163628,0.379443,-0.1090586,-0.06397689,0.2330667,-0.4679269,-0.09232707,0.3119373,-0.01791662,0.04451602,0.02123477,0.08338317,0.0104629,0.02194493,-0.1429432,0.113775,0.07891232,0.09296112
-0.0123041,-0.02800113,-0.4363163,-0.3912034,-0.3112948,0.02730452,-0.01521858,0.5488345,-0.01731283,-0.07511548,0.3035186,0.05444624,0.6473086,-0.05967162,-0.1627797,0.4603792,-0.3347285,0.009054787,-0.4331005,0.002609023,0.2403991,0.6056182,-0.04010331,0.1568396,0.3540897,-1.897047,-0.1079553,0.09631591,-1.365317,0.06015378
;
0.1937153,0.06505778,-0.4845424,-0.3543487,0.6345914,-0.1774758,0.08102381,-0.2574638,-0.405458,1.167201,-0.3447784,-0.7876756,0.2873998,-0.3316301,-0.4487072,0.05052668,0.353036,-0.1801233,-0.06750276,-0.06790481,0.2446544,-0.283536,-0.02229577,0.03597516,-0.002654755,-0.3626062,-0.6643067,-0.3823645,-0.1309138,-0.06985577
0.06591272,-0.2236905,0.06924779,0.01158012,-0.0354641,0.5321702,1.04422,-0.4863995,-0.1211555,0.9894628,0.2127478,0.1790005,-0.2672857,0.0634146,-0.4997646,0.2503898,-0.2081381,0.03186402,0.4539002,-0.1836707,-0.8490802,0.7660798,0.01511399,-0.103388,-0.3518866,-0.4639401,-0.007094826,0.06835133,-0.4447415,0.03568114
-0.05917001,0.0009140066,-0.1343487,0.4644611,0.5397735,0.3343925,0.2023398,-0.6235856,0.1731379,0.3098351,-0.2616784,-0.004252651,-0.3940289,0.4459647,-0.2473977,-0.3949081,0.06421065,0.3380913,-0.5060099,-0.1723176,0.4528887,-0.1604943,-0.02901529,-1.338319,0.1322361,0.3044895,0.5623978,0.2333078,0.004052324,0.6936195
;
-0.0697889
-0.01212577
0.8564222
-0.02198971
0.02898845
0.02376757
0.000117899
0.4965591
0.4768828
-0.1155404
0.1424754
-0.2538418
4.870773
0.03173408
-0.3805043
-0.04257449
0.1879541
0.03572193
0.006070469
0.803537
0.3058615
0.001790534
-0.4810643
-0.6318461
-0.41432
-0.1930744
0.4809703
-0.05003875
0.1379276
0.003408949
;
-0.007513265,-0.5664347,0.2116365,0.001160441,0.03815501,-0.377488,0.4178687,0.2842934,0.5607301,0.007346262,0.8207626,-0.1173405,-0.3320003,-0.2578099,-0.156805,-0.3389215,-0.3673742,0.474236,0.4228098,0.1307821,-0.3436821,0.468112,-0.007250726,0.8359793,0.5718217,0.340611,-0.04460074,-0.2675987,0.6852391,0.3653928
-0.07768451,0.006289676,-0.1124162,0.03004092,-0.2227805,-0.1269463,-0.4651501,0.03956077,0.07401975,0.2580971,0.7389803,0.3456171,0.009118602,-0.03475638,0.09519357,0.2025834,-0.1629239,0.3963829,0.3110121,-0.00176893,0.04071073,-0.08581051,-0.6879916,-0.3959154,-0.203851,-0.4924315,0.1385067,0.8897687,-2.374587,0.1147218
0.01472617,0.1313152,-0.1638035,0.3157652,0.005002201,0.009200841,-0.2272658,-0.2631549,0.04738761,0.4614695,0.3730322,-0.1292272,0.1095534,-0.4257981,0.4748374,0.008994454,-0.334884,0.001373813,0.5816447,-0.05334118,-0.2293925,0.1914349,-0.003944789,0.156402,-0.1515191,-0.4215484,-0.1574187,-0.04436569,0.1619455,-0.001411333
-0.01368223,0.03619033,0.08695652,-0.5213979,0.1011645,0.4374961,-0.3750644,0.03014116,-0.4549758,0.3721392,0.05805002,0.02178087,0.03817453,0.2830884,0.2655966,-0.03294855,-0.3766356,0.01154148,0.4425905,-0.05927843,-0.1837717,-0.4930506,0.08767963,0.1862999,-0.1160497,-0.02034498,0.6340337,-0.2735533,-0.4015692,0.1428519
-0.1175452,0.2150233,-0.3571144,-0.1506306,0.02409199,-0.5347379,-0.05141363,0.4991011,0.3176025,0.005343603,0.01948553,-0.4939156,0.2872905,-0.2283943,0.4578201,-0.04202494,-0.1911991,-0.4100631,0.4944242,0.003068645,0.415418,-0.09721845,0.2931082,-0.1554951,-0.01924156,0.3720701,0.00197091,0.5200918,-0.1457219,-0.1679178
-0.2621448,-0.06501991,0.1817589,0.2623943,-0.4686247,-0.6533104,0.1737834,-0.115802,-0.0009208647,0.01326075,0.1898891,-0.01120813,0.0004923402,-0.1263625,0.4328616,-0.04176867,-0.02529755,0.3322792,0.03544133,0.133925,-0.4185101,-0.2626638,-0.4218459,0.04282138,0.5750347,0.09067535,-0.130383,-0.3598945,-0.1150283,-0.1165247
-0.1920557,-0.01857881,-0.002505693,-0.3966251,0.4043339,0.02434967,0.4373619,-0.2799514,-0.03454216,0.4069017,0.5506196,-0.4517008,0.05464833,-0.04938982,-0.2494826,0.940696,0.0208471,-0.2175864,-0.5624932,-0.272742,0.7530555,0.1598531,-0.4246464,0.1936452,-0.3474615,0.2683278,0.02612999,0.3295259,-0.1495614,0.006544042
-0.1908743,0.1501255,-0.4083925,-0.07470226,-0.1860957,-0.0003797156,0.08521143,-0.01770407,0.2100944,0.1357267,0.7714853,0.2838676,0.1115569,0.0373686,0.05001158,-0.4916263,0.09492564,0.005575226,0.02661282,-0.09483128,0.4681633,0.6694942,-0.1871517,-0.3573244,0.289965,0.2914365,0.6336117,0.008780583,0.06810814,0.6288052
0.390301,-0.04258662,0.4009656,-0.0059366,-0.1543147,0.2252708,0.09644312,-0.4143645,0.08034939,0.2698578,0.03218099,-0.7236838,0.03309879,0.1570343,0.004464735,0.1910827,-0.2297636,0.4589927,0.4497198,0.006260018,0.3090358,0.1042494,0.3147102,-0.04744202,0.1507044,-0.2262548,0.1938378,0.02289454,-0.03856322,-0.1378186
0.5178741,-0.5256967,0.06847046,-0.3913417,-0.005938357,2.043986,-0.2579592,0.1425552,-0.8266639,0.578627,0.4389288,-0.4483668,0.2392909,0.6094055,-0.2911755,0.4018121,-0.2353415,-0.5683537,-0.291877,-0.1093181,-0.4753631,0.3487806,0.06007832,-0.4228086,0.2454456,0.351981,0.2535586,-0.3384966,-0.4122206,0.00261931
-0.270672,-0.09404951,-0.01391488,-0.1081389,0.08859688,0.3063061,-0.2972653,0.5782787,-0.3260202,-0.05565459,-0.4521657,0.09191356,-0.14342,-0.6863393,0.3428565,0.393558,0.03333704,0.4318801,-0.005990708,0.008877791,-0.009356685,0.0627492,0.02559298,0.4769539,0.4634826,-0.1805849,-0.4752512,-0.03782042,-0.02394336,-0.1021671
-0.4391896,0.03523821,-0.4661455,0.2717623,0.2100357,-0.03635702,0.4509804,-0.1563485,0.1084185,0.05530457,0.06317061,0.2634809,0.4540062,-0.00335439,-0.08528452,-0.1430174,-0.2826071,0.4213935,-0.454886,-0.1387007,0.4667161,0.5311481,-0.7885157,-0.5411369,0.0573135,-0.2443419,0.1522151,-0.2869802,-0.3794211,0.4612451
-0.1091244,0.2933767,0.4707124,0.1230051,-0.1987727,0.03953356,0.0006589527,-0.2971553,1.64904,0.09681958,-0.4776334,0.5035381,0.03503489,-0.3198714,-0.06416816,0.02981788,0.2387459,0.241817,0.00238198,-0.3273976,-0.4697275,0.6965372,0.2275721,-0.03088386,-0.0087945,0.567201,-0.08975486,-0.3610828,0.4951339,0.5837165
-0.3633161,0.02238273,-0.0453788,-0.4148163,-0.2214579,0.04960911,0.1061212,0.8810338,-0.04554859,0.3689576,0.002950391,-0.05934066,0.1396678,0.09206575,0.1182517,-0.4523767,-0.1314634,0.09770942,0.607825,-0.1043176,-0.4117333,0.1928854,0.1796157,0.2077336,0.1489727,-0.05400005,-0.3197978,-0.7952785,-0.1253254,-0.1984995
0.374642,-0.2698569,-0.3159233,-0.3846936,0.008260952,-0.3521055,-0.02211659,-0.0009047837,-0.003814021,-0.1186588,-0.08218884,-0.07945239,0.01695481,-0.4890046,-0.2918372,0.4633242,-0.3735293,0.3153004,-0.0003102191,0.3113296,-0.3935967,-0.4326913,-0.3452228,-0.2957692,-0.05837382,0.3080025,0.002434568,-0.3716646,0.6959845,0.3558642
0.04062706,-0.4493414,-0.1851823,1.377659,-0.436674,0.006235699,-0.02054688,0.1170439,0.008981378,-0.0232974,0.001329404,0.02783138,-0.235197,-0.37726,-0.01771893,0.6510502,0.07985301,-0.08539981,0.1391331,0.2066996,0.03517673,-0.07284299,0.2582188,0.1983889,0.0150153,0.08965284,0.361419,0.004252142,-0.002415717,0.001342973
-0.7582658,-0.1505286,0.1420943,-0.2479935,-0.03594275,0.2644168,0.330826,0.06962731,-0.09864801,-0.1911718,-0.007855819,-0.1648133,-0.195565,-0.0006435961,0.002097275,-0.02034777,-0.483844,0.4770636,-0.04495692,0.06780954,-0.6419777,-0.2072566,-0.4055932,0.3079903,0.2572532,-0.8066614,-0.4402537,-0.1853895,-0.4337021,-0.2057287
-0.1292929,0.2151581,0.186708,-0.6338909,-0.2900754,-0.1075066,0.7413311,-0.246682,-0.1818584,0.4915515,0.3708119,0.1634629,-0.1941178,0.4070684,-0.1417212,-0.1113466,0.102211,-0.14759,-0.3991908,0.3428514,-0.2696112,0.687354,-0.04524969,-0.001224748,-0.5890729,0.2269887,0.2267979,0.05317425,0.09964502,0.035777
-0.0393706,0.1956191,0.2105482,0.02193718,0.1352942,-0.08464321,0.4112145,0.725403,-0.2559495,-2.282986,0.3916259,0.08881442,-0.03342597,-0.05442405,0.09557658,-0.05821032,0.2110449,0.002999697,0.1442296,-0.1325899,0.08321515,0.1329968,-0.01436485,-0.4546559,0.211399,-0.02015287,0.156047,-0.4567823,0.3375076,0.02788385
-0.007638744,-0.002801069,-0.1990956,-0.04801556,0.4257954,-0.003536699,0.4470721,-0.1466812,0.3364867,0.4554758,-0.04529062,0.4306266,0.3891107,-0.200343,-0.0104666,0.4929386,0.01207596,0.08039271,0.7324119,0.2731689,-0.826893,-0.8404238,-0.1881689,-0.2704026,0.423673,-0.1832384,-0.08656176,0.05054924,0.1898895,-0.3061196
0.0815938,0.2606842,-0.01947393,0.1189166,0.23629,0.4073672,0.3841864,-0.03404662,-0.02967125,0.6697354,0.07032152,0.04223569,0.1971299,-0.008046259,0.4483626,0.09384578,-0.01323298,-0.1779149,0.3726179,-0.1294893,0.09225649,-0.5384051,0.4899384,-0.02339268,-0.1179246,0.6558648,0.2517584,0.4841329,-0.5656978,-0.0477154
0.02350724,0.314954,0.4765144,-0.8387221,-0.2958742,-0.2120572,0.2605681,-0.2207232,-0.0014879,-0.01760274,0.156369,0.4943126,-0.05455369,0.2176568,0.3896241,-0.1236044,-0.2796469,-0.1122469,-0.3664517,-0.4021271,0.01273088,-0.6781964,0.2640053,0.3464708,0.6535088,0.3338504,-0.1597823,-0.01914025,0.2387361,-0.3032279
-0.006868131,0.02297006,0.4713522,-0.002024323,0.4285357,0.2597846,-0.3819635,-0.07856899,-0.005785927,0.4754664,-0.08492619,-0.4361809,0.09099215,-0.7565519,0.3208554,0.4465945,0.4924755,0.4130095,-0.003550035,0.1305149,-0.102491,-0.06661028,0.7461748,-1.049958,-0.04461169,0.02647921,0.2104716,0.6864743,0.04794055,0.3791198
0.003505697,-0.1927255,-0.07173689,-0.4405122,-0.4098603,-0.3721882,0.2860718,0.01216541,0.2602675,0.1513823,0.3084779,-0.01031883,0.003114156,0.1579954,-0.2541124,-0.008539021,-1.349009,-0.4972748,0.009919498,0.2377056,-0.2506435,0.7520548,0.2879108,-0.2382358,-0.3315941,-0.09087539,-0.3559941,0.08186692,-0.02416797,-0.2882819
-0.1951909,0.1410891,0.2998118,-0.05498594,-0.1080681,0.111765,-0.0002550916,0.5179716,0.02960783,0.2494397,0.2950395,0.4191221,0.005937456,0.05971523,-0.338764,-0.08332007,0.1412229,-0.07841831,0.2264894,0.009505694,-0.1822253,-0.2539142,0.2521808,0.08896885,0.4136213,-0.1614694,0.0006975162,-0.3098882,-0.2258053,-0.2221034
-0.4947175,-0.04578849,-0.4346188,-0.4057057,0.4374514,0.1388879,0.2851723,-0.1766643,0.04785292,0.3562991,-0.09488541,-0.1961813,-0.4247373,-0.2695351,-0.1770008,-0.1505567,-0.004247366,0.10338,0.9119008,0.2560288,0.2077695,-0.002237488,-0.9123337,0.02497104,0.0003631976,-0.1111514,0.07050496,0.01809938,-0.5007392,0.01274868
-0.04020363,1.54062,-0.3774654,0.01959449,-0.1581933,-0.144832,0.4660344,0.0782997,0.2635466,-0.1076761,0.003728272,0.1418162,0.3853773,0.03356725,0.430286,0.1363631,0.418908,0.1308458,0.07931237,0.2397632,-0.009119804,-0.1088471,-0.007975392,-0.0418498,-0.4783624,-0.5113646,-0.05011302,0.4305239,-0.1148752,-0.4835367
0.08755844,-0.04912608,-0.153819,0.05048438,-0.09096915,0.05543437,0.1437127,0.1403453,-0.3304751,-0.181001,0.1412839,0.1158232,-0.04232262,0.03763603,0.3590333,-0.1897213,-0.07906795,-0.03692522,-0.3796196,-0.1242796,-0.3776563,-0.04854949,-0.1101229,0.2773718,-0.4147407,-0.05453509,-0.6749087,0.1670997,0.1826659,-0.1585278
0.1974627,0.06757909,-0.4265492,0.2162287,-0.7263352,-0.08805219,-0.08142532,-0.4953942,0.4620124,1.006046,0.3106351,0.4109522,-0.02511209,-0.313473,-0.1050772,0.2696337,0.0811886,0.2057546,0.03175721,0.09855622,-0.06998042,-0.08652391,0.4426067,-0.3839958,0.169705,0.2470604,0.4288795,-0.1499818,-0.5822425,-0.2265055
0.3212992,-0.3764199,-1.552276,-0.2149315,0.03496159,0.4373927,0.06250598,-0.006688774,0.4925491,0.01810473,0.1847174,-0.3769661,-0.06720013,-0.02105183,0.05470514,0.4072142,0.1840896,-0.3120255,-0.1427914,-0.5459275,-0.8228935,-0.1140338,0.3404744,0.2932298,0.1064884,-0.1546922,-0.301826,-0.4016606,-0.07676274,-0.05872048
;
-0.4565631,0.03033721,-0.06312589,0.2426303,0.7115198,0.2329482,0.1549124,-0.212895,-0.1344692,-0.5391559,0.3010837,-0.03445114,-0.1437896,0.06206903,-0.526834,-0.0703084,0.0528978,0.4188044,-0.4798832,0.4595462,-0.9322717,0.3769699,-0.1847652,0.1275843,0.0127097,-0.1109633,-0.4491087,0.1556687,-0.1198582,0.002327832
0.4027712,0.4703171,0.1841121,0.2222054,0.4684467,0.2488429,0.09097806,-0.08564478,-0.01347848,-0.3690157,0.1145666,0.5120661,0.0594359,0.4311178,-0.01996404,-0.0424088,0.01504481,0.09476104,-0.2050263,0.117166,0.2326946,0.00250215,-0.09817475,0.2146264,0.2603946,0.002133686,-0.4369394,-0.001040404,-0.3787041,-0.2054326
-0.3924426,-0.1943052,-0.2609349,0.1290611,-0.7356005,-0.4439439,0.2585305,0.2241283,0.4232138,-0.1232918,-0.1808381,-0.0523258,0.1682215,-0.201199,-0.006542325,-0.2204649,-0.214521,1.197495,0.1944833,0.4799636,-0.08021314,0.1933032,0.008848862,0.2288395,0.00324156,0.06945223,-0.5131463,-0.311193,-0.2549734,0.1487454
;
-0.1821391
-0.3090857
0.4842876
0.1960119
0.02544992
-0.001057633
0.4992169
-0.2707449
0.2995258
0.4075615
0.03904739
-1.676026
0.3214635
0.0231728
-0.4615874
0.01689504
-0.2190362
-0.3430816
0.2045448
-0.4045265
0.11168
0.8081722
-0.4529063
-0.006548272
0.1685029
-0.0752303
0.278192
-0.3654404
-0.3748574
0.3678164
;
0.02362701,-0.3675481,0.01450925,-0.7513908,-0.07783879,0.1461003,-0.3955965,-1.923421,0.2505,0.5749517,-0.3664436,0.159134,0.06132811,0.1073964,-0.2670251,-0.1321272,1.041027,-0.1651624,0.2397146,-0.1738127,0.2360111,0.3848809,-0.2991196,0.2690035,-0.1506972,0.1297486,-0.1421494,-0.1259659,0.380996,-0.02515667
-0.3682318,-0.4289814,-0.1624162,0.04328269,-0.3338201,0.3147345,-0.02736328,0.05688943,0.0004007333,-0.06023933,0.07173236,-0.7766665,0.1967753,0.3001491,-0.03639058,0.5427718,0.489364,0.8021708,0.009356439,-0.1725111,-0.3622357,-0.04782293,-0.3578967,0.2995406,-0.1730596,-0.1658953,-0.1194806,-0.2084181,-0.1142337,0.01055306
0.04873165,-0.1002833,-0.3122161,0.09163648,-0.6195175,-0.2742601,0.3443929,0.04668873,0.3987603,-0.4486932,0.001845844,0.2487635,-0.2427033,-0.3073571,-0.2662359,0.07213178,-0.1241134,0.006224692,-0.1569615,0.1809102,-1.060665,0.002163987,-0.2939975,0.4777688,0.4947629,-0.2945288,0.4334538,0.4662778,0.07458176,0.764897
0.4203047,-0.4155167,-0.01277582,-0.005523338,-0.09990181,0.06283878,-0.02193853,0.1694147,-0.08201151,0.3321329,0.03569442,0.3436286,-0.2464801,-0.2585051,-0.0991241,0.009696305,0.4227463,-0.05262607,0.003668923,-0.0782041,-0.3962672,-0.1768423,-0.4872043,-0.1324872,0.2229842,0.1371904,0.03943616,-0.066558,-0.1747722,-0.05068856
0.5874572,0.6692281,0.527515,-0.07945877,0.3368472,-0.128509,-0.02358811,0.0006802455,-0.4210924,-0.5893776,-0.4592866,0.2448497,0.1125511,0.02570202,-0.06434399,-0.1882235,0.3567849,-0.003307508,-0.4722416,-0.1784289,-0.07204433,0.08530146,0.04701191,0.08896594,-0.008889019,0.4913845,-0.2354905,-0.1703809,0.04369188,0.02052257
-0.369131,-0.2319359,-0.05931095,-0.2146195,0.2415402,0.2833301,0.4024516,0.1292918,-0.4389024,-0.03222138,-0.1371513,0.1969153,0.3542501,-0.2564315,0.599219,-0.1587393,0.02475549,0.454462,-0.4583913,-0.1460583,-0.04642562,0.3121647,-0.02436005,-0.03134205,-0.09050702,0.09690715,0.288958,0.3575392,-0.7233533,-0.1377057
0.355974,-0.3380383,-0.4518096,0.2830001,-0.1965634,-0.3603984,-0.3683422,-0.5697454,-0.140434,-0.3271747,0.0007824603,0.6871852,-0.004611254,-0.2985229,0.02932344,-0.3536679,0.04344746,-0.06081139,0.3775454,0.1829515,0.04981534,-0.1971404,-0.001083622,0.436887,0.4011696,0.05339947,0.566349,-0.1257614,-0.04460301,-0.6378472
-0.08078402,0.01646513,0.4534889,0.6846797,-0.0873628,-0.4956098,0.02759453,-0.2769043,-0.5800146,-0.2000443,-0.8415773,0.4114578,-0.09452707,-0.4972677,-0.2279335,-0.3750306,0.1079367,0.3153863,-0.08894876,0.262496,-0.2654927,-0.3969957,-0.08083506,0.02873337,0.1932608,-0.3172799,-0.1217459,0.3018549,0.01308354,-0.5188663
-0.0003907122,0.4468493,0.05652255,0.09490822,0.2171344,-0.2298405,0.199833,0.1534252,0.01946646,-0.03708667,-0.01929262,0.0215575,-0.5254699,1.181525E-05,0.01880301,-0.4001896,-0.7731476,-0.0002046756,0.3369682,-0.0129688,-0.5326127,-0.2106385,-0.431172,-0.2794071,-0.1530049,-0.2663963,-0.05115423,-0.08102014,0.407572,-0.4492358
0.2915949,0.135512,-0.2280049,-0.07421881,0.1403705,-0.4987689,-0.009838329,-0.3652687,-0.389431,0.4526575,-0.1868767,-0.01328808,-0.2552173,-0.3900944,0.2150634,-0.2535336,0.6143584,-0.1849163,0.03028245,-0.02205244,-0.4669157,-0.1157749,-0.2716641,0.5096883,-0.02262055,-0.1326877,0.8218059,0.8160661,-0.6637593,0.005848926
0.4702814,0.005663995,-0.1488115,-0.2889074,0.06958783,-0.272894,-0.3662378,-0.3603236,-0.2558339,0.005722533,-0.164443,0.0022508,-0.385506,-0.1689644,-0.04992713,-0.8688226,0.6121536,0.04121697,0.2312587,0.0009356347,-0.3392668,0.02586468,0.106997,-1.270918,-0.2487354,0.1755693,0.2290663,0.1203898,0.01362551,-0.03855535
-0.4513285,-0.5273943,0.0002798961,-0.2645752,0.05786278,-0.2579027,0.3282557,-0.4910269,-0.950473,0.2947875,0.4738247,-0.1563401,0.1562306,1.266155,1.073038,-0.004773451,-0.1618272,-0.1279051,0.03608251,0.2380391,-0.1217951,-0.2398795,-0.0804016,0.07420005,-0.05325622,-0.09767155,0.2972319,0.3899504,0.1404101,0.005355299
-0.002790169,0.01729643,0.7591289,0.009573133,-0.5041054,-0.6307422,-0.1751212,-0.2036657,-0.4629779,-0.4560218,0.007491881,0.3235326,1.004332,-0.5280527,0.1141698,0.004406154,1.072792,0.001294398,-0.02302283,-0.459221,0.2770264,-0.08382589,-0.2442317,-0.1924533,-0.0835976,0.101153,-0.2010428,-0.5336136,-0.3800904,0.05291897
-0.5770055,0.3006716,1.550004,-0.4963417,-0.9396533,-0.2612985,0.04473614,-0.002960503,0.06558391,0.2223769,-0.1721649,0.3815173,0.05512124,-0.4602465,-0.00159978,0.462037,0.2444938,0.04302698,-0.4635414,0.1614023,0.1358676,-1.547291,-0.1955092,-0.003702072,0.2549469,0.2373537,0.3870285,0.1289304,0.2608672,-0.2620867
0.1786378,0.2687805,0.6129969,0.08272332,0.5482487,0.2657934,0.522432,-0.0303209,-0.4052014,-0.3617783,0.05930656,0.4882619,-0.4841915,0.02122539,-0.4559847,0.7021734,-0.3026278,-0.7421749,-0.323577,0.002329975,0.1867499,0.1616621,-0.442841,0.06377354,0.4988871,0.2749351,0.02028597,-0.4862864,-0.4752766,-0.5382879
0.004164485,-0.7051936,-0.310123,-0.3624807,0.002076237,-0.03254551,-0.08722497,-0.5162393,-0.04320932,-0.09637477,-0.4816597,0.01598682,-0.1981265,-0.3941212,-0.3238791,0.07134052,-0.03342042,-0.1543285,-0.03248206,-0.2538146,-0.3169725,-0.6000439,0.1864719,-1.098547,0.03662464,-0.5520471,-0.07025188,0.1643762,-0.113853,-0.07248914
-0.1089188,0.4028172,-0.01009221,0.05820679,0.1858171,-0.9516509,0.495059,0.09542494,0.08446292,-0.02084466,-0.01867222,0.1892907,0.8295884,-0.09410207,-0.4778489,-0.005987122,-0.1199684,-0.2098794,-0.01142239,-0.003100781,-0.1089404,-0.4095778,0.5592878,0.3859411,-0.0001528981,0.7255493,-0.5488971,-0.1052563,0.3089741,-0.4644349
0.1793871,-0.2301395,-0.09002786,0.4997473,0.04535844,-0.3201055,0.06571165,0.06017381,-0.04249618,-0.370433,0.0008917737,0.2746993,-0.002392562,-0.3828874,0.2081566,0.2455371,-0.06560928,-0.7901698,-0.004664931,-0.2448688,0.04235199,-0.3330202,-0.4851536,0.0225087,0.007432131,-0.749087,0.1104401,0.1051596,0.6967786,0.443599
-0.2333224,0.2946479,0.02945453,-0.03169522,0.2163299,-0.2459487,-0.3045098,-0.2631842,0.2345484,-0.392164,-0.1031458,-0.02284199,0.107201,-0.4510223,0.08907229,0.4801657,-0.1659434,0.06846372,-0.2426668,-0.2867887,-0.1177073,0.06128067,-0.0003038638,-0.4630057,0.2156723,0.1759207,0.0009730304,-0.4614101,-0.09433708,-0.4777059
0.2280056,-0.344411,-0.4033577,0.1518831,-0.1428439,-0.335648,0.0005560034,-0.02335512,-0.1459975,-0.5199506,-0.4611553,0.0712114,0.1185258,0.2605367,0.5845929,-0.05694517,0.6069201,-0.01827345,-0.1228252,-0.006347273,0.008675158,0.4411557,0.3321903,0.06299978,-0.06879225,0.4779304,0.1787389,-0.4904392,-0.01215046,-0.6633604
0.09918433,-0.1056716,0.1036701,0.2369903,0.3842307,0.2855878,0.2195298,-0.9916025,-0.2293091,-0.624697,-0.1284541,0.4608809,0.03779608,-0.004412669,-0.1576083,0.1563506,0.03713087,0.3629492,0.5736222,0.1469592,-0.1029349,0.4485431,-0.05527109,0.1266167,-0.09281124,-0.492613,0.005510747,-0.1469408,0.0609939,-0.04293025
-0.1060658,-0.5380106,0.2480858,-0.2788226,0.2210152,-0.1266063,0.4584477,0.4830483,-0.8421788,-0.056696,0.2794733,0.001007598,-0.00984011,1.299239,0.1638781,-0.4345894,0.8005479,0.04911827,-0.3704112,-0.02609186,0.1803378,-0.5383725,-0.1584002,-0.4519951,0.01277526,0.3339775,0.04866725,-0.6466988,0.4870394,0.05749991
-0.183459,0.0708892,0.3455338,0.06726655,-0.1464272,-0.3467726,-0.1679729,-0.46726,0.2586017,0.2207159,-0.06603706,0.03983015,0.0853127,0.3088415,-0.1907576,-0.05152913,0.3150108,0.4514704,-0.1718031,-0.1266126,-0.03925103,0.3769946,0.2150086,0.4263327,-0.01276123,0.2267773,0.8291046,0.2400523,0.00720357,-0.2007751
0.3574709,-0.007109955,0.0965029,0.2902194,-0.008139499,0.02935109,0.1669609,0.001778543,0.0325967,-0.3890332,0.3654737,-0.1552444,0.4646325,0.422938,-0.6871727,0.1152031,0.134314,-0.7701071,-0.1007509,0.2549947,-0.2494468,0.1377158,0.1704861,0.02010518,-0.003219387,0.6037236,-0.218217,0.1965604,0.1073771,0.393283
-0.03898623,-0.1523478,-0.2559922,0.2023997,0.08187431,0.07180208,-0.08908588,0.4649878,-0.03819209,-0.01978535,-0.2932736,-0.001200057,0.05039811,0.3438632,-0.1093089,0.1820667,0.07449013,-0.4297861,-0.2746572,0.2588513,-0.2294861,-0.4296702,0.06931152,-0.2888733,0.01379472,0.3064767,-0.4399026,-0.4113488,0.2953759,-0.4902456
0.07477172,0.389139,0.3796083,-0.02680365,-0.0431357,-0.3674539,-0.01087324,-0.8833923,-0.2981066,-0.1573489,0.3338093,0.909413,0.7846168,0.8043945,0.4041289,-0.3871591,-0.3370835,-0.01021902,-0.5413977,0.622009,-0.04375811,-0.618138,-0.02469967,0.4169461,-0.1723041,-0.1309345,0.01464399,0.6839488,-0.001190974,0.1355596
-0.4973462,-0.3681525,0.3902654,0.01885734,-0.4585587,0.02177757,-0.2472354,0.4170868,-0.05781039,-0.3996814,-0.1220098,0.1077246,-0.09935042,0.2231208,0.007945658,0.3279885,-0.01754798,0.1775323,0.003069052,-0.01938075,-0.1907802,-0.1491892,0.1055323,-0.2559609,-0.0009046384,0.09866891,0.07882005,0.6068147,0.1491618,-0.7294905
0.09984698,0.3508461,-0.2642046,-0.407933,-0.2399164,0.001374974,-0.00946128,0.2659826,-0.3368089,-0.1325132,-0.2572434,0.3300492,-0.2008673,-0.2537589,0.4742681,-0.005956046,-0.02598763,-0.1440828,0.06939258,0.2990251,0.1062202,-0.1547151,-0.5866064,-0.01131314,0.1225033,0.006003345,0.01843793,0.2819816,-1.238044,0.06889278
-0.3964531,-0.3083541,-0.3897153,-0.02916476,-0.2192196,-0.3703487,-0.04260473,0.6801209,0.0528932,0.01917729,-0.07173681,-0.4231254,0.3297923,0.4316494,-0.1776645,0.4656702,0.3770549,0.6149117,-0.06300408,0.06750523,-0.2791884,0.5355495,-0.07925753,-3.937415E-05,0.1809575,-0.01609164,-0.1535558,0.03522584,-0.4302038,0.2476432
-0.5422024,0.2640927,0.4603462,0.06064142,-0.1061314,0.1887294,-0.4330138,0.6660984,-0.09173926,-0.1917369,0.01734274,0.336145,0.05787808,0.8631077,0.08230033,-0.6480995,0.3962949,-0.007540052,0.9844848,-0.437287,0.02010878,-0.3583456,-0.07602854,0.1166744,-0.9107358,0.08379566,-0.06240676,-0.1436404,-0.7712202,-0.3516685
;
-0.4993552,-0.07224356,0.1589979,-0.09538096,0.002774885,0.149643,-0.35163,-0.2598664,-0.3795756,-0.2222422,0.2114284,-0.2068394,-0.03154504,-0.08473911,0.008304818,0.0001557978,0.4231923,-0.09028208,-0.1254843,0.1572475,0.1206402,0.4214231,-0.02825648,0.2197051,0.4759781,0.007566434,0.3391281,0.6768566,0.1317099,-0.06770462
-0.5044937,0.04941342,-0.04309376,0.04530641,0.3189316,-0.0002772453,-0.3414583,0.19785,0.05320536,0.2562481,0.1834826,-0.308863,-0.001336758,-0.06190878,0.1163829,-0.1478805,0.1594754,0.1709242,0.3527082,-0.3557992,0.1402724,-0.339341,0.09220523,-0.06382821,0.2942109,-0.165078,-0.005851024,0.4583629,1.140738,-0.09949106
0.2585207,0.4394703,-0.2439707,-0.1962207,-0.09771843,-0.1941786,-0.002227069,-0.07854851,-0.2585683,0.2799884,-0.1176853,-0.0168926,0.4700679,0.1645827,-0.2220759,0.4990443,0.1304005,0.03625564,-0.08979248,-0.02517798,-0.2349449,-0.01449877,-0.5189019,-0.46461,-0.01002592,-0.6336823,0.01320141,0.1233516,-0.216034,-0.2595816
;
