-0.02613687
-0.5482842
0.152809
-0.6045628
-0.4607101
-0.002269733
-0.004732328
0.2140303
-1.310065
-0.5114039
;
-0.04695501,0.4161723,-0.07338501,0.3966669,-0.2362604,-0.07676174,0.3275303,0.7301407,0.09877175,0.3306352
0.007403971,0.03867155,-0.01067554,0.4582145,-0.04095981,-0.1751095,0.01025903,0.07512345,-0.07381313,0.1135564
0.06211113,0.1295451,0.3474635,0.381822,-0.2791871,0.02883223,-0.3565657,-0.9343894,0.4531423,0.08363268
0.2438857,0.1179456,0.03052749,-0.06638561,-0.1690577,-0.01258641,-0.2116558,-2.823691E-06,-0.4568591,0.2299601
-0.08163067,0.0010371,-0.3182963,-0.2523029,0.4793744,-0.2049279,-0.1381095,-0.4236276,0.2853076,-0.3632929
0.1106051,0.5506813,0.2525827,0.2296117,-0.06683248,1.236775,0.02033797,0.04035643,1.051428E-05,0.03265053
-0.001710276,0.02920355,-0.4188245,-0.4769692,-0.06629325,0.05872019,0.01205215,-0.3395148,0.6364549,0.2910352
-0.2566147,-0.1771978,-0.4311669,-2.32973,0.07454805,-0.01538295,0.3583281,0.3589504,-0.6302221,0.5044909
2.065355E-05,0.0837242,-0.0001637034,-0.4385717,-0.02312837,0.2798194,0.03321677,-0.2259298,0.1960918,-0.4424258
0.03245319,-0.008815541,-0.4996799,0.4260267,0.3512596,0.6843755,-0.1220319,0.04222388,-0.1340856,-0.1973009
;
-0.004718348,0.2141888,-0.3459016,1.08443,0.2409005,0.05422741,-0.7094803,-0.0003603334,-0.396897,0.1617272
0.8045372,0.0132778,-0.1969797,0.07189959,0.2646065,-0.5185877,-0.07697809,0.0008191466,-0.06464286,-0.007680766
;
0.02229504
-0.4510122
0.05970401
0.1055086
0.09395809
0.1808905
-0.1746982
-0.08132751
-0.008127246
0.01253788
;
0.1328282,0.10362,0.1492393,0.001823303,0.3743284,0.7907242,0.05130702,-0.1351175,-0.4491262,0.04976977
0.05453795,1.502295,-0.03242344,0.1183296,0.1111999,-0.1135702,-0.2535746,0.4884226,-0.008898987,-0.01121121
-0.161656,0.2689204,-0.01483254,0.02402249,-0.08065537,0.126303,0.0949914,-0.007906005,-0.2229696,-0.2435641
-0.001793501,-0.06241995,0.007095926,-0.1258434,0.3149036,0.3199737,0.04333897,0.08911543,0.01710569,0.04262853
1.189721,-0.1718913,-0.01121303,-0.9769629,0.05054525,0.01201661,-0.1140153,-0.1404977,-0.2518904,0.05931671
-0.1265455,-0.09155835,-0.3520028,0.1314238,0.09948281,0.400402,0.32149,-0.01408693,-0.02774186,-0.1589456
-0.3251233,-0.02417257,-0.0005793577,0.695744,0.06704729,0.07472607,-0.1814067,0.4801211,0.03233328,-0.3353374
0.07221053,0.3119242,0.149931,0.06606103,-0.05404836,-0.4887546,-0.6200918,0.2334896,0.02220851,-0.4111554
-0.1997206,-0.03816101,0.1479899,0.6758122,0.3633866,-0.3858018,0.3768724,0.4148598,-0.05190699,-0.2000535
0.1066003,-0.3799099,0.7765704,-0.6170675,2.497543E-06,0.07764857,-0.005508734,0.3669252,-0.07124358,-0.009446214
;
-0.594583,-0.4057723,-0.5353435,-0.003141885,0.4458275,-0.04700012,0.05808419,0.05458581,-0.4106386,0.0089714
0.02867446,-0.02788609,0.2718408,0.03994333,-0.005514992,-0.06368977,-0.3108461,-0.4144062,0.8622745,0.07461445
0.1793486,-0.1450497,0.1871399,0.1764949,0.008239298,-0.09509207,-0.4057536,0.2673957,0.01853229,0.007152951
;
