-0.01178402
-0.3129191
-0.4755713
-0.308218
0.1866754
-0.001759742
0.4194106
-0.02736869
-0.6805426
1.205435
;
0.0543822,0.07518727,-1.082423,0.1421605,-0.01461123,-0.6204674,0.0617109,-0.3277195,-0.09877175,-0.07255679
0.1711966,0.00672301,0.6238323,0.4197257,0.1450562,0.1390178,0.006810801,-0.03312141,0.07381313,-0.5489212
-0.348099,-0.2925853,-0.4388264,0.001229697,0.4359366,-0.417114,-0.3869941,0.471039,-0.260956,-0.1991573
-0.2463035,0.04494517,-0.03052749,-0.0699048,-0.3322093,0.0244018,-0.07359424,-0.2293901,-0.0001352825,0.05426496
-0.2664916,0.01990562,-0.6939949,-0.1483047,0.252237,-0.137438,-0.0001403387,-0.3256935,0.02204403,0.4723945
0.3140714,1.305102,0.2525827,-0.2183803,-0.06683248,-0.4845912,-0.09215731,-0.02777988,0.0007375273,-0.01146764
0.09056945,0.009367552,0.2818248,-0.1412589,0.0800252,0.4582533,0.2401364,-0.4405312,-0.06040555,0.6008991
0.191157,0.3479518,-0.5361151,0.1168346,-0.03722932,-0.05311531,-0.3579586,-0.0006922536,0.2778578,0.8092317
0.04138638,0.2536621,0.000210828,-0.06986767,-0.02866975,-0.3598951,0.01273036,-0.0843062,0.1464456,0.3928291
0.3782929,-0.008815541,-0.00954634,-0.3898808,-0.003174104,0.3010711,0.2843679,0.07950708,0.1509025,-0.01782386
;
0.4315059,-0.1322697,0.1057026,0.0002286063,0.4517078,-0.09399655,0.2088178,-0.4012625,0.8445561,-0.3319876
0.4674224,0.3167135,0.1081731,-0.08784503,-0.3433475,-0.1938657,-0.007783675,-0.03838736,-0.09564012,0.01533836
;
-0.01606106
-0.2124416
0.2375444
-0.2233657
-0.06176663
0.2459475
-0.09560283
0.08132751
-0.3431782
0.01369121
;
-0.4975465,-0.09122614,0.1492393,0.1999982,-0.3982497,-0.04851132,0.5190356,-0.6212994,0.07909606,-0.05470689
0.4119506,0.439526,-0.03242344,-0.04703309,0.3556445,-0.2016557,-0.1905361,0.1483269,0.3489959,-0.01121121
-0.161656,0.2689204,-0.2181156,0.1336091,-0.5532427,-0.0788459,0.1411795,0.2054305,0.2343967,-0.178034
-0.0004748879,-0.06241995,-0.2293848,0.2214018,0.0009647016,0.2519508,0.4324498,-0.05848362,-0.4449805,0.06446725
0.5790398,0.4821612,-0.03606212,1.098381,0.02587861,0.1243729,0.213911,0.04536957,-0.2518904,0.09861714
-0.1265455,-0.3372962,-0.00425759,0.1314238,0.1335153,0.4148923,-9.731053E-05,-0.01390466,0.3149348,0.5641452
-0.3251233,0.01483676,-0.0003056601,0.437225,-0.01288432,0.4220332,-0.1814067,-0.4801211,0.06405073,0.002125189
0.07158325,-0.3119242,-0.149931,0.06606103,-0.4480797,-0.185705,-0.7016516,0.4007111,0.02220851,-0.2575258
0.07355589,0.1802739,-0.7595034,0.002633893,0.0007813607,0.2914829,0.01119598,-0.1711344,-0.08911388,-0.1426959
-0.3099982,-0.4148208,0.2708142,-0.6565723,-1.733238E-05,-0.002424908,-0.003363626,-0.1407226,-0.7905486,-0.2633264
;
0.3560587,-0.5335037,-0.3638913,0.003385423,-0.1088302,-0.4272777,-1.117691,0.6449969,0.4106386,0.007107198
-0.4622207,0.5968326,-0.3522553,0.08041745,0.00863996,-0.06368977,0.1666922,-0.3988955,-0.4825046,0.4418931
-0.2720853,0.4810146,-0.3009889,-0.04461044,0.006532233,-0.05321962,-0.2954599,-0.1083378,0.3283783,0.00123436
;
