0.4772229
0.08931886
-0.122924
0.3689888
-0.1149428
1.508843E-05
-0.183485
0.1561992
-0.2622652
0.003472645
;
-0.4125519,0.7588177,0.4237678,0.03293321,0.4665685,-0.252964,0.3350068,-0.3312378,0.1100235,0.1463166
-0.1935143,0.009724677,0.3910165,-0.2420482,-0.2547822,0.1007672,-0.129363,0.3729408,-0.3810498,-0.04386357
-0.3935851,0.2925853,-0.230671,-0.1140582,0.001928318,0.3752632,0.460772,-0.0313259,0.2288558,0.5168442
0.1378152,0.06909272,0.3280757,-0.06914002,-0.419957,0.001501143,-0.1970365,-0.1594112,-4.859498E-05,0.03233418
0.07679096,0.3439206,0.07417875,0.08594233,0.2679389,0.2354066,0.3825098,-0.2005291,0.4740025,0.1565271
-0.002021504,-0.04968761,-0.0003992968,0.3889644,-0.2602681,0.1291655,0.06826304,-0.2423504,0.148142,-0.2077137
-0.5069734,-0.209706,-0.2818248,0.2413658,-0.4929634,-0.1522872,0.2960528,0.5832235,-0.06849295,-1.363482
0.1446912,0.004311151,-0.2849222,-0.411384,0.07798398,0.003042321,-0.607052,0.04509217,2.26798,-0.1207103
0.2533553,0.1440241,0.0003891751,0.0162892,0.04776782,-0.03097907,0.3709626,-0.134005,0.4775907,-0.01159006
0.1321576,0.6137207,0.1746954,-0.2871822,-0.4371682,-0.3419138,0.09331987,0.1588342,-0.2827069,0.02792477
;
-0.0003170363,-0.06778139,0.4104788,-0.05706614,0.1373416,0.2994988,-0.01113259,0.4769394,-0.05322935,0.003025061
-0.7555599,-0.0220168,0.4545437,0.3614756,0.1977168,0.2716796,-0.03162439,-0.39011,0.7549348,-0.2454696
;
0.02424059
0.4563385
-0.5490724
-0.07684841
0.195995
0.08097336
0.01022547
-0.1731996
0.4074486
0.08112291
;
-0.04487449,0.007605548,-0.007985764,-0.005397744,-0.2214348,-0.0001700252,0.3722242,0.2645604,0.04631394,0.06183389
0.06619482,0.5617275,-0.3106294,-0.4816434,-0.00673359,0.3402641,0.0272364,0.01213344,0.08998626,-0.01657733
-0.09459942,0.1130828,0.1923405,-0.1483547,0.270051,0.2288296,-0.4748052,-0.1631604,-0.1415914,-0.6524592
0.2831064,-0.1103067,0.4542487,0.08464348,0.001827143,0.3748602,0.05833634,0.4670319,0.008662745,0.0049421
0.136088,-0.1892359,0.1110495,1.345057,0.04648884,0.07427245,-0.2461919,-0.03088856,0.07001871,-0.3426942
-0.06796215,0.1144471,0.00165269,-0.340068,-0.03225366,0.004408993,-2.843889E-05,0.01316456,0.04683441,-0.005437644
0.0002931507,-0.1676444,0.006193408,-0.0002065491,-0.1133284,-0.2668497,-0.5055565,-0.1991412,0.2617469,-0.0249487
0.1248734,-0.0253179,0.09214228,-0.4046019,-0.4870035,-0.2840859,0.2290531,0.005427017,-0.2587997,0.05399087
0.04818302,-0.0727381,-0.2120301,-0.06162389,0.0452238,-0.01435322,-0.01602497,-0.1149702,-0.6334732,-0.25624
-0.04040482,-0.328914,0.2984239,-0.1963264,-6.320735E-06,0.1988702,0.01084191,-0.1909633,-0.06206238,0.3656657
;
0.2374112,0.0002651791,0.114319,0.02471417,0.1598679,0.2415622,0.4667885,0.00229689,0.165689,-0.1507134
-0.2549534,0.01705048,-0.1055275,0.1010079,0.1306584,0.4358847,0.01795231,0.414338,0.4754639,-0.05451371
-0.3956975,0.01658512,-0.04017916,-0.0001178708,0.2567164,-0.2169651,-0.3242496,0.06701424,0.1753161,0.222021
;
