-0.4236188
0.09081608
0.1533411
-0.06774154
-0.1118401
0.1843282
-0.2262526
-0.07133359
0.1770627
0.05331105
;
0.0007646555,-0.3210014,0.0308858,0.0002678421,-1.772431E-05,0.1172581,-0.2749345,0.01973052,-0.01903169,0.04032027
0.09750608,0.4087348,-0.01926771,-0.01165277,0.004593234,0.07947563,0.2132618,0.04404941,0.00107187,0.4108273
0.01850963,-0.08250386,-0.21153,0.3518725,0.1599701,-0.05314456,-0.1486913,-0.06471565,-0.07280436,-0.8270868
-0.009876192,-0.0002116854,-0.255345,0.002908823,0.09668513,-0.4111896,0.1952287,-0.03548497,-0.3353747,-0.4550873
0.2179238,0.008946067,0.03715402,0.1519754,-0.3233167,0.40892,0.2322938,-0.002204712,-0.009739361,-0.5092753
-0.4315488,-0.3494899,-0.1507312,-0.274204,-0.01619726,0.5117269,0.004346923,-0.005989395,-0.05649335,-0.6645063
0.1590159,-0.2546421,-0.2314931,-0.4160517,0.08368073,-0.04926057,1.963901,-1.280504,0.0126621,0.4573677
-0.008434433,0.1051375,-0.1485444,-0.2303475,0.8282844,0.1077597,-0.5184307,-0.4079807,0.08704372,-0.4995725
-1.010475,-0.1789916,-0.05618172,-0.4784585,0.1575258,0.04933828,-0.8343056,-0.1823654,0.125223,-0.762014
-0.0222477,0.3449407,-0.1809736,-0.02190715,-0.087668,-0.2110722,0.2146921,0.164242,0.2827684,-0.6452901
;
-0.05665192,0.1101272,0.06778757,-0.3718646,-0.5394126,0.002120435,0.01395996,-0.001784353,0.6688443,0.1663869
-0.08741066,0.1555334,-0.007273944,0.1040476,0.1904139,0.1980012,0.2069442,-0.09513918,0.000261127,0.0521467
-0.05897635,-0.1417459,0.3133549,0.4861911,0.283596,0.2602799,-0.09943419,-0.01538935,-0.03753763,-0.1934603
;
