0.2689872
-0.3475646
0.006388826
-0.7274184
-0.02656621
0.009668648
-0.1538524
0.09793822
0.1150626
0.4818614
;
-0.2766393,0.04465863,-0.4373001,0.6518306,-0.03515616,-0.05747402,-0.3350068,-0.3312378,0.09954036,0.4112802
-0.1935143,-0.001848833,0.3849239,-0.3031451,0.2878931,0.03980078,0.4585811,0.3514442,0.2951915,0.05825737
-0.07162005,-0.06043512,0.3883545,-0.003041685,0.04630762,-0.01353979,0.4348191,-0.0313259,0.4990973,0.2969853
0.04228871,-0.04011931,-0.3280757,-0.1304031,0.1356252,0.4214451,-0.1223918,-0.09540325,-4.859498E-05,0.03233418
0.09524582,-0.04018401,0.07417875,0.4472133,-0.4323384,0.06388184,-0.02069106,0.3392823,0.02655018,-0.1997786
-0.0009313217,-0.3556786,-0.3142338,0.2522986,-0.3509956,0.3693583,-0.07898885,-0.05452622,-0.1861214,0.2065009
-0.01714867,0.07380718,-0.2818248,-0.05685014,-0.1258305,-0.1751956,0.2667618,0.01339739,0.06334215,-0.1159592
-0.4666613,0.001047156,-0.5361151,0.1159245,-0.07798398,0.005179255,0.4922247,-0.458765,0.008507669,0.2561173
0.1202354,-0.2187727,-0.0008101591,0.0162892,0.06338099,0.02160268,0.4908007,-0.4511281,-0.4884709,-0.002906452
0.3007858,-0.1009744,0.01566538,-0.2871822,-0.1053497,-0.1576751,-0.1608953,0.1588342,-0.3110199,-0.05753702
;
-0.007746875,-0.03465116,-0.2773753,-0.0003011526,-0.05630666,-0.07445592,-0.2684798,-0.05038851,-0.4961349,0.000159105
0.07193733,-0.04753771,-0.0806822,-0.464164,-0.2513406,0.2874699,-0.04014048,0.05287808,0.013776,0.2154369
;
-0.01606106
-0.780682
-0.2245304
0.1099646
-0.1788504
-0.02772778
0.07027751
-0.08132751
-0.467267
-0.02133068
;
-0.09757961,0.09122614,-0.1492393,0.3537486,-0.4194337,-0.0001700252,0.353043,-0.3286998,0.07909606,0.437588
0.1228614,-0.4963819,0.06451014,0.4376004,0.05463737,0.3321283,-0.9185148,0.2211904,0.08998626,0.02876569
0.07455844,0.1595232,0.3098258,0.4614817,0.01263624,0.2288296,0.1336084,-0.1373869,0.5656382,-0.6524592
-0.3687487,0.08969248,-0.4502027,0.02526149,0.004381872,-0.2519508,-0.4753835,0.4670319,0.3460703,0.06446725
0.2789392,-0.2726026,0.07210237,1.620016,-0.01927629,0.1278034,-0.3362933,0.3286543,-0.1520999,-0.3365789
-0.1368707,-0.2042257,-0.002658597,-0.09403102,-0.05900557,0.4148923,-2.856468E-05,0.00983047,-0.09037759,-0.3852272
0.0002931507,-0.01552281,-0.000380658,0.2151321,0.3674138,-0.4220332,-0.1814067,-0.5555494,-0.2708664,-0.001787112
0.08604287,-0.0253179,0.09214228,0.03722044,-0.4223076,0.2340707,0.4790778,-0.005427017,0.02220851,-0.05399087
-0.01590982,0.01351911,0.3042775,-0.002633893,0.00134885,0.2207842,0.01602497,-0.1149702,-0.6334732,0.2476696
0.82843,0.128085,0.1359624,0.407337,-1.733238E-05,-0.1030424,-0.001937,-0.1407226,-0.04541231,-0.2633264
;
-0.3121164,-0.0005444774,-0.3638913,-0.0138058,-0.1941955,-0.04012445,0.3024485,-0.000198692,-0.2147412,-0.1758701
0.1210965,0.5968326,-0.4791646,0.01936591,0.007568341,-0.08788947,0.05650573,0.4190219,0.2064983,0.08406204
-0.2720853,-0.04227728,0.2822921,0.1111159,-0.177218,-0.1001907,-0.4142623,0.07897812,0.1753161,0.04970844
;
