0.2586278
-0.3129191
-0.01206198
0.3809853
0.2838796
-0.007112625
-0.6270235
-0.09301855
0.5169051
-0.3116848
;
-0.8256661,-0.3669682,1.24805,-0.3312733,0.006575916,0.3206944,-0.1719276,0.7239531,0.1300497,0.4533824
0.1935143,0.005214966,0.4322248,-0.4197257,-0.2943863,0.1987918,0.1317126,-0.2309609,-0.1741605,-0.3027222
0.2097806,-0.2925853,0.7639912,0.009513006,-0.04630762,0.02357204,0.4905292,-0.468379,-0.09446834,-0.2229947
0.05197211,0.1061308,0.03052749,-0.1610648,0.1946569,-0.03633862,-0.158898,-0.09540325,-5.086325E-05,-0.219532
0.01479307,0.2612392,-0.3758138,-0.1346886,0.09800246,-0.004854689,-0.007754028,0.06642848,-0.1675792,-0.06846497
-0.001510617,-0.1804337,0.1275559,0.05857998,-0.2926474,0.4074626,-0.1329858,0.09523124,0.1861214,0.2781328
0.1438985,-0.08466524,0.2818248,-0.2851971,-0.2886762,0.4943717,0.399835,-0.00572732,0.09660585,-0.6008991
-0.209689,0.001030614,0.5361151,0.1168346,-0.2357497,-0.1296055,-0.3684257,0.001183502,0.008597788,0.5379624
0.246698,0.2536621,-0.1998464,0.05411214,0.01598581,-0.04146471,-0.03522155,-0.1063464,0.04641268,-0.3840399
0.2054708,-0.01976089,0.00954634,0.3649353,0.002866328,-0.1466108,0.1137145,-0.1560093,0.01561707,0.1492388
;
0.0005092568,0.0009483954,-0.01207081,0.0001499199,0.01186616,-0.05043625,0.1630118,0.02944726,0.4961349,-0.002800572
0.02743249,0.4023808,0.01430348,-0.3653609,0.2345404,0.9258704,-0.1884927,-0.02128655,0.013776,0.01533836
;
-0.01606106
0.9559886
0.1780252
0.115721
0.0579607
0.06335421
-0.3387114
-0.05513812
-0.08511735
-0.02133068
;
-0.002816634,0.1660377,-0.4418622,0.04060408,-0.3812981,-0.1931148,0.353043,0.2765744,0.08854402,0.540816
0.1228614,-0.2500967,-0.06451014,-0.3600022,-0.05463737,0.485721,-0.005993966,0.1662955,0.2945043,-0.2809875
0.06069503,0.1825418,0.3098258,-0.6693822,-0.4869551,0.524074,0.1336084,0.1373869,0.2343967,0.1928766
-0.000423152,0.08969248,0.4502027,-0.03062321,0.0007434117,-0.2519508,0.3537725,-0.8918044,0.2433108,0.06446725
0.001650989,-0.2726026,0.07210237,0.7119156,0.03266752,0.08088966,-0.5799656,0.3801818,-0.1520999,-0.009544395
-0.06840297,-0.06524939,-0.002658597,0.07890905,-0.04275186,-0.01320561,3.154061E-05,0.00983047,0.04539806,-0.1509753
-0.2681557,-0.01155282,-0.3260914,0.2151321,0.263932,0.4220332,-0.1814067,-0.5555494,-0.2708664,-0.003550136
0.3320963,-0.003342554,-0.1682385,0.03722044,-0.4223076,0.4266735,-0.1421695,-0.005427017,0.02220851,0.4422601
-0.09224108,0.3272463,-0.5338926,0.1089244,0.00134885,0.2576852,-0.1022146,0.1149702,-0.6334732,0.2413711
-0.4042737,-0.185568,-0.1359624,0.01695684,-2.318396E-05,0.203085,-0.01642521,0.1407226,0.06206238,-0.2107201
;
0.230157,-0.3256489,0.1144477,-0.0138058,-0.1291152,0.04012445,-0.431614,0.1282581,-0.05882519,-0.08153726
-0.1210965,0.1497637,-0.4791646,0.004835922,0.007568341,0.4205894,-0.05650573,0.3831258,0.1476549,-0.3085469
-0.0786113,-0.04227728,0.4325525,-0.1653028,0.177218,-0.05417823,-0.2954599,0.147002,-0.1753161,-0.1578224
;
