-0.2408318
-0.5230849
-0.01036592
-0.3710136
-0.000820962
0.02278414
-0.4815632
0.4293839
0.2536438
-0.6487693
;
-0.1149664,0.04863654,0.4709361,0.01027149,-0.07441517,0.03661149,-0.2166073,-0.004438106,-0.03131074,0.04667262
0.9611729,-0.4702858,-0.437839,0.0001397826,0.006016559,-0.1803249,-0.0158198,-0.09991631,-0.3109668,-0.1775976
-0.1534384,0.5092654,0.1265611,-0.3700912,0.1860037,-0.04097525,2.304337E-07,-0.009718359,-0.322391,0.007275045
0.4654382,0.5414082,0.2245277,-0.4754232,-0.1931207,-0.2869512,-0.4387101,-0.006038305,0.2166678,0.07552739
-0.2104753,0.1537587,-0.8657816,-0.2312737,-0.02038162,-0.2571653,0.4599749,-0.3440689,0.03078672,0.01536769
0.01337343,0.1376003,0.04977852,0.01468203,-0.001268822,-0.08785529,-0.2555894,0.10865,-0.02798921,0.359622
-0.8575122,-0.01679351,-0.009692817,-2.416561,-0.4452986,-0.1589925,-0.5245151,0.8923861,0.04041754,-0.3504215
0.4090691,0.5205798,-0.306375,-0.07728964,-0.2366646,-0.2062998,0.05709754,-0.2248292,-0.5531536,-0.06878692
-0.09861796,-0.1351853,0.01583276,0.2074404,0.3027557,0.01082339,-1.710713,0.01585267,0.2908482,-1.469756
0.0008669496,-0.3425699,0.02326404,-0.05360406,0.8105426,-0.1785147,0.02140707,0.1454957,-0.03709047,-0.1530709
;
3.733014E-05,0.0820936,0.4613048,-0.1089664,0.3885428,-0.1421299,-0.3045924,-0.5672596,0.1066543,0.005125575
-1.825269E-08,0.1976268,-0.2954922,-0.0009414882,-0.2414475,-0.2605514,-0.01342748,0.02464241,-0.044222,-0.0005220022
;
0.004746642
-0.4592437
-0.04670446
-0.1243171
-0.0111303
0.009522578
-0.0157137
-0.4475129
-0.08596011
0.3820142
;
-0.2341927,-0.1127356,0.3233067,-0.5927919,-0.03641058,0.02744102,-0.5370362,-0.01425821,-0.02017474,0.1184297
0.128494,0.4701131,0.003812023,0.1763619,-0.2092325,0.181388,0.3703802,-0.3495566,-0.3768524,0.4468491
0.0005406674,0.482153,-0.09001531,0.03875401,-0.4247942,-0.2799083,-0.1741244,-0.04668118,-0.04275905,-0.6165453
-0.1910393,-0.3202204,0.3525424,-0.07062993,-0.1761895,0.4067678,1.57464,0.0004583736,0.1125593,0.0800312
-0.2317158,0.8674546,-1.888703,0.3027582,-0.09315009,-0.4025357,-0.4628775,-0.0223534,0.2729484,-0.2972729
-0.3452331,-0.2574131,-0.0008177952,-0.01859635,-0.08298653,-0.08527952,0.3748624,0.02964395,0.1966955,0.3764735
-0.1008007,-0.1056668,-0.006810068,0.0004598796,-0.9193686,-0.003313005,0.003180648,-0.1851185,1.114951,-0.2128237
0.3924913,-0.07715827,0.8745483,0.2397487,-0.06908125,-0.260501,-0.03936129,0.01736968,-0.005599754,0.0004841277
0.0007397434,-0.281187,-0.34368,-0.01285191,0.3947138,0.3397975,0.2869814,0.307732,-0.4266168,0.07791811
-0.5292439,0.5850159,0.2676994,0.08481986,-0.4760153,0.03555707,0.05609492,-0.1355034,0.2206439,-0.2973861
;
0.2634046,-0.1971852,0.007632053,0.1504426,0.0161795,-0.2742817,0.09359884,-0.007183027,0.01711606,0.016092
0.3759274,-0.3421043,0.4167361,-0.03063524,-0.09616047,0.2759027,0.01146991,0.3313207,0.2913741,-0.4373751
-0.4065256,0.01890212,-0.3376844,0.1323339,-0.1196185,0.0563857,0.09302308,0.01408171,-0.08813936,-0.1951005
;
-0.1662133
-0.4027538
-0.0382596
3.0747
-0.0009205361
-0.1430978
0.03591878
-0.07528169
0.08683211
0.02192997
0.0432209
0.8577624
-0.1856456
-0.1455924
0.004962486
-0.1434005
-0.2959981
0.2170583
0.2375761
-0.459174
0.4213151
-0.001462506
0.2049646
-0.06528685
-0.2633009
-0.080355
-0.2818252
-0.3858861
0.02345708
-0.1533851
;
0.2530203,0.3216567,0.4003092,-0.3740331,-0.1461743,0.005145347,0.013194,-0.4087123,-0.3721404,-0.09618035,0.4076753,-0.9678743,0.2623382,0.09653941,0.2769978,0.5352606,0.0002293412,-0.08536095,-0.8412463,0.7318467,0.3403878,0.4580331,-0.01944331,-0.01765472,-0.2902696,-0.2994443,-0.09020821,0.502932,-0.1784078,-0.1939778
-0.05723531,-0.2790789,-0.2598679,-0.1035466,-0.2194034,0.07898813,-0.0008182158,0.3147213,0.2750272,-0.1917592,-0.281877,0.2866402,0.03540206,-0.008346969,0.2700052,-0.3072755,0.06713063,0.4084684,-0.7478377,-0.1522793,-0.7008451,0.2134576,-0.3154539,0.4544335,0.3406554,-0.0321944,-0.4183125,0.09560039,0.7019736,0.7614322
0.009806988,0.355579,-0.001560468,0.2253231,-0.02086488,-0.02646738,0.375105,0.1266129,0.1585104,-0.05756799,0.1073979,-0.09431589,0.2006648,0.0282362,0.1503631,-0.7149745,0.2501018,0.01904522,0.4873492,0.1139734,-0.00309551,-0.3671266,0.2455982,-0.2004984,-0.3215711,-0.4911373,-0.1785148,-0.0864393,-0.06424487,0.1062619
-0.1436579,-0.1324852,-0.2144565,0.221105,0.6985143,-0.06702197,0.04890496,-0.2421668,-0.3351063,0.2871792,0.3745476,-0.04760975,-0.328664,0.01542991,0.4002423,0.4978005,-0.3886468,-0.348217,0.0656644,0.04505209,0.3134027,0.3312312,0.3729406,0.3675213,0.03268392,0.6955438,0.1070455,-0.3447273,-0.03198455,-0.09117625
-0.018563,1.446369E-06,0.1897999,-0.01084092,-0.03444887,0.5786768,0.2795862,-0.3458425,0.6748556,0.03704461,-0.1404591,-0.4916847,-0.665001,-0.08638719,-0.0007444973,-0.0001260675,0.0292521,-0.01749578,-0.1776394,4.501741E-05,0.252281,-0.03969492,-0.446861,0.03651822,0.210879,-0.1129212,0.5916301,-0.3506416,0.195624,0.2824091
-0.3143557,0.3137934,0.1054071,-0.0003717854,0.48045,-0.01508913,0.370442,-0.0682459,0.01778204,-0.2307124,-0.05447588,-0.3945749,-0.09265257,0.01708362,-0.02090807,0.1359286,1.312028,-0.01242089,0.0176448,0.02102167,-0.7417851,-0.2371305,-0.03372829,-0.2623736,-0.4394063,0.5589331,0.0171277,-0.4187895,0.3492565,-0.07527603
0.2739099,0.08555207,-0.0262866,0.6443178,-0.004873148,0.8106167,0.2188391,0.3721582,0.7177162,0.1523112,0.3159254,0.3016712,0.1377716,-0.05590902,-0.1082554,0.0938459,-0.119552,-0.2207957,0.03216315,0.5403438,0.8182181,-0.5912278,-0.1521958,0.001393259,-0.1116613,-0.3426487,0.02017435,0.2486748,-0.4823745,0.8333277
-0.42279,0.3981901,-0.003513613,-0.728958,0.07944081,-0.3798949,1.136522,0.4793483,-0.05342383,0.4143107,-0.342347,0.05588264,-0.04339663,0.07815903,0.1435688,-1.388582,0.2415134,0.0008928695,0.3321469,0.2986702,0.2382444,-0.0992239,0.1008705,-0.04723389,0.03968589,-0.1639034,-0.01737347,-0.02092272,0.3771181,-0.2292481
0.06746274,0.007514823,-0.1913717,0.0413212,0.0006488381,-0.0393773,-0.002140939,0.2891886,0.4609867,0.1697267,-0.01922846,-1.005158,0.04906435,0.1283496,-0.04066736,-0.0886547,-0.08886212,0.2694443,0.1059049,0.07331473,0.0007803247,-0.06297459,0.03161784,0.02697103,0.0002071748,0.3925218,-0.03205787,0.001246649,-0.05713244,-0.4230243
0.6263444,0.4716387,0.202031,-0.2679392,-0.01127004,-0.09915096,-0.8402081,0.2605292,0.3987097,-0.00678604,-0.3704096,-0.006993267,-0.3395689,0.05266025,0.04636651,-0.3940132,0.4620675,0.2421814,-0.004559183,0.0003868249,-0.4809773,-0.2907878,0.4516547,-0.006361672,-0.1668038,-0.2712241,-0.1971301,-0.1982254,0.1257325,-0.2544753
0.3756222,-0.2822151,0.02085469,0.08586138,0.05638486,0.1404107,-0.5690126,0.7931058,0.01994253,-0.2013128,-0.3796973,-0.2590664,-0.009564131,-0.4730097,0.09582798,0.006011474,-0.07259578,0.02632278,-0.1368361,-0.002299312,-0.1097572,0.4030719,0.02572254,0.2291296,0.44705,-0.0003444292,0.03579411,-0.0001902203,-0.1411161,-0.3997754
0.1068015,-0.1903982,0.006896075,-0.3182249,-0.3845147,0.02474244,0.1290051,0.002054219,-0.3146764,-0.1064268,0.001145384,0.4055628,0.04334718,0.2146852,0.2335979,-0.02012077,0.07552999,-0.2830672,0.08706576,-0.02540654,0.1069484,0.3097341,-0.03795361,0.3682862,-0.444129,-0.6619701,0.01982266,-0.03457014,-0.138518,-0.1345183
-0.4369396,0.4586565,-0.1469157,0.4563334,-0.05600053,0.02936935,-0.001664692,0.2653685,0.1782292,0.4373522,-0.2341419,-0.1465354,0.1679983,0.0001402883,0.02055777,0.1646056,-0.1010924,-0.2282554,0.006468655,-0.7815997,-0.2366708,0.2731402,-0.0159656,-0.003288228,0.002713029,-0.01010735,-0.00352932,-0.5456008,-1.110244,-0.2539894
-0.5554805,-0.01343978,0.0410921,0.07231194,-0.9022584,-0.3436926,0.06652568,0.05169602,0.2505518,-1.345774,-0.003392975,0.116416,0.3762237,-0.06502796,0.1291674,0.4460909,0.4310147,0.1362917,-2.185556,0.2853218,-0.1827707,-0.008583941,0.1190813,-0.08121439,-0.298087,0.5404921,0.04151411,0.123388,-0.1470767,0.04394151
0.2087629,-0.11225,0.2322624,-0.1288488,-0.3184781,0.109331,-0.4441967,-0.06693591,0.3956869,0.2959912,-0.06107217,-0.6516375,-0.2766745,0.2232168,0.2104252,-0.4012867,-0.0001597122,-0.58429,-0.1779957,-0.4690259,0.2769953,0.2478891,0.3549697,0.08079477,-0.030003,0.3565569,0.01281568,-0.3028816,0.1283845,0.3556249
0.258057,-0.4201733,-0.1446208,-0.4394225,0.445763,0.3302952,-0.01455897,0.4263224,-0.006744592,0.04738398,0.3428843,0.3918097,0.06504388,-1.35723E-05,0.03915036,0.0009411492,0.05270155,-0.1499627,-0.04219544,-0.1304101,-0.4970241,-0.1128944,0.03128418,-0.08287829,0.2252044,-0.01914591,-0.2738203,0.003454891,0.982273,-0.1889611
0.2004344,-0.01513046,-0.4428733,-0.3618686,-0.2505856,0.2415884,-0.005212554,0.4602465,-0.2033779,0.002484869,-0.3080465,0.001324076,-0.0002735385,0.2298087,0.2587396,-0.0008356148,0.2393601,-0.004170813,-0.1058435,-0.002416704,0.573845,0.035436,-0.001875406,-0.414902,-0.04206806,-0.1103068,-0.2494023,-0.09248158,-0.3071805,0.03718394
-0.08055728,0.002705215,0.8703319,-0.001853994,-0.1728457,-0.176618,-0.0001241666,-0.08904236,-0.2001368,0.03196796,-0.2068823,-0.0740611,0.4165882,-0.06091573,0.0102376,-0.04448551,-0.04224206,-0.3707817,-0.05512077,0.6219772,0.2054394,0.4442667,-0.4095402,-0.05846076,-0.3086831,0.6376247,0.04525977,-0.02690091,0.1435542,0.2538417
0.2142451,0.007093845,-0.0001218031,0.4593219,0.4443048,-0.1046323,-0.05049769,-0.2953403,-0.3576158,-0.0397806,-0.2298518,0.1030294,0.01346315,-0.06890331,0.1094569,-1.070046,0.005619697,0.03747922,0.3789241,0.1580772,0.06715599,0.3054845,0.2556391,-0.00247773,-0.2723329,0.4688234,0.05074085,-0.4322959,0.01763372,0.0006443994
-0.2672324,-0.2852829,0.1106905,0.3963694,0.2077339,0.4403833,0.3883491,-0.21584,-0.0855397,0.414427,-0.09974277,0.3623716,0.3291955,0.363133,0.002069275,-0.440993,-0.3179561,-0.3491368,-0.1037915,0.384452,-0.3641148,1.39586,0.2813142,0.01018639,-0.3920294,-0.0631806,0.3337918,-0.1548241,-0.7192596,0.2047914
0.3233376,-0.5763736,0.4402783,0.0001537783,0.0006858962,-0.8116214,-0.6419652,-0.05278784,-0.01657933,0.1442431,-0.002439543,-0.1108123,0.1868784,-0.009157388,0.5412354,-0.06268033,-0.3120545,0.4194036,0.051292,0.08605327,0.1102712,0.231919,-0.006592955,-0.05534585,-0.1285334,-0.3628285,-0.1066648,-0.4209495,-0.3406308,0.2822468
0.1770891,-0.02216988,-0.5008667,0.4061841,-0.418285,-0.4604878,-0.1767408,-0.3186611,0.00476085,-0.1430485,0.2988607,-0.01067611,0.1208107,0.03659075,-0.689673,0.4992102,-0.4151272,0.2169722,-0.6038859,0.03659356,-0.01445876,-0.03472475,0.002682982,0.2702744,-0.4187236,-0.8461554,-0.3762293,0.006294892,0.1593212,0.008230995
-0.01578862,-0.4132289,0.204485,-3.12468E-05,0.06768961,0.003170978,0.9065781,0.3952372,-0.4605819,-0.223721,0.07204074,0.6611396,0.1842377,-0.03930992,-0.6626344,0.3306609,0.3491704,0.28864,-0.05965394,0.09451994,-0.3375066,-0.0005278278,0.1196944,-0.1591982,-0.08178112,-0.482916,-0.2458347,0.6150488,0.0889209,0.003131831
1.711375,-0.3338352,-0.004273101,-0.138275,0.00453337,-0.1764534,0.0038047,-0.3836409,-0.4387882,-0.0158183,-0.3078062,-0.455858,-0.0003811815,-0.3282796,-0.1682871,0.08675835,-0.1993645,-0.01233453,-0.2437046,-0.2152714,1.422123,-0.05215405,-0.352746,-0.304026,0.1868832,0.3251151,0.5781649,-0.4963312,-0.06177318,0.08174301
0.09763816,-0.00954771,0.4467679,-0.01456469,0.4192913,0.03979511,-0.08714825,0.001876288,-0.3435457,0.2058971,0.3935739,0.02314872,-0.1750677,-0.02024625,-0.43524,0.478742,-0.3989499,0.01894136,-0.2263064,-0.2293459,-0.8438312,0.1052077,0.04274029,-0.5245336,-0.211305,2.076136,-0.06970046,-0.3303493,0.3411953,-0.1947286
-0.1318531,0.4689721,-0.1433156,0.2386196,-0.02813701,-0.3872578,0.004782343,0.1077483,-0.2432209,-0.05530138,0.3182051,0.07754558,-0.1428772,0.01134972,0.6179371,-0.08367103,-0.2107166,-0.07251423,-0.01359263,-0.3370829,-0.7908103,-0.1933078,-0.4259429,0.357663,0.4985847,0.111364,-0.4263377,-0.007341632,1.050661E-05,-0.001936555
-0.5179925,-0.02466661,0.008015965,0.03076559,0.01654613,-0.3994727,1.234772,-0.1550026,-0.2446483,-0.0090241,0.1167251,0.2852437,-0.7836682,0.2895396,0.1306238,0.06237491,0.1172679,-0.4350303,0.32991,0.3969285,0.1140185,-0.6324315,0.1073339,0.07825122,0.2758164,-0.001913369,-0.01764411,0.2630098,-0.3818976,0.09938598
-2.169077,-0.1864168,0.4830483,0.02145753,-0.1722331,-0.007634136,0.1961026,-0.8754818,0.2253297,0.004173317,-0.742897,-0.586785,-0.4865283,-0.0006582735,0.2267812,-0.04371171,0.0008478113,-0.1703114,0.8684866,-0.1611879,-0.5145638,0.3930688,0.2381696,0.02145392,-0.0003598425,-0.4768233,-0.4522876,-0.03055149,0.2966603,-0.04711817
-0.3366922,0.4230284,-0.380096,0.1325114,0.465802,0.04081121,0.9627289,0.7322966,0.4723538,-0.2682568,-0.1435024,-0.487237,0.0003165726,0.4397856,-0.6008668,-0.3904328,0.01251441,0.2424737,0.8973097,0.352306,-0.3698949,-0.4658169,-0.003812379,-0.007249412,-0.265693,-0.1749862,0.3643926,-0.0727851,-0.1199664,0.0064684
0.31713,0.255754,0.04384505,0.06467015,-0.007428267,-0.3244712,-0.04349167,-0.1600175,-0.003633995,0.4865129,-0.003610666,-0.03716058,0.01474368,0.04772308,0.005063393,0.004193805,-0.001552725,0.2374148,0.4760417,0.09131096,0.1877558,-0.06773493,0.01933967,0.03664091,-0.398514,0.01389439,0.004766456,0.3066801,-0.1454311,0.09929806
;
0.00666362,0.01826982,0.2460639,-0.2471297,0.02405675,-0.0009129571,-0.2395222,0.006169396,-0.1464953,0.2280462,-0.01151943,-0.4229305,-0.05422324,0.2687557,-0.4114501,0.3866687,0.2435105,2.027614E-05,-0.0007401178,-0.07494687,0.08134617,0.03484533,-0.2297736,1.509224,-0.2007957,0.0008945052,-0.04418711,0.008595197,0.006358564,0.05011531
-0.05375177,0.01789585,0.2182321,-0.3535217,0.06869217,0.02026873,-0.01977418,0.147376,-0.3654981,0.001006881,0.0189715,0.4484895,-6.471787E-05,0.2180236,0.1905481,0.45824,-0.001295063,0.03052926,0.01202482,0.1587836,-0.2896039,0.05976611,0.6694234,0.6469939,0.09631044,0.3553083,0.8622543,-0.001826849,0.2096305,-3.832174E-05
0.4123645,-0.1305458,-0.461965,-0.2736237,0.002240649,-0.0690487,-0.001255739,-0.3944231,-1.589237,-0.527727,0.295359,0.1623047,-0.1142345,0.2280906,0.07491928,-0.1693913,-0.02584543,-0.04120065,0.1497729,0.1166829,-0.004826773,0.598273,-0.01456708,0.2732002,-0.3793341,0.1925794,0.2139885,-0.02728291,0.1306955,0.3670299
;
-0.1220416
0.2989755
0.4391577
0.009905198
-7.600033E-08
0.1554273
0.07145453
-0.7198682
0.06343916
-0.3507226
0.2609764
-0.006274371
-0.03228483
0.0001417634
0.0720759
-0.001649439
0.08987147
-0.1380748
-0.1074573
-0.03806299
-0.4338492
-0.09287896
-0.1814732
0.5911708
0.2387949
-0.04237577
0.5631481
0.1666521
-0.2268777
0.05325645
;
-0.2485951,-0.0009481405,-0.08809099,-0.1559969,1.584201,0.284157,0.003920681,-0.07167393,-0.3314286,0.4116261,0.008029188,0.3151986,-0.9499114,-0.03479236,-0.6842524,0.1666968,0.02742787,-0.04533146,0.3824973,0.08810955,0.01497978,-0.02070098,0.1170307,-0.09287041,-0.009498985,-0.06117504,0.4524274,0.004868029,0.003727003,0.3553352
0.4512394,-0.1259822,0.7182391,0.07877702,0.006175975,0.4890077,-0.3381662,0.02480753,0.1287441,0.1369587,0.1486248,-0.1752152,-0.1078646,0.01771729,0.2442207,0.03579367,-0.3547707,0.1562709,0.09827124,0.3215306,-0.2804229,-0.4494325,0.01366654,0.2668735,-0.03123765,-0.2087554,-0.1563033,0.1958029,-0.007906496,0.06396974
0.497545,0.4912256,-0.102777,0.09220296,0.007850792,-0.3343804,0.1453636,-0.07153131,-0.04139274,-0.06488486,-0.1904729,-0.5610927,0.2157039,-0.3875499,0.2229831,0.1673426,0.01488581,0.3167471,0.1736582,0.2431154,0.003588933,-0.1142762,-0.1416999,-0.06061542,0.09867448,0.3842328,0.09030241,-0.2511508,-0.0254824,-0.2370661
-0.2766626,-0.2462865,-0.3957117,-0.08291403,0.4596749,-0.06560701,0.860379,-3.308643,-0.08382399,-0.4665632,0.02493258,-0.02752944,0.015023,0.09097904,0.03703938,-0.110437,-0.2488577,-0.05027546,-0.5690987,-0.2960548,-0.2687857,-0.05776948,0.04133302,-0.315213,-0.151049,-0.003879506,0.2259665,-0.1994016,-0.4151374,0.2910022
0.008548993,0.1731216,-0.04843314,-0.0003705523,0.4406472,0.0004073639,-0.05595194,0.03031581,0.0928497,-0.2454032,7.762822E-05,0.116549,-0.2246987,0.4292754,0.02252931,0.0008932452,0.3168623,0.06328493,0.3918017,-0.09183828,-0.05185694,-0.02275908,-0.0025206,-0.03711751,0.4456921,-0.3229128,-0.2484233,0.2625081,-0.1186418,0.002621515
-0.3012934,-0.09383906,-0.1408445,-0.6916428,0.4409355,0.2438957,-0.05913846,0.07346062,0.2096868,-0.1438758,0.4750496,-1.510728,0.04406253,-0.1002485,-0.7188675,0.08311929,-0.3784854,0.09167501,0.08750507,0.0001423172,-0.5765886,0.05369288,-0.2822313,-0.7883635,0.3362626,-0.1060764,-0.03257094,-0.04206347,-0.4629692,-0.04557106
-0.1316817,-0.08905283,0.06467809,0.01780752,0.2734714,0.4013941,-0.1988658,0.001897366,0.1784469,0.02692336,0.2806151,0.4350015,0.1493595,0.1714821,-0.008423205,0.09431159,-0.1731383,-0.4239211,-0.1268069,0.4283351,0.4641643,0.1166014,-0.3000819,-0.09960014,-0.2114127,-0.4755546,-0.02982203,0.4952096,-0.1101285,-0.02916385
0.3593535,-0.07372431,0.4808434,0.4357183,0.1845925,-0.4338797,0.2349681,-0.2947334,0.4531416,-0.1366945,0.1198266,0.3236256,0.3379917,-0.007426579,-0.08492047,-0.3350208,0.4570601,-0.04268536,0.01040965,-0.04844727,-0.3698187,-0.3385241,-0.3310603,-0.00149836,0.03558476,0.1487594,-0.01729061,-0.1363984,-0.1052745,-0.06825469
-0.6257632,-0.566605,0.3494679,0.7516925,-0.4221486,-0.04691412,0.4736434,0.1920542,0.5272686,0.002311765,0.2819093,0.04738589,-0.09148551,-0.06141946,0.6192023,-0.1028106,0.2714661,0.03244,-0.01291355,0.3662524,0.1996945,0.2222687,-0.3479716,-0.099694,-0.1437836,-0.04978266,0.1629396,-0.2673512,-0.04177576,0.4693603
0.4380117,-0.01835934,-0.8182961,0.02861114,-0.02712049,-0.3275749,0.005164003,0.2593461,1.345058E-05,0.3323429,0.3413165,-0.2106398,-0.001393581,0.3024468,0.3327828,-0.01733763,0.1211224,0.08227628,-0.1098158,-0.09897495,-0.2299942,-0.1364442,0.0019483,0.1081833,0.01835376,0.3202029,-0.01690005,0.2446093,0.008904563,-0.1830948
-0.02171041,0.07932148,-0.5973156,0.1663784,0.5655607,0.001832616,-0.002951127,0.1496057,0.2248641,-0.1301437,-0.2229245,0.4212132,0.4391762,-0.03048423,0.003205494,0.1957625,0.7309789,-0.01071456,0.1301311,-0.02131945,-0.1010237,-0.1239616,0.2629091,0.03088732,-0.1463187,-0.7774773,-0.002824962,0.0631941,0.4959015,0.006026
0.1053493,0.0005814686,-0.2919672,0.3675755,-0.1265224,-0.04235912,0.01035872,-0.1164083,0.2131747,0.04825898,0.1026262,-0.07491814,-0.0007035988,-0.07770747,0.01248742,-0.1678767,0.363343,0.6838609,0.1989305,-0.3252672,0.05848998,-0.5889698,-0.1056832,-0.2767545,0.4460998,0.003594252,0.3559057,0.006928647,-0.07115904,0.001206046
1.043009,0.2938345,-0.4704483,-0.05090269,-0.4332633,0.4281538,0.05360384,-0.2103056,-0.387906,0.09578222,-0.2262713,0.2732179,0.0001809001,0.05309835,0.006916462,0.07550114,-0.7083514,0.02140778,0.3346672,-0.002291379,0.0965604,-0.1143876,-0.004842241,-0.4103703,-0.1733286,-0.001186975,0.02872378,0.2546053,0.08783141,-0.2217773
-0.098574,0.04771534,0.01959286,-0.2575991,-0.5209827,0.001051177,0.1688118,0.3097271,0.0009173998,0.9269645,-0.1155349,-0.06020711,0.3408933,-0.2065735,-0.1185288,-0.0001167246,0.1590822,0.1697745,0.08676444,0.7252749,0.2984829,1.458801,-0.2628381,0.00900239,-0.4135716,-0.05958985,-0.05080541,0.6940326,0.1642695,-0.05705159
-0.4414603,-0.4967365,0.09703852,-0.003367353,-0.1108567,0.2045867,0.4467334,-0.1701263,-0.1511771,-0.01888192,0.01035104,0.3189059,-0.06979722,0.02755433,0.3856973,0.02398303,-0.002953159,-0.1752097,-0.2194521,0.1890222,-2.682579E-05,-0.06750764,-0.05081177,0.04920099,-0.4678564,0.3654795,0.06103013,-0.3380293,-0.38888,0.002149848
0.009243169,-0.1803697,-0.01546939,0.0974163,0.1406412,0.4137734,0.0383784,-0.3240199,-0.1080285,-0.09449512,-0.3125839,-0.3449178,1.477086,0.09469527,-0.1615904,0.2622244,-0.4369071,-0.03338591,0.08494741,0.02694535,-0.2521399,-0.3668504,0.02693828,0.1233549,0.4295446,0.06782174,-0.4040907,0.3848451,0.22596,-0.04605731
0.6980847,0.1581962,0.01483108,0.2522388,-0.4087722,0.01671035,0.08676139,0.005146159,0.01105186,0.4073403,0.5551003,0.06705762,-0.4560465,-0.1126076,-0.3438352,-0.08641837,-0.01067034,-0.02772358,0.2119839,0.1685599,0.832581,-0.449856,0.01716461,-0.3103259,0.0005146366,0.7307824,-0.8239848,0.3180157,-0.2204659,0.006987224
0.04301527,0.1717413,0.2723979,0.08550922,0.2809577,-0.2001624,-0.6617039,0.009980117,0.01645561,0.385891,-0.05861808,-0.002762669,-0.3067842,0.002465924,0.1729996,-0.04392251,-1.04391,-0.3121266,-0.3402212,-0.0075506,0.2097304,0.2517757,0.4423214,0.1031769,-0.0583784,0.07786854,-0.4632653,0.04115938,0.380778,-0.5162405
-0.2714335,-0.06788296,0.2118414,-0.2625083,0.02648996,0.01688156,-0.0240891,0.1958287,0.3876958,-0.05830115,0.004027122,0.09816932,0.03608025,0.07164794,-0.01840856,-0.03484458,-0.009071653,0.2721119,0.02998281,0.0953196,0.4195472,0.1916591,-0.04118517,-0.0661261,0.04145042,-0.09386963,0.001481222,0.07785178,-0.01368964,0.05323603
-0.2191431,0.3088153,0.01185348,-0.01557849,-0.0002692867,0.3692665,-3.433364E-05,-0.7672599,0.05054541,0.122743,0.02012132,0.1086689,-0.0008077077,-0.1863816,1.183974,0.052359,-0.08003347,-0.4190803,-0.002051796,0.009191303,-0.1933169,-0.1140326,-0.3320003,0.1024162,-0.1389728,-0.2760026,0.0304274,0.4145575,0.2699257,0.1659545
0.848267,-0.5089004,-0.3244733,0.2108974,0.2469224,-0.07151078,0.02605931,-0.4901961,0.3032162,-0.1238578,0.4694937,-0.1050274,0.284089,0.2744223,0.4936504,-0.1873565,0.3824269,-0.08401472,0.2206178,-0.7288913,-0.02165587,-0.02646379,-0.7716456,0.02840632,0.3506449,0.2015491,0.3921133,0.07663971,-0.006478998,0.0239206
0.662615,-0.004606247,0.399717,0.2940013,0.3672816,-0.4903946,-0.4979945,-0.5108566,-0.1292592,0.2759452,-0.1618119,-0.0009747659,0.003431719,0.3068393,0.02924699,0.3925231,0.01417084,-1.369364,-0.7222821,0.1210639,-0.2536175,0.3456017,0.04382378,-0.471177,-0.001853102,-0.5014015,0.1677548,-0.008025227,0.3449622,0.8646246
-0.2180298,-0.5514191,-0.220256,0.1021142,0.3517678,0.2820953,-0.3111396,0.401987,0.2283131,0.03252274,0.3282747,0.02075285,-0.1537171,0.4133716,-0.3767224,0.2214985,0.008400142,0.004937248,0.1257658,-0.2447398,-0.393791,-0.2331613,-0.001907647,0.5223832,0.2167262,-0.05974108,-0.4691679,-0.320204,-0.1593725,-0.02796243
-0.2355862,-0.005685529,0.2125531,0.4868506,0.08321244,0.04882413,0.1683869,0.04896982,-0.2341009,-0.02510494,-0.001864483,-0.05031032,0.2355134,0.4984716,-0.0948437,0.1031737,0.5964419,0.1566729,-0.248889,0.3227806,-0.08164807,-0.01659004,-0.07923645,0.01148861,-0.05682369,-0.03653613,-0.2871083,-0.004515575,0.108507,0.14223
0.003151652,-0.2107948,0.4498259,0.06622498,-0.3066652,-0.2242365,-0.040404,-0.05380694,-0.606427,0.4972733,-0.01299542,-0.04315626,-0.5084994,-0.1503064,0.4690379,0.03115555,-0.377663,0.02853426,-0.1256118,0.19977,-0.06260628,-0.4791235,-0.3897755,0.147333,-0.4396116,-0.2650728,-0.1462883,-0.0139578,-0.07290424,-0.001703498
9.342458E-05,-0.3623807,0.4224521,-0.2694377,0.3761765,0.7513488,0.2649,-0.003081767,0.3544102,0.2956661,-0.0002582906,-0.01211258,0.01391483,23.87787,0.6751934,0.3555222,0.4070465,0.0682364,-0.4303249,0.09080881,-0.2604101,-0.4279808,-0.4618267,0.4411315,-0.004209722,1.022539,-0.1666148,-0.1902774,0.6119844,-0.2573152
-0.3618162,0.4911516,0.1890555,0.1148666,0.02407187,-0.005353002,-0.06931348,-0.1274447,-0.0005658718,-0.07680315,0.04597704,-0.03082515,-0.339941,-0.4229993,-0.2520406,-0.0133546,0.01167873,-0.04713323,0.1154658,-0.008791786,0.02448467,0.3440193,0.1975281,-0.1733509,-0.4395642,-0.2357317,0.1896979,-0.1242359,-0.002586692,-0.3862784
-0.4749489,0.08047968,0.01626035,-0.3291621,0.4177856,-0.2824812,0.0588613,-1.13706,0.4559249,-0.05073433,-0.02089244,-0.1093431,-0.05759558,0.02684397,-7.971781E-06,0.233963,-0.07515794,-0.0219335,-0.1208649,0.3015695,0.0009459541,0.5569539,0.07361192,-0.1990744,-0.103953,0.1846991,-0.3556992,-0.181138,0.02027761,-0.1793695
0.1113371,-0.3241352,-0.06045339,-0.0005953997,0.2934597,0.03207524,0.02247797,-0.6908324,0.3228515,0.4914939,-0.001357679,-0.1240761,0.1989298,-0.003206091,0.4170609,0.4146298,0.01779084,-0.151483,0.6139166,0.03619907,0.02849553,0.06677908,0.05126093,0.2386622,0.3375459,-0.01851722,-0.1863176,-0.1149717,0.426442,-0.1708549
1.110554,0.3561392,0.00403446,0.001299301,0.05670696,-0.024117,0.05984861,-0.1108362,0.09161952,-0.05526654,-0.01017958,-0.2181551,-0.2941075,-0.2934369,-0.005210742,0.09348994,0.4332896,-0.06095022,0.01586072,0.393479,0.343515,-0.1415782,0.01312582,-0.3825901,-3.538311E-05,0.4762716,-0.08493614,-0.009503197,-0.4265511,-0.06584928
;
0.5053833,0.6770833,0.4876109,-0.0376417,-0.4489511,0.3724234,-0.08702552,0.4405004,-0.5610648,0.1083689,-0.0002242555,-0.3049287,0.2467972,-0.02271543,0.05279142,-0.2155214,0.4921595,-0.435908,-0.1867807,-0.2676816,0.1890704,0.1167263,-0.4551326,0.08250187,-0.02678878,0.1885963,-0.119898,0.02694765,-0.0300156,0.2281121
-0.3360522,-0.05990546,-0.01155161,0.04772801,0.1392996,-0.00248455,0.02423315,-0.03315011,-0.4680674,0.1725577,-0.03410696,0.04078399,-0.4566737,-0.02705265,-0.1152484,0.01803796,-0.06898415,0.162157,-0.04829553,-0.461552,0.1684692,0.003610302,-0.3169683,0.5444448,-0.2943051,0.04202372,-0.1824713,-0.192,0.1892741,0.493392
-0.09901149,0.1556527,-0.3782096,0.6590934,-0.2448532,-0.1422964,0.0140988,-0.01665746,-0.190537,0.285799,0.2699284,0.5303994,-0.4402512,-0.1012799,0.2456844,-0.06381042,-0.2880692,-0.2723569,-0.2392316,0.1578571,0.2572088,-0.6110691,0.3399018,0.1903073,0.07880069,0.1104339,0.1838302,-0.1633028,0.5601048,0.1610998
;
