0.2408318
-0.08979429
-0.5112983
0.3710136
0.0005453064
-0.03668147
-0.7021693
0.1881867
-0.749335
0.08627456
;
0.4625815,0.13221,0.04806147,0.3201413,-0.4740019,-0.03661149,-0.107462,0.004438106,-0.07586371,-0.4330195
0.7434881,0.2317361,0.7117726,-0.02268749,0.6296735,-0.04415978,-0.1710744,-0.4247181,0.1051283,-0.3874855
-0.4164208,0.539358,-0.1897277,-0.3551356,0.3391943,-0.03414699,0.392305,0.12871,-0.322391,0.1096902
0.4928435,-0.966322,-0.4507265,0.3500547,-0.06650678,-0.06345482,-2.732728E-06,-0.01090613,0.01604536,0.07552739
0.3649136,0.362308,0.8657816,-0.191031,-0.1307576,0.2608109,-0.2625939,-0.3440689,-0.005793349,0.01536769
0.002577687,0.4731559,0.2144605,-0.02827335,-0.4262282,0.074093,-0.4114106,0.2158495,-0.1177977,0.4567177
-0.2971008,-0.1824979,0.009692817,4.813802,0.3813541,-0.1589925,0.5245151,-0.4638016,-0.6542404,-0.5988355
-0.1522993,-0.4519219,0.04743239,0.02206012,-0.2366646,0.06084722,-0.005012838,-0.01477812,0.04305252,0.06878692
-0.1463458,0.3832645,0.01062979,-0.2074404,-0.5289004,0.01082339,-1.710713,0.01229566,-0.2908482,-0.008107184
0.0008589881,-0.2026289,0.02326404,0.1050301,0.8105426,0.3176993,0.2363376,0.1454957,0.1810636,-0.2334682
;
6.222038E-05,0.01685362,0.04175944,-0.1089664,-0.005559698,-0.2174204,0.3785754,0.2842733,0.2593996,-0.005125575
-2.482165E-08,-0.6243384,-0.3385642,-0.03849727,-0.3937691,0.1578187,-0.01141766,0.04079677,0.03546113,0.0002676417
;
0.004746642
0.4592437
-0.08627517
-0.1243171
-0.300158
0.009522578
-0.0157137
-0.1788686
-0.3973572
-0.006427169
;
0.2341927,-0.09482653,-0.008040602,-0.5927919,-0.04975511,0.1371285,-0.7112711,-0.01425821,-0.03282209,-0.1184297
0.2313214,-1.450093,-0.003812023,0.1763619,0.3877707,-0.06863874,-0.1731729,-0.3495566,-0.3768524,-0.4583282
0.0005406674,0.2312532,-0.09001531,-0.03875401,-0.4247942,-0.2799083,0.1741244,0.0696649,0.04275905,-0.6165453
-0.1910393,-0.3202204,-0.3525424,-0.07062993,-0.07875188,0.1070207,-0.3380886,-0.0004583736,-0.199479,-0.0800312
-0.2317158,1.367825,1.888703,0.3027582,-0.09315009,0.06947845,-0.4628775,-0.1679487,-0.1393463,-0.2972729
-0.3452331,-0.2574131,-0.0008177952,-0.01859635,0.3714792,-0.1410751,-0.3748624,-0.02964395,0.2315458,-0.4024047
0.1008007,-0.1056668,-0.0002503623,0.0004598796,-1.489277,0.487425,0.003180648,-0.1851185,1.114951,-0.173277
0.243323,-0.06293499,1.613674,0.01096708,-0.06908125,-0.260501,-0.03936129,0.01736968,0.07272238,-0.0004841277
-0.08965828,-0.3799615,0.3347161,-0.01285191,0.3947138,0.04850906,0.2869814,0.5017508,-1.391025,0.5150375
-1.066212,-0.1924232,-0.2585686,0.08481986,0.4760153,-0.3198993,0.05609492,-0.1968357,0.1466334,-0.2973861
;
0.458043,0.3900133,0.4165972,0.03479578,0.0161795,-0.1964572,0.05374104,0.007183027,-0.01711606,0.01478095
0.430554,-0.3421043,0.8310606,-0.2508209,0.1405391,0.2759027,0.01146991,0.8031571,0.3194449,0.2389588
-0.3787723,0.02704405,1.164807,0.1323339,-0.2305699,0.1017824,0.1390253,0.009919005,-0.08813936,-0.1951005
;
-0.05352327
-0.2871723
-0.2492831
0.2665287
-7.600033E-08
-0.2730401
-0.02761566
-0.7198682
0.02952576
-0.1965038
0.5587853
0.2653368
-0.03228483
0.0001417634
-0.0720759
0.001649439
0.094915
-0.1380748
-0.4078692
-0.03806299
-0.1998833
0.0129327
-0.1814732
0.2826099
0.2387949
0.06854326
0.2253242
0.2825738
-0.2458012
-0.1382725
;
-0.2485951,0.0009481405,0.4186364,-0.1559969,-1.584201,0.284157,0.005263986,-0.06549997,0.3314286,0.4166786,0.1223711,0.2941159,-0.09467655,-0.1724694,-0.9455535,0.002137137,0.02240856,0.08904737,0.3136767,0.08376819,0.01497978,0.0165158,-0.1170307,0.1780585,0.01080384,-0.07687825,-0.3745726,0.004868029,0.003727003,0.3553352
0.8657148,-0.3420948,0.7182391,0.1740787,0.006175975,0.2988229,0.1739021,-0.2029572,-0.240132,0.1369587,0.1486248,-0.02573115,-0.009016185,0.02750844,-0.3802872,-0.005385439,0.1216226,0.03899719,0.439804,0.3215306,0.2878536,-0.3570731,0.2390931,-0.1830972,-0.02838721,-0.2087554,0.4029789,0.06064177,0.007906496,0.08805458
0.497545,0.4558072,-0.4164282,0.3252748,0.4119124,-0.3343804,0.09951147,-0.1242489,-0.02154858,0.03486198,-0.3459325,-0.6026556,0.2190252,0.4086975,0.3214592,0.1891951,0.04227319,0.3167471,-0.4395555,0.2431154,0.003588933,-0.1142762,-0.0887507,0.1351648,0.1418782,-0.3842328,-0.776336,-0.4668922,-0.3101599,0.2398025
0.04083651,-0.2462865,-0.3957117,-0.1321529,0.03394829,-0.2649217,0.1294008,-2.276438,0.08500594,0.4665632,-0.4776217,-0.02752944,0.002423985,-0.1211317,0.03703938,-0.06893482,0.1683853,-0.05027546,-0.0368753,-0.2960548,-0.2687857,-0.05776948,0.04326855,-0.3756272,-0.0380882,-0.003879506,-0.4894068,-0.1993386,-0.1207177,0.2041699
-0.370489,0.1731216,0.02726627,0.0003705523,-0.4265046,-0.0004073639,-0.05595194,-0.03031581,0.1516402,-0.3200156,-0.1191837,-0.08098263,0.2246987,-0.2966949,0.02252931,0.0003797383,0.3168623,0.1260414,-0.116795,-0.09183828,-0.05185694,-0.02275908,-0.1770249,-0.03711751,0.4456921,0.2718372,-0.2237405,0.2625081,-0.1186418,0.00514562
-0.06135247,-0.06141086,-0.1109215,0.1679909,-0.03800339,0.1528684,0.2746161,-0.3495233,0.3290258,0.2328935,-0.4201304,-0.2778546,0.07860796,-0.1966663,0.7188675,-0.1374884,-0.48432,0.09167501,0.3724824,7.627765E-05,-0.4559605,0.05369288,-0.1129538,-0.4087644,-0.1578583,-0.1060764,0.07419366,0.04172736,-0.1250632,-0.05179765
0.236314,-0.06698234,-0.06467809,0.007315082,-0.2734714,0.4013941,-0.0001675495,-0.001897366,-0.3985021,0.005981375,0.4669645,0.4350015,0.1493595,0.1714821,-0.2823418,0.07499091,-0.0001082965,-0.4239211,-0.1268069,-0.4283351,-0.4641643,0.1166014,-0.3490779,-0.09960014,-0.2114127,-0.4755546,-0.02295999,0.0836969,-0.1101285,0.02996986
0.4036836,0.07372431,-0.4808434,0.4357183,-0.3494785,-0.1142346,0.2349681,-0.2947334,0.08326386,-0.1366945,-0.1198266,0.305187,0.0685776,-0.007426579,0.08492047,-0.05713993,0.6487959,-0.05351052,0.01162812,0.04844727,-0.3698187,0.8684793,0.3452085,0.001324834,0.03558476,-0.361595,-0.01729061,-0.1363984,-0.1052745,-0.06825469
-0.4467383,-0.3197986,0.2533531,-0.4403623,-0.2528801,0.4684682,0.4917125,0.04664236,0.06757038,0.002311765,-0.07095271,0.05969995,0.09148551,-0.06141946,0.6192023,-0.2760391,0.6974875,-0.03244,0.00237326,-0.3662524,-0.2708709,0.2222687,0.6205443,-0.0704075,-0.1073771,0.1069935,0.2427711,-0.5612036,0.04964404,-0.4693603
-0.2099106,0.01835934,-0.8182961,0.04946868,-0.0196544,-0.4812267,0.005164003,0.2593461,-1.345058E-05,0.390707,0.3413165,-0.2106398,-0.001360156,0.2662327,0.3327828,-0.007745934,0.1263188,-0.03995164,-0.06721526,0.1112577,0.06685366,0.03036561,0.00338758,0.1081833,0.01835376,-0.0291713,0.001113685,0.2446093,-0.4981303,0.1830948
-0.01729489,0.07932148,-1.157925,0.1663784,-0.116936,-0.0243668,-0.002951127,-0.4765877,0.40764,1.038848,0.4179649,0.07885102,0.393217,-0.05500479,-0.001864619,-0.1957625,-0.05522241,0.01071456,-0.008740862,-0.03702646,-0.1316086,-0.2368221,0.473611,0.07524568,-0.1463187,-0.2882382,-0.0656888,0.0631941,0.1373678,-0.007471513
0.03801984,0.0005814686,-0.7412128,0.07828548,0.2515154,0.3088762,0.01035872,-0.45058,0.159711,0.04825898,0.1026262,0.02874903,-0.001169292,0.05550183,0.01248742,-0.1678767,0.2461637,0.8337719,-0.4812753,-0.2118217,0.05848998,0.3564576,-0.1839706,-0.2767545,-0.2459243,0.003594252,-0.4903455,0.003373104,-0.05053247,-0.001206046
1.043009,-0.3489399,-0.7927523,-0.05090269,0.08737522,0.1258138,0.03998084,-0.2103056,0.1877059,-0.1041879,-0.1227071,-0.3368529,-0.0001809001,0.06005369,-0.006916462,0.07550114,-0.4869601,0.1746994,0.3817881,0.002291379,-0.1650115,0.08214357,-0.4358951,-0.298788,-0.1733286,-0.0008327995,-0.1926354,-0.0004480101,0.08783141,-0.2217773
-0.006254933,-0.1119367,0.01959286,-0.2575991,0.6940476,0.002219805,0.1688118,0.3844567,0.0009173998,0.9269645,0.0009313179,-0.09821745,0.004305184,0.2065735,0.2136296,5.874534E-05,0.3273983,0.1981871,0.08676444,0.4816813,0.2984829,1.458801,0.351784,0.01242586,-0.01526573,-0.0591828,-0.05080541,-0.02891225,0.2869728,-0.05705159
-0.4414603,-0.07586313,-0.09703852,-0.005176511,0.1108567,-0.2045867,0.2850287,-0.1701263,0.06204566,-0.01888192,0.566736,0.3189059,-0.06979722,0.02755433,-0.3856973,0.04520312,0.002953159,-0.1752097,-0.002523891,-0.1890222,-2.682579E-05,-0.06750764,-0.02792931,-0.05092329,0.4678564,0.3654795,-0.1167805,-0.5529687,0.6996992,-0.002149848
0.009243169,0.1803697,0.01546939,0.3861769,0.2308604,0.2072089,0.0383784,0.3031648,0.2359989,-0.1132651,-0.3710744,0.4501535,0.3578327,0.09469527,-0.1615904,0.1412378,-0.2498212,-0.1792777,0.07808566,-0.2969897,-0.2230855,-0.3668504,0.02693828,-0.1233549,0.313878,-0.3061442,-0.1557476,0.2637479,0.02247923,-0.04605731
0.1464879,0.1581962,0.017742,0.3083524,0.1817284,0.01671035,0.05644181,-0.02630155,0.01105186,-0.1328244,-0.9592066,-0.4897313,8.906211E-06,-0.3293692,-0.3438352,-0.01138513,-0.01067034,0.1474228,-0.3356718,0.4741033,1.589684,-0.4902264,0.01716461,-1.16342,-0.0005146366,-0.7307824,0.3176922,0.3180157,0.01658769,-0.3622308
0.04301527,-0.003827401,0.4026706,0.001358099,0.04342836,-0.238534,0.3994884,-0.009980117,0.0261915,0.1447558,-0.03651483,-0.002762669,-0.3067842,-0.001104511,0.3424994,-0.1516039,-0.4935961,-0.1082454,-0.3926316,-0.06111209,0.4971878,0.2517757,0.3241197,0.1031769,0.02060617,-0.6754042,-0.2232414,0.2257228,0.380778,-0.2957939
-0.009647853,0.5398718,-0.3461218,-0.445572,0.03558559,-0.4272498,-0.005484332,-0.06197673,0.2007922,-0.05830115,0.1792182,0.1233346,0.03419664,-0.07164794,-0.01840856,0.4128158,-0.43357,0.4393984,0.06300801,0.0953196,0.4195472,-0.2411332,0.01079245,0.0661261,0.04145042,-0.2496403,0.001481222,-0.4792153,-0.3160939,-0.05323603
-0.2191431,-0.2705472,0.005699763,-0.4822191,-0.07275635,0.3653352,-3.433364E-05,2.168056,-0.2011658,0.08987289,0.01082995,-0.1086689,-0.3593487,-0.3268783,-1.183974,0.1353444,-0.08003347,-0.4190803,-0.002051796,0.03148343,0.2857324,0.1140326,-0.132979,0.1024162,-0.1389728,0.07151297,-0.0304274,-0.4145575,0.2699257,0.1659545
1.047877,-0.482484,0.4556215,-0.171487,0.4849734,-0.1192614,-0.2554889,0.1502031,0.3770908,0.09802693,0.2904673,-0.02363062,0.284089,0.2744223,0.2908607,-0.07081026,0.298004,0.1404943,-0.2010118,0.03003806,-0.02148391,-0.05106413,-0.3205177,-0.1562049,-0.03356797,0.07348744,-0.07950195,-0.1091331,-0.002277487,0.07468802
0.416894,-0.004606247,-0.00111638,0.2940013,0.3672816,0.6220185,0.4827122,0.02794169,0.03256148,-0.2759452,0.1618119,0.2331353,0.00498381,0.3068393,-0.02924699,-0.3925231,0.01417084,-0.2612691,-0.425727,0.1127765,-0.2536175,0.0007690359,0.04382378,0.3523997,-0.001853102,0.1806131,0.04300379,0.0524102,0.2248161,0.8166986
-0.3760975,-0.7871931,-0.1057544,0.192447,0.7191513,0.2820953,-0.3111396,0.401987,0.2283131,0.03252274,0.3282747,0.02075285,0.4772288,-0.4442645,-0.3767224,0.1321608,0.1339393,-0.006429215,0.1257658,-0.1016508,-0.09288829,-0.1459951,-0.001907647,0.8398756,-0.125246,-0.05974108,-0.2601304,-0.4564162,-0.3883408,-0.05439345
-0.2355862,-0.005685529,-0.09283956,0.009476125,-0.08321244,0.01059043,0.4336346,0.04896982,0.01577075,-0.02510494,-0.01068429,0.273998,0.00994784,-0.3670756,0.02255485,0.08022304,0.5153548,0.3768766,-0.2803124,0.02351007,-0.06585618,-0.006512451,0.06046307,0.01985858,-0.05682369,0.153579,-3.135046E-05,-0.006214978,0.108507,0.3509093
-0.005215506,0.1145697,-0.08922669,-0.3200482,-0.3066652,0.2242365,-0.040404,0.2323971,3.46595E-05,0.4972733,-0.01299542,-0.04315626,0.4802644,-0.1503064,0.838182,0.03115555,0.4930639,0.02853426,-0.4272159,-0.19977,0.06260628,-0.01089925,-0.3897755,-0.2228588,0.4396116,-0.4472733,-0.1462883,-0.0139578,-0.07290424,-0.001130784
9.342458E-05,-0.01405359,-0.1487751,-0.2694377,0.3761765,0.02226323,0.09155665,-0.003081767,0.2237928,-0.2913283,-7.614207E-05,-0.01024145,0.01391483,23.87787,0.2390165,0.8777877,0.4070465,0.0319536,-0.4303249,-0.09080881,-0.2604101,-0.251127,-0.4888125,0.2273237,-0.005011105,-1.022539,0.3623368,-0.1902774,0.7545126,-0.2573152
-0.4716139,-0.4911516,0.3418813,-0.1885359,0.02407187,0.005353002,-0.06931348,0.1274447,-0.0005658718,-0.05979612,0.0935502,0.222468,-0.339941,0.07946616,-0.2520406,-0.003682468,-0.0004404899,0.08386991,-0.0118517,-0.2277558,0.02448467,0.3440193,-0.1975281,0.1733509,0.2912134,0.2357317,0.1001476,0.1242359,-0.3305731,0.3158528
-0.4749489,-0.08047968,0.3637594,-0.4348647,0.3346337,0.117777,0.01222973,-0.4828549,-0.02788429,-0.09610483,-0.08488269,-0.1093431,-0.09518012,0.01872209,1.085897E-05,0.3927405,-0.07515794,0.439632,0.003721328,-0.2514933,0.0009459541,0.5569539,-0.2443476,0.0393365,0.0709905,0.2726361,-0.3556992,0.181138,0.02027761,-0.12616
0.1113371,-0.1627762,-0.06045339,0.01319033,0.2934597,-0.03207524,0.03142487,-0.8137205,-0.1917909,0.4872838,-5.571177E-05,0.07793999,-0.1989298,-0.003946501,-0.4170609,-0.4146298,0.01239628,0.02124375,0.6139166,0.03619907,-0.02849553,-0.06677908,0.05349782,0.3822023,0.139022,-0.01095365,-0.1863176,0.1921599,0.4865988,0.28782
-0.5706972,0.3561392,0.005262084,0.001299301,0.05670696,-0.003359148,0.07749258,-0.0770192,0.03179555,0.8638249,0.0553481,0.7567112,-0.4096558,-0.1222106,0.3822718,-0.08864063,0.3956509,-0.06095022,0.005472124,-0.8317503,0.2183144,-0.1089144,0.02510617,0.3825901,7.48126E-05,-0.155605,-0.08493614,0.009503197,-0.2417906,0.06584928
;
0.5053833,0.2423302,0.03868065,0.04932362,0.2505786,0.2672931,0.7075639,0.3987041,0.5610648,0.1083689,-0.1489858,0.3049287,0.06624001,0.02271543,-0.08602221,-0.2155214,0.4921595,-0.435908,0.09797162,-0.2676816,-0.0003663616,-0.1176447,-0.4551326,-0.2093613,-0.05214266,0.2496848,-0.08275742,0.005574659,0.0300156,-0.3555933
-0.2739357,-0.06553949,-0.122344,0.04772801,0.1392996,0.00248455,-0.02423315,-0.02496589,0.4680674,0.1725577,-0.05110354,-0.1896055,0.1061087,-0.02705265,-0.09313601,-0.01803796,-0.2343856,0.2504029,-0.04829553,-0.461552,-0.4424889,0.003610302,-0.3169683,-0.2112843,-0.1589857,-0.03121705,0.2079172,-0.192,0.1892741,0.2599703
-0.1357524,0.1626877,0.3782096,0.1274921,0.026905,-0.1998978,0.2122069,-0.4356008,-0.190537,0.4779813,0.2699284,-0.5303994,-0.5658773,-0.3820255,0.2456844,-0.01323279,-0.4327716,0.3655753,-0.2392316,0.02611965,0.6038022,0.6340619,0.3399018,0.211917,0.04694051,-0.07388455,0.1838302,0.06586877,-0.03522509,0.1610998
;
