0.3292172
-0.3223584
-0.2379008
-0.1712874
0.01781771
0.1109261
-0.6103099
0.02409118
0.06818701
0.6487693
;
0.3523856,-0.3877386,-0.07603553,0.08545727,-0.4165121,-0.4728628,0.1668964,-0.008234228,0.3593072,0.2092185
-0.1081981,0.306394,-0.08960754,-0.1199889,0.2366186,-0.008276403,0.01218649,0.2229035,-0.01387806,-0.2155333
0.001565091,-0.09872265,-0.4331544,0.1993884,-0.1201484,0.639544,-1.304539E-07,0.4931829,-0.2998134,0.3923104
-0.7042783,0.414582,2.20674E-05,-0.1889242,0.44848,-0.143788,-0.009728492,-0.1871234,0.2484144,-0.01857259
-0.01638199,0.0412663,-0.2880691,-0.08479589,-0.1897647,0.03459391,0.0003264666,0.0373252,-0.05474042,0.3095608
0.002119369,0.02930999,-0.03391725,-0.1824401,-0.601751,0.03285773,0.4097363,-0.09403902,-0.3948121,-0.3205993
0.207198,-0.003784262,0.6516038,0.4392134,-0.4242363,-0.009359787,1.212466,0.3617313,0.0593149,0.0731016
0.3776389,-0.2280284,-0.1846819,0.4829797,0.0003425617,0.04780748,0.4544851,-0.03916143,0.001391285,-0.04583798
0.03059334,-0.6645225,0.1300797,0.4249816,0.3027557,-0.7664073,-1.809235,-0.03335672,0.7323411,-0.4084513
0.0296787,-0.04935331,-0.07117663,-0.1924707,0.8105426,0.05264207,0.3178385,-0.6136603,-0.02048212,0.1731004
;
-0.07043597,0.06341902,0.1553818,-0.1448923,0.2461841,-0.1500559,-0.2447593,-0.002559739,-0.2018371,-0.0295559
-5.339963E-07,0.01831931,-0.08134414,-0.2675471,-0.4360369,-0.007548447,0.4866339,0.04551858,0.01692905,-0.3851556
;
-0.006332244
-0.02079603
-0.02089336
-0.04450486
-0.1764997
-0.2721839
0.375746
0.04198097
0.005454213
0.2487988
;
0.3153211,-0.44067,0.7174847,-0.1556091,0.07118734,-0.3708949,-0.04932076,0.1102068,-0.0002852397,-0.03927322
-0.001446714,0.217213,0.4120222,-0.0852738,-0.0001572825,0.4308569,0.3810302,0.00129563,0.3895531,-0.430636
0.1770124,0.1678824,-0.03422433,-0.003478477,-0.2789139,-0.01009092,0.1381516,-0.1561268,-0.1176111,-0.4011201
-0.1910393,0.006869629,-1.456711,0.4117822,-0.3557162,0.01624859,-0.1892623,-0.3785887,0.01964701,-0.1416242
-0.1599863,0.1734781,-0.6791133,0.07058626,-0.0843484,-0.1676819,0.01120492,0.03001161,0.2737648,0.4394281
0.3467268,-0.06069181,0.1070555,0.1832492,2.510521,0.1175019,-0.08240348,-0.2694843,0.4459794,0.5417959
-0.07776937,0.2633175,-0.05654889,0.0005659987,-1.144138,0.1398715,-0.3981037,0.2748687,-0.1261548,-0.9811904
-3.679415,0.03269818,-0.2661418,-0.09221745,-0.1178827,-0.2030134,-0.2224829,-0.02474432,-0.01640194,-0.1930383
-0.10029,1.270416,0.04720956,0.007175636,-0.02220955,0.3264017,0.4709846,-0.1277816,0.07949773,-0.00239958
0.3498321,-0.2346503,0.06294589,-0.3009231,-0.1487066,0.2778818,-0.2903102,0.6500854,0.8689679,0.00388887
;
-0.1067806,0.006119567,-0.6735333,-0.1688786,0.4363644,0.2654352,0.06183773,-0.5500175,0.01159491,0.1517684
-0.007838482,-0.4758523,0.1500499,-0.4396014,0.4446703,0.1015561,0.01146991,-0.02030649,-0.09328884,-0.09718969
-0.1270428,-0.2771264,0.04753932,0.03412932,4.30555E-06,-0.008058049,-0.3035072,0.4707355,-0.5817496,1.806143
;
0.05006806
-0.02382948
-0.02987693
-0.08252567
-0.02347657
0.3485223
-0.1052579
-0.1106755
-0.5724159
-0.01422782
-0.2229295
-0.3465663
-0.1512185
-0.1483864
-0.3638642
-0.009551139
0.02465573
0.4840355
0.006871946
0.07640763
0.4192683
0.2603494
0.3548776
0.2685614
0.276823
0.3372146
-0.1393412
-0.1854368
0.9006783
0.9779321
;
-0.3399448,0.2556545,0.8981969,-0.03094536,-0.04628038,-0.1797453,0.0225334,-0.3728602,0.1748033,-0.3048087,0.08321284,-0.4337075,0.458046,0.03005684,-0.6513454,0.2725395,0.3902856,-0.1661206,0.6675268,0.6707324,-0.09016174,-0.007431522,-1.909844,0.01765472,-0.0743276,-0.01267903,-0.2413973,0.4015795,-0.2808353,0.4153177
-0.2673787,-0.1697618,0.1772934,-0.1212073,-0.3758196,0.1556762,-0.1062671,-0.4953365,0.3445641,-0.02658099,-0.02810464,-0.2530573,0.1997949,-0.2992235,0.102137,0.1479521,0.286759,-0.1344887,0.0163975,-0.1181859,-0.1345716,-0.04067924,0.01292879,-0.2411472,0.4607038,-0.3871011,-0.3358884,-0.06195268,0.004879773,0.2174142
0.3378844,0.301649,-0.4917674,-0.2864052,-0.05497221,-0.5667036,0.2380138,0.1086664,-0.1172466,-0.3664852,-0.5300869,0.4100169,5.30727E-05,-0.09792107,-0.730122,-0.6108002,-0.2490206,0.04471236,0.5429983,0.4109358,-0.00239197,-0.1415968,0.03180756,0.1616748,-0.2991579,-0.6430585,0.3756027,-0.7845805,-0.3409014,0.1473002
-0.07058488,-0.3633629,0.1059609,0.04580494,-0.01286035,0.2617605,0.07507157,0.07873744,-0.04945585,0.5518571,0.08045579,-0.2691396,0.3157132,-0.01330131,-0.4126189,-0.3219572,0.000336154,0.05638188,-0.1496818,-0.1943915,-0.03847831,-0.1350929,0.6301443,0.2262338,0.3098271,-0.1330766,0.3068748,0.07212548,-0.05432159,0.3640773
0.3578179,-0.5452168,0.01035458,-0.4343331,0.1489425,0.3865622,-0.2963418,-0.4228885,-3.841672,-0.3533682,-0.07984327,0.02528816,0.1033412,-0.2831574,0.06494741,0.05749221,0.03270086,-0.08910362,-0.2418512,-0.01659736,0.8427103,-0.03969492,0.04362959,0.2887795,-0.2903966,0.2803347,-0.00560474,0.06964054,0.04508885,0.01667332
-0.3977352,-0.4076386,0.2545853,-0.495216,-0.1996215,0.3337232,0.02091282,0.05768341,0.4032955,0.04391685,-0.4985791,0.5489684,0.09265257,0.02263635,0.4950156,-0.1023696,0.2181758,0.0349378,0.2535862,-0.9601014,0.3262894,-0.4163158,0.03001343,-0.3181426,-6.560799E-05,0.2301444,-0.1379095,0.108532,-0.9260134,0.2192037
0.0142625,-0.1733541,-0.02784633,-0.003441184,0.4020566,-0.2261371,0.2641833,0.1679675,-0.4116067,0.1595658,0.7075945,0.0864885,0.4204813,-0.3022797,0.4368335,0.1514246,-0.2989534,0.494959,-0.3428057,-0.03849751,-0.02274664,0.4668614,0.2491237,-0.4287609,-0.2813213,0.02705742,0.2089975,-0.6266146,0.5234506,0.4898378
0.1701151,-0.006886241,-0.1522774,0.01519236,0.4482928,-0.01993876,-0.376724,0.2863759,-0.0114906,0.002368812,-0.5238093,0.1575627,0.1471533,0.006957254,0.8811595,-0.3056923,-0.2351149,-0.4466742,-0.7585974,0.009491876,0.01774698,-0.1742918,0.3379753,0.4952778,0.0005003323,-0.001004381,-0.08615047,-0.04801936,-0.1998943,0.03820115
0.174641,-0.2770648,0.3541302,0.432556,-0.001311115,-0.01565752,-0.307817,0.4406705,-0.282903,-0.06174033,-0.1009063,-0.3746166,0.2624501,-0.2485902,0.009610679,-1.544812,-0.07216062,1.362626,-0.0229779,-0.2100261,0.177838,0.004040078,-0.001832469,-0.08283775,-0.0451054,-0.05999804,0.4685526,0.003775587,-0.6563709,-0.3418951
0.6154299,0.1870098,0.1217576,-0.6367775,0.01543851,-0.1356251,-0.3692306,0.09743196,-0.2610108,-0.02848142,0.460972,0.0003624924,0.2157821,0.7366456,-0.04253555,0.08457994,0.06702513,0.1458072,0.003303118,0.3819373,0.3570683,0.05170959,0.2981407,-0.1394164,-0.04285691,0.03211515,-0.5505663,-0.5572588,0.1574794,-0.2628185
0.006284906,0.3137521,-0.2466283,0.003537313,0.10958,0.4831481,-0.2211694,0.2645001,-0.09837669,0.1347852,-0.09405765,-0.370611,0.198745,0.1190466,-0.1891708,0.006011474,-0.1838724,-0.2464818,0.4190167,0.0049998,0.457408,0.390605,0.4458498,0.2831782,0.02305282,0.02402988,0.03686121,-0.1743329,-0.09940299,-0.419625
-0.4991669,0.08892389,-0.01285028,0.0145398,-0.1126916,-0.4377325,-0.5150675,-0.01284634,0.3236867,0.06746914,0.4563906,0.3464603,-0.04653259,-0.1756973,-0.357105,0.02397172,-0.2585393,-0.2260763,0.2488792,0.2330534,0.1958029,-0.5942701,-0.3838205,-0.02249521,-0.4755512,-0.01973321,-0.3431591,-0.0866447,-0.4591638,-0.04934942
0.1660828,0.4523551,0.4202715,-0.2169652,-0.3310853,-0.156678,-0.002470276,0.0002108219,-0.2985753,0.515231,0.0004610636,-0.2140647,-0.6082283,-1.31394E-05,0.6404749,-0.01734793,-0.0561977,0.001246422,-0.04831367,0.4804924,-0.452547,0.048631,-0.2105234,0.4072392,0.02215601,0.0006748938,0.5522236,-0.3259308,-0.4688537,-0.06581596
-0.4102428,0.1447081,-0.09999551,0.1146579,-0.03144279,-0.2724144,-0.08370115,-0.0219168,0.2713462,0.2932701,1.596962,-0.01481552,0.007738564,1.038893,-0.04092606,0.02086918,-0.2187091,0.4903061,0.3608049,0.01586293,-0.01252848,0.009345949,0.2104594,0.3914653,-0.1317428,-0.130057,-0.03472509,0.2198372,-0.1139485,0.3079201
-0.09313857,0.03134814,0.9232072,-0.06843822,0.06510307,-0.109331,0.03399861,0.499814,-0.4191512,-0.211805,-0.00111519,-0.6193867,0.08461732,-0.02444325,0.2104252,0.1030155,-0.7179756,-0.003586716,-0.2792003,-0.4685545,0.2056537,-0.2849946,0.01733098,-0.01634923,-0.1611418,-0.05281174,0.04985255,-0.02754974,-0.03481625,-0.109737
-0.06995161,0.3050444,-0.3391283,0.5190311,0.03325057,-0.4579524,-0.1988056,-0.06422419,-0.04014686,-0.04810962,-0.2234727,-0.05688447,-0.008776428,0.0001141838,-0.03980654,-0.190338,-0.02097622,0.03215461,0.2414012,0.2905858,-0.3881034,0.009907141,0.2626893,-0.01300169,-0.4862289,0.1669478,-1.079988E-06,-0.01035297,-0.08400638,-0.001844004
-0.02653569,0.3849209,-0.7170489,0.2395964,-0.01761574,-0.2793068,-0.03699537,-0.2048026,0.1061305,0.002484869,-0.04847572,0.4783838,0.000164699,-0.9942369,0.1703953,0.3891205,-0.003837562,0.1994485,0.04954463,0.1143838,0.0004714409,-0.209574,-0.08427023,0.1322518,0.3829553,-0.7599251,0.1636719,-0.2742042,-0.5117337,0.4578254
0.365683,0.1012306,0.0586313,-0.4076534,-0.2720975,-0.23085,0.007984474,-0.04967708,-0.0205442,0.111311,-0.3221508,-0.3344987,-0.1081885,0.3552418,0.05625409,-0.1903304,0.2799733,-0.04824746,0.0399974,-0.0998253,0.001838487,0.08551687,-0.06854433,-0.4750675,-0.2263213,3.802634,0.1758347,-0.3043071,0.01123561,-0.3292617
-0.103256,0.3065178,-0.0980664,-0.0480465,-0.302812,0.1824922,1.388093,-0.1360304,-0.3577535,0.320743,0.05905176,0.1256088,-0.1649572,-0.004605969,-0.5083392,0.2207018,0.07649297,0.4056542,0.01073312,-1.064477,0.1959115,0.0004346865,0.5869853,-0.09502771,0.6349955,0.09511418,0.02677885,-0.4484838,-0.5412668,-0.000733485
0.2205556,-0.1472477,-0.3754019,-0.2003028,-1.305312,-0.7294874,0.1060552,0.1231405,0.6991032,0.414427,-0.01058518,-0.07903928,0.4703528,-0.165009,-0.008724024,-0.8201442,0.4096755,-0.1246788,-0.4165598,-0.0002394442,0.4237889,-0.6537905,-0.003789159,0.4384689,-0.1311144,0.3660244,0.5957837,-0.01630436,-0.341778,0.2351733
-0.2046545,0.1668237,0.01570641,0.1337429,0.03773702,0.8430075,0.7469057,0.01601108,0.4143722,-0.1720096,-0.001743383,0.04877931,0.1142181,-0.1039175,-0.1443398,0.01901725,-0.3886425,-0.3465872,-0.03048109,-0.02425468,-1.664555,-0.4054493,0.04398143,-0.006992971,-0.04542069,0.4358319,-0.03570952,0.4166859,-0.3262458,0.4943449
-0.04673414,-0.164618,-0.1451968,-0.1306476,0.04814882,-0.1174637,-1.115202,0.06844693,-0.002492964,0.004544328,-0.004506077,0.4846843,-0.01277651,0.003765254,0.2301169,0.002821259,-1.253311,-0.1621962,-0.01897174,-0.02367732,0.002593268,0.1780791,0.03408557,0.1893658,0.006144027,0.01193131,-0.08686898,0.2372867,0.3523149,0.2976727
0.01365918,-0.4529723,0.06437561,0.3828917,-0.1345892,0.1295024,-0.3089126,-0.04207554,0.2800136,0.2704318,-0.001117951,0.092345,2.971983,0.02460782,-0.2416163,0.4157336,-0.406654,-0.001062095,0.2803642,-0.1146922,0.001525126,-0.1240918,-0.3099492,0.3684331,0.410055,0.4144772,0.03700765,0.7055241,0.294969,0.1854052
-0.02824717,-0.102271,-0.3599932,0.04588293,0.3379679,-0.3811958,-0.301741,-0.00848863,-0.1106229,-0.0156358,-0.005702161,0.04277782,0.0002024179,-0.1811586,-0.5336107,-0.05139142,0.3420386,0.0001317231,-0.2277696,0.04129606,-0.08685852,-0.04392122,0.3336708,0.2756864,-0.9604214,0.05575219,0.004961253,-0.2929953,0.07775087,0.3295553
0.4175005,-0.008473108,-0.19012,0.2035483,2.713384E-05,0.558816,-0.2619697,0.5551795,0.001039848,0.1758621,0.008480525,0.1996949,0.2027976,-0.1579558,-0.4491836,-0.172705,0.04990311,0.05608948,0.4367214,0.003325113,0.08030842,-0.2941394,0.3918515,-0.03656825,0.7865408,-1.882641,-0.2351945,0.02354095,-0.01597062,-0.1462939
0.2016312,-0.007910356,-0.4577315,-0.153647,-0.00238224,0.3872578,-0.2207773,-0.09048229,-0.2909912,-0.09078359,-0.3260671,-0.3733898,-0.05732304,-1.369424,-0.002123165,0.04098791,-0.7443913,-0.1155586,5.168553E-05,-0.01482041,-0.4273626,-0.0306986,-0.1229835,-0.0797804,-0.08637315,0.9838042,-0.08625704,0.001092172,-0.000923563,-0.1135206
-0.1110763,-0.05173498,-0.3189558,-0.9704618,-0.2300346,0.143371,-0.4543537,0.001486975,-0.1634049,0.7478095,0.3759089,0.3653436,0.2118139,-0.04473081,0.6933439,-0.05120318,0.2398085,-0.2111048,0.04718235,-0.4052482,-0.01909363,0.04244374,0.1203558,-0.4484495,-0.09540816,-0.4420556,-0.03528219,0.2381915,-0.2516334,-0.1231139
0.2848226,0.3228757,-0.06876332,0.04194683,-0.2754855,0.07915823,-0.1983309,0.2106507,-0.4504434,-0.009608714,0.1376873,-0.1028725,0.4037242,-0.4709461,-0.2189081,0.4184694,-0.003589332,0.6006287,0.04179086,0.005214121,-0.05494314,-0.370212,-0.2280539,-1.451975,0.03103249,-0.006087524,-0.3979034,-0.08807016,0.0843538,-0.003362973
0.3716374,-0.4159389,0.2112952,-0.1489159,0.1899967,0.1690351,0.434553,-0.4653188,0.3290327,-0.01257139,0.0128539,0.4813196,0.000410469,0.1103294,-0.2682685,-0.6824658,-0.4549111,-0.1791196,-0.4268533,0.4349523,0.1076859,-0.3616674,0.1972507,0.03146935,0.2468475,-0.04899567,0.3643926,-0.3634028,0.0150764,-0.002816025
-0.2318734,-0.3074119,0.008403825,0.09880242,0.01362592,0.2030995,0.1210775,0.07179671,-0.4291131,0.06340946,-0.001528645,-0.305217,0.4300517,0.3871502,0.3334769,0.01356594,-0.02232471,0.1676223,-0.01336295,0.02635622,0.4606864,-0.1797968,-0.4474512,0.4684609,-0.142769,-0.007446282,0.3997897,-0.02632695,0.9886206,-0.3173981
;
-0.5920615,-0.03957432,0.3417245,0.5303642,-0.03727168,0.01545814,1.367272,0.003122151,-0.2609608,0.3620173,-0.03665982,0.02830283,-0.4885608,-0.3220414,0.6608129,0.2551849,-0.04137872,0.01895517,-0.3362536,-0.0007886187,0.1666826,0.09370743,0.7304432,0.0001149058,-0.0295316,-0.05301628,0.04396123,-0.3377662,0.2048487,-0.2712896
-0.06655142,-0.04446493,0.2789557,-0.2010391,0.4156297,0.1996897,-0.2082558,0.2508592,0.05841406,-0.0005251841,0.03185946,0.0446602,-7.439239E-05,0.9272707,0.02349258,0.2642351,-0.3157732,0.1860587,-0.29263,-0.006577284,0.005557918,-0.2477549,-0.3058634,-0.248558,0.1080328,-0.008219557,-0.01253229,0.0491218,0.4392065,0.6526666
-0.008231731,0.4265997,0.47864,-0.5666082,-0.4208133,0.006779052,0.08312453,-0.4123676,-0.1448865,0.2949039,0.05871553,-0.001387739,-0.06944573,-0.3807471,-0.0077914,0.1648918,-0.3656422,0.05368561,0.159957,0.1601324,0.002652706,0.0129304,0.4419116,-0.02236675,0.1631741,-0.1350139,-0.1277911,-0.3951831,-0.2247832,0.07849856
;
0.103783
-0.3942071
0.1328455
-0.03273672
-4.810954E-06
-0.4531001
-0.2674642
0.7077889
0.02841585
0.05297994
0.2372869
0.008188381
3.152205
-0.0007705412
0.1963132
-0.1202668
0.4585606
0.3971685
0.3197659
0.004113725
-0.2917708
-0.1268632
-0.1853526
-0.00216112
0.4325589
0.432799
0.3872561
0.0668276
0.3148814
-0.4498591
;
0.2626786,0.5032925,0.09146437,0.1964727,0.3819139,-0.4983913,0.01809477,0.357344,0.0861496,0.09838611,0.193314,0.008828222,-0.4873902,-0.09160208,0.3380078,-0.0006630839,0.002763624,-0.0787512,0.00034441,0.08209997,0.1511294,-0.2322252,0.2042885,0.2115537,0.09544817,-0.0533921,0.3324015,0.05208725,-0.06356179,0.1545984
-0.4026008,-0.07446631,-0.4381852,-0.4065605,0.2986382,-0.1099811,-0.3169422,0.4536805,-0.397684,0.4814816,-0.2652087,-0.3081259,1.089092,-0.01434512,0.05946691,-0.2765995,-0.03935546,-0.0516569,-0.3594016,-2.267281,-0.2581294,0.03119236,0.4400858,-0.09046262,0.1894521,0.3696567,-0.04201151,0.1084817,0.05276617,0.06419586
-0.0138639,-0.3969738,0.2148654,-0.3653797,0.02805297,0.0003359583,0.9190528,-0.2269745,0.3996049,-0.02501232,-0.0001528934,0.1135265,0.1246883,-0.4468735,-0.6032568,-0.354758,0.2162211,0.3179634,-0.08832837,0.1576208,0.2745548,0.3850549,-0.04748732,-0.1485797,-0.09852289,0.1484284,0.1967704,-0.07302731,-0.02122393,0.4744302
-0.242056,0.02487023,-0.350183,-0.4703418,-0.04623802,0.0358457,1.858669,2.579547,-0.5554787,0.05084101,-0.4935142,-0.3048402,-0.0162564,0.01933141,-0.1942992,-0.2100397,-0.08168711,-0.002604151,-0.4706578,-0.4383147,-0.5431387,0.08381907,0.5740814,-0.1882102,0.1370976,-0.2474734,0.06607386,-0.09702088,0.01973789,0.143537
0.008548993,0.3332312,0.08513957,0.0003705523,-0.4948398,-0.001241184,-0.2350878,0.2556312,0.167122,-0.250416,-0.3549696,-0.07242538,-0.01402134,0.2739686,-0.2915992,-0.0006303011,-0.03228742,-0.01888069,-0.4722416,-0.1102301,-0.2443915,0.483066,-0.2164903,0.0979775,0.07486186,0.06054065,0.3049135,-0.4101082,-0.06777903,-0.3986677
0.1127585,-0.03548127,-0.1002589,-0.1022061,0.4358975,0.4093215,-0.1676414,-0.05926098,-0.4937406,0.272076,0.4561375,0.009715679,-0.5725676,0.0002676942,-0.4310108,-0.2021186,-0.01349181,0.05334055,-0.2919137,0.08427611,-0.2764106,0.1044329,0.01307591,0.02790972,0.2610207,-0.08292247,0.05287186,0.7272116,-0.08855477,0.01467291
0.08669525,0.09971134,0.7248018,-0.3784908,0.00840747,-0.07303208,0.002988585,0.006746137,0.3760684,0.03447157,-0.0001845528,-2.534418,-0.7198483,-0.2154613,0.0001753636,0.3056328,0.2325296,0.005289048,-0.2615232,-0.09077355,-0.1324812,0.4048178,-0.3818363,0.225044,-0.0886336,-0.0673406,-0.2865887,0.01103369,0.4243904,0.05232014
0.06727642,-0.2834067,0.5190622,-0.5823876,-0.4898142,-0.1276975,0.2684851,-0.02647478,0.1431039,0.1129519,-0.445131,-0.1173101,-0.1202921,0.1297496,-0.1447104,0.1056181,0.003519081,0.2502897,-0.2360373,-0.07826435,0.0546669,0.3472092,0.2208674,0.01508431,-0.04297476,0.09671572,0.006522702,0.4713538,-0.001538731,-0.2283634
0.5127305,-0.5872383,0.1396035,-0.1847897,0.1712385,-0.4557403,0.4500424,-0.2922891,-0.3949429,0.001115121,0.1434966,0.3085201,0.1284648,-0.1067321,0.2060387,0.03388715,0.4434787,-0.07848781,0.3278707,0.04642052,-0.1821026,-0.4403,-0.1544818,0.05078755,-0.5756648,0.11586,0.2245082,0.2511668,-0.01367891,-0.2460749
-0.09596445,0.325947,-0.2677456,0.004459121,-0.6458814,1.029567,-0.09934326,-0.7351559,0.01846695,-0.4313098,-0.501013,0.03961009,-0.1645645,-0.1305115,0.0189436,0.3642374,-0.2382028,-0.0319787,0.1314491,0.07606607,-0.397048,-0.2494925,-0.002094314,-0.1981544,-0.03438641,0.08571993,0.3464745,0.2570099,-0.477806,-0.1511799
0.0006313625,0.07678948,-0.3358836,-0.1236124,0.002433089,0.00202666,0.03279263,0.7487642,0.478285,0.03101168,1.445337,0.347611,-0.5718319,0.2888781,0.5893698,0.4916928,0.06335793,-0.3276404,-0.07582451,-0.01304977,-0.2047509,0.0581105,-0.3000358,0.1100692,-0.3367038,0.2619188,-0.06957427,0.02147367,0.06423157,0.003250449
0.03642377,0.002755957,-0.7181824,0.1852403,0.08528439,-0.06508285,-0.7020382,-0.2052427,0.6257123,-0.02060006,0.08573133,0.02847725,0.11717,-0.005494695,0.03921598,0.04553133,-0.1685074,-0.02174288,-0.0008339829,0.2574109,-0.07391442,-0.005747616,-0.1725168,-0.06867646,-0.003868699,0.005150646,0.4079419,-1.945951E-07,0.03418589,-0.0008202208
-0.09911066,-0.01339157,0.4185289,0.9532753,-0.1186841,0.1226488,-0.2120538,0.08102307,-1.343005,-0.08758907,-0.005743284,-0.480906,0.06192189,-0.2420959,-0.4628628,-0.3999169,0.04506451,-0.4539204,0.1237671,0.01921438,-0.1894644,0.0537102,0.05965284,0.007022982,0.2294288,-0.004978903,-0.07941383,0.5336136,-0.3307715,0.320623
-0.375723,-0.6377907,-0.08477312,-0.02759046,-0.4587922,-0.01658595,-0.1166751,-0.4341557,0.007707899,0.7823223,0.2821274,0.08167899,0.1956507,0.06208736,-0.1093374,-0.02502225,-0.2854676,-0.008283932,0.4514537,0.4229897,0.1563736,0.8864796,-0.002164365,-0.5034207,0.07499274,0.1135709,-0.3205018,0.03163781,0.4961724,-0.06143658
0.2448016,0.3599557,-2.345676,0.0232616,0.3646138,-0.4286235,-0.08805656,0.02131751,0.4414543,-0.005094836,-0.02928406,0.1808329,-0.04894238,-0.3707001,0.2462451,0.4434446,-0.06814355,-1.019169,-0.07677645,0.2080413,-0.0003183661,-0.4204381,0.1842495,-0.09557364,-0.2044484,-0.427132,0.350337,-0.1349477,-0.06862628,0.01205736
0.3159162,-0.1602183,0.6471914,0.000102752,-0.3482468,0.008518962,0.003830956,-0.03935746,0.01238548,-0.06876569,-0.04152064,-0.664797,-0.1935117,-0.2595772,0.1903023,0.00416345,-0.06917004,0.01649841,0.3321451,-0.1865662,0.2028228,0.4925915,-0.3218499,-0.05109808,-0.1229066,0.3381484,0.01367313,0.02915388,0.2349101,-0.2667994
0.6036525,0.055221,0.3265902,0.03340986,-0.1089321,0.4209919,-0.1044375,0.4297248,-0.6496966,-0.0464763,0.0002623407,0.6072606,0.0003215132,0.3078976,0.03008175,-0.07131244,0.3788582,-0.5299355,-0.3329822,-0.1581825,-0.3123329,-0.1380239,0.01716461,0.1498456,0.0003090551,0.434964,-0.3484643,0.5350395,-0.2318198,-0.01526594
0.1539141,-0.0665407,0.1766416,-0.05068538,0.2457879,-0.05476734,-0.06162076,-0.4814714,-0.1317885,-0.2237263,-0.273702,0.7108148,0.56892,-0.2118656,0.3558379,-0.4366843,0.07973339,0.008175328,0.003547835,0.1107576,-0.008792934,0.0242663,0.001462324,0.0006697073,0.4643692,0.2868352,0.3683056,0.09942478,0.7412476,0.1645849
0.2269958,-0.005346512,-0.2408404,-0.2653423,0.009409328,0.4215996,0.2734416,0.009423712,-0.1318795,-0.05859192,0.7014969,0.1909427,-0.3097438,-0.4133223,-0.1062121,-0.1036169,-0.01438874,-0.33474,0.4560973,0.01533124,0.3769298,-0.5841795,0.07408509,0.05588382,-0.003128469,0.1384188,0.2409416,-0.1096547,-0.03815939,0.0662486
-0.04658831,-0.05178418,0.2629601,0.009282716,0.001259767,-0.7684127,-1.989927E-05,-0.08018094,0.1105017,-0.08055601,-0.04690005,-0.02253903,0.3863698,0.03780318,-0.6134703,-0.00578722,-0.2042406,-0.0616483,-0.03004488,-0.3610377,0.09849824,-0.1981823,0.2015722,-0.0253709,0.3492682,-0.000603707,-0.0628441,0.2505085,-0.182959,0.1364025
0.559625,0.04187916,-0.3258137,-0.01620046,-0.04712957,0.4974619,-0.2397911,0.1251117,-0.08950964,-1.222598,0.1159153,-0.7783797,0.05486156,-0.02450585,-0.3092593,0.007201264,-0.129558,-0.2127771,-0.05485791,0.1516528,0.1664279,0.2996622,0.4101448,0.02344935,0.1254797,0.4341005,1.449112E-05,-0.0005426808,0.01211046,-0.0287291
0.3737502,-0.1495009,0.01689572,-0.9339853,-0.002398742,-0.04354174,0.02204448,-0.317312,0.5082115,-0.2914454,0.2857125,-0.01291562,-0.03937115,0.2401135,0.1237943,-0.218189,-0.08717912,-1.093275,-0.3781621,0.1127765,0.4513437,-0.03636839,0.1966195,0.005739514,-0.02398081,-0.03393329,-0.008652988,0.4514818,0.008454594,-0.01120387
-0.001773575,-0.09775984,0.01010409,0.1671914,-0.1108809,0.6630622,0.01808682,0.4849325,0.4036798,0.04002921,0.002471591,-0.15762,-0.5932746,0.3977536,-0.2159626,0.196852,0.1584279,0.0291667,0.08058956,0.1585255,-0.05589501,0.04506458,-0.01098852,-0.04486018,0.3729161,-0.2337293,-0.002146312,-0.09486505,0.2967902,0.1180161
0.1979577,-0.3216249,0.09441473,0.4348151,-0.2387273,0.2715557,-0.4718522,0.1667262,-0.4179108,-0.01452294,-0.01057335,-0.09705733,-0.005432543,0.828925,-0.09757438,-0.09519048,0.3006485,0.07083172,-0.4803982,-0.1567479,-0.08164807,-0.01725818,-0.06518304,0.1521184,-0.3263858,-0.06300396,0.01134627,0.3396227,-0.01657857,0.3475875
-0.3363622,-0.07193635,-0.8916414,-0.1136352,0.1759354,-0.4255309,0.2942394,-0.08140779,-0.00819456,0.001276789,0.007680301,0.247793,0.03860836,0.2081987,0.2448055,0.4791562,-0.4549994,0.3891203,0.02429304,-0.1474412,-0.02050741,0.02279797,-0.007008135,0.1450465,-0.1635613,0.3610344,1.05464,-0.0735564,0.1074718,-0.3256932
-0.08902937,0.1307872,-0.2092472,-0.1267425,0.003839419,0.3033326,-0.2649,-0.03741475,0.4556545,0.2647424,-0.09830825,-0.0008097598,0.2372757,-7.33302,0.1065485,0.893141,0.2252809,-0.09121867,-0.7209383,0.3025154,0.2658637,0.02680583,0.4999714,-0.01999468,0.2236878,0.01466719,0.01394419,-0.3644449,0.3120936,0.1059793
-5.488878,-0.1075297,1.047431,0.003736175,0.4094691,0.005353002,-0.003056231,-0.1197326,0.05353993,-0.2315992,-0.04689216,-0.1488418,0.01193059,-0.0426628,-0.002514724,-0.4924613,0.03335773,0.1451416,0.02449137,0.01024283,-0.02448467,0.4919801,-0.05262238,-0.00392431,0.0007601916,-0.09444806,0.003846453,0.1242359,-0.05487283,-0.5642182
-0.483569,0.07687774,0.5495818,0.06852868,0.02330205,0.2053134,0.09102684,-0.1348213,-0.2177362,-0.01818058,-0.1393716,-0.251543,-0.2232711,-0.2708025,0.02945549,0.01029131,0.002628482,0.1075828,0.5084296,0.09420738,-0.05764603,0.3859435,-0.1772113,-0.1910921,0.2393587,0.01972978,0.001098402,-0.0791174,0.2068882,0.2815188
-0.2141928,0.4000223,0.000983175,0.5270095,0.3054205,-0.09498352,0.02247797,0.3403245,-0.01659163,-0.09186614,0.3787103,-0.002717403,-0.8437469,-0.01690685,-0.7160038,0.3928329,-0.08050361,-0.2248953,-0.3825325,0.871263,0.4299192,0.1151377,0.4113156,-0.01091338,0.4421965,0.08034642,0.04621492,0.07875377,-1.187138,-0.2959282
-0.01787527,0.05907847,-0.02048217,0.03478668,-0.139829,-0.4864016,0.1772971,0.004052476,-0.1181391,-0.0702404,-0.2074792,0.05672697,0.06319442,0.5339734,-0.4650963,0.2127565,-0.3483714,0.8157974,-0.4587024,0.5907618,0.2858279,0.1301525,-0.08044778,-0.08121768,0.09891394,-0.4784073,0.02726599,-0.3910152,-0.01979386,0.3437263
;
-0.003900788,-0.327396,-0.2209337,0.2764225,-0.2540436,0.0690977,-0.5351825,-0.5623253,0.4640119,-0.4865037,0.09818357,-0.0223653,-0.1240088,0.8263813,-0.4710504,-0.4041092,0.452004,0.03157676,0.09331781,0.1043202,-0.003356418,0.3086296,0.09504997,-0.3566377,-0.07158079,-0.9630169,0.3344571,0.0968267,0.0300156,-0.05062149
-0.114276,0.3396634,-0.4705851,-0.215462,-0.4870751,0.02771976,-0.3769125,-0.02185323,0.1163481,0.2583492,0.2783977,0.3630557,-0.1399166,-0.3954515,0.3049989,0.004765195,-0.2466857,0.08130449,-0.4062597,0.1253938,0.2090279,-0.001180818,0.01394306,-0.4863617,0.2787916,-0.03656389,-0.1734561,-0.01794742,0.0492659,-0.09828389
0.1844562,0.2894027,0.2639931,-0.05523092,0.1546103,0.1319299,0.04109782,0.1414241,0.01104466,0.02606252,-0.1085427,-0.09606718,-0.2040969,0.1648706,1.321012,0.009314043,-0.08335918,-0.1617097,0.03993808,0.04962227,0.344784,-0.8748858,-0.440412,-0.007664502,-0.2510096,-0.2025454,-0.01096475,-0.2349326,-0.2223931,-0.2085167
;
