-0.2219035
0.05034584
-0.0837141
-0.4855996
0.4723047
-0.1286373
0.4560946
0.2959985
0.3446774
0.1592886
;
-0.2459465,-0.4394888,0.196599,0.01602,-0.08905393,0.1640591,0.4450126,0.4043015,0.2707806,-0.1139221
0.03602463,0.4812562,0.3936437,0.1873714,-0.1298125,0.005655706,-0.1485552,0.1000296,-0.469111,0.1982338
-0.1268085,0.2352943,-0.2173048,0.2304848,-0.4555269,-0.2156785,0.4712518,-0.1004366,-0.04844195,-0.03079051
-0.4027208,-0.07452542,-0.3218135,-0.4655355,-0.4749284,0.3971393,-0.4728361,-0.2505388,0.1095302,-0.3886925
0.193956,-0.4527218,-0.2281139,-0.09516498,-0.2430812,0.2667713,0.2571765,0.2888871,-0.03855437,-0.21841
-0.3512034,0.3307128,-0.3886691,-0.4992964,-0.4297307,-0.4635764,-0.1186314,-0.09694582,0.4270762,-0.2071646
-0.3555597,-0.05615133,-0.135735,0.2510411,-0.3241454,0.1612638,-0.4899031,0.07735091,0.1079332,0.1356184
-0.04997379,0.4408263,-0.1358796,0.09965509,-0.1009666,-0.413113,0.4025259,0.05782801,0.3821243,0.4720976
-0.3236195,-0.01499552,0.6370751,-0.08243078,-0.4769,-0.1435944,0.3246174,-0.3629781,0.365695,0.05184823
0.4018698,-0.2948055,-0.2878146,0.192103,-0.3268806,0.1444895,0.1421853,-0.3913194,-0.1467624,-0.3054359
;
-0.3313011,0.1934365,-0.09568673,0.15433,-0.3161094,0.1769919,-0.362506,0.446926,0.22066,0.09950608
-0.211963,-0.001646459,-0.465212,-0.0008146167,-0.4168934,0.2845838,-0.1213891,-0.2035198,0.4895332,0.09554356
;
0.0007427959
-0.8620468
0.008404872
0.3310285
0.4085623
0.2197387
-0.2932525
0.01230914
0.338402
-0.1778901
;
-0.04375806,0.3186381,0.09673262,0.05236644,0.3383637,0.3086035,0.00195448,0.4448982,-0.003850272,0.6790897
-0.1917623,-0.302974,0.4525077,-0.9405864,-0.02306096,0.2008967,0.5063318,0.04000208,0.4503678,0.05862201
0.3163904,0.1052867,-0.7332411,0.190242,0.007387091,0.326595,-0.02287544,1.948716,0.4389458,-0.3104573
0.4764222,0.2442284,0.01850155,0.637771,0.04880977,0.08094605,0.1195677,-0.001535951,0.0375929,0.01021047
-0.1426747,0.01162756,-0.1962837,0.3639629,0.09322182,0.08839726,0.336002,0.4641129,0.3215903,-0.0693262
-0.1981618,-0.2666635,0.2553772,0.1466185,-0.0008852804,0.001115262,-0.001485815,0.007915275,-0.2018695,0.3819681
-0.3983799,-0.1287423,-0.3901628,0.08315551,-0.03039481,0.4705416,0.02560654,1.798624,0.1738477,0.1331901
-0.4156675,0.1223066,-0.2523339,-0.3721799,4.754299,-0.05586754,-0.02822837,0.05754039,-0.1374654,0.05939761
0.264434,-0.3622918,0.591924,0.1420165,-0.004009933,-0.06016063,0.1616827,0.1966827,0.1318386,0.490219
0.1925123,0.4015042,0.1416625,-0.224409,-0.103029,-0.6049282,-1.210066E-05,0.3303998,0.5676247,-0.006157327
;
0.1776148,-0.151809,0.3047771,-0.276699,-0.2187155,-0.2638456,0.3128575,0.01918398,0.3670231,0.5039471
-0.09846033,0.04154576,-0.2777843,-0.6311241,0.02072333,0.1984016,0.4117454,-0.03610283,-0.780427,-0.214955
;
0.2855482
0.4311025
0.3462624
0.3428618
0.1403813
-0.1830905
0.4108183
-0.2699187
-0.6731198
0.3730187
;
-0.4897238,0.3077011,0.889052,-0.09207942,-0.1970132,0.7155648,0.03563534,0.02197735,0.002401726,-0.2549629
-0.3263131,-0.4172821,-0.3437411,0.07279497,0.2947258,-0.003640907,0.3228859,-0.04614057,0.09264599,-0.001449337
0.02420729,0.3840728,-0.009837026,0.06073227,-0.06631466,-0.5983362,-3.445229E-07,-0.1422613,0.2987595,-0.02878576
-0.2605937,1.061651,2.20674E-05,0.1889242,-0.2262783,-0.001465413,-0.013529,-0.5087816,0.06843142,-0.06961364
0.04114554,-0.205909,-0.3857718,0.08479589,0.5495452,-0.03242264,-0.0003264666,0.02749723,-0.2811691,-0.05376014
0.0402342,0.1192201,-0.01918608,-0.09884918,0.1232554,-0.03333608,-0.147225,-0.02971584,0.06990242,0.1584079
0.3371022,-0.468877,0.2226438,-0.1302985,7.78706E-05,-0.08042089,-0.8111785,0.2122963,-0.04492432,0.02337002
-0.1559538,0.06452411,0.4386392,-0.003040767,-0.0003425617,0.2672063,-0.1422115,-0.03916143,-0.001391285,-0.04748313
-0.3870343,0.01192314,0.1065592,-0.5586273,0.06446056,0.1656812,0.02258062,-0.1866553,-0.02328044,-0.4076842
0.4874602,-0.01588732,0.06061572,-0.1756712,-0.6364282,0.06331941,-0.3566281,-0.3851291,-0.4768755,1.302295
;
-0.7147443,-0.2095597,-0.02447431,0.005916803,0.1170698,0.1867567,-0.3618696,0.009322702,-0.2903939,-0.1792406
-3.515719E-07,-0.4446709,0.2611739,-0.0966767,-0.08694881,-0.1667239,-0.0003628833,-0.1164289,0.2936365,0.4201953
;
-0.003410074
-0.3007854
-0.2150361
0.00136963
0.06851218
0.3215331
-0.03940091
0.06330627
0.00176665
0.1697407
;
-0.1179323,-0.4107238,0.5482664,0.46316,0.5851324,-0.002744681,-0.02537795,0.01119362,-0.472182,-0.2656332
0.4511701,0.3916447,-0.004692455,-0.003871824,-0.02475345,-0.06457128,-0.1482638,-0.4969767,0.05321479,-0.04085812
-0.3614043,0.01494721,0.6492354,0.4525329,-0.4114959,-0.03249482,-0.121606,-0.2740053,0.1375856,0.4622555
-0.1910393,0.1074165,-0.542235,-0.430583,-0.0006972251,-0.01523332,0.1823252,-0.02567057,0.0199675,-0.1877746
-0.003621946,-0.4767704,-0.2080211,0.03306299,0.06927663,-0.3445143,-0.0130318,0.2901663,1.770914,0.2638798
0.2622837,-0.1367195,0.1506824,0.07398531,0.4377024,0.2580044,-0.305647,-0.2441762,0.001056304,-0.4752903
-0.06556784,-0.02401257,0.06747323,-0.01581893,-0.6570521,-0.3498369,0.08680766,-0.6082727,-0.3424068,-0.3277111
-1.835479,0.371111,-0.09625365,-0.5348833,0.2278031,-0.4665283,-0.1204291,0.02878278,-0.06703824,0.3734282
-0.06787779,-0.1171236,0.002190393,0.01111634,-0.02704908,0.4505795,0.1875883,0.1262393,0.1823413,-0.002013812
0.2503943,0.1924061,-0.04673784,0.3402311,0.3719406,-0.9283298,0.3505591,0.1750138,-0.239974,0.01072918
;
-0.5766302,-0.1376015,-0.4813408,0.04917739,0.3038563,0.1151913,-0.7275169,-0.244895,-0.004319804,-0.1389718
-0.09899565,0.006603137,0.4686429,-0.1003516,0.4164984,-0.2125975,0.01944684,-0.03750493,0.0152225,0.07353316
0.2389366,0.1291125,-0.08695556,0.1064948,0.0001483511,0.09951064,0.3857116,0.4263933,-0.3413125,0.4325818
;
0.01440302
0.2285819
0.6716121
-0.08252567
0.01121563
-0.003565119
-0.174274
-0.06710809
-0.3135774
-0.06067497
-0.1608197
-0.3228893
0.4407619
-0.4793591
0.1861918
0.009551139
-0.1113483
0.1090718
0.04260439
-0.07640763
0.2924876
0.07944983
0.498314
0.223561
0.02843222
-0.3372146
-0.127748
-0.2025042
0.06519838
-0.9779321
;
0.09544277,-0.02629316,-0.402375,0.8368421,-0.02673033,0.5051389,0.01135583,0.4923908,0.1748033,0.3048087,0.1470926,-0.4337075,-0.2854539,0.01752183,-0.5801913,0.05484459,-0.3902856,0.2662802,0.07054096,-0.4561594,-0.08211972,-0.007431522,-1.019151,0.04285163,1.460483,0.1080823,0.06904203,-0.4658153,-0.2808353,-0.4153177
0.1226708,-0.2020034,0.772119,0.2266442,-0.3758196,-0.3088751,-0.2056041,0.2037152,0.4077988,0.424435,0.02810464,0.1478973,0.1997949,0.4842006,0.3924285,0.1479521,0.286759,0.1344887,0.0163975,-0.1715921,-0.05212172,-0.01515298,-0.3404557,-0.08525556,0.4607038,-0.09039786,0.05839683,0.3406144,0.02243885,-0.03195546
-0.3107476,-0.1682068,0.5617103,-0.09579895,-0.03042069,-0.4915048,0.3142369,0.00543311,-0.4715297,0.04888179,0.5012718,-0.4100169,-5.30727E-05,0.4358961,-0.730122,-0.4415532,-0.3884356,-0.07336655,-0.3495256,-0.7341537,-0.003608525,0.415095,0.05577073,-0.4741237,-0.3960955,0.4428928,-0.3539495,-0.4006435,0.3784637,-0.001787186
0.01492837,-0.006232639,0.002530762,-0.2489155,-0.01510719,0.6172125,-0.07590991,0.3252782,0.2184822,0.001298471,0.4362919,-0.3061507,-0.3762101,0.01059171,-0.005999705,0.3219572,0.02083679,0.1208021,0.1959829,0.2512025,0.8646041,-0.06942831,0.4446263,0.2863847,0.9984608,-0.1330766,-0.4526241,0.1224887,-0.2328201,0.4577053
-0.5030048,-0.4619662,0.1377705,-0.4343331,0.2471477,-0.3865622,0.2963418,0.2434261,-3.841672,0.3259457,0.2325389,0.02528816,0.1077851,-0.1457263,-0.3881757,0.03555758,-0.1074683,0.07033729,0.3073453,0.05710086,-0.4415016,-0.9046456,-0.3748395,0.2887795,0.1972663,0.05837938,0.01062481,-0.04097332,0.04403605,-0.01667332
-0.09010922,0.005965574,-0.1316369,0.1671966,-0.01523244,0.09817477,0.05444205,0.2988844,0.1081626,0.05157596,-0.6362342,-0.4329969,-0.09265257,0.3441168,0.4950156,-0.02816945,0.05697616,-0.05556267,-0.169943,-0.2574033,0.02258441,-0.4512372,0.4517729,-0.2090526,-0.003572604,-0.1189149,-0.03417064,-0.1654132,-0.2651118,0.05105559
0.002232772,-0.5283881,0.1512333,-0.1559194,-0.1835391,0.8726985,-0.1712207,-0.04405978,0.01018487,-0.3912956,0.3612982,-0.2548524,0.678615,-0.1257526,0.2435907,-0.1280286,0.3218561,0.09650522,0.2138641,-0.2806323,0.02274664,-0.0433286,-0.07539517,-0.4761927,0.42105,0.02705742,0.1496996,-0.00564152,0.1156798,0.2879857
-0.1510159,-0.004285126,-0.1226651,0.2829964,0.365021,-0.1208625,0.2689216,-0.4328485,0.04929632,0.1244381,0.06647609,0.1575627,-0.1471533,-0.006573683,-0.9654445,0.4308546,-0.1045524,-0.2473065,-0.7585974,-0.002633686,-0.0117902,-0.07267326,0.08214171,0.03041869,-0.002844553,-0.002070721,-0.1579311,0.04801936,0.1998943,-0.02649547
-0.1692581,0.06679162,0.05530477,0.0004282358,0.003476259,-0.1263167,-0.01812661,0.4406705,0.2343426,0.4023367,0.4105938,0.7285225,-0.2624501,-0.2485902,0.03184874,-0.399307,0.003907875,0.4725715,-0.02323258,-0.1121174,0.8707029,0.00221153,0.0122288,-0.08283775,0.5242313,0.03768943,0.4685526,0.004664555,0.7469777,0.2553715
0.04168628,0.3102142,-0.2391902,-0.5061209,-0.7249316,-0.2899964,-0.1103759,0.2090469,0.4534986,-0.02848142,-0.08429831,0.08725598,-0.02488822,0.3826718,-0.3193117,-0.4524494,0.06702513,-0.09237629,0.07765009,0.3208847,-0.00703019,0.4373946,-0.5505603,0.1409002,0.04285691,0.01235191,0.01474255,0.5572588,-2.489213,-0.1383129
-0.02041,-0.660198,-0.1900935,-0.1541341,0.1262306,-1.330198,0.009075419,0.1955465,0.01169628,0.02954429,0.2760448,0.2240611,-0.1247882,0.07738875,-0.3910599,0.006011474,-0.2770072,0.1240827,0.313898,0.0049998,0.3139066,-0.5252553,0.4458498,-0.01166899,0.117753,0.02402988,-0.0446393,0.09904385,-0.5989466,-0.001514535
0.4991669,0.08892389,0.3793256,0.1674998,0.1612167,-0.002448607,-0.6554705,0.02825492,0.2714587,0.06746914,-0.3220472,0.06645875,-0.008991539,-0.01487465,-0.09390491,0.05953836,-0.1041438,-0.4399141,0.9956775,-0.2726272,-0.1958029,0.3266466,0.00307175,-0.1508477,0.277043,0.4566988,-0.3169764,-0.1936513,-0.01105028,0.03065725
0.3276541,-0.00532037,0.464486,-0.3278157,0.247172,-0.2276009,-0.005053561,-0.2012053,0.3031497,-0.3599921,0.0008838628,-0.0127469,-0.1622483,4.932271E-05,0.4055912,-0.1638154,0.06021822,0.1186334,-0.4226967,-0.01051766,-0.452547,-0.07193656,0.0109145,0.3431481,0.001987902,-0.0006748938,0.5522236,0.4167895,-0.2193771,-0.194917
0.1446075,0.03696471,0.07758815,-0.03549408,0.07949664,-0.2016408,-0.05038732,-0.7326007,0.06953734,-0.3271019,0.009652915,0.0715303,0.007738564,0.9546628,0.04092606,0.02815692,-1.148595,0.3792384,0.2330447,-0.02972712,-0.004829069,-0.1359435,-0.2423452,0.3914653,-0.1249847,-0.1159715,0.05256575,0.4825277,-0.2194507,-0.04815501
0.1211668,0.03134814,0.7840192,-0.06843822,0.06510307,-0.01477578,0.05326074,0.2775323,0.3724754,-0.3744419,-0.447937,0.4741935,0.08461732,0.1680144,0.1622055,0.1030155,0.7179756,-0.006575787,0.339143,0.3159547,0.005648281,0.05027765,0.03505748,0.008866092,1.102892,0.04090211,-0.04985255,-0.02908736,-0.1306197,0.1377514
-0.06995161,1.377078E-05,0.01888692,-0.1110077,0.1180742,0.4112119,0.01610847,-0.03313283,-0.04014686,0.2719752,-0.02897432,0.3927311,0.03995902,4.700126E-05,0.09549652,-0.004055339,-0.02097622,0.06362051,-0.4912055,-0.005548894,-0.03796822,-0.07227466,0.07268637,0.09257585,-1.776668,1.614617,8.150329E-07,-0.01035297,0.1163034,0.05534917
-0.1633999,-0.6046927,0.5225158,0.149361,0.06056422,0.07703114,-0.4887441,-0.03854633,-0.460392,0.00422515,0.04847572,0.003536645,0.0002706184,-0.9942369,0.2921596,-0.5810136,-0.36262,0.1876836,-0.07939869,0.2352584,0.0004714409,-0.5345952,-0.3067337,0.114785,-0.2729083,-0.2967463,0.1468698,-0.429655,-0.514071,-0.07131805
-0.05085651,-1.380282E-06,-0.08638227,-0.2336515,-0.5123728,-0.08366474,0.008550739,0.3266382,0.0205442,-0.1344514,-0.3221508,-0.3793684,-0.002453524,0.04369849,-0.2536165,0.01267903,0.1074037,-0.01906412,-0.3280022,-0.09730435,0.001838487,0.0009257256,-0.08093646,0.3739604,-0.491698,4.558852,-0.4391454,-0.0003138129,-0.04330813,0.05994941
-0.2961808,0.4098419,-0.1160936,0.3868002,0.302812,0.7271956,-0.8563093,-0.002766094,0.3577535,0.5752914,-0.05905176,0.4041193,-0.1649572,-0.005157009,-0.5083392,0.3596375,0.3314474,-0.006927508,0.01879905,0.8645055,0.1959115,-0.0004346865,-0.3727732,0.4948796,-0.06576794,0.4247262,-0.02677885,-0.222413,-0.2469429,0.1727662
0.06399471,-0.8787662,0.8038867,-0.2003028,-1.12534,-0.9178144,-0.03524872,-0.1703199,-0.4329394,0.09379655,-0.1633626,-0.3062427,-0.1887334,0.02143611,-0.008724024,0.8201442,-0.4096755,-0.1246788,0.4165598,0.0002777656,-2.777967,0.4130873,-0.06414054,-0.3230351,0.3836368,1.195822,0.7670436,-0.03613235,0.1720659,0.1340173
0.3481004,0.2247703,0.01079783,-0.1239623,-0.05430928,0.8430075,0.1418122,0.0584831,-0.4143722,-0.1333162,0.2610479,-0.0257954,0.4803785,-0.1398769,0.7574119,0.1191972,-0.1439359,0.6780831,0.04638128,0.0178762,0.4117349,-0.2748259,-0.6425318,-0.4594364,-0.03981113,0.06852376,0.002766103,0.4166859,0.341592,-0.4390845
-0.02881351,0.164618,0.1451968,-0.3686796,-0.01515311,-0.1174637,-0.9572509,0.01475284,-0.2375782,-0.8761092,-0.06433719,-0.02870563,0.006855618,-0.004808724,0.008671115,0.00158418,-0.4162198,-0.1621962,-0.3922329,-0.8167731,0.2182474,0.1214526,-0.03408557,0.2186407,-0.01007198,-0.1002113,0.07012115,0.2058852,0.02466768,0.4020554
-0.03887233,-0.2983522,0.08810915,0.01705117,-0.2317378,0.0970166,0.02951765,-0.103142,-0.03888796,-0.06237274,0.003484572,0.3452979,1.590368,-0.01960443,-0.1023674,-0.1627861,0.2148766,-0.2914505,0.3233026,0.1168986,-0.005263507,-0.5161313,0.3099492,0.0557904,0.01729826,0.4569317,0.2006694,0.2560647,0.0003209687,-0.03702635
0.06611329,0.1380118,0.3139821,-0.2051832,-0.1613243,-0.1350121,0.1820355,0.006368954,-0.09442583,-0.1678062,-0.05472189,-0.4048406,0.003436681,-0.2550768,0.05857864,-0.05139142,0.3420386,-0.0002482561,-0.2440439,0.04759718,-0.1172155,-0.4016303,0.2572567,-0.02053851,0.1777025,0.4913187,0.3660364,-0.2137759,0.07775087,0.3295553
0.4372282,0.01709749,-0.03319203,0.195786,0.1268014,0.488332,0.2619697,-0.0004159156,0.0005813241,0.7114614,-0.008480525,0.1229536,0.08543921,-0.0003936647,0.09268929,0.1807276,-0.07652663,0.1076548,0.2605298,0.1268502,-0.2263548,0.1592405,-0.466836,0.17663,-0.2516127,1.656669,0.04222113,-0.02346477,0.008529455,-0.1267133
0.2016312,-0.007910356,0.1794987,-0.153647,0.03604556,-0.7157884,-0.1131967,-0.09048229,-0.2909912,0.3858705,0.3260671,-0.2634691,-0.09142916,0.4110709,-0.001157701,-0.2981368,3.452617,0.3014147,0.007670976,-0.4724144,-0.006362082,0.02632222,-0.3560436,-0.4284326,-0.08637315,0.318826,-0.3620285,0.00302216,-0.002195851,-1.265739
-0.54014,0.05173498,0.1150362,-0.9704618,0.1340293,-0.3064649,0.3861617,0.001120101,-0.2698339,-0.4049851,0.1750502,0.3342707,0.2118139,-0.04473081,0.2785757,-0.06614572,0.2398085,0.2111048,0.2933189,-0.4346398,-0.07890838,0.2617287,0.1534466,0.470425,-0.08029789,-0.3992001,0.2374243,0.2381915,-0.2516334,0.1852939
0.2614856,0.1603614,1.10289,-0.04673117,0.2754855,0.2357079,-0.2582556,0.2106507,0.2810841,-0.02523082,-0.05600133,-0.4958768,0.3923827,-0.4709461,0.03750306,0.004360795,0.5598277,0.001394224,0.3687607,0.01035178,-0.01746818,-0.370212,0.5281923,0.9907209,-0.1302838,-0.06398484,-0.8406063,0.1526574,0.4278535,-0.003362973
-0.04595424,-0.006139099,0.1550784,0.3560554,0.3111826,0.1698601,0.116075,-0.220146,-0.04986865,0.01748586,-0.267947,0.4588293,-0.4235007,0.2386501,-0.04889415,0.3854498,-0.246868,0.08486774,0.1167368,0.003431823,-0.01688945,0.6512182,-0.006836398,0.03146935,-0.2704369,-0.04765128,-0.2281438,0.02066899,0.09725701,-0.004109784
0.4599327,-0.001009524,0.008285103,-0.486343,-0.3888921,-0.019134,-0.4405125,0.05611575,0.2355499,0.06340946,-0.01060095,-0.5012474,0.5065813,-0.1422326,-0.2244131,-0.01259201,-0.02114326,0.208573,-0.1649211,-0.005770934,0.4606864,-0.1783649,0.2361966,-0.49074,-0.02354737,-0.00975647,-0.03446037,-0.008759069,0.5963563,-0.3339171
;
-0.5920615,0.03957432,-0.4574533,0.4939309,-0.0454029,-0.3718376,-1.458607,-0.003122151,-0.4627186,0.3691353,-0.1015057,-0.01662356,0.004574025,-0.3220414,0.6608129,-0.0176515,0.03174561,-0.1085214,-0.01410419,0.05189568,-0.008369686,0.370684,0.4739347,0.0001149058,-0.06912901,-0.110862,0.04450875,-0.4747834,0.2048487,-0.0693147
0.06655142,-0.0509227,-0.4916744,0.1709253,-0.1984417,0.4558288,0.1496268,0.0130405,0.7538328,-0.09869476,0.03185946,0.0446602,0.001235256,0.4654497,0.02497894,0.2642351,-0.2465668,-0.1339255,-0.5020138,0.3930072,-0.3760469,0.01132881,-0.026796,-0.04023311,0.1612086,-0.00447287,-0.01072929,0.2396424,-0.1182566,0.4381342
-0.03334476,0.3108968,-0.3646362,-0.2161866,-0.281837,0.04024684,0.1031518,0.0163779,-0.1731379,0.2949039,-0.1049862,-0.001387739,0.2488248,0.4459647,-0.0077914,0.4499536,0.01166041,-0.05368561,0.06043093,0.1601324,-0.2409636,-0.00748632,0.3980316,-0.02236675,-0.04150695,-0.01297177,0.08462466,-0.453216,0.04523331,0.340161
;
-0.1730922
-0.1116978
0.1005518
-0.03273672
0.0005385246
0.5466768
0.2140168
-0.4673157
0.5080869
0.1184928
-0.1351114
-0.6265441
3.875527
-0.006362365
-0.3803271
-0.04683903
0.3550536
-0.3787487
-0.1313215
0.165928
-0.3320268
-0.2185885
0.2152557
0.00216112
0.4798571
0.2877771
-0.3984932
-0.4144156
0.6794013
0.3678164
;
0.04316165,-0.3675481,-0.2201737,-0.0008943523,-0.2954191,0.04872209,-0.9465703,-1.527108,-0.4236702,0.1253475,0.04720157,-0.2574323,-0.0008683835,0.261299,0.1079046,-0.01896909,0.0483212,0.04438229,0.1265034,-0.2169359,0.2114817,-0.2627046,0.175287,0.4415739,-0.09544817,-0.08842653,-0.4653175,0.1640854,0.06864989,0.04724888
0.01525411,-0.03935245,-0.08304423,-0.169733,-0.4271235,-0.2205101,-0.01480269,0.03845703,-0.2145302,0.4814816,0.01269277,0.2173209,0.683828,-0.1725731,0.05852014,-0.2765995,0.1164682,0.2915363,-0.009356439,0.02405576,0.03580439,-0.4285177,0.2080414,-0.05983395,0.3648134,-0.3303273,-0.04201151,-0.09357562,0.1779268,-0.005820292
0.07957138,0.006586346,0.02191368,0.07179021,-0.04536833,0.02065279,0.07123302,0.6974201,0.3531692,-0.2046914,0.0001174132,-0.02757472,0.2570995,0.3554038,0.2662359,-0.4821587,-0.05972759,0.002009331,-0.3187685,0.07427283,-1.060665,-0.0001777388,0.1653263,-0.05319631,0.05716608,0.08294667,-0.4723958,-0.1752187,-0.02122393,-0.527538
-0.3991651,0.02697532,0.06425511,0.2206297,0.0116021,0.002371725,0.4500551,0.6740866,0.4136382,-0.3321329,-0.01186675,0.3349466,0.4360546,-0.4741787,0.002888677,0.0122842,-0.4731679,0.1066823,-0.3820992,0.3326781,-0.8960634,-0.9042045,-0.01745677,0.3617139,0.1258369,-0.5982495,0.09193128,0.02218571,0.02530558,-0.3914105
-0.1570945,0.395124,0.2320983,-0.4158145,0.3368472,0.006680029,-0.1644792,-0.001172156,-0.05522676,-0.3002808,-0.3635284,0.2252265,-0.03929895,0.005275945,-0.3308201,0.06018167,1.230894,0.1949142,-0.4722416,-0.2499422,-0.2950407,-0.3638451,-0.002975421,0.05956873,-0.147009,-0.9596972,0.04138374,-0.372565,-0.1826581,0.02052257
0.4189997,0.03548127,-0.002836163,-0.1037975,-2.346198,0.2814243,0.2400965,0.199807,0.8123255,0.02002848,-0.5588817,0.3042706,-0.2126542,-0.0004651113,0.9462324,0.107019,-0.01051499,0.427158,0.2798221,0.1192407,-0.1788319,0.3182642,-0.0351739,-0.03134205,0.1315927,-0.3999858,0.4925402,-0.2444091,-0.1047056,-0.05425075
0.1199531,-0.3380383,0.7248018,-0.02353727,-0.02121186,-0.08416814,-0.2646956,0.02446383,0.8227565,-0.5310665,-0.08889516,-1.304755,-0.1352238,0.9582894,0.03066685,-0.3175176,-0.3598123,0.01091136,0.9228409,0.09077355,0.07497983,0.3873962,0.01198238,0.02026576,-1.010695,0.5570498,0.3618752,0.08647209,0.07463986,0.1215687
0.09683369,0.002836651,1.076532,0.3560607,-0.1766659,-1.035322,0.1353039,0.02647478,0.3216158,-0.1018991,-0.2247728,0.3587434,-0.1018695,0.1342937,0.07870426,0.02910477,0.004954626,-0.3153863,0.1673312,0.4982586,-0.2739365,-0.2445446,-0.1707092,-0.01508431,-0.3153957,0.06650382,-0.01667517,-0.1913272,-0.01277489,-0.08395834
0.04576295,0.5872383,0.373369,-0.1696243,0.2399971,-0.2438557,0.6244503,0.2922891,0.3457654,-0.006804508,0.1508915,0.2280011,0.3900538,-0.1460577,0.03050066,0.1361215,-0.08237659,-0.476723,-0.2837586,0.1517775,-0.5326127,0.1162851,-0.1875245,-0.2319906,0.2132175,0.1172345,0.01654547,0.00876574,0.06733168,0.25238
-0.0803021,0.003119353,0.2569252,0.1036961,0.3760554,0.6143512,-0.01581051,-0.4539924,0.3278375,0.3671555,-0.05669039,-0.02115992,-0.3435318,-0.09900898,-0.08663872,0.005720807,0.1165077,-0.774677,-0.3617714,-0.09300666,1.384755,-0.7961941,-0.4076972,-0.1632839,0.1451194,-0.2027125,0.2045313,-0.2728938,-0.1543767,0.2051099
-0.2010215,0.1601761,0.4697676,0.06609469,0.002784398,-0.005070865,0.6708224,-0.03765029,0.3839862,-0.2144246,0.7368461,-0.0503352,-0.1486907,0.3921885,0.1195242,0.4916928,0.005446498,0.04195232,-0.2312587,-0.04574977,0.2047509,-0.2469937,-0.7906134,-0.1820956,0.2706857,-0.3703905,-0.2290663,0.4311281,0.4410098,0.03855535
-0.03866929,0.09802995,-0.3709094,0.1116078,0.08704021,-0.2813705,0.2581141,0.4828864,-0.1878083,-0.147599,-0.4738247,0.002579314,-0.2976888,-0.3341311,0.3837723,0.3049701,-0.3607132,0.5895558,-0.001089519,0.3651152,-0.07391442,-0.1106487,-0.09338377,-0.006751075,0.09820617,-0.005150646,-0.3167505,-7.989872E-06,-0.3025463,0.0007225805
-0.3847479,-0.372248,0.1597161,-0.4962614,0.2527799,0.3939058,0.2120538,-0.1004319,-0.5835924,0.128439,-0.009410163,-0.2907729,-0.1478041,-0.3698102,-0.08495849,0.7111311,0.3176416,-0.001294398,-0.03239458,1.360806,0.07351748,0.2271738,0.04205983,-0.2665446,-0.2907335,0.02415214,-0.02210063,0.5336136,0.2703578,-0.3520536
0.3048524,-0.6377907,-0.1332881,-0.1425439,-0.2226907,-0.2614481,0.30209,0.2151738,-0.01921149,0.3349475,-0.1737364,-0.8478207,0.1078997,-0.2318671,0.000225454,-0.07137853,-0.00487242,-0.06039548,0.3216624,0.2399517,0.242264,-0.05374501,0.01475749,-0.262629,0.3815943,0.1135709,0.172265,0.0682326,-0.002022698,0.112435
0.2448016,-0.1209105,0.5461988,0.02464095,0.3845105,-0.4031041,0.1066644,0.02131751,0.3206238,-0.02793172,-0.002565559,0.04837455,-0.02416676,-0.4986166,0.3464727,-0.01592288,-0.02999384,-0.4867647,0.3938234,3.521651E-06,0.1169707,-0.07648346,-0.1800975,-0.1151566,-0.2870314,0.1130869,0.03236356,0.06733008,0.04140502,-0.01711604
0.001482658,-0.7051936,0.1122981,0.008019788,-0.3909988,0.01585072,-0.01476103,-0.1796247,-0.7198833,-0.02263563,-0.1558179,0.7162825,0.4056305,0.009643272,0.3238791,0.007624124,-0.03936582,0.4847506,0.01070054,0.111757,-0.03114094,0.4925915,0.005368343,0.08381466,0.2321758,-0.8562216,-0.01941747,-0.8050799,0.1009586,-0.09688934
-0.1392728,0.1339306,-0.01009221,0.05123345,-0.113717,-0.2794559,-0.04231311,-0.4297248,-0.5490755,0.1185488,0.0002623407,0.03056996,-0.0004438424,0.1775626,0.4778489,-0.1562169,-0.2464938,-0.3044538,0.3329822,0.3076147,-0.09510695,0.0003927984,-0.06591523,-0.3793755,0.00021409,1.587481,-0.009982669,0.4100437,0.003260171,0.3237317
-0.182595,-0.009730955,-0.4349097,-0.5359284,-0.1426778,0.1674079,0.3288199,0.4814714,0.02154959,0.1573598,-0.273702,-0.4520147,-0.1484072,-0.007315096,-0.1553598,0.1461587,-0.06344239,-0.05332328,0.2313005,-0.2074044,-0.03461315,0.0242663,-0.004877691,-0.0007717719,-0.07786874,-0.1192097,0.1064009,0.09010707,0.7412476,0.08350509
-0.4286731,0.3751992,-0.1664632,-0.08734524,0.129176,0.05250772,0.3395089,-0.009423712,0.07789658,0.1964785,0.220119,-0.5867323,-0.1820316,0.2405424,0.1515231,-0.156007,0.4813886,-0.4278165,-0.4942309,0.5875622,0.2750144,0.2903535,-0.04796976,0.163587,-0.02223048,-0.4992175,-0.04557699,-0.1096547,-0.3388622,0.02348866
-0.04674136,-0.09361898,0.2663733,0.02006729,-0.06146082,-0.3246982,-0.0006451015,0.04980512,-0.1082692,0.08145441,0.1608667,0.009365048,0.3863698,0.000919834,0.0240594,-0.01871039,1.956072,-0.05341839,-0.06121334,0.2798208,-0.7574946,0.09725619,0.4476659,0.02409236,-0.1221028,0.02329509,-0.2934754,-0.4578198,0.003375536,-0.6633604
-0.008597014,-0.1810099,-0.2384017,-0.2361104,-0.04712957,0.06875876,0.1441115,0.1206036,-0.2011105,-0.8906063,0.1159153,-0.4608809,-0.05486156,-0.02088352,0.2446078,0.3034299,0.0430261,-0.3096074,0.4202616,0.3205733,0.2732185,1.40358,-0.2465711,-0.2187212,0.1378147,-0.1297214,0.0007180508,-0.08578855,-0.01013751,-0.04602744
0.2454632,0.5267884,0.1255652,-0.3401146,-0.002398742,-0.04354174,0.02300393,0.06549138,-0.03072459,0.2081355,0.4635483,0.001007598,0.2188729,-0.3228891,-0.1435543,0.3380351,-0.7380885,0.01352451,-0.4164636,0.1127765,0.4087243,-0.4144144,-0.5331157,-0.1502931,-0.04117817,-0.1536906,-0.02787359,-0.6523937,-0.05491859,0.1468263
0.1813378,-0.0708892,0.02874953,-0.01231438,0.1307375,0.1024023,0.2606391,-0.3009354,-0.007501022,-0.74618,0.003195236,0.4132529,-0.3881003,-0.7480493,-0.0009877057,0.2098237,0.1584279,-0.005544841,-0.137926,-0.2731286,0.7366708,-0.3620601,-0.0195821,-0.09064069,-0.3729161,0.002156844,0.007172464,0.1393701,0.008259462,-0.1319008
-0.01606852,-0.3168408,0.08043173,-0.4348151,-0.1211956,0.3142105,0.2910969,0.04326278,-0.05298108,-0.103904,0.008725123,-0.09705733,0.01797521,-0.3637375,0.1948238,0.169156,-0.3168368,0.0007954728,0.4459614,-0.03989819,-0.08164807,-0.03240462,0.2291535,-0.1461182,-0.488174,-0.1133888,0.2121198,0.08035291,-0.2377423,-0.4041641
-0.2721566,-0.2948547,0.6702923,-0.1085434,0.04735124,0.014213,-0.2632577,0.4131805,0.1105221,0.0003024429,0.1156843,-0.8077646,-0.2576394,-0.2081987,0.2462611,-0.2370465,-0.2886124,-0.3891203,0.1399206,0.7301341,-0.03608358,0.2632058,-0.02499383,-0.4011231,0.0007752801,0.5662706,-0.7225188,-0.06062699,-0.06467895,-0.1750917
-0.214685,-0.03888015,-0.4238227,0.1434449,-0.001853609,0.007740819,0.3106529,-0.03741475,0.1012107,-0.1284507,0.1807164,1.328416,-0.1781383,4.744483,-0.1888331,0.4904763,-0.0005363783,-0.01021902,0.1164332,-0.0004067936,0.2949675,-0.04847721,-0.4995593,-0.4689164,0.006133235,0.01466719,-0.01722645,0.684013,0.02818471,0.1059793
0.002750243,-0.3329266,0.746817,-0.001621829,-0.1255306,-0.02143321,-0.3292712,-0.2421466,0.1805799,-0.1580183,-0.2211364,-0.3313827,0.09935042,-0.2291806,0.001569435,0.4853966,0.5544177,0.1775323,-0.06198126,0.05337209,0.4540587,0.3566196,0.2711356,0.3870326,0.1425335,0.1806592,0.008449,0.006732276,-0.1352745,0.1418149
-0.05822569,-0.0714675,0.5495818,-0.2771577,0.04961203,-0.2936062,0.499629,-0.6555007,0.143585,-0.1748924,0.1372816,0.1679737,0.3601028,0.2123594,1.315044,-0.07861754,-0.02598763,0.04840879,-0.4693961,0.3828047,-0.05279011,-0.1466115,0.03368833,-0.009564211,-0.8181579,-0.01000669,0.003787473,0.04149801,-1.860627,-0.5364538
-0.1123236,-0.001409451,-0.06551898,0.06131143,0.2994822,0.0384207,0.04260473,-0.02198492,0.01659163,-0.2432791,-0.08562238,-0.1209722,0.5856985,-0.008290892,-0.7160038,-0.08538999,-0.139634,0.2536242,-0.03770179,0.05932289,-0.01587445,0.139965,-0.03161384,-0.06008488,0.4729452,0.1480513,-0.3386304,-0.001909856,-0.5981979,0.4064023
0.0763538,-0.4455028,1.020615,-0.09649619,0.2882899,-0.4488276,-0.2369129,-0.283169,-0.1242718,-0.1706618,-0.4923053,0.03444728,0.2873183,-0.3267093,0.2415855,0.2541891,0.03611261,-0.3968943,0.9844848,0.4894464,-0.07430138,-0.3583456,0.104293,0.1461029,1.411723,0.01775887,0.06333154,-0.1486545,-0.1092852,0.05088129
;
-0.01369774,-0.006633782,-0.1763148,0.1746342,0.08258313,0.0842305,-0.2870796,-0.02705122,0.0003636065,-0.03504576,-0.1493055,-0.03242415,0.0209344,0.4993259,-0.02154712,0.4696649,0.2580066,-0.2249244,0.01627557,0.02213076,0.1162661,-0.2856791,-0.04458393,0.2197051,0.05957951,0.3285908,0.1958409,0.05683956,-0.1317099,-0.05062149
-0.4579623,0.02107312,-0.4705851,0.0482345,-0.3915055,-0.01366273,-0.3740736,-0.03076226,0.1228821,0.2837744,-0.1322284,-0.06120938,-0.000985701,-0.1206868,-0.06497747,0.01121557,0.1760244,-0.2755544,-0.1841245,0.1253938,-0.1067185,-0.001286024,-0.07803092,-0.8711724,-0.5784569,0.04073588,0.3499187,-0.05352662,-0.1886006,-0.05001226
0.001450749,-0.1009703,-0.004213722,-0.0876133,0.2079875,0.03892065,-0.2426745,-0.09507885,0.2436435,-0.1100657,0.1884531,-0.06506961,-0.07541791,1.575599,-2.355479,0.0932427,-0.007823249,-0.07332154,0.06991619,0.0747297,-0.01346795,0.7459043,0.0302221,-1.145793,-0.06758384,-2.215304,-0.01838334,0.3569822,0.1263715,-0.2465817
;
