0.4087485
0.04352072
-0.4797853
-0.3781289
-0.0155955
2.120124E-05
-0.3656501
0.1692102
-0.1420615
-0.01651248
;
0.02212073,0.05748855,0.08382735,-0.03293321,-0.4665685,-0.387305,-0.1268106,0.2653018,-0.2647209,-0.09948856
0.4826581,-0.2703899,-0.4752845,0.05046326,-0.01121734,-0.1007672,-0.1256388,0.3517862,-0.03125395,-0.4922986
-0.2407805,0.03649022,1.113172,0.1140582,-0.03401521,0.3752632,-0.3945208,-0.03087649,0.525327,0.4223911
0.7124164,-0.06909272,0.2978294,0.08436441,-0.1949437,0.328207,-0.6684169,-0.09540325,4.859498E-05,0.4271901
-0.08784705,0.0006338848,0.04449345,-0.0004816476,0.03447573,0.2398854,-0.1212838,-0.3278242,-0.3092357,-0.2959133
0.002021504,0.1999588,0.003856765,0.1272194,-0.1339708,0.1291655,0.2447543,-0.2423504,0.01566794,0.2077137
-0.1751947,-0.3124281,-0.2818248,0.2148815,-0.2510325,-0.3776177,-0.561174,-0.2393001,-0.07947594,0.0004759436
0.02034503,0.07411858,0.1090418,-0.3182409,0.1165596,0.009599575,-0.6707016,0.2660539,-0.5327694,-0.1781339
-0.03348884,0.575278,-0.1622317,-0.03608097,0.0785755,-0.8897035,-0.3709626,-0.07141937,0.4635915,0.04849547
-0.1321576,-0.2913105,0.191395,-0.2871822,0.4178598,0.06281882,0.08540834,0.03855686,0.1466765,-0.3008893
;
0.2106842,0.06778139,0.03359765,0.1867931,-0.02162952,-0.2203836,-0.005921853,0.4991688,-0.3283113,-0.001893222
0.4141409,0.4803075,-0.0806822,-0.3453079,-0.0696248,0.08402929,-0.007279456,-0.04079677,0.2991753,0.0001058158
;
-0.2855582
0.4795233
0.4203361
-0.09882513
-0.2454736
0.08097336
0.4080387
-0.227206
0.04304834
0.05239337
;
-0.4666282,-0.1889167,0.007985764,0.4905744,0.392967,-0.0004838538,0.1979537,0.1402025,-0.2073945,0.427134
-0.4197215,0.4500788,-0.3227683,0.1257642,-0.1185494,-0.0007385832,-0.4474177,-0.141113,-0.08998626,-0.01721786
-0.05973174,0.2442772,-0.2863761,0.02877182,0.4997468,0.2823117,0.1308865,-0.5017368,0.09687944,0.1896449
0.0971331,-0.1103067,0.09238969,0.04947232,-0.3533248,0.2191784,-0.0483084,-0.4670319,-0.2938602,0.003694747
-0.141118,-0.3499265,0.02284646,0.9072164,0.1571301,-0.1836613,0.3538532,-0.2345222,-0.01274026,0.4204396
0.1068035,0.2322794,-0.002500745,0.05255007,-0.2793256,-0.007426152,-0.2461056,0.030001,0.2221397,-0.04198656
-0.005441542,0.1056706,0.1378733,-0.0001706016,-0.3221201,-0.4917578,-0.2554312,0.009643018,0.3398835,-0.08887345
0.4630009,-0.5911969,0.1172677,0.001575946,-0.1495501,0.3466585,-0.3822815,0.04867617,-0.253112,0.08267707
0.04655083,-0.1085094,-0.3125037,0.03708395,-0.5475292,0.2568709,-0.07519116,-0.07408603,-1.514175,-0.4497098
-0.02370945,0.328914,0.2984239,0.007490901,0.02718898,0.1988702,0.4424138,0.1414522,-0.3810378,-0.2633264
;
-0.3440993,-0.02426249,0.05627592,-0.04506212,0.2211934,-0.1063605,-0.571784,-0.002516203,0.165689,-0.1507134
0.2549534,0.1067849,0.1349289,0.1007917,-0.05583242,-0.2867649,0.09406334,-0.4684449,0.2391347,0.04113178
0.005084217,-0.06423117,-0.04130295,0.002389407,-0.3040199,0.4103008,-0.06745165,0.06701424,0.04460799,0.4247378
;
