0.4741933
0.4146743
-0.2379008
-0.1712874
-5.12462E-05
0.01577439
-0.2979281
0.1906627
0.6098881
-0.3563115
;
-0.326825,0.3492889,-0.02399999,0.002816626,-0.2048637,-0.15928,-0.1493119,-0.008859021,-0.08695883,0.2092185
0.7434881,0.3205239,0.07887174,0.2156924,0.05981332,0.2885334,0.1305531,0.09991631,-0.02171376,0.4092027
-0.06322533,-0.007795853,-0.2112047,0.2789832,0.2700586,-0.1348605,-1.430617E-07,0.4931829,-0.03638953,-0.4255456
0.7042783,0.6299258,-3.309394E-05,-0.0894137,0.827624,-0.07991038,-0.01121482,0.07082075,0.03238532,0.1694917
-0.3271235,-0.03566078,0.3427676,-0.2307754,-0.3454525,0.02420706,0.0003801691,0.01505194,-0.4716238,-0.3095608
0.002119369,0.02930999,-0.4134701,0.2360208,0.122561,-0.04472338,-0.2296692,0.09403902,0.8465391,-0.1309824
-0.3573714,-0.004667475,0.01537997,0.6743263,-0.3139125,0.009748125,0.3470312,-0.138679,0.004326173,-0.3504215
-0.3609573,-0.1350976,-0.1846819,0.108304,-0.3413971,0.3684189,-0.2413986,0.2147039,-0.0004404169,0.1047874
-0.03059334,0.1122592,0.1624856,-0.6682359,0.3724135,0.03746624,1.809235,0.1412866,-0.007146407,-0.089733
0.4701865,0.04935331,0.03241717,0.4428368,0.8105426,-0.09359556,0.2549148,0.1683575,0.05783552,0.358832
;
-0.001283854,-0.06341902,0.03997978,-0.104578,-0.01756049,-0.1839075,0.01817364,-0.009165112,-1.002768,-0.02187318
-5.339963E-07,0.0358038,-0.04656139,-0.1961341,0.1394405,0.479346,0.01943463,-0.4327786,0.5870672,0.05307053
;
-0.004746642
-0.2597456
0.04670446
0.1243171
-0.09777209
0.006218668
-0.4126
-0.4475129
0.6502694
0.04780346
;
-0.1646618,-0.1738456,-0.3233067,-0.03137179,-0.02284242,0.01622628,0.4273554,-0.01425821,-0.309767,-0.02354256
0.128494,0.2792041,-0.003812023,-0.08370894,-0.2092325,-0.07567465,-0.3703802,-0.2033682,0.3768524,0.1303636
0.1036622,0.1794742,0.08382785,0.00350902,0.3499087,-0.4509754,-0.05256429,0.02726966,-0.1071705,0.3958117
-0.1910393,-0.003209495,-0.487669,0.06456777,0.2050025,0.001650725,0.4000356,0.005924013,-0.01964701,0.8724864
0.1539386,0.01170439,-0.6543151,-0.4699863,-0.09315009,0.1981845,-0.2461264,-0.3058536,-0.3846526,0.1295594
0.4768462,0.06785601,0.001228872,0.1562203,-0.08298653,-0.12574,-0.04162337,-0.009161174,-0.1954283,-0.3446745
0.05002683,0.7286648,0.006810068,0.0004439826,-0.9193686,-0.2678168,-0.0008009033,-0.248089,0.4884694,-0.4056296
0.4184881,0.06130942,-1.175826,-0.1246674,-0.01531608,0.2030134,0.2292842,0.01137159,0.004359716,-0.2179908
-0.1331409,-0.01993748,-0.3672673,-0.01285191,-0.2456389,0.08201367,-0.2869814,0.2508496,-0.1354493,0.07791811
0.4521065,0.3593626,-0.06701114,-0.07472202,-0.2747499,-0.05828071,0.05424649,-0.4862743,-0.2367684,0.30595
;
0.01262912,-0.1971852,-0.01337892,0.1688786,0.2012651,0.2654352,0.09359884,-0.3970869,0.1065202,0.02657574
-0.3398544,-0.1396472,-0.2624522,-0.007625639,-0.09616047,0.5445617,0.01146991,-0.1718188,-0.09328884,0.03142071
-0.319064,0.01474373,-0.3192364,0.04117101,0.04535839,0.02390927,0.06380741,0.3431019,0.4555427,0.2133852
;
0.04437519
0.2336504
-0.4817075
0.9628142
-0.02347657
-0.0008731703
-0.03591878
-0.1106755
-0.2754601
-0.01422782
-0.03672525
0.3066528
-0.3587605
-0.2176399
-0.1239609
0.2629834
-0.280122
-0.3995197
-0.2408939
-0.09154552
-0.2386829
0.001777526
0.1575771
-0.230588
0.2577492
0.080355
0.06403735
-0.7520464
0.02345708
0.3016571
;
-0.4202623,0.2889392,0.2856308,0.3113911,0.02745759,0.0119631,-0.007726102,-0.4087123,0.0006683469,-0.3797162,0.2293609,-0.2194826,-0.2623382,0.01752938,0.4680929,-0.3563976,0.0002629936,-0.2422827,0.4297233,-0.1779341,-0.2189482,-0.8895651,-0.04201039,-0.01765472,0.2902696,0.08815205,-0.09020821,-2.344973,-0.4039336,-0.2638723
-0.2370428,0.2790789,0.1771537,0.07335764,-0.2913941,-0.04932279,-0.02057878,0.4818294,0.01328282,-0.01855121,0.008829892,0.03101426,-0.03540206,-0.3679773,-0.005226025,0.1740967,-0.231199,0.1513971,0.317727,0.4951364,0.4119914,0.04067924,0.3154539,0.1414229,0.006950849,0.01603234,-0.1381785,0.07418233,0.2874462,0.08837014
0.1913596,-0.4545543,-0.0009694821,0.35732,0.09253639,-0.3157911,0.2842749,-0.02990021,0.1037803,0.05756799,-0.3574084,0.06029893,0.9499146,0.1884481,-0.4936994,0.7149745,-0.2501018,0.4999876,-0.2555608,0.5695618,0.00309551,0.3671266,-0.02100692,0.005871747,0.4088213,-0.5803114,-0.1785148,0.0670107,0.4979866,-0.1062619
-0.4589089,-0.08060759,0.2982014,0.5134591,0.4889042,0.1971678,0.02272045,0.08035415,-0.09256291,-0.1166159,0.4369562,0.2954396,-0.09288809,0.02019235,0.242831,-0.3115317,0.2592839,-0.4082397,-0.1920933,-0.7456857,-0.03323632,0.1350929,0.492282,-0.2197554,0.08279537,-0.4773549,0.08348233,0.02660316,-0.03198455,-0.2075103
-0.09482317,0.2630191,0.1475557,0.7893533,-0.5599941,0.3809451,-0.4462992,-0.2489792,0.286889,-0.08077689,0.178176,0.01317771,-0.1148034,-0.07002763,0.06597134,-0.0001182169,0.0292521,-0.112878,-0.1039316,0.003511535,-0.4411708,-0.03969492,0.3482713,0.03551388,0.210879,0.1587553,0.01078317,-0.3934262,0.4956303,0.01667332
0.1990445,-0.4100558,0.1960512,-0.0003717854,0.1903955,-0.2469314,-0.315536,3.553073E-05,0.4603291,-0.06116134,-0.3225546,-0.4823362,0.09265257,0.009411957,0.6244717,-0.01976033,0.7092069,-0.08113562,0.1956325,-0.02102167,0.3912581,0.1339238,0.1894611,-0.2923505,-0.39244,0.5589331,-0.06199824,-0.3168687,-0.4156445,-0.09580177
-0.462168,0.05019528,-0.03032368,-0.2240486,0.01275219,-0.4508624,-0.433323,0.09038545,0.2363813,0.1341192,1.872817,0.2114158,-0.2208886,0.08989634,0.467141,0.05460292,0.123697,0.1857153,0.03035957,0.2932836,0.0004943538,-0.3912345,-0.2258117,0.001173673,0.1116613,-0.2009442,-0.08470359,0.1713351,-0.4823745,-0.473388
-0.2374491,-0.02152811,-0.002202571,0.01244932,-0.1148089,0.002908885,-0.7097242,-0.3210051,0.3124732,-0.4143107,0.342347,0.4871238,0.2349255,0.03167695,0.6084516,-1.388582,0.2415134,0.001217959,-0.3321469,0.3752127,-0.4422898,0.2098749,0.006065619,-0.02646081,-6.509799E-05,-0.08955508,-0.02514012,-0.0252741,0.4820943,0.01460062
0.1406197,-0.03792018,0.04338936,0.1329141,0.0003362936,0.03101045,-0.3142747,-0.2432991,-0.1495097,-0.2915709,-0.01922846,-0.6743395,0.04906435,-0.3075168,0.3686147,-0.06458014,0.1518471,-0.4021512,0.03950569,-0.6490446,-0.04930124,0.2848408,-0.335294,-0.04831859,0.0006796757,0.2338588,1.209678,0.002849194,-0.2335004,-0.4230243
0.3452034,0.1870098,0.2207367,0.6367775,-0.3365955,-0.09915096,-0.1887809,0.2328727,0.3157843,-0.04579873,0.003593418,-0.3469065,-0.3395689,0.06210267,0.04636651,-1.695741,0.03401899,0.006412015,-0.004559183,0.0003868249,0.2312381,-0.02581537,-0.01163552,0.01140571,0.3177948,0.03211515,-0.1971301,0.2431332,0.1257325,0.4652897
-0.4388351,0.2194302,-0.01387152,0.02353325,0.4593841,0.3082185,-0.3484257,-0.4915243,0.1376833,0.1273536,-0.240006,-0.03929901,0.009564131,-0.5651546,0.4231488,0.006011474,-0.003742334,0.3645126,0.4190167,-0.0049998,-0.1925813,0.2252893,0.02572254,0.1494449,0.02305282,-0.008759382,-0.02379694,0.1361263,0.1584848,-0.2999726
-0.6188263,-0.2125385,-0.04067816,-0.1755184,0.4181425,-0.1263333,-0.07091717,0.002054219,-0.0231245,-0.06265364,0.2069144,-0.3655121,0.04334718,0.06694923,0.8349949,0.02690773,-0.5435776,-0.7738345,-0.08706576,-0.238757,0.4624478,-0.2642308,0.03795361,-0.4233731,0.444129,0.003771652,0.01982266,-0.4430977,-0.05807787,-0.1194637
-0.3130106,0.6484066,-0.08305462,0.2354087,0.1337759,0.2932075,0.001664692,0.0006583994,2.164091,-0.8329427,0.131909,0.1163217,0.7361646,7.839785E-05,0.08233351,-0.1044279,-0.04523128,-0.1288499,-0.02969571,-0.4804924,0.4179837,-0.2731402,0.02777433,-0.004599988,0.04172302,-0.01743563,-0.00352932,1.15124,-0.7488858,0.1901093
-0.5554805,-0.241405,0.2370335,-0.4921465,0.4532011,-0.2075834,0.07473874,-0.108298,0.1370084,-1.345774,-0.6379973,0.1241946,0.5561526,-0.1954379,-0.4228293,-0.2588137,0.2187091,-0.1362917,-0.3758309,0.2853218,-0.0505175,-0.07793304,0.413957,-0.1428553,-0.1317428,0.2740158,0.03472509,-0.4381059,-0.1206888,-0.4198854
-0.2087629,0.4917176,-0.4695389,-0.116085,-0.06510307,0.109331,0.004124872,-0.1343578,0.4104275,0.2959912,0.06107217,-0.5996427,-0.2934805,-0.4645818,0.2104252,0.06189591,-0.05326151,-0.3435565,0.2218033,0.3393642,-0.06664547,-0.3155119,0.3549697,-0.01634923,-0.4145568,0.3565569,0.0102594,-0.3557829,0.1507512,0.3556249
-0.2058211,-0.04722623,0.1446208,0.01350546,-0.1258747,-0.7071438,-0.01455897,-0.1963573,-0.755297,-0.04810962,0.263783,-0.1405441,0.001055011,1.35723E-05,0.2135383,0.1082922,0.03939741,-0.008055753,0.2779909,0.527372,-0.01779372,-0.09426898,0.01446263,-0.08410332,-0.1294263,-0.004510398,0.3122928,0.4963874,0.982273,0.0330602
0.1909811,-0.05038297,0.6600446,0.2395964,0.01743451,0.08637142,-0.04144834,-0.1198123,-0.01655101,0.002484869,-0.1013156,0.001894045,-0.000164699,-0.07540077,0.6064733,0.03459611,-0.2175674,0.025947,0.2520067,-0.002007658,-0.3144048,-0.03159503,-0.1233328,-0.1136613,-0.1886579,-0.07508057,-0.4705647,0.412826,0.3481683,-0.6591058
-0.182117,0.01980054,0.8703319,0.05171373,-0.5504537,-0.176618,-0.0005295954,-0.3540256,0.03852357,0.1356035,-0.1086602,-0.1266341,-0.07530095,0.01336888,-0.03260652,0.2419752,-0.02025359,0.05925154,0.0399974,-0.476316,0.004200303,0.03850288,-0.06894988,-0.5751558,-0.1593275,0.4962945,-0.04405576,0.02690091,0.1435542,0.2977232
0.09398586,-0.006928358,-0.0980664,0.1723815,0.302812,-0.08280096,1.059902,-0.4238932,0.1611182,-0.0158692,0.2298518,0.1256088,-0.005635436,-0.1044034,0.583995,0.9040793,0.06750964,-0.08202241,-0.005804638,-0.01698501,0.08864703,-0.0004346865,0.02728811,0.003247482,0.08583859,-0.09614345,-0.3262852,0.03582806,-0.2714977,-0.0003255144
0.3441761,-0.02162336,-0.1106905,0.2461601,0.1689418,0.2362554,-0.328722,0.321155,-1.303368,0.414427,-0.41076,-0.05811236,0.1380632,-0.3214756,-0.001199889,0.29921,-0.3179561,1.6946,-1.34193,6.251311E-05,-0.3922912,0.3450551,0.3363367,-0.01098225,-0.7505581,-0.1302397,0.3162586,0.0005401933,-0.7192596,-0.2351733
-0.4192691,0.3873452,0.1575557,0.0001004933,0.005997002,1.005263,1.330252,0.004157699,0.2755259,-0.4904495,-0.00132913,-0.07000286,0.1142181,-0.04329516,0.5167009,0.000236216,-0.208751,-0.4194036,0.04187588,0.1867896,-0.6394568,0.02476332,-0.4519486,-0.07162172,-0.1028719,0.2564245,-0.04752281,-0.6289518,0.6371843,-1.296232
0.03461725,0.2587105,0.04667228,-0.306477,0.04948285,-0.4280411,-0.07657796,-0.4265809,0.00476085,-0.07728333,0.2381776,0.3916186,-0.02012727,0.4292493,-0.689673,-0.3819512,-0.4151272,0.2701157,-0.3723722,0.3576416,0.004069522,0.01176253,0.03380385,-0.06514914,0.007226928,0.007570317,0.01510564,0.118501,0.4274166,-0.2878869
-0.01578862,-0.4132289,-0.07145661,0.0002496888,0.194718,0.001821642,-0.9047881,-0.2838103,0.2180644,-0.5029026,-0.1132976,0.5173405,-0.4681328,-0.5492199,-0.05403832,0.182861,0.01868862,0.3816265,0.2803642,0.2070653,-0.3122442,0.004374461,0.08166707,-0.1591982,-0.05683127,0.300697,-0.3139235,0.0779774,0.05403463,-0.04154965
0.04078406,-0.2359367,-0.1810856,-0.08888514,0.1259775,-0.3965902,-0.0038047,0.3836409,-0.2449843,-0.0101412,-0.3795629,-1.052394,-0.0001966282,-0.2423252,-0.5336107,-0.196904,0.1134451,-0.1740035,-0.06629449,0.04129606,0.470072,-0.02658344,0.2198511,-0.05396461,0.2134377,-0.0344929,-0.4507866,-0.4963312,0.07711405,-0.3295553
-0.2329876,0.3775108,0.4866503,-0.8230156,-4.856588E-05,0.5608376,-0.08714825,0.007177256,-0.3052323,0.08799662,0.0006326885,-0.01952378,0.170036,-0.02074191,0.1111143,0.478742,-0.2316517,0.04774299,-0.03061829,0.001862268,0.0973018,0.1592405,0.0472893,-0.4090276,-1.19129,-2.323901,-0.06970046,0.01732793,0.0183055,-0.1947286
-0.1104259,-0.00076002,0.2224959,-0.001805803,-0.2272463,0.3872578,0.157889,0.06691311,-0.2432209,-0.06350172,0.003933119,-0.4867281,0.05732304,0.120503,-0.7394379,0.08367103,0.2107166,-0.05319649,-0.005360021,-0.3370829,0.2799667,-0.05540963,-0.3411696,0.1194893,0.1407622,0.4263246,0.4200506,-0.1675829,0.0001929755,-0.003728104
0.1558293,0.04705137,0.006598078,-0.4025384,0.006115383,-0.2075825,0.6893527,-0.1527453,0.1969029,0.08342355,-0.02637243,-0.4247419,0.5207844,-0.51821,-0.6933439,0.03559444,-0.1051969,-0.4778328,-0.32991,-0.7644618,0.1140185,0.01121829,0.1929079,0.3951743,-0.1320994,-0.3344669,-0.141677,-0.005780227,-0.06192445,0.1620569
-0.5582958,0.05467314,0.2796066,0.02393537,0.1722331,-0.2604526,-0.1026001,-0.7020028,0.1987192,-0.003602673,-0.742897,0.2761834,-0.1840703,-0.004127152,-0.4295854,0.3905298,-0.0006769,-0.1832408,0.4161591,0.003491104,0.002542764,-1.11784,0.2570195,-0.03244848,-0.06203787,0.06398484,-0.5862449,-0.07696348,0.1005979,-0.4797394
0.2406195,-0.3122822,0.4799745,0.1489159,0.135541,-0.6015815,0.9627289,0.3512167,0.6082076,-0.01931867,0.3875648,-0.2747163,0.0004300282,0.4014962,-0.3266497,0.3854498,0.01251441,0.2424737,-0.466268,0.2273419,0.1460535,0.2077498,-0.004304221,0.003331313,0.575463,0.2005709,0.3643926,0.0727851,-0.01858065,-0.003184825
-0.1852681,0.8212845,-0.1969098,0.06467015,-0.007428267,0.3882851,0.04349167,0.07758487,0.004524704,-0.3921522,0.003181551,0.2810525,-7.000561E-05,0.04772308,-0.01235725,0.0250956,0.01230956,0.115143,-0.1472204,0.008942252,0.7096416,-0.06773493,-0.02936071,-0.1494312,-0.1647134,0.00720437,0.07179397,0.3786449,0.48807,0.1991394
;
0.2156568,-0.05042233,0.1383558,-0.5509215,0.02085411,-0.003309502,-0.3906105,0.006169396,0.506052,0.5529125,-0.02423646,-0.02830283,-0.4885608,-0.1317192,0.2403493,-0.1173078,0.0008461881,-0.001229857,-0.0007401178,0.2507153,0.4881915,-0.06201548,0.2297736,-0.4550828,-0.0543979,0.007588618,0.04418711,-0.107675,0.4697827,0.05011531
-0.1894783,-0.02487074,0.423686,-0.2010391,0.09274453,-0.02104199,0.02907506,-0.147376,-0.3892974,-0.000899141,0.1566009,-0.01592704,-8.367658E-05,-0.01444071,-0.1905481,0.2201661,-0.009458502,0.2256871,0.3457478,0.1249544,0.02849526,0.09634592,0.3454286,-0.4323432,-0.2048681,0.01715344,0.4493145,0.02124439,0.2096305,-5.755649E-05
0.239885,0.2794729,0.2949256,-0.2300596,-0.002836883,-0.0690487,-0.1377212,0.0009565621,-0.412335,-0.527727,0.437669,0.001296073,-0.7306373,0.2136515,-0.01768225,-0.2775817,-0.02584543,0.3365936,-0.1061308,-0.2437893,-0.00276524,0.4105967,-0.2576072,-0.1308845,-0.3295058,0.3316714,-0.1358124,-0.02728291,-0.5533441,0.07791064
;
0.01976264
0.1606192
0.1328455
-0.009905198
-3.709047E-07
-0.1554273
-0.07196724
-1.000898
0.2996117
0.05297994
0.320846
-0.008188381
-0.4216062
-0.001474444
-0.3785288
-0.001649439
-0.1094411
-0.04865434
0.3126344
-0.03806299
0.484808
0.07704109
0.1294005
0.0005871531
0.2777649
-1.334538
0.3467073
0.1666521
0.2557005
0.2587397
;
-0.2485951,-0.8500276,-0.3384516,-0.1559969,0.9024762,0.0001857876,-0.4002826,0.3675611,-0.1676937,-0.4272063,0.2358893,0.1999628,-0.3239751,0.04414956,-0.3690116,0.6056993,0.00696591,-0.02319575,-0.7019778,-0.2560177,0.01883346,0.2621038,0.1002716,-0.2136679,0.04383881,-0.07687825,0.2933556,0.04088018,0.0104937,-0.3553352
-0.2381824,0.00336727,0.4412237,0.1930444,0.006175975,0.08472507,0.1001946,-0.02193194,0.1194191,-0.9258307,0.1486248,0.1673066,0.4010313,-0.01771729,-0.2101565,0.03579367,-0.03935546,0.2511085,0.4977114,-0.3185933,0.3274063,0.3526269,0.01366654,-0.2668735,-0.03177265,-0.1503362,-0.1267369,-0.1148761,-0.1464229,0.1250084
0.008222526,0.4912256,-0.0957759,-0.4631054,0.04447955,0.06137849,0.9190528,0.1242489,-0.2332235,-0.02910647,-0.1803796,-0.3030469,0.2249746,0.4086975,-0.6032568,-0.7589257,0.4223228,-0.06683242,-0.08832837,0.07551866,0.1546525,0.3873408,-0.0867182,-0.1485797,0.2909416,-0.3842328,0.395485,-0.1404928,-0.3101599,0.1694343
0.1813942,-0.2462865,-0.3957117,-0.08432108,0.2780288,-0.259452,1.858669,2.276438,-0.08382399,0.03449646,0.06226009,-0.01892632,-0.01517767,0.09279233,0.03703938,0.110437,-0.1741075,0.3596935,0.4345793,-0.2885993,-0.05633633,-0.01035374,0.009860731,-0.3393003,0.2939874,-0.04950969,-0.2259665,-0.2093199,0.02393947,0.143537
0.008548993,0.1731216,0.4616099,-0.0003705523,1.365025,0.0007419993,-0.2981235,0.1364062,0.09527299,0.8381069,0.0002605319,0.1264883,-0.2246987,0.2966949,-0.05268501,-0.0004667054,-0.3168623,0.2073182,-0.8986536,-0.1102301,-0.05185694,-0.1280275,0.003327104,0.03711751,0.3220656,-0.1616704,0.1355876,0.1278773,-0.2776952,-0.3608991
-0.3012934,-0.06141086,0.1350242,-0.0640947,0.2059173,-0.1723645,0.2765665,-0.06670329,0.2572035,-0.3874371,0.3742293,1.448887,-0.03838617,-0.2485067,0.4135774,0.1374884,0.4295579,0.09167501,-0.1702094,0.001818105,0.4471951,-0.156271,-0.01307591,-0.3317858,-0.07990675,-0.2550466,-0.07419366,-0.008723744,-0.1250632,-0.1469429
-0.06088649,-0.08905283,-0.09395073,0.04991633,-0.2734714,-0.2610456,0.0003546418,-0.01067902,0.1784469,-0.01275108,9.350666E-05,0.2538689,0.07486278,-0.1593844,-0.0001008407,0.1153369,-0.2592247,0.3353338,0.007910217,0.4283351,-0.006716779,0.1166014,0.2497527,-0.09960014,-0.2530085,-0.3290977,-0.0158382,0.007710763,0.07228976,0.02211428
-0.09607607,-0.09733269,-0.2065318,-0.1872961,0.2731897,-0.7500499,0.3838296,-0.1171364,-0.3054687,0.1018991,0.1195361,-0.1173101,-0.06575745,-0.007426579,-0.2536035,0.3350208,-0.4570601,-0.4380681,-0.4986835,-0.04844727,-0.0256996,-0.2231558,0.3452085,0.002410063,0.03558476,-0.09671572,0.01729061,-0.2270249,-0.3284937,-0.3770997
0.5127305,-0.3197986,-0.06310728,0.3761756,-0.1712385,0.1313705,0.4500424,-0.5527816,-0.2790395,-0.001565091,0.2080205,0.03302997,-0.02720597,0.04788536,-0.3295884,0.2433701,0.4586513,0.07942373,-0.01291355,0.2839946,-0.1821026,-0.07324404,0.3479716,0.099694,-0.4641875,-0.11586,0.1088697,0.388426,0.07994515,0.2460749
-0.02289444,0.01147097,0.8182961,0.03834934,0.08350343,0.3081697,-0.04309862,-0.7550608,-1.345058E-05,-0.466663,-0.5570094,0.2036984,-0.05964893,-0.2250818,0.2779195,0.3642374,-0.4685477,0.1103183,-0.2679353,-0.06375615,-0.2366039,-0.3124741,0.002094314,0.08989054,-0.01473806,-0.1028987,-0.0463509,-0.2446093,0.2906011,-0.1830948
-0.02171041,0.1077258,-0.5973156,-0.1462729,0.4690315,-0.00202666,-0.002818316,-0.3727643,0.131428,-0.2088565,0.4160666,0.3185792,-0.1372058,-0.2221279,-0.03402001,-0.3470598,0.03920388,-0.2458127,0.1230364,-0.01304977,0.1316086,0.02986736,0.01764116,0.406402,-0.1463187,0.4049295,0.01725319,-0.3186034,-0.09576339,-0.2442011
-0.1053493,0.0005814686,-0.4367752,-0.05939931,0.06329323,0.05969325,-0.01599398,0.1965172,0.09307986,0.02949653,0.2684079,-0.03706568,-0.03416023,-0.1977047,0.01248742,-0.1678767,0.06066332,0.06412721,-0.1989305,-0.5739967,0.06860518,-0.8181045,0.1839706,-0.08493243,-0.3621917,0.005150646,0.4079419,0.327389,-0.041848,-0.0009410268
0.9039497,-0.01339157,-0.4182305,-0.07293028,-0.2268791,-0.105171,0.05360384,0.08102307,-0.05597268,-0.02175952,-0.06157564,-0.3368529,0.3258972,0.1390457,0.004012727,-0.3763954,-0.3558049,0.02140778,0.3346672,0.001473012,-0.0965604,0.06789604,-0.08150062,0.1220334,0.2619161,0.004978903,-0.1161379,-0.09476453,-0.08783141,0.2493687
-0.098574,-0.2971722,-0.049145,-0.07949179,0.3171788,0.00441373,0.1696563,0.4606478,0.6670824,0.9269645,0.1898967,-0.1342803,0.01671523,0.4120824,-0.0001852843,-0.002960187,-0.198374,0.1519864,0.08676444,-0.4816813,-0.02213818,-1.11024,-0.001812749,0.7496429,0.03851813,-0.1736335,-0.08111137,-0.3197416,0.2060882,-0.05705159
-0.6879185,1.439982,-0.1090172,-0.04425731,-0.1108567,0.04581193,-0.1635955,0.02782957,0.233584,0.2266033,-0.05716816,0.3189059,-0.06185145,0.08423599,-0.485682,0.02437788,0.1921246,-1.121449,-0.04669036,0.1882924,-1.210995E-05,0.08569235,-0.280899,-0.1929009,0.4675996,0.3550025,0.2391771,0.05660039,-0.38888,0.02342123
-0.01927663,0.2449466,0.1171743,8.944719E-05,-0.3331504,0.0002507004,0.0383784,-0.08039372,0.4021965,-0.04977166,-0.3125839,0.3483813,1.477086,-0.1940345,-0.0005920905,0.4297746,0.4731883,-0.03338591,0.02519077,-0.1865662,-0.2028228,-0.1927055,0.1565935,0.1628023,-0.1726813,-0.3681666,0.01367313,-0.3848451,0.2349101,-0.06636158
0.6036525,0.2642687,0.02729074,-0.07881933,0.1035579,0.03531785,-0.211657,0.02495913,0.1151722,0.4073403,-0.2044207,-0.1954212,-1.784456E-05,-0.4761882,-0.02751468,-0.05648501,-0.05212623,-0.08637351,0.4427333,0.005925844,-0.04178675,0.05132454,0.01716461,-0.2802523,0.0003090551,-0.7307824,-0.4548895,-0.5465192,0.340079,0.04191166
-0.04611212,0.09951073,0.3028859,-0.02861319,-0.07437688,-0.255119,-0.4922788,-0.2019857,0.2059505,-0.2237263,-0.08297724,-0.0166767,0.5251744,0.002124958,0.1854902,-0.3166313,-0.00253851,0.02183763,0.01057429,-0.02556468,-0.1843799,0.04904133,-0.4050954,-0.268175,0.3365009,-0.1159914,0.3683056,0.03435943,0.1789261,-0.4146284
-0.2685034,0.3865042,0.1674287,-0.2503638,-0.003073449,-0.01688156,0.404228,-0.06197673,-0.3257523,-0.03815955,-1.725379,-0.1077421,-0.3097438,0.297752,-0.4502177,-0.1279718,-0.009071653,0.06652778,0.4879568,0.02341428,-0.002503069,-0.375527,0.04062025,-0.08393428,0.04145042,-0.1808639,0.001481222,-0.04232306,0.07648962,0.05323603
-0.06952664,0.3940578,-0.2511222,-0.4822191,-0.0006043834,0.06303436,-1.989927E-05,0.797321,0.1105017,-0.07180942,-0.09056911,-0.1760065,-0.07465094,0.1254263,-0.6995464,-0.04071238,0.6286808,0.2732538,0.01751536,-0.06758159,-0.2857324,-0.3898931,-0.1468941,-0.1478944,0.1221028,1.957005E-06,-0.2629131,-0.07015914,-0.1852614,0.1659545
1.185273,-0.1128364,-0.3393142,-0.02138824,0.05030562,0.07151078,0.4626903,-0.004180983,-0.08950964,-0.1229958,-0.06404048,-0.1050274,0.3752755,-0.03138979,0.1426036,0.02009273,-0.129558,0.06719971,0.01265204,-0.3702385,-0.033425,-0.4705248,-1.256224,0.1562049,0.0139471,0.352243,-0.3921133,-0.002421439,-0.004383876,0.4660093
0.3757466,0.004606247,-0.001440851,0.6015682,-0.3672816,-0.07541518,0.004020369,0.1346636,-0.05011994,0.4688101,0.1483082,-0.007490924,-0.01329411,-0.2035443,0.3845719,0.4874729,0.05515908,1.369364,-0.7088248,0.1127765,-0.4304296,-0.01249025,-0.4113725,0.005739514,-0.004967562,-0.3476706,-0.1677548,0.0524102,0.007265806,0.2834346
0.4046221,0.09775984,-0.3926324,0.1021142,0.4038105,-0.1846096,-0.3054771,0.4023995,-0.3442464,0.3223009,0.1200446,0.3590417,-0.002364422,-0.1246191,0.4772282,-0.203617,0.2423486,0.004937248,0.4034951,-0.2878557,0.005488242,-0.4214758,-0.01188812,0.06103741,-0.02958136,-0.02342118,0.1289657,-0.09486505,0.09116966,0.01831095
-0.2355862,0.4960891,0.09441473,-0.4868506,0.1071618,0.02378279,-0.7220901,0.03109458,-0.01606625,-0.01452294,-0.00679772,-0.273998,-0.002586251,0.5145696,0.05062745,0.09519048,0.3529581,0.056896,-0.3470267,0.4148169,-0.08164807,0.02133468,0.07923645,-0.2019078,0.2776909,0.03653613,-0.004167287,0.009849847,-0.4201066,-0.3475875
-0.02777291,0.2107948,0.3760408,-0.1136352,0.1683931,0.4255309,0.5882593,0.2323971,0.02207179,7.718369E-05,-0.01299542,-0.03315548,0.05449922,-0.3789465,0.3044422,0.03573817,-0.1825517,0.02853426,-1.148829,0.1527518,-0.0306101,-0.4791235,0.3897755,0.1563067,0.2747026,0.07741047,0.1462883,0.1167474,-0.08913638,-0.1567089
-0.001190756,-0.09564561,-0.2095096,-0.3858793,-0.142368,-0.2964187,-0.2649,-0.003081767,0.562941,-0.4782749,-0.0002582906,0.3135343,-0.01560331,11.82011,0.2681917,-0.3298154,0.4070465,0.08577114,-1.151516,-0.3025154,0.4280123,-0.01409727,0.4618267,-0.1769564,0.02790918,0.1935447,0.02523827,-0.04601715,-0.08256012,-0.4790692
0.2019214,-0.1284848,0.1890555,-0.007559976,-0.1039933,-0.005353002,-0.07583565,-0.3041229,-0.02871727,0.2262782,-0.04597704,-0.216225,0.3510488,0.01354387,0.001874183,-0.8664987,-0.003005906,0.02578874,0.05991643,-0.4917035,-0.02448467,-0.363362,0.05753136,0.1679128,-0.477285,-0.1408871,0.007336337,-0.1242359,-0.004814728,0.0588444
-0.7047973,0.4482483,-0.01626035,0.06852868,-0.2885877,0.01771643,0.0588613,-0.6104442,-0.002337979,-0.09610483,0.4539681,-0.3025205,-0.1444708,-0.04024704,-0.001867699,0.1307647,-0.01820939,-0.05345415,-0.3191924,0.1213179,-0.0009459541,0.5569539,0.2058236,-0.157716,-0.03672904,-0.1846991,0.3556992,-0.2773028,0.3581086,-0.05156061
-0.221179,-0.01357822,0.0585888,-0.2553457,-0.2934597,0.09498352,0.02247797,0.2787964,-0.02345896,0.09232344,-0.006472618,-0.002961262,0.1970067,-0.003206091,-0.2629431,0.4501382,0.005857603,-0.1729867,-0.3825325,0.03619907,0.01589672,0.2249462,-0.1428799,-0.2815207,-0.2558846,-0.01095365,-0.4065088,-0.6986439,0.4018143,0.5782089
0.08407535,0.2668005,-0.001701508,0.05342381,0.04090194,0.2274334,-0.07749258,-0.002574345,0.1459243,0.03086954,-0.1939965,-0.4050454,-0.3201253,-0.1504774,-0.005210742,0.7457683,-0.4424143,1.161902,0.129303,-0.01806596,0.2183144,0.3705137,-0.01312582,-0.1620809,-0.01120821,0.06315898,0.1370476,-0.1359008,0.168317,-0.2115718
;
0.3120497,0.4258062,0.3300136,0.3124979,0.8555201,-0.0690977,-0.1914728,0.3501118,0.5823723,0.08418743,0.0002242555,0.04723395,0.2467972,0.02002702,-0.07536989,-0.07037814,-0.33755,-0.03157676,-0.2548052,-0.01998232,-0.0003663616,0.2063935,-0.4677454,0.1774994,0.04649375,0.1885963,-0.2415788,0.02694765,-0.0300156,-0.05062149
-0.04548614,-0.0946424,-0.008949211,0.2477748,-0.1392996,-0.001546434,0.1261497,0.01250423,0.1163481,-0.3824872,0.0486175,-0.373069,0.07721158,-0.3421732,-0.2082923,-0.009437094,-0.3044751,0.2324467,-0.04829553,-0.2757093,-0.009297609,0.01411392,-0.01394306,0.338365,-0.2943051,-0.02899871,0.2157386,-0.1856852,0.1892741,-0.1941262
0.1886205,0.2466041,0.1181228,-0.207418,-0.1550151,-0.1998978,0.4070312,-0.1312016,0.0361663,0.1277312,-0.1813727,-0.1146296,-0.04114361,0.07690483,0.5991528,-0.3509881,0.100617,-0.1833596,-0.07469548,0.09658521,-0.1366346,0.1211612,0.3399018,0.1375941,-0.2510096,-0.1104339,0.1838302,0.165684,0.3178957,0.5136693
;
