-0.02189857
0.4744647
0.2016443
-0.6045628
-0.001076246
-0.002350328
-0.004732328
0.03130647
-0.4243686
-0.3014545
;
-0.04695501,-0.009930343,-0.08940643,0.2194934,0.07457516,-0.07676174,0.05313287,-0.5133588,-0.1826741,0.3306352
0.01685714,0.00672301,0.03286785,0.01532871,-0.46543,0.1390178,0.01025903,-0.06461884,-0.02456305,-0.08639851
-0.1994271,-0.1897765,0.5253558,-0.381822,-0.2791871,0.6535864,0.3869941,-0.9343894,0.109394,-0.2179262
0.2463035,0.001562851,0.02893811,0.07291376,-0.3322093,0.00907006,0.003532541,-4.167396E-06,-1.006777,-0.2299601
-0.08163067,0.008823344,-0.8639269,0.1346886,0.4793744,-0.01124852,-0.2675226,-0.4113875,-0.3034877,-0.3687651
0.3174238,0.4481623,0.2525827,0.2183803,0.06683248,-0.3930069,0.3559085,0.03607914,0.0007375273,0.03265053
-0.1167187,0.07955109,-0.2168242,0.4778081,0.06629325,0.4582533,0.2401364,-0.4405312,-0.5776535,-0.3006434
-0.2069482,-0.1771978,-0.1458302,-0.1509666,0.4969594,0.2661982,-0.08837744,0.4235686,0.05709905,-0.8092317
8.09325E-05,0.3912787,0.0001637034,0.06986767,-0.0255745,-0.3598951,-0.01444122,-0.1496813,-0.0332436,-0.4817653
-0.0283298,-0.008815541,-0.4422311,-0.3154153,0.6284721,0.6843755,-0.1220319,-0.04222388,-0.08730462,-0.1973009
;
0.003934801,-0.1322697,-0.3459016,1.08443,0.1284399,-0.1173081,0.4270741,0.01861087,0.4776025,0.3319876
0.4674224,0.5941943,0.001931599,-0.005775061,-0.05030816,-0.4583914,-0.1618762,0.4347574,-0.05770288,0.3642163
;
0.02229504
-0.2946064
0.4510833
-0.3777992
-0.09395809
-0.1808905
-0.1746982
0.1936381
0.4162046
0.02504016
;
-0.8100346,-0.09601171,0.1492393,0.03716487,-0.4080969,-0.04851132,-0.05130702,-0.6212994,0.07909606,-0.05470689
0.3291948,0.7573059,-0.03242344,-0.3523114,0.3556445,0.1475318,0.2313611,-0.1483269,0.008898987,-0.01121121
-0.161656,0.2689204,0.005178337,0.1471611,-0.08065537,0.08107705,0.05304059,-0.2595712,-0.2229696,-0.0609702
-0.0009485911,-0.06241995,-0.2670691,-0.1321677,-0.3149036,0.2519508,0.4324498,0.1114052,-0.4449805,0.04262853
1.002078,-0.2271535,-0.05189455,1.098381,0.03598035,0.01285244,0.1140153,-0.04536957,0.2518904,0.1725927
-0.04263636,-0.02998397,-0.002280405,0.1314238,0.1335153,0.400402,-7.575973E-05,-0.02237642,0.1620401,0.1949141
-0.1283615,-0.02589506,-0.0005793577,0.695744,0.2538553,0.2121348,-0.1814067,-0.4801211,0.04129439,0.3353374
0.07158325,-0.1033439,-0.149931,-0.0003086925,-0.4480797,0.2448794,-0.7016516,-0.5026448,0.02220851,-0.4111554
0.1940273,0.03444903,-0.08686322,0.686166,-0.0007813607,0.3858018,0.3768724,0.1057245,-0.3590704,0.02905232
-0.6416873,-0.4148208,0.4206735,0.6565723,8.175761E-06,0.7726333,-0.003363626,-0.2435821,0.7905486,-0.004993028
;
0.594583,0.3139367,0.09044045,0.003141885,0.4458275,-0.04700012,0.05808419,-0.05458581,0.4106386,0.0089714
0.03674465,0.5968326,-0.3522553,0.02218416,-0.0003959748,-0.06368977,0.1666922,-0.3988955,-0.4825046,0.07461445
-0.2720853,-0.02383496,-0.2191543,-0.1090992,0.008239298,-0.189537,-0.4057536,0.1104654,0.03453184,0.001865022
;
