-0.03278859
-0.5482842
0.2016443
-1.119154
0.4607101
0.3264011
0.2495171
0.2639849
-0.04876477
0.4536601
;
0.4326282,0.490896,-0.07338501,-0.8098556,-0.2362604,-0.06463665,-0.05372141,-0.745944,-0.1555954,0.2620892
0.003617164,-0.5450809,0.02515645,0.321643,-0.03349949,0.2727679,0.04196773,0.08721747,-0.1388736,0.04904932
0.04380881,0.01312645,0.2779956,-0.3083949,-0.1839645,0.002221608,0.02810208,-0.1208199,0.1481699,0.08363268
-0.3969959,-0.001562851,0.03144917,0.04737133,0.0006434841,-0.011831,-0.01918212,-2.823691E-06,0.4568591,-0.08956814
0.1092174,0.001897654,-0.2368183,-0.3870301,0.8355025,-0.03802058,-0.2731943,0.00537788,-0.08166403,0.3632929
0.1663044,0.7603861,0.1308502,-0.4035838,-0.002420804,0.2183199,0.06074029,-0.0003280623,0.4764359,0.04632729
0.2937264,0.3195049,-0.3808499,0.2541145,0.02742353,-0.3297837,-0.02336472,0.04192301,0.6364549,0.3724239
0.1956574,-0.1771978,0.05602843,-1.243609,0.0178859,-0.5215108,0.009171907,0.3589504,0.1557295,-0.2234729
2.090863E-05,-0.1054982,-0.0002190589,0.08827728,-0.005150198,-0.0511498,0.3460623,0.0128397,0.05001003,0.375793
-0.001036138,-0.008815541,-0.07665975,0.4260267,0.4147273,-0.1283523,0.05562375,-0.401922,-0.07812429,0.1973009
;
0.3993338,-0.1609282,-0.3015041,0.0221352,0.1244724,0.3828152,-0.1550584,-0.3256634,-0.2457461,-0.513284
1.206174,-0.3028419,-0.05129482,0.1354179,0.137937,-0.1474013,0.5082765,0.001064656,-0.002356256,-0.0001828079
;
0.01216896
0.4707709
-0.4520313
0.05249689
0.04478151
0.3325108
-0.6131973
0.1269402
0.001807616
-0.06667715
;
0.08721917,0.2761382,-0.2566032,0.03061344,0.1053964,-0.06284889,-0.3707466,-0.3232684,-0.1693076,0.09086465
-0.2124116,0.8883096,-0.08974089,0.03072802,-0.1923049,-0.162789,0.2805747,0.2704483,0.0004201863,-0.01121121
0.04989201,0.2689204,-0.002980333,0.1192524,0.08065537,-0.007482625,0.3500087,-0.003034819,-0.1063706,-0.04033536
0.3397565,-0.1172927,0.1840728,-0.011427,-0.002787532,-0.05199236,0.3519914,0.5229308,0.15132,-0.136354
1.189721,0.02888918,0.1022069,-0.06740567,0.01903429,0.003757308,-0.1685554,-0.2474587,-0.002413054,-0.01809295
-0.4573851,0.1082961,0.4831101,-0.1209034,0.229175,-0.2029825,-0.03140241,0.006582844,-0.1148633,0.3669903
0.06215614,0.04939085,-0.3002623,-0.1619934,-0.3891028,-0.07013007,0.6945627,-0.3739606,-0.2589631,-0.1235447
0.2620302,0.3119242,0.002817518,-0.4349782,-0.4030961,-0.2264907,0.1036219,-0.1219732,0.04656108,-0.3901754
-0.005873369,0.1657905,0.0362347,-0.1230103,0.1811336,-0.1177151,0.1031098,0.8168468,0.0636017,-0.26009
0.4318596,0.4148208,0.1790132,0.505466,3.480976E-06,-0.0006465524,-0.005633,0.4302616,0.3356185,0.003133249
;
-0.06128889,-0.06078611,1.45415,-0.003141885,-0.2469654,0.06534342,-0.009205589,0.02425408,-0.1747401,0.1739961
-0.1466848,-0.01596671,0.3522553,-0.01413599,-0.009625513,0.06598169,-0.01508051,-0.2937596,-0.1900442,0.07461445
0.1861388,0.1082425,0.4185826,0.0989458,-0.2050897,-0.4552236,-0.0703997,0.1019385,-0.04364318,0.3977976
;
