0.2408318
-0.5230849
0.3753505
0.1712874
-0.0004211703
0.02278414
0.00678544
0.5466378
-0.9668007
-0.6487693
;
0.2135013,-0.7108085,0.3459703,0.002265758,0.06233245,-0.03661149,0.1757025,-0.00480603,0.07586371,0.4330195
0.7434881,0.3415335,0.2923874,-0.001409754,0.006016559,-0.1869773,-0.01169293,-0.0864452,-0.2012329,-0.3043579
0.4164208,0.51192,0.1484746,-0.2792271,0.1860037,-0.05468518,2.304337E-07,0.2595888,-0.4138992,0.1916288
0.7509111,0.5414082,-0.641991,-0.3500547,-0.1931207,-0.2869512,-0.002101217,-0.04412621,0.328025,0.07552739
-0.1095506,0.1537587,-0.8657816,-0.1412836,-0.1680444,-0.2041397,0.2109376,0.4936019,0.003962918,0.01536769
-0.4676605,-0.02661538,-0.3734057,0.01468203,-0.001268822,0.04472338,-0.01567702,-0.09403902,-0.02798921,-0.1015082
-0.7313401,-0.1736138,0.009692817,2.416561,-0.3028327,0.0008904165,0.5245151,-0.9069511,0.02295279,-0.3504215
-0.0007995701,0.1143419,0.306375,0.2795048,-0.2366646,0.3684189,0.1099159,-0.3395123,-0.09927247,0.06878692
-0.1062334,0.8241913,0.07923259,0.2074404,0.3027557,0.0788731,-1.710713,0.01229566,-0.2908482,-1.469756
1.418338,-0.3700403,0.02326404,0.08999255,0.4996048,0.09359556,0.2363376,0.1454957,0.4745538,-0.2191577
;
-0.001382545,-0.0820936,0.2598419,0.1089664,0.4510239,-0.2174204,0.1713762,-0.5672596,0.2092607,0.005937785
-8.929079E-08,0.2612742,0.0988453,-0.3151672,-0.7245782,0.2241537,-0.01342748,0.04292758,-0.3397969,-0.4442769
;
-0.004746642
-0.2876815
0.03389633
0.1243171
-0.06326789
0.009522578
-0.07565416
-0.4475129
0.08596011
0.0466285
;
0.1646618,-0.1738456,0.3233067,-0.01330087,-0.04012886,-0.02744102,0.7371029,-0.01425821,-0.309767,-0.03616156
0.1091162,0.4701131,0.003812023,-0.08370894,-0.2092325,0.1056496,-0.3703802,-0.2033682,-0.3768524,-0.1303636
0.1036622,-0.1183562,0.08382785,0.03875401,0.6917098,0.4509754,-0.420334,0.04668118,-0.04275905,-0.4125199
-0.1910393,0.3202204,0.487669,-0.01556379,0.1441421,0.0009670643,0.5972049,0.0021103,0.07136844,-0.282613
-0.2317158,-0.4789598,-1.210698,-0.3527286,-0.09315009,0.3616028,-0.2461264,-0.3058536,-0.1340789,-0.4709455
0.03927857,-0.2574131,0.001228872,-0.01338643,0.08298653,-0.0684469,-0.04162337,0.2383574,0.1278699,-0.3764735
0.2551453,-0.2968647,-0.006810068,0.0004598796,-0.9193686,-0.1609039,0.00264467,-0.248089,-0.5700669,0.4974298
0.3465357,0.05425256,0.3639704,-0.1246674,-0.3051041,0.3615211,-0.2292842,0.01736968,0.004359716,-0.03409969
-0.1331409,-0.1191727,-0.2444385,-0.01285191,-0.2456389,0.08201367,0.2869814,-0.129849,0.04682428,0.07791811
0.4290994,0.3593626,0.1461887,0.08481986,0.3121567,0.03555707,0.05609492,-0.7077454,-0.2206439,0.3026842
;
0.4043555,-0.1971852,-0.007632053,-0.114257,0.005245745,0.3913798,0.09359884,-0.007183027,0.1065202,0.05353462
-0.4488686,-0.2339246,-0.05013236,0.2210361,-0.09616047,0.5445617,0.01146991,0.3313207,-0.09328884,0.06522732
-0.319064,0.01474373,-0.3192364,0.1323339,-0.06504876,0.01827351,0.09302308,-0.3431019,-0.08813936,0.4848844
;
8.814391E-05
0.2336504
-0.1765474
1.191562
-0.01338978
-0.001359873
-0.03591878
-0.2023179
-0.5738989
-0.01422782
-0.03672525
0.4991346
-0.3577827
0.2176399
-0.01439664
-0.3394695
0.1502846
-0.4372433
0.2408939
-0.1811876
-0.03659377
0.0008408278
0.3461261
-0.03793436
0.2633009
0.080355
-0.254559
0.3858861
0.02345708
0.2655332
;
0.3622702,0.2889392,0.4003092,0.02530827,0.1377443,0.009631182,-0.01023147,-0.2750205,-0.3721404,-0.4305823,0.3518209,0.2640115,-0.2623382,0.4223772,0.2769978,-0.4131504,0.0002629936,-0.2769055,-0.8412463,0.4764766,0.3403878,-0.8895651,0.01944331,0.01765472,0.2902696,0.4423045,0.09020821,-0.502932,0.1229294,-0.1939778
-0.2370428,-0.2790789,-0.3067042,0.08877248,-0.2194034,0.01836416,0.0347249,0.3147213,0.4076298,-0.01855121,0.008829892,0.1040419,-0.03540206,-0.008346969,0.002893839,0.3037376,0.06713063,-0.1132645,0.7478377,0.4951364,-0.477431,-0.01238712,0.3154539,-0.1414229,-0.002958613,-0.01703892,0.4410637,0.07418233,0.2874462,0.4417973
0.07661587,-0.3179909,0.1759369,0.2253231,-0.02086488,-0.01282042,0.375105,-0.05838886,0.4687817,0.1594122,0.2514689,-0.09390638,0.9499146,0.2304725,-0.4936994,1.347406,-0.3332747,0.4999876,0.2559345,0.05960476,-0.00309551,0.3671266,-0.004887329,-0.2928034,0.1781393,-0.9170702,-0.1785148,-0.07143883,0.4979866,0.01167141
0.4589089,0.1324852,0.2982014,0.3326232,0.2994953,0.02334036,-0.197942,-0.2421668,-0.4296746,-0.1809947,0.07233554,0.2954396,0.2854853,0.01049709,0.4002423,-0.1367671,-0.3424785,-0.4082397,0.03575514,0.2385732,0.1111281,-0.3904903,0.4055524,-0.2197554,0.08279537,-1.33011,0.007094349,0.02660316,-0.01047887,-0.2993485
0.3506153,-0.0004006028,0.2003885,-0.01294431,-0.6761361,0.1266444,0.2795862,0.2489792,0.3534478,0.07361146,-0.1372308,-0.001240677,-0.1148034,-0.1512336,-0.1508221,-0.0001260675,0.02552213,0.448019,-0.2623708,0.003927258,-0.8506,-0.03969492,0.391493,0.05580372,0.210879,-0.02298362,0.02308678,-0.3506416,0.0191107,-0.07218528
0.1947957,0.06931234,0.2108507,0.0003717854,-0.02960119,-0.4298779,-0.5728027,0.4339504,0.8885148,0.2739103,-0.05447588,-0.4823362,0.5257257,-0.01708362,0.340367,0.01501607,1.679996,-0.08113562,-0.02880484,0.02102167,0.7417851,-0.1339238,-0.03372829,-0.2923505,0.39244,0.5589331,0.06199824,-0.4187895,-0.4912022,-0.04174443
0.2739099,0.002414375,-0.03032368,-0.2844668,0.170046,-0.4508624,-0.433323,0.3721582,-0.4461977,0.1523112,0.3159254,0.3787899,0.1567641,0.1263132,0.1604863,0.05460292,-0.119552,-0.116143,0.03216315,0.5403438,0.4761142,-0.5936574,-0.0264315,0.001173673,-0.1116613,-0.3426487,0.2179798,-0.1713351,-0.4823745,0.473388
-0.4623773,-0.007054838,0.003687584,0.01244932,0.2058106,-0.00113866,-0.4853341,0.4567649,0.3124732,-0.4143107,-0.342347,-0.3961592,0.507403,-0.08203548,-0.1435688,-1.388582,0.2005531,0.0007209256,0.1602581,0.3752127,0.2382444,-0.2098749,0.1283792,-0.02646081,-0.1024219,-0.08324667,-0.01742217,-0.06249875,0.4820943,0.3962761
0.01003895,-0.03792018,-0.06801295,-0.2338934,0.0004684947,0.08434503,-0.1777536,-0.1545624,0.2753518,-0.2915709,-0.01922846,-1.005158,-0.04906435,0.1283496,0.01558995,-0.06458014,0.3767021,-0.1012733,0.1059049,0.6490446,-0.0002056956,0.2848408,-0.1440986,0.02697103,0.0002071748,-0.3843547,-0.03448063,0.0006976335,-0.1304702,0.4230243
0.3452034,-0.1917685,-0.2207367,0.5750821,-0.3365955,0.09915096,0.2785665,0.2328727,0.2590251,0.04579873,-0.1004688,-0.3469065,-0.3395689,0.05266025,0.04636651,-2.370988,0.08253088,0.006412015,-0.004559183,0.0003868249,0.226848,-0.0416447,0.2520119,-0.01140571,0.3177948,-0.03211515,-0.1971301,-0.1982254,0.04732065,0.04145974
-0.4388351,-0.284825,0.02085469,-0.02353325,0.009659436,0.3082185,0.3800132,-0.4915243,0.09588701,0.02713503,-0.3796973,0.3245605,-0.009564131,-0.5651546,0.4231488,0.006011474,-0.001256046,-0.0617633,-0.4190167,-0.006099928,-0.1925813,0.2808143,0.05035124,-0.2039465,-0.1891636,0.4306529,0.02379694,-0.05800129,0.3020223,0.4432647
0.6188263,-0.1903982,-0.01395186,-0.1755184,0.1792679,0.00194894,-0.1547302,0.002054219,-0.0231245,-0.09359168,-0.2928792,-0.2246338,-0.1802782,-0.09189421,-1.41396,-0.1214064,0.07552999,-0.2830672,0.08706576,-0.02540654,-0.4624478,0.7250034,-0.03795361,0.4216217,0.444129,0.0004757692,0.01982266,-0.3802123,-0.01635502,-0.1535957
-0.266115,0.4646697,-0.2799048,-0.006975879,0.1337759,0.1783208,0.001664692,0.001165998,-0.2302243,-0.2818615,-0.131909,-0.07093483,2.061278,0.1072534,-0.2390211,-0.02564005,-0.4202061,-0.1441719,-0.02038335,-0.4804924,0.06714058,0.2731402,0.04086002,-0.003288228,0.002713029,-0.004384874,-0.00352932,-4.854656,-0.8382519,0.1985464
0.5554805,-0.01343978,0.373608,-0.4921465,-0.8382418,-0.3436926,0.3828932,-0.4828075,0.1370084,-0.8524736,0.08046359,0.1150468,-0.516652,-0.1954379,0.2139441,0.2198936,0.4310147,-0.1362917,0.624359,-0.009722211,0.4090872,-0.07793304,0.04068133,-0.4992659,-0.1317428,0.08009519,0.03472509,0.01843347,-0.1115641,-0.3643343
-0.2905838,0.4918096,0.08005017,-0.05381985,0.256868,0.1371298,0.6277764,0.2923395,0.3956869,0.2959912,-0.09790107,-0.4134871,0.2722514,-0.01091317,0.2104252,-0.3789108,0.09028092,0.3859943,0.324867,-0.3393642,0.01905829,0.3492786,-0.3549697,-0.00905777,-0.2198979,0.3565569,0.0102594,-0.3949047,-0.02055198,0.3556249
-0.258057,0.01081422,-0.1446208,-0.08703238,-0.4500808,-0.3350489,0.01455897,0.4263224,1.401001,-0.03532665,-0.263783,0.3546215,0.4079032,1.35723E-05,-0.1194841,-0.4215765,0.05270155,-0.3563375,0.04219544,0.527372,0.01779372,-0.4791727,-0.04210781,0.1749362,0.2252044,-0.0005004834,0.1468964,0.08211488,0.982273,-0.4859858
0.2336905,-0.05038297,-0.4428733,0.2395964,0.01743451,-0.1928541,-0.02864287,0.1198123,-0.2033779,0.002484869,0.3835053,-0.001010926,0.3333528,0.2298087,0.2587396,-0.0166786,-0.2289968,-0.0291991,0.2520067,-0.002007658,-0.3144048,0.03159503,-0.1015947,0.414902,-0.1886579,-0.1032767,0.07832966,-0.1457409,-0.3071805,0.03538437
-0.008328736,0.002479536,0.8703319,-0.007132058,-0.2118259,-0.176618,-0.0005295954,0.437276,-0.3679117,0.1356035,-0.145113,-0.4259721,-0.07530095,-0.4916774,0.0002905583,0.2419752,-0.1300289,-0.05925154,0.04962907,0.2719524,-0.004200303,-0.3394152,0.06894988,-0.04649225,-0.1593275,0.6221597,-0.3293173,-0.02690091,-0.1435542,0.2538417
-0.04365689,0.006928358,0.1415342,-0.4593219,0.1781599,-0.08280096,-0.1315024,-0.2017703,-0.1238018,0.0158692,0.2298518,0.1596652,-0.007728173,-0.1044034,-0.1123126,0.9040793,0.06750964,-0.03232892,-0.002009542,-0.01808665,-0.06715599,0.3661214,0.2557395,-0.3998194,-0.02651867,0.153484,0.3262852,-0.001475172,0.01216751,0.000117224
0.2672324,-0.01921946,0.08776356,0.3963694,0.2077339,-0.3885591,-0.8127951,0.01882895,-0.1333929,0.414427,-0.3438753,-0.09336919,-0.1947597,0.363133,0.002069275,0.1988207,0.3179561,1.6946,-0.07537324,0.0001192429,-0.0667979,0.3450551,-0.4969221,-0.01265018,0.2217704,0.2546618,0.3532165,-0.490119,-0.7192596,-0.1418607
0.1787853,-0.3344936,0.3655389,0.0001004933,0.0006858962,0.3859339,-0.3815786,0.3222115,0.09487778,0.1001043,-0.02568254,-0.13533,0.1868784,-0.009157388,0.922728,-0.3009638,-0.1361648,0.4194036,0.496729,-0.06457752,0.06831492,0.02744895,-0.2920212,0.07162172,-0.08698988,0.2564245,-0.06760576,-1.189958,-0.6371843,-1.296232
0.09433454,-0.00753392,0.3696028,0.3209693,0.1913931,-0.5097324,-0.1767408,-0.4265809,0.00476085,0.05001467,-0.3300427,-0.294917,-0.006915051,0.2883039,-0.689673,0.4992102,-0.4151272,0.1676216,-0.3723722,0.04867512,-0.007248692,0.02069543,-0.1532341,0.06514914,2.079643E-05,0.8461554,0.04098123,0.0194327,0.4274166,-1.369803
-0.01578862,-0.8222771,0.07145661,0.0004979069,-0.194718,-0.001821642,-0.9047881,0.2838103,-0.4605819,0.02477652,0.104523,0.5173405,-0.763495,0.3404465,-0.05212693,0.3251956,-0.01868862,0.4221636,0.2803642,0.2070653,-0.3122442,-0.004374461,0.08166707,0.4121422,-0.08178112,0.4190215,0.3139235,0.0779774,0.3429753,0.00898538
-0.4776087,-0.3338352,-0.006503642,0.2002826,0.3988557,-0.3965902,0.0038047,-0.3836409,0.03694591,-0.2959479,-0.3078062,0.1915586,-0.3640747,-0.3282796,0.1761302,-0.3773457,0.1042109,0.1838385,-0.06629449,-0.04823472,0.873641,-0.02658344,0.1736693,-0.05396461,-0.5663323,0.374363,-0.3041964,-0.4963312,-0.1089082,-0.04708308
-0.3255261,0.2001131,0.421929,-0.01456469,-0.4237355,0.706823,-0.014541,-0.007177256,0.3052323,-0.08658582,0.0006326885,0.02314872,0.1262534,-0.02074191,0.1959834,0.478742,-0.1559859,0.08481828,0.2270712,0.1384645,0.4658853,0.2163614,0.04274029,-0.5245336,0.211305,2.323901,-0.06970046,0.01732793,0.3787642,-0.03214704
0.1104259,0.1216051,0.1936415,0.2237213,0.02813701,0.2297573,0.157889,0.1077483,-0.4640348,0.08591555,-0.004207631,-0.07754558,0.05732304,0.01539326,0.6179371,-0.0709247,-0.2107166,-0.0114625,0.01359263,-0.3370829,-0.8329396,-0.05540963,-0.3728468,0.1194893,0.06493051,0.111364,-0.4263377,-0.1675829,0.0001966414,-0.0007249254
0.1597344,-0.08060035,0.01103108,0.0540591,0.008534125,-0.3994727,0.6893527,-0.1103532,-0.3979552,-0.3218344,0.02637243,-0.2852437,-0.9750521,0.3879187,0.3043323,0.111373,0.1051969,-0.4778328,0.3244197,0.05560702,-0.1571797,0.01121829,-0.1073339,0.07825122,-0.2848347,-0.6153578,0.4534292,-0.00416556,0.3818976,0.1620569
-2.169077,0.03680535,-0.4830483,0.02393537,0.1722331,-0.2940315,-0.1026001,-0.7020028,0.2253297,0.004254106,-0.742897,-0.4212143,-0.09556802,-0.01900716,-0.4295854,-0.08336681,-0.0008478113,-0.2718912,-0.7211285,-0.09974031,-0.336979,-0.5168653,-0.09957236,0.0369786,-0.0004573223,0.04532034,0.5862449,0.1105339,-0.2966603,-0.2081397
-0.06199564,-0.4230284,0.2153571,0.2824084,0.3601259,0.434254,-0.9627289,0.667433,0.4723538,0.1294124,0.1382661,-0.2747163,-0.0002805377,0.4397856,-0.6008668,0.5489556,0.01251441,-0.2424737,-0.6430333,-0.1494684,0.1460535,-0.2081795,-0.003812379,0.007249412,-0.265693,0.013751,0.3643926,0.0727851,0.01858065,-0.003184825
-0.09652085,1.586968,0.1969098,0.06467015,-0.0003387754,-0.1751866,0.04349167,0.06827515,-0.003044388,-0.2076991,-0.003181551,-0.2810525,0.3813092,0.06493421,-0.01152562,0.0002386512,0.003946019,0.1542106,0.1472204,0.01730479,0.1877558,-0.06773493,-0.02448754,0.03761451,-0.398514,-0.3685211,0.004766456,0.3066801,0.2384569,0.1991394
;
0.2156568,-0.05042233,0.06064429,-0.5509215,0.02085411,-0.0009129571,-0.4740451,0.003643695,2.742419,0.2280462,-0.01151943,-0.2554693,-0.3639997,0.2687557,-0.423974,-0.3866687,0.03023372,-0.4643252,-0.0007401178,0.03076071,0.345393,0.06201548,-0.2297736,0.3621432,-0.3905323,0.007588618,0.04418711,0.0317733,-0.09131294,0.05011531
-0.05375177,0.04033983,0.2844644,-0.07221567,-0.01877812,-0.02104199,-0.04071982,-0.147376,-0.3654981,-0.001682961,-0.02952476,0.01592704,-5.54809E-05,-0.0007710324,-0.1905481,0.2201661,-0.0005078728,0.02878714,-0.2313514,0.2196203,-0.006592897,-0.1642559,0.6179953,0.6469939,0.2813165,0.01715344,0.3908669,-0.01851863,0.2096305,-0.0001025059
0.239885,0.4721278,0.2949256,-0.2300596,-0.002240649,-0.2070108,0.1616475,0.001482123,-0.7966207,0.2257895,0.4417942,0.1204996,0.1142345,0.2985406,0.01768225,-0.3761528,0.2165224,-0.08066458,0.1497729,0.02622384,-0.004826773,-0.4728568,-0.1995649,-0.128071,-0.3793341,0.2124682,0.09511572,-0.02728291,-0.5533441,0.1693418
;
-0.05352327
0.2989755
0.4391577
0.009905198
-7.600033E-08
0.1554273
0.07145453
-0.7198682
0.04837445
0.3507226
0.320846
-0.006274371
-0.3253987
0.0001417634
0.0720759
-0.001649439
0.08987147
-0.1380748
-0.1074573
-0.03806299
0.02600285
-0.04817148
-0.1814732
0.1110808
0.2387949
-0.04237577
0.5631481
0.1666521
-0.2145246
0.05325645
;
-0.2485951,-0.0009481405,-0.4186364,-0.1559969,-1.584201,0.284157,0.005263986,-0.04116558,-0.3314286,0.4166786,0.00962481,-0.299128,-0.5209056,-0.03479236,-0.6842524,-0.1666968,0.01455537,0.04533146,0.3824973,0.2306016,0.01883346,-0.06444257,0.1170307,-0.09287041,-0.009498985,-0.07687825,0.04685527,0.004868029,0.003727003,0.3553352
0.4512394,0.05479316,0.7182391,0.07877702,0.006175975,-0.1865402,0.1739021,0.01563681,0.1287441,0.1369587,0.1486248,-0.1003456,-0.0577123,0.01771729,-0.2442207,0.03579367,-0.3438623,0.08000354,0.4977114,0.3215306,0.2804229,-0.3570731,0.01366654,-0.2668735,-0.03123765,-0.2087554,-0.1267369,0.06064177,-0.007906496,0.06396974
-0.129867,0.4912256,-0.08763409,0.293135,-0.007850792,0.1079037,0.5229867,-0.1242489,-0.02154858,0.03792333,-0.6223295,-0.4925153,-0.2249746,0.4086975,0.2229831,0.1673426,0.09225578,0.3167471,0.1191247,0.2431154,0.003588933,0.4624114,0.0867182,-0.04052427,0.4744678,0.3842328,0.395485,-0.2511508,-0.3101599,-0.1823278
-0.2766626,-0.2462865,-0.3957117,-0.08291403,0.4596749,0.2748778,0.860379,2.276438,-0.08382399,0.4665632,0.1906922,-0.02752944,0.02678024,0.09097904,0.03703938,-0.110437,-0.2488577,-0.165908,-0.5690987,-0.4913172,0.2687857,-0.05776948,-0.01324345,0.3549966,-0.151049,-0.003879506,0.2259665,-0.1994016,-0.4151374,0.2041699
0.008548993,0.1731216,-0.02726627,-0.0003705523,1.365025,0.0007419993,-0.05595194,0.03031581,0.0928497,-0.3200156,0.0002605319,0.116549,-0.2246987,0.2966949,-0.02252931,0.0008932452,0.3168623,0.2924839,0.3771631,-0.09183828,0.05185694,-0.02275908,-0.004381601,-0.03711751,0.3220656,-0.3229128,0.1916476,0.2513885,0.1186418,-0.4064388
-0.3012934,-0.06141086,-0.08214787,0.4475302,-0.4409355,0.1528684,-0.2746161,0.07346062,0.2096868,-0.1438758,0.4201304,-1.510728,0.04406253,-0.1002485,0.7188675,0.1374884,0.48432,0.09167501,-0.08750507,0.002671351,-0.1758036,0.05369288,-0.2822313,-0.4087644,-0.3083141,-0.1060764,-0.07419366,0.04172736,-0.1250632,-0.1469429
-0.1217594,-0.08905283,-0.06467809,0.01780752,-0.2734714,-0.4013941,-0.1988658,-0.001897366,0.1784469,0.2486603,-9.350666E-05,0.4350015,0.1493595,0.1714821,-0.2832715,0.2215051,-0.0986111,-0.4239211,0.0001978033,0.4283351,0.4641643,0.1166014,-0.2098561,-0.09960014,-0.2114127,-0.4755546,-0.01526028,-0.1740236,-0.1101285,-0.02916385
0.3593535,-0.07372431,0.4808434,0.4357183,-0.2291424,-0.5448967,0.2349681,-0.2947334,0.4640043,-0.1366945,-0.1198266,0.4833431,0.04403848,-0.007426579,-0.08492047,0.3350208,0.4570601,-0.04268536,0.01040965,-0.04844727,-0.3698187,-0.2231558,-0.3452085,-0.00149836,0.03558476,-0.3726534,-0.01729061,0.1363984,-0.1052745,-0.06825469
-0.6257632,-0.3197986,0.3494679,-0.5513664,-0.4221486,0.04691412,0.4917125,0.1920542,0.3564335,0.002311765,0.4432739,0.03302997,0.07778078,0.06141946,0.6192023,-0.3797706,0.3818154,-0.03244,0.01291355,0.3052793,-0.282113,0.2099143,0.3479716,-0.099694,-0.459944,-0.04978266,0.1088697,-0.4924616,0.04177576,0.4693603
-0.04515556,0.01835934,-0.8182961,0.02861114,0.05727309,0.3081697,0.006801798,-0.01095762,1.345058E-05,0.3323429,0.3413165,-0.2106398,-0.001360156,-0.3024468,0.3327828,0.1055272,0.1211224,-0.08227628,-0.06721526,-0.09897495,-0.2299942,-0.1364442,0.001585269,0.1081833,0.04125899,-0.03176261,-0.01690005,0.2446093,-0.2593669,-0.1830948
-0.02171041,-0.1077258,-0.5973156,0.1663784,0.5655607,0.00202666,-0.002951127,0.597885,-0.40764,0.542855,0.4160666,0.230021,-0.393217,-0.03048423,-0.003205494,-0.1957625,-0.05522241,0.01071456,0.1301311,-0.02131945,-0.1316086,-0.06363124,-0.2629091,0.03088732,-0.1463187,-0.4049295,-0.0656888,0.0631941,0.4959015,-0.006026
0.1053493,0.0005814686,-0.7412128,0.1943536,0.1265224,-0.04235912,0.01035872,-0.1965172,0.2131747,0.04825898,0.1026262,-0.07491814,-0.0007035988,-0.05550183,0.01248742,-0.1678767,0.06066332,0.4346124,0.1989305,-0.2118217,-0.2617847,-0.5889698,-0.1839706,-0.2767545,0.4460998,0.003594252,0.4079419,0.006928647,-0.03888673,-0.001206046
1.043009,0.3489399,-0.4704483,-0.05090269,-0.2251933,0.4281538,0.05360384,-0.2103056,0.387906,0.09578222,-0.2262713,-0.3368529,0.2657479,0.05309835,0.006916462,0.07550114,-0.7083514,0.02140778,0.3346672,-0.001281358,0.0965604,0.06789604,-0.08150062,-0.4103703,-0.09227625,-0.0008327995,-0.01067222,0.2546053,0.08783141,-0.2217773
-0.098574,0.02834016,0.01959286,0.01873909,-0.6940476,0.002219805,0.1688118,0.3097271,0.01967155,0.9269645,0.01298195,-0.06680582,0.004305184,-0.2584127,-0.0001852843,-5.874534E-05,0.1590822,0.1981871,0.08676444,0.4816813,0.2984829,1.458801,-0.2628381,0.00900239,-0.05751787,-0.05958985,-0.05080541,0.6940326,0.226456,-0.05705159
-0.4076667,-0.4967365,0.09703852,0.003367353,-0.1108567,0.4138944,0.2850287,-0.1701263,-0.233584,-0.01888192,0.05716816,0.3189059,-0.06979722,0.02755433,0.3856973,0.04520312,-0.002953159,-0.9811037,0.2194521,0.1890222,-2.682579E-05,-0.06750764,-0.01971275,0.04920099,0.4678564,0.3654795,0.1097599,-0.3380293,-0.38888,-0.02342123
-0.009243169,-0.1803697,0.01546939,-0.0974163,-0.1743371,0.04237753,0.0383784,0.3031648,0.6080214,-0.1132651,-0.3125839,0.4501535,1.477086,0.09469527,-0.210359,0.4315277,-0.4369071,-0.03338591,0.07808566,0.1865662,-0.2521399,-0.1927055,0.02693828,0.1233549,0.3262817,-0.06782174,-0.4040907,0.3848451,0.22596,-0.06636158
1.118875,0.1581962,0.007631514,-0.3018878,0.3353254,0.01671035,0.08676139,0.0471051,-0.01105186,0.4073403,-0.5551003,0.4897313,7.70705E-06,-0.3293692,-0.4220161,-0.08641837,-0.05212623,-0.08637351,0.4427333,0.4741033,0.832581,0.449856,0.01716461,-0.3103259,0.0005146366,-0.7307824,-0.8239848,0.3180157,-0.340079,0.04191166
0.04301527,0.09951073,0.4026706,0.08550922,-0.07437688,-0.4605776,-0.7787682,0.009980117,0.06986377,0.385891,-0.03651483,-0.002762669,0.3067842,-0.002465924,0.1729996,-0.1516039,-0.6236867,0.03260044,-1.421587,-0.06111209,0.4971878,0.2517757,0.4423214,0.09297663,0.209923,-0.1159914,-0.4632653,0.04115938,0.3213218,-0.5162405
-0.3702807,0.5398718,-0.2118414,0.2503638,0.02648996,0.01688156,-0.01957064,-0.06197673,-0.3257523,0.05830115,1.725379,0.09816932,0.03021747,-0.1644524,-0.01840856,-0.3699151,-0.009071653,0.2721119,0.02998281,0.100019,-0.3970319,0.1916591,0.07900883,-0.07660168,0.04145042,0.4941266,0.001481222,-0.07785178,-0.04867945,0.05323603
0.2737771,0.6729463,0.01185348,-0.4822191,-0.0002728628,0.3692665,-3.359174E-05,-0.7672599,0.05054541,0.08987289,0.02012132,0.06063098,-0.0008077077,0.1254263,1.183974,0.052359,-0.08003347,-0.09740382,-0.002051796,0.06758159,-0.2857324,-0.1140326,-0.3320003,0.1024162,-0.1389728,-0.2760026,-0.2629131,0.4145575,0.2699257,0.1659545
0.848267,-0.482484,-0.3244733,-0.2108974,0.05030562,-0.07151078,0.09093601,-0.4901961,-0.3032162,0.06704941,0.4694937,-0.1050274,0.284089,-0.01931743,-0.4936504,-0.02009273,0.1923582,-0.08401472,-0.2206178,-0.7288913,-0.033425,0.08893222,-0.2652186,-0.1562049,0.3506449,0.2015491,-0.3921133,-0.002421439,-0.006478998,0.07468802
0.3757466,-0.004606247,-0.001636583,0.6015682,0.3672816,-0.004547374,0.4979945,-0.3735074,0.01850299,0.2759452,0.1618119,-0.0009747659,0.01329411,0.3068393,0.02924699,0.3925231,0.01417084,1.369364,-0.425727,0.1127765,-0.2536175,0.01249025,0.04382378,-0.471177,-0.001853102,-0.5014015,-0.1677548,0.0524102,0.01307082,0.8646246
-0.4407064,-0.5514191,-0.3926324,0.1021142,-0.7191513,-0.2820953,0.3111396,0.401987,0.2283131,0.3223009,0.3282747,0.02075285,-0.4772288,0.2297908,-0.3767224,0.1321608,-0.008400142,0.004937248,0.1257658,-0.2447398,-0.393791,-0.1459951,0.001907647,0.5223832,0.2167262,-0.07569016,0.4691679,-0.4564162,0.09116966,-0.02796243
-0.2355862,-0.005685529,0.2125531,0.4868506,0.08321244,-0.01059043,0.1813085,0.04896982,-0.008055253,-0.02510494,-0.01101653,-0.273998,0.2355134,1.0638,-0.0948437,0.08473045,0.5964419,0.02475893,-0.248889,0.4148169,-0.08164807,-0.01921173,-0.07923645,0.01985858,0.06304854,-0.03653613,-0.004167287,0.003854261,0.06645101,0.14223
0.003151652,-0.2107948,-0.4498259,-0.06622498,0.3066652,-0.2242365,-0.040404,0.2323971,4.005514E-05,0.4972733,-0.01299542,-0.04315626,-0.2782236,-0.1503064,0.4690379,0.0218925,-0.4364477,0.02853426,-0.4272159,0.19977,0.06260628,-0.4791235,-0.3897755,-0.1563067,-0.4396116,-0.05604523,-0.1462883,0.1086934,-0.1058209,-0.001703498
9.342458E-05,-0.3623807,0.324531,-0.2694377,0.3761765,0.4054239,0.2649,-0.003081767,0.2237928,-0.2561663,-0.0002582906,-0.01211258,0.01391483,23.87787,0.6751934,0.3555222,0.4070465,-0.7035456,-1.151516,0.09080881,-0.3683466,0.4279808,-0.4618267,0.2273237,0.006741808,1.022539,0.03221411,-0.1902774,0.5281758,-0.2573152
-0.3618162,-0.4911516,-0.1890555,0.007559976,0.02407187,0.005353002,-0.06931348,-0.1274447,-0.0005658718,-0.07680315,0.04597704,0.222468,-0.339941,0.07946616,-0.2520406,-0.003682468,0.01167873,0.04713323,0.1154658,-0.05503925,0.02448467,0.3440193,0.2479862,0.1733509,0.4395642,-0.1199843,-0.01345214,-0.1242359,-0.002586692,0.3862784
-0.4749489,0.08047968,-0.01626035,-0.3291621,0.4177856,0.1021418,0.0588613,-1.13706,0.2951726,-0.09610483,-0.0443591,-0.4362684,0.05759558,0.02684397,-0.0002544592,0.233963,-0.05504932,-0.01224216,-0.006416078,-0.2514933,0.0009459541,0.5569539,0.07361192,0.1990744,-0.0709905,0.1846991,-0.3556992,0.2773028,0.02027761,-0.0106367
-0.1113371,-0.3241352,-0.06045339,-0.0005953997,-0.2934597,0.03207524,0.02247797,-0.6908324,-0.1917909,0.4914939,-0.001357679,-0.1240761,0.1989298,-0.003206091,-0.4170609,-0.4146298,0.007313134,-0.151483,-0.6139166,0.03619907,-0.01838671,0.06677908,0.04336554,0.2386622,-0.3102856,-0.01095365,-0.1863176,-0.1149717,0.426442,-0.1708549
0.5706972,0.3561392,-0.1776525,0.001299301,0.05670696,-0.024117,0.07749258,-0.1108362,0.09161952,-0.04972237,-0.01017958,-0.7567112,-0.2941075,-0.2934369,-0.005210742,0.09348994,0.4332896,-0.06095022,0.104142,-0.393479,0.2183144,-0.1415782,0.01312582,-0.3825901,-0.002464374,-0.3374851,-0.08493614,-0.1359008,-0.1314322,-0.06584928
;
0.3120497,0.6770833,0.4876109,0.03343685,-0.4489511,0.2672931,0.325572,0.3501118,-0.5823723,0.1083689,-0.0002242555,-0.3049287,0.2467972,-0.02271543,-0.2407125,0.2155214,0.4921595,-0.435908,-0.1867807,-0.2676816,-0.0003663616,0.1401751,-0.4551326,0.08250187,-0.02678878,0.1885963,-0.08275742,0.02694765,-0.0300156,0.2281121
-0.3360522,-0.05990546,-0.008949211,0.126283,0.1392996,-0.00248455,-0.02767829,-0.01250423,0.4680674,-0.7036412,-0.05110354,0.04078399,-0.1020764,-0.02705265,-0.09313601,-0.01803796,-0.06898415,0.162157,-0.04829553,-0.461552,-0.4424889,0.003610302,0.01857627,0.338365,-0.2943051,0.04023639,0.1824713,-0.192,0.1892741,0.1941262
-0.09901149,-0.1556527,-0.3782096,0.6590934,-0.1550151,-0.1998978,0.1366346,0.02468652,-0.190537,-0.06893128,0.2699284,-0.1146296,-0.04114361,-0.0007683093,0.2456844,-0.07497574,0.1284937,-0.01886967,-0.2392316,0.1578571,0.2572088,0.6340619,0.3399018,0.1903073,0.07880069,0.1104339,0.1838302,-0.06586877,0.5601048,0.1610998
;
