-0.02189857
0.4744647
-0.5755597
-0.6045628
-0.001076246
-0.001759742
-0.004732328
0.02736869
0.6805426
-0.3014545
;
0.04695501,-0.009930343,-0.08940643,0.1725701,0.2013335,-0.4088659,0.0793334,0.5827927,-0.1895701,0.3306352
-0.01685714,0.00672301,-0.03286785,0.01532871,-0.46543,0.1390178,0.01025903,-0.06461884,-0.04327599,0.7251628
-0.6233755,-0.1897765,0.4029392,0.381822,0.25624,0.6535864,0.3869941,0.9343894,-0.109394,-0.08363268
-0.2463035,0.0005371125,0.03052749,0.02763076,-0.3322093,0.01258641,-0.003287386,-4.167396E-06,-0.6066419,-0.2299601
-0.08163067,0.008823344,-0.8639269,0.1346886,0.4793744,-0.01076704,-0.2675226,-0.6461946,-0.3034877,-0.3632929
0.3174238,0.4481623,0.2525827,0.1945159,-0.06683248,0.8800622,-0.01527399,-0.03607914,0.0007375273,-0.01146764
-0.1167187,0.07955109,-0.2168242,0.4191843,0.06629325,0.4582533,0.2401364,0.4405312,-0.5776535,0.3006434
-0.3294524,-0.2868394,-0.277555,-0.4597224,-0.4969594,0.2934725,-0.08660972,0.4235686,-0.05709905,0.3013544
8.09325E-05,0.3912787,0.0001637034,0.06986767,-0.0255745,-0.3598951,-0.01444122,-0.1496813,0.0351021,-0.4817653
0.0283298,-0.008815541,0.06190532,-0.3154153,0.2531173,0.6843755,-0.1220319,-0.04222388,-0.08730462,-0.1973009
;
-0.003934801,-0.1322697,-0.3459016,1.08443,0.1284399,-0.1173081,0.4270741,-0.01406568,0.4776025,0.3319876
0.4674224,0.3995522,-0.001931599,0.2977256,0.05030816,-0.2799731,-0.1618762,0.01744096,-0.01250816,-0.3740504
;
-0.2603546
-0.2124416
0.2375444
-0.1055086
-0.08740218
-0.2846847
-0.1111207
0.1090459
-0.6031123
0.3396047
;
-0.235522,0.493897,-0.1246511,0.1999982,-0.3104795,0.04851132,-0.1543988,0.179106,0.07909606,-0.006505578
-0.3949298,-0.439526,-0.04757569,-0.04703309,0.3556445,0.320819,-0.008560177,0.1428207,-0.1676099,-0.01121121
-0.1001376,0.2689204,-0.2181156,0.1336091,0.08065537,-0.0883137,-0.3334172,0.02392787,0.2343967,-0.2393619
-0.001047255,0.3561325,-0.2293848,0.2214018,0.07355064,0.2470421,-0.7618054,-0.01924725,-0.2256351,-0.06446725
-0.5790398,0.3804266,-0.05189455,1.098381,0.02587861,0.01062959,-0.09337348,-0.04536957,-0.2518904,0.09861714
-0.09937012,-0.2226006,-0.01386005,0.1314238,0.1162737,0.1179304,-1.455301E-05,-0.00326392,0.1348786,0.5641452
-0.3251233,-0.5210494,-0.4190589,1.185239,0.02334466,0.4220332,0.1814067,-0.4973381,0.1236095,0.002125189
0.07158325,0.3119242,-0.03826112,0.0197868,0.4480797,-0.185705,-0.7016516,0.4007111,0.01077858,0.00501836
0.07355589,0.3588067,-0.7595034,0.002633893,0.001257458,-0.2688736,-0.01119598,-0.1458464,-0.3189134,-0.1426959
-0.3099982,-0.05673841,0.3604472,-0.6565723,-1.872119E-05,-0.4652324,-0.004676396,-0.1080249,-1.274658,-0.1986191
;
0.3560587,-0.2280435,-0.2820322,0.003385423,-0.4073937,-0.08648359,0.1818031,0.02401062,0.4106386,0.007107198
0.4970632,0.3146634,-0.07128111,0.08041745,0.00863996,-0.06368977,-0.3504497,-0.3988955,0.2770904,0.08290578
0.2720853,-0.00477773,-0.3009889,-0.04461044,-0.0800882,0.05321962,-0.2954599,-0.1819008,-0.2435194,-0.2208796
;
