-0.01178402
-0.03487004
-0.009724096
-0.3122394
-0.2456521
-0.001759742
0.3961551
-0.0444414
-0.6805426
-0.6220922
;
-0.8256661,0.07518727,-0.5852054,-0.360617,-0.01461123,0.6204674,0.03965646,-0.1902211,0.06453436,-0.4478223
-0.009847774,0.00672301,0.6032082,0.4197257,-0.2547822,-0.2701755,0.006024328,-0.4732585,0.07381313,-0.4593737
-0.2097806,-0.2925853,0.7639912,0.001390464,-0.05846595,-0.03037018,0.3179165,-0.468379,-0.08857554,-0.06354114
-0.2463035,0.07083459,0.03052749,0.09050647,-0.3625473,0.00297332,-0.2084348,-0.1188544,-5.086325E-05,0.4690655
0.2614871,0.3373853,-0.3758138,-0.1346886,-0.1714953,0.01450766,0.0001403387,-0.1713393,0.3034877,0.09659177
0.3140714,1.305102,-0.1275559,-0.1568374,-0.214833,0.4845912,-0.09215731,-0.1321929,0.0007375273,-0.2232819
-0.09056945,0.08466524,0.2818248,0.4778081,-0.0800252,0.4744596,0.4198785,-0.4405312,0.4322934,-0.6008991
0.191157,0.001736376,-0.5361151,0.1168346,-0.2118551,0.1795682,0.03895627,-0.007425156,-0.154942,0.6148521
-0.1444439,0.2200745,0.1040202,-0.003456536,0.05332041,-0.3598951,-0.01064492,-0.0843062,0.1464456,0.3898661
0.04957938,0.008815541,0.00954634,-0.1018554,0.002866328,0.3010711,-0.07659383,0.04222388,-0.2787585,-0.207979
;
0.0008100851,-0.3664266,0.05633968,0.0001870909,0.4517078,-0.09399655,-0.05072948,0.02944726,0.4798859,-0.1840026
0.00550804,0.3167135,0.4027443,-0.3653609,-0.1509499,0.9258704,0.1173318,0.04195086,-0.01336303,0.01533836
;
-0.01606106
-0.2124416
0.06939773
0.3855907
-0.06176663
0.2459475
-0.09560283
-0.08132751
0.3431782
0.4107642
;
-0.1522712,0.09122614,0.1492393,0.2621533,-0.2119919,0.4601156,0.5190356,-0.3286998,0.07909606,0.4914954
0.4119506,0.1171887,-0.06451014,0.4376004,-0.05463737,0.2016557,-0.9185148,0.1483269,0.1755629,-0.01121121
-0.161656,0.1595232,-0.2181156,0.1307866,-0.5532427,-0.09700117,0.188748,0.2054305,0.2343967,-0.178034
-0.0004748879,0.08969248,-0.4502027,0.02794101,0.0009647016,0.05091238,-0.4753835,-0.7364628,0.09717437,0.06446725
0.6197462,0.4928045,-0.07210237,0.4043143,0.02587861,-0.1278034,-0.3560533,0.1782356,-0.2518904,0.07647324
0.1747676,0.3372962,-0.00425759,0.1314238,0.1341415,0.004151046,-9.731053E-05,-0.00983047,0.1388147,0.5641452
-0.3122222,-0.01483676,-0.000380658,0.1771843,-0.01288432,-0.4220332,-0.1814067,-0.4801211,0.06405073,-0.002125189
0.07158325,0.0253179,-0.149931,0.03722044,0.4480797,-0.2340707,-0.4790778,-0.01329165,0.02220851,-0.2575258
-0.07355589,-0.1802739,0.5338926,0.002633893,0.0007813607,0.2914829,0.008184956,-0.1691812,-0.4546524,-0.1426959
-0.3099982,-0.5823801,0.2708142,-0.4049855,-1.733238E-05,0.1030424,-0.3413839,-0.1407226,-0.4671338,-0.2633264
;
0.7106877,0.3271021,-0.3638913,-0.00268903,-0.1088302,0.04971858,-0.6419082,0.6449969,0.4106386,0.007107198
-0.5206653,0.5968326,-0.4791646,-0.03575718,0.00863996,-0.06368977,0.05650573,-0.3988955,-0.4825046,-0.4418931
-0.2720853,0.4810146,-0.5413201,0.1822148,-0.006532233,-0.05321962,-0.2954599,-0.07897812,0.3283783,0.00569131
;
