0.1770944
1.272197
-0.1550719
0.07919844
0.01540753
-0.4071704
0.1466382
0.00574261
0.04854941
-0.3198313
;
-0.8513871,0.4384421,0.3168162,-0.2078918,-0.0487085,-0.001246669,0.4412053,-1.199658,-0.03998142,0.2404506
0.0362127,0.1692676,-0.1115478,-0.4890803,0.01668816,-0.007360753,0.3292601,-0.0005245341,-0.4242001,-0.4151958
-0.001395384,0.01029931,-0.3665471,-0.3753061,-0.5198544,0.2144374,0.2100147,-0.0009157444,0.02315311,0.6181582
0.001159814,-0.4269093,0.01577395,0.244142,-3.28367E-06,-0.04198985,0.4402597,-0.2871604,0.3819171,-0.5825039
-0.02704367,0.05896383,-0.2288269,0.02547431,0.04090041,0.004662958,0.4740328,0.1471114,0.1941758,-0.4039196
0.0205163,-0.1946995,-0.02054354,0.4636415,-0.0004859704,0.3357118,-0.009545889,0.004065918,-0.008982249,0.08143892
0.06908955,-0.4588173,-0.1932583,0.01241536,-0.04537132,0.03611533,0.3409829,0.1452137,-0.08823906,-0.4761769
0.2436328,-0.3923516,-0.3042674,0.1759959,-0.303753,-0.2631507,-0.9777871,0.03986962,-0.05225284,-0.4823067
-0.02754457,0.0005973164,0.2864929,0.3473756,-0.5226507,0.3546751,0.1058513,-0.02202861,0.3073939,0.05881393
-0.1015263,0.3926809,-0.3682092,-0.02499884,0.160168,-0.01666445,-0.3809462,-0.09482387,0.1701562,0.3556097
;
-0.3037913,-0.06369892,0.1774329,0.003748123,0.08694451,-0.44911,-0.02190346,0.4003237,0.07222456,-0.1832545
-1.640737,-0.2109196,0.1962252,-0.3559682,0.1373767,-0.02371611,-0.08955219,0.01756878,-0.2379834,-0.006564362
;
0.4236188
-0.09081608
0.1631645
0.03812677
0.1118401
0.1843282
-0.06500276
-0.07133359
0.1770627
-1.215399
;
0.0338057,-0.1702362,0.0308858,0.0002678421,-5.300509E-05,0.1172581,-0.2594242,-0.0359424,0.01903169,-0.1067458
-0.1763106,0.4642687,-0.04369504,-0.01165277,0.004593234,0.07947563,-0.05316557,0.3672295,-0.00107187,0.3084196
0.06938416,-0.08250386,0.005398158,-0.03470771,0.1599701,-0.05767255,-0.1486913,-0.06471565,-0.4768836,0.2381334
-0.1917018,0.0007390113,-0.255345,0.001624361,0.09668513,-0.2380418,0.2159964,-0.03548497,-0.03749043,0.1379894
0.2179238,0.03439611,0.003264085,0.1519942,0.06335753,0.3112974,-0.09503371,-0.02980751,-0.2892014,-0.5092753
-0.2963536,-0.3494899,-0.1507312,-0.2277972,-0.02913501,-0.3793594,0.005867602,-0.00476035,0.09955043,0.1170254
0.4927484,-0.1409687,-0.2314931,-0.4160517,-0.2373123,-0.04926057,1.963901,-1.325625,0.1513512,-0.07533743
0.7971045,-0.1051375,5.296405E-05,0.02064306,-0.8282844,0.1137581,-0.3551297,-0.4079807,-0.08704372,-0.007414042
0.695983,-0.1789916,0.09686595,-0.4377102,0.1575258,0.1531378,-0.8343056,-0.2052934,-0.125223,-0.6331905
-0.0222477,0.4859267,0.05887437,-0.02190715,-0.087668,-0.1965907,0.165881,0.0946904,-0.0116184,-0.2948978
;
-0.05665192,-0.2104401,-0.2127637,-0.3718646,-0.7155379,-0.008231883,0.006607773,-0.009346556,0.6688443,0.196442
-0.08741066,-0.0009137829,0.1360054,-0.1040476,0.01113607,0.1811055,-0.2069442,-0.09513918,-0.0007899256,0.06277276
-0.006721383,-0.1417459,0.3133549,0.4861911,-0.3145751,0.2602799,0.09943419,-0.02789134,-0.7234001,-0.847775
;
