-0.02613687
0.5482842
0.2016443
-0.6045628
-0.4607101
-0.002350328
-0.004732328
0.2140303
-0.2528715
-0.3269393
;
-0.04695501,0.490896,-0.07338501,0.5685927,-0.2362604,-0.1808012,0.3275303,1.096742,0.09877175,0.3271936
0.003617164,0.0001409257,-0.1826593,0.4582145,-0.04095981,0.1755367,0.093456,0.07512345,-0.07381313,0.04904932
-0.06211113,-0.09419796,0.2779956,0.381822,-0.1874179,0.02883223,-0.3565657,-0.9343894,0.4531423,0.08363268
-0.2438857,0.001562851,-0.03052749,-0.04696376,-0.002789069,0.01584879,-0.0426051,-2.823691E-06,-0.4568591,0.2299601
-0.08163067,0.001897654,-0.3182963,0.2523029,0.4793744,-0.2049279,-0.1381095,-0.4236276,-0.143575,-0.3632929
0.1663044,0.822404,-0.2525827,0.2183803,-0.04108891,1.236775,0.06074029,0.04035643,1.051428E-05,0.03265053
0.2021402,0.03416683,-0.4188245,-0.2541145,-0.06629325,0.05872019,-0.01205215,-0.2657098,0.6364549,0.1210325
-0.2566147,-0.1771978,-0.3575006,-1.243609,0.03005736,-0.01538295,-0.4072275,0.3589504,-0.6302221,0.2234729
2.090863E-05,0.18933,0.0001637034,-0.3813277,-0.005150198,-0.1158442,0.0005227625,0.0128397,0.04209203,0.1719158
-0.0283298,-0.008815541,-0.1362011,0.4260267,0.3512596,0.6843755,-0.1220319,0.0638765,-0.07812429,-0.1973009
;
0.004718348,0.1609282,-0.3459016,1.08443,0.2409005,0.05422741,-0.6340275,0.3256634,0.4267761,0.05412135
1.563286,0.0132778,0.08591726,0.0936774,0.2242586,-0.5185877,-0.1084097,0.001064656,-0.00465277,-0.007680766
;
0.02229504
-0.4510122
0.05662897
0.1055086
0.1531706
0.1808905
-0.1746982
0.4020706
-0.4154937
0.2202406
;
0.1328282,0.10362,0.01312876,0.1993445,0.3743284,0.4265625,-0.05130702,-0.0173877,-0.4491262,-0.4172302
-0.05453795,1.502295,0.03242344,0.1183296,0.1111999,-0.01852467,-0.2535746,0.4074827,-0.009935041,0.01121121
-0.161656,0.2689204,-0.02373756,-0.02598897,-0.08065537,0.126303,-0.0949914,0.02409106,0.2229696,-0.2435641
-0.001793501,0.06241995,0.007095926,-0.055372,0.3149036,-0.3199737,0.04333897,0.08911543,0.009765468,0.04262853
1.189721,-0.1301789,-0.01307622,-0.9769629,-0.02587861,0.01201661,-0.1140153,-0.1404977,-0.2518904,0.05931671
-0.1265455,-0.09155835,-0.1706528,0.1314238,0.1661482,0.400402,0.32149,-0.01408693,-0.02774186,-0.1589456
-0.3251233,-0.02417257,-0.0005793577,0.2227721,0.1115486,-0.05964931,-0.1814067,0.4801211,0.03233328,-0.2196848
-0.07221053,0.2746327,0.1194972,0.06606103,0.05404836,-0.4887546,-0.3670164,-0.2334896,0.02548917,-0.4111554
-0.4807582,-0.0530526,0.1479899,0.6758122,-0.0007813607,-0.3858018,-0.1857764,-0.4148598,-0.05190699,-0.2000535
0.1177307,-0.3799099,-0.08663064,-0.8551649,2.497543E-06,-0.07764857,-0.0009560579,0.3434892,-0.07124358,-0.009446214
;
-0.594583,-0.8061098,-0.5353435,-0.003141885,0.1199376,0.2792219,0.0516376,0.05458581,-0.4106386,0.4873874
0.02867446,-0.1316867,-0.1711188,-0.03994333,-0.001308716,-0.06368977,-0.1712782,-0.4144062,0.906203,0.07461445
0.109898,-0.1450497,0.4360754,-0.1764949,0.008239298,-0.06580545,-0.7063622,0.2673957,0.01853229,0.007152951
;
