-0.2219035
0.05034584
-0.0837141
-0.4855996
0.4723047
-0.1286373
0.4560946
0.2959985
0.3446774
0.1592886
;
-0.2459465,-0.4394888,0.196599,0.01602,-0.08905393,0.1640591,0.4450126,0.4043015,0.2707806,-0.1139221
0.03602463,0.4812562,0.3936437,0.1873714,-0.1298125,0.005655706,-0.1485552,0.1000296,-0.469111,0.1982338
-0.1268085,0.2352943,-0.2173048,0.2304848,-0.4555269,-0.2156785,0.4712518,-0.1004366,-0.04844195,-0.03079051
-0.4027208,-0.07452542,-0.3218135,-0.4655355,-0.4749284,0.3971393,-0.4728361,-0.2505388,0.1095302,-0.3886925
0.193956,-0.4527218,-0.2281139,-0.09516498,-0.2430812,0.2667713,0.2571765,0.2888871,-0.03855437,-0.21841
-0.3512034,0.3307128,-0.3886691,-0.4992964,-0.4297307,-0.4635764,-0.1186314,-0.09694582,0.4270762,-0.2071646
-0.3555597,-0.05615133,-0.135735,0.2510411,-0.3241454,0.1612638,-0.4899031,0.07735091,0.1079332,0.1356184
-0.04997379,0.4408263,-0.1358796,0.09965509,-0.1009666,-0.413113,0.4025259,0.05782801,0.3821243,0.4720976
-0.3236195,-0.01499552,0.6370751,-0.08243078,-0.4769,-0.1435944,0.3246174,-0.3629781,0.365695,0.05184823
0.4018698,-0.2948055,-0.2878146,0.192103,-0.3268806,0.1444895,0.1421853,-0.3913194,-0.1467624,-0.3054359
;
-0.3313011,0.1934365,-0.09568673,0.15433,-0.3161094,0.1769919,-0.362506,0.446926,0.22066,0.09950608
-0.211963,-0.001646459,-0.465212,-0.0008146167,-0.4168934,0.2845838,-0.1213891,-0.2035198,0.4895332,0.09554356
;
-0.2855482
0.4311025
-0.3462624
-0.4517893
-0.2031521
0.09099112
0.3568794
-0.2699187
-0.4910478
0.3695644
;
0.1102615,0.003692091,0.2934242,-0.7174773,0.8048589,-1.398119,-0.5108159,-0.220382,0.3593072,0.1373968
-0.3263131,-0.4172821,-0.1437809,0.01242281,0.236526,0.003640907,-0.1990084,0.3396521,-0.1522492,-0.00288837
0.01513594,0.1496971,-0.4918062,-0.064528,0.1595635,0.7753156,-1.71263E-07,0.4931829,-1.360494,0.1901609
-0.3935213,0.02917964,2.20674E-05,-0.1889242,-0.2011,0.07686454,-0.01191829,-0.1871234,0.02850519,0.435715
-0.01638199,-0.4353218,0.2983966,-0.08479589,0.3354737,-0.06577045,-0.0003264666,-0.1514632,-0.1390395,0.006859765
0.01562456,0.04117664,-0.06772071,-0.1624206,0.6294519,-0.041424,-0.1029205,0.02971584,0.5235639,-0.1584079
0.4316113,-0.002861463,0.0006676591,0.2013097,-3.144275E-05,-0.1514203,0.692605,0.4028367,0.0593149,0.4297632
0.1710147,0.1101278,0.0224579,0.005588027,0.0003425617,0.04862398,-0.07408534,0.03916143,-0.001391285,0.01308361
0.006602585,-0.01192314,0.0291472,-0.02934033,0.291818,0.5454068,-0.8187017,-0.321173,-0.02505493,0.4084513
-0.3367077,0.01517214,0.07530174,-0.1414517,-0.8105426,0.03697502,0.1476658,-0.2030633,0.2783525,-0.2401434
;
-0.5981754,-0.3414344,0.1080309,-0.001991739,0.1346515,-0.006245875,-0.1378838,0.002635065,0.4471666,0.01745529
5.339963E-07,-0.1302288,-0.4176068,0.1964751,-0.04892223,-0.006981427,0.2243235,-0.04720028,0.1030482,0.4201953
;
-0.003493831
0.3351265
0.2150361
-0.02785662
0.06851218
0.3215331
-0.434837
0.06330627
0.005454213
-0.3311075
;
0.3332713,-0.44067,0.05412457,-0.423803,-0.09285594,-0.03443104,-0.02537795,0.1137156,-0.07062409,0.1252782
0.01583079,-0.1620008,0.004692455,0.03487808,-0.03094751,-0.5306014,0.1112693,-0.6945088,0.305779,-0.03863775
-0.3614043,0.1794742,-0.4818816,-0.04631107,0.2789139,-0.01967257,0.40412,-0.2931849,-0.4612508,-0.4011201
-0.1910393,0.1471281,-0.542235,-0.790261,-0.0006614682,0.03415632,0.1823252,-0.03951071,0.009631863,0.1877746
-0.177825,0.3123428,-0.4372582,0.002324081,-0.02650994,-0.3445143,0.01120492,0.1058821,0.1268753,-0.1486269
0.3101789,-0.1896997,0.1365308,0.4907173,0.8116452,0.2343177,-0.305647,-0.2694843,0.3010177,0.5417959
-0.06694416,0.05578677,0.06747323,-0.01734624,-1.144138,0.1398715,0.007397115,-0.6237378,0.6314698,0.3277111
-2.254574,0.07615443,0.01688962,0.08197552,0.1178827,-0.1666345,-0.2224829,0.01599999,0.02775616,-0.5386825
0.0014475,0.2823944,0.002190393,-0.01111634,0.01660365,-0.001586939,-0.1294525,-0.1262393,-0.06216449,-0.00338817
0.3498321,-0.07435784,-0.1379679,0.1704314,-0.2702457,-0.01555122,-0.2903102,-0.2067669,0.4664669,0.009797481
;
-0.5766302,-0.006179823,0.2975344,-0.1688786,-0.3768629,0.4016348,-0.5893151,-0.1512085,-0.2126043,-0.06617055
-0.3688342,0.009865862,0.4032486,0.117535,0.2297105,0.4355668,-0.009391801,-0.04108888,0.09328884,-0.4732965
-0.1430722,0.1291125,0.08695556,-0.0598216,0.0001413716,-0.01458945,-0.3648808,-0.1286125,-0.3413125,1.976741
;
0.06222028
-0.01390988
-0.04370397
-0.08252567
-0.01121563
0.003565119
-0.1052579
-0.06710809
0.3378347
-0.0007678395
-0.3519207
-0.04266777
-0.4407619
-0.1937681
0.1861918
-0.009551139
0.02465573
-0.1819981
0.03900681
0.3939253
0.2924876
0.2603494
0.3962187
0.07233147
-0.04181638
0.3372146
-0.1393412
-0.004613766
-0.06519838
-0.9779321
;
0.3399448,-0.3398714,-1.250067,0.4908522,-0.02673033,-0.1797453,-0.1397949,0.3019227,0.1748033,0.1000138,0.1470926,-0.1557667,0.2854539,0.001152619,-0.5801913,0.3563976,-0.3902856,-0.06358789,-0.143388,0.3594966,-0.08211972,0.007431522,-0.3863683,0.00419986,1.460483,0.3410172,0.06904203,0.4015795,-0.2808353,-0.4153177
0.09490368,-0.1697618,-0.772119,0.2266442,-0.3758196,0.1556762,-0.2056041,-0.02862734,-0.1389379,-0.0858007,0.4025792,-0.2399443,-0.1997949,1.536925,0.1478132,0.1479521,0.286759,0.1344887,0.0163975,0.0827527,-0.1084909,0.02655886,0.4535248,-0.2411472,0.4607038,-0.09039786,0.05839683,-0.06195268,0.02243885,-0.03195546
-0.3107476,-0.301649,0.5617103,-0.280744,-0.05497221,0.5667036,0.391434,0.3626114,-0.5078063,-0.1922671,-0.5300869,0.1087883,-5.30727E-05,0.1980895,-0.730122,-0.2463094,0.05467974,0.4293983,0.4198742,-0.07996549,-0.00239197,0.1622116,0.01042419,-0.7050877,0.08492652,-0.4428928,0.1092301,-0.4006435,0.3784637,-0.001787186
0.04067473,-0.324308,0.3589048,0.03161235,-0.02256849,0.43071,0.1178458,-0.3041722,0.1024221,0.478515,0.5955931,0.3061507,-0.3157132,-0.4341017,-0.07924463,0.3219572,0.4420339,0.1208021,0.09891349,0.4002014,0.3451093,-0.1350929,0.4446263,-0.2863847,-0.1270451,-0.1330766,0.4526241,0.4179584,-0.05432159,-0.4577053
-0.5030048,-0.4619662,0.01594803,-0.4343331,-0.3311712,-0.5998425,0.1882136,0.2434261,-3.841672,0.3533682,0.3880552,0.02528816,0.1152864,-0.05642644,-0.05308907,0.05491218,-0.06944229,-0.08910362,0.3073453,0.3771949,-0.4415016,-0.03891243,0.1536129,0.2089562,0.1972663,-0.2363986,0.00560474,0.04097332,0.4301877,-0.01667332
-0.09010922,-0.2142972,-0.1316369,0.3671111,-0.001026677,-0.04617184,0.02091282,0.2988844,0.4949658,0.04391685,-0.3391815,-0.1787809,-0.09265257,0.02263635,0.4950156,0.02800597,-0.04242245,0.1045661,0.2535862,-0.5340475,0.05338794,-0.4163158,0.1585188,-0.2936541,6.560799E-05,0.02404244,-0.1379095,0.1504479,-0.2651118,-0.01433168
-0.001520298,-0.5382457,-0.04201879,-0.01661365,0.3274291,-0.2261371,-0.1712207,-0.1091785,0.4441617,-0.03090797,0.7075945,-0.2548524,0.4204813,0.1561811,0.2435907,-0.1280286,0.1710874,0.3272212,0.01956013,-0.03216442,-0.02274664,-0.03540485,-0.1291455,-0.8782787,0.7734495,0.02705742,-0.1496996,-0.00564152,0.2272367,0.02248309
-0.1510159,-0.004285126,-0.1226651,-0.01519236,0.4482928,-0.1693573,-0.484066,-0.2940111,0.008079685,0.1244381,-0.4408251,0.1575627,0.1471533,-0.006573683,-0.9654445,0.8434486,-0.2351149,-0.4466742,-0.1381081,-0.009491876,0.0117902,0.07267326,0.4742666,-0.03041869,-0.002844553,0.02516514,-0.06017891,-0.04801936,0.1998943,-0.01378615
0.4551712,0.06679162,0.6641551,0.0004582717,-0.002900601,-0.2193075,-0.02193483,0.4406705,0.1082499,-0.1312886,-0.2697619,1.99427,-0.2624501,-0.2485902,0.02700253,-0.399307,0.4598856,-0.4725715,-0.04061138,-0.1121174,0.2834697,-0.2004719,0.02951425,0.08283775,0.5242313,-0.06122176,0.4685526,0.004344399,0.3535792,-0.2928443
0.04168628,-0.008247974,-0.470677,-0.6367775,-0.01543851,-0.2899964,-0.1103759,0.09743196,-0.2610108,-0.02848142,0.1736542,0.1149264,-0.3704035,-0.7366456,-0.07659151,-0.04466087,0.06702513,-0.09237629,0.2141061,0.3208847,-0.4701796,0.6383565,-0.4815627,0.2126292,0.04285691,0.2783881,0.00171663,-0.5572588,0.1574794,-0.2628185
0.02041,-0.660198,0.1900935,-0.2013209,0.1262306,-0.4831481,0.009075419,0.3873309,-0.006972332,0.1347852,0.2760448,0.4100558,-0.198745,0.088492,-0.1013252,-0.006060093,0.2770072,-0.03927883,0.4190167,0.0049998,0.3864675,-0.5252553,0.4458498,-0.05332464,-0.1748153,0.02402988,0.07430487,-0.09904385,-0.09940299,-0.001237871
0.4991669,0.08892389,-0.3793256,-0.2752644,0.3273584,-0.002591049,-0.6554705,0.01284634,0.2714587,-0.08388174,0.3006538,0.06645875,0.008991539,-0.01487465,0.412308,0.02690773,-0.1041438,0.215889,0.9956775,0.1591078,-0.1958029,-0.3266466,-0.2621653,0.1508477,0.277043,0.8834359,-0.1757896,-0.1936513,-0.324591,-0.03065725
0.1660828,-0.02201688,0.4142403,0.06866638,-0.247172,-0.3655985,-0.005053561,-0.2012053,-0.3841611,-0.590757,-0.0004610636,0.2259644,-0.223712,5.18389E-05,0.6404749,-0.01734793,-0.0561977,-0.01464179,0.313794,-0.3666012,-0.452547,0.1262707,0.168582,0.3431481,0.003205355,-0.0006748938,0.5522236,-0.4312233,0.06410092,-0.2016873
-0.2741703,-0.1784752,0.1502019,-0.07091028,-0.07949664,0.1241301,-0.05038732,-0.3427309,-0.4149385,-0.3210007,0.009652915,0.3113053,0.007738564,0.6212748,-0.04092606,0.04418473,0.1674621,0.198217,0.3521343,0.02972712,0.02051824,-0.1359435,0.7869467,0.3914653,-0.1249847,0.130057,-0.0207425,0.2581848,-0.2420532,0.04815501
0.1211668,0.004274948,0.7840192,-0.06843822,0.06510307,0.4586024,0.05326074,-0.4752409,-0.522927,-0.211805,-0.2336798,0.4741935,-0.06828355,0.1680144,0.2104252,0.1030155,-0.7179756,-0.003586716,0.4292019,0.4685545,0.002008869,0.456682,0.01733098,0.2976785,-0.1611418,-0.2432761,-0.04985255,-0.02754974,-0.1306197,-0.1736195
-0.06995161,0.1031179,0.01888692,-0.2829841,0.1477111,0.4112119,-0.09757572,-0.06422419,-0.04014686,-0.2579451,-0.02897432,0.1312159,0.1025093,0.0001141838,0.4679967,-0.4354182,-0.02097622,-0.03215461,-0.4912055,-0.007124669,0.3881034,-0.433537,0.1322874,0.09257585,-0.2301582,0.5340983,1.079988E-06,-0.01035297,0.08400638,0.2541977
-0.1633999,-0.3988292,0.7170489,0.2395964,0.06056422,0.03811401,-0.273476,-0.05997171,0.1202134,0.002484869,-0.04847572,0.003536645,0.0002706184,-0.9942369,0.05911016,0.5810136,-0.3596917,-0.2598139,-0.07939869,0.2352584,0.0004714409,0.05743641,-0.3067337,0.4071765,-0.4079544,-0.2926415,0.04841681,0.429655,0.514071,0.2259834
0.05085651,-7.676549E-07,-0.08638227,0.5112683,-0.5123728,0.08366474,0.008550739,-0.3830334,-0.0205442,-0.1344514,-0.3221508,0.1711688,0.2722936,0.07788693,0.1346367,0.1870952,-0.08311148,-0.03396429,-0.3280022,-0.09730435,0.001838487,0.0009257256,0.08093646,-0.4750675,0.491698,-0.437233,0.002190844,-0.0004308061,-0.04330813,-0.3261054
0.08642954,0.0009688735,-0.2054647,0.2222144,0.302812,-0.1387665,0.8563093,0.1360304,0.3577535,0.5752914,-0.02453433,0.7924392,-0.1649572,-0.005157009,-0.7454853,0.2207018,-0.08541751,0.4056542,-0.01879905,-0.8645055,0.1959115,-0.0004346865,0.3727732,-0.09502771,-0.06576794,0.3326083,0.02677885,-0.04115576,-0.2469429,-0.0028568
0.004322831,0.2391676,0.9656702,-0.2003028,-1.495016,0.4117618,-0.03524872,-0.3356348,-0.4329394,-0.02723216,0.0273375,-0.4683797,-0.1887334,0.02143611,-0.008724024,-0.8201442,0.4096755,-0.1246788,0.4165598,0.0002777656,-0.3103728,0.4297432,-0.03607513,0.2489621,-0.3836368,-0.1023931,0.3526365,-0.03613235,-0.09946924,-0.2351733
0.3481004,0.4848946,0.0179338,-0.245521,0.03773702,0.5818644,0.7469057,-0.009660188,-0.4143722,-0.1720096,0.07156519,-0.1279866,-0.1142181,-0.2931181,-0.2974364,-0.2370933,-0.1439359,-0.3465872,-0.02903107,-0.02469123,-0.6975086,-0.4054493,0.3467421,-0.01622549,-0.03057638,0.06852376,0.004490684,0.4807984,-0.3598813,0.4390845
-0.02881351,0.164618,0.1451968,-0.3686796,0.02784612,-0.1174637,0.9572509,0.007980438,-0.002058147,-0.8761092,-0.004506077,0.4195534,-0.006855618,0.004808724,-0.04579783,0.3857073,0.4162198,-0.1621962,0.3051699,-0.01277695,0.2182474,-0.01176253,0.03408557,-0.1893658,-0.01007198,0.1548276,0.07012115,0.3249074,-0.3523149,0.4020554
-0.03887233,-0.1013559,0.06437561,0.01705117,-0.2317378,-0.1383722,-0.3089126,-0.103142,-0.008989632,0.08945996,-0.006215171,0.0688585,2.971983,0.01960443,0.07661074,-0.2255466,0.2148766,0.4298557,0.3183146,-0.1146922,-0.004460094,0.3216125,-0.3099492,-0.08659918,0.02353485,0.4075122,0.3599156,0.1397918,-0.0006066459,0.1854052
-0.03913768,0.3755325,0.253589,0.4765941,-0.1758099,-0.02041234,-0.2115224,0.02283127,-0.09442583,-0.01958812,-0.009908023,0.1274271,0.00199755,-0.159709,0.4407504,-0.05139142,-0.3420386,-0.0001317231,-0.2440439,-0.04129606,-0.331561,-0.02787501,0.1889199,-0.02053851,0.4427677,0.4913187,0.05163326,-0.1099628,-0.01070899,0.3295553
0.4372282,0.03991656,0.7264493,0.3226739,-2.713384E-05,0.7967971,0.2619697,-0.0004159156,0.0005813241,0.1141029,0.008480525,0.1229536,0.08543921,-0.0001725917,0.02541239,-0.172705,-0.09315488,0.1076548,0.2605298,0.1148139,-0.2263548,0.02960064,-0.3706046,-0.05236803,0.4531605,0.9024826,0.2351945,0.02346477,-0.02504724,-0.1267133
-0.2016312,-0.007910356,0.1794987,-0.153647,-0.002296237,0.280167,-0.1552329,0.09048229,-0.4395397,0.3858705,-0.3260671,-0.2634691,-0.05732304,-0.3854482,-0.001157701,0.3723303,0.2564983,0.2666265,0.007670976,-0.4724144,-0.01561232,0.02632222,-0.1229835,-0.3563628,0.08637315,0.04555289,-0.3620285,0.00302216,-0.002195851,-0.1135206
-0.4292775,0.03476601,0.1150362,-1.688305,-0.2300346,-0.3064649,0.5253553,0.001120101,-0.2698339,-0.4049851,0.2995623,-0.1843905,0.2118139,-0.0782905,0.2785757,0.06614572,0.1192113,0.2111048,0.2933189,0.4052482,-0.05405251,0.4787699,0.1534466,-0.3767942,-0.08029789,0.3557264,-0.1306134,0.2381915,-0.2516334,-0.01110591
0.2614856,0.3228757,1.10289,-0.2912656,-0.2754855,0.07915823,0.3876134,0.2106507,-0.01997213,-0.0187989,0.04834177,-0.1028725,0.31697,-0.4709461,-0.06267321,0.00190873,0.5598277,-0.3985223,-0.3687607,0.01182894,0.003770649,-0.370212,-0.2529865,-0.9907209,-0.1302838,-0.06398484,-0.5862449,-0.3049371,0.01542455,-0.003362973
-0.01953965,0.003808401,-0.0008026958,0.5011836,0.1899967,0.1164009,-0.1138219,0.2874434,0.4738823,0.1291548,0.3868393,0.3543559,0.000240624,0.0790915,0.01165006,-0.3854498,-0.246868,0.07622412,-0.1167368,0.003431823,-0.4662368,-0.6512182,0.1499022,0.03146935,-0.3644155,0.003344118,0.007540286,-0.3332831,0.09725701,-0.004109784
-0.305867,-0.001009524,-0.008285103,-0.2247587,-0.01362592,-0.019134,-0.6512426,0.07215069,-0.4291131,0.06340946,0.01304766,-0.5012474,-0.0007799268,-0.1973216,-0.04711408,0.01259201,0.008607947,0.208573,-0.0159027,-0.210656,0.4606864,-0.1783649,0.2361966,-0.9619467,-0.02354737,-0.009233185,0.467101,-0.008411728,0.5963563,-0.3173981
;
-0.5920615,0.03957432,-0.1168784,0.3173356,0.02613324,0.01545814,-2.288482,-0.003122151,-0.4627186,0.2135446,-0.02294859,-0.01653057,0.004574025,-0.182731,0.6608129,-0.3119687,0.03174561,-0.006881929,-0.01410419,0.05189568,0.04794597,-0.3552357,0.1393961,0.0001149058,0.09427482,-0.05301628,0.1679681,-0.4747834,0.2584527,-0.2712896
-0.06655142,0.03076793,-0.3432205,-0.1634484,0.0721713,0.1996897,0.2082558,0.4076098,1.022127,-0.09869476,0.03185946,0.0446602,-7.439239E-05,0.06133051,0.03154924,0.4721233,0.3105109,-0.1860587,-0.1084768,0.3930072,-0.1292942,0.0830378,-0.3058634,-0.0001397553,-0.440058,-0.008098208,-0.40681,-0.1177292,-0.1182566,0.4381342
-0.008231731,-0.4154138,0.47864,0.01473254,0.1292707,0.0524237,-0.1031518,-0.1842116,-0.1448865,0.2949039,0.2835847,-0.0002963688,-0.1936531,-0.2190152,-0.0077914,0.4499536,0.007452212,0.05368561,-0.4718616,0.1601324,0.2409636,-0.00748632,-0.2257493,-0.02236675,-0.1916642,-0.01065867,-0.412401,0.3862726,0.04523331,-0.0571973
;
-0.1730922
0.07509394
0.2702878
-0.01613921
0.0007242527
-0.5466768
0.2140168
0.4673157
-0.4284167
0.02297466
-0.2639315
-0.4803241
3.875527
-0.006362365
0.2029732
-0.04683903
0.3335947
-0.6165664
-0.2271777
0.3342278
0.3865328
0.1609679
0.04056364
-0.2261595
-0.4325589
0.5371907
0.4351556
0.4144156
0.6794013
0.3113114
;
0.02132147,-0.3675481,0.3083868,-0.2656156,-0.4492944,0.2574589,0.9465703,-0.357344,-0.3725448,0.4615877,0.4056451,-0.2926943,-0.4526008,0.5542561,-0.1456777,-0.001796083,0.09319251,0.06544278,0.4614022,-0.2169359,0.2114817,-0.2322252,0.157885,0.4415739,-0.09544817,-0.02339763,0.1686681,-0.02778286,0.06864989,0.3189443
0.01525411,0.1402821,-0.1581415,0.169733,-0.0992433,0.2205101,-0.01312094,0.03845703,-0.2145302,-0.01030582,0.2779635,0.4326932,0.8395282,-0.01051062,0.6846747,-0.3981767,-0.4118308,0.2915363,0.1352489,0.03138988,-0.5052398,-0.4285177,-0.04160005,-0.2647147,0.3648134,0.3303273,-0.04201151,-0.1318655,-0.3992222,-0.1153714
0.07957138,0.01304097,0.2148654,0.1680033,-0.0244304,0.02065279,0.07123302,0.2269745,0.3005981,-0.1101284,-0.0002747751,-0.04828187,0.4836796,0.3554038,0.2662359,-0.4706056,-0.05972759,-0.002447733,-0.3187685,-0.2238219,0.2477501,-0.0001777388,-0.04914998,-0.0980894,-0.05716608,0.05223637,0.4170665,0.1752187,-0.007206057,0.527538
-0.3991651,-0.0364296,0.1949525,-0.312792,0.0116021,0.002371725,-0.6952442,0.03663165,0.4690113,0.2150767,-0.01585733,0.2294317,0.2858118,-0.1347107,0.005021044,-0.0122842,0.07882997,-0.02396226,0.4885499,0.3403325,-0.1792378,-0.9042045,-0.01745677,0.3617139,0.1313103,0.2671775,0.09193128,0.1454791,-0.02530558,-0.3914105
-0.1313991,0.2406226,0.4143794,-0.4158145,-0.02106338,0.09617549,-0.3082891,-0.001172156,-0.05522676,-0.3002808,-0.3631566,-0.1166127,0.02449263,-0.009264374,0.3308201,-0.06018167,1.230894,0.1949142,-0.8091896,-0.2499422,-0.4787065,-0.125935,0.002975421,-0.05956873,-0.2552008,-0.9596972,0.05240373,0.179628,-0.1306317,-0.006154859
0.4189997,0.03548127,-0.4458025,-0.2017621,-2.346198,0.5038028,0.2400965,0.2776772,-0.2189122,-0.272076,-0.5588817,0.002125234,-0.2126542,-0.0009753745,0.1786068,-0.2170137,0.01349181,0.427158,0.1052639,0.20279,-0.2413231,-0.004990041,-0.0351739,0.03134205,0.2394169,-0.3999858,-0.4925402,-0.1866321,0.08855477,0.009209219
0.4633543,0.3380383,0.7248018,-0.1768247,-0.2114809,-0.08234403,0.3638527,0.02446383,-0.1247812,-0.6426501,-0.006124897,0.3382483,-0.4365222,0.4587308,0.03606889,-0.3175176,-0.4576623,0.4289205,0.4217623,0.09077355,0.07598658,0.3668551,0.01363255,0.02026576,-1.305706,0.5570498,0.001395285,-0.03132839,-0.07463986,0.1792443
0.08226379,-0.1022896,-1.076532,0.3560607,-0.6241401,-1.395143,0.0007844709,-0.02647478,-0.004682942,-0.1018991,0.2356531,0.3587434,-0.03629353,0.4795997,-0.1545727,0.02910477,0.5161749,-0.3734714,-0.3638048,-0.007314661,-0.2739365,0.2445446,-0.1707092,0.01508431,-0.08034609,0.2566506,-0.01667517,0.159256,-0.0105175,0.4157631
0.04576295,0.5872383,-0.429069,-0.1696243,-0.2399971,0.02942306,-0.4500424,0.10298,0.3457654,-0.003379414,-0.2340718,0.2280011,0.3900538,-0.1460577,0.03050066,-0.2060463,0.234899,-0.1707405,0.4999639,0.1517775,0.1719577,-0.2082066,-0.251764,0.281605,0.0103219,0.3769534,0.01654547,0.00876574,-0.07169253,-0.3171962
0.0803021,-0.4717062,0.3631872,0.1010821,0.3760554,-1.029567,0.002131524,-0.4539924,0.5611771,0.1283581,-0.4261874,-0.0005670917,-0.766928,-0.09900898,-0.03529394,0.08816653,-0.3186974,-1.434755,-0.4178985,-0.3460028,1.384755,-2.352134,0.3893569,-0.1632839,-0.1679153,-0.2947953,-0.3099187,-0.2728938,-0.285381,0.349743
-0.3938655,-0.1601761,0.4697676,-0.06108668,0.002784398,-0.00202666,-0.1549332,-0.03765029,0.003555874,-0.2144246,0.7368461,0.03615832,-0.1486907,0.3056722,0.1879152,0.4916928,0.002649831,0.02995021,-0.1248666,0.02987902,-0.1067355,0.1334506,0.5751721,-0.3053211,-0.2706857,-0.07845838,0.1171229,-0.4311281,-0.3593791,0.02090394
0.03866929,0.02242576,-0.3845432,0.07724473,0.01452089,-0.2733725,0.454286,0.3673345,-0.01418287,0.1901423,-0.124841,0.2886519,0.8121889,-0.3341311,0.3837723,0.4292169,-0.1685074,0.4642386,-0.001089519,0.3651152,-0.07391442,0.1106487,-0.09338377,-0.1985617,0.09820617,0.09874469,0.3167505,0.2718325,-0.5557522,0.0007225805
-0.1019418,0.007434145,0.05496336,-0.4962614,0.2527799,0.001528074,0.084825,0.463865,-0.9435239,0.07062732,-0.01883162,0.4709136,0.08489269,-0.3698102,-0.1466429,0.0251376,0.3176416,0.4539204,-0.03239458,-0.2640082,-0.07351748,0.19999,0.0002693496,-0.007022982,0.2907335,-0.4608674,0.0315228,-0.5336136,0.3994473,-0.07162572
0.1163598,-0.6377907,-0.04030797,0.2590562,-0.2226907,-0.2614481,0.30209,0.2333737,-0.01921149,-0.3349475,0.1898967,0.573227,-0.4989432,-0.2318671,0.000225454,0.5264724,0.00487242,-0.01507951,0.2923186,0.2399517,0.4154205,0.4743582,-0.01475749,0.03552228,0.2245006,0.06985672,-0.172265,0.0682326,-0.1449356,0.02150715
0.0176592,0.1209105,-0.7134281,0.02464095,0.3231901,-0.4031041,0.1744467,0.4042231,0.3206238,-0.005730556,0.001297923,0.00519088,0.02416676,-0.4389849,0.2314788,-0.04999441,-0.01086291,-0.006865323,0.1603249,-3.521651E-06,-0.3766193,0.07648346,0.4746295,-0.1151566,-0.5936943,0.1304816,0.03236356,0.07216042,-0.04140502,-0.02690146
-0.001482658,-0.2734325,-0.3011186,-0.2731321,-0.5425537,-0.02518625,-0.3708205,0.1178841,0.3730819,-0.02263563,-0.1558179,-1.851821,-0.7348123,0.009643272,0.3238791,-0.007624124,-0.006235229,0.9299116,0.01070054,0.1842308,0.03114094,0.4925915,0.005368343,0.05109808,0.005644262,-0.2603428,0.3719995,-0.8050799,0.3693712,-0.1120984
-0.2382853,0.1422564,-0.4019967,-0.2419564,0.04696718,-0.4636326,0.3467783,-0.4297248,1.234381,0.1432824,-0.0002623407,0.02382886,0.0006047993,-0.1775626,0.3848053,-0.0604014,-0.3693681,-0.3044538,0.3329822,0.3076147,-0.03946061,-0.09793061,-0.06591523,0.3793755,0.0004122429,1.587481,-0.4138153,0.2493951,0.001854877,0.3237317
-0.06189865,-0.3532549,-0.08912849,0.04667991,0.385186,-0.03818329,0.1466059,0.3129009,0.4962674,0.1573598,0.4415081,-0.4520147,-0.08543,-0.7735738,0.01726917,0.1461587,0.04719323,0.03576273,0.007119341,-0.3115239,0.04216665,-0.0242663,-0.004877691,0.0001020348,-0.02266675,-0.1192097,0.3683056,0.09010707,0.7412476,-0.07029474
0.4811124,0.5940027,-0.1664632,0.1546519,0.06987809,-0.08900565,0.1634308,-0.009423712,-0.09590571,-0.1074349,0.07785696,-1.040198,-0.04334793,-0.1757868,0.1515231,-0.08623728,-0.06269521,-0.7584761,-0.09338844,0.03218034,0.2750144,0.2903535,-0.04796976,-0.163587,-0.02246964,-0.4992175,-0.0300823,-0.1096547,-0.04367679,-0.0467779
-0.0886714,0.005015295,0.2646049,0.008451405,0.04032694,-0.3929046,-0.0006451015,0.04980512,-0.09843563,0.06711107,0.1608667,-0.06341586,0.2922817,0.0002738246,0.000401632,-0.4117308,-0.4647486,-0.05341839,-0.307193,-0.4943298,0.1973766,0.09725619,0.6236671,-0.02409236,-0.1221028,-0.02329509,-0.2934754,-0.991031,0.005908474,0.6633604
-0.008597014,-0.3247932,-0.298236,-0.2361104,-0.04712957,0.04796916,0.1111786,-0.01547233,0.1417612,0.2244852,0.1159153,-0.06439286,0.05581168,-0.02060697,0.07373705,0.04765169,-0.04678651,0.6807225,0.4202616,0.5363861,0.2732185,-0.7588619,-0.4785459,0.1136478,0.1378147,-0.1297214,0.0007180508,-0.08578855,0.005380036,0.08023517
-0.2454632,-0.5267884,0.002945218,0.3401146,0.0009755298,-0.04354174,0.03375735,-0.05274218,0.1315645,0.3076289,0.1751528,0.001007598,-0.1110217,-0.3228891,-0.1319179,-0.3380351,-0.2034017,-0.001367398,-0.3648181,0.1127765,0.4087243,1.341131,-0.4228712,0.1502931,0.4349461,0.1506893,0.04376017,-0.6477587,-0.02344535,0.1468263
-0.2061171,-0.006197328,0.02874953,0.1671914,-0.08839559,0.07452781,0.07985194,-0.7502258,-0.4034636,-0.165132,0.4217268,0.1092695,0.3881003,0.6149421,-9.156982E-05,0.02143933,0.1584279,-0.002452989,0.09604475,0.3749782,0.7366708,0.6259727,-0.0195821,-0.1432273,0.3729161,0.002156844,-0.1033013,0.0001511246,0.01615213,-0.1319008
-0.02368753,0.3168408,-0.08043173,-0.4348151,0.09368056,0.09211252,0.4847231,-0.04326278,0.1042072,0.007602904,0.008725123,-0.09705733,0.003601155,0.3637375,0.1489534,0.2217551,0.7806288,-0.07083172,-0.03040757,0.03989819,0.08164807,-0.01366937,0.1055785,-0.1461182,0.1202031,-0.1133888,0.3791218,0.09147044,-0.001378415,0.3475875
0.499788,0.4600339,0.9072689,-0.1136352,0.3926827,0.4255309,0.4166893,0.2279089,0.12985,0.0003024429,0.08218195,-0.8077646,-0.2576394,-0.06496423,0.2287247,0.04296729,-0.2886124,-0.3891203,0.04329784,-0.08843082,-0.02870477,0.2632058,0.007324425,-0.4011231,0.0003061334,0.5662706,-0.7225188,-0.06062699,-0.06467895,0.2380009
0.2890198,0.08570868,-0.1453126,0.01022128,0.2011565,0.01221362,0.3786376,0.03741475,0.1758805,-0.0395304,0.08214837,-1.328416,0.3214032,0.02628404,-0.1888331,0.4904763,-0.0008839025,-0.003408962,0.02308452,-0.0006904672,-0.2658637,-0.04858243,-0.7926074,-0.4689164,0.2539197,0.01466719,-0.01722645,-1.425338,0.2937228,0.1059793
0.7005675,-0.3626939,1.392763,-0.00251565,-0.1255306,-0.003557662,-0.2025304,-0.4869944,0.1805799,-0.2315992,-0.4298535,0.3313827,-0.003680293,-0.02649744,0.001569435,0.6301449,0.5544177,0.3362864,0.1209118,-0.05337209,-0.2421982,0.3566196,0.2711356,-0.2022544,0.09487578,0.2834066,0.002421935,0.2819469,-0.1525546,-0.2516013
-0.06972188,-0.0714675,0.2290097,-0.2771577,0.0343193,-0.1282273,0.3262236,-0.6555007,-0.2248374,-0.1504841,0.06794997,0.2631675,0.3601028,0.2123594,-0.05576698,0.2174066,0.02598763,0.04840879,0.4693961,0.1108876,0.05279011,-0.1993519,0.1817267,-0.0009438866,-0.599372,-0.01952657,-0.003787473,-0.05034608,0.295848,1.320676
0.1123236,0.4417609,-0.1094395,0.3736591,-0.888564,-0.3283374,0.06933205,-0.04367004,0.01659163,0.292102,0.4201056,0.06789873,0.4601312,-0.002507533,-0.984418,-0.1587923,-0.139634,-0.125646,0.772741,-0.1191859,-0.01587445,0.139965,-0.03161384,-0.06008488,0.214065,0.2731616,-0.3386304,0.001909856,-0.5981979,-0.2959282
0.02311248,-0.3888144,1.394178,-0.4212064,-0.1207779,-0.282426,0.2369129,0.2711228,-0.0003380391,-0.3174421,-0.798129,0.00433532,-0.1660424,-0.04161945,0.4621603,-0.1237108,0.05602819,-0.7236378,0.9844848,-0.5907618,0.05287057,0.06495927,-0.104293,-0.1461029,0.01606006,0.01775887,-0.06333154,0.2984651,-0.0174425,0.05088129
;
-0.01369774,0.009971621,-0.2209337,-0.1304005,0.3153096,-0.2488864,-0.2870796,-0.7960335,-0.2775753,0.2515754,-0.03674829,-0.03242415,-0.0209344,0.4993259,0.02154712,-0.4517823,0.2580066,-0.1407212,-0.296486,0.02213076,-0.1162661,0.3086296,-0.04458393,0.2197051,-0.05957951,0.3285908,0.1958409,-0.2526386,0.1172176,0.1361191
-0.813557,0.3072214,0.4705851,-0.0482345,-0.1579856,-0.1249205,-0.4222586,-0.1160597,0.1163481,-0.07672048,0.2539548,-0.1072384,0.3968052,-0.1206868,0.2780755,0.0004716344,0.2701696,0.3022721,-0.1096595,-0.1253938,0.2090279,-0.001286024,0.6148469,-0.8711724,-0.1465411,0.04073588,-0.05233696,0.3035115,0.1886006,-0.0828102
-0.02303606,-0.1009703,0.2033283,0.2282707,0.02705186,0.03892065,0.1655469,0.04257594,-0.2436435,0.6465573,0.287504,-0.06506961,-0.1255433,-1.575599,-2.355479,-0.1084456,-0.001896547,-0.3387088,0.1095662,0.09956747,-0.01346795,0.4338573,0.0302221,-1.145793,0.3829908,-3.436048,-0.01838334,0.5282693,0.2000224,-0.4549317
;
