0.03288156
1.434369
0.1550719
-0.07919844
0.01540753
-0.4071704
0.04491729
0.00574261
0.04854941
-0.4283154
;
-1.410563,0.2779944,-0.3168162,-0.1189683,-0.0487085,-0.001654175,0.4412053,-1.495597,0.1150739,-0.3781005
-0.1972818,0.2419166,0.1115478,-0.4890803,0.01668816,0.4077384,0.3292601,-0.0003826165,0.1512845,0.5973537
0.001395384,0.1687611,-0.3665471,0.0899974,0.4677101,-0.1440346,0.3271422,-0.0009157444,0.03553385,-1.066115
0.001159814,-0.1519127,-0.3332224,0.3868432,-1.60806E-06,-0.06428177,0.4402597,-0.3417269,0.3810196,0.3980228
-0.03792257,-0.05896383,0.003421408,0.02547431,0.2828591,-0.004662958,0.4740328,0.1471114,0.1941758,0.01855832
0.005090675,-0.03876213,0.02054354,-0.4636415,0.1457726,-0.005031526,-0.009545889,0.007014764,0.001083465,0.1207898
0.6067094,-0.4588173,-0.2066167,0.01888096,0.02447412,-0.09476364,-0.3174686,0.1774211,0.08823906,-0.03795844
0.1054808,0.01201802,-0.3042674,-0.1186014,-0.02515159,-0.2631507,-1.150996,-0.1667905,0.05225284,0.1582195
-0.0468481,0.0005973164,0.3192723,0.0471621,-0.313098,0.3546751,0.1387259,-0.02202861,0.05161226,-0.05881393
-0.3790749,0.3926809,0.05985969,-0.0173314,0.3016554,0.3463287,-0.5192,0.09482387,0.1701562,0.3556097
;
-0.3037913,-0.05025297,0.1151042,0.003748123,0.11362,-0.6654878,-0.3159759,-0.2068449,-0.05245126,0.2447879
1.640737,-0.008799323,0.1669094,-0.3559682,0.1373767,-0.4888266,0.3794249,0.005347657,-0.2379834,-0.01138496
;
0.4236188
-0.09081608
0.18169
0.07174375
0.1118401
0.1843282
-0.0009623359
0.05608481
0.3806566
-0.2147086
;
0.0338057,0.2335934,0.0308858,2.800222E-05,-5.300509E-05,0.1172581,-0.09807514,0.01973052,-0.01903169,-0.1067458
-0.120139,-0.4197146,0.0263622,0.0414969,0.01805659,0.07947563,0.0650726,0.3672295,0.00107187,0.08544892
0.07303908,-0.08250386,0.005398158,-0.02596625,0.1599701,0.05314456,0.3659914,0.01073254,0.173531,0.2381334
-0.1917018,0.0007390113,0.3733911,0.002908823,0.09668513,0.2380418,0.2159964,-0.01228444,-0.02977578,-0.4639354
0.06070438,0.7465222,-0.1333719,0.1519942,-0.1507161,0.4047147,-0.1685554,0.003641056,0.1829173,0.03423948
-0.2520083,-0.09940715,-0.1507312,-0.2277972,-0.02913501,0.3857667,0.00761758,-0.005989395,0.09955043,0.8187347
0.3914915,-0.1853283,0.2314931,0.4160517,-0.34706,-0.1809096,-1.963901,-2.357771,-0.1513512,-0.4057989
0.2917248,0.1051375,-9.85119E-05,0.4378416,-0.4931962,0.09431106,-0.3551297,-0.7892744,-0.08704372,0.0141688
0.4367428,-0.1789916,0.09686595,-0.5053361,0.1575258,0.1531378,-0.6183407,-0.2052934,0.125223,-0.6331905
-0.0222477,0.3449407,0.05887437,-0.02190715,-0.087668,-0.2110722,-0.2798268,0.0946904,0.2540911,-0.4958079
;
-0.05665192,0.1101272,-0.2739196,-0.3718646,-0.7155379,6.612898E-05,0.01175838,0.1370162,0.6688443,-0.07190085
-0.08741066,0.2639412,0.1360054,0.1040476,0.03305118,0.1811055,-0.2069442,-0.09513918,0.0009110175,0.06277276
0.05897635,-0.1417459,0.440367,0.4861911,-0.3145751,-0.3838894,0.09943419,-0.01538935,0.05768043,-0.847775
;
