-0.374081
-0.3223584
-0.2379008
-0.3304368
0.001537845
-0.1336869
-0.1820232
0.315438
0.4184655
0.7914864
;
-0.8338048,-0.3877386,0.2823379,-0.06676623,-0.2935627,-0.04597812,0.3757776,-0.008234228,-0.3593072,0.2092185
-0.1348031,0.3415335,0.07441675,-0.09911566,-0.1855579,0.4981385,-0.01218649,0.1167983,-0.01427866,-0.1425062
0.001565091,-0.09872265,0.457228,-0.1267409,0.1883752,0.639544,-1.430617E-07,0.4931829,-0.3953934,0.3923104
-0.7042783,0.1727727,2.20674E-05,-0.0894137,0.6713188,-0.09570231,-0.002199271,-0.1871234,-0.2484144,0.01807642
-0.01638199,0.07472305,-0.1804214,0.08479589,-0.1897647,0.06395952,0.0003264666,0.0373252,0.1421547,0.3095608
0.002119369,0.02930999,0.3734057,0.2360208,-0.8842326,0.04733162,0.6607695,-0.09403902,-0.3948121,-0.3205993
-0.3705512,0.004667475,0.01537997,-0.2093013,0.4279782,0.01709862,0.2287611,0.3617313,0.0593149,0.0731016
-0.3776389,-0.2280284,-0.2605877,-0.2939895,0.0003425617,0.3684189,0.1099159,-0.03916143,0.001391285,-0.07077134
0.03059334,-0.6645225,-0.01225884,0.05714321,0.3027557,0.7664073,1.809235,-0.03335672,-0.1503004,-0.4084513
0.4686252,-0.01962336,0.07117663,-0.3501696,-0.8105426,0.05264207,-0.2238752,-0.3070415,-0.4369828,-0.1731004
;
-0.02808228,-0.4807526,-0.14125,-0.06287736,0.4656586,-0.1500559,0.3209771,0.003077997,-0.1996623,-0.0295559
-5.339963E-07,-0.01831931,0.1324257,-0.1961341,0.02621496,0.252514,0.4593889,0.07077839,0.3251437,0.3081862
;
-0.008666009
-0.01669088
-0.04670446
-0.3034879
-0.07451089
-0.006218668
-0.01606321
-0.04198097
0.1478466
0.01093082
;
-0.4692377,-0.2149058,0.3885678,-0.07402814,-0.09285594,0.02383413,-0.0559621,-0.01425821,0.4069874,-0.05553848
-0.128494,-0.04153265,-0.114357,-0.08618157,-0.0001572825,0.07567465,0.4151297,0.2980828,0.2806685,-0.2429299
0.166916,0.03439575,0.06070278,-0.00350902,0.3673021,-0.7310348,-0.1381516,-0.1780146,-0.2581115,-0.6032211
0.3194697,0.001380713,-2.090015,0.4062926,0.2050025,-0.003837011,0.4000356,0.003499982,0.01964701,0.7943245
-0.1599863,0.02039499,0.1608611,-0.002653786,-0.0843484,-0.1676819,0.1441935,0.1059412,0.2737648,0.3124992
0.4533913,0.006870741,-0.02434247,-1.239345,0.07236701,-0.3542626,-0.2882898,-0.2694843,-0.03965472,-0.5417959
0.04870725,-0.2868733,-0.006976089,0.0005659987,0.4246955,-0.2678168,-0.005743563,-0.2384468,-0.1314646,-0.0005312759
0.3838579,0.1095824,-0.293323,-0.01176181,-0.1936196,-0.2030134,0.09467389,-0.01429859,-0.007997866,0.7102176
-0.1608132,-0.5916907,-0.001814229,-0.02002074,-0.01660365,-0.29258,-0.4073541,-0.1262393,0.3778188,0.006388605
0.357399,0.3593626,-0.4749464,0.04651874,-0.1487066,0.2005307,-0.2903102,-0.2216271,-0.2367684,0.1938572
;
0.2792221,-0.001624033,0.03180367,-0.1688786,-0.4363644,0.2654352,0.05889672,0.03653592,0.01159491,0.05131214
0.3713198,-0.1396472,-0.2420176,0.007625639,-0.09616047,0.1592429,0.01146991,0.01359433,-0.124003,0.03084077
-0.3297813,-0.1604432,0.04753932,0.04117101,-0.02329723,0.4712152,0.06380741,0.2511494,-0.7384366,0.7084199
;
0.02720615
-0.02382948
-0.02981049
0.4297769
-0.02347657
-0.003565119
-0.03591878
-0.1106755
-0.5724159
-0.01422782
0.2229295
0.4587986
-0.026741
-0.1483864
-0.1456563
0.2629834
0.2755444
-0.3995197
-0.2408939
0.1379269
-0.2386829
0.001777526
-0.1575771
-0.1580777
-0.2311782
0.3372146
0.4001453
-0.4569339
-0.02299851
-0.2407788
;
0.4202623,0.258611,-0.2856308,-0.01546552,0.03558508,0.1797453,-0.0225334,-0.3653567,0.0006683469,-0.9013571,-0.2293609,-0.004539311,-0.2623382,-0.006330441,0.4387586,-0.3563976,-0.001477846,-0.2422827,0.06222949,0.3694431,0.2189482,0.007431522,-0.02982744,-0.01765472,-0.09299362,-0.01098484,0.09020821,0.6389766,0.2808353,-0.3926973
-0.2370428,0.2790789,-0.1054175,-0.07838837,-0.1967242,-0.180478,0.1562467,-0.05369956,-0.07022756,-0.02172571,-0.08362484,-0.2132346,0.1997949,-0.2992235,0.01622911,0.05118988,-0.106396,-0.1344887,0.0163975,-0.4951364,-0.008435221,-0.04067924,-0.3154539,-0.9325896,0.4607038,0.09039786,0.07945675,0.06195268,0.1259959,0.4727319
0.3107476,0.4545543,-0.0009694821,0.4827991,-0.05497221,0.5667036,0.2842749,0.0175196,0.1405818,-0.4056479,-0.4887546,0.06029893,0.5235317,-0.4499192,-0.4936994,0.4149365,0.1802395,0.0133253,-0.2555608,0.4109358,-0.002152894,-0.6409025,0.03180756,0.0443309,0.4088213,0.4306279,-0.2041997,0.0670107,0.1902808,0.05476719
0.0209348,0.1508816,0.3072035,-0.3040902,-0.01286035,0.1971678,-0.4388182,-0.07873744,-0.09256291,0.06966679,-0.4308523,0.1426562,0.2392946,0.01330131,-0.1661707,-0.3219572,-0.09985077,0.2369125,-0.06427614,-0.6680813,0.464306,-0.1350929,0.0290356,0.067662,-0.1270451,0.4773549,-0.09092265,0.496974,-0.05432159,-0.2075103
-0.2541572,0.4652318,0.01035458,-0.4826575,-0.5599941,0.3809451,0.4462992,0.4638612,3.841672,-0.3114098,-0.3788086,0.00663694,0.2496894,-0.1988024,0.06597134,-0.005442722,0.0292521,-0.112878,0.1039316,0.003511535,-0.4411708,-0.03969492,0.01818782,0.2065394,-0.3442665,0.3312343,0.00560474,0.5552397,0.05158991,0.01667332
0.01626386,0.4076386,0.003690018,-0.495216,0.2146827,0.2469314,-0.1808431,-0.01748968,0.4032955,0.06116134,0.513218,-0.5489684,0.09265257,0.02263635,0.3840218,-0.1023696,0.624838,-0.207388,0.06678009,0.9601014,0.03771217,-0.1836511,-0.02212045,-0.2923505,-0.2827326,-0.5589331,0.0680756,0.03056413,0.5499135,-0.03647069
0.1303069,0.1995838,-0.001227699,-0.09826928,0.5884576,-0.2261371,0.1634911,0.3268098,-0.2529684,0.1848744,1.872817,0.3194406,0.2466951,0.07630213,0.1900041,-0.05460292,-0.123697,0.2279131,-0.09225159,0.02033739,0.0004943538,-0.4668614,0.1707332,0.00942415,0.1116613,-0.4643929,-0.1555341,-0.2451641,-0.5234506,-0.473388
0.1701151,-0.006886241,-0.002202571,0.01244932,0.06585451,-0.09942486,-0.3764786,-0.1657405,-0.002380788,0.4143107,-0.5238093,0.4871238,0.1471533,-0.03167695,0.2080964,0.8434486,0.06676048,0.1125694,0.7585974,0.3952645,0.1614768,0.184648,0.006065619,0.04752652,-0.05836505,0.001736136,-0.02514012,-0.06143254,-0.1998943,0.05742437
0.1406197,0.03792018,0.06637126,0.432556,0.001311115,0.03101045,0.3640766,-0.3472226,-0.1495097,0.06174033,-0.189589,-0.3495952,0.3505725,0.2485902,0.0008172599,2.484898,-0.1257004,-0.360577,0.04061138,0.6490446,0.3248531,0.001654112,-0.335294,0.117874,0.001150801,0.2972413,0.8583376,0.002885579,-0.2335004,-0.2760117
-0.3048972,0.1870098,0.1448822,0.6367775,-0.3021491,-0.09915096,-0.599163,-0.2328727,0.5471081,-0.04579873,-1.026301,-0.3475509,-0.3395689,0.06850223,-0.4247512,-0.8013943,-0.07285196,-0.03248113,-0.004559183,-0.2536258,-0.1716158,0.07162625,-0.03605731,-0.2126292,-0.04285691,-0.03211515,-0.2952988,-0.2924614,0.1574794,0.07629136
-0.2422329,0.2168625,-0.01387152,0.02353325,-0.2170533,0.3082185,-0.3484257,-0.4915243,0.0201549,0.06878832,-0.4770458,-0.1364005,0.006691045,0.03932267,0.06800725,0.006011474,0.02274639,0.2965306,0.4190167,0.0049998,0.6464211,0.2252893,0.1609398,-0.008403945,0.02305282,-0.02402988,-0.02379694,0.1743329,0.1584848,-0.2999726
0.4991669,0.08892389,-0.1949985,0.1755184,-0.2363152,-0.1263333,-0.4500031,0.001313907,-0.03801183,-0.06265364,0.1019145,-0.2562512,-0.04711475,-0.01449748,0.4685062,0.02690773,-0.4835089,-0.7738345,0.9956775,-0.238757,0.2412298,-0.3536144,-0.1524979,0.06459631,0.2776105,0.4829865,-0.3431591,-0.06641236,-0.05807787,-0.0330116
-0.3714616,0.6484066,-0.3123353,-0.1334619,0.3310853,-0.2342287,0.001664692,0.0006583994,0.3429984,-0.778522,0.0004610636,0.2102681,0.6082283,-8.090503E-05,-0.6404749,-0.001117551,-0.08398575,-0.1288499,-0.02595606,-0.4804924,-0.6945643,0.177737,0.03736877,-0.004599988,0.02215601,-0.01743563,-0.002153547,-0.6772966,-0.4688537,-0.1901093
-0.5554805,0.06364319,0.1502019,-0.08344454,-0.03169196,-0.3518361,-0.07477311,-0.01851914,-0.1370084,-1.041083,0.4444457,-0.01481552,0.3317791,-0.9411677,0.1556558,-0.1417366,-0.2187091,0.3144736,0.3608049,-0.02391072,0.003012982,0.009345949,0.9326845,0.2573431,-0.1317428,-0.130057,0.03472509,0.4381059,-0.419172,0.3079201
0.06625276,-0.4177496,-0.3810587,0.06843822,0.06510307,-0.4282981,-0.01395827,0.08464211,-0.4104275,0.211805,0.06107217,0.5996427,-0.2934805,0.03718251,0.2104252,0.05792671,-0.1815651,0.003586716,-0.5222129,-0.4685545,-0.1591865,0.3861428,-0.1486642,-0.0268103,0.4145568,0.05281174,0.04985255,-0.1663551,-0.4692039,0.142012
0.2058211,0.7459331,-0.3377013,0.01350546,-0.1258747,-0.7071438,-0.02002661,0.03725829,0.418201,-0.04810962,-0.263783,-0.05688447,0.00193633,0.0001523336,-0.2135383,-0.1431611,0.02957481,-0.008055753,-0.01401561,0.3592682,0.4165103,-0.3567475,0.008108611,0.01300169,0.295822,-0.02225665,-4.656845E-07,-0.4963874,-0.7902234,0.1878168
-0.05921608,-0.06370261,-0.07325409,0.2395964,0.01761574,-0.09303151,-0.03699537,-0.2048026,-0.08181839,-0.002484869,0.2093496,0.001374041,-0.000164699,-0.1849753,0.194253,0.3115801,0.003837562,0.025947,0.3434733,0.1143838,0.0004714409,0.1040381,-0.08427023,-0.3006298,-0.1886579,0.02037238,-0.2660831,-0.412826,-0.3481683,-0.4578254
0.03189782,0.01980054,-0.3429759,-0.2516896,-0.5504537,0.2859002,0.01759454,-0.2197086,0.2734636,-0.4644334,-0.399718,-0.1265424,-0.0008070053,-0.01336888,-0.05625409,0.2419752,0.02576884,0.05925154,0.0399974,0.476316,0.004200303,0.03850288,-0.06894988,-0.2990311,-0.2513472,0.2809147,0.5765539,0.04227489,0.003474694,0.2637768
-0.1776088,-0.006928358,-0.0980664,0.06604683,0.302812,0.08280096,-0.8563093,-0.2167965,0.2763491,-0.0158692,0.4359441,0.1975481,-0.005635436,-0.01383073,-0.583995,0.9040793,-0.2614704,-0.2564657,-0.01655813,-0.007201703,-0.1807917,-0.0004346865,0.1373,-0.008922368,-0.5541777,0.09614345,-0.3262852,-0.05768219,-0.4759736,0.0003255144
0.4331311,-0.02162336,0.1811201,-0.03778533,0.3448274,0.2362554,0.2940865,0.321155,0.7413482,0.414427,-0.04850362,-0.2612156,0.06222178,0.05619698,-0.002795869,-0.29921,0.4522552,-0.4393225,-1.137345,0.0002777656,-0.2316539,-0.103626,0.3066458,0.01098225,-0.03400628,-0.1037257,0.3162586,-0.006305472,0.3908349,0.2351733
0.2275444,-0.02749072,0.01138433,0.02139916,0.02133342,1.124901,-0.7469057,0.01169209,0.7391728,0.1281949,0.009031259,0.0644265,0.1142181,0.02368215,-0.5167009,0.01901725,0.1101828,0.3746634,0.1704593,-0.1867896,-0.8682953,0.02476332,0.4519486,0.4199532,0.6074634,0.2564245,-0.04752281,-0.6289518,0.4951748,-0.7073882
-0.0214756,0.1472702,-0.07381155,-0.306477,0.04948285,-0.197888,-0.07657796,0.02393872,0.00476085,0.07728333,-0.2381776,0.5812114,-0.01277651,0.2254619,0.689673,0.00158418,0.1601026,0.2947859,0.4504284,0.006288697,0.002593268,-0.01176253,-0.03380385,-0.06514914,0.007226928,-0.007570317,0.03209722,0.227045,0.3523149,0.3387088
0.01578862,0.3232392,-0.07145661,-0.008766171,0.194718,0.02463805,-0.4706062,-0.003565901,0.2180644,-0.3362705,-0.5497332,0.3515742,-2.971983,0.7313141,-0.05403832,0.182861,0.4418039,-0.1098876,0.2803642,0.2070653,-0.3122442,0.04933423,0.08166707,0.3878487,-0.08064313,0.3381549,0.5796922,-0.7055241,0.1334765,0.4422306
0.4364355,-0.2461458,0.2283001,-0.09030217,-0.01030954,0.4983328,0.3392727,0.00848863,0.1651442,-0.009664224,0.0006751309,-0.3573707,-0.0005095098,0.1811586,0.5336107,0.07634868,0.1904331,0.09570219,-0.4949007,0.04129606,0.009601558,-0.01911579,0.02309515,-0.03707984,-0.7285665,-0.1131867,-0.2037329,-0.4963312,0.0410984,0.3295553
-0.3163674,0.2335629,0.3895308,-0.4296225,2.986947E-05,0.5608376,0.4923184,-0.3511165,0.0005429347,0.08799662,0.01187119,0.01952378,0.3568556,-0.06017495,-0.09588631,0.478742,0.04990311,0.04774299,-0.1933035,0.003618794,0.162671,-0.1592405,-0.3424942,0.1305791,-0.668245,-2.323901,0.2299167,0.01732793,0.0183055,0.1947286
-0.1926304,-0.4122907,0.4577315,0.03737171,-9.997864E-05,-0.3872578,0.437345,0.09048229,0.5328555,-0.2248155,0.01017088,-0.4867281,0.05732304,0.09803206,-0.3806514,-0.03542284,-0.400368,-0.3255246,-0.005547508,0.01482041,-0.780951,-0.1838142,0.3927615,-0.0797804,0.08637315,0.06006148,-0.08625704,-0.00191492,-0.0001929755,-0.1827608
-0.2174052,0.1903068,0.02208528,0.4025384,0.0073038,0.267049,0.6893527,0.005920754,-0.01928595,0.04480504,-0.2056558,0.3693454,0.1526683,-0.04473081,0.6933439,-0.1451685,0.2398085,-0.4778328,0.1689457,0.07433552,0.0765335,-0.08433015,0.1203558,0.3951743,-0.1896415,-0.3344669,-0.03528219,0.2381915,-0.1038307,-0.1231139
-0.5582958,0.3228757,0.5199605,0.02393537,-0.4640076,0.03880562,-0.141673,-0.3319567,0.4504434,-0.003602673,0.3935096,-0.08162516,-0.6217065,0.3754007,-0.4295854,-0.6699275,-0.003589332,0.6006287,-0.2808516,-0.003491104,0.001628575,-0.6131194,-0.2280539,0.1271636,-0.03103249,0.06398484,-0.5862449,-0.06511498,0.1005979,-0.4797394
0.730722,0.2345571,0.001100195,0.1489159,0.2525693,0.3306671,0.9627289,0.3710658,0.3778317,-0.3086661,0.3875648,0.6469455,-0.0005189977,-0.3088955,-0.2533797,-0.3854498,-0.04390096,0.2445407,-0.466268,0.469918,-0.1568859,-0.1005346,0.273895,-0.003331313,-0.09107009,0.1446748,0.3643926,0.04380418,0.01858065,-0.1153756
0.6363408,0.4440869,0.0006174861,-0.2577351,0.01225313,0.2215122,-0.04349167,-0.07179671,-0.4291131,0.2760783,0.001528645,0.2657387,-7.000561E-05,-0.3871502,-0.3744944,0.0250956,0.01230956,0.0576184,0.004763857,-0.003447473,0.764993,-0.1797968,-0.2190343,1.680154,-0.2544512,0.00720437,-0.3997897,0.002713253,-0.03378274,0.06268066
;
-0.1080136,0.03957432,0.438028,-0.5509215,0.02628902,0.003309502,-0.3906105,0.003122151,-0.506052,0.5529125,-0.03121483,0.02830283,-0.4885608,-0.3942682,0.1587596,-0.2102594,-0.06079569,0.01895517,-0.01882031,-0.00858551,0.03117939,0.09370743,0.112946,3.847872E-06,-0.0543979,-0.0121102,0.03169505,0.3377662,0.3873333,0.2712896
-0.0180747,-0.02487074,0.423686,0.2010391,0.09274453,0.02919215,0.09585982,-0.266846,0.01249832,-0.000899141,-0.1197558,0.01714602,-8.496626E-05,0.01923249,0.02349258,0.05499395,-0.02198835,0.2175428,0.3457478,-0.08175392,-0.02849526,-0.1441612,-0.5522494,0.0001397553,-0.07828389,-0.01715344,-0.0430395,-0.01424798,0.2096305,0.3108778
-0.01591017,0.2794729,0.47864,0.3966876,0.002836883,0.006292745,-0.1377212,0.03717704,0.1434285,-0.4536112,0.07752663,-0.001387739,0.8578565,0.3807471,0.01768225,0.1788948,-0.2118257,0.06522541,-0.1061308,-0.3317151,0.00276524,0.009498946,0.4419116,-0.1116306,0.3295058,0.2348913,0.1277911,-0.3951831,-0.1607726,0.3905046
;
0.04842799
0.1661978
0.04388059
-0.01413099
-3.515329E-06
-0.4531001
-0.2674642
0.00754675
0.2677246
0.3435822
-0.3975416
-0.01355184
-0.1882508
0.00113048
-0.3785288
-0.09448861
0.7688243
0.0660091
0.3197659
0.307707
-0.07396172
0.04900346
-0.2152557
-0.005723299
-0.455982
0.8093295
0.1959449
-0.02256193
0.2694364
-0.07792662
;
-0.03656475,0.4233452,0.03487047,-0.08725431,0.499102,-0.322335,0.01809477,-0.2303755,0.0861496,-0.09838611,-0.0567545,0.2989099,0.1825658,-0.04450682,-0.7375502,-0.0006630839,0.3046824,0.2830527,-0.006378173,-0.08209997,-0.3365984,0.3541662,-0.02507504,0.2115537,0.09544817,0.1358719,-0.01299233,-0.3227262,-0.04575468,-0.1545984
-0.3076403,-0.09691089,0.2718284,0.3533888,0.07376546,0.3985996,-0.1824793,-0.03021348,0.1194191,0.4814816,0.1486248,0.2410124,-0.03346151,0.0171765,0.1146579,0.5110286,-0.004443347,0.3671327,-0.361347,0.3185933,0.09542277,0.001327271,0.04383519,0.1882806,0.2628419,0.1812925,-0.1270819,-0.0184363,-0.3464596,-0.1016315
-0.02502478,0.4072547,0.3840674,-0.6806956,0.04591471,0.1646724,0.9190528,-0.1534024,-0.1110237,0.3508241,-0.0002909109,0.3030469,0.05606142,-0.2961346,-0.3321535,0.4985081,0.4223228,0.02828956,-0.08832837,0.02804197,0.2415246,0.3850549,-0.04748732,0.1485797,-0.1682552,0.05107621,-0.3449312,-0.1821289,0.402663,0.2148508
-0.3840661,-0.03831023,-0.1813611,0.4609655,-0.1554844,-0.002371725,1.858669,4.43565,-0.04972035,-0.04388313,0.1671,0.4213629,-0.01517767,0.1161005,0.1322671,-0.2100397,-0.1614863,-0.01228787,-0.4345793,-0.1343344,-0.1289918,-0.1091215,-0.1535711,0.1882102,0.0129101,-0.2474734,-0.218501,0.3527821,0.06322866,0.143537
-0.2660822,0.3332312,-0.5074255,0.00120471,-1.128315,-0.001241184,0.2350878,0.1330154,0.2545282,0.6441281,-0.199416,-0.07242538,-0.3590153,-0.3524281,-0.2225448,0.1516842,-0.04133909,-0.1147709,-0.2138791,0.1102301,-0.2443915,-0.2424713,-0.03370261,0.03711751,0.02682264,0.02623438,0.3049135,-0.1797863,-0.2776952,-0.02744275
-0.3012934,0.03548127,0.1002589,0.1476842,1.042277,-0.16163,-0.4538696,-0.001768346,0.4937406,-0.07446486,-0.2410923,0.5498648,-0.5725676,0.0004392937,-0.5195283,-0.1339088,0.2094875,-0.1646151,-0.4011243,-0.03397865,-0.1214322,-0.003206498,-0.02354589,-0.02790972,0.2610207,-0.0732833,-0.07419366,0.01605992,-0.2356092,-0.01467291
-0.03639501,0.1407371,-0.1548315,0.1290157,-0.3322145,-0.1660498,-0.1576415,-0.2591949,-0.4125292,0.04138244,-9.350666E-05,-0.1984563,0.4091811,-0.2154613,0.0001008407,-0.2970015,0.2177511,0.006891449,-0.4699683,-0.4683883,-0.0317868,-0.5559521,-0.1647912,0.09763776,0.2380482,-1.099475,-0.07356149,-0.01103369,-0.03535745,0.1182293
0.1506216,0.5012178,-0.01262444,-0.1330727,-0.9398347,0.4411691,0.4336488,-0.005499222,0.4939155,0.07664145,-0.5836738,-0.1834852,-0.09564973,0.03845849,0.1447104,0.4076159,0.0008268426,-0.4380681,-0.5442026,0.0169973,-0.2237963,0.1592091,-0.1903097,0.01508431,-0.04297476,0.09671572,0.01265888,-0.159256,0.0007271217,0.2283634
0.9094392,0.01145834,0.427512,0.2852863,0.1712385,-0.05296898,0.4500424,-0.2922891,0.6662754,0.001565091,0.2479793,-0.09672555,-0.1284648,0.1067321,-0.2414896,0.1282687,0.3690861,-0.05565767,-0.01774243,-0.1517775,-0.1821026,-1.396263,0.1206496,0.05078755,-0.2046292,-0.11586,-0.01570684,0.2511668,-0.01367891,0.4415238
-0.06861899,-0.427104,0.3545084,-0.291399,0.1347049,0.46683,0.1559842,-0.4539924,0.0108689,-0.6043662,-0.1147248,0.4033402,-0.1770597,-0.1305115,0.0002189128,0.2197046,0.4476639,-0.450546,0.1957911,-0.06375615,0.4606792,0.03528696,0.002094314,-0.2054515,0.1022553,0.02169516,0.2313748,0.2570099,0.5396215,-0.05169022
0.3742253,-0.006371668,0.2832551,-0.05695918,-6.021576E-05,0.0005444525,0.3015248,-0.4615686,-0.0237239,-0.0450349,0.3641607,0.3330267,-1.064439,-0.2888781,0.5893698,-0.5049503,-0.4123814,-0.2458127,0.09054646,-0.02604199,-0.3547671,0.0247025,0.2793353,0.406402,0.1133605,0.06684476,0.06957427,-0.4563788,0.2293804,-0.285203
0.2503453,0.001494127,-0.3709094,-0.01400138,-0.08696733,0.1400559,-0.05592281,0.3910179,0.1533854,0.02097442,0.115428,-0.02847725,0.1706356,0.3593123,0.03921598,0.1678767,-0.0560343,-0.02174288,-0.0008400655,0.2424897,0.06860518,-0.07516309,0.1725168,-0.004068746,0.494235,-0.005150646,-0.4079419,-0.2291699,0.4825354,-0.0009131768
0.1127618,-0.01339157,-0.353338,-0.4632142,0.3682224,0.3796383,-0.1690603,0.03892911,0.07453877,0.1139392,-0.005743284,-0.4478149,0.03629595,-0.09958225,0.2060692,-0.2665877,0.04959387,0.4232092,-0.07707926,0.01921438,-0.1790309,0.4389446,-0.05965284,0.007022982,0.2294288,-0.007984232,0.3523871,0.4619488,-0.3376793,-0.3386315
0.00684458,-1.058831,-0.1447666,-0.135697,-0.4587922,-0.00354337,-0.1696563,-0.8867046,-0.4916475,0.4302689,0.1898967,0.02693652,0.01595944,0.3342787,9.297424E-05,-0.1674471,0.3046186,-0.09398994,-0.3563328,0.08478314,-0.02165991,-0.8960713,-0.002591443,0.5034207,0.1918225,-0.1135709,-0.3205018,0.03098053,0.5944079,0.0232176
0.242116,0.5113565,-2.345676,-0.04425731,0.3646138,0.04574448,-0.1635955,-0.04425612,-0.233584,0.1663387,0.1107434,0.1808329,-0.03167859,0.0863271,0.4258424,0.2823921,-0.4326661,-1.019169,0.04669036,0.03999251,7.327365E-06,0.08569235,0.1842495,-0.04824863,-0.2044484,-0.3048487,0.187796,-0.08354615,0.5209604,0.02057129
0.1941011,0.1018024,-0.6916454,0.000102752,0.526857,0.0006765201,-0.0005192602,0.3934901,0.01054825,-0.08742136,-0.04152064,-0.2809877,1.863861,-0.4435084,0.002780147,-0.3233865,0.03567632,0.01671618,0.1019356,0.3544274,-0.2326097,-0.4231368,-0.0759713,0.03968725,0.2885133,-0.2387719,0.01367313,0.03551334,-0.1044586,0.4301556
0.6036525,-0.283491,0.01415983,-0.05223839,0.056794,0.6304234,-0.3801123,0.2652603,0.1986708,0.3579814,-0.2417074,0.1290772,-0.0002844383,-0.3078976,0.01296671,-0.3706154,0.3693681,-0.128962,0.528331,-0.2460481,-0.08611156,-0.1380239,0.01716461,-0.3691524,0.0001332444,0.7307824,-0.4548895,-0.5465192,-0.3803212,-0.04191166
-0.1455066,-0.1045294,0.2283343,-0.210962,0.1628768,0.422989,-0.06162076,-0.4814714,0.2059505,0.2342284,0.08297724,-0.1097408,-0.56892,-0.02699997,0.1400192,0.3166313,-0.0009985648,-0.02183763,0.003547835,0.02556468,0.04357579,0.0242663,-0.0009301354,0.05483888,-0.08155584,0.2450971,0.1650398,-0.3073741,-0.07169133,0.3778241
-0.2973317,0.005346512,0.2408404,-0.003287095,-0.03624851,0.4798216,0.1081534,-0.009423712,0.05988951,0.1976561,0.3825552,0.08035897,-0.09023487,-0.4133223,-0.1062121,0.1807466,-0.01246094,-0.33474,0.4879568,-0.01533124,0.3769298,-0.1819265,-0.07408509,-0.09852093,-0.005154689,0.2060295,-0.2606723,-0.3487276,0.2858845,-0.3915997
-0.02340854,-0.1982965,-0.09693121,0.004723738,0.4813697,1.12898,-3.307065E-05,-0.08018094,0.1105017,0.05268009,0.0416044,-0.05348006,0.3863698,0.001703891,-0.6134703,0.2122642,-0.3074326,-0.02834275,0.05519541,-0.3610377,0.04352349,-0.07461604,0.5579706,-0.3339912,0.1221028,0.000603707,0.0628441,0.001476062,-0.1215774,-0.1364025
-0.8386052,-0.01365592,-0.3258137,-0.02602619,-0.01455802,0.1642877,0.2185991,-0.4830758,-0.08950964,0.4420758,-0.4953073,-0.4884918,0.05486156,-0.01107629,-0.2719664,0.03787065,0.2361042,0.1578295,-0.4426632,0.1206315,0.2205536,-0.1270857,-0.3808644,0.01849094,0.1254797,0.1297214,0.0004807425,-0.005797449,0.01252657,-0.3952452
0.3757466,-0.1495009,0.3906695,-0.6015682,-0.002385538,0.002162246,0.04138201,-0.08350743,-0.5082115,0.3120258,0.6402844,-0.1437364,-0.07407197,0.2035443,-0.2812126,0.002128837,-0.02185616,-0.7382811,-0.3781621,-0.1127765,0.07393546,-0.02041089,-0.2471255,0.0005850671,-0.06595927,0.07516389,0.05015558,0.06906694,-0.008454594,0.05000502
0.0008287694,-0.09775984,0.01010409,0.3428519,-0.02904779,0.6891875,-0.2510164,0.4023995,-0.3442464,0.4424092,-0.1989534,-0.06722208,0.4954413,-0.3977536,-0.4972932,0.2116069,0.03281331,0.01930209,0.4679251,0.01788706,0.02009382,0.03780245,-0.007759524,0.1904886,0.3444555,-0.06442339,0.03309482,-0.09486505,-0.3539584,0.09405933
-0.008635067,0.4960891,0.1383722,0.4348151,0.1071618,0.2803624,-0.7220901,-0.1667262,-0.001463018,0.01452294,-0.02721771,0.0378569,-0.002586251,-0.25492,-0.05641896,0.09519048,-0.1314885,-0.056896,-0.4148366,0.09097625,-0.08164807,0.0177002,-0.06518304,-0.06555468,-0.03645435,0.1077873,-0.01134627,-0.6465086,-0.05259988,0.3475875
-0.2333535,-0.09695983,-0.4777638,-0.1136352,-0.2518862,0.4255309,0.2942394,-0.116691,0.4653437,-0.04894763,0.01299542,0.247793,0.06059127,0.3984157,0.1751578,0.6919898,-0.1500445,0.01731932,-0.2415595,0.1398373,-0.07210639,0.05066286,0.3917809,-0.1109535,0.1172847,-0.3488363,-0.006848298,0.0735564,-0.2757432,0.1133984
0.02947979,0.02833612,-0.2313132,-0.337556,-0.08494633,-0.2291091,-0.296881,-0.003081767,0.5873902,0.4405745,-0.09830825,-0.1074423,-0.01560331,-8.588206,-0.1149188,-0.3298154,-0.3225111,-0.01298772,-0.7209383,-0.3025154,0.3386081,0.2228702,0.2248346,0.1912134,-0.1981521,0.01466719,-0.01722645,-0.3644449,0.2247584,0.1701444
5.488878,0.1075297,-0.0004518534,-0.003736175,-0.07851222,-0.1268923,-0.1529156,-0.139605,0.004874729,0.2441246,0.04597704,0.2021157,0.01674551,-0.01549449,-0.00542742,0.4924613,0.0332603,0.140217,0.02517973,0.01260598,-0.01931248,0.3367175,0.0908452,0.3054788,0.0007601916,0.0428974,0.007477541,-0.1242359,-0.02982226,0.2149336
-0.483569,0.001603363,0.5495818,0.06852868,-0.1781309,-0.2053134,0.09102684,0.1088891,0.01924997,-0.1514952,0.4172002,-0.370479,0.1723629,-0.1203035,0.02262198,0.01325972,0.0714609,0.3333887,-0.5024494,0.1227985,-0.001544532,0.3859435,-0.14947,-0.1274856,0.3543313,0.0300041,0.002737667,0.09770942,0.2781,-0.01014417
-0.2141928,-0.4000223,0.000983175,0.009829374,0.02377924,-0.09498352,0.02247797,0.3528546,0.07338864,-0.08826895,-0.476095,-0.002961262,-0.1827064,-0.026624,-1.132266,0.007315457,-0.07811505,-0.4772832,-0.3825325,-1.688851,-0.1263749,-0.1045986,0.2508234,-0.02268237,0.4421965,0.03290435,-0.2614672,0.1365923,0.3379368,-0.2959282
0.2822597,0.2668005,0.1155508,-0.1020566,-0.2987577,-0.1218358,-0.1329601,0.01095229,-0.1459243,0.09292717,1.03434,-0.1883903,-0.06703056,-0.5339734,0.4553596,0.3563972,-0.3483714,0.7115471,0.1404326,0.004908561,-0.1678877,0.3705137,0.02404276,-0.2216578,0.127013,0.4365195,0.3333304,0.7735783,-0.213793,0.8652256
;
0.3990871,0.4801291,-0.05773503,2.281949E-06,0.6828538,0.0690977,0.06695204,-0.2892931,0.5823723,0.3143527,0.0001122935,-0.2200163,0.2345288,-0.32743,-0.2808501,-0.1113524,-0.3495441,0.03157676,-0.1725824,0.1043202,-0.000344965,-0.1462836,0.4677454,0.3566377,-0.07158079,-0.2644539,-0.04148245,0.0968267,-0.2998005,0.004679859
-0.153292,-0.08262231,-0.001910646,-0.02626917,0.317126,0.4457477,0.07692701,0.02185323,0.1163481,0.2583492,-0.1703972,0.5229954,-0.09978801,0.4300458,-0.1432445,0.2390154,-0.06809238,0.3044256,-0.4062597,-0.1830092,0.2090279,-0.2941891,0.01394306,0.2479276,-0.2943051,-0.04735869,0.05582794,0.1429777,-0.1231642,-0.08520457
0.1844562,0.04939539,0.1846079,-0.3498876,0.1904377,-0.1676992,-0.008162864,0.01172855,-0.488783,-0.3205849,0.05732838,-0.1861001,-0.05405515,-0.139435,-0.5506608,0.00624041,0.05824561,-0.3069105,-0.270622,-0.006874255,0.08460628,0.7327322,-0.04559487,-0.1375941,-0.2510096,-0.04086849,0.011779,0.2708433,-0.2223931,-0.3517389
;
