-0.3670362
0.4146743
0.2379008
0.1712874
-0.3986555
0.01577439
0.3375701
0.1906627
-0.4903864
-0.1820461
;
-0.3887991,0.3492889,0.2917808,0.002816626,-0.05512649,-0.01854628,-0.3513633,-0.008859021,0.1523869,0.2092185
0.7434881,0.3415335,0.07887174,0.2156924,0.03046263,0.2885334,0.1305531,0.09991631,-0.02171376,0.4092027
0.003801739,-0.07793233,0.2112047,0.2789832,0.4752111,0.1348605,-1.430617E-07,0.4931829,-0.2452514,0.09361082
0.7042783,0.6299258,-9.404766E-06,-0.0894137,0.44848,-0.143788,-0.01121482,-0.07082075,0.03238532,0.1694917
-0.3271235,-0.04608744,0.455773,-0.1412836,-0.3454525,0.02420706,0.0003801691,0.01505194,-0.4716238,-0.3095608
0.002119369,-0.02930999,-0.3734057,0.2360208,-0.122561,0.04472338,-0.1154543,0.09403902,-0.8465391,-0.0653467
0.3566194,-0.004667475,0.01366151,0.6743263,-0.3139125,0.009748125,0.3968588,-0.128197,-0.1079827,-0.3504215
-0.3609573,-0.1350976,-0.1846819,-0.108304,0.2850128,-0.3818681,-0.2413986,0.2147039,-0.0004404169,-0.01475571
-0.03059334,0.4090772,0.07332368,0.4499727,0.3724135,0.02222437,1.809235,0.04458723,0.3478234,-0.089733
0.07648355,0.04935331,0.03241717,0.4428368,0.8105426,-0.1132541,-0.3124927,0.1683575,0.05783552,0.358832
;
-0.001283854,0.3620981,0.03997978,-0.104578,-0.04559156,-0.2184076,0.01817364,-0.004925284,-0.5449739,-0.02187318
-5.339963E-07,0.01831931,-0.02337437,-0.1961341,0.2348133,0.8033707,-0.002174992,-0.4327786,0.6510603,0.05307053
;
-0.004746642
-0.2597456
0.04670446
-0.1243171
-0.06326789
0.006218668
-0.4126
-0.4475129
0.6502694
0.04780346
;
0.1646618,-0.1738456,-0.3233067,-0.03137179,-0.02284242,0.01622628,0.08723236,0.01425821,-0.09468664,-0.02354256
0.128494,0.4490641,0.003812023,-0.08370894,-0.2092325,-0.07567465,0.3094393,-0.4554023,0.3768524,0.1303636
0.1036622,0.1794742,0.08382785,0.00350902,0.3499087,0.594541,-0.3367527,0.02726966,0.1071705,0.3958117
-0.3007499,-0.003209495,-0.8203572,0.06456777,0.2050025,-0.003293209,0.4000356,0.005924013,-0.4053137,0.497517
0.1539386,0.01170439,-0.6543151,-0.4699863,-0.06105075,0.1981845,0.2461264,-0.3058536,-0.2737648,0.1036956
-0.4387085,0.06785601,0.001228872,0.1562203,-0.01170965,-0.1175019,-0.04162337,-0.1140544,-0.288483,-0.03906274
0.05002683,0.7286648,-0.006810068,0.0004439826,-1.441852,-0.1493688,-0.0008009033,-0.248089,0.4884694,-0.4473333
0.3588129,0.1095824,-1.175826,-0.007115257,-0.01531608,0.2030134,0.2292842,0.01137159,0.005609657,-0.2179908
-0.1331409,-0.5916907,-0.3672673,0.01285191,0.2456389,-0.08201367,-0.2869814,0.2508496,-0.1354493,0.07791811
0.357399,0.3593626,-0.06063456,-0.07472202,-0.2747499,-0.03555707,0.06566085,-0.3925982,-0.2367684,0.30595
;
0.01262912,-0.1971852,-0.01337892,0.1688786,0.4075942,0.2654352,0.04906732,-0.3970869,0.21145,0.04894553
-0.3398544,-0.02105327,-0.2624522,-0.007625639,-0.09616047,0.5445617,0.01146991,-0.1718188,-0.09328884,0.040998
-0.319064,0.01474373,0.01422423,0.04117101,0.04535839,0.02390927,0.06380741,-0.3431019,0.4555427,0.2133852
;
0.04437519
0.2336504
-0.4817075
0.9628142
-0.02347657
-0.002304781
-0.03591878
-0.1106755
-0.5724159
-0.01422782
-0.2623851
0.4587986
-0.026741
-0.200846
-0.1239609
0.1823796
-0.280122
-0.3995197
-0.4192226
0.08718544
-0.2386829
0.001777526
0.1575771
0.1580777
-0.35788
0.080355
0.06403735
-0.4256204
0.02345708
0.3016571
;
0.4202623,0.2582067,0.1514616,-0.01546552,0.03558508,0.101351,-0.0225334,-0.4087123,0.0006683469,-0.9013571,0.2293609,0.3292807,-0.2623382,-0.01752938,0.4680929,-0.1562645,-0.0002629936,-0.2422827,-0.07101887,0.5557307,-0.2189482,-0.8895651,0.04201039,-0.01765472,0.2902696,0.08815205,-0.09020821,-2.344973,0.4039336,-0.2638723
-0.2370428,0.2790789,-0.1771537,-0.07335764,-0.2913941,-0.180478,-0.02057878,0.1003344,-0.7550252,-0.01855121,0.008829892,0.03101426,-0.1997949,-0.3679773,0.006708024,0.1085787,0.231199,0.1513971,0.317727,0.4951364,0.4119914,0.009056153,0.3154539,0.3859317,-0.2504948,-0.1123493,-0.7104623,-0.06195268,-0.3201389,0.4688022
-0.3107476,0.4545543,-0.0009694821,0.5984672,0.03020301,0.68622,0.2842749,0.0175196,-0.1037803,0.05756799,-0.3532954,0.06029893,0.9499146,0.4499192,-0.4936994,0.7149745,-0.2501018,0.4999876,-0.2555608,0.4767164,-0.00593179,-0.3671266,-0.03180756,0.005871747,0.4088213,0.5803114,-0.1264975,0.0670107,-0.1902808,-0.08045211
-0.3768662,0.04497162,0.2982014,0.5134591,0.2764752,0.1971678,-0.1421988,0.08035415,-0.09256291,-0.05387903,0.4369562,-0.2176763,0.278465,0.01330131,0.1661707,-0.3219572,-0.1252526,-0.417894,-0.1920933,0.7149067,0.3449706,-0.1350929,0.492282,-0.2197554,0.1857234,-0.4773549,-0.3686824,0.02660316,0.4463671,0.2075103
-0.04993722,0.2630191,0.1475557,0.7893533,-0.5599941,0.3809451,0.4462992,-0.4638612,0.286889,0.1641917,0.250877,0.00663694,-0.1148034,-0.04053486,0.08126433,-0.0008956987,0.0292521,-0.112878,-0.1039316,0.003511535,-0.4411708,-0.03969492,-0.3329482,0.3771071,0.210879,0.1587553,0.01078317,-0.265599,0.4956303,0.01667332
0.2586936,-0.4100558,0.003690018,-0.001909761,0.2146827,0.2469314,-0.315536,-0.0001416113,0.4603291,-0.06116134,-0.3225546,-0.1874301,0.09265257,-0.009411957,-0.04906803,0.2975469,0.7790889,-0.207388,0.1209398,-0.02102167,0.3912581,0.3462067,0.01238805,-0.2923505,-0.39244,0.5589331,-0.06199824,-0.03056413,-0.4156445,-0.09580177
0.1577351,0.1995838,-0.1353245,-0.2240486,0.04212442,-0.4508624,-0.433323,0.3268098,0.2363813,0.1341192,1.872817,0.1864122,0.1328722,0.0452091,0.467141,-0.05460292,-0.123697,0.3437963,0.03035957,0.2932836,0.0004943538,-0.4668614,-0.1825918,-0.001173673,-0.1116613,-0.2009442,-0.1555341,0.1713351,0.2686245,-0.473388
-0.2374491,-0.01259765,-0.002202571,-0.01244932,-0.1148089,0.002908885,-0.4632624,-0.3210051,0.3885498,-0.4143107,0.342347,0.4871238,0.1471533,0.03167695,0.3641642,-1.168978,0.04361171,0.001217959,-0.3321469,0.3752127,-0.1158764,0.184648,0.006065619,-0.08742034,-3.767948E-05,0.001736136,-0.02514012,-0.0252741,0.4820943,0.05742437
0.1406197,-0.1130463,0.06637126,0.7172001,0.0003362936,0.03101045,0.2692574,-0.2432991,-0.1495097,-0.2915709,-0.01922846,-0.3855968,0.03669022,0.04478425,-0.001075045,2.099162,-0.1257004,-0.4021512,0.07129861,-0.6490446,-0.04050058,0.2535651,-0.335294,-0.06978918,0.0006796757,0.2338588,-0.02812129,0.002849194,-0.2335004,-0.2760117
-0.2333078,0.1870098,0.1448822,0.6367775,-0.3365955,-0.09915096,0.1887809,0.2328727,0.3157843,-0.04579873,0.001813982,-0.2197068,0.3395689,0.06210267,0.08128581,-1.695741,0.07285196,0.03004365,-0.004559183,0.0003868249,-0.2312381,0.02581537,-0.01163552,-0.3467014,0.01222736,0.03211515,-0.4481829,0.229702,-0.1574794,0.4652897
-0.2422329,0.01258105,-0.01387152,0.02353325,0.4593841,0.3082185,-0.3484257,-0.4915243,0.1376833,0.06878832,-0.1515085,-0.07018986,0.009564131,-0.5651546,0.427708,0.006011474,-0.003742334,0.1334647,0.4190167,-0.0049998,-0.1925813,0.2252893,0.02572254,-0.1494449,0.02305282,0.02402988,-0.02379694,0.1743329,-0.1584848,-0.194421
-0.6188263,-0.3888154,-0.00433269,-0.1755184,-0.3497356,-0.1263333,1.241628,0.001816903,0.03801183,-0.06265364,0.2459431,-0.1002673,0.8358403,0.06694923,0.4407403,0.02690773,-0.5435776,-1.038588,-0.08706576,-0.238757,0.4624478,-0.165518,0.05045491,0.1813643,0.444129,0.003771652,-0.3431591,-0.4430977,-0.05807787,-0.06303734
-0.3130106,0.6484066,-0.3123353,0.2943411,-0.1337759,0.2932075,0.001664692,0.0006583994,0.5592258,-0.6073143,-0.7527933,0.1163217,0.05718205,7.839785E-05,0.5483988,-0.1044279,-0.1598432,-0.1288499,-0.02969571,-0.4804924,0.4179837,0.2731402,0.02777433,-0.004599988,0.04172302,0.004279077,-0.002153547,1.15124,-0.4688537,0.1901093
-0.5554805,-0.241405,0.2370335,-1.415818,-0.0310561,-0.2075834,0.07473874,0.108298,0.1370084,-1.345774,0.6379973,0.1241946,0.5561526,-0.5097011,-0.4228293,-0.620264,-0.2187091,-0.1362917,-0.3758309,0.3270953,-0.0505175,-0.4133193,-0.413957,-0.1428553,-0.1317428,-0.3312739,0.03472509,-0.4381059,0.06801438,-0.4198854
-0.07509613,-0.1685966,-0.4695389,-0.116085,-0.06510307,0.109331,0.004124872,0.08464211,-0.4104275,0.02204782,0.01922708,-0.5996427,-0.5481256,-0.02755439,-0.2104252,0.01045705,-0.05326151,0.003586716,-0.2218033,0.3393642,-0.1591865,0.3155119,0.3978584,-0.01634923,0.4145568,0.3565569,0.002577381,-0.05959922,-0.4692039,0.2220304
-0.2137179,0.7459331,-0.2159083,0.01350546,-0.1258747,-0.7071438,-0.01455897,-0.1239244,-0.418201,-0.04810962,0.3779076,-0.1405441,0.0005357086,1.35723E-05,0.2135383,-0.1431611,0.03939741,-0.006805401,0.2779909,-0.527372,-0.01779372,-0.07110231,0.01446263,-0.08410332,-0.295822,-0.004510398,0.3122928,0.4963874,0.950117,0.08393198
0.4259931,-0.09636766,0.6600446,0.2395964,0.01743451,0.0455547,-0.04144834,-0.415969,-0.01655101,-0.002484869,-0.1013156,0.001894045,-0.000164699,-0.1942217,0.6064733,0.1285652,-0.4315774,0.025947,0.2520067,-0.4348817,0.06999815,0.1281164,-0.1233328,0.3006298,-0.1886579,0.02037238,-0.4705647,0.412826,0.303862,-0.6591058
0.0620808,0.01980054,0.4741219,0.4438065,-0.5504537,-0.1783209,-0.2411204,-0.3540256,0.06887486,0.1851532,-0.1086602,-0.1266341,-0.2134319,0.01336888,-0.05625409,0.2419752,-0.02576884,0.2611145,-0.04354733,-0.476316,0.004200303,0.03850288,-0.1362799,-0.5751558,-0.5514189,0.1591285,-0.05017221,0.02690091,0.1435542,0.09966092
-0.3430254,-0.006928358,-0.0980664,0.08656742,-0.302812,-0.08280096,1.059902,-0.4238932,0.1611182,-0.0158692,0.2298518,0.1256088,-0.01012864,0.1044034,0.583995,0.9040793,-0.4364918,-0.08202241,-0.005804638,-0.01151804,0.08864703,-0.0005851089,0.01462837,0.003247482,0.1269935,-0.09614345,-0.3262852,0.09370268,-0.1626059,-0.0003255144
0.3441761,-0.02162336,-0.213602,0.2461601,0.1689418,0.2362554,-0.328722,0.321155,1.303368,0.414427,-0.41076,-0.05811236,0.07163964,-0.3214756,-0.002197453,0.29921,0.3179561,-0.5378124,-1.34193,6.251311E-05,-0.1123648,-0.103626,0.3363367,0.01098225,-0.7505581,-0.1302397,0.3162586,0.0005401933,-0.7192596,-0.1175941
-0.2275444,-0.0150906,0.01138433,-0.0001004933,0.005997002,1.005263,1.330252,-0.01169209,-0.3582537,-0.3872539,-0.00132913,-0.07000286,0.1142181,-0.04329516,0.5167009,0.000236216,-0.208751,-0.9803298,-0.1948344,0.1867896,-0.8682953,0.02476332,-0.4519486,-0.09432937,-0.1028719,0.3270462,-0.05059782,0.6289518,0.5190596,-1.187039
0.0214756,0.1472702,-0.04667228,-0.306477,0.04948285,0.197888,-0.3040968,-0.01244049,0.00476085,-0.07728333,0.2381776,0.4051848,0.02012727,0.4292493,0.689673,-0.1868303,0.2611099,0.2701157,0.3723722,0.00497351,0.004069522,0.01176253,0.03380385,-0.06514914,0.007226928,0.007570317,0.01510564,0.227045,0.4274166,-0.2878869
-0.01578862,0.4132289,-0.07145661,-0.0004130954,0.03018579,0.001821642,0.8836601,-0.2838103,0.2180644,-0.5029026,0.122441,0.3515742,-0.4681328,-0.4440225,-0.05403832,0.182861,0.01868862,0.1957725,0.2803642,0.2070653,-0.08940858,0.004374461,0.08166707,-0.3878487,-0.08064313,0.3381549,-0.3139235,0.2478963,0.05403463,-0.04154965
-0.04078406,-0.4660563,0.1810856,-0.08888514,-0.1259775,-0.3965902,-0.0038047,0.4292514,0.1651442,-0.0101412,0.0006751309,-0.6619636,-0.0005095098,0.2423252,0.5336107,0.3423003,0.1134451,0.09570219,-0.1433407,0.04129606,0.005687795,-0.02658344,0.1755417,-0.05396461,0.0001599193,-0.03765571,-0.4507866,-0.4963312,0.07711405,-0.3295553
-0.3163674,0.4040525,0.4866503,-0.4296225,-2.986947E-05,0.1347634,-0.08714825,0.02010924,0.00104264,0.08799662,0.0006326885,-0.02073982,0.1482109,-0.02074191,0.1111143,0.478742,0.1383613,0.04774299,-0.2671446,0.001862268,0.0973018,0.1592405,0.0472893,-0.2324442,-1.19129,-2.323901,0.06970046,0.01732793,0.0183055,0.1947286
-0.08748402,-0.0001536919,0.2224959,0.001805803,0.2747965,0.3872578,0.157889,0.03583101,0.2432209,-0.06350172,0.003933119,-0.4867281,0.05732304,0.120503,-0.7394379,0.08367103,-0.400368,0.3028326,-0.004116549,-0.3370829,0.06648216,-0.05540963,-0.1057766,0.0797804,0.08637315,0.4257764,0.2389011,-0.3779809,0.0001929755,-0.003728104
0.1558293,0.04705137,0.005154396,-0.4025384,0.006115383,0.8427953,0.4590399,-0.1527453,0.1969029,0.08342355,-0.01603296,0.4247419,0.2850966,-0.51821,0.6933439,0.2281695,-0.1051969,-0.4778328,-0.32991,-0.7644618,0.274624,-0.01121829,0.1929079,0.3951743,-0.1320994,0.3344669,-0.141677,-0.2083089,-0.1038307,0.1620569
-0.3880473,0.3228757,0.2821913,0.02393537,0.1722331,-0.204411,-0.1026001,-0.7020028,0.1197312,0.003602673,-0.742897,-0.2761834,-0.1840703,-0.004127152,-0.4295854,0.3905298,-0.0006769,0.1832408,-0.4161591,0.003491104,0.002542764,-1.11784,0.2570195,-0.05091876,-0.06203787,0.06398484,-0.5862449,-0.07696348,0.1005979,-0.4797394
0.2406195,-0.2743324,0.4799745,0.1489159,0.4503544,-0.6015815,0.9627289,0.07217008,0.6082076,-0.02930874,0.3875648,-0.2747163,-0.0005189977,0.2778146,-0.3266497,0.3854498,0.04115104,0.2445407,-0.466268,0.6938229,0.1460535,0.1726435,-0.273895,0.0009797378,0.575463,0.2005709,0.2115736,0.0727851,-0.01858065,0.003184825
-0.2752641,0.8212845,-0.1969098,0.06467015,-0.007428267,0.3501691,0.04349167,0.07758487,-0.2280186,-0.3921522,0.002620347,0.2810525,-7.000561E-05,0.04772308,-0.2764875,0.2677386,0.01230956,0.06583978,-0.1472204,0.008942252,-0.7096416,-0.09974776,-0.02936071,0.1494312,-0.1647134,0.00720437,0.07179397,-0.004375819,0.07375858,0.1991394
;
-0.3427491,-0.04780139,0.1383558,-0.5509215,0.02085411,-0.003309502,-0.3906105,0.003122151,0.506052,0.5529125,-0.01617104,-0.02830283,-0.4885608,-0.1317192,0.2403493,-0.1248109,0.001351535,0.001229857,-0.0007401178,0.2507153,0.4881915,-0.0388018,-0.112946,-0.0185748,-0.0543979,0.007588618,-0.3681648,-0.107675,0.4697827,0.05011531
0.2178248,-0.02487074,0.423686,-0.2010391,0.09274453,-0.02919215,0.02907506,-0.147376,-0.3892974,-0.000899141,-0.1566009,-0.01592704,-8.367658E-05,-0.01444071,-0.1404952,0.2201661,-0.009458502,0.2256871,0.3457478,0.1291371,0.02849526,0.09634592,0.5522494,0.1203235,-0.1301324,0.01715344,0.4493145,0.02124439,0.2096305,4.214851E-05
0.04678553,0.2794729,0.2949256,-0.2300596,0.002836883,-0.0690487,-0.1377212,0.0009565621,0.412335,0.5401193,0.437669,-0.001296073,-0.2632092,0.2136515,-0.01768225,-0.4591058,-0.02584543,-0.3365936,-0.1061308,-0.4454166,-0.00276524,-0.002748335,0.4419116,-0.1308845,-0.3295058,0.4911224,-0.1358124,-0.08739815,-0.4592675,0.4070036
;
0.05197595
0.3268112
0.2175134
-0.009023191
0.353357
0.1708471
-0.2674642
-1.993701
0.4757699
0.107292
0.1510564
-0.01446719
-0.2786467
0.0004141458
0.8896691
0.06780452
-0.1094411
-0.0660091
0.4240568
-0.04148562
-0.01234863
0.1496205
0.1808437
0.0003030973
-0.1792772
0.3105661
0.1959449
-0.1004455
-0.002484898
0.1752043
;
-0.6969643,0.5032925,0.09146437,0.1676017,-0.007376999,-0.03300685,-0.007365093,0.1203836,0.3770571,0.02788776,-0.2358893,0.1999628,-0.2505391,-0.04450682,0.4444358,-0.3535392,0.004181174,-0.2091513,0.4177336,0.08209997,-0.002941018,-0.2385479,0.1002716,-0.2115537,0.1893637,-0.004219094,0.2545332,0.05208725,-0.005978405,0.02484487
0.2488683,-0.002369106,0.1664556,0.3924475,0.01684457,-0.05862217,0.2337563,0.1262886,-0.1434266,-0.9258307,0.02858811,0.2410124,0.3163038,0.01771729,-0.3327471,-0.3226386,-0.02072198,-0.0487669,-0.4320784,-0.3185933,-0.3274063,0.001671096,0.007555187,-0.1882806,0.285726,0.7112492,-0.1158351,0.4526238,-0.1713843,0.09373675
0.3562127,0.3490351,-0.0957759,0.1276969,-0.120535,0.001251838,-0.01880258,-0.1242489,-0.07842071,0.1072721,-0.0004819437,-0.2370638,1.460693,-0.1919313,-0.04776644,-0.5453308,-0.1361374,-0.06683242,0.4192789,0.06159023,-0.3078299,0.3850549,-0.0867182,-0.1772078,0.2909416,-0.2724621,0.967074,0.7768747,-0.4960018,0.05372238
0.1813942,0.2462865,-0.2342526,0.06258682,-0.1682077,0.001165402,-1.858669,2.579547,-0.6397846,0.05678672,-0.2855034,0.1431974,-0.01307459,0.001466707,0.02565616,-0.3178988,-0.05599401,0.003371298,0.3879035,-0.1144609,-0.05633633,0.05949527,0.1340734,0.3393003,-0.3296788,-0.2474734,0.2532301,-0.4801587,0.02866036,-0.0148882
-0.008548993,0.5611091,-0.1341988,-0.1172894,-0.6062832,0.001511344,-0.05077193,0.4508303,-0.3037864,0.4845325,-0.4143128,-0.3849148,-0.1449767,0.07650685,0.1747556,-0.0008235656,0.3168623,-0.2966541,1.720487,0.1102301,0.05185694,-0.5966705,-0.3086183,0.01090509,0.4487379,-0.4283044,-0.1685326,-0.4924777,0.1894546,-0.196253
0.1167554,0.03548127,-0.1002589,0.02968107,-0.04163283,0.2303025,0.6105468,0.03523917,-0.04727254,0.1302044,0.4561375,1.726863,-0.5725676,-0.3534843,-0.05606419,-0.1374884,0.3025901,-0.1101967,0.1702094,-0.001818105,0.4541248,-0.4819463,0.02042591,0.2164687,-0.2613319,0.07896418,0.09489852,-0.3108045,0.08855477,-0.004513893
-0.06088649,-0.08905283,0.2567431,-0.4333191,0.2717919,-0.07303208,0.0006315845,-0.01067902,0.3760684,0.007046411,0.0001859186,0.1458483,-0.09997779,-0.2033101,-0.0001008407,0.1153369,-0.03856663,0.3353338,0.3301587,-0.0450941,-0.006716779,-0.1242629,-0.09265263,0.2985195,-0.1476258,-0.3290977,-0.2217819,0.02058002,-0.01912552,0.4935747
0.1177961,0.7270678,0.5190622,0.3944397,-0.2987113,0.2666682,0.8081558,0.005499222,0.4939155,0.284049,0.1666169,-0.1173101,-0.06575745,-0.01035374,0.1447104,0.3350208,-0.00140178,-0.2503122,-0.1776415,-0.07826435,0.05437798,-0.02361212,-0.3979841,0.0005268928,-0.06198546,0.09671572,0.01729061,-0.152432,-0.1561948,0.3848915
-0.3143048,-0.5542086,-0.05988694,-0.3244486,-0.1712385,1.767296,-0.07248324,-0.5527816,0.6662754,0.001608188,-0.483211,0.09372165,-0.01440941,-0.05463213,0.2060387,0.3335183,-0.3690861,0.07413439,0.01189214,0.1363324,0.1821026,-0.4869577,0.08501177,0.08255769,0.4641875,0.11586,0.02083,0.4914435,-0.0001277906,0.07502719
-0.01229603,1.17206,0.04828272,-0.1139601,-0.006362338,-0.01923216,-0.07783936,-0.7550184,0.3759713,0.2910933,0.501013,0.196461,-0.199948,-0.3692488,0.2092227,-0.3642374,0.5708439,-0.8871198,0.3618076,-0.06375615,-0.516127,-0.3124741,0.009886444,0.02497884,0.3424872,-0.3711569,0.3829995,0.4334883,0.4997605,-0.01240193
-0.3783489,1.029248E-05,-0.3131771,0.2635501,0.003527813,0.003251649,-0.408189,-0.00438461,1.027001,0.004230559,0.3847088,0.5361434,-0.1372058,-0.2221279,-0.5534304,0.407389,-0.01693778,0.2873552,-0.1576144,-0.01304977,-0.2047509,0.03195416,-0.4247988,-0.1846168,0.04956476,0.2619188,-0.3633254,-0.1583541,0.191185,-0.4171194
-0.1053493,0.1421951,-0.4367752,0.05939931,-0.0596686,-0.4714468,0.3890047,-0.1965172,0.09307986,0.02949653,-0.1687994,0.02847725,0.1706356,0.3488262,0.00113531,0.2036752,0.3842174,-0.01203388,0.02732731,0.09952646,-0.2423477,-0.5100792,0.1839706,-0.08493243,0.494235,-0.00641699,0.06587774,-2.361943E-07,-0.9879523,-0.0006367752
-0.1645808,-0.01339157,-0.4182305,-3.530377,-0.3700898,-0.3059263,0.01586952,0.08102307,-0.08143741,-0.08275348,0.005743284,-0.4478149,0.1772474,0.09443428,0.02110109,0.01054119,0.004772637,0.02140778,-0.2836459,0.001473012,-0.1039379,-0.09088996,-0.05965284,-0.2184043,0.2294288,-0.004978903,-0.1488641,-0.02176243,0.0366203,-0.2493687
0.2019831,0.3849434,0.07005379,-0.09489683,-0.1530434,-0.1451642,0.3387831,0.1426504,-0.0225368,0.465875,-0.7206824,0.08167899,0.003534703,-0.4120824,-0.03105766,-0.1929029,-0.2821292,-0.09551048,0.08676444,0.08883196,0.0696512,-1.927225,-0.001812749,-0.4096709,-0.4775858,0.5933334,-0.3582352,0.05901154,0.1352493,0.1248022
0.500083,-0.5113565,2.345676,-0.04425731,0.06508448,-0.0036121,-0.1635955,0.01358639,0.233584,0.1663387,-0.05716816,-0.1548599,-0.004191678,0.08423599,-0.5967144,0.406412,-0.2952674,0.1828902,-0.04669036,-0.1738213,-7.327365E-06,-0.08569235,0.3122554,0.2642716,0.437646,0.3667257,-0.8351669,-0.06768515,-0.05507249,0.01637357
-0.01825655,0.2449466,-0.4999628,2.303793E-05,-0.5815573,0.001351318,0.05878643,0.1370636,-0.2441258,-0.08742136,-0.3893666,-0.3889591,-0.3522331,-0.4315869,-0.2088086,-0.00416345,-0.3726578,-0.4048282,-0.1789641,0.2190759,-0.592644,-0.1927055,-0.08378039,-0.04722577,-0.5631065,-0.4993348,0.01367313,0.1063372,-0.2349101,-0.03289618
0.7718518,0.1401997,0.01256832,-0.09107672,-0.1035579,-0.4209919,-0.2621045,0.02495913,-0.1032645,-0.07014698,-0.1157427,0.1954212,0.0002844383,0.1119303,0.2520262,-0.07774174,-0.06216004,-0.01929502,0.3653409,-0.005925844,0.2851728,-0.5938997,0.005052579,0.7310073,0.000147636,0.7307824,-0.4548895,-0.5465192,0.332193,0.04191166
0.2416472,-0.09951073,0.2309743,0.2175299,-0.3000743,-0.1133461,0.07772273,0.1440111,0.2298917,-0.2237263,-0.08297724,-0.1965305,-1.026087,0.001701105,-0.3317593,-0.2646316,0.3588628,0.02183763,-0.3990579,-0.0493336,-0.001902359,-0.02350769,-0.4728612,-0.5109671,0.1697088,0.1142785,0.0270353,-0.005181006,0.03139633,-0.01210666
-0.2071638,0.4018099,0.3545395,0.3009556,0.009409328,0.4798216,0.1081534,-0.184746,-0.3209172,-0.01315409,-0.4079174,0.1077421,-0.3097438,0.004312584,-0.2635028,0.1993794,-0.2105918,0.33474,0.4015436,0.01743636,-0.07771318,-0.5873032,-0.02594201,-0.08393428,-0.000904199,0.1501674,0.0009587227,0.1399537,0.6889864,-0.2100062
-0.2656034,-0.5111065,-0.1583014,0.2385509,-1.209746,0.1251961,-1.593035E-05,-0.5521775,0.0008594349,0.08626467,-0.002068648,0.1841438,0.3863698,0.1243844,-0.3370056,-0.1868573,0.4421085,-0.2991546,-0.4013081,0.4573499,-0.04352349,-0.4038326,0.2756173,-0.008214137,-0.114786,0.0001623076,0.4419647,0.009536564,0.1852614,0.001624682
0.7883393,0.4687198,0.3258137,-0.1105073,-0.02073354,-0.4214807,0.1104362,-0.1251117,-0.4113466,0.4169873,-0.3133204,0.5636861,-0.356084,0.002442658,0.02470993,0.003205969,0.129558,-0.8045714,-0.5953693,-0.4436524,-0.1109409,-0.5483822,0.6102649,-0.03929636,0.07492769,-0.2156313,-0.0003473162,-0.002421439,0.01252657,0.1530467
-0.7493289,0.004606247,-0.07279295,-0.4105589,-0.003457806,-0.07541518,0.0005938258,0.004649747,-0.8575072,0.4688101,-0.343286,-0.0002459517,-0.02683866,-0.2035443,0.19146,0.1506854,0.03757966,0.3391991,-0.3781621,0.04005718,-0.4547017,-0.0005442188,-0.4113725,-0.2337677,-0.1492564,-7.423224E-05,-1.039273E-05,-0.04987627,-0.007265806,-0.05000502
-0.002535305,0.09775984,0.3334566,0.1021142,0.4038105,1.113642,0.1021777,0.8020536,-0.3442464,-0.5078383,-0.02267069,-0.0785952,1.137257,-0.08269018,-0.2788133,-0.04531103,-0.1165966,-0.02568995,0.4679251,-0.07322228,0.05117092,0.4066171,-0.01188812,-0.4821095,0.3444555,-0.1987336,-0.324689,-0.05727603,0.6765443,0.04701876
-0.1979577,-0.479467,0.4870508,0.258346,0.05821392,-0.365849,-0.7220901,-0.03109458,-0.02896489,-0.01452294,-0.001194833,-0.3861275,-0.003539235,-0.5394986,0.4767504,-0.079776,-0.008677185,-0.056896,-0.3470267,-0.08536758,-0.2496656,0.02199157,0.06822219,-0.396992,-0.08144993,0.04115165,-0.005658029,0.03777985,0.02259833,0.3475875
-0.01828319,-0.1744261,-0.2707942,-0.3711748,0.1683931,0.4255309,0.2942394,0.2323971,-0.2628637,5.073396E-05,0.02122219,0.247793,0.06059127,0.3865209,0.1123487,0.596185,0.1985849,0.03456002,0.8345432,0.3358096,-0.03937818,-0.473027,0.3897755,0.1109535,-0.2869434,-0.1087905,0.323595,-0.02241089,0.07171416,-0.1133984
0.3693465,0.1907739,-0.3650253,-0.4325834,0.1470537,0.1811472,-0.02371452,-0.1786456,0.4900237,0.5069624,-0.1145028,-0.1042098,-0.2085425,-0.4130843,-0.3769953,0.3298154,-0.12728,0.001697593,0.005379431,0.3029844,0.3248627,-0.02680583,0.2471537,-0.3553583,0.3480072,0.09499973,-0.4862134,-0.6156509,0.3153669,0.00309395
0.4207836,0.1075297,0.003469513,0.1054087,0.004716327,0.005353002,-0.06672456,0.1908717,0.128518,0.2262782,0.003157707,-0.2021157,-0.2190631,-0.008150488,0.002766092,-0.4924613,0.319319,0.003888309,-0.1784614,0.01385695,0.02837151,-0.09210359,0.06542951,0.404211,0.0002998845,0.006377057,-0.006721445,-0.1242359,-0.01704923,0.1597102
-0.483569,0.001603363,0.1735197,0.06806687,0.1781309,0.5063378,-0.1747862,0.2626137,-8.074356E-05,-0.06328302,0.4539681,0.02853853,-0.09372407,-0.2399296,-0.1791977,0.008792068,0.05326146,0.05742568,-0.1799976,0.1007635,0.4020042,0.2605307,-0.337575,-0.4908087,-0.001644916,0.1796375,0.3556992,-0.4259484,0.3581086,-0.008699477
0.2141928,-0.2873688,-0.08185418,-0.1435482,0.08815712,-0.09498352,0.01604169,0.2787964,-0.04562692,0.1723571,-0.476095,-0.003777314,0.3500873,-0.0071448,-0.0005397573,-0.4501382,0.1006904,-0.02428661,-0.6176221,0.1968166,0.225769,0.189534,-0.2924668,-0.2815207,0.2091797,0.01785164,-0.004492058,-0.1964497,-0.6363558,0.2385363
-0.4318719,0.2668005,-0.3566365,0.2812577,0.2987577,-0.1383998,-0.1329601,-0.0004884052,0.1459243,0.1505062,0.4053755,-0.2306533,-0.1871111,0.4425335,-0.005210742,0.6984429,-0.4421837,0.03636473,0.8620218,0.01806596,-0.1678877,-0.3705137,-0.1888043,0.4501834,0.01040993,-0.04912633,-0.1036184,-0.1963972,0.05807312,-0.2115718
;
-0.004316582,0.07955855,-0.2056399,0.009652132,0.2960817,0.4589815,-0.1914728,2.215753,0.5823723,0.008988381,-0.2066192,-0.01432294,-0.4666743,-0.02104772,-0.07536989,0.05045645,-0.3689277,0.5711291,-0.04822385,-0.3985971,-0.003970149,0.06330264,0.5155851,-0.485194,0.1912919,-0.1550392,-0.04148245,0.2142003,0.4422165,0.08218133
0.4551964,-0.0946424,-0.001910646,-0.007446345,-0.08256918,0.01938131,0.07692701,0.005521165,0.04816651,0.02258651,0.2470678,0.5229954,0.0023368,-0.02811086,0.1432445,-0.002097671,0.4255406,0.4595986,-0.04829553,0.3459266,0.01143628,0.007071555,0.01394306,0.1731821,-0.3064656,0.04735103,0.4075284,-0.03203422,0.2276499,0.107795
0.0007162375,0.3898227,0.04384105,-0.0222414,-0.1546103,-0.3044384,0.2873708,0.3139426,0.03453463,-0.007211274,0.3866539,-0.1146296,-0.01930944,0.06527349,-0.0193535,-0.2432711,0.3101491,0.04379428,-0.270622,0.005193031,-0.1672186,0.1211612,-0.08748587,0.3125257,-0.1140708,-0.2185673,0.365003,0.4934188,-0.3013526,0.08111384
;
