-0.3670362
0.4146743
0.2379008
-0.1712874
-0.0002536654
0.01577439
-0.3375701
0.1906627
-0.4903864
-0.1820461
;
-0.3887991,0.3492889,0.6714506,0.002816626,-0.2048637,-0.15928,-0.3513633,0.008859021,0.1523869,0.2092185
0.7434881,0.3415335,0.07887174,-0.2156924,0.03046263,0.2885334,0.1305531,0.09991631,-0.02171376,0.4092027
0.002677069,-0.09872265,-0.2112047,0.2789832,-0.2700586,0.1348605,-1.430617E-07,0.4931829,-0.03638953,0.2508059
0.7042783,0.6299258,-3.309394E-05,-0.0894137,0.44848,-0.143788,-0.01121482,-0.07082075,0.03238532,0.1694917
-0.3271235,-0.04608744,0.455773,-0.1412836,-0.2877744,0.02420706,0.0003801691,0.01505194,-0.4716238,-0.3095608
0.002119369,0.02930999,-0.3734057,0.2360208,-0.5043689,-0.04472338,-0.2296692,0.09403902,-0.8465391,-0.1803413
0.3566194,-0.004667475,0.01537997,0.6743263,-0.3139125,0.009748125,0.3470312,-0.138679,0.0532002,-0.3504215
-0.3609573,-0.1189132,-0.1846819,-0.108304,-0.3528257,-0.3684189,-0.2413986,0.2147039,0.0004404169,-0.01475571
-0.03059334,0.4090772,0.07332368,-0.4499727,0.3027557,0.02222437,1.809235,0.03335672,0.3478234,-0.089733
-0.4701865,0.04935331,0.03241717,0.4428368,0.8105426,-0.09359556,0.2549148,0.1683575,0.05783552,0.358832
;
-0.01546428,-0.06341902,0.03997978,-0.104578,0.04559156,-0.2184076,-0.4861501,-0.004925284,-0.5449739,-0.02187318
-5.339963E-07,0.01831931,-0.02337437,-0.1961341,0.1394405,0.479346,-0.01367706,-0.4327786,0.6510603,0.05307053
;
-0.004746642
-0.2597456
0.04670446
0.1243171
-0.06326789
-0.006218668
-0.4126
0.4475129
-0.6502694
0.04780346
;
-0.1646618,0.1738456,-0.3885678,-0.005235541,-0.02284242,-0.1050162,-0.1138068,0.004031616,-0.309767,-0.04341349
0.128494,0.5313559,0.00702224,-0.08370894,-0.2092325,-0.07567465,0.3703802,0.3199669,-0.1141251,-0.2291254
-0.1036622,0.1794742,0.06070278,-0.00173116,-0.1102467,-0.365331,-0.3367527,0.0515922,-0.1071705,-0.8438493
-0.2086603,-0.006869629,-0.7498216,0.07623211,0.2465338,0.001957143,0.4000356,0.005924013,-0.01964701,0.497517
0.1296802,-0.2997798,-0.3670906,-0.1328506,-0.1583017,0.1981845,-0.4423111,-0.3058536,0.2737648,0.06576675
-0.4284071,0.06364256,0.02434247,0.1977375,-0.01170965,-0.1175019,-0.02874213,-0.166326,-0.02444893,0.0192456
-0.1105454,0.7286648,-0.006810068,0.0004439826,-2.005884,-0.2678168,-0.0008009033,-0.2983379,0.4884694,-0.4473333
0.3588129,-0.1095824,-2.269104,-0.2411729,-0.08491044,0.3917284,0.2292842,0.01137159,0.005609657,-0.2179908
-0.2353575,-0.5916907,-0.3672673,-0.01285191,-0.2456389,-0.08201367,-0.2869814,0.1262393,0.1967439,0.07791811
0.357399,0.3593626,-0.07489076,-0.07472202,-0.1487066,-0.03555707,0.05424649,-0.3925982,0.2367684,-0.2699609
;
0.01262912,0.418925,0.004039694,-0.1688786,-0.4075942,0.2654352,0.04906732,-0.3970869,0.1930138,0.02657574
0.00321137,-0.1396472,0.5244797,-0.007625639,-0.09616047,-0.06530601,0.01146991,-0.01941574,0.09328884,0.040998
-0.319064,0.03067571,-0.3192364,0.04117101,0.04535839,0.02390927,-0.06380741,-0.3431019,0.5730843,0.3976322
;
0.04437519
-0.1177071
-0.4817075
0.506605
-0.02347657
-0.003565119
-0.03591878
-0.1106755
-0.5724159
-0.01422782
-0.2229295
0.05440899
-0.026741
-0.1339359
-0.1239609
-0.2629834
0.04150957
-0.3995197
-0.1856132
0.08718544
-0.05583475
0.001777526
0.1332821
0.1580777
-0.35788
0.3348769
0.4001453
-0.4256204
0.05985865
0.3016571
;
-0.4707325,0.2582067,0.2856308,-0.01546552,0.03558508,0.101351,-0.0225334,-0.4087123,-0.0006683469,0.9013571,-0.2293609,0.3292807,0.2623382,-0.01752938,0.4680929,-0.3563976,-0.001477846,-0.469891,-0.06222949,0.5557307,-0.2189482,0.8895651,0.04201039,-0.01765472,0.2902696,0.1889679,-0.09020821,-2.344973,0.2808353,0.1328558
-0.2370428,0.4272282,0.2366541,-0.07335764,0.2913941,-0.180478,-0.02057878,-0.05369956,0.4230751,-0.02172571,0.008829892,0.03101426,0.1997949,0.3679773,-0.006708024,0.1085787,-0.231199,0.1513971,-0.317727,-0.4951364,0.4119914,0.04067924,0.3154539,0.1606227,-0.4607038,0.09039786,-0.4588406,-0.07146219,-0.2874462,0.04467689
-0.3107476,0.4545543,-0.0009694821,0.4827991,0.01194619,-0.1470748,0.321027,0.02830628,-0.1037803,0.1342821,-0.2283395,0.06029893,0.9499146,-0.4499192,-0.4936994,0.4149365,-0.2501018,0.4999876,-0.4622906,0.8079483,-0.00309551,-0.5083978,0.03180756,0.0443309,0.4088213,-0.5803114,-0.2041997,-0.0670107,-0.04789725,-0.009493179
-0.1271541,0.04497162,-0.2982014,-0.5134591,-0.2764752,0.1971678,-0.1421988,0.0206587,-0.09256291,-0.1166159,-0.4308523,0.00248814,0.3364613,0.01330131,0.1661707,-0.3219572,-0.09023656,0.4082397,0.4994441,0.7456857,0.3449706,-0.1350929,0.492282,-0.067662,-0.1857234,-0.4773549,0.1638935,0.7237754,0.4138248,-0.2075103
-0.2045999,0.2630191,0.4320303,-0.7893533,0.2437949,0.3809451,0.4462992,-0.4638612,0.2062587,0.1641917,-0.05630988,0.00663694,-0.2117508,-0.1988024,0.06597134,-0.0008956987,0.02347462,-0.112878,-0.1039316,0.003511535,-0.4411708,-0.03969492,-0.3329482,0.6907498,0.3821959,0.1587553,0.002777601,-0.265599,0.4956303,0.0008068028
0.06934904,0.01922503,0.003690018,-0.00322554,0.2146827,0.2469314,-0.03404433,-0.0001416113,0.4603291,-0.06116134,-0.3225546,-0.396592,0.1691971,0.008308261,0.6244717,-0.01976033,0.7092069,-0.207388,0.1209398,0.02102167,0.001264992,-0.3343362,-0.4313676,-0.4968049,-0.39244,-0.5589331,-0.06199824,0.06562039,-0.1246993,-0.03647069
0.3196561,-0.1995838,-0.2236955,-0.1431096,0.04212442,-0.4508624,-0.433323,0.3268098,-0.2363813,0.1341192,1.872817,-0.4448387,0.4568008,0.0452091,0.467141,-0.06084128,-0.123697,0.08183717,-0.09225159,0.2932836,0.0004943538,-0.514256,-0.2258117,0.00942415,0.1116613,-0.3810971,-0.1555341,-0.1713351,-0.2686245,-0.473388
0.2374491,-0.01259765,-0.002202571,0.01244932,-0.1148089,-0.09942486,-0.4632624,0.3210051,-0.1698444,-0.4143107,0.342347,0.4871238,0.1471533,-0.03167695,0.3641642,0.6311262,0.06676048,-0.03600401,0.3321469,0.2108673,-0.1614768,-0.184648,-0.006065619,-0.03116399,-3.767948E-05,0.001736136,-0.02514012,-0.3652774,0.4268773,0.05742437
0.1406197,-0.03792018,0.06637126,0.432556,0.0003362936,0.1382346,-0.2522538,-0.3472226,0.1495097,0.06174033,-0.01922846,-0.3495952,0.03669022,0.5925758,-0.001518002,2.484898,-0.2471763,-0.4021512,0.07129861,-0.1225333,-0.04050058,-0.4963853,-0.01796375,-0.06978918,-0.001511589,0.04852265,0.5362707,0.002787614,-0.2335004,-0.2760117
-0.2333078,-0.3777876,0.1448822,0.6367775,-0.3608295,-0.09915096,0.1887809,0.3756324,0.5471081,-0.04579873,-0.02362746,-0.2197068,0.3395689,0.1007641,0.2545041,-0.08834201,-0.3250486,0.03248113,-0.004559183,0.2536258,0.2312381,0.02581537,-0.01163552,0.01140571,-0.04285691,0.03211515,-0.4481829,0.2431332,-0.1574794,0.07629136
-0.2422329,0.0293474,-0.01387152,0.02353325,0.9126443,-0.3082185,0.3484257,0.6349172,0.1376833,0.06878832,-0.8152035,-0.1126908,0.003518522,-0.5651546,0.427708,0.2479805,0.003593179,0.2965306,0.4190167,-0.0049998,-0.6464211,0.2252893,-0.1609398,-0.1494449,0.02305282,0.02402988,-0.02379694,-0.1743329,0.1584848,-0.2999726
-0.6188263,0.08892389,0.3515806,0.1755184,-0.4181425,-0.1263333,1.241628,0.001313907,-0.03801183,-0.06265364,0.2459431,-0.2562512,-0.2238246,0.09019154,0.4685062,0.02690773,-0.5435776,-0.7738345,0.08706576,-0.238757,0.4624478,-0.01441775,0.05045491,0.1665141,0.2776105,0.00065432,-0.3431591,-0.4430977,-0.05807787,-0.3254022
0.3714616,0.6484066,0.3794135,0.2943411,-0.1337759,0.2932075,0.3479835,0.0006583994,-0.08965403,-0.4914077,-0.7527933,0.1163217,-0.6423497,-7.839785E-05,0.5583602,-0.3949404,-0.08398575,-0.1288499,-0.008978307,-0.4804924,0.5224691,0.1778704,-0.02777433,0.004599988,0.02215601,-0.01743563,-0.002153547,0.6772966,0.4688537,0.1901093
-0.5554805,0.2761903,0.2370335,-0.08344454,-0.06155168,-0.2075834,-0.09771489,0.385656,-0.1370084,-1.345774,0.6379973,0.1241946,-0.3317791,-0.9411677,-0.4228293,-0.620264,-0.2187091,-0.3249363,0.3758309,-0.01174818,0.003012982,-0.4133193,-0.4730584,-0.1657726,-0.1317428,0.2740158,0.03472509,-0.4381059,-0.06801438,-0.4198854
-0.06625276,-0.1685966,-0.4695389,0.116085,0.06510307,0.109331,-0.004124872,0.08464211,-0.4104275,0.02204782,0.06107217,-0.5996427,-0.2934805,0.4645818,0.2104252,0.05792671,-0.09703426,0.003586716,-0.08100633,0.4685545,-0.1591865,-0.3155119,-0.2011192,-0.01634923,0.4145568,0.05281174,0.0102594,-0.1247273,-0.4692039,-0.161273
-0.2058211,0.7459331,-0.2633162,0.01350546,-0.1258747,-0.7071438,-0.01455897,-0.3080473,0.3689637,-0.04810962,-0.263783,-0.05688447,0.00193633,0.0001227468,0.2135383,0.1431611,0.03939741,-0.008055753,0.413344,-0.1058937,-0.8021832,-0.3567475,-0.01446263,-0.08410332,-0.295822,0.02225665,0.1814746,-0.06402034,-0.7902234,0.1878168
0.1909811,0.05038297,0.4058003,0.2395964,0.01743451,0.0455547,-0.05071559,0.415969,-0.02206171,-0.002484869,-0.03791197,0.001894045,-0.000164699,-0.1942217,0.4254329,0.1285652,0.04115504,0.2249493,0.2520067,-0.4348817,0.06999815,-0.09184271,-0.1454794,-0.3006298,-0.1886579,0.02037238,-0.4705647,0.412826,0.3481683,-0.6591058
0.0620808,0.01980054,0.3429759,0.2516896,-0.5504537,0.5620931,-0.01759454,-0.3540256,0.08151275,-0.1851532,-0.1086602,-0.229644,-0.2134319,-0.01336888,-0.05625409,0.2419752,-0.02576884,0.05925154,-0.4352328,-0.06012321,0.004200303,0.03850288,-0.04036303,-0.5751558,-0.426379,0.1591285,-0.04405576,0.02690091,0.1435542,0.09966092
-0.3430254,0.0003853863,-0.1619457,0.06604683,0.302812,-0.08280096,0.8563093,-0.3837892,-0.1611182,-0.02304485,0.1739835,0.1256088,-0.005635436,0.002644614,-0.8387378,0.9040793,-0.4364918,0.3009746,-0.005804638,-0.01151804,0.1807917,-0.0004346865,0.02479679,0.008922368,0.09167074,0.09614345,-0.3262852,0.1274888,-0.2432755,-0.0003255144
0.5308022,-0.02162336,-0.07519799,0.2461601,0.3448274,-0.2472333,-0.3150113,0.321155,1.303368,0.686583,0.03432684,-0.05811236,-0.07163964,-0.3214756,-0.002197453,0.29921,0.4522552,-0.3065689,-1.34193,6.251311E-05,-0.2316539,-0.103626,0.3066458,0.01098225,-0.7505581,-0.1302397,0.3162586,0.00031137,-0.4608348,-0.2351733
-0.2275444,-0.02236884,0.01138433,0.008777578,0.005997002,1.005263,0.1993056,-0.01169209,0.141235,-0.3872539,-0.00132913,-0.0644265,0.04584478,0.1174453,0.8595849,0.4321184,-0.208751,-0.7435861,-0.1704593,0.06852508,-0.7157108,0.02476332,-0.4519486,-0.102032,-0.09577027,-0.2564245,-0.04752281,0.6289518,0.5190596,-0.7073882
-0.0214756,0.1472702,-0.04667228,-0.306477,-0.007911026,-0.197888,-0.07657796,0.02393872,0.001770947,0.07728333,-0.2381776,0.4051848,-0.02012727,0.2254619,0.689673,0.00158418,0.2611099,-0.4325623,0.2202947,0.006288697,0.1031333,0.01176253,-0.03380385,0.06514914,0.007226928,0.007570317,0.0253929,0.227045,0.6601673,-0.2878869
0.01578862,-0.08021778,0.07145661,-0.0004130954,0.194718,-0.4767501,-0.4706062,-0.2838103,0.2180644,-0.5029026,0.0740518,0.3515742,0.9760392,-0.4440225,-0.05403832,0.1968422,0.01868862,0.2967998,0.2803642,0.2070653,-0.3122442,0.04933423,0.08166707,0.04706495,-0.1123657,0.3381549,-0.2870806,0.4910107,0.1334765,-0.04154965
0.08369023,-0.2461458,-0.1810856,-0.08888514,-0.002690583,-0.3965902,-0.0038047,0.00848863,0.1651442,-0.009664224,0.0006751309,-1.244479,-0.0005095098,0.2423252,0.5336107,-0.3423003,0.1134451,0.1536726,0.3518779,0.04129606,0.01386987,-0.03659362,0.1755417,-0.03669126,0.226775,-0.03528883,-0.198612,-0.4963312,0.07711405,0.0906412
-0.3163674,0.3775108,0.3773023,0.04619731,-2.986947E-05,0.5608376,0.08714825,0.1917063,-0.0005429347,0.03854961,-0.01088735,0.3461419,-0.3568556,-0.06017495,-0.1111143,-0.4956857,0.02271788,0.04774299,-0.2131659,0.000450658,0.02856353,-0.298995,-0.381308,0.1305791,-1.19129,-2.323901,0.06970046,0.01732793,0.0183055,0.1947286
-0.1677688,0.00076002,0.2224959,0.001805803,0.2082734,-0.3872578,0.437345,0.0358046,-0.2432209,-0.06350172,0.001287661,-0.4867281,0.09488425,0.120503,-0.7394379,-0.03542284,-0.400368,0.1724514,-0.004116549,-0.3370829,0.3870416,-0.05540963,0.3411696,0.0797804,0.1558802,0.4257764,-0.08625704,0.1438942,-0.0001929755,-0.2513632
-0.1558293,-0.144872,-0.005154396,-0.4025384,0.0073038,-0.1262442,-0.7935696,-0.1527453,0.4975264,0.08342355,-0.01603296,-0.4247419,0.2850966,-0.2936382,0.6933439,-0.2281695,0.1051969,-0.4778328,0.1689457,-0.7644618,0.09961897,-0.01787704,0.1929079,0.5495589,-0.0237356,0.3344669,-0.03528219,-0.2083089,-0.1038307,-0.4310093
-0.5582958,0.3228757,0.2821913,-0.02393537,0.1722331,0.06691925,-0.1026001,-0.3348912,0.1197312,0.003602673,-0.7595698,-0.2761834,-0.1840703,-0.01008946,-0.2179768,0.7959927,-0.0006769,-0.1832408,-0.4161591,-0.003491104,0.002542764,-1.11784,0.2570195,-0.05091876,-0.06203787,0.06398484,-0.5862449,-0.07696348,0.1005979,-0.4797394
0.2406195,-0.5209255,0.05443329,0.1489159,-0.3383358,-0.3306671,0.9627289,-0.2621613,-0.1921092,-0.08912808,0.4580404,-0.6469455,-0.0005189977,0.2778146,-0.3266497,-0.3854498,-0.0680296,0.2445407,-0.466268,0.6938229,0.1078898,0.2484314,0.273895,0.003331313,0.3570739,0.2005709,0.3643926,0.0452976,-0.02089015,0.003184825
0.6363408,0.4440869,-0.1969098,0.06467015,-0.01225313,0.1561392,0.04349167,0.1226749,-0.2280186,-0.2593747,0.001528645,0.2810525,-7.000561E-05,0.04772308,-0.2764875,0.0250956,0.01230956,0.0576184,-0.0436278,0.008942252,0.2480413,-0.05308,-0.02936071,-0.4178557,0.2544512,0.00720437,0.4824853,-0.002713253,-0.48807,-0.1010916
;
-0.4347949,-0.1538951,0.1383558,-0.5509215,0.05045834,0.003309502,-0.3906105,0.003122151,0.506052,0.5529125,-0.03121483,-0.459461,-0.4885608,-0.1317192,0.09582887,-0.1248109,0.5803043,0.001229857,-0.0007401178,0.2507153,0.04649838,-0.0388018,-0.112946,0.4550828,-0.0543979,0.006814785,0.03169505,0.1140812,0.4697827,0.05011531
0.3764402,-0.02487074,0.423686,-0.1406855,0.09274453,-0.02919215,0.02907506,-0.147376,-0.1160604,-0.000899141,-0.1566009,0.01592704,8.496626E-05,0.009882904,0.009812489,0.2201661,-0.02198835,0.2175428,0.3457478,0.1249544,-0.04655146,-0.09634592,-0.5522494,0.0001397553,-0.2582124,-0.01715344,-0.03116578,0.02124439,0.2096305,0.0001706982
-0.239885,0.2794729,0.2949256,-0.2300596,0.002836883,0.0690487,-0.1377212,0.00185652,-0.0001337062,-0.4536112,0.07752663,-0.001387739,-0.7306373,-0.3807471,-0.01768225,-0.4591058,-0.02584543,0.118779,-0.1061308,-0.4454166,0.00276524,-0.000384764,0.4419116,-0.1308845,0.3295058,0.3316714,0.1358124,0.2166855,0.1126181,0.4070036
;
0.04842799
0.3268112
0.1328455
-0.004495139
-3.709047E-07
-0.1554273
-0.2221246
1.000898
0.2996117
0.05297994
-0.320846
-0.008188381
-0.3169763
-0.001474444
-0.3785288
-0.001649439
-0.1094411
-0.04865434
0.3126344
-0.03806299
0.484808
0.1269789
0.1294005
0.0003030973
-0.2777649
-0.7734042
0.3467073
0.1666521
0.3148814
0.175617
;
-0.4710141,-0.5032925,-0.3384516,-0.1559969,0.499102,-0.0001857876,-0.4002826,0.3675611,-0.1676937,-0.7120892,0.2407019,0.1999628,-0.3999056,0.04414956,-0.3893524,1.172647,0.00696591,-0.02319575,-0.7019778,-0.2560177,-0.04113001,0.2621038,0.1002716,-0.2136679,0.09544817,0.1670906,0.2933556,0.04088018,0.0104937,-0.3553352
0.007136799,-0.002369106,-0.1664556,0.1930444,-0.006175975,0.1282462,-0.1365115,-0.02193194,0.2328011,-0.9258307,0.1486248,0.2636395,0.4010313,-0.01771729,-0.2101565,0.04520023,-0.0445086,-0.05716115,0.4900707,-0.3185933,-0.3274063,-0.3526269,0.01366654,-0.2668735,-0.03177265,-0.3609046,-0.1267369,0.1148761,-0.1464229,0.08399819
0.008222526,0.4912256,-0.0957759,-0.4631054,0.04447955,-0.07014956,0.9190528,0.1242489,0.07842071,-0.06117326,0.4838576,-0.3030469,0.2249746,0.4086975,-0.6032568,-0.5453308,0.4223228,0.06683242,-0.08832837,-0.1715081,-0.3711174,-0.06489432,-0.0867182,0.1485797,0.2909416,-0.3290468,0.395485,-0.1404928,-0.1902034,0.2591316
0.09666377,-0.2462865,-0.3957117,-0.08432108,-0.2780288,0.0008206167,1.858669,2.276438,0.08382399,0.04388313,0.4185016,0.01892632,-0.01517767,0.1161005,0.03703938,-0.110437,-0.1741075,0.3596935,0.4345793,-0.2885993,-0.05633633,-0.01035374,0.009860731,-0.2313191,-0.2939874,-0.2474734,0.2532301,-0.2093199,0.02393947,-0.143537
0.008548993,0.1731216,0.4616099,-0.0003705523,-0.7632891,0.0007419993,-0.05077193,0.1330154,0.09527299,0.6441281,-0.0002605319,0.07242538,-0.2246987,-0.2966949,-0.3767383,0.0004667054,-0.3168623,0.2073182,-0.8986536,-0.1102301,-0.05185694,-0.3288384,-0.003327104,0.03711751,0.3220656,-0.1616704,-0.1355876,0.01965902,-0.2776952,-0.02744275
-0.3012934,0.0299601,0.09962469,-0.07512122,0.2059173,-0.1723645,0.2765665,0.09204813,0.5446931,-0.7252946,0.2314087,0.8265617,-0.03838617,0.0001909246,0.4310108,0.01992577,0.2633829,0.2373214,-0.1702094,0.001818105,0.4471951,0.4182602,-0.01307591,0.3317858,-0.006145969,-0.462261,-0.07419366,0.1840725,-0.1250632,-0.4220821
-0.06088649,-0.08905283,-0.09395073,-0.131057,-0.4387394,-0.2610456,0.000512224,-0.01067902,0.3760684,-0.01275108,9.350666E-05,0.2538689,-0.07486278,0.1593844,0.0001008407,0.11589,-0.2592247,0.3353338,0.005539211,0.4283351,-0.006716779,0.1166014,0.1826624,0.2985195,-0.1712009,-0.3290977,-0.01556433,0.007710763,0.07228976,0.01760225
0.1177961,-0.09733269,0.5190622,-0.1872961,0.4738752,0.7500499,0.3838296,-0.1171364,0.3688112,0.1018991,-0.2491223,-0.1173101,-0.06575745,-0.007426579,-0.03450614,0.2452575,-0.4570601,-0.4380681,0.4986835,-0.04844727,-0.0256996,-0.2231558,-0.1234303,0.002410063,-0.06198546,-0.09671572,0.01729061,-0.2270249,-0.1798689,-0.3613738
0.5127305,-0.3197986,0.06310728,0.3761756,-0.1712385,0.1313705,-0.4500424,-0.5527816,-0.2790395,-0.001565091,0.2080205,0.03302997,-0.03722382,0.05463213,0.2060387,-0.1633521,0.4118108,0.07942373,-0.01174551,0.2839946,-0.1821026,-0.2058722,-0.06084573,0.05078755,-0.4641875,-0.11586,0.1088697,0.388426,0.07994515,0.2460749
-0.02289444,-0.01147097,0.3530662,0.03834934,0.1809755,0.3081697,-0.007784426,-0.7550608,-0.0009208188,-0.401616,-0.5570094,-0.2439776,-0.05964893,-0.2728902,0.2779195,0.3642374,-0.4685477,-0.3800869,-0.2136117,-0.06375615,-0.3124271,-0.3124741,0.002094314,0.08989054,-0.3508888,-0.1028987,-0.0463509,-0.2446093,0.477806,-0.1830948
-0.6331896,-0.1077258,-0.3131771,-0.1236124,0.4690315,-0.00202666,0.002818316,-0.3727643,0.131428,-0.03035637,0.4160666,0.365058,-0.1372058,-0.2221279,0.3911926,-0.3470598,0.03920388,-0.2458127,0.07582451,-0.01304977,0.4016738,0.02986736,0.01124866,0.406402,-0.1463187,0.4049295,0.01725319,-0.1583541,-0.09576339,-0.2442011
-0.1053493,0.0005814686,-0.4367752,-0.05939931,-0.06954318,0.05969325,-0.01599398,-0.1965172,0.09307986,0.02949653,0.2684079,0.4985012,0.05406202,-0.1381812,-0.01248742,-0.1678767,0.06066332,0.2600216,-0.1989305,-0.5739967,0.06860518,-0.8181045,0.1839706,-0.08493243,0.3116823,-0.005150646,0.4079419,2.670987E-07,-0.041848,-0.3353716
-0.4817785,-0.01339157,-0.4182305,-0.07293028,-0.2527799,-0.1726895,0.05360384,0.08102307,-0.05597268,-0.02175952,-0.1844952,-0.612851,0.3342513,0.1390457,0.06603199,-0.3763954,-0.04506451,0.02140778,0.3346672,0.001473012,-0.0965604,0.06789604,-0.05965284,-0.335564,0.2619161,0.004978903,-0.1161379,-0.09476453,0.224714,0.2493687
-0.098574,-0.2263913,0.049145,-0.07949179,0.3171788,0.006104299,0.1696563,0.4606478,0.5210691,0.465875,0.1776988,-0.08167899,0.01595944,0.4120824,0.0001852843,-0.002960187,-0.198374,0.2392457,0.08676444,0.4816813,-0.02213818,-1.11024,-0.001812749,-0.2011014,0.4436332,0.2707712,-0.08111137,-0.3197416,0.2060882,-0.1132781
0.6879185,0.8172966,2.808369,-0.04425731,-0.1108567,0.04581193,-0.1635955,0.02782957,0.233584,0.1663387,-0.05716816,0.3189059,-0.03167859,0.08423599,-0.485682,0.463511,0.1921246,-1.121449,0.04669036,0.1882924,-7.327365E-06,0.08569235,-0.280899,-0.4782235,0.4675996,0.01084905,0.2391771,-0.05660039,0.4806987,0.02342123
-0.01825655,0.2449466,0.1171743,8.944719E-05,-0.3331504,0.001009714,0.1541986,-0.08039372,0.01054825,-0.02926161,-0.3125839,0.3483813,1.477086,-0.6199788,-0.002807603,0.005417937,-0.03567632,-0.03338591,0.02519077,-0.1865662,-0.2028228,-0.1927055,0.0809381,0.28702,-0.3492329,0.3681666,0.01367313,0.03551334,0.2349101,-0.06636158
0.6036525,0.2642687,0.02729074,-0.07329749,0.09918016,0.05034132,0.211657,0.02495913,0.1151722,0.4073403,0.2044207,-0.1954212,-1.784456E-05,-0.4761882,0.02751468,-0.05648501,-0.05212623,-0.08637351,-0.5732136,0.005925844,-0.04178675,0.7927042,0.01716461,-0.2802523,0.0003090551,-0.7307824,-0.4548895,-0.5465192,0.340079,0.04191166
-0.2580316,0.09951073,0.2283343,-0.038473,0.09549956,-0.255119,0.07772273,0.1440111,0.2059505,-0.2237263,-0.08297724,-0.1965305,0.2830676,0.01811941,0.1854902,-0.3166313,-0.00253851,-0.02183763,0.006695479,0.02556468,-0.00220608,0.01394115,-0.4728612,0.03511435,0.1099442,0.1142785,0.3683056,-0.02901,0.1789261,-0.006865777
-0.2685034,-0.1534262,-0.4593315,0.2503638,0.009409328,-0.01784949,0.1531627,-0.06197673,-0.4190669,-0.03815955,-0.4854244,-0.1077421,0.3097438,-0.297752,0.4502177,-0.1279718,-0.01438874,0.33474,0.4879568,0.3032758,-0.002503069,-0.4507455,0.04062025,-0.08393428,-0.04145042,-0.1808639,0.0009587227,-0.1695651,0.07648962,-0.05323603
-0.06952664,0.3940578,0.2511222,-0.4822191,-0.08180076,0.1251961,0.2950249,0.4688017,0.1105017,-0.04688091,-0.09056911,0.0003880903,-0.07465094,0.1254263,-0.6995464,-0.06012723,0.3278213,0.2732538,0.01751536,0.03273874,0.3064544,-0.3898931,-0.9709386,-0.003107471,-0.1221028,1.957005E-06,-0.2629131,0.077604,-0.1852614,-0.1659545
-1.185273,-0.1128364,-0.3393142,-0.02138824,0.05030562,0.07151078,0.2633767,-0.003689142,0.08950964,-0.1229958,-0.06404048,-0.4207186,-0.3752755,-0.03138979,0.2035265,0.02009273,-0.129558,0.03750673,0.2215613,-0.3702385,-0.2205536,-0.252961,-0.4753938,0.01849094,0.0139471,0.352243,-0.3921133,-0.002421439,0.3539224,0.6642179
0.6948939,0.004606247,-0.001388702,0.6015682,-0.002398742,-0.07541518,0.02204448,0.1346636,0.05011994,0.4688101,0.1483082,0.004109681,-0.01597696,-0.2035443,0.2362767,-0.005276439,0.05515908,0.7382811,-0.7088248,0.1127765,-0.4304296,-0.01834542,-0.4113725,0.005739514,-0.04125488,-0.001191675,-0.1677548,0.0524102,-0.007265806,-0.05000502
0.5244645,0.09775984,-0.3926324,0.1021142,-0.4038105,0.1846096,-0.3054771,0.4023995,-0.3442464,0.3223009,0.1200446,0.06722208,-0.1526161,-0.1246191,0.3864753,-0.203617,0.2423486,0.004937248,0.4034951,-0.2878557,0.01799558,-0.4214758,-0.01188812,0.06103741,0.02958136,-0.1033399,0.1993031,-0.09486505,-0.09116966,0.05358098
-0.1979577,0.4960891,-0.4413128,-0.4348151,-0.1071618,0.02378279,-0.7220901,-0.03109458,-0.01606625,0.01452294,0.00679772,-0.2844734,-0.002586251,0.5145696,0.05062745,-0.09519048,0.07414545,-0.056896,-0.3470267,-0.4148169,-0.08164807,0.02133468,0.06518304,-0.2019078,0.2368082,0.03653613,-0.004167287,0.01444922,-0.4201066,-0.3475875
-0.01828319,0.2107948,0.3760408,0.1136352,-0.1683931,0.4255309,0.2942394,-0.2323971,0.1105221,7.718369E-05,-0.01299542,-0.03315548,0.05449922,-0.2751505,0.2877343,0.03573817,-0.1825517,0.02853426,-1.148829,0.1527518,-0.0306101,-0.2504914,0.3897755,0.1109535,0.2869434,-0.08083378,0.2880204,0.08306763,-0.2014451,-0.1133984
0.3224372,-0.09564561,-0.3650253,-0.3858793,-0.08494633,0.2964187,-0.2649,-0.0003863972,0.562941,-0.1304106,0.172623,-0.2088313,0.01560331,11.82011,0.2681917,-0.3298154,0.4070465,-0.08577114,1.151516,-0.3025154,0.09031083,-0.01409727,0.2969379,-0.2642421,0.2983294,0.1935447,0.009014156,-0.5645744,0.08256012,-0.2740207
-1.302805,0.1116188,-0.001861047,-0.004745124,-0.1039933,-0.005353002,-0.06672456,-0.1934213,-0.02871727,0.2262782,-0.03894288,-0.216225,-0.03800398,-0.0426628,0.001874183,0.8664987,-0.003005906,0.02578874,0.03671514,0.01385695,-0.02448467,-0.3006531,0.06542951,0.3495146,-0.4674222,0.09444806,0.007336337,0.1242359,0.05846816,0.0588444
-0.7047973,0.001603363,-0.02959702,0.06852868,-0.2194715,0.5811741,0.0844737,0.6104442,-0.002337979,-0.09610483,0.4539681,-0.2315127,-0.0941366,-0.133514,-0.003661422,0.353613,-0.01820939,0.3333887,0.3191924,0.1213179,-0.002675922,0.5569539,-0.337575,-0.1274856,-0.03672904,-0.1846991,0.3556992,-0.3473908,0.3581086,-0.05156061
-0.2141928,-0.01357822,-0.0585888,0.2690891,-0.2934597,-0.09498352,-0.02247797,-0.101841,-0.02345896,0.09232344,-0.476095,-0.002961262,-0.1970067,-0.026624,-0.2629431,0.4501382,0.1006904,-0.1061719,-0.3825325,0.7573394,-0.01589672,0.2249462,-0.1428799,-0.2815207,0.4421965,-0.01095365,-0.4065088,-0.6986439,0.4018143,0.5782089
0.188173,0.2668005,-0.001701508,0.05342381,0.04090194,-0.2274334,-0.07749258,-0.002574345,0.1459243,0.03086954,-0.1303983,-0.4050454,-0.3201253,-0.1504774,-0.005210742,0.7457683,-0.4424143,1.44287,0.8620218,-0.01490192,-0.1572702,0.3705137,-0.01308542,-0.1620809,-0.01120821,0.4521531,0.1036184,0.7735783,0.168317,-0.2115718
;
-0.004316582,-0.07955855,0.3300136,0.00795455,0.8555201,-0.0690977,-0.1914728,0.2463865,0.5823723,0.1391869,0.0002242555,0.02115293,0.124052,0.1871178,-0.07536989,-0.07037814,-0.1493844,-0.03157676,0.162099,-0.05893346,-0.0003663616,0.2063935,-0.4677454,0.1845931,0.1259139,-0.1885963,-0.063495,0.0968267,-0.0300156,0.03030204
-0.04548614,-0.0946424,-0.008932889,-0.1523494,0.2844241,-0.02416289,0.1392692,0.01250423,0.07491595,-0.2583492,0.0486175,0.5229954,0.2525976,-0.3954515,0.2082923,-0.009437094,-0.3044751,-0.2324467,-0.04829553,-0.2008687,-0.009297609,0.01411392,-0.01394306,0.4830178,-0.01857447,0.02899871,-0.2345011,-0.1429777,0.1892741,-0.1941262
0.001179516,0.2466041,0.2367492,-0.207418,-0.1550151,-0.1998978,-0.2722658,-0.1220152,0.0361663,0.1277312,-0.1813727,-0.1848021,-0.03114788,0.01664609,0.5991528,0.06466419,0.100617,-0.03258356,-0.07469548,0.000491419,-0.0579421,0.1513151,0.08637333,0.1645382,-0.2510096,-0.1104339,0.8638322,0.165684,0.1510973,0.5136693
;
