0.2586278
-0.3129191
-0.009724096
-0.2374479
0.08760351
0.007112625
-0.29264
-0.1330983
-0.5169051
-0.3116848
;
-0.8256661,0.08112261,-0.674857,-0.03677744,0.01189391,0.3206944,-0.2002886,0.7239531,0.07185116,0.6102195
-0.1935143,-0.005214966,0.4322248,0.2555952,-0.2547822,0.1987918,0.409375,-0.5854592,-0.1741605,-0.1117008
-0.2097806,-0.2925853,0.7639912,0.0004374361,-0.05817455,-0.3013084,0.4224823,-0.468379,-0.09446834,-0.3352945
0.1383906,0.05590277,0.03052749,-0.1304031,-0.1946569,0.02250077,-0.2084348,-0.09540325,-5.086325E-05,-0.297385
-0.3565245,0.1966829,0.3758138,-0.1346886,-0.1714953,-0.004854689,0.06414251,-0.2280046,0.1841081,0.06846497
-0.0009313217,-1.305102,-0.1275559,-0.04524833,-0.2926474,-0.2135415,-0.09215731,0.5952205,0.1861214,-0.2781328
0.1438985,0.08466524,0.2818248,0.4547657,-0.1518664,0.4744596,-0.2542548,-0.00572732,0.06334215,-0.6008991
-0.209689,0.001736376,0.5361151,0.1168346,-0.2357497,0.001786194,0.03895627,-0.007425156,0.01045167,0.3359272
-0.1306015,0.2536621,0.567084,0.02988975,0.4201474,-0.0992704,0.03522155,0.2170641,0.2153623,0.3898661
0.1195317,0.01226634,-0.00954634,0.4460003,-0.5184109,0.3010711,-0.3365015,0.1203167,-0.01561707,0.1492388
;
0.0008100851,0.0009483954,-0.2773753,0.0001499199,-0.01186616,0.05043625,-0.003523197,0.05165365,-0.4961349,-0.7372223
0.02743249,0.4023808,0.01430348,-0.681771,-0.1332146,0.4947816,0.1884927,0.02128655,0.013776,0.01533836
;
-0.01606106
-0.1367954
0.06939773
0.3855907
-0.568052
0.2459475
-0.09560283
-0.08132751
-0.3431782
-0.02133068
;
-0.1522712,0.09122614,0.1492393,0.3537486,-0.2119919,-0.4601156,0.5190356,-0.3286998,0.07909606,0.4914954
-0.4119506,0.1171887,0.06451014,0.4376004,-0.05463737,0.3321283,-0.9185148,0.3951502,0.09312908,-0.01121121
-0.161656,0.1595232,0.3098258,0.3506681,-0.4183729,-0.2288296,0.2129105,-0.1373869,0.2343967,-0.6524592
-0.0004748879,0.08969248,-0.4502027,0.02794101,0.002743879,0.2519508,-0.4753835,0.4670319,0.3460703,0.06446725
0.5790398,0.4928045,0.07210237,1.241633,0.02587861,-0.1278034,-0.3560533,0.3286543,-0.1520999,-0.002573195
0.1747676,0.3372962,-0.00425759,0.1314238,0.1341415,0.4148923,-9.731053E-05,0.00983047,0.2400082,0.5641452
-0.3122222,-0.01552281,-0.000380658,0.1771843,-0.01288432,-0.4220332,-0.1814067,-0.5555494,-0.06405073,-0.002125189
0.1311786,-0.0253179,0.4036767,0.03722044,0.4480797,-0.2340707,-0.4790778,-0.008520314,0.02220851,-0.2783227
-0.07355589,0.1802739,0.5338926,0.002633893,0.00134885,0.2914829,0.008184956,-0.1691812,-0.6334732,-0.2357462
-0.794009,-0.3508037,-0.1359624,0.4049855,-1.733238E-05,0.1030424,-0.001937,0.2247468,-0.06206238,-0.2633264
;
0.7106877,-0.3271021,-0.3638913,-0.0138058,-0.1088302,0.04012445,-0.431614,-0.1282581,0.4106386,0.007107198
-0.4622207,0.5968326,-0.4791646,-0.03575718,0.007568341,0.08788947,0.05650573,-0.2368157,0.2641957,-0.3085469
-0.2720853,0.2960305,-0.2822921,0.1822148,0.006532233,-0.0499683,-0.2954599,-0.07897812,0.1753161,0.04970844
;
