0.4772229
0.08931886
-0.09089668
0.3689888
-0.1217535
4.842716E-05
-0.5141709
0.1561992
-0.2622652
-0.01651248
;
-0.2995857,0.5080258,0.3563955,0.03293321,0.4665685,0.4057741,0.3520428,-0.3312378,0.09927036,0.1463166
-0.1935143,0.009724677,0.7970976,-0.2420482,-0.2547822,0.1007672,-0.129363,0.3729408,-0.388574,-0.04386357
0.2407805,-0.2925853,0.4785815,-0.1140582,0.03401521,-0.3752632,-0.4390349,-0.1417494,0.6761743,0.3374965
0.3958852,0.06909272,0.3280757,0.02536507,0.1085246,-0.001501143,0.1223918,-0.09540325,-4.859498E-05,0.04416903
0.07679096,0.1753417,0.07417875,-0.01327522,0.2679389,0.2398854,0.1212838,-0.2381914,-0.1495048,-0.001854241
-0.002021504,-0.2350574,-0.0009865233,0.2390352,-0.1339708,0.1291655,0.01377058,-0.2423504,-0.3074459,-0.2077137
-0.2766522,-0.3124281,-0.2818248,0.2148815,-0.4929634,-0.1522872,-0.02647843,0.2636014,-0.06849295,-1.203412
-0.3301208,0.004311151,0.4794064,-0.411384,0.07798398,0.003042321,-0.607052,0.04509217,-1.252598,-0.0872419
0.2533553,0.1440241,-0.0003891751,0.0162892,0.04776782,-0.4100487,-0.3709626,-0.134005,0.4775907,0.2684385
0.1321576,0.3030412,0.1746954,-0.2871822,-0.4371682,0.3419138,0.07059259,0.1588342,-0.1466765,-0.02792477
;
0.003722334,-0.06778139,-0.562837,-0.05706614,0.1543215,0.2994988,-0.02050056,0.4769394,-0.3283113,-0.001893222
-0.4208272,-0.0220168,0.0806822,0.3614756,0.1977168,0.2716796,0.03162439,-0.39011,0.7549348,1.50466E-05
;
-0.2855582
0.4563385
0.8522258
-0.09882513
-0.2071354
0.08097336
0.04537442
-0.4332952
0.03245486
0.1229571
;
-0.09757961,0.370363,0.007985764,-0.1059716,-0.2214348,0.0001180206,0.3722242,0.2645604,-0.5572016,-0.08870596
0.3792621,-0.1995384,-0.3106294,0.5214848,-0.09141047,0.3627106,-0.03594146,0.1202676,-0.08998626,-0.01072257
-0.07159557,0.2442772,0.1923405,0.2022067,0.4997468,-0.2288296,0.2062979,-0.1631604,-0.4395373,-0.3695611
0.2831064,-0.1103067,0.09238969,0.08464348,0.001827143,0.2019469,-0.4816884,0.4670319,0.04529148,0.003694747
0.1309866,-0.4578568,0.1110495,1.345057,0.04648884,-0.09000527,0.2461919,-0.2345222,-0.01274026,-0.4204396
0.06796215,0.42212,0.00165269,-0.05360354,-0.2870494,0.004408993,-2.843889E-05,0.03813157,0.2209463,-0.005437644
-0.000231781,-0.1391497,0.006193408,-0.0001706016,0.1133284,-0.3565104,-0.3263676,0.009643018,-0.1012159,-0.01486787
0.8870951,-0.4445118,-0.2079399,0.001866148,-0.1495501,-0.1131523,0.6137078,0.008442983,-0.2587997,-0.08267707
-0.04655083,-0.1085094,-0.2810513,-0.05243803,-0.3040578,0.01435322,0.01602497,-0.1149702,-1.514175,-0.25624
-0.3645955,0.328914,0.2984239,0.007490901,-0.002978692,0.1988702,0.4424138,-0.3582822,-0.03821168,-0.2633264
;
-0.3440993,-0.01719323,0.1165784,0.02891643,0.1598679,0.1694245,-0.3582465,-0.00229689,0.165689,-0.1507134
0.2549534,-0.03365432,0.3500928,-0.1010079,-0.1306584,0.2469835,0.01795231,-0.5462435,0.4754639,-0.04113178
0.2761905,0.06423117,-0.04017916,-0.0001732142,0.5458693,0.2386075,-0.06745165,0.06701424,0.1753161,0.222021
;
