-0.2219035
0.05034584
-0.0837141
-0.4855996
0.4723047
-0.1286373
0.4560946
0.2959985
0.3446774
0.1592886
;
-0.2459465,-0.4394888,0.196599,0.01602,-0.08905393,0.1640591,0.4450126,0.4043015,0.2707806,-0.1139221
0.03602463,0.4812562,0.3936437,0.1873714,-0.1298125,0.005655706,-0.1485552,0.1000296,-0.469111,0.1982338
-0.1268085,0.2352943,-0.2173048,0.2304848,-0.4555269,-0.2156785,0.4712518,-0.1004366,-0.04844195,-0.03079051
-0.4027208,-0.07452542,-0.3218135,-0.4655355,-0.4749284,0.3971393,-0.4728361,-0.2505388,0.1095302,-0.3886925
0.193956,-0.4527218,-0.2281139,-0.09516498,-0.2430812,0.2667713,0.2571765,0.2888871,-0.03855437,-0.21841
-0.3512034,0.3307128,-0.3886691,-0.4992964,-0.4297307,-0.4635764,-0.1186314,-0.09694582,0.4270762,-0.2071646
-0.3555597,-0.05615133,-0.135735,0.2510411,-0.3241454,0.1612638,-0.4899031,0.07735091,0.1079332,0.1356184
-0.04997379,0.4408263,-0.1358796,0.09965509,-0.1009666,-0.413113,0.4025259,0.05782801,0.3821243,0.4720976
-0.3236195,-0.01499552,0.6370751,-0.08243078,-0.4769,-0.1435944,0.3246174,-0.3629781,0.365695,0.05184823
0.4018698,-0.2948055,-0.2878146,0.192103,-0.3268806,0.1444895,0.1421853,-0.3913194,-0.1467624,-0.3054359
;
-0.3313011,0.1934365,-0.09568673,0.15433,-0.3161094,0.1769919,-0.362506,0.446926,0.22066,0.09950608
-0.211963,-0.001646459,-0.465212,-0.0008146167,-0.4168934,0.2845838,-0.1213891,-0.2035198,0.4895332,0.09554356
;
0.003061905
0.4413929
0.02443513
0.3310285
0.5132973
0.1228105
0.06155704
0.05445671
-0.4102393
0.01878697
;
-0.07100738,-0.01035008,-0.04929378,-0.1822725,-0.3383637,-0.1842147,-0.164271,0.9040396,0.004092101,-0.1182454
-0.3739635,0.302974,0.2829093,-0.4719659,-0.03301889,-0.01438634,-0.2936767,0.04000208,-0.3937833,0.1279492
-0.3212409,0.2778025,0.1028184,0.190242,0.02273048,0.05920647,-0.07622848,1.084837,0.4389458,0.2460403
0.470453,0.09430844,0.2219336,0.637771,0.02557531,-0.04124522,0.1195677,-0.0331916,0.1093989,-0.1805012
-0.1426747,0.01162756,-0.1096461,0.3639629,0.05512514,0.1223971,0.4199259,0.4641129,0.7181749,-0.2849398
-0.4225149,-0.2983889,-0.3038355,0.07290097,-0.0006022236,0.002828651,0.1154055,-0.007915275,0.003114966,0.3778755
-0.2435641,0.1946965,-0.0131768,0.2367031,-0.4915265,-0.06121596,0.005416334,0.7950737,-0.5166169,0.2250553
-0.3622262,-0.1223066,0.0162075,-0.4993824,4.754299,0.6316583,-0.02822837,-0.02930278,-0.1374654,-0.2570356
0.3631073,-0.3622918,0.591924,0.2766773,-0.04883486,-0.2580696,0.06165826,-0.1008769,0.1318386,-0.2049986
-0.1925123,0.2693796,0.7037878,0.3652613,-0.5382323,0.3632407,-2.889118E-05,-0.3303998,0.3737366,-0.009863217
;
-0.1776148,0.001981727,-0.006992257,-0.276699,0.4914839,0.2638456,0.2951313,0.2354482,0.3670231,0.1674816
0.1719123,-0.04154576,0.1440111,-0.4851722,0.02072333,0.01368397,0.303694,0.03610283,-0.4477242,0.1576794
;
0.2247212
-0.005650938
2.117712
-0.005485642
0.1403813
0.1830905
-0.2275156
-0.2699187
-0.4309817
0.3730187
;
-0.005470768,0.1191905,-0.08226732,0.3557587,-0.1173887,0.977093,0.3553553,-0.02197735,-0.003554684,-0.3292933
0.1333845,0.4172821,-0.5627044,0.3515723,0.1648244,0.01153808,0.2411319,-0.02095655,0.1168985,-0.06171038
0.02420729,0.05309974,-0.03152603,-0.137791,0.04756441,-0.4658305,-1.905726E-06,-0.3676933,0.2987595,-0.1406316
-0.2605937,1.061651,1.722957E-05,0.2492093,-0.2963727,-0.002445167,0.3571972,0.3040667,0.03814802,0.006182015
0.04114554,-0.1055933,-0.6533501,0.2545083,-0.4741568,0.03242264,-0.0003264666,-0.2587527,-1.295445,-0.03520965
0.0402342,0.00823999,-0.01918608,0.04497408,0.3755983,-0.03333608,-0.4080424,-0.3823781,0.03998191,0.2833674
-0.09085451,-0.06168377,-0.05739224,0.198081,-0.03895205,-0.2905071,-0.4978917,-0.2967477,-0.2040142,-0.02272746
-0.05598283,-0.1252598,0.1763936,-0.05065382,-0.006139273,0.2672063,-0.3230684,0.03916143,-0.001720726,-0.06869525
0.4396009,-0.01192314,0.01732867,-0.6079478,-0.1399103,0.07223576,0.1092373,0.242494,-0.0175795,-0.4076842
-0.2706716,-0.01588732,0.02696951,-0.0006325923,-0.2189426,-0.02477289,0.1829369,0.4064509,0.1134616,-0.494291
;
-0.4643656,-0.579239,-0.4728296,-0.00205839,-0.4346391,0.4474104,-0.4258847,0.01740418,0.3595871,0.1789826
-1.790857E-07,0.1288547,-0.09767459,0.2877229,-0.08694881,-0.1667239,0.0003628833,-0.008123503,-0.03517077,0.0008202466
;
0.1887709
-0.0303402
0.09626789
-0.00136963
0.0372464
-0.1363299
0.1754233
0.03828174
0.0002722094
-0.2815037
;
0.02195105,-0.211327,0.2351562,-0.46316,0.0346498,-0.01635414,-0.02537795,0.01119362,-0.5733192,0.1402164
0.4917871,0.01037104,0.1813676,-0.01585418,0.2286552,0.6627656,-0.09553384,-0.4969767,-0.5461056,0.3353933
-0.05753752,0.01494721,0.1144007,-0.1614801,-0.431864,-0.08004283,0.1463673,-0.2740053,0.1375856,0.2641691
-0.1910393,0.1426107,0.0209196,-0.5035638,-0.0006972251,-0.03353144,0.6004129,-0.1473285,-0.06527841,-0.1451212
0.1292502,-0.4313575,-0.08530721,0.03306299,0.0276973,-0.3445143,0.1800728,0.2901663,1.770914,0.4051192
0.1676493,1.878585E-05,0.07073078,-0.8148079,-0.07909536,0.1649444,0.6297851,0.1930813,0.0008129834,-0.5363242
0.1947628,0.2556914,-0.0003421969,-0.01046509,0.3622962,-0.3498369,-0.07468265,0.8169039,0.3424068,0.3277111
-1.038103,0.1952785,0.09625365,0.2144466,0.01745778,0.1068872,0.6194414,0.07027146,0.1382884,0.1464649
0.03579373,0.1434736,0.02043399,-0.003055337,-0.02704908,0.2974246,0.1875883,0.1262393,-0.1823413,0.1499017
-0.348717,0.3607262,-0.2095961,0.3402311,0.3719406,-0.2811925,-0.4285032,0.1376816,0.2081981,0.09335509
;
-0.5766302,0.08364845,-0.4813408,0.04917739,-0.07792753,-0.001965774,-0.2749402,-0.4753766,0.03888886,0.861226
0.4091864,-0.006603137,0.07442801,-0.1003516,0.4164984,-0.1828546,-0.3854938,-0.09194075,-0.4547585,0.04203515
-0.7255968,0.7075308,-0.01325415,0.08113515,0.3141781,-0.07866603,0.3857116,-1.467296,-0.09409481,-0.2711096
;
-0.04747807
-0.02250582
0.3475528
-0.003618075
0.1108142
-0.1782659
0.03179139
-0.1360776
0.00428785
0.3691452
-0.1554038
0.0699749
0.0003941284
-0.01737922
0.2557501
0.4762877
-0.04487548
0.2807089
-0.481503
-0.4752389
-0.1281191
-0.4600854
-3.292276
0.2801341
0.3070755
0.3699324
-0.6230229
0.3292105
-0.0007420873
-0.3963775
;
0.05317121,0.4320006,-0.3966439,0.3877358,0.09361598,0.107387,0.04422396,-0.3633174,-0.5147084,0.4975009,-0.3392743,0.03246503,0.01803683,0.294812,-0.2370193,0.03857768,0.01491506,0.09394592,0.1680719,0.4538587,-0.04523484,-0.007165521,0.002037534,-0.03946224,-0.7105702,-0.04964575,-0.3172685,-1.674519,-0.008576207,0.1529281
-0.114099,-0.00381619,-0.1861916,-0.4758051,-0.1679891,0.0089423,0.3618053,0.3784887,0.01977839,-0.4994218,-0.4627727,-1.998859,0.4385472,-0.04281646,-0.02733974,0.3124439,0.01758878,-1.484871,-0.008272566,0.002655969,-0.2114313,-0.08500478,0.3818144,0.4484185,0.4163175,-0.5119926,-0.09568332,-0.0135207,-0.01578852,0.03440587
-0.1790259,0.4154042,-0.2630768,-0.3493321,-0.7325362,-0.02374162,0.9521921,0.3465825,0.410931,0.4373506,0.3740065,-0.1027443,-0.142306,-0.04873085,0.870979,-0.01708275,-0.08115945,-0.4161594,0.06210457,-0.086215,0.3583716,-0.002987493,0.1219349,-0.127468,0.1605388,0.08607747,0.1961602,0.01458424,-0.4590611,0.247235
0.3272179,-0.01163649,0.2418474,0.02538162,-0.0984676,0.000572746,0.01843419,-0.780378,0.440428,-0.3268659,0.1042445,-0.0425927,0.1906628,0.4988536,-0.3329551,0.9109139,-0.3724751,-0.208801,0.366322,0.5007496,0.002278992,0.01585168,0.2968473,-0.1900651,-0.6021463,0.0815879,-0.01309397,-0.001072466,-0.09968251,0.03322081
-0.0002744519,0.003017141,-0.001805841,0.1198687,-0.3956589,0.5585122,0.4242651,0.0009922229,-0.4430244,-0.0444789,3.86952E-05,0.09519538,-0.2904414,0.7156826,0.001703715,-0.106782,-0.002591129,-0.3005596,2.351743,-0.3642657,-0.04743927,-0.03958548,-0.3440013,0.2632005,-0.01236209,-0.5543015,0.4239011,-0.05509847,0.04111245,-0.23988
0.4428577,0.03927427,0.000996338,-0.1173992,-0.08778591,-0.2108867,-0.07980198,-0.2350844,-0.215017,0.01663619,-0.03429104,-0.1767183,0.1125841,-0.03961423,0.08556246,0.2466611,-0.3643516,0.3876823,-0.07294443,0.2740495,-0.1951364,0.01818504,-0.2160504,0.1800947,-0.007363627,0.426555,0.411853,0.8377367,-0.218285,-0.02060145
0.2363557,-0.5352545,-0.07993469,-0.1408987,-0.03027016,-0.3922557,-0.4832461,-0.0002321393,0.2659917,-0.08476969,0.009824799,0.6321838,0.4803096,-0.1810239,0.06125149,-0.2485785,-0.0937019,0.1592625,0.128344,-0.3018626,-0.3394789,-0.4471943,4.673683,0.5296224,-0.1729526,-0.004302875,0.09029285,-0.03534463,-0.0009402204,-0.812664
0.1954956,-0.273636,0.09401283,-0.1238467,-0.4955372,0.09730757,0.3888125,-0.2702906,-0.001464043,-0.3370479,0.3765208,-0.1278518,0.9379623,-0.2909982,-0.2646631,0.1077113,0.7265737,0.06694853,-0.4939568,0.1726373,0.2112018,-0.2793157,-0.09259438,0.1100958,0.00824209,-0.01375148,0.05298182,-0.09942716,-0.07841723,-0.2178185
-0.1332244,-0.4033683,-0.3840656,-0.3240572,0.01258868,0.03833563,0.05205039,-0.3378154,-0.4828924,-0.04809197,-0.464119,0.1816598,-0.0248819,0.01067441,-0.02027601,0.222854,-0.00919425,-0.0001683111,-0.01958897,-0.2831951,0.1094273,-0.0685396,-0.06930684,-0.2406815,-0.03736569,-0.07815653,0.04528481,-0.1344942,-0.04998523,0.01162813
-0.1256866,-0.08241554,-0.325546,0.1149486,-0.0259766,-0.07007177,0.3125889,0.1284168,-0.04521472,0.5208685,0.2501049,0.006535833,-0.2328212,0.4085565,-0.3766507,0.3790409,-0.4965563,-0.3169427,0.02306157,0.06164778,0.7320727,-0.1255461,0.3556571,-0.5355296,-0.9549116,-0.2482803,0.1634509,0.5640833,0.4944631,0.00301314
0.4058298,0.699494,0.8053637,0.01206257,-0.1001798,0.225202,1.158615,0.1890683,0.5951621,-0.03162777,0.04456607,-1.664469,-0.3162984,0.370094,0.01948816,0.250553,0.706704,-0.06247956,0.2722254,-0.08842704,0.02794629,0.01727125,0.2449386,-0.06994581,0.256125,-0.3050954,-0.204401,0.401098,-0.05747281,0.4985816
-0.01224782,0.1859776,-0.6689748,1.164972,0.2974169,-0.2451656,0.02754855,0.07218929,0.2823733,0.05823344,0.3594596,-0.4866828,-0.2675324,-0.004049026,-0.2625409,-0.1415794,-1.455074,0.457144,0.5534565,-0.1348322,-0.005947645,-1.490342E-05,0.2468308,-0.1614939,-0.3278017,-0.001895029,-0.2168465,0.2615373,-0.05536908,0.06279677
-0.3264954,-0.01732935,-0.01948185,-0.2700756,-0.05224627,0.08561128,-0.4478347,-0.06766373,0.5611643,-0.09800284,0.1132156,-0.1977837,0.2578483,-0.3723911,0.03020316,0.4850045,-0.0589126,0.2053596,0.009476094,0.3580955,0.04824499,-0.2810893,-0.4086187,0.1825964,0.151043,-0.04348153,0.1846342,0.8460688,0.186637,-0.06848305
-0.1947716,0.01213618,-0.472446,0.01575746,-0.0236665,0.03537311,-0.0665297,0.0473892,0.7794802,-0.4423567,-0.3007052,0.1479463,-1.988886,0.3366749,0.2338927,-0.3559012,-0.1568823,0.4291788,-0.119042,0.1045498,0.4193696,-0.0001799135,-0.03162017,-0.0007385421,0.338833,-0.008075563,-0.02426272,-0.2048506,-0.139108,-0.02560633
-0.849651,-0.9557024,-0.1358454,-0.393703,-0.0626992,0.2092345,-0.0660306,0.9187512,-0.0949677,-0.3476223,0.1304953,0.2597011,-0.1189438,-0.7046472,-0.002942516,0.1554214,0.179853,0.3755523,-0.4102315,0.2721814,0.01270678,-0.01534878,0.05244102,0.4914465,0.08564828,-0.3895463,0.1822312,-0.07293592,-1.394916,0.06947857
-0.1116112,-0.04697034,0.3159441,0.03440871,-0.02403886,0.1109285,0.01140822,0.7030434,0.3963891,0.2587818,0.430961,0.4243284,0.7170498,0.09293056,0.4217629,0.3348117,0.9380876,0.001636343,0.0001165099,-0.2847342,0.1334709,0.3728847,0.1312392,-0.4835395,0.100279,-0.001138085,0.3459344,-0.09363406,-0.3672169,0.01123985
0.08113796,0.146978,0.1247821,0.2900284,-0.3265128,0.01195027,-0.286593,-0.0167408,-0.355062,-0.005285806,0.240092,-0.1575393,-0.2962137,-0.1213771,1.906987,0.489835,0.01048178,0.02847828,0.3314302,0.2975264,0.6477051,0.2614346,-0.04015161,-0.3351635,0.0152859,-0.7684321,-0.5190809,0.1872451,-0.08862772,-0.5360985
0.7036416,0.0008773089,-0.1847356,-0.06099015,0.04188579,-0.01312059,0.7952633,-0.4752178,-0.05413796,-0.4002322,-0.01515014,-0.04835974,0.04918169,0.00378497,0.2662659,-0.309332,-0.04796284,1.110894,0.2401234,-0.04824489,-0.005288768,0.3986792,0.01856321,-0.2546029,0.3565352,0.07251877,-0.0006856188,-0.2645,0.3864256,0.3985445
0.2031835,0.4150715,0.5458929,0.3099129,-0.01799637,0.3795055,-0.06227034,0.4318807,0.006764987,0.1910221,-0.2579032,0.05178293,0.3259579,-0.9221388,0.4650421,-0.08414286,-0.1462447,-0.4419821,-0.1568514,-0.477633,0.4234514,0.3730371,0.2258254,0.1265159,-0.2662403,-0.2162856,-0.5029134,0.1653251,0.06251222,0.2600366
-0.2646407,0.2519212,0.1066131,0.0683297,-0.003032442,-8.575784E-05,0.02145821,-0.1521421,0.00591845,0.03081042,0.08570233,0.4779317,0.09132208,0.3470351,-0.2296755,0.05557066,0.0795038,-0.1030219,-0.2283402,-0.4429822,0.4803185,0.0910101,-0.2840592,0.1190605,0.3184388,0.4041007,-0.001914103,-0.004205466,0.01503671,0.07414875
-0.3743492,-0.390286,0.01677687,0.3233558,-0.3929968,-0.02022099,0.0318021,1.007652,-0.07249277,-0.008212993,-0.02758899,0.3676679,0.02963646,-0.008043758,-0.3782295,0.05653382,0.01685586,-0.1465543,1.361838,-0.2306692,0.2765046,0.03306974,-0.02532578,-1.275861,-0.0006514811,0.3794719,0.01403267,0.01746547,0.01949848,0.2716935
-0.2986379,-0.1311548,0.2824829,-0.2749914,0.02549201,-0.00939256,0.2836552,-0.02103623,0.1940514,0.2109722,1.257453,-0.4838061,0.009241668,0.07114358,0.1688272,-0.336136,0.2428417,0.05934251,-0.0833474,0.3178769,0.1569208,0.0163083,0.1009374,0.2168346,0.04483087,0.03108204,0.02317376,-0.1453924,-0.3528038,0.1791787
-0.02164567,-0.004904654,-0.03736428,-0.2442772,-0.1557536,-0.8335772,0.01479758,-0.0007871584,0.17856,0.3834256,-0.1840473,-0.02746651,0.1166825,0.03763061,0.4555286,0.3766961,-0.3322244,-0.09007451,-0.1069123,-0.003879216,-0.06405554,-0.3935741,-0.4521879,-0.001590285,0.006892116,0.3217492,-0.1560095,0.1519739,-0.04628741,-0.4821763
-0.2979557,0.06042998,7.93939E-05,-0.2365081,0.1754169,-0.09110361,0.3309911,-0.1296535,0.3108304,1.080743,-0.2297542,0.02355522,3.463894,-0.01436463,0.4083997,1.892425,-0.01057773,-0.1196285,0.152869,0.01314074,-0.8716211,-0.1895687,-0.005206698,0.01446676,0.119056,0.3523206,-0.472351,-1.310976,-0.06097176,-0.03188868
1.293939,0.01194581,0.6272145,-0.8496884,-0.2917298,-0.7464185,-0.002140972,-0.01179773,-0.3054561,-0.2354947,-0.2215701,0.3533518,0.0982365,0.2656609,0.0875787,0.0268933,-0.3181899,0.4199384,0.3680167,0.01004214,-0.001444636,0.3798802,-0.4162521,0.3236898,-0.03686467,0.1107799,-0.4608858,-0.5491962,-0.2899436,0.04778987
0.2422977,-0.02140148,0.3749368,0.4194943,-0.1658907,-0.2287917,-0.005928189,0.7497398,0.2032979,-0.4224764,0.0440721,0.2531043,-0.3987995,-0.007274874,0.6837584,-0.02832433,-0.2845943,0.01946314,-0.6261178,-0.4332086,-0.05892414,-0.5231321,-0.001196973,0.01964688,-0.3853618,0.150745,0.8340752,-0.3036386,0.1311473,-0.02864297
0.488632,0.003561954,-0.2703457,0.4130281,-0.04229957,0.1906845,-0.08303159,0.389853,-0.009472609,-0.1554702,0.1638905,0.3801041,0.01020826,0.05826819,0.3668693,-0.4658711,-0.02056205,0.2387531,-0.1553325,0.03104764,0.1888712,-0.2316007,0.03738505,-0.0778696,2.232337,0.005805643,0.4144213,0.7041584,0.3410338,0.0001714253
0.8449748,-0.4742185,0.001932494,0.06460992,-0.1957176,-0.2250188,0.4889414,-0.3203758,0.1818514,0.4626825,-0.5164587,1.258047E-06,-0.1312815,-0.104094,0.2345669,-0.4363016,-0.03027194,0.1595329,0.7140843,-0.04937455,0.4641619,-0.380934,-0.4781923,0.4666364,-0.3815032,0.2322044,0.0774508,0.07177061,0.8872562,-0.006079957
-1.93722E-05,-0.0477373,0.02508615,0.1742898,0.1269777,0.0009351452,0.1171871,-0.2731198,0.7776067,-0.3319235,-0.4897719,-0.4704616,0.1129507,-2.177583,-0.002323863,0.3849353,-0.4654738,0.2554579,-0.3768063,-0.1057924,-0.1706952,0.7814698,0.3595912,-0.105468,-0.3793525,0.8183309,-0.4965264,-0.07990617,-0.003522156,-0.2567407
-0.2864074,-0.3582461,-0.007928931,-0.7480777,-0.4447051,0.2639268,0.3409337,0.302713,0.3422221,-0.120811,-0.3234735,-0.01625498,0.01472858,-0.3779069,-0.002521114,0.1860243,0.2087435,-0.1814267,-0.03049345,0.0007432301,0.4180673,0.005310692,-0.3807051,0.02159669,0.006758943,-0.0102165,0.06103042,0.1558985,-0.193612,-0.09886211
;
-0.2520814,-0.2511138,0.3752931,0.01433462,0.0001811286,0.1837874,-0.03962125,-0.1618988,0.002133084,-0.224922,0.050071,-3.304221,0.1836667,0.4453003,0.1995511,0.1597202,-0.1790787,0.1065428,-0.9925508,-0.2527614,-0.007696405,-0.07101959,-0.120725,0.1309584,0.02719596,-0.6408874,0.1026142,0.05318196,-0.003388528,-0.4011174
0.1225211,-0.3579433,-0.4462653,-0.2628639,-0.006642592,-0.05503765,0.336056,-0.07048641,-0.08811883,0.01751596,0.04749889,0.1037358,-0.02406804,0.4162281,-0.3483029,0.03988659,0.6179687,-0.7934277,-0.06271917,-0.291473,-0.08479862,0.01487745,0.02282117,0.3478305,-0.1748785,0.7154039,0.3021077,-0.2084777,0.5889085,-0.294133
0.006314325,-0.4668475,-0.03850994,-0.07882938,0.185759,0.02862148,0.3290739,0.662304,0.09158888,0.3210459,0.2704937,-0.4231242,-0.06896981,0.4330266,0.1906241,-0.01912762,0.1230875,0.144429,-0.1009715,0.06463534,-0.2506264,0.0001121322,0.4458501,-0.2057232,-0.2777639,0.1324341,-0.05091156,0.3319936,0.2259924,0.156429
;
0.01440302
0.2285819
1.20157
-0.3894446
0.07087607
0.05972461
0.06822046
0.09772998
-0.04372825
-0.4231304
0.02578597
0.3898698
0.4920218
-0.1887168
0.2259263
-0.008205305
0.3887223
0.1429329
0.1198897
0.126409
0.3128434
-0.07944983
-0.498314
0.01169022
-0.02085954
-0.3372146
0.2558063
0.1205259
0.0401726
-0.009050786
;
-0.04950822,0.4397619,0.402375,0.4336786,0.02062954,-0.5051389,-0.4272228,0.339107,0.05439635,-0.4758005,-0.09634769,0.4337075,-0.2261094,0.2582045,-0.1944873,0.0698693,-0.2338577,-0.5908743,0.3797541,0.7425021,-0.1048366,-0.07736248,0.6288567,-0.1954137,0.2901745,0.06009164,0.4845824,-0.3755029,0.3330859,0.6291512
0.0415103,0.03114155,0.4095287,0.1586051,0.3915534,0.07128197,-0.05810688,0.1763735,-0.2585962,-0.2301772,0.01527339,0.7820821,-0.3330254,0.2026271,0.224672,-0.1479521,-0.1804976,0.5960699,0.0163975,0.03614675,-0.04943369,-0.01515298,-0.2045184,0.08611525,0.4607038,-0.05222701,-0.2100864,0.4321373,-0.02243885,0.2738153
0.3107476,0.07887947,-0.4649371,0.1571151,-0.02481547,0.05495244,-0.1250783,-0.2089708,0.4715297,0.04888179,0.5012718,0.9052851,-0.1538041,-0.2413277,-0.3651584,0.09711915,-0.3993596,-0.03849338,-0.2074137,-0.3084892,0.7016205,0.4840581,0.02816657,0.09824193,-0.05400481,0.007138591,0.4761964,-0.7064543,-0.002760893,0.01481631
0.06660607,-0.1068289,0.1339662,-0.1464106,-0.03542048,0.3647956,-0.08817218,-0.364052,0.3081048,-0.1787414,-0.01278893,0.08082043,-0.1537912,-0.03368181,0.6052574,-0.4565752,0.08678998,0.2429504,0.1959829,0.00185646,0.8646041,0.06942831,-0.008898141,-0.5759218,-0.5447872,0.1975785,0.4526241,0.2368208,-0.1879424,-0.1279711
-0.9182611,-0.4619662,-0.06659963,-0.0146023,0.2151927,-0.3865622,0.4861976,-0.2434261,0.2694538,-0.3533682,1.306101,-0.03602493,-0.1077851,0.2736402,-0.281231,0.06854802,0.1074683,0.07033729,-1.311523,-0.5013585,0.1458179,0.001661253,-0.4166592,-0.1794382,0.2056599,-0.202189,-0.01073745,-0.3554218,-0.04403605,-0.01817089
-0.1030199,0.1025992,0.1316369,0.1538602,-0.1660481,0.08400319,-0.2420964,-0.007655203,0.3777668,-0.05157596,-0.03439349,-0.1357827,-0.4360958,0.3441168,0.172452,-0.02816945,-0.2515599,0.04824684,0.2394844,0.001477279,-0.01231273,-0.0921956,-0.03703684,-0.07446909,-0.00651849,0.08926016,-0.03417064,0.2942127,0.2063269,0.4285834
0.02681935,-0.221447,0.7680662,-0.1036159,0.06670576,-0.3780971,0.3380771,-0.04405978,0.07881813,-0.05338236,0.3612982,0.1613097,-0.4487696,0.0501071,-0.3090692,0.09971815,0.1947054,-0.3661302,0.2349003,-0.2806323,0.01968844,-0.009706265,-0.1099556,-0.4761927,0.3228858,0.02705742,0.4328461,-0.00564152,0.142905,0.201829
-0.1041556,-0.2309316,-0.2611181,0.1464971,0.365021,0.05246412,0.3210381,0.4522336,-0.06947798,-0.2696052,-0.08796793,0.5428311,-0.4836764,-0.1624928,-0.8335658,0.2944169,-0.5181022,0.03937254,0.109369,0.03885585,-0.01176873,-0.0411575,-0.3163062,-1.049997,-0.002844553,-0.03129631,0.3568107,-0.04801936,0.1998943,-0.367499
0.3257513,0.3107791,0.04888162,-0.005771425,0.07960226,-0.0614083,0.08191758,0.4406705,0.08416516,0.3070062,-0.187058,1.472877,-0.2624501,-0.1609029,0.4427003,0.3592634,0.7053489,-0.2695003,0.4153682,0.06845659,0.4772388,0.003442466,-0.1004877,0.2769731,0.04596832,-0.07280766,0.4386548,0.004664555,-0.1311473,0.2362454
-0.05283423,-0.1728842,0.4437619,-0.5061209,-0.3807966,0.3412414,-0.167749,0.3240253,-0.4714563,0.384802,0.4604353,0.258224,0.02488822,-0.4545987,0.0993076,0.3391013,-0.07482692,-0.1918707,0.02878056,0.1857034,0.00421875,0.4373946,-0.5505603,-0.4255802,-0.04285691,-0.03616029,-0.09462076,-0.5572588,1.195931,0.00346892
-0.009921402,0.1738117,-0.102523,-0.07614702,0.1262306,-0.9337381,-0.03280047,-0.4449089,0.006972332,-0.04544268,0.4339683,-0.3995754,-0.1230464,0.06871778,-0.3910599,0.4173072,0.01132078,0.4188659,-0.387192,0.009195583,0.3658637,-0.5252553,1.644793,0.1532285,0.07421882,0.416627,-0.2710184,0.03496664,-0.5376282,0.0180028
0.4991669,0.1146711,0.3489687,-0.1150516,0.02640443,-0.01013823,0.90452,0.02825492,0.1095475,0.2634144,-0.02931039,-0.4933238,-0.008991539,-0.144698,0.509114,-0.006410033,-0.03177639,-0.2260763,-0.9956775,-0.03572196,-0.06455453,0.008281718,0.001993067,0.110622,0.9786698,0.4566988,-0.3488978,0.1320985,0.1667634,-0.03065725
0.1660828,-0.3073072,0.06137544,-0.3278157,0.247172,0.09739672,0.005053561,-0.06201911,-0.0260914,0.09423083,0.0008838628,0.4536358,-0.07778985,0.006948014,-0.2216703,-0.2051293,0.3101329,0.1408584,-0.2850509,-0.4580866,0.1860861,-0.7859139,-0.3052622,-0.2002223,0.2235712,-0.219026,0.05277442,0.05607004,0.0112875,0.1112564
-0.1483453,-0.07023518,-0.003716961,-0.2176957,0.1514635,-0.2230137,0.3676906,0.07362672,0.4149385,0.003770368,0.06872618,0.1776186,-0.002656742,-0.3763276,0.2594145,0.0006536253,-0.3342277,-0.321189,-0.2746226,-0.04622787,-0.3309646,-0.2553151,-0.1506247,0.3914653,-0.4014682,0.3626455,-0.2883431,0.4682184,-0.02761528,-0.2984096
-0.06581027,-0.03134814,-0.7840192,0.06843822,0.2301167,-0.01477578,-0.8206804,0.0227533,-0.4211534,0.2305046,-0.336102,0.4741935,0.08461732,0.09834615,0.1205902,0.1030155,0.4524071,0.2811362,0.1782412,0.281603,0.003337444,-0.9472364,-0.06285123,0.06564637,0.663636,-0.08344605,0.4768705,-0.02908736,0.07771779,-0.3823365
0.1020229,0.342944,0.1591933,-0.4767269,0.1180742,-0.06266239,-0.006703258,0.04012138,-0.04774319,-0.1825963,0.02897432,0.2113941,0.03995902,0.295656,0.3358845,-0.05841747,-0.3045632,0.5939096,-0.201134,0.05595491,-0.2612611,-0.2471838,0.4663585,-0.1643537,1.237486,-0.4903487,-2.155072E-05,-0.01937884,-0.01474613,0.1281247
-0.1633999,-0.4214854,-0.3106914,-0.009555843,0.02566309,-0.08564033,-0.09349686,-0.04514372,0.2095868,-0.005058066,0.2317134,0.01108691,-0.003428188,0.8061046,-0.1945688,0.1660896,-0.2069827,0.1595838,-0.1125822,0.1786756,0.0004714409,0.3476689,-0.5322217,0.2150193,0.0004076266,-0.01286232,0.4807414,0.429655,0.2349138,-0.009578478
0.2241915,-9.187698E-05,-0.3308312,0.339801,0.8806136,-0.1033657,0.3700293,-0.1289813,-0.0205442,0.03619748,-0.2420911,-0.310552,-0.001238115,-0.09631676,0.4660621,-0.4676281,0.6002812,-0.05033457,0.461314,0.04127111,0.007220907,-0.3943144,-0.07951531,0.9827158,0.1009778,-0.3028424,-0.3920336,-0.0002317732,-0.2234237,-0.1381318
0.4625649,0.4098419,-0.1137783,0.1912222,0.1083655,-0.6089011,0.8563093,-0.4629456,0.3645431,0.680369,-0.3826215,0.3508978,0.1649572,0.02212271,-0.03441929,-0.2567424,-0.3314474,0.01775443,-0.20794,0.4232898,-0.3188798,0.006276445,-0.001758106,0.1877571,0.4791755,-0.03807268,0.1212695,0.2289166,-0.265328,0.1609463
0.06399471,-0.4517919,0.2536236,0.4352628,-0.4294883,-0.3256463,-0.02212414,-0.1771132,0.3115259,-0.03776329,0.1633626,0.1290949,-0.4252439,0.3981397,-0.005991007,-0.4660796,0.01622888,0.1456357,0.4165598,0.0002777656,-1.604882,0.4130873,-0.3283149,-0.5468176,0.02928575,-0.08426934,-0.7670436,-0.06025261,0.1720659,-0.2968
-0.3481004,0.2247703,0.1127475,-0.1239623,-0.2493353,0.4784622,-0.1332401,0.4069345,-0.3145173,-0.0316678,-0.498648,-0.03709418,0.63561,0.3151293,-0.3617569,0.01233765,0.3242655,-0.002611935,0.01900367,-0.03714672,0.4117349,0.2748259,-0.3467421,0.1418805,0.03981113,-0.4675518,-0.002766103,-0.4166859,-0.1064071,0.3157858
-0.02447758,-0.6642296,0.003577159,-0.4089684,-0.4092343,0.09011276,-0.4825248,0.01285033,-0.08939189,-0.1973938,0.06433719,-0.03532463,-0.08048971,-0.4220328,0.2634787,-0.004507115,0.1003534,0.2799942,-0.3922329,-0.729299,-0.2182474,0.08369213,-0.367717,0.1186882,0.04577911,0.4603497,-0.03590817,0.06833889,-0.1827956,-0.4202596
-0.02464026,-0.3329461,-0.0004128814,0.2443722,-0.1995952,0.05900634,-0.07330988,0.103142,-0.07354575,0.06693868,-0.003484572,0.2665285,-0.6802552,-0.02091461,0.393023,-0.1856791,1.490084,-0.2273799,-0.26539,-0.2840058,-0.01002654,-0.3741564,-0.3099492,-0.03598403,-0.02435094,0.1812252,-0.3422217,0.2560647,0.000230536,0.03702635
0.06611329,0.08680547,-0.3139821,-0.2669727,-0.3441402,-0.1883673,-0.1177525,-0.01609204,0.07294101,-0.04337559,-0.4368398,-0.1183801,0.02440441,-0.04428355,0.2610632,0.05139142,-0.3766483,-0.008518539,-0.3997624,-0.06569949,0.1331884,-0.1477148,0.1079205,0.08601862,0.1062635,0.8518717,-0.09564508,-0.1649219,0.04693989,0.3362994
-0.499994,0.2197455,0.008150827,-0.2169819,0.1354374,0.2110258,0.6981078,0.0003409981,0.3427607,0.7114614,-0.4950198,1.175756,-0.002402888,-0.3797592,-0.09268929,-0.1038373,-0.1449363,0.09306114,0.2076519,0.009145908,-0.6289929,0.1592405,-0.4908254,0.1133117,0.4892598,-0.1197754,-0.4198189,0.3809848,-0.005758936,-0.1218385
0.06788605,-0.00537428,0.295128,0.3559495,-0.03604556,-0.3642158,0.1131967,0.1390718,-0.6202552,-0.2416089,0.3260671,-0.02821384,0.3743468,0.482193,-0.135248,-0.1352823,3.377053,0.3014147,0.01128088,-0.01004418,-0.01381058,0.1892241,-0.01229496,-0.4556071,0.08352858,0.4154651,-0.3620285,0.3506858,-0.1652952,-0.4250758
-0.54014,0.0655039,0.06494743,-0.8976599,-0.1360298,-0.2719628,-0.3861617,0.2422622,0.2177937,-0.306529,-0.4203875,0.4084399,-0.1868811,0.01819819,0.680846,0.04372068,-0.05887238,-0.2699641,-0.3740006,0.4346398,-0.1202399,0.1969635,-0.2255164,0.06019473,-0.04896878,0.270138,-0.2244593,0.10301,-0.00249928,0.005699436
-0.1706107,-0.5745726,0.8269845,-0.1701316,0.3567364,-0.2289012,0.3251916,-0.03432757,0.9910366,0.2704567,-0.30594,-0.7756745,-0.1660492,0.05481273,-0.1815708,-0.003065568,-0.5598277,0.005259526,-0.1641376,0.2856269,0.1524687,-0.6579918,0.3509609,-0.6257144,-0.3244438,-0.02856931,0.372149,-0.1850372,0.9992405,0.003362973
0.2462935,-0.04812032,0.2980917,0.2918028,-0.1185969,-0.2919929,-0.000283454,-0.220146,0.4932774,-0.03854021,-0.1632442,-0.02464253,-0.04322001,-0.2649842,-0.1274348,0.3854498,0.4881555,0.4045947,-0.1167368,0.006986456,0.01688945,0.1852704,-0.01051276,0.4750392,0.2704369,-0.02403551,-0.2281438,0.03193904,-0.01528277,-0.0386639
-0.3789611,0.3082455,0.008285103,0.6089417,0.2393598,0.02730452,-0.2261965,0.6418122,0.002680556,0.07511548,-0.2609847,0.1044849,0.7404776,-0.001895167,-0.03587252,-0.008274853,0.1677863,-0.09023124,0.04314532,-0.004332642,-0.5669414,-0.1783649,0.07658663,0.1499147,-0.06314319,-0.02448654,-0.0001108744,-0.07660613,0.04533109,0.4842986
;
-0.5920615,0.07825094,0.09502307,-0.09852246,0.3791232,-0.3718376,-0.8314661,0.003122151,-0.01894075,0.2835894,-0.0777089,0.226056,0.1238156,-2.204412,0.04165131,-0.1260918,0.3749454,0.001412038,-0.06591792,0.09808926,-0.3245989,0.1815104,0.02358419,0.07551973,-0.378059,0.0766973,-0.4235972,0.4930592,-0.007640888,-0.1142279
-0.08568263,1.177824,0.2429567,0.1709253,-0.132051,0.4445692,-0.0008858352,0.03783852,0.1860189,-0.1376611,-0.1731762,0.009170313,-0.04541722,0.1832024,0.02497894,-0.2642351,-0.2106803,-0.4071522,0.5020138,-0.3930072,-0.4952404,-0.07110213,0.026796,-0.003410678,-0.3974823,-0.2053031,0.2466228,-0.1072979,0.1182566,-0.273343
0.05917001,0.3108968,-0.1933393,-0.1261011,-0.281837,0.02828916,-0.1227098,0.1843958,-0.1731379,0.04898363,0.1049862,-0.6194155,0.1997228,0.4459647,-0.00896735,-0.3949081,0.0192797,-0.05368561,-0.3604816,0.1723176,0.7926322,0.00748632,0.02901529,-0.327025,0.03184491,-0.01179731,0.242348,-0.2846543,-0.6689306,0.2240516
;
-0.1730922
-0.0022911
0.03917121
-0.03273672
0.0005385246
-0.5466768
0.2140168
-0.1624413
0.1157665
0.07701749
0.02560812
0.4270612
3.781985
-0.1328998
-0.1299954
-0.02101376
0.1144174
0.3430816
-0.1246869
0.3192981
-0.2985827
-0.06741019
-0.4426172
0.00216112
-0.4798571
0.009579563
-0.4898526
0.005908489
0.6794013
-0.3678164
;
0.1324402,-0.5685346,-0.2201737,0.004418792,-0.2201903,-0.3823029,0.9465703,-1.527108,-0.9351249,0.1253475,0.1784605,-0.02639483,-0.06772274,-0.05242121,-0.1079046,0.2374239,-0.0461893,0.1193478,0.2709756,-0.2451065,0.2114817,-0.1606702,-0.4203699,-0.3737364,-0.09453863,-0.1432555,-0.4005219,0.2064819,0.07083863,0.003590238
0.4951739,0.03935245,-0.1395818,-0.05990769,-0.4763986,0.22448,0.4648948,0.03845703,0.2145302,-0.1751296,-0.01199061,0.2173209,0.683828,0.1725731,0.01843634,0.2765995,-0.1164682,0.828519,-0.009356439,-0.1725111,-0.1842604,-0.1379903,-0.1043809,-0.4295969,0.2525989,-0.1646866,-0.04530273,-0.2901486,0.300119,0.2804712
0.07957138,0.006586346,0.02191368,-0.06615765,-0.0797874,-0.008314864,0.1312413,-0.4512709,0.3283644,0.4406494,0.001845844,-0.8851876,0.2570995,0.3554038,0.2662359,0.04067713,-0.05972759,0.001905226,-0.3187685,0.07427283,-1.060665,0.0004127535,-0.1653263,0.1107612,-0.09274858,-0.04501207,-0.2283142,0.1752187,-0.01385061,0.527538
-0.2293151,0.1891085,0.06425511,0.2206297,-0.001691759,-0.002371725,0.4500551,0.5631845,0.4136382,-0.1882533,-0.2478788,0.008934915,0.4360546,-0.7565486,0.03129522,-0.0122842,0.4731679,0.3200996,0.3530176,0.05486086,-0.7222149,0.9042045,0.04010724,0.1713511,-0.1258369,-0.5982495,0.03500096,0.0355869,-0.05346495,-0.05407055
0.5874572,0.07834023,-0.2961434,0.06940485,0.3368472,-0.01314198,0.07561482,0.2157708,-0.1198341,-0.5893776,0.4348948,0.3506365,0.04055333,0.0201532,0.2752723,0.09561187,1.148965,-0.1165923,-0.4722416,-0.1692865,-0.04901072,-0.4860075,-0.03810464,0.6188956,-0.4179559,-0.7823769,-0.04138374,-0.372565,0.1982586,0.02052257
0.4403386,0.4736232,-0.002836163,-0.111372,-1.688912,0.2814243,0.336983,0.4361614,0.8123255,0.08116981,0.4114827,0.3042706,0.3910738,-0.0009773752,0.9462324,-0.247662,-0.008504332,-0.2660768,0.2798221,-0.1460583,-0.3296229,-0.2755791,-0.0351739,0.03134205,0.4661437,0.01558193,0.4925402,-0.188809,0.9194127,-0.06453615
0.321978,-0.3380383,0.7248018,-0.02353727,-0.02121186,-0.08416814,-0.2503365,0.0382746,-0.4477193,-0.3271747,0.08889516,1.304755,-0.3038471,-0.5411368,-0.03066685,-0.3175176,-0.3598123,0.009939373,0.5856759,-0.09077355,0.111359,0.3873962,0.000729794,-0.006825864,-0.5056719,0.07032179,0.3618752,0.1074307,-0.04072994,0.6378472
0.1321342,0.07718361,0.7420766,-0.3560607,-0.3434564,-0.2416058,0.1353039,0.05882734,0.3216158,-0.1018991,-0.4993115,0.3587434,-0.5383204,0.02126835,0.384402,0.02910477,0.09216469,-0.3153863,0.1481598,-0.4209361,0.4551595,-0.03439835,-0.6915792,-0.007109601,-0.3153957,-0.0181116,-0.1276305,0.34305,-0.02591333,-0.08395834
0.09972078,0.5872383,0.3863436,0.1016701,0.2399971,-0.2438557,0.3366368,0.2647023,-0.005466918,-0.006804508,-0.001741976,0.3183186,0.3900538,2.083615E-06,0.02640202,-0.1361215,0.4509467,0.280027,-0.2837586,0.1362664,-0.5326127,0.2106385,-0.1329942,0.1989003,0.2132175,-0.1172345,-0.05130128,-0.01627056,0.06733168,0.07755063
-0.06563231,-0.003597889,-0.2746476,0.1036961,0.3760554,0.4034481,0.008221862,-0.4539924,-0.001330358,-0.3671555,-0.03145206,-0.01328808,-0.07161852,0.09900898,0.08663872,0.005720807,0.1165077,-0.774677,0.2872915,0.3355634,1.384755,-0.3989575,-0.09060173,-0.01267978,-0.129381,-0.3246688,0.8218059,-0.3108176,-0.1842385,0.02684957
0.2522828,0.4134194,0.4444222,0.06609469,0.002784398,-0.166153,-0.2594106,0.04050842,0.2672499,-0.0005253782,0.4197231,-0.0503352,-0.1486907,-0.3921885,0.3651654,-1.613067,0.06204444,0.04121697,0.2312587,0.2008506,0.4907101,-0.4639093,-0.4652343,0.5576622,0.682596,-0.3703905,-0.2290663,0.2869016,-0.2531073,-0.03855535
-0.03866929,-0.02781522,0.3709094,0.1116078,0.04841083,-0.2813705,0.2581141,0.4828864,0.1383539,0.3012343,-0.4738247,0.002579314,0.2476633,-0.3341311,1.073038,-0.001453629,0.02975355,0.4902587,0.001356855,-0.3651152,-0.06949296,-0.1221897,-0.09338377,0.006751075,0.1175498,-0.00478137,0.5135541,0.04600007,0.4165841,0.002649111
0.1336473,0.3638344,-1.32303,-0.387234,0.2527799,0.3939058,-0.2120538,0.3512253,0.4491901,0.2168193,-0.0126204,0.3048314,0.1478041,0.286643,0.08495849,0.7832028,0.3176416,-0.001294398,0.4412209,0.6181599,-0.4587348,0.2271738,0.02770877,-0.2665446,0.2531039,-0.1977182,0.5822158,-0.5336136,-0.2038537,0.2133341
-1.484688,-0.1840039,-3.255581,-0.07388324,-0.4120972,0.4348001,-0.6707373,-0.2151738,-0.2309746,0.3785846,-0.05393916,-0.9682139,-0.15369,0.4661067,-0.0001445537,0.3942522,-0.00487242,-0.06039548,0.0137984,0.2399517,-0.1917986,-1.026833,0.01826264,-0.262629,0.3276143,0.1800835,0.4891207,0.1646689,-0.008061806,0.112435
0.3764094,-0.1209105,-0.5130324,0.3497014,-0.3001853,0.4031041,0.5217884,-0.0129406,0.2028733,0.05996317,0.002565559,-0.04837455,0.264945,-0.4986166,0.3169572,-1.619272,-0.02999384,0.3737104,0.3938234,-3.521651E-06,0.1169707,-0.1009743,-0.1800975,0.04288684,-0.4988871,0.1130869,0.03236356,-0.1045379,-0.04140502,-0.05878979
0.00124884,-0.7051936,-0.05642922,0.1483727,-0.3909988,-0.01585072,-0.01039311,-0.1796247,-1.138197,0.04285989,-0.4043236,0.9417686,-0.6406901,-0.08322138,-0.3238791,0.01139671,-0.03342042,0.1163415,0.01070054,-0.4944768,-0.03114094,-0.1357419,-0.07312442,0.08381466,0.02845996,0.926714,0.01941747,-0.4703053,0.06955448,-0.07248914
-0.1498711,0.6407934,-0.01009221,-0.0252983,-0.113717,0.6748013,-0.0244146,0.322906,0.5490755,0.1090798,0.0003119391,-0.03056996,-0.0008978244,0.1775626,0.4778489,-0.3809011,-0.2464938,0.2234973,-0.3813436,0.3201103,-0.3663237,0.3381636,-0.1404095,-0.3859411,0.00021409,1.309773,-0.01027375,0.3618328,0.1637407,-0.07226698
0.182595,-0.01787903,0.09007118,-0.1372084,-0.4095204,0.08091118,0.3288199,-0.1081772,0.01937189,0.04928023,0.03417748,-0.2828548,-0.1484072,-0.007315096,0.323035,0.1461587,-0.06072396,0.05332328,-0.2313005,-0.2074044,-0.05034095,0.0242663,-0.03799778,0.001831586,-0.1348753,-0.3170778,-0.1064009,0.0157233,0.7412476,0.17163
-0.0550465,0.3751992,0.02945453,0.1737614,-0.129176,-0.08758048,-0.2769808,0.1527132,0.07789658,0.4115509,0.1959439,0.5867323,-0.135002,0.144438,-0.08574521,-0.406445,0.4813886,-0.2404313,0.6842349,-0.3561903,-0.3624915,-0.06804609,0.04796976,-0.6828225,-0.2156723,0.4992175,-0.1468316,0.4797747,0.403451,0.02348866
-0.04674136,0.09361898,0.725119,-0.06044692,-0.05242056,0.2858248,0.001446796,0.04980512,-0.1082692,-0.06273192,-0.6329227,0.009365048,0.3863698,0.000919834,0.0240594,0.1193252,1.956072,-0.2659002,-0.3937345,-0.1916794,0.7574946,0.4554111,0.4024307,0.04610258,0.0524619,-0.1472136,0.08958355,-0.4578198,-0.001714193,-0.6633604
-0.3508229,-0.1304726,-0.1039087,0.2361104,-0.1477353,0.06875876,-0.6582745,0.6556575,-0.2293091,-0.4668429,0.1159153,-0.4608809,-0.03779608,0.00919593,0.03807472,0.1563506,0.030324,-0.3096074,-0.08888169,0.2151879,-0.2820885,1.27865,0.3495292,-0.2187212,-0.1378147,-0.1831911,0.005234639,-0.08658925,0.01760543,-0.03165439
-0.1838969,-0.5267884,0.09364384,-0.0008056136,-0.001260941,-0.1266063,0.06587686,0.04032549,-1.101945,-0.2081355,0.07316393,0.001007598,0.3677203,-2.018227,-0.1638781,0.3380351,-0.7380885,0.0182905,-0.5879001,0.4750922,-0.2451283,-0.4144144,0.3692684,-0.1502931,0.0612032,-0.002815367,-0.02787359,-0.3341113,-0.2389854,0.4291461
0.1813378,0.05006057,0.1604757,-0.03315308,0.1307375,-0.1024023,0.1679729,-0.3009354,0.008237898,-0.2207159,-0.008480145,0.4132529,0.08224517,0.5814235,0.005446414,-0.08043508,0.1584279,-0.005544841,-0.137926,0.1621671,-0.2635286,-0.4076321,-0.5514264,-0.487608,0.3935896,-0.002156844,0.007172464,-0.1393701,-0.002418365,-0.1319008
-0.3868774,-0.3168408,-0.1480236,-0.2374041,-0.1211956,0.4505994,-0.09855735,0.04326278,0.05298108,-0.04914137,0.03716644,0.06562668,-0.01797521,-0.2794665,-0.09363558,0.3104968,-0.08351401,0.0007954728,0.377749,-0.02302279,-0.5244342,0.06509457,-0.2565753,-0.001542956,0.001187966,0.3062961,0.2910983,-0.08035291,-0.4942473,0.179375
0.002381742,0.2948547,-0.2559922,-0.4391018,-0.04735124,0.014213,-0.2494542,0.2942761,0.1105221,-0.0002032852,-0.03486489,0.8077646,-0.2281548,0.251981,-0.4600734,0.2370465,-0.6030578,0.4375579,0.3583791,-0.7301341,-0.2294861,0.2632058,0.02499383,-0.4011231,0.0007752801,0.3371331,-0.2737187,-0.06062699,-0.08478552,0.1314996
-0.3924489,0.03888015,-0.8833776,0.5725645,-0.001853609,-0.2303723,0.2054852,-0.03472471,0.1012107,-0.1284507,0.09991045,0.909413,-0.0165639,3.579446,-1.149884,-0.001081896,0.2632128,-0.01021902,0.4259126,-0.009396899,0.03515773,-0.04847721,0.0004176921,-0.4689164,0.006133235,0.07912236,0.0009855769,0.5020778,0.1777315,0.1059793
-0.1867637,-0.3329266,-0.746817,0.01560662,-0.1255306,-0.02143321,-0.2278695,0.1734562,-0.05781039,-0.3996814,0.2211364,-0.2764443,0.09935042,-0.2291806,0.001569435,0.4853966,-0.04925936,0.1775323,0.06198126,-0.002038901,0.7516553,-0.0001923337,0.2711356,0.5830405,0.353193,0.207195,0.3248903,0.6068147,-0.1352745,0.1418149
-0.05822569,-0.04366785,0.4538538,-0.3762892,0.04961203,-0.2936062,-0.2735983,0.2659826,0.143585,0.001206809,-0.1372816,-0.1685294,0.3601028,0.1054947,0.7871222,0.2233546,0.04195085,0.04840879,-0.4693961,0.7880732,-0.07285727,0.3585355,0.5866064,-0.0163689,0.4955078,-0.01000669,0.2910602,-0.004102729,-1.860627,-0.5364538
-0.4363612,-0.001409451,-0.04777926,0.1612395,0.01585568,-0.0384207,-0.04260473,-0.02198492,0.01659163,-0.2432791,-0.159924,0.1209722,0.3088852,0.4178088,0.007826269,-0.08538999,-0.139634,-0.4061005,-0.1090201,-0.402045,0.5608739,0.08817261,0.03161384,-0.06859499,-0.08706189,0.2861824,-0.3386304,-0.001796932,-0.5981979,0.4064023
0.1269308,0.365374,-1.020615,0.08676565,-0.216341,0.4488276,-0.04908898,0.5132319,-0.1169686,-0.05583006,-0.3480065,-0.2965264,0.2873183,-0.002156015,0.05506418,0.2541891,0.03611261,0.09215254,-0.9844848,0.4894464,-0.134357,-0.3583456,-0.1182689,0.5191817,-1.411723,0.01775887,0.06333154,-0.1436404,-0.3411051,0.4920132
;
-0.007080269,-0.07224356,-0.293101,0.09119731,0.001818815,-0.3497576,-0.4977072,0.02705122,0.0004089414,-0.03504576,-0.1327248,0.03242415,0.01482054,0.504477,-0.01901268,0.0002768518,0.2693629,-0.1366972,0.03603574,0.1507742,0.1728783,0.380266,-0.04458393,-0.2197051,0.1037879,0.3630497,-0.01086408,0.0757413,0.1317099,-0.05062149
-0.6413991,0.02791423,-0.2186621,0.1239291,0.3915055,0.00932517,-0.5201982,0.03076226,-0.156455,0.2886759,-0.2265212,-0.4446557,-0.000985701,-0.06190878,-0.2113661,0.01121557,-0.1760244,-0.2755544,0.1841245,0.1475053,0.1067185,-0.001480039,-0.07803092,-0.3962243,-0.5784569,0.02718502,0.03106633,-0.4583629,-0.1886006,-0.05001226
0.001726891,-0.05463608,0.009435475,-0.02416331,0.2079875,0.03892065,-0.2426745,-0.09507885,-0.4329079,-0.3586938,-0.1884531,0.06506961,-0.04100277,0.7794133,-1.02303,0.0932427,-0.007823249,-0.0325193,0.06991619,0.04094157,0.02117748,0.4614972,0.0302221,-0.7976014,-0.0712602,-2.215304,-0.01320141,-0.07364293,0.1639038,-0.2595816
;
