0.09492868
-0.2678658
0.3702317
-0.09346484
0.0005235895
-0.4116838
1.799836
0.1117784
-0.2294315
-0.2683346
;
0.1908934,-0.4245229,-0.04806147,-0.203451,0.4651186,-0.2943985,0.05357641,0.01098464,0.02705072,0.1350071
-0.7434881,-0.1411151,0.3500913,-0.02268749,0.01191474,0.400151,-0.05637366,-0.2459713,0.2483247,0.2581452
-0.06201655,0.1032756,0.3009259,-0.2378108,-0.04950391,0.01798827,0.05125775,-0.438509,-0.3007914,-0.1016932
-0.003490976,-1.106021,-0.4507265,-0.002093148,-0.3695023,0.03967937,-0.3594069,0.1585044,-0.001191928,-0.1348088
-0.1665354,0.05953747,0.5036104,0.4060024,0.2337317,-0.005231249,0.2569794,-0.02677215,0.0503917,0.142182
-0.1742576,0.09576828,-0.01200235,0.002584725,0.05163556,0.3224394,-0.1290339,-0.5143567,-0.2081971,-0.3784571
-0.03545472,-0.9338078,-0.009692817,-2.78308,0.2369826,0.1347095,0.6623664,0.6780907,-0.04860956,-0.3968002
0.4116505,-0.1109032,-0.7253378,0.3081316,0.2366646,0.02830797,-0.00805573,0.01477812,-0.0003975986,0.08981389
0.07660276,0.3056719,0.1119744,0.1434274,-0.3448838,-0.03043582,0.127414,-0.2738895,0.1536194,-0.1241204
-1.505132E-06,0.2026289,0.01521283,0.05942866,0.8105426,0.1349954,-0.39169,0.03205048,-0.1705173,-0.02926029
;
-0.4101011,-0.6363986,0.5004202,-0.1089664,-0.005559698,-0.2653798,0.3785754,0.005633413,0.09311897,0.01052864
3.162626E-08,0.1161186,0.3611263,0.05731374,0.67115,-0.3684611,0.3394258,0.04079677,0.07750757,-0.0004200592
;
-6.644365E-05
0.001241624
0.1555153
-0.04450244
0.08524472
-0.00534185
0.1560223
0.1788686
-0.04562464
0.3606223
;
-0.02779973,0.3534051,0.03359348,-1.165905,-0.04895818,0.1948701,0.01785587,-0.1002102,0.0793924,-0.1143877
-0.09253997,-0.2906931,-0.002628677,-0.09809643,-0.2790642,-0.203226,0.3990136,-0.04966286,0.1228088,0.05082732
0.2219684,-0.1542893,-0.00391611,0.02705101,0.1604937,-0.2799083,-0.3234999,-0.03721132,0.0674904,0.3288026
0.05738765,-0.1281736,-0.7079549,0.05000774,-0.1555187,0.06400706,0.3380886,0.1818787,0.1178452,0.05828112
0.3320268,-0.3271388,0.05924112,0.1896368,-0.07295801,0.1085176,-0.303144,-0.0269174,-0.02675284,0.265148
0.1298087,-0.2574131,-0.001340384,0.215911,-0.6084265,-0.3073944,-0.006212494,-0.01024174,0.1260586,0.04532258
-0.1468251,0.01760072,0.06764847,0.00013387,2.304664,-0.1853587,-0.4460684,-0.1851185,0.07212786,0.2050909
0.4908473,0.1399069,0.03446406,-0.002834619,-0.199419,0.4734775,-0.3990146,-0.05818573,0.3469714,0.1325972
0.272411,-0.6165749,-0.2080591,-0.02501376,-0.05814871,0.07893164,-0.1271175,-0.02331454,1.230253,0.1328107
-1.066212,-0.1947971,0.005668767,-0.03666596,0.2410178,-0.03875297,-0.4580746,-0.2775767,0.1013128,-0.1918564
;
-0.458043,0.004056793,0.1130773,0.06175175,0.04150374,-0.09792627,0.3872623,0.004895558,0.0304477,0.08653623
0.1919064,-0.3421043,0.4882804,-0.09711653,0.154584,0.3011308,-0.03682584,0.07834264,-0.008476404,1.337366
-0.2183049,-0.7439725,0.2468606,0.02715,1.148082,0.1017824,0.1390253,-0.3868893,0.149927,0.01787907
;
0.0215016
0.003643094
0.3134957
0.0009527701
1.275989E-07
0.4518076
-0.1199579
-0.2656268
0.0434483
0.5001617
-0.4052028
-0.001176889
0.3512474
-0.0003129669
0.4088815
-0.00736325
-0.2651374
0.2029799
-0.08079377
-0.03806299
0.6497183
-0.01638994
0.389487
-0.01801022
-0.04960805
0.034724
0.04506972
0.4536033
0.0991599
0.1654191
;
0.006238082,-0.1830035,-0.4733834,-0.0413372,0.01965269,-0.2767887,0.04039079,-0.00506007,-0.4363586,0.04388398,-0.166299,0.01186253,0.1097451,-0.06432325,-0.6038639,0.4636548,0.03365275,-0.04533146,-0.1340558,-0.5516236,0.1071178,-0.457046,0.1135515,0.1168916,0.009378345,-0.01435653,-0.1119711,-0.3074595,-0.2500651,0.001517015
0.854986,-0.08855396,0.09000831,0.1340896,0.4925163,0.08952683,-0.1739021,-0.04447711,-0.153418,0.4792587,-0.4439572,-0.1752152,0.112771,0.4831622,-0.03016193,0.4037744,0.3789074,-0.2435593,0.37651,-0.1071635,0.0941077,0.01898775,0.2610272,-0.04050193,0.1038764,-0.2330772,0.4472868,-0.05111367,0.3782987,-0.3642926
-0.4480629,0.4421143,0.3192492,0.2403833,-0.1150375,0.9135053,0.07953913,0.4920273,0.0631026,-0.6625192,-0.08879476,-0.1606397,-0.4305255,-0.2120162,0.3338514,0.02233808,0.2849243,1.051469,-1.227097,-0.03294537,-0.4604514,-0.02861276,-0.07762503,-0.04052427,-0.1598238,0.2399147,-0.001460538,-0.4089015,-0.01267668,0.1882356
-0.1569398,0.1608037,0.1534153,0.2771101,-0.2999964,0.4832483,-0.4883745,0.08013259,-0.2265399,-0.4357578,0.03569738,0.3157343,-0.4019341,-0.007669828,-0.2405798,0.03072915,-0.2105939,-0.006961402,-0.01973568,-0.01042409,1.107393,0.01647988,0.4344892,-0.03156561,-0.05204448,0.06619295,0.3644731,-0.4466704,-0.6998912,0.515375
0.008548993,0.07420634,0.216611,-0.4142791,-0.1975416,-0.0002171041,0.2962259,0.0225218,-0.04981588,-0.5318932,0.08389735,0.2495797,-1.264836,-0.3658168,0.2657666,-0.001657429,0.02593428,-0.0145343,-0.3261133,-0.08014659,0.2212881,0.3165541,-0.1770249,0.03088912,0.3146313,-0.1942919,0.5347416,-0.3101344,-0.22871,-0.1398984
0.9537184,0.09972907,-0.01049369,0.4657249,0.2066883,0.1760979,0.02682583,-0.04243945,0.1607632,0.04196853,0.1072123,0.2153869,0.265412,-0.06168504,0.02043602,-0.1148329,-0.08824463,0.2150003,0.1507186,-0.2321848,-0.6113849,0.1011637,0.241941,0.2281582,0.2684696,-0.2001455,0.1900266,-0.1106747,0.2589997,0.08231832
0.2556651,0.06506723,0.002533863,-0.1415386,-0.2301177,0.3334469,0.4667071,-0.00216384,0.4221957,0.653979,-0.4961502,-0.4350015,-0.2517141,0.05153447,-0.1880842,0.08688542,-0.0027316,0.9401857,-0.7322456,-0.2199794,-0.999312,-0.1413153,0.4997692,0.1481876,0.4249525,-0.2911187,-0.142033,0.2105806,0.002914869,0.1959312
-0.106902,0.01877624,0.1865557,-0.4725378,0.4252586,-0.1377026,-0.2133157,-0.003339469,-0.009814274,-0.1366945,-0.1198266,0.05869686,-0.323272,0.01234092,-0.4631228,0.836268,-0.9980593,0.05351052,-0.002935112,-0.4927965,-0.4972318,-0.2231558,0.369396,0.6704489,0.3498517,-0.1701349,0.3960018,0.1796322,0.802695,0.002583896
0.1556716,-0.2535627,0.5611772,-1.451847,0.361044,0.04951771,-0.2047453,-0.01002902,0.02324586,-0.4318216,-0.4098473,-0.3076241,0.8023298,-0.07775641,0.2424787,0.00354907,0.6974875,0.418252,0.01291355,-1.264182,0.3626802,-0.2514401,-0.1924019,-0.04264188,0.4420512,0.4120771,-0.411406,-0.323923,-0.0298572,0.01281327
0.07172789,-0.004032551,-0.05249727,0.07081381,0.2004497,-0.721297,0.2726828,-0.1433279,-0.5807904,0.1831454,0.001417093,0.1979932,-0.1777577,-0.06955153,-0.7139404,0.03121116,-0.06423476,-0.0237107,-0.3309872,-0.09813794,-0.01028076,0.165569,-0.1519387,0.05104762,-0.7459487,0.4030201,0.004206039,0.09502548,0.001265467,0.063169
0.03237878,-0.1649559,0.5973156,0.1513522,-0.02167298,-0.001518717,-0.00294627,-1.181203,0.0446477,-0.02901875,0.1408076,-0.01470708,0.2399372,0.4703666,0.001864619,-0.4716794,-0.05279857,0.3846911,0.3806581,-0.07131201,0.1316086,0.1162994,-0.0006619838,-0.2311758,-0.09997999,0.3820148,-0.1200355,-1.844587E-05,0.3005728,0.03188783
-0.2641342,0.0005942726,-0.128919,-0.04994968,0.3459771,-0.2304689,0.004558771,0.2043645,0.3650289,0.03143396,0.03477431,-0.04126753,0.4980575,0.3013599,0.0004737388,0.2796972,0.05141238,0.4346124,0.2202251,0.415917,-0.06261767,0.3660655,0.009672054,-0.02950079,-0.0707597,-0.0009082856,-0.2211011,0.06851264,-0.2139407,0.8160601
-0.1841658,0.00244253,0.2316285,-0.2762574,0.2251933,0.2477893,-0.4446573,-0.4786418,0.2856078,0.1409886,-0.0431899,0.4388708,0.1293864,0.3498802,0.1748309,0.2235907,-1.130462,-0.4322714,0.3817881,-0.6245106,-0.0415296,0.05931361,0.4366156,-0.05336171,0.3258664,0.0003998784,0.1173463,0.1004097,-0.3494366,-0.05607408
0.08905276,0.3105756,-0.008054633,0.3449564,0.04074122,-0.002219805,-0.0002130914,-0.2631381,-0.0004498566,0.3746815,-0.0732823,-0.2207999,0.001398467,-0.02760094,0.3991081,-0.05419952,-0.06256798,-0.0617395,0.002266035,-0.01489442,0.04046737,1.471398,0.8403434,-0.009135162,-0.01526573,-0.04393853,-0.05464976,-0.4956194,0.007893536,-0.003570861
0.4200237,0.8231885,-0.02280369,0.004378946,-0.0102621,-0.3458638,-0.2907784,-0.1579221,-0.2138611,0.0001511704,0.02951364,-0.5133763,0.02126216,-0.03419738,-0.05106207,-0.001704461,0.2003865,-0.2928095,0.3489515,-0.01908153,-0.0692542,-0.04992581,-0.03508463,-0.02484584,0.2126636,0.02859551,0.2874554,0.7067459,0.5280977,-0.02099315
0.0007978674,0.2930652,0.0007248985,0.0974163,0.1891453,-0.0266382,0.2075955,0.2856308,0.01857632,0.230948,-0.1003416,0.02219313,0.0539313,0.5368724,-0.183431,0.005289176,-0.1400517,0.004683618,-0.4540129,0.08914261,-0.003646562,0.8191242,0.1243363,-0.1154964,0.01767176,0.2567731,-0.05575174,0.2637479,0.2938567,-0.0261453
-0.2325498,0.04574712,-0.02867285,0.02741639,0.1045702,0.06369699,-0.08445118,-0.6214709,0.009025434,0.5879792,0.1243142,-0.4881657,-0.08454355,0.4151388,0.1051307,0.0004464705,0.149372,-0.126221,-0.2726737,-0.7329121,-0.2640898,-0.4049058,0.00888487,0.0155022,-0.1564271,-0.07746752,0.01500529,-0.05875571,-0.2311166,-0.05182919
0.01338918,0.1241959,-0.2251809,0.7089062,-0.3333176,0.4256732,-0.003519716,0.1248944,-0.008136575,0.2727865,0.1662172,0.005775931,0.3843846,-0.04521781,-0.0792895,-0.009378291,0.6195702,0.003101983,0.1938299,-0.009182437,-0.9364457,-0.09176368,0.4038464,0.4588499,0.1088569,-1.045188,0.1196663,-0.1684217,0.2984455,-0.3649746
0.3274653,0.0251388,7.200662E-05,0.002334177,0.09198827,-0.01688156,0.4377297,-0.002720637,0.006751915,-0.4869,-0.1701005,-0.1233346,0.03126385,0.4090607,-0.001610246,-0.1898262,0.2723065,-0.3114181,-0.3248576,0.3896724,-0.2996058,0.2274569,-0.455297,0.07133251,0.08212946,0.07649809,-0.3609925,-0.04666853,-0.1179681,0.09926829
0.111902,-0.6729463,-0.374699,-0.01315717,0.0003867821,-0.0640617,-0.4145159,0.0001632459,-0.4555196,-0.1556627,-0.08505535,0.2106751,-0.4016758,0.08907694,0.01981571,-0.052359,0.08003347,0.02749819,-4.201248E-06,0.02107831,-0.2706589,-0.4788003,-0.08135236,-0.08531029,-0.0275335,0.3545564,-0.6770508,0.07383002,-0.1414446,0.09684557
1.047877,-0.2355506,-0.3423033,-0.01488128,-0.3106694,0.2267258,-0.2429168,0.234059,0.7289552,-0.1791797,0.4927062,0.02560386,0.008681083,-0.3916855,0.06365424,-0.03265742,-0.02611771,0.2080457,-0.003901417,-0.3688273,0.04468971,-0.05106413,0.02618914,0.1562049,-0.006581162,0.4294779,0.1043499,0.4937749,-0.007231396,-0.07468802
-0.7578353,0.2970328,-0.001636583,0.1199077,0.4935631,-0.9146982,0.1233544,0.001583755,0.09068973,-0.05480801,0.3381813,-0.01088803,0.2059505,0.4509867,-0.3335303,0.04214211,0.0373177,-0.1998109,-0.002900739,-0.08151825,-0.3119955,-3.678045E-05,-0.3845718,-0.6519698,0.0009152846,2.626983,-0.01497208,0.4459672,0.03809243,-0.2154448
0.4848643,-0.03124764,0.2379002,0.02536078,-0.08222264,0.3520248,-0.008638281,-0.08083826,0.6755748,0.01866385,-0.6154408,0.2738849,0.4772288,0.4828775,0.06689277,0.1494002,-0.06063968,-0.1013017,0.06404191,-0.4177465,-0.04499046,-0.432193,-0.001370439,0.09808166,-0.1899986,-0.09013845,0.1369928,-0.5252028,-0.5147068,0.1360786
0.006583785,0.004996595,0.001965143,-0.2760164,-0.03864618,0.09076827,0.2576841,0.01388463,-0.1087988,-1.722225,-0.4356269,-0.3662151,-0.3678113,-1.662608,0.04347162,0.07034212,-0.1223908,-0.02819154,0.6785074,0.8024069,-0.2352556,0.004473005,0.06046307,0.01984776,0.05250395,-0.03356806,0.9078454,0.0003422915,0.4636399,-0.02193481
-0.01868112,0.1269468,-0.3777299,-0.426342,-0.02864221,0.1280525,0.05939609,0.4951631,-0.1570649,-0.478737,-0.05068399,0.1585142,0.4521626,-0.2665237,0.05551982,0.158044,-0.05016625,0.001047964,-0.08749479,-0.007656876,0.1096161,-0.005220475,0.4654626,-0.2086796,-0.2888455,0.440498,-0.07758231,-0.04491631,0.08016942,6.895852E-05
-3.794594E-05,0.4260079,-0.129908,0.3050925,0.5620936,-0.004389957,0.007929811,0.07897887,-0.2399038,0.446106,-0.145247,-0.4417404,0.219107,-0.4485352,-0.02791196,-0.3883871,-0.3513782,-0.300922,-1.16651,0.1341188,-0.0419324,-0.1982785,0.03441007,-0.0132984,-0.08737689,0.5736368,0.1208957,-0.04573845,-1.116776,0.1221523
-0.3873022,0.07948213,-0.1242033,0.0002521391,-0.8228576,0.3260062,0.3927044,0.2154348,-0.1985755,0.1945888,-0.1560709,-0.01809928,-0.410798,0.009550301,-0.1049355,-0.0001309875,0.4549445,0.2319581,-0.3905474,-0.06274617,0.01170798,0.02213247,0.09402531,-0.08295399,0.1726728,0.2904898,1.067567,-0.5658683,0.3305731,0.3638389
-0.6196395,0.7436123,-0.04594944,1.002931,-0.4966028,-0.04777735,0.0588613,0.03242368,0.223625,-0.003935532,0.08806733,-0.05201862,0.0323565,-0.0281502,-2.560131E-06,-0.4179611,0.126892,-0.2264875,-0.1519383,0.004279382,-0.1261426,-0.09908491,0.3715725,-0.09868675,0.2895193,0.1877739,-0.3556992,0.06010471,0.002365923,-0.1056041
0.0009516376,-0.1142501,0.1846896,0.4270145,0.9399379,-0.1558721,-0.2599014,-0.6116626,0.125515,-0.4872838,0.06060122,0.2270131,-0.2142975,0.190873,0.7970531,-0.6851168,-0.4807092,-0.6131021,0.03911322,0.006916521,-0.4667923,0.3845463,-0.01062453,-0.08070535,-0.0009757857,-0.002062766,0.2306353,-0.3604784,-0.05791703,-0.2286791
0.065379,0.3120526,0.9481431,0.1437229,0.03084158,-0.3919389,-0.1099704,0.3993073,0.01779644,0.2147754,-0.4986011,0.01657201,-0.5501644,-0.4615122,0.4840751,-0.001611077,0.0257544,0.1129313,0.06627545,-0.1022167,0.4290231,0.02287868,0.236142,-0.1954666,-0.6279142,0.04853308,0.1202106,-0.03125947,-0.07552856,0.05011325
;
0.09936395,-0.03576273,0.2318044,0.319443,0.05248662,-0.3536621,0.4330416,1.510195,0.000424087,0.02017361,0.1489858,0.1164735,0.1925395,0.004177205,0.2590948,-0.1101502,-0.5775184,0.6750866,-0.01737195,0.134824,0.2570385,-0.1672138,-0.2086254,-0.01480583,-0.01774094,0.01046816,0.3716868,0.01886932,0.01058211,0.2281121
-0.5059953,-0.06553949,0.2369498,0.1125024,0.1392996,-0.3422524,-0.09582765,0.1168284,0.3906475,-0.102009,0.2795804,0.2632381,-0.002850834,0.1183381,0.06051287,-0.2368792,-0.3630214,0.162157,-0.05319694,-0.1617827,0.1747929,-0.2166817,-0.03412873,0.05122258,0.3212837,-0.6619435,0.01504236,-0.2982962,-0.08752304,0.3069344
-0.7978886,0.06669591,-0.2010856,0.1805134,-0.2094018,0.3619943,0.2524774,-0.04595071,0.5867791,-0.03140158,0.2453532,0.2716503,0.5658773,-8.05E-05,-0.3337953,0.3282592,0.1923102,-0.4822328,0.01240201,0.02477464,0.3303645,0.1080232,-0.04949357,-0.4299881,0.2122453,0.2486545,0.01520034,0.3747224,-1.348255,-0.00340803
;
