-0.374081
-0.3223584
-0.2379008
-0.3304368
0.001537845
-0.01933585
-0.2304394
0.315438
0.4184655
0.7914864
;
0.3703659,-0.3877386,0.2823379,-0.06676623,-0.2935627,-0.04597812,0.3757776,-0.008234228,-0.3593072,0.2092185
-0.1328359,0.3415335,0.07441675,-0.0942093,-0.1855579,0.7485117,-0.01218649,0.1167983,0.01427866,-0.1967359
0.001565091,0.09872265,0.1443238,-0.1267409,0.1883752,0.411604,-1.030257E-08,0.4931829,-0.3953934,0.3923104
-0.7042783,0.1727727,2.20674E-05,-0.0894137,0.6713188,-0.09570231,-0.002199271,-0.1871234,-0.2484144,0.01807642
-0.2623899,0.07472305,-0.1804214,0.08479589,-0.1897647,0.06395952,0.0003264666,0.0373252,0.1421547,0.3095608
0.002119369,0.02930999,0.3734057,0.2360208,-0.8842326,0.08434125,0.6607695,-0.09403902,-0.3948121,-0.01693528
-0.08993316,0.004667475,0.01537997,-0.3407726,0.4279782,0.01709862,0.2287611,0.3617313,0.0593149,0.0731016
-0.3776389,-0.2280284,0.2605877,-0.5630295,0.0003425617,0.3684189,0.1099159,-0.03220118,0.001391285,-0.1356354
0.03059334,-0.6645225,-0.01225884,0.05714321,0.4077552,0.7664073,1.809235,-0.03335672,-0.2249611,0.4084513
0.4686252,-0.01962336,0.02304395,-0.3501696,-0.8105426,0.05264207,-0.2238752,-0.3070415,-0.1927719,-0.1731004
;
-0.02808228,-0.4807526,-0.14125,-0.06287736,-0.4656586,-0.1500559,0.6167836,-0.003077997,-0.1996623,-0.02741089
-5.339963E-07,-0.01831931,0.1324257,-0.1961341,-0.02621496,0.4208047,0.5280389,0.07077839,-0.004156707,0.3081862
;
-0.004746642
-0.176685
0.04670446
0.1243171
-0.06326789
-0.006218668
-0.4126
-0.04198097
-0.001428569
0.03413701
;
-0.4692377,-0.006320655,-0.3885678,-0.08254959,-0.09285594,0.01622628,0.09134084,0.01425821,-0.2914684,-0.03927322
-0.2750669,0.3253176,-0.08276538,0.08370894,0.1530824,-0.07567465,0.3703802,-0.1637157,-0.5366443,0.430636
-0.1556051,0.09774952,0.06070278,-0.00350902,-0.354915,-0.438772,-0.06689451,0.1167733,-0.1542117,-0.6032211
-0.1910393,0.006869629,0.4403939,0.4062926,0.2050025,0.002574512,0.06172649,0.003499982,0.01964701,-0.409053
-0.1599863,0.01170439,-0.0907327,-0.002653786,-0.003936597,0.07737724,-0.2461264,0.1939199,-0.2737648,0.3124992
-0.3101789,0.07117575,0.02434247,0.8514054,-0.0937577,-0.1175019,-0.08240348,-0.08261921,-0.2327833,0.5417959
0.05002683,-0.4881138,-0.006810068,0.0004439826,-2.005884,-0.2678168,-0.0008009033,-0.369125,-0.4884694,0.02013754
0.4304798,0.06889761,-0.7458453,0.1246674,-0.1936196,0.2030134,0.2292842,0.01429859,-0.00473649,1.529647
-0.4723638,-0.6549913,-0.3672673,0.01285191,0.4745007,-0.1679183,-0.2869814,-0.1262393,-0.2238849,0.1387839
0.357399,0.3593626,0.06063456,0.04651874,-0.1487066,0.2005307,0.3108114,-0.2216271,-0.2367684,0.30595
;
0.02440416,-0.4800017,0.004039694,-0.1688786,0.339615,0.2654352,0.1418479,-0.001173944,-0.01159491,0.02657574
0.002491169,0.1400297,0.2624522,-0.007625639,-0.07094596,-0.06530601,-0.1078282,-0.01941574,-0.3943303,0.03084077
-0.2047353,0.1604432,-0.6092353,0.04117101,-0.02329723,0.4712152,-0.06380741,0.4898878,0.4082839,0.2133852
;
0.02720615
-0.1177071
-0.02981049
0.4297769
-0.006409929
-0.003565119
-0.03591878
-0.1106755
-0.5724159
-0.01422782
0.2229295
0.4587986
-0.026741
-0.2130021
-0.1239609
0.2629834
0.280122
-0.3995197
-0.2408939
0.1493855
-0.1200961
0.001777526
-0.1575771
0.1580777
-0.35788
0.6413963
-0.4001453
-0.4569339
-0.002985749
-0.2407788
;
0.4202623,0.4814413,0.2856308,-0.01546552,-0.03558508,-0.101351,-0.0225334,-0.3653567,-0.0006683469,-0.9013571,-0.2293609,0.3292807,-0.2623382,-0.006330441,0.4680929,-0.3563976,-0.001732073,-0.2422827,0.06222949,0.3694431,-0.2189482,0.007431522,0.04201039,-0.01765472,-0.09299362,-0.01098484,0.1442859,0.6389766,0.2808353,-0.2638723
-0.2370428,0.4402803,-0.1106595,-0.07838837,-0.4942864,-0.180478,-0.02837824,-0.05369956,0.4230751,-0.02172571,0.008829892,-0.2132346,0.1997949,-0.2992235,-0.4024789,0.05118988,-0.106396,0.1344887,-0.2141522,0.3877923,-0.01146116,0.04067924,-0.02034456,-0.9325896,0.3229477,0.09039786,0.07945675,0.06195268,0.1259959,0.3541828
-0.3107476,0.4545543,-0.001345072,0.4827991,0.05497221,0.5667036,0.2842749,-0.2392905,0.03865576,-0.4056479,-0.4887546,0.06029893,0.9499146,-0.4499192,-0.745015,0.4149365,0.296495,0.01511898,-0.2555608,0.4767164,0.002152894,-0.6409025,0.03180756,-0.0443309,0.4088213,0.07113057,-0.2041997,0.0670107,0.1902808,0.05476719
0.0209348,0.1508816,0.3072035,-0.3040902,-0.05588669,0.1971678,-0.1421988,-0.115108,-0.09256291,0.0857439,-0.6594509,0.1426562,0.3364613,-0.01330131,-0.1661707,-0.3219572,-0.09985077,0.2369125,-0.03584588,-0.6680813,0.464306,-0.1350929,-0.0290356,-0.067662,-0.05301512,0.4773549,0.1638935,0.9580652,-0.1021264,-0.2711973
-0.2541572,-0.2630191,0.01035458,-0.4826575,-0.5599941,0.3809451,0.4462992,0.1121076,-3.841672,0.333755,-0.250877,0.00663694,0.2496894,-0.1988024,0.04727077,-0.005442722,0.0292521,-0.112878,-0.1224113,0.003511535,-0.4411708,-0.03969492,0.01147202,0.3771071,-0.3893322,-0.3312343,0.01059783,-0.265599,0.2659154,0.01667332
0.01626386,-0.4076386,0.003690018,-0.495216,0.228758,0.2469314,-0.1808431,-0.0003113597,0.4603291,0.06116134,-0.513218,-0.2019072,0.09265257,0.008308261,0.1449295,-0.1023696,0.6363509,-0.207388,0.1209398,0.9601014,0.03771217,0.1096219,-0.02212045,-0.2685965,-0.2827326,-0.5589331,0.03287565,0.03056413,0.5499135,-0.03647069
0.03214446,0.1995838,-0.1773856,0.1962896,-0.01948756,-0.2261371,0.1634911,0.3268098,-0.02213544,0.1855269,1.872817,0.8568679,0.2466951,0.0452091,0.1900041,-0.07847518,-0.123697,0.2279131,-0.09225159,0.02033739,0.0004943538,0.4206526,0.317463,0.002682847,0.1116613,-0.4643929,-0.1555341,-0.2451641,-0.5234506,-0.473388
0.1701151,-0.01259765,-0.002202571,0.01244932,0.06585451,-0.09942486,-0.2364772,-0.05103237,0.08680615,0.7454894,-0.5238093,0.4871238,0.1471533,-0.03178646,0.2080964,0.8434486,-0.06676048,0.1125694,0.7585974,0.3952645,0.1614768,0.184648,0.003597235,0.04752652,-3.793732E-05,0.001736136,-0.02514012,-0.06143254,-0.06820469,0.05742437
0.2497763,0.03792018,0.1108319,0.3177458,-0.001311115,0.03101045,-0.3976709,0.09404176,-0.1495097,-0.06174033,-0.189589,-0.3495952,-0.1275422,-0.2485902,0.001518002,2.484898,-0.1257004,-0.360577,0.04061138,0.6490446,0.6946876,0.001654112,-0.335294,-0.4521929,0.001150801,0.2972413,0.8583376,-0.002885579,-0.2335004,-0.2760117
-0.3048972,0.1870098,0.1448822,0.6367775,-0.3021491,-0.09915096,-0.599163,0.2328727,0.5471081,0.04579873,-1.026301,-0.3475509,0.3395689,0.06850223,0.0565117,-0.8013943,-0.07285196,0.05388639,-0.004559183,-0.2536258,0.2312381,-0.07162625,-0.03605731,-0.2126292,-0.04285691,-0.03211515,-0.2952988,-0.2924614,0.1574794,-0.07629136
-0.2422329,0.1963943,-0.01387152,0.02353325,-0.2170533,-0.4289172,-0.3484257,-0.3248608,0.005070392,0.05465097,-0.6809739,-0.204008,0.006691045,0.03932267,0.427708,0.006011474,0.02274639,0.2965306,0.4190167,-0.4612179,0.6464211,0.2252893,0.1609398,-0.008403945,0.02305282,-0.02402988,-0.02216968,0.1743329,0.1584848,-0.2999726
0.3408783,-0.0002542078,0.1949985,0.1755184,-0.2363152,-0.1263333,-0.6114386,0.001313907,-0.03801183,-0.06265364,-0.3006538,-0.2562512,-0.2238246,0.01449748,0.4685062,0.02690773,-0.4835089,0.2448585,-0.9956775,-0.238757,0.2412298,-0.157722,-0.1524979,0.1240038,-0.2776105,0.05114599,-0.3431591,-0.06641236,-0.05807787,-0.0330116
-0.3714616,0.6484066,-0.3123353,-0.247974,-0.5427877,-0.2342287,0.001664692,0.0006583994,0.3429984,-0.2493954,0.0004610636,0.2102681,0.9726744,-8.090503E-05,0.6404749,0.001117551,-0.08398575,-0.1288499,-0.230704,-0.4804924,-0.6945643,0.09392184,0.02876002,-0.004599988,0.02215601,-0.01743563,-0.002153547,0.6772966,0.4688537,0.1901093
0.2362382,0.06364319,0.1502019,0.08344454,-0.03169196,-0.3518361,-0.07477311,-0.01851914,-0.1370084,-1.345774,0.4444457,-0.02941358,-0.3317791,-0.9411677,0.1556558,-0.001082561,-0.2187091,0.3144736,0.3608049,-0.01174818,0.003012982,0.009345949,0.01167595,0.2573431,-0.1317428,0.2740158,0.03472509,0.001549032,0.419172,0.4198854
0.06625276,-0.1685966,-0.3810587,0.06843822,0.06510307,0.109331,0.01395827,-0.08464211,-0.5541482,0.211805,0.06107217,0.5996427,-0.2934805,0.03718251,0.2104252,0.05792671,-0.1815651,0.003586716,-0.5222129,-0.4685545,-0.1591865,0.3155119,-0.1486642,-0.01634923,0.4145568,0.05281174,0.0102594,-0.317774,-0.4692039,0.4648614
-0.2058211,0.8898485,-0.2126346,-0.01350546,-0.1258747,-1.313186,-0.03865563,0.03725829,0.418201,0.04810962,-0.263783,0.05688447,0.00193633,0.0001523336,-0.2135383,-0.1431611,0.02957481,-0.008055753,0.413344,0.07355168,0.1499556,-0.3567475,0.008108611,-0.2676114,0.04284972,0.006857592,-0.2160531,-0.4963874,-1.437585,0.1878168
0.3186826,-0.06370261,0.4058003,0.2395964,0.01761574,-0.09303151,0.03699537,0.2916214,-0.132241,-0.002484869,-0.4995005,0.001189757,-2.348297E-05,-0.1849753,0.3809192,0.3115801,0.003837562,0.025947,-0.3434733,0.1143838,0.02263194,-0.09184271,-0.08427023,-0.3006298,-0.1886579,0.02037238,0.2660831,-0.412826,-0.3481683,-0.4578254
-0.109335,0.03231272,0.3429759,-0.2516896,0.3294952,0.2859002,0.01759454,-0.3294137,-0.2734636,-0.4644334,-0.399718,-0.09669761,-0.0008070053,-0.01336888,-0.05625409,0.2419752,0.02576884,0.05925154,0.005220479,0.476316,0.004200303,0.03850288,-0.1014434,-0.5751558,-0.2513472,0.2809147,0.5212716,0.04227489,0.1435542,0.2807299
-0.2035591,-0.006928358,-0.0980664,0.06604683,0.302812,-0.4599671,0.8563093,-0.04393059,0.02388471,-0.0158692,0.4359441,0.09421162,-0.005635436,-0.01383073,-0.583995,0.9402084,0.2614704,-0.2564657,-0.01655813,-0.007201703,-0.1807917,-0.0004346865,0.06587525,-0.008922368,-1.573042,0.09614345,-0.5841221,-0.1274888,-0.4759736,0.0003255144
0.4331311,-0.02162336,0.1811201,-0.03778533,0.3448274,0.2362554,0.2940865,0.321155,0.7413482,0.414427,-0.06647947,-0.2612156,0.06222178,-0.1535047,-0.002197453,-0.29921,0.4687465,-0.4393225,-1.137345,6.251311E-05,-0.2316539,-0.103626,0.002728879,0.02607936,-0.03400628,-0.4474638,0.6192554,0.02064654,0.7192596,0.2351733
0.2275444,-0.009795932,-0.01138433,0.02139916,0.02133342,-0.2598274,-1.330252,0.01169209,0.7391728,0.1281949,0.009031259,0.0644265,0.1142181,0.02368215,-0.5167009,0.01901725,0.1101828,-0.3746634,0.1704593,0.1867896,-0.8682953,0.02680738,-0.2705103,-0.04637465,0.6074634,0.2564245,-0.04752281,-0.05976015,0.5190596,-0.7073882
-0.0214756,0.1349395,-0.08613893,-0.306477,0.04948285,-0.197888,-0.07657796,0.02393872,0.001689923,0.07728333,-0.2381776,0.5812114,-0.01277651,0.2254619,0.689673,0.00158418,-0.03387469,0.2701157,0.4715333,0.006288697,-0.002593268,-0.01176253,-0.03380385,-0.06514914,0.007226928,-0.007570317,0.03626446,0.1189992,0.3523149,0.2849273
0.01578862,0.3232392,0.07145661,-0.002492762,0.194718,0.001821642,-0.4706062,0.1653362,0.2180644,-0.425775,0.04469675,0.3515742,-0.9760392,0.4463059,-0.08477344,0.182861,-0.1363863,-0.3412621,0.2803642,-0.03301603,-0.3122442,0.05610384,0.08166707,0.3878487,-0.1039478,0.3381549,0.5796922,0.3963647,0.1334765,0.4422306
-0.04078406,-0.2461458,0.2283001,-0.08888514,-0.4662374,0.4983328,-0.0026418,0.00848863,0.1651442,-0.009664224,0.2094314,-0.3573707,-0.0007003254,0.1811586,0.5336107,0.04599035,0.1134451,0.09570219,-0.4949007,0.04129606,0.01085911,-0.01911579,0.02309515,-0.03707984,-0.7285665,-0.1131867,-0.2037329,-0.4963312,0.0410984,0.3295553
-0.4041635,0.170168,0.3895308,-0.08318374,2.986947E-05,-0.5608376,0.4923184,-0.03160875,0.0005429347,0.08799662,0.01187119,0.01952378,0.3568556,-0.06017495,-0.2347797,0.478742,0.04990311,0.04774299,-0.1933035,0.001862268,0.0973018,-0.09069738,-0.3424942,0.1305791,-1.19129,-2.323901,0.2299167,0.01732793,-0.3143803,0.1947286
-0.1285111,-0.4122907,-0.3909523,0.001805803,-9.997864E-05,0.3872578,0.437345,0.09048229,-0.5328555,-0.1477465,0.01017088,-0.4867281,0.05732304,0.09803206,-0.03046018,-0.03542284,-0.5480647,-0.3255246,-0.005547508,0.3370829,-0.780951,-0.1838142,0.323931,0.0797804,0.08637315,0.06006148,-0.08625704,0.1438942,-0.0003614724,-0.1827608
-0.2174052,-0.2987799,0.02208528,0.4025384,0.0073038,-0.5265596,0.6893527,0.005920754,-0.01928595,0.04480504,-0.1393425,-0.3693454,0.2850966,0.4884044,0.6933439,-0.1451685,0.1051969,0.4778328,0.1689457,0.07433552,-0.09961897,-0.02540326,0.1203558,0.3951743,-9.435415E-05,-0.3344669,-0.03528219,0.04082602,0.1038307,-0.1231139
-0.8858005,0.3228757,0.2821913,0.02393537,0.1722331,0.03880562,-0.1570654,-0.3348912,0.4504434,-0.003602673,0.3935096,-0.2761834,-0.2460203,0.3754007,-0.4295854,-0.6699275,-0.003589332,-0.6006287,-0.2808516,-0.000625273,0.002542764,-0.6131194,-0.2280539,-0.05091876,-0.03103249,0.06398484,-0.5862449,-0.07696348,0.1005979,-0.4797394
0.730722,0.2345571,0.001100195,0.1489159,0.2525693,0.3306671,0.9627289,0.5126122,0.3778317,0.3086661,0.3875648,0.872871,-0.0003298502,-0.3088955,-0.2533797,-0.3854498,-0.04390096,0.2445407,-0.466268,0.469918,-0.1568859,0.2077498,0.273895,0.008137889,-0.1171268,0.1446748,0.3643926,0.04380418,-0.01858065,0.001640497
0.6363408,0.4440869,0.008403825,-0.2577351,0.01225313,0.2215122,-0.04349167,0.07179671,-0.2354907,0.2760783,0.001528645,0.2810525,-7.000561E-05,-0.3871502,-0.2764875,0.0250956,0.01230956,0.0576184,0.004763857,0.02635622,-0.764993,-0.1797968,-0.2190343,1.680154,0.2544512,0.00720437,-0.07179397,0.002713253,-0.03745458,0.09007955
;
-0.2156568,0.03957432,0.438028,-0.5509215,0.02628902,0.003309502,-0.3906105,0.003122151,-0.506052,0.5529125,-0.01387844,0.02830283,-0.4885608,-0.09445232,0.2756253,-0.2102594,-0.06079569,0.01895517,-0.01882031,-0.01259908,0.03117939,0.0328723,0.112946,3.847872E-06,-0.0543979,-0.0121102,-0.03169505,0.3377662,0.3873333,0.2712896
-0.1247508,-0.02487074,0.423686,0.2010391,0.09274453,0.02919215,-0.3578683,-0.266846,0.01249832,-0.000899141,-0.1899634,0.01592704,0.3753941,0.02680784,-0.2276317,0.05499395,-0.02198835,-0.2175428,0.3457478,-0.3086793,-0.02849526,-0.1441612,-0.845421,0.0001397553,-0.07828389,-0.01715344,-0.0430395,-0.01424798,0.2096305,0.3108778
-0.02735228,0.2794729,-0.01904064,0.3966876,0.4896702,-0.0690487,-0.1377212,0.03717704,0.1434285,-0.4536112,0.07752663,-0.001387739,-0.4640504,0.3807471,0.01768225,0.09266965,-0.2118257,0.1406831,-0.1061308,-0.3317151,0.00276524,0.009498946,-0.4419116,-0.05718142,0.2034556,-0.2348913,0.1277911,0.3951831,0.1607726,0.3905046
;
0.04842799
-0.1377853
0.1328455
-0.009023191
-3.709047E-07
0.4531001
-0.2674642
1.000898
0.2996117
0.1021062
0.1393616
-0.008188381
-0.1497945
-0.0007705412
0.3785288
0.4342487
-0.1094411
-0.0660091
0.3126344
0.04148562
-0.3365798
-0.1496205
0.1294005
0.0003030973
-0.2777649
-0.7734042
0.1959449
0.1666521
0.3148814
0.1916489
;
-0.430922,-0.2302086,0.09146437,-0.1559969,0.499102,-0.01418072,-0.3068798,-0.3675611,0.0861496,-0.1065142,-0.2358893,0.1999628,-0.2505391,-0.04450682,-0.3690116,-0.4375138,0.004181174,-0.02319575,-0.1443656,0.08209997,-0.01096592,-0.4183892,0.1002716,-0.2115537,0.09544817,-0.1027886,0.2933556,0.05208725,-0.04575468,-0.2601919
0.1415167,-0.002369106,0.1664556,0.3233047,0.01684457,-0.04633576,0.3031343,-0.02193194,-0.1194191,-0.9258307,0.1486248,0.2410124,0.4010313,0.01771729,-0.3327471,0.482461,-0.03935546,-0.05716115,0.4900707,-0.3185933,-0.3274063,0.001671096,0.04383519,0.1882806,0.2628419,0.3696567,-0.08194494,0.01450629,-0.1713843,0.09373675
-0.008222526,0.3490351,0.4910568,-0.1276969,0.04447955,0.0009874994,0.9190528,0.1242489,-0.07842071,-0.06117326,-0.0004819437,-0.3030469,0.8286929,-0.1919313,-0.4264638,-0.5453308,0.4223228,0.06683242,-0.08832837,0.06159023,-0.3711174,0.3850549,-0.0867182,0.1485797,0.2909416,0.3957781,0.395485,-0.1821289,0.8549441,0.2148508
0.1813942,0.2462865,-0.3957117,0.3041728,-0.2780288,0.001165402,1.858669,2.579547,0.5554787,0.04388313,0.2855034,0.2280444,-0.01517767,0.1161005,0.1942992,-0.2100397,0.1614863,0.02330125,0.4345793,-0.2885993,-0.05633633,-0.01035374,0.009860731,0.3393003,0.161729,-0.2474734,0.2532301,-0.4801587,0.02866036,-0.0961215
-0.008548993,0.5611091,-0.5710003,0.0003705523,-0.7632891,0.001511344,-0.05077193,0.1330154,-0.3365926,-0.1212601,-0.3549696,0.07242538,-0.11766,-0.2739686,-0.1173182,-0.0004667054,-0.3168623,0.2966541,0.8986536,0.1102301,0.05185694,-0.3288384,-0.03370261,0.03711751,-0.3124601,0.02623438,-0.2686868,-0.2352247,-0.2776952,-0.02744275
-0.3012934,-0.03548127,-0.1002589,0.02968107,0.09805512,-0.4029073,0.6105468,0.03523917,-0.5446931,-0.3874371,0.4561375,0.8265617,-0.5725676,0.4814231,-0.4310108,0.1374884,0.3025901,-0.1646151,-0.1702094,-0.001818105,-0.4015849,-0.4819463,-0.01307591,-0.3317858,-0.2610207,-0.07896418,-0.07419366,-0.0292599,0.08855477,-0.004513893
-0.06088649,-0.1166366,1.040263,-0.04991633,0.4387394,-0.07303208,0.000512224,-0.01067902,0.3760684,-0.02248768,9.350666E-05,0.1458483,-0.09997779,-0.2033101,0.0001008407,0.1153369,-0.2904474,0.3353338,0.3301587,-0.09077355,-0.006716779,0.1166014,-0.09265263,0.2985195,-0.1476258,-0.3290977,-0.2544312,0.02058002,0.07228976,0.2555034
0.1177961,-0.7270678,0.5190622,-0.3944397,-0.9715381,0.6122177,0.8081558,0.005499222,0.4939155,0.1018991,0.143884,-0.1173101,-0.06575745,-0.01035374,0.1447104,0.3350208,0.00140178,-0.4380681,-0.4986835,0.07826435,0.05437798,-0.2076641,0.2208674,0.006258049,-0.06198546,0.09671572,0.01729061,-0.159256,-0.09059924,-0.2283634
0.5127305,-0.3197986,-0.06310728,0.2852863,-0.1712385,1.089428,-0.4500424,-0.5527816,0.8028913,0.001608188,0.483211,0.09372165,-0.01440941,0.05463213,0.2060387,0.8179463,0.3690861,0.07531827,-0.01389311,0.2474123,-0.1821026,0.2704443,-0.1330271,-0.3975524,0.4641875,0.11586,0.02083,0.2511668,-0.1553393,0.2460749
-0.02289444,-0.728296,0.2742146,0.07803406,0.1809755,-0.009889164,0.04309862,-0.4380387,0.448608,0.3909934,-0.501013,0.4033402,-0.05964893,-0.2050007,0.1419729,0.3642374,0.5708439,-0.8052942,-0.2679353,-0.06375615,-0.516127,-0.3124741,0.002094314,0.08989054,-0.3508888,0.1028987,-0.0463509,-0.4334883,0.477806,-0.1511799
0.3783489,0.001335431,-0.3131771,-0.1236124,0.003527813,0.00202666,0.007761856,0.5774878,1.027001,-0.05995554,0.4012581,0.3050164,-0.2732615,-0.2221279,0.5893698,-0.3470598,0.06335793,-0.2458127,0.07582451,-0.01304977,-0.2047509,0.02986736,0.008654597,-0.1846168,-0.1463187,-0.2619188,0.3633254,-0.1583541,-0.09576339,-0.2442011
-0.1053493,0.001494127,-0.4367752,-0.05939931,0.0596686,0.03323631,-0.01599398,-0.1965172,0.09307986,0.02949653,-0.1687994,-0.02847725,-0.1706356,-0.121747,0.1053043,0.1678767,0.1819529,0.01203388,0.4083607,0.3651152,-0.06860518,-0.4347728,0.1839706,-0.08493243,0.494235,-0.00641699,0.2465479,2.361943E-07,0.9879523,-0.0008202208
-0.2028317,-0.01339157,-0.4182305,-3.530377,-0.2527799,0.1726895,0.01586952,0.08102307,-0.1099197,-0.02175952,0.005743284,-0.4478149,-0.04428046,0.09443428,0.157157,-0.1532514,-0.003440373,0.02140778,-0.2836459,0.001473012,-0.0965604,0.04668098,-0.05965284,0.335564,0.2294288,-0.004978903,-0.1488641,-0.5336136,-0.2309178,-0.2493687
-0.2019831,-0.4821491,-0.03855008,-0.135697,-0.4587922,-0.003254913,-0.1696563,0.4606478,-0.3191985,0.465875,0.3677289,-0.08167899,0.01595944,0.4120824,9.297424E-05,0.003535954,-0.198374,-0.09551048,0.08676444,-0.4816813,0.1800725,-1.11024,-0.001812749,0.5034207,0.4775858,0.5933334,-0.3205018,0.05695548,0.1352493,0.1132781
0.500083,0.5113565,2.345676,-0.006913526,0.3031312,-0.04581193,-0.1635955,0.02782957,0.233584,0.1663387,-0.05716816,0.3189059,-0.03167859,0.08423599,0.6892768,0.4434446,-0.1700076,-1.019169,0.04669036,0.1882924,-7.327365E-06,-0.08569235,0.1996592,0.2489001,0.437646,0.3667257,-0.350337,-0.06768515,-0.05507249,0.02342123
-0.01825655,0.2449466,-0.4999628,8.944719E-05,-0.2044335,0.001351318,-0.07762039,0.08039372,0.01054825,-0.08742136,0.3893666,0.01869971,1.922485,-0.4315869,-0.002807603,0.00416345,-0.03567632,-0.01671618,-0.1789641,0.1865662,-0.2028228,-0.1927055,0.08378039,-0.04722577,-0.5255375,-0.6207519,0.01367313,0.1063372,-0.2349101,-0.06636158
0.6036525,0.1401997,0.02729074,-0.07329749,0.07517913,0.4209919,0.2621045,0.02495913,-0.1032645,-0.0685702,-0.07482153,0.1954212,0.0002844383,-0.3078976,0.03008175,-0.05648501,-0.05212623,-0.04664639,0.1011974,-0.005925844,-0.04178675,0.5938997,0.005052579,-0.7310073,8.467049E-05,0.7307824,-0.4548895,-0.5465192,0.2150782,0.04191166
-0.1539141,0.09951073,-0.449121,-0.210962,-0.1628768,-0.704274,0.07772273,0.1440111,-0.2059505,-0.2237263,-0.0790652,-0.1965305,1.026087,0.01811941,0.06970256,0.3166313,-0.00428969,-0.02183763,0.006695479,-0.02556468,-0.001193798,0.03626328,-0.4728612,0.5109671,0.1099442,0.1142785,0.3683056,-0.03435943,0.1618018,-0.01311166
0.2071638,0.4018099,0.3545395,0.4701279,0.009409328,-0.4798216,-0.1081534,0.07223803,-0.29048,-0.03815955,-1.35957,0.1077421,-0.3097438,-0.297752,-0.4502177,0.1279718,-0.01438874,0.33474,0.1823492,0.01533124,-0.4804646,0.5873032,-0.04062025,-0.08393428,0.04145042,0.1501674,0.0009587227,0.1695651,0.2472684,-0.4804623
-0.3097428,0.271434,0.2511222,0.004503016,-0.4813697,0.1251961,-1.989927E-05,0.4688017,0.1105017,-0.07990628,-0.0416044,-0.02253903,0.3863698,0.07508744,-0.6134703,-0.1868573,0.3278213,0.2732538,-0.4013081,-0.03072123,-0.04352349,-0.2148685,0.9686712,-0.007851405,-0.1221028,0.0001623076,-0.2629131,0.077604,-0.1852614,-0.1659545
-0.7883393,-0.1128364,0.3258137,-0.02602619,-0.05030562,0.04039651,-0.2633767,-0.1251117,-0.08950964,0.4169873,-0.1032023,0.4207186,-0.05486156,-0.02450585,-0.1636816,0.02009273,-0.129558,-0.03750673,0.3568305,-0.3702385,-0.2205536,-0.5483822,0.4719402,0.01849094,0.1254797,-0.2156313,-0.0002867983,-0.002421439,0.01252657,0.4221869
0.3757466,0.004606247,-0.07279295,0.6015682,0.2451515,-0.07541518,0.01076485,0.08350743,-0.8575072,0.4688101,-0.04358369,-0.0002459517,-0.01807398,-0.2035443,0.2362767,0.1506854,0.03757966,1.44599,0.3781621,0.1127765,-0.7562244,-0.01249025,0.4113725,0.005739514,-0.04125488,-0.001191675,-1.039273E-05,-0.04987627,0.007265806,-0.05000502
0.002592308,0.09775984,0.3334566,0.1021142,0.4038105,1.113642,-0.2468802,0.4023995,-0.3442464,-0.5078383,0.09812345,-0.06722208,2.297376,-0.3977536,-0.3597299,0.2116069,-0.1584279,0.02568995,0.4679251,0.1917623,-0.05117092,0.2334121,0.01188812,-0.4821095,-0.3444555,-0.07636417,-0.4584359,-0.05727603,-0.6765443,0.04701876
-0.1979577,0.4960891,0.09441473,0.4348151,0.1071618,0.365849,-0.7220901,-0.03109458,-0.02896489,-0.01452294,-0.01367741,-0.0378569,-0.002586251,0.5145696,0.05062745,0.09519048,0.3047501,-0.056896,-0.3470267,-0.06089346,-0.2496656,0.0177002,0.06518304,-0.2019078,0.2368082,0.1077873,-0.01134627,0.03777985,-0.4201066,0.3475875
-0.01828319,-0.1744261,-0.4777638,-0.1136352,0.1683931,0.4255309,0.2942394,-0.2323971,-0.1105221,7.718369E-05,-0.01299542,0.247793,0.06059127,0.6041213,0.2042565,0.3136812,0.1985849,0.01731932,0.8345432,0.3736705,-0.0306101,-0.473027,0.3897755,0.1109535,0.2869434,-0.08083378,-0.323595,-0.2225692,-0.1144125,-0.1133984
0.3693465,-0.09564561,-0.3650253,-0.3858793,0.1470537,0.1811472,-0.2649,-0.003081767,0.4900237,-0.08480781,-0.1145028,0.1074423,-0.01560331,11.82011,0.1200362,-0.3298154,0.3225111,-0.001697593,0.01651126,-0.04617367,0.4020907,-0.02680583,-0.14064,0.3139925,0.1981521,-0.151493,0.01722645,-0.8620016,0.3153669,0.003115823
5.488878,0.1075297,0.002246665,-0.1054087,-0.1039933,0.005353002,-0.08300199,0.1908717,0.128518,0.2262782,0.04597704,-0.2021157,0.005313768,-0.0426628,0.002766092,0.4924613,0.319319,0.1470044,0.03671514,0.01385695,-0.03229721,-0.3006531,0.1211864,-0.004599485,0.0005199526,0.1430848,0.006215816,-0.1242359,-0.01704923,0.1137068
-0.483569,0.001603363,0.4548546,0.0004908909,-0.1781309,0.4237944,0.1747862,0.2626137,-0.00126233,-0.09610483,0.4539681,-0.02818173,-0.09372407,-0.2399296,-0.02262198,0.008792068,-0.05326146,-0.3333887,-0.3191924,0.1007635,-0.002675922,0.3859435,-0.337575,-0.1274856,-0.03672904,0.1796375,0.3556992,-0.3473908,0.3581086,-0.01544589
-0.2141928,-0.2873688,-0.0585888,0.8268733,-0.08815712,-0.04712342,0.02247797,0.2787964,-0.02553582,0.1723571,-0.476095,-0.002961262,-0.1970067,0.3348976,-0.1694673,-0.4501382,0.1006904,-0.07866856,-0.3825325,0.5472751,-0.0623134,0.1567322,-0.1428799,-0.2815207,0.4421965,0.01095365,-0.002907164,0.1964497,-0.4018143,-0.2959282
0.188173,0.1249712,-0.001701508,-0.05342381,0.2987577,-0.4455228,-0.1329601,-0.002574345,0.1459243,0.09292717,0.4053755,-0.09424678,0.1871111,0.2206904,-0.005210742,0.4275237,-0.4421837,0.7115471,0.8620218,-0.01806596,-0.1678877,0.3705137,-0.1888043,0.1620809,0.01120821,0.4365195,0.1036184,-0.1963972,0.0904879,-0.2115718
;
-0.004316582,0.07955855,-0.2056399,0.005111136,-0.8555201,0.05410009,-0.08261234,-1.108855,0.5823723,0.3143527,0.0001376207,0.03455726,0.4666743,0.02104772,-0.07536989,0.2710743,0.1763245,-0.03157676,-0.02831795,-0.3985971,-0.005175157,0.1092119,0.4677454,-0.3566377,0.1912919,-0.1885963,-0.04148245,0.0968267,0.0300156,-0.05062149
-0.03586623,-0.0946424,-0.001910646,-0.007446345,-0.4419693,0.03578717,0.07692701,0.02185323,0.04816651,-0.1434202,0.1637436,0.5229954,0.2525976,-0.3954515,0.1432445,-0.004765195,0.3044751,0.2804621,-0.04829553,-0.2008687,0.01143628,-0.1313158,-0.01394306,0.2425442,-0.2943051,0.02899871,0.01567245,-0.1429777,0.2276499,-0.107795
0.0009482856,-0.2439994,0.2367492,-0.05523092,-0.1546103,-0.1998978,0.01015179,0.4715761,0.03453463,0.007211274,-0.1813727,-0.1146296,-0.01930944,0.04377521,0.6613032,0.1603949,0.1434687,-0.04379428,-0.270622,0.005193031,-0.2485473,0.1211612,0.1097434,0.1375941,-0.2185654,-0.2185673,-0.4736011,0.4934188,-0.3013526,0.3052154
;
