-0.01178402
-0.1289929
-0.4755713
-0.1728163
-0.2456521
-0.001759742
0.3203301
-0.02736869
-0.6805426
-0.6220922
;
0.7496421,0.07518727,-0.5743569,0.360617,-0.01461123,0.6204674,0.0617109,-0.1902211,-0.1542013,0.07255679
-0.1598547,0.00672301,0.509603,0.4197257,-0.2547822,0.1390178,0.006810801,-0.4732585,0.07381313,-0.5489212
-0.2097806,-0.2925853,0.4029392,0.001229697,0.4359366,-0.03656844,0.3179165,-0.468379,0.1786973,-0.1991573
-0.2463035,0.06066288,0.03052749,0.09050647,-0.3625473,0.02287346,-0.07359424,-0.1188544,-0.0001410051,-0.138862
0.2614871,0.02166232,-0.6939949,-0.1346886,0.252237,0.01434467,0.0001403387,-0.1713393,0.3034877,0.09587101
0.3140714,1.305102,-0.1275559,-0.1568374,-0.214833,0.4845912,-0.09215731,-0.3986064,0.0007375273,-0.2232819
-0.07499012,0.08466524,-0.2818248,0.4778081,0.0800252,0.4744596,0.2718819,-0.4405312,0.8474121,-0.6008991
-0.191157,0.1771978,-0.5361151,0.1168346,-0.2118551,0.05311531,0.04607526,-0.007425156,0.01557805,0.479572
0.1444439,0.2536621,-0.1805624,-0.06986767,0.02866975,-0.3598951,-0.01064492,-0.0843062,0.1464456,-0.2829205
0.2553248,-0.008815541,-0.00954634,-0.1018554,0.005617783,0.3010711,-0.07659383,0.04222388,-0.2787585,-0.207979
;
0.0015747,-0.1322697,0.05633968,0.0002195919,0.4517078,-0.1442501,-0.05072948,0.02944726,0.4798859,-0.1831056
-0.4674224,0.3167135,-0.01430348,-0.3653609,-0.1509499,0.9258704,0.08279651,-0.01181628,0.01336303,0.01533836
;
0.01606106
-0.2124416
0.06939773
-0.2233657
-0.06176663
0.2459475
-0.09560283
0.08132751
0.3431782
0.02782771
;
-0.4975465,-0.09122614,0.1492393,0.1519634,-0.3982497,-0.1287302,0.5190356,-0.6212994,0.4983802,-0.05843788
0.4119506,-0.4048787,-0.03209918,0.04703309,0.3556445,0.2016557,-0.1905361,0.1483269,-0.1011693,-0.01121121
-0.161656,0.2689204,-0.2181156,0.1307866,-0.5532427,-0.0788459,0.1182244,0.2054305,0.2343967,-0.178034
-0.0004748879,-0.06241995,-0.2293848,0.2214018,0.0009647016,-0.2519508,0.4324498,-0.05848362,-0.4449805,0.06446725
0.5790398,0.4821612,-0.03606212,1.098381,0.02587861,-0.1278034,-0.2993686,0.04536957,0.1767009,0.09861714
0.1747676,-0.3372962,-0.00425759,0.1314238,-0.1335153,0.4148923,9.731053E-05,0.01390466,0.1659418,0.5641452
-0.3251233,0.01483676,-0.0004584046,0.2812958,-0.01288432,-0.4220332,-0.1814067,-0.4801211,-0.4408342,0.002125189
0.07158325,0.3119242,-0.149931,0.03722044,-0.4480797,-0.08745411,-0.7016516,0.4007111,0.009101311,-0.2575258
0.07355589,0.1802739,0.7595034,-0.002633893,0.0007813607,0.2914829,0.004434148,-0.1711344,-0.08911388,-0.1426959
0.3099982,0.4148208,0.2708142,0.6565723,-1.733238E-05,-0.002424908,-0.001937,-0.1407226,-0.7905486,0.2633264
;
1.379535,-0.3279163,-0.3638913,0.003385423,-0.1088302,0.06056534,-1.117691,0.6449969,0.4106386,0.007107198
-0.4622207,0.5968326,0.4500227,0.08041745,0.00863996,-0.06368977,0.1666922,-0.3988955,-0.4825046,-0.4418931
-0.3852334,0.4810146,-0.5413201,0.04461044,-0.006532233,-0.05321962,-0.2954599,-0.1083378,0.3283783,0.00123436
;
