0.09492868
-0.05082683
-0.3702317
0.2710239
0.0005453064
0.003744291
-0.9741901
0.4602084
-0.5072166
-0.3942101
;
0.348315,-0.13221,0.04806147,0.4574392,-0.2897815,0.03661149,-0.04278897,-0.04168481,-0.1190524,-0.3863465
0.7434881,-0.004079219,0.7117726,-0.02268749,-0.7592686,-0.03564638,-0.2993432,-0.4247181,-0.2483247,-0.362906
-0.1913427,0.06696421,-0.3052208,0.1147949,0.05935539,-0.01474287,0.03205699,-0.4776112,0.2876081,0.1096902
-0.01307172,-0.6822766,-0.4507265,-0.02250439,0.6753054,0.02881177,-4.824977E-06,-0.01724548,0.001191928,0.07552739
-0.6222382,0.6862583,-1.558548,-0.3109354,0.1446181,0.1664299,-0.2625939,-0.3440689,-0.3134751,0.006949707
-0.4647636,0.4731559,0.2144605,0.03875747,-0.4262282,0.074093,0.8455687,-0.3129232,-0.416086,-0.03057195
-0.03545472,-0.9137076,-0.009692817,4.813802,0.3152187,-0.04505378,-0.5245151,-0.3714554,-0.3370827,-0.5988355
0.01165229,0.4519219,0.04743239,0.001494558,-0.2328951,0.03762452,-0.005012838,0.0184202,-0.002708673,0.06266516
0.237117,-0.3832645,-4.759107E-05,0.08142664,0.1614796,0.05050987,-0.5087945,-0.01229566,-0.4295453,-0.008107184
0.001445215,0.2026289,-0.02175708,0.1540359,0.8105426,0.2785728,-0.2363376,0.1383541,-0.09801693,-0.2334682
;
-0.07342257,0.04883798,0.002087226,0.1089664,-0.005559698,-0.2174204,0.3785754,0.003450635,0.1747217,-0.008718519
2.482165E-08,0.08310801,0.3611263,0.05731374,0.4873124,0.04384195,-0.01231359,0.04079677,0.1195782,-0.0002676417
;
-0.004746642
0.4592437
-0.2451077
-0.1285667
-0.2535856
0.009522578
-0.0157137
0.1788686
-0.234556
0.1167634
;
0.03464931,0.09482653,-0.008040602,1.165905,-0.04903055,-0.1068809,-0.4751654,-0.0007834142,-0.04777585,0.01648742
0.1169194,0.4592792,-0.002628677,0.286606,-0.3877707,-0.2909018,0.3703802,-0.1983709,0.1228088,-0.4201751
0.2219684,-0.3374349,-0.003870874,-0.001657161,-0.1604937,-0.2799083,0.2716746,-0.03721132,0.0674904,0.21194
0.05738765,-0.2136,-0.5352098,-0.07062993,-0.1761895,0.0297758,-0.3380886,-0.0004583736,0.1178452,-0.003035549
0.1761383,1.367825,0.5999941,0.4537951,0.09315009,0.1258814,-0.2243183,-0.0269174,-0.2047712,0.1524522
0.3750561,-0.2467295,-0.001116863,-0.215911,-0.3714792,-0.1410751,0.006212494,-0.01024174,-0.07276219,-0.4024047
-0.1008007,-0.108938,-0.0002503623,0.0004947597,1.247857,-0.487425,-0.1740007,0.1851185,0.2291115,0.4001608
0.3405702,-0.1067301,0.03446406,-0.01096708,-0.1123235,-0.2719292,0.3990146,0.03958768,0.2789211,-0.0004841277
-0.1617317,-0.3799615,-0.2080591,0.01285191,-0.2526547,0.07893164,-0.2869814,-0.02331454,1.230253,0.1258246
-1.066212,-0.0877889,-0.05887392,0.02561704,0.2410178,0.03875297,0.3894981,-0.1968357,-0.2546233,-0.2973861
;
0.458043,0.02223556,0.4165972,0.06175175,0.02848932,-0.1726372,-0.4600594,-0.007183027,-0.01711606,-0.4788285
-0.6104859,0.3421043,0.3901636,0.3010755,-0.1382453,-0.4226691,-0.1557615,0.2463497,-0.2567886,0.4373751
-0.3787723,0.02704405,-0.05078208,0.02715,0.6425257,0.1017824,0.1390253,0.2667581,0.1022626,-0.1951005
;
0.07617062
0.06682985
-0.3134957
0.0009527701
1.275989E-07
0.1844123
-0.1199579
-0.2656268
0.02952576
-0.5001617
-0.9067796
-0.006226921
0.2746931
0.0001417634
0.001261005
-0.00374154
-0.008214102
-0.1965386
0.1099073
-0.001252557
1.13161
0.04553999
0.2194047
-0.01471645
0.07054114
-0.03638164
0.5631481
-0.1666521
-0.3313899
-0.4359727
;
-0.2485951,-0.4044285,0.5758523,-0.1578794,0.1254269,0.2082629,0.001649473,-0.0673588,-0.4961653,0.6349524,-0.00962481,-0.2079279,-0.02197139,0.1724694,0.1743268,0.1666968,0.1060394,-0.04533146,-0.09127134,0.5516236,0.01073518,-0.06444257,0.1170307,0.1780585,0.01080384,-0.01435653,-0.09129979,0.004785877,-0.3828589,-0.3170558
0.1401296,-0.08424208,0.09423339,-0.08467386,0.001530198,-0.1460589,0.1622006,-0.04326638,0.2259697,0.4567198,0.03398271,-0.1752152,0.0577123,0.1315888,-0.01749358,-0.03579367,-0.3989345,-0.2435593,-0.3092701,0.04858251,-0.2804229,0.04352401,0.01366654,0.1015561,0.0287476,0.1054675,0.269492,0.06064177,0.2383718,0.06755508
0.4822462,-0.009636852,-0.3586441,0.3252748,-0.01459164,-1.674275,-0.03939408,0.07293154,-0.02154858,0.07217687,-0.2097857,0.1327386,0.2157039,0.1173951,0.2575984,0.1673426,0.03233358,-0.4025025,-0.8412223,0.3131219,-0.008085773,-0.1142762,0.0887507,0.04052427,-0.08711201,0.300281,-0.1334055,0.258338,-0.007076221,-0.6141001
-0.132763,0.05759983,0.3957117,0.000101187,0.05799508,-0.6051235,0.3544282,-0.4641732,-0.08382399,0.4665632,-0.05231307,-0.02752944,-0.04098958,-0.01475717,-0.1694901,-0.4002676,0.1595095,0.01111704,-0.8823711,-0.3837553,0.04212185,0.05776948,-0.05681824,-0.1096185,-0.0380882,0.004693907,-0.3223007,0.3496468,0.278842,0.515375
0.008548993,0.3252631,0.3955215,0.0004262913,-0.4406472,0.0004894054,-0.2962259,-0.04200859,0.1071632,0.3200156,0.9628557,0.2114102,-1.264836,0.2966949,-0.3410863,0.001496706,-0.05538444,-0.1260414,-0.3204432,0.09183828,-0.419675,0.2331304,-0.1770249,-0.03711751,0.3146313,-0.2718372,-0.2779422,0.2688369,0.1186418,-0.002621515
-1.767054,0.1033468,-0.3249315,0.1679909,-0.4409355,0.09925158,-0.2136964,0.02108654,-0.08615643,0.2328935,0.2214494,-1.510728,0.05885345,-0.1854524,-0.7188675,0.008132172,-0.300491,-0.1797376,-0.08750507,-0.2321848,-0.4785012,0.05369288,0.06358379,0.2281582,0.3083141,-0.1060764,0.103932,0.01873025,0.1745357,-0.2758933
0.01865387,-0.08905283,-0.06467809,0.007315082,0.1386718,-0.7031066,0.1988658,-0.001897366,0.4221957,-0.9623204,-0.4669645,0.4350015,0.1493595,0.1714821,-0.04058467,0.2367612,0.09922583,0.4239211,-0.7322456,-0.4283351,0.4641643,0.1166014,0.3218069,-0.2209436,0.215618,0.02356409,-0.2063258,0.08898526,-0.03996819,-0.004244911
-0.3920393,-0.07372431,0.4808434,-0.02856199,-0.4252586,0.1142346,0.2349681,-0.4351735,0.006662345,-0.1366945,-0.2188302,0.0609908,-0.1850881,-0.01234092,-0.03265236,0.626418,0.6487959,0.05351052,-0.01162812,0.04844727,-0.06086594,-0.2231558,0.3113889,-0.001090211,-0.03558476,-0.04153714,0.4142452,-0.08751971,0.2409403,-0.1894135
0.08570868,0.2535627,-0.2459447,-1.014545,-0.1078333,0.06158254,0.07436256,-0.2536249,0.09464842,-0.003947464,-0.1597657,0.04738589,-0.2937982,0.06141946,0.6192023,0.1725604,0.6974875,-0.03244,0.01291355,0.4421887,-0.09953021,-0.2222687,0.3250325,-0.04264188,0.5054373,0.04978266,0.2427711,-0.3262123,0.01829934,-0.4693603
-0.3584627,0.02018546,-0.3563248,0.02546805,-0.002650897,0.1916455,0.00307333,0.09646446,-1.345058E-05,-0.3323429,0.3413165,-0.2106398,0.002655626,-0.06955153,-0.6298733,0.03121116,-0.4658674,-0.02931407,0.3211421,0.09813794,0.2299942,0.2675264,0.001960428,0.1339242,-0.01835376,-0.07819056,-0.4845223,-0.00273188,-0.008904563,0.2138191
0.02171041,-0.07932148,0.5973156,0.3161484,-0.02167298,-0.0243668,0.0003869848,0.496801,0.02884275,-1.038848,0.6407778,0.03195447,0.4271384,0.004363624,0.001864619,-0.4217874,-0.1155969,0.01071456,0.1993402,-0.02131945,-0.1316086,0.08056561,-0.1353796,0.02949064,-0.03017691,-0.2882382,-0.3318794,-0.0003108577,0.5361055,-0.007471513
0.04350411,0.0005814686,-0.08280164,0.1943536,0.2515154,-0.04235912,0.006411548,-0.1063337,0.2050347,0.02747819,0.120577,0.04126753,-0.001357948,0.444654,-0.1020921,0.2899168,0.2461637,0.4346124,0.197863,-0.2118217,-0.05848998,0.231118,0.2269958,-0.3755234,0.2759866,0.003594252,-0.3559057,0.006928647,-0.03888673,0.3045167
-0.1841658,0.003919757,0.4704483,-0.05026777,-0.2251933,1.351745,0.1004471,-0.1387056,0.387906,0.001446723,-0.1227071,-0.3368529,-0.2411107,0.08561196,0.1748309,0.04892686,-0.8137652,0.4322714,-0.3817881,-0.002235966,-0.2376267,0.05931361,0.4358951,0.4103703,-0.1468599,-0.0003998784,0.3918044,-0.2546053,-0.2047532,-0.2217773
0.0456174,-0.01560309,-0.01959286,-0.1130313,-0.1295967,0.001258054,0.1247859,0.5721382,-0.0004524012,0.9140253,-0.0006819594,-0.2207999,0.004305184,0.2065735,-0.0001852843,-0.330263,0.06814498,-0.4023547,0.004787958,0.8240222,0.4786745,1.458801,0.8403434,0.01431113,-0.00435143,-0.1015598,-0.05080541,-0.3729149,-0.01240883,-0.05347368
-0.2117683,0.8231885,0.009100878,0.4375793,-0.260964,0.2045867,-0.2907784,-0.4531686,-0.1885814,-0.03688835,-0.2012699,-0.3211517,0.0774606,0.02872204,0.3856973,-0.06063053,-0.002953159,-0.2928095,0.0316121,0.1890222,-0.07238704,-0.100851,0.02036768,-0.07945988,0.4678564,-0.1587816,0.1694191,0.5529687,-0.2833484,-0.01339412
0.009243169,0.1803697,-0.01546939,-0.08189531,0.1484608,0.2504545,0.0383784,0.3031648,-0.6424191,0.1320014,-0.01340158,0.4501535,0.3578327,-0.1076929,0.3080178,0.002752258,-0.4842391,-0.1395846,0.0730088,-0.08702428,-0.003646562,-0.3668504,-0.4502437,-0.08424169,-0.7173847,0.1962293,-0.4040907,-0.2637479,0.03781902,0.04605731
0.6980847,-0.1581962,-0.02867285,0.3514388,0.1547662,0.2469081,0.08445118,0.02630155,-0.01435133,-0.3966246,0.4457077,0.2854795,0.2009405,0.3293692,-0.3438352,-0.01138513,-0.01758472,0.07940666,-0.3697299,0.4741033,1.589684,0.6091063,0.01716461,0.03879509,-0.2222973,1.167244,-1.905401,0.06696421,0.2524091,0.09371501
0.02499798,0.2109381,0.3218137,-0.2794497,0.3975245,0.6940985,-0.003519716,-0.1253961,0.01645561,0.385891,-0.03651483,-0.006239629,0.421195,-0.001780436,0.2162541,-0.005571058,-0.4312175,0.05125099,-0.3904588,-0.005869695,0.4971878,0.4544987,-0.610339,0.1031769,-0.0683679,-1.020934,0.5452133,0.05886255,-0.380778,0.4570056
0.2270607,-0.2236115,-0.5605519,0.100675,0.05102478,-0.02262884,-0.01765231,-0.1165158,0.7483378,-0.2297518,0.12609,-0.1233346,0.0377836,-0.07164794,-0.0009426692,-0.1445951,-0.3487617,0.5553497,0.723905,-0.3896724,0.4195472,0.3015385,0.01234152,-0.0661261,0.03873122,0.3641374,0.3368073,-0.4792153,-0.3160939,0.05323603
0.332867,-0.6729463,0.374699,0.2820543,-0.0009809347,0.3692665,-9.654232E-05,0.110569,0.2195582,-0.1083422,-0.01082995,-0.1183613,-0.4883403,0.04984597,0.4940425,0.3740879,0.08003347,-0.4190803,-0.001347403,0.02549732,-0.2706589,-0.1140326,-0.3320003,-0.09840626,-0.2705667,0.1512917,0.2100574,-0.4145575,-0.4922794,0.1257955
1.047877,-0.482484,-0.2422616,0.06724589,0.3097771,0.07151078,0.1323431,-0.4901961,0.5541494,-0.4412113,0.2904673,-0.03864986,0.09287447,0.2744223,-0.4936504,0.04657944,0.2300765,0.06360191,0.03271963,-0.3688273,0.01476177,-0.05106413,-0.2652186,-0.1562049,-0.03356797,0.07826382,-0.1900474,0.497093,-0.004176562,-0.07468802
0.2446586,-0.01179113,-0.001636583,0.1199077,-0.3672816,0.4903946,0.0511039,-0.3735074,-0.03256148,-0.3646243,-0.1618119,-0.0009747659,0.00420342,0.3068393,-0.2907777,-0.3925231,0.3032897,0.04658693,-0.02346605,0.1127765,-0.3365428,0.01249025,-0.2978592,-0.471177,-0.001853102,-1.316862,0.1500814,0.07243509,-0.4825263,0.8646246
-0.05903737,-0.6201203,0.6110859,0.3936386,0.03543144,0.5213854,-0.3111396,0.5876625,0.1591609,0.02627782,0.3914274,0.2683476,-0.4772288,-0.312027,-0.09447489,-0.4642798,0.3469083,-0.1137013,-0.01753979,-0.1957024,-0.3406649,0.1459951,-0.001096289,0.10563,-0.2167262,0.3339049,-0.1369928,-0.5252028,-0.08845132,-0.2185547
-0.2355862,0.003782865,-0.3369277,-0.428882,0.08321244,-0.4309635,0.1813085,-0.04896982,-0.1226048,-0.6403189,-0.01545973,0.1843357,0.01061285,-0.9510292,0.4146743,0.2876267,0.5628991,-0.02051397,0.3830065,-0.5456222,-0.04985775,-0.006512451,-0.06046307,0.01985858,-0.03969777,0.06159876,0.4739428,-0.002074706,-0.3222046,-0.6143841
0.03635496,0.3359685,0.1824597,-0.07541889,0.3066652,0.2242365,-0.05835614,0.4951631,0.05857068,-0.478737,-0.01299542,-0.446329,-0.4087687,-0.4400781,0.4690379,-0.03115555,0.6123549,0.01128549,-0.4272159,-0.06145378,-0.0093796,0.01089925,0.4654626,-0.2228588,0.8178418,-0.05604523,0.2974317,-0.02251887,-0.07290424,-0.002036661
2.107229E-05,-0.4318656,0.6397078,-0.2694377,0.3713275,0.03652325,-0.1687758,0.072338,-0.2237928,0.3222246,-0.4401337,0.2105291,0.0004228606,2.792454,0.09914514,0.2365479,0.4070465,-0.02742118,-0.4373782,0.09080881,-0.0419324,-0.21223,-0.4885354,-0.07647091,-0.003363,0.1736203,-0.1666148,-0.02349456,-0.6119844,-0.2573152
-0.3618162,-0.3712647,0.1890555,0.008436278,0.02407187,0.09029692,-0.06931348,0.05631644,-0.408222,0.3992995,-0.04597704,-0.2496212,-0.3501863,-0.07946616,0.2416545,0.0005540234,0.004042949,-0.3253115,0.24688,0.0302108,0.01170798,0.3440193,-0.09402531,0.05283514,0.1584011,-0.1962575,0.535243,0.496926,0.06584781,0.3862784
-0.114016,-0.4096495,0.02689957,0.3291621,0.4966028,-0.2533542,-0.0588613,-0.4432704,0.2951726,-0.09610483,-0.07311308,0.06919175,-0.05759558,0.02292744,2.718172E-06,0.5082607,-0.3942039,0.1695187,-0.005754249,0.3205191,-0.1261426,0.5569539,-0.2395871,0.02195235,0.2895193,-0.2726361,-0.3556992,-0.181138,0.02027761,-0.1793695
0.01450837,-0.355479,0.1846896,-0.0002598554,-0.2934597,-0.1558721,0.04326189,0.6116626,0.3121614,-0.4872838,-5.571177E-05,0.1270346,-0.1883567,0.2460631,-0.4170609,-0.6851168,0.3005317,-0.6131021,-0.1597141,0.01050662,-0.04009082,-0.4423431,-0.006953058,-0.4207076,-0.007446072,-0.01095365,0.3881153,-0.1121869,0.3440809,-0.2568032
0.3137307,-0.6193595,-0.2946876,0.1804441,0.05670696,-0.2281711,0.1099704,-0.1108362,-0.03179555,0.4857407,-0.01017958,0.4640279,-0.4096558,-0.4617643,0.006691129,-0.08039795,0.1047451,0.06095022,0.1504277,-0.08640026,0.3336645,-0.1415782,0.0007504402,-0.1954666,0.2558981,0.06316715,0.2905505,-0.0122708,-0.07552856,-0.06584928
;
0.4138278,0.3203415,0.4876109,0.04209839,0.1951703,0.2672931,-0.2608672,0.3941523,-0.1490032,0.1129402,0.1590458,0.3223754,-0.2445431,0.02935079,-0.1503698,-0.4574676,-0.1295243,-0.435908,0.214412,0.06280138,-0.4626037,0.1167263,-0.001806086,0.06065705,-0.2908478,0.5804677,-0.07353952,-0.01886932,-0.0300156,0.2281121
-0.413384,-0.06553949,0.2504582,0.05378824,0.07984173,-0.00248455,-0.156453,-0.2406403,-0.1809083,0.4956723,0.2795804,0.06416704,0.4566737,0.3632276,-0.09313601,0.04933721,0.06898415,-0.162157,-0.05319694,0.04824859,-0.05228027,0.003610302,0.1801715,-0.0596233,-0.5512775,0.04023639,-0.1149742,0.174581,-0.1892741,0.1779299
0.02579134,0.1035554,0.1696408,0.6590934,-0.2448532,0.1709053,0.1536287,0.04595071,0.4302382,0.06893128,0.4888411,0.5303994,-0.5658773,-0.009636048,0.3337953,-0.07497574,0.5074367,0.6965758,-0.1729811,0.1888829,0.3634559,-0.2424303,-0.07087952,0.1903073,0.07880069,0.07388455,0.22764,-0.05164511,0.8944498,0.1704653
;
