-0.03278859
-0.5482842
0.2016443
0.430616
0.4607101
-0.227197
-0.1198955
0.2639849
0.04876477
-0.5651718
;
-0.7256778,-0.490896,-0.07338501,0.8098556,-0.2362604,-0.05328077,0.05372141,-0.745944,0.09877175,0.3271936
0.003617164,-0.5404585,-0.02823069,0.321643,-0.03349949,-0.1044804,0.04179325,0.08721747,-0.1388736,0.02210096
0.04380881,-0.01312645,0.2199026,0.04216057,-0.3216389,0.002221608,-0.2632221,0.1208199,-0.2611745,-0.02166253
-0.3969959,-0.001562851,0.2610584,-0.04737133,0.0006434841,0.01584879,-0.02331194,-2.823691E-06,0.4568591,-0.2965057
0.1092174,0.001897654,0.2368183,-0.2523029,0.8355025,-0.04090009,0.01555318,0.00537788,0.143575,-0.3632929
-0.1663044,0.4883549,0.1308502,-0.4035838,-0.002083245,0.3090992,0.06074029,-0.04035643,0.193943,0.04632729
0.2937264,0.2595189,-0.3808499,0.2541145,-0.02742353,-0.4652839,-0.01205215,0.02267486,-0.6364549,0.3724239
-0.2566147,-0.356239,0.4059546,-0.07660513,0.01335977,0.5215108,0.6082417,0.3589504,0.6302221,-0.2234729
6.119026E-06,-0.1250069,-0.0001592325,-0.01908473,-0.1203036,-0.03416584,-0.0005227625,0.0128397,-0.05001003,0.375793
-0.001181912,-0.008815541,-0.2667521,-0.3934312,0.4147273,-0.1283523,-0.09816756,0.0006133914,-0.07812429,0.1995804
;
-0.2528057,0.07587592,-0.4000032,-0.2309921,0.5149366,-0.3828152,-0.00700078,-0.2140795,-0.2039947,-0.3208357
1.563286,-0.0132778,-0.05129482,0.07434094,0.2361737,-0.1474013,0.5082765,-0.4134375,0.001813004,-0.007680766
;
0.402311
0.4707709
0.5288876
-0.05249689
0.02292545
0.08492009
-0.3196653
0.135208
-0.001807616
-0.01930073
;
0.2314253,-0.531325,-0.2566032,0.03061344,-0.1817528,0.2841778,-0.3707466,-0.3232684,-0.09202844,0.09086465
-0.1950582,0.8883096,-0.05927805,0.03072802,-0.3670313,-0.1135702,0.2805747,0.4773012,-0.0004431918,-0.01121121
0.04989201,0.2689204,-0.002980333,0.1192524,0.2064569,0.01705195,0.3500087,0.2555625,-0.1063706,-0.08614534
0.4420591,-0.1172927,0.1840728,-0.04837105,-0.002787532,-0.05199236,0.0819995,0.5229308,0.15132,-0.136354
1.189721,0.3079946,0.1022069,-0.2772951,0.06322617,0.003757308,-0.1685554,-0.2729745,-0.004563637,-0.01809295
-0.4573851,0.1082961,0.4831101,-0.08881135,-0.02670695,-0.2029825,-0.03140241,0.006582844,-0.1148633,0.3669903
0.04614013,0.04939085,0.01861161,-0.1619934,-0.5860794,0.3401263,0.6945627,-0.3561856,-0.426447,0.1270499
0.04336814,0.3119242,0.002817518,-0.4349782,-0.4493945,-0.2264907,0.1274999,-0.09391528,0.02729398,0.3015721
0.005873369,0.9710169,0.0362347,0.1230103,-0.09320289,0.256897,0.02854605,0.8168468,0.0636017,0.2666445
0.1870769,0.4148208,0.3100203,0.505466,-0.001207173,-0.0006465524,0.005633,0.4302616,0.4415722,0.004993028
;
-0.06128889,-0.05255268,-1.45415,0.003141885,-0.2469654,-0.1504717,-0.006643962,-0.00435186,-0.1747401,-0.1187292
0.4471749,-0.01807619,-0.3522553,0.2980779,-0.006725808,-0.06598169,-0.01508051,0.08023924,-0.2321291,0.07461445
-0.1100587,0.1082425,0.001442647,-0.07380074,-0.2050897,-0.4552236,0.0703997,0.1019385,0.01089626,-0.1496439
;
