0.4087485
0.1534335
-0.2126953
-0.4158506
-0.0155955
2.996514E-05
0.1364746
0.1601136
0.1420615
-0.030313
;
-0.05317226,0.03566551,0.08382735,-0.01034505,-0.3991525,0.2605141,-0.1857443,0.3000597,-0.3544481,-0.09948856
0.4826581,0.2703899,-0.4752845,0.3833036,-0.1908543,-0.1007672,0.1256388,0.4436301,-0.4236207,-0.4922986
-0.03299008,0.03649022,0.188372,0.1618465,-0.03401521,0.2338623,-0.1849769,-0.03087649,0.3860468,-0.4243907
-0.7124164,-0.09216082,0.165071,0.08101541,-0.4887079,0.328207,-0.6684169,0.09540325,-4.859498E-05,0.2316508
-0.06303579,0.009268582,0.04449345,-0.1997647,-0.03447573,-0.1247291,-0.1212838,-0.5203034,-0.3092357,-0.3364712
-0.002021504,0.1999588,-0.002625167,-0.2335236,0.1339708,0.4421697,0.2447543,0.03374235,0.01566794,0.3799401
-0.4579121,0.2101924,-0.000281561,0.005319324,0.06826109,0.2935246,0.344831,0.2393001,0.07947594,0.3582327
0.1880394,0.07411858,0.1090418,0.07830542,0.5857316,0.07158965,-0.6707016,0.2660539,-0.3731008,-0.1504499
-0.03348884,0.01513344,-0.167983,0.2203239,0.005671671,0.873755,0.1387677,0.08527774,-0.2727108,0.1122487
-0.1321576,0.04351198,0.191395,-0.4279232,0.03213271,0.01706492,0.08540834,0.1377597,-0.161614,-0.0185752
;
0.07100573,0.1458187,0.03359765,-0.1212388,-0.02162952,0.2738272,-0.03990215,-0.1389064,0.1829025,-0.001893222
-1.456939E-08,-0.5248642,-0.06052452,-0.3453079,-0.0417669,-0.41145,-0.01958235,0.04079677,0.3585751,0.0001273795
;
-0.05314574
0.3027531
0.0918076
-0.09882513
0.1787413
0.3856292
-0.3904949
-0.1666616
0.00112612
0.04489962
;
-0.4340962,-0.2311923,-0.004452463,-0.3143206,-0.2214348,-0.008249648,0.03695017,-1.130888,0.09080248,0.3888745
-0.4197215,-0.2906931,0.1934384,0.0548825,-0.0855057,0.00072043,0.1490403,-0.4610327,-0.4807252,0.01140171
-0.05973174,0.1542893,-0.3312198,0.4704896,-0.5028962,0.1479115,0.1744971,-0.09316016,-0.044578,0.1092967
-0.1041272,-0.1225469,-0.1421579,-0.3751949,-0.001827143,0.02175348,-0.05074595,-0.1199604,0.03255111,0.003694747
-0.1686793,-0.01700745,-0.02284646,0.6178824,-0.1856346,-0.165215,-0.01354806,0.01393228,-0.01274026,0.2546753
0.8714802,-0.7925784,0.002500745,-0.04489976,-0.3415422,-0.1184179,-4.644016E-05,0.0127438,-0.2221397,0.03062015
-0.1097776,0.1056706,-0.04359865,-0.0001706016,0.3903494,-0.1081172,0.161004,-0.009643018,-0.03603045,-0.1337267
0.4630009,0.03053099,-0.0003305728,0.001575946,-0.1470367,0.2058244,-0.02069268,-0.4559894,-0.4560116,-0.2645998
0.116482,0.1085094,0.2253257,-0.03033731,0.1317115,-1.098339E-05,-0.04062504,-0.07408603,-1.514175,0.4497098
0.08848721,-0.3971215,0.2984239,0.04731802,-0.03955867,0.1429427,0.2316398,-0.2388436,-0.1194085,-0.4591187
;
-1.191356,-0.3810512,-0.4767402,0.3077862,0.8738831,-0.6142468,-0.02876503,-0.002516203,-0.2047462,-0.4465141
0.2891816,0.01705048,0.1384921,-0.1546852,0.254001,-0.03968495,0.1192005,-0.348718,-0.06181166,0.0217537
0.02085899,0.2820097,-0.4828519,-0.003163746,-0.1731662,0.9033563,0.07731992,0.2079403,0.04460799,0.01438816
;
0.02152954
0.00562809
-0.4684721
-0.2124511
0.2482036
-0.01812609
-0.2084046
0.3647845
0.0152092
0.1656436
-0.4444906
0.3311276
0.04973597
0.2425253
-0.08755974
-0.0006124639
-0.4559001
0.01789408
0.01641339
0.0252309
-0.2348551
-0.0148315
-0.04768462
0.003605185
-0.274583
0.2254061
0.01614325
-0.7005872
0.04079738
-0.4880817
;
-0.3076195,0.006362298,0.4934134,-0.407766,0.5600194,-0.8532118,-0.4699254,0.4532923,0.08665636,0.08921669,0.4518587,0.07847654,-0.09642465,0.7130809,-0.473103,0.09616187,0.04228572,0.2035497,-0.139972,0.08717629,-0.1067357,-0.8572593,-0.4887075,-0.04256481,-0.01012134,0.4919976,0.1939518,-0.4961346,-0.2581189,0.002376466
0.2776885,0.0973323,-0.09779876,-0.2034557,-0.7870781,-0.2752998,-0.0667918,-0.0007238286,0.1898642,0.09213126,0.5540295,0.03461727,0.1841065,0.8015664,0.005830904,0.4272362,-0.07110757,-0.2675761,-0.01604173,0.478023,0.398175,-0.4397213,1.84998,-0.3526859,0.588963,-0.4156353,0.1495991,-0.07049567,-0.3782987,0.05064481
-0.1029186,-0.4421143,0.462335,-0.2776305,0.2321447,0.9036955,-0.2693669,0.3900375,-0.281597,0.05910975,-0.07422163,-0.4340808,0.2240249,0.7156314,0.5488535,0.006414899,0.4705456,0.2098232,0.2846465,-0.403571,0.06808468,0.009503586,0.1792937,-0.003328023,-0.6108121,-0.1723924,0.125845,0.6317312,-0.01267668,0.08757514
-0.08759175,0.1608037,-0.03363595,-0.01981992,-0.01678053,0.03946024,-0.1608305,0.9613503,-0.5428898,0.5945463,-0.3825829,0.4485284,0.5269319,-0.001105162,0.1590118,-0.3961152,0.00518769,0.2435251,0.6962629,-0.01042409,-0.7230421,0.02728724,0.3605931,0.4672024,0.4420732,0.07408135,-0.378323,-0.8509644,0.4358925,-0.4787884
-0.6914129,-0.02090269,0.2599758,-0.2931217,0.09665267,-0.3969685,-0.2962259,-0.006986973,-0.1813353,-0.1146149,0.04596156,0.1643632,0.1507734,0.0004515453,-0.2373341,0.2550386,0.001156959,-0.02129161,0.4247637,1.194227,0.07822317,0.5300936,0.4453766,0.04428964,-0.3146313,-0.07627171,0.08255746,-0.003218033,-0.06375157,0.8849605
0.526413,0.2309482,0.01201433,-0.1086995,0.1013484,0.1395572,0.04617089,-0.07404181,0.07910805,-0.05851509,-0.0916627,0.3206948,0.0574041,0.3268445,0.01125615,0.474426,-0.02912677,0.1587009,0.4117063,-0.1733316,0.3569561,-0.07594627,-0.2313543,-0.2645285,0.05725588,-0.2507359,-0.1613398,0.01000458,0.118116,0.4920948
0.2217052,-0.004067687,-0.002533863,0.4915011,0.02077252,-0.01421487,-0.4521538,-1.621405,0.0663659,0.3287421,-0.04005253,0.03342821,-0.1192918,-0.01836338,-0.02879006,0.01141359,0.001052748,0.4844428,-0.148656,-0.3782479,-0.3637927,-0.4823998,-0.01476181,-0.223679,0.1559339,-1.452178,0.5126468,0.1072922,0.006849738,0.007684931
-0.01408216,-0.009096092,0.5106946,-0.1215991,-0.2498673,-0.3465115,0.04166296,-0.009548268,0.3664528,-0.05976601,-0.3814389,0.5765399,-0.04476731,-0.4742587,-0.1042333,0.1874235,0.3303105,0.2794503,-0.04246949,-0.3766983,-0.3056164,-0.3566597,0.1954958,0.2975405,-0.006511839,0.7730536,-0.2796721,-0.4452317,0.1958408,0.002805438
0.004490416,0.3522294,-0.2509423,-0.04735869,0.08561748,0.4980198,0.06822413,-0.05528612,-0.07718861,-0.00893944,-0.4098473,-0.3055764,-0.5095015,-0.0008287902,0.1034915,-0.1304359,-0.009755744,0.2643534,0.09594235,-0.1035816,0.01833797,-0.1465901,0.3095632,0.01285897,-0.133967,0.335856,0.2005225,-0.4046141,0.0361206,0.596101
0.2035608,0.1398933,-0.4870864,0.4920751,-0.09507027,-0.1213502,-0.4863312,-0.08874722,-0.4533724,0.2649822,0.0701863,-0.5142505,-0.4927709,-0.7575558,0.3835992,-0.3260382,0.09773005,0.1792355,-0.5262347,0.08606033,-0.3928587,0.3246667,0.1519387,-0.0009995431,0.05483592,0.6037837,0.3101807,0.004045338,0.0008018212,-0.1713898
0.006932458,-0.001267434,-0.0821446,-0.4778137,0.1475135,0.3954591,0.002769162,0.26451,0.2648748,0.688616,-0.4205048,-0.3735022,-0.1107171,-0.4358438,0.1166708,-0.1062537,-0.4170792,0.1572178,-0.5291408,0.5043832,-0.2036844,0.5839074,0.2899457,0.00142422,-0.2925412,0.04704805,-0.002610496,0.08277667,-0.1828555,-0.3914884
-0.09287047,-0.3496362,-0.0191271,0.4327596,-0.4493971,0.1967809,-0.003032647,0.001884967,0.02184337,0.05361122,0.2971822,-0.04549529,0.2815062,0.08598395,0.1945383,0.01733726,0.4389418,0.1016447,0.3199176,0.352031,0.5557796,0.02264002,0.06555286,0.4345846,0.1370973,-0.6184251,0.1909079,-0.1225478,-0.05930663,-0.00546521
0.5314254,0.3193601,0.3765244,-0.3499916,-0.1723028,0.002293332,0.09928343,-0.05222836,0.1805335,-0.8939292,-0.146676,0.1957112,0.2531055,-0.2998955,-0.07090454,0.4949043,0.1599308,0.178982,-0.1855311,-0.2840624,-0.381757,0.2585191,-0.3774966,-0.04210991,0.08884376,0.001414439,-0.2470648,0.05118102,0.1063591,-0.2695206
0.3511418,0.0928096,-0.3847497,0.1113935,-0.4625792,0.4899414,7.425373E-06,-0.3232492,-0.2995405,-0.06561465,0.06672906,-0.6868353,0.2300116,0.08638674,0.5747582,0.02725279,0.3675484,-0.01446914,-0.1120045,0.09739013,-0.7143357,-3.57799,0.2526214,0.01346081,0.5234522,-0.04885299,0.4046193,0.3342119,0.00390398,0.182418
0.1158363,1.849621,-0.2680479,-0.2186314,-0.1641791,-0.07433452,0.4604512,0.004698604,-0.001788254,0.177957,-0.8505812,-0.2489953,-0.1928391,0.02618778,-0.04539981,-0.4295012,-0.05741337,-0.01366421,-0.2023858,-0.1247268,-0.06344986,0.1215336,-0.02988085,-0.1606831,-0.02918263,-0.1733372,-0.2568203,-0.2939726,0.4686007,-0.001450867
-0.00038361,-0.2930652,0.0006199572,-0.4859605,0.06367916,-0.0008962659,0.1153378,0.609404,-0.04582132,0.02082823,0.2931424,-0.2490619,0.4893993,-0.3425467,0.06550673,-0.107815,0.5059463,-0.009897801,0.1170699,0.2331285,0.2513937,0.1171904,0.2971511,-0.1107543,0.01724713,-0.0465372,0.3475137,0.0857288,-0.00928098,0.03936011
0.004917597,0.0007651609,-0.02167197,0.07625297,0.08474205,-0.4556786,0.04052871,0.1392242,-0.6807354,-0.4373417,0.2792007,-0.1577541,0.3639206,-0.137161,-0.3299962,-0.001332621,-0.2302112,0.1142865,-0.00252764,-0.006252011,-0.04809926,-0.3407188,-0.1834056,0.3996162,0.2049019,0.07748716,-0.005211174,-0.1976223,0.05981535,0.07656819
0.0876185,-0.7634389,0.1006047,0.009666901,-0.4755714,0.05378991,-0.008987283,-0.1585084,0.1398588,0.5563686,-0.4361928,0.3289295,-0.0771212,0.702498,0.1323844,0.04631186,-0.1296673,0.0797845,-0.1928716,-0.1967,-0.1234122,-0.04880495,-0.2088537,-0.0006503802,-0.06145471,1.707667,-0.4410355,0.1882719,-0.07358962,0.4624671
-0.4203193,0.180429,0.01922532,-0.001876027,0.1588135,0.1891949,0.1350543,-0.001033267,-0.2463761,0.8113313,0.282389,0.04418059,-0.9702268,-0.07368293,-0.4090283,0.1621895,0.06304651,-0.2011244,-0.04000378,0.7173773,0.01563398,0.4603479,-0.09946671,0.1122019,-0.00592715,0.1767314,-0.07174975,0.4589641,-0.7738467,-0.04618056
0.3323829,0.07221442,0.006523398,-0.0009580869,-0.0138669,-0.2737818,0.005309809,0.02150625,-0.1325925,-0.3003584,0.3813511,-0.3864177,-0.1141829,0.3896261,0.2419344,-0.0583948,-0.1137173,-0.09043317,0.2447309,-0.01339924,0.001917135,-0.8346767,-0.0002391127,0.2349655,-0.2106068,0.07125974,0.4092065,0.3504787,-0.01017152,-0.3987626
0.003943667,0.2121821,-0.007108246,0.2011089,-1.060231,-0.05236916,-0.0936133,0.1067489,0.08747599,-0.3723851,-0.4550309,0.5262927,0.05013532,-0.4170303,-0.01992508,-0.03265742,-0.157497,0.03073762,0.3551685,-0.0782634,-0.05760582,0.177516,-0.5707805,0.003935354,-0.4433244,-0.202672,0.01265259,0.4937749,0.0063724,0.1865962
-0.3510986,-0.2912887,0.1724495,0.06601614,-0.5887597,-0.1195017,-0.4744748,-5.216416E-05,0.293142,-0.3878721,-0.01058716,0.395939,0.1218668,-0.4850291,0.3335303,-0.002323133,0.987465,-0.2963324,-0.008937413,-0.5142462,0.3062931,-0.1217677,0.2230988,-0.4751103,0.1279421,0.4113934,-0.12462,-0.1030747,0.03695815,-0.2154448
-0.3822268,-0.3273159,-0.1647081,0.02714013,0.08408695,0.04641145,0.07728606,-0.06751522,0.5978681,0.1458081,-0.05568522,-0.01524126,0.4772288,0.4828775,0.351644,-0.2280161,0.2924507,-0.4439846,-0.0613054,0.2111709,0.007612973,0.9227553,-0.0002416477,0.09808166,0.2046743,0.07807344,-0.01906308,-0.3462291,-0.109516,-0.1056965
0.003414112,-0.003182597,0.2966305,-0.2403695,0.1037826,-0.3574269,0.0623979,0.1671166,0.6253003,-0.365876,-0.330386,-0.006518797,0.1725002,-0.02945467,-0.1251717,-0.02311772,0.1640704,-0.3173654,-0.158368,0.1757768,0.3285871,-0.2790462,0.09918671,-0.4645412,0.07064094,0.02742516,0.6391963,0.0004088312,-0.09764822,0.002752734
0.009571027,0.07038633,0.0490652,0.3485717,-0.0008715043,-0.3975608,-0.4829179,-0.1600459,-0.04222013,-4.676888,0.4614578,0.07787063,0.1083321,0.002015059,0.1365755,0.03486096,-0.149846,0.02088554,0.1293577,0.1492619,-0.1253297,0.8222182,-0.01509315,0.09101854,0.0574987,0.3466768,0.1586334,-0.06972646,0.06615538,-0.02407891
-0.02439444,0.5560169,0.1285982,-0.06507587,-0.06281521,-0.0003801351,0.03271084,-0.178903,-0.3328198,0.3751031,0.06393635,0.6058091,0.2763379,0.2925322,-0.002908284,0.0125229,0.3536078,0.1360919,-0.04008754,-0.05252878,-0.4521532,-0.003615615,-0.05451319,0.4977542,-0.3992086,0.5894921,0.1823661,0.3841911,-0.5817572,-0.1894401
1.411506,0.1301685,0.02034951,-0.0002521391,0.0003826215,0.4555852,-0.6914829,-0.03350911,-0.325487,-0.4229772,-0.03440836,-0.03179039,-0.1036931,0.00022009,-0.01856044,9.12918E-05,-0.7055262,-0.3775334,-0.3753346,0.03611594,0.4157011,0.1417576,0.2794243,-0.2593543,-0.1709707,0.06034571,-0.3658974,-0.3325771,0.08396441,-0.02958421
-0.1917744,0.2692593,0.07141147,-2.060264,0.3549204,-0.003564994,-0.1302139,-0.2623245,0.0289359,-0.3284642,0.2770007,0.3095775,0.08502646,0.7080048,-1.068584E-06,-0.1349435,-0.1093567,-0.06693199,0.03673166,0.2976063,0.1258971,-0.1518554,0.09507333,-0.366504,0.4649028,-0.04746081,1.302873,0.4056991,0.001783507,-0.05622833
0.4247733,-0.1362895,0.1772575,0.5806764,-0.1311224,-0.1540985,0.05072137,0.1230526,0.2644441,-0.007916275,0.2391702,-0.3743342,0.9782895,0.3365865,-0.7970531,1.18943,-0.5968786,0.0851759,-0.06072976,0.01856708,0.2213881,-0.7291591,-0.2212853,0.2770157,0.000725956,0.1727116,0.02482215,-0.6561637,0.2586675,0.7649508
0.4767052,-0.1772272,0.4352614,-0.3703099,0.1033414,-0.03163026,-0.027387,-0.008752593,3.073942E-05,0.1011692,0.3850154,-0.3610438,-1.022825,0.04283208,-0.4217327,-0.1259915,-0.2461172,-0.08629924,0.496042,0.3661678,0.7676887,-0.02287868,-0.2112957,0.3868155,-0.9623119,-0.2632759,-0.397568,0.04043391,-0.7095847,-0.4519562
;
0.007537995,-0.3612151,-0.09088796,-0.3641863,0.007895422,-0.3317468,0.01495095,-0.222411,-0.1248503,-0.02017361,0.4039073,0.1153507,0.2931359,-0.003841122,-1.066739,-0.02596008,-0.2716483,0.04952736,-0.009373367,-0.01692774,0.3278147,-0.03156876,-0.01882156,0.2380042,-0.02780086,0.0108931,0.2194942,-0.0004986892,-0.007785756,0.02207885
-0.4392819,0.01619898,-0.07538635,-0.003089614,0.01937845,1.016136,0.3589677,0.06222096,-0.03059572,-0.2575705,-0.2003185,-0.5686272,-0.2993386,0.4986508,0.1290452,-0.1875136,0.507564,-0.1685159,0.02978212,-0.3540954,0.08163708,-0.2310804,0.4975053,0.2743696,-0.1863745,-0.2796264,0.1264659,-0.670595,-0.02374619,0.3604069
0.4643471,0.3136071,0.2297431,0.02968752,0.09682816,-0.4186171,0.7434955,0.004547376,0.1062027,0.4402781,0.3025981,-0.1965249,0.2531623,-1.895831E-05,-0.3364055,-0.4453274,0.001991361,0.02895928,-0.002071379,0.2650713,-0.9398435,0.06053994,-0.05594391,-0.08099508,-0.6217546,8.809978E-05,0.06546474,0.06043211,2.228143,0.5176905
;
