0.4087485
-0.4139537
-0.2126953
-0.4158506
0.0003187459
2.996514E-05
5.007549
0.3067983
-0.04479021
-0.01738651
;
-0.181378,-0.07468555,0.08382735,0.03662024,-0.285877,0.1512342,-0.3202993,-0.01098464,-0.2217583,-0.1530635
0.4826581,-0.3681406,-0.0554052,0.06876126,0.001427475,-0.1210688,-0.1077172,0.4436301,0.02169815,-0.3056771
-0.07770389,0.02254124,0.2397522,-0.1711932,0.02828584,-0.01785147,-0.1390277,0.1231155,0.3860468,-0.08729106
0.6710469,-0.1390752,0.165071,0.00063095,0.06353294,0.3991818,1.179379,0.04925593,-4.859498E-05,0.25643
-0.4606981,-0.1753417,-0.1264936,0.4198779,-0.01860446,-0.1247291,0.7365324,-0.3278242,0.5009984,-0.1239803
-0.5858601,0.1999588,0.4228631,-0.3849523,0.2481382,-0.1687302,-0.2764904,-0.08988839,0.03238622,0.1466559
-0.6358016,0.2288501,-0.009692817,0.003876265,1.106494,-0.4478691,0.344831,-0.5643232,-0.4906608,0.1952885
-0.2355541,0.1332859,0.1090418,0.224453,0.3236339,-0.1486106,0.01248388,0.3463513,0.2306563,-0.08239633
0.07660276,0.1873717,0.1119744,-0.2026173,0.1133183,-0.009921014,0.1387677,0.4544379,-0.1525438,0.3208438
-0.07067806,-0.04351198,-0.02490766,-0.4279232,0.1073946,0.03235464,0.08540834,0.4398789,0.8102776,-0.02143088
;
0.03605087,0.757717,-0.187342,-0.1212388,-0.00807395,0.1663895,0.08738726,-0.09726523,-0.2686734,0.01985263
4.698744E-08,0.5248642,0.3040533,0.4635696,0.05820396,-0.41145,-0.01958235,0.04079677,-0.4958378,-0.0002645068
;
0.05928031
0.172238
0.1086605
-0.07280529
0.1244389
-0.3856292
0.253162
-0.1498492
-0.1080251
-0.08054162
;
-0.6804593,-0.2311923,0.01978275,0.4318391,0.04895818,-0.09588564,-0.03695017,1.110113,0.001970517,0.2049079
0.4197215,-0.2906931,0.232809,-0.09309334,0.0855057,0.06065268,-0.07902685,0.06300895,0.2620112,0.004367196
-0.1135183,0.09928452,0.3312198,-0.0008603047,-0.4997468,0.174616,0.1194243,0.125383,0.02972022,0.5242583
-0.07014958,-0.1281736,0.34575,0.0371291,-0.09204188,0.07175552,-0.0483084,-0.09741896,0.03255111,0.003694747
0.1686793,-0.06865114,-0.05880457,0.3583008,0.246228,0.2733399,-0.2944535,0.01393228,-0.06697318,-0.2157627
0.3598303,-0.5337225,0.002500745,-0.04489976,0.2029061,-0.2675005,2.36879E-05,0.00993802,-0.09895804,0.0199809
-0.1097776,-0.1056706,0.0524881,-0.0001706016,0.3903494,-0.1081172,-0.2996948,0.06362003,-0.1114399,-0.08887345
0.5107852,-0.04245312,0.05381524,0.001575946,-0.199419,-0.0289249,0.4896537,0.1057707,-0.2487881,0.2691955
0.0948624,-0.5555601,0.212918,-0.1287639,-0.008999666,-0.0001606217,-0.03320808,-0.2740918,2.994633,-0.09698561
0.08848721,-0.1947971,0.3053302,-0.03666596,0.2974155,-0.1501879,0.4580746,-0.4107354,-0.1194085,0.1918564
;
-0.8732027,-0.5011718,0.06082094,0.3077862,0.811121,0.6142468,-0.8923954,0.008955061,0.1932241,0.05383044
0.2028027,-0.08253162,0.01066558,-0.135709,0.1342872,-0.03968495,0.1015289,-0.348718,-0.4894737,0.01840335
0.01949006,0.5056489,-0.07725513,0.003163746,-0.1731662,0.3666717,0.2177605,0.1545964,0.04460799,-0.01438816
;
-0.04107293
0.0003556714
-0.3688734
-0.1382387
1.275989E-07
0.554559
-0.4563544
0.09767389
0.006093067
0.4160978
-0.05971352
0.0007489963
-0.3512474
-0.456599
0.2806017
-0.0004042154
-0.1358375
0.1178969
0.01418829
-0.1031308
-0.6497183
0.2616273
0.7317528
0.0005110105
-0.1161137
0.4802245
0.04191362
-0.4536033
-0.1013234
0.1741205
;
-0.005816509,0.03458244,-0.2861601,-0.03201134,0.03175134,-1.085957,0.3260087,0.07355409,-0.4783516,-0.03170756,0.2022079,0.007699066,0.05031877,0.04449474,0.06337041,-0.7354928,-0.2800024,0.1072324,-0.03191994,0.5752536,0.03655746,1.226532,-0.2146253,-0.0861702,0.003664379,0.001527977,-0.1571491,0.2073905,0.0525148,0.2930325
0.2160769,0.02143605,-0.2437165,-0.1887828,-0.7090318,0.1550109,-0.0667918,-0.06606288,-0.1471232,0.09213126,-0.1426386,0.1722602,-0.05099994,-0.2253492,-0.0510555,0.4731134,-0.290564,-0.2845484,0.007360315,0.2533393,-0.04001391,0.04090767,0.7007892,0.01450415,0.3582592,-0.3370937,0.03616184,0.01443309,0.2203228,0.1661939
0.05546445,0.05323774,0.3386209,-0.0806393,-0.3816552,-1.560371,-0.1273687,0.4825479,-0.2151471,-0.0906474,-0.0666825,-0.9575746,-0.2744484,-0.1548429,0.8219,0.005041946,-0.1671205,0.3010404,-0.07939536,0.3680096,0.01484061,0.02433354,0.1571015,-0.001314706,-0.1598238,-0.09949552,0.2178753,0.1662909,-0.4613017,-0.220676
-0.1132601,-0.2537351,0.1787333,-0.009561767,0.5407982,-0.0478253,0.4883745,0.3753688,-0.4840649,-0.1300403,-0.1243222,0.5429015,-0.1178426,0.1864385,0.3137132,0.03148955,0.2572847,-0.0003060873,0.4914188,-0.003841593,0.4838789,0.0002671993,0.09829978,-0.4917972,0.2727115,0.01130982,-0.17303,-0.4351086,-0.4781893,-0.8993219
0.007053057,-0.4158298,0.216611,0.618853,0.1335895,0.02737099,-0.4018813,0.1333135,-0.1723332,-0.1973754,-0.2342976,-0.2495797,-1.054175,0.6777782,-0.1163576,0.1512042,0.004774203,-0.1520284,-0.5320321,0.07157271,0.421801,-0.82418,-0.2527394,0.02188005,-0.3421849,-0.1942919,0.6821385,-0.1765958,-0.706356,-0.2448114
-0.9537184,0.2982399,0.01310863,-0.05660284,0.03417054,0.1372502,0.1204932,-0.07404181,-0.1607632,0.04196853,0.0916627,0.19803,-0.4903741,0.04054364,-0.308476,0.1530933,-0.1607092,0.1587009,0.2883712,0.07308666,-0.001220524,-0.1290973,-0.1599799,-0.2645285,0.01175214,-0.2001455,-0.3051816,-0.2780935,0.1058242,0.07826107
0.4675224,-0.3603642,0.002533863,-0.1415386,-0.2579567,-0.1329149,0.2739019,0.4046179,-0.1759451,0.2153621,-0.327547,0.1661882,-0.07926996,-0.1918104,-0.1880842,0.1284841,-0.2523426,1.871925,0.1724197,0.184444,0.5868379,0.1702557,-0.3821204,-0.5458409,-0.3253575,-0.01170975,-0.6049016,0.1627245,0.002914869,-0.1959312
-0.01408216,-0.3582354,-0.3940615,0.06258906,0.3679095,-0.1735168,-0.04166296,-0.001773756,0.08567744,0.2308337,0.1318474,0.01101762,0.3127812,-0.0176869,0.01364395,-0.1874235,-0.3353582,0.0483472,0.003420724,-0.6857082,0.01626831,-0.2231558,-0.1954958,-0.203169,-0.1833223,0.0224163,-0.3701423,0.3240194,-0.4832772,-0.01055178
-0.4461259,-0.1538497,-0.1126646,0.09099394,0.4744104,0.09774035,0.1041947,-0.2451392,0.3895495,0.00637016,0.2500353,0.3309786,1.291005,0.08713835,0.148574,0.3830668,-0.01573713,0.1709094,0.1639804,-0.0367105,0.1162201,-0.1423979,-0.04948944,-0.001575693,-0.4420512,0.1516523,-0.1340991,-0.02074413,-0.02204985,0.2344285
-0.2038654,0.2303159,-0.4422914,-0.317258,-0.2406474,1.15247,0.1367916,-0.3044403,-0.1709068,0.3011256,1.309647,0.1445846,-0.2020832,0.3228173,0.4960201,0.008183879,0.3878815,-0.3859749,-0.3965188,-0.3491588,0.4247168,0.2744067,0.3462363,-6.877632E-05,-1.395063,0.4030201,0.007218175,-0.4205018,-0.1323605,-0.2188619
0.02171041,-0.05346965,0.0821446,0.4266845,0.02167298,-0.001419696,-0.001990244,0.2954525,0.491393,0.2747265,-0.02866298,-0.371833,0.3486453,0.6904041,-0.0006110511,-0.1187913,0.01499856,0.4573388,0.1549424,-0.4371113,-0.1653358,0.4790468,-0.3324157,-0.02949064,-0.2113188,-0.1120942,0.2029357,-0.3269941,0.2022946,0.5566601
0.02731618,0.3496362,0.4116373,-0.0003933621,0.1189514,-0.3032079,-0.1890929,-0.009253959,0.6488934,0.03932556,0.02841968,-0.03668531,0.00398773,0.2876655,0.4105589,0.1589857,0.3874583,0.1864806,0.05225671,0.352031,0.08048899,0.01180023,0.09821475,-0.4345846,-0.07456075,-0.3958447,-0.4385455,-0.4420885,-0.2139407,-0.4913549
0.3763385,-0.09266609,0.3834735,0.3278977,0.01009773,-0.009749196,0.3253422,-0.004272161,0.1423605,0.4174305,-0.07386352,0.1957112,-0.01997513,0.3498802,0.08138683,0.003388067,-0.2029137,-0.1586324,-0.1241318,-0.6245106,-0.005734925,-0.2916101,0.05096209,0.09846562,0.08884376,0.0007470528,0.1921381,-0.05081242,-0.3393276,0.2479008
-0.2305201,-0.2831413,-0.006595531,0.01337565,0.3157057,-0.003637482,-0.0002130914,-0.3898928,-0.0007127348,0.1093484,-0.09320676,-0.4473203,0.09846826,-0.08611423,-0.1399203,0.05419952,-0.2943836,-0.02283679,0.008633247,0.2858531,0.01762653,-1.983944,-0.2817528,-0.0232811,-0.4115125,-0.4513103,-0.2046884,-0.9693779,0.00390398,0.7208358
0.411558,-0.1364012,0.0124804,0.3179909,-0.007727119,0.3458638,0.0208799,-0.06887937,0.01796751,0.1168463,0.4362773,0.5370886,0.2284156,0.05482769,0.3600776,0.2874705,0.2003865,-0.2928095,0.0835548,0.2292609,0.02929431,0.0980044,-0.0253568,-0.4208218,-0.4954152,0.1844722,0.01136857,0.3502477,0.05198091,0.01393883
-0.0003481816,-0.2930652,0.0009044627,0.03887129,0.1925622,-0.004621963,0.06118758,-0.7552375,-0.4037205,0.9978986,0.03130955,0.2902944,0.380427,-0.6974705,-0.4626999,0.009840631,-0.1400517,0.004683618,-0.1699417,0.166725,-0.0107675,-0.2597182,-0.4437501,-0.4359647,-0.0244338,0.03828944,-0.0176642,-0.4715786,0.3146652,-0.23834
0.2291848,-0.04747703,-0.02867285,-0.2295896,0.1045702,-0.2025543,-0.2934911,-0.3104559,-0.03903684,-0.0450688,-0.1842539,-0.1699947,-0.08506016,0.3308082,-0.1324121,0.0002668575,0.1198679,-0.1142865,-0.2847149,2.414799,0.2640898,-0.3549014,0.1979109,-0.2756158,-0.2423582,-0.2363399,0.0003734694,0.00717242,0.4209504,0.1397585
0.1135242,-0.3934914,0.4341002,-0.001299664,-0.3172611,0.001229196,0.003519716,-0.019301,-0.1268466,-0.1493182,0.4348502,-0.01510233,0.1704266,0.03523972,-0.1323844,0.1265672,0.9000908,-0.2177028,0.02055733,0.01282147,0.1632281,0.07263899,0.1125633,0.332846,0.2105972,2.507512,-0.4790749,0.08523681,-0.3030998,0.4779331
-0.3478136,-0.04960998,-0.01338571,-0.4057571,0.1929492,0.1912473,0.3011845,-0.270387,-0.2493999,0.3524207,-0.610442,-0.2377207,-0.3742768,-0.2260715,5.026291E-05,-0.4696935,0.1737332,0.1215556,0.4778512,-0.3869604,0.1857428,0.3079082,0.4959663,0.392488,0.4868248,0.394524,-0.08950119,0.0138734,0.4027734,-0.02277679
0.05784298,0.6729463,-0.2234096,0.2756678,0.2424438,0.05371733,0.17133,-0.04035741,0.193171,-0.2305321,-0.4813564,0.2802152,0.1467434,-0.06085531,-0.1257352,-0.052359,-0.05296554,-0.05152959,-7.464058E-06,0.00354504,0.01173266,-0.06499764,-0.0005113033,-0.1293524,-0.000931522,0.1309727,-0.4092065,0.5132654,-0.1414446,0.01797354
0.1104832,-0.2355506,0.0771336,-0.1840205,-0.4752971,-0.2266484,0.0936133,0.4474033,0.2785231,0.09539723,-0.1110377,-0.5472433,-0.4228039,-0.3015588,-0.1032373,-0.01280913,0.06078535,0.2696523,0.05778178,0.382623,-0.04878912,-0.06653458,0.5796453,0.1817422,0.1120656,-0.3632149,0.05066118,0.4937749,-0.09257489,-0.1865962
0.4423088,-0.3051907,-0.1055327,0.1946699,0.1364533,0.3271465,-0.05183423,7.134103E-05,0.0002295693,-0.2303316,-0.3031673,0.3285412,0.5088362,-1.328715,-0.5640234,0.1063734,0.349082,-0.1998109,-0.00123365,-0.3618109,0.4781102,0.4692827,-0.3845718,0.6426787,0.4283375,4.18747,-0.4352877,0.6324211,-0.008676456,-0.08088665
0.1997337,0.2238774,0.3797656,-0.2034938,0.02529685,0.2431178,-0.09712762,0.08083826,0.03074794,0.01866385,-0.3457161,0.4052554,0.4772288,0.4828775,0.6684487,0.2879596,-0.1044326,0.1140032,-0.1129081,-0.01652696,0.4937801,0.5590072,0.04394487,0.09808166,0.1183881,-0.5002145,0.1369928,0.5252028,-0.06552035,0.05283999
0.004220801,0.003442774,0.0009038932,0.2403695,-0.03482282,0.8897148,0.04391531,0.004786874,0.1281921,0.9731889,0.4625188,-0.9183896,0.1898261,-0.1125336,-0.3508415,0.07642132,0.2649279,0.2269635,-0.428875,-0.3262228,-0.02013146,-0.001876031,0.02534827,-0.2117227,-0.03405942,0.03356806,-0.3150899,0.3769597,0.009425776,-0.02493292
0.09363562,-0.06837314,0.4939215,-0.6486153,-0.004073724,-0.113187,-0.005627096,-0.6813531,-0.1482875,0.459214,0.09024953,-0.1555968,0.3070685,-0.00879925,0.341741,0.2450723,-0.07247752,-0.1980964,-0.1314761,0.5858881,0.08522328,-0.004826083,0.5794387,-0.09387799,0.4161324,0.8566304,0.007274491,-0.1388994,0.06285661,0.000162267
5.60757E-06,0.05106848,-0.1123851,0.08906194,0.3042077,-0.6025983,0.009871988,-0.4073738,-0.1844116,0.2478385,-0.1252018,-0.06669027,-0.1515694,0.3962924,0.03828412,-0.004720848,0.2851059,-0.2429652,-0.3025576,-0.05252878,-0.01389629,0.1982785,-0.05862425,-0.4977542,-0.2893939,-0.0137257,0.3558792,0.03857409,0.3534189,-0.2068079
-0.3880373,0.1588083,-0.001614272,0.000425082,0.06594247,0.4899669,-0.3329953,0.01406389,-0.4623375,-0.1920716,-0.12401,-0.0096473,-0.1075168,0.0003822334,-0.03579093,0.724017,1.07165,0.2319581,0.7573473,-0.3753805,0.09190935,0.1008489,-0.4593209,-0.100448,0.1726728,0.3920742,-0.07694256,-0.06646947,-0.08598559,-0.4050148
-0.2960949,-0.9558502,0.393553,-1.211364,-0.3658818,-0.03007544,0.1191491,-0.2073705,0.1138721,-0.1363616,-0.1737244,-0.2453744,0.06898408,0.7080048,-2.560131E-06,-0.2177995,0.1794787,0.01026902,-0.003773162,-0.001902921,-0.3415707,-0.05842754,0.1287474,0.1671597,-0.2895193,-0.1499777,0.3067995,-0.04369544,0.002365923,-0.04652695
0.4050696,0.1080536,-0.1772575,0.1423819,0.3038942,0.46029,0.1626719,0.2137544,0.2130604,-0.5671355,-0.2725086,-0.1332541,-0.02477401,-0.2248645,-0.7970531,0.6851168,0.3802577,-0.03976594,-0.03911322,0.0247764,-0.4667923,0.267547,0.1540018,0.3472754,-0.0008457055,-0.3093269,0.3538734,0.2807909,-0.04125788,-0.2450879
0.09434992,-0.1254736,0.07273936,-0.7325211,0.2113497,-0.1326123,-0.002435565,-0.00169105,0.0302396,0.1011692,0.4155687,-0.1636843,-0.5501644,-0.8564442,-0.8251472,0.0180082,0.001185241,0.002784434,-0.06627545,-0.01303456,-0.3937635,-0.05576831,-0.2511947,0.4671834,-0.4178787,0.09930974,-0.003585137,-0.04711337,-0.1779878,0.02643126
;
-0.01391576,0.2478306,-0.1810043,-0.3301312,-0.01299364,-0.0248905,-0.07936811,0.1908872,0.1324378,-0.03239343,-0.4526811,0.2892005,-0.1008554,0.2521088,0.6077297,0.1147229,-0.1304389,-0.2733665,0.03213851,-0.01133364,0.008245887,0.1089766,0.01225457,-0.1918632,0.005787204,0.01046816,0.3716868,0.01886932,0.01058211,0.09825683
0.4155758,-0.008737861,-0.07538635,-0.3595476,0.06821036,0.03036755,-0.4648795,0.1553844,0.2565518,0.000509416,0.4891468,-0.4517559,-0.005137397,0.1316694,0.2000155,-0.2368792,0.7086067,0.1373532,0.07717265,0.2254722,-0.3712939,-0.4917394,-0.03412873,-0.04046312,0.2250507,0.2796264,0.09728674,0.0450004,-0.04640608,0.3069344
-0.1403529,0.03316415,0.4317504,-0.05351442,0.4496698,0.4186171,-0.1546512,0.04562708,-0.08419508,0.1588186,-0.4126188,-0.3524766,1.075079,-0.0002195289,0.4206339,-0.3282592,0.9790735,-0.07359664,0.01176523,0.2705162,0.9398435,0.03003251,0.4618107,-0.3426174,-0.3955547,0.01292504,0.1895803,0.7475052,-4.352965,0.006197012
;
