0.3030329
0.04352072
-0.02652748
-0.3181099
-0.0155955
5.331529E-05
0.4375196
0.1601136
-0.1420615
-0.01589588
;
-0.2459073,-0.05748855,0.08382735,-0.03293321,-0.3991525,0.2605141,-0.1857443,0.2653018,-0.2647209,-0.09948856
0.4826581,0.2703899,-0.4752845,-0.4237215,-0.1908543,0.1217429,-0.1256388,0.3517862,0.03125395,0.4922986
-0.2407805,0.04556395,1.567643,0.1140582,-0.03401521,0.1618649,-0.08246343,-0.03087649,0.3860468,-0.4243907
0.7124164,-0.06909272,0.2978294,0.06914002,-0.1949437,0.328207,-0.6684169,-0.04532755,-4.859498E-05,0.2316508
0.08784705,-0.1753417,0.04449345,-0.01327522,0.01321875,-0.2398854,-0.4016864,-0.3278242,-0.3092357,-0.342278
-0.02814299,0.109824,0.002625167,-0.2425934,0.3476143,0.1291655,0.2447543,-0.2423504,0.01566794,0.4966754
-0.4579121,-0.3124281,-0.2818248,0.1266214,-0.2510325,-0.4892603,0.561174,-0.2393001,0.07947594,0.0002196291
-0.2315629,0.07411858,0.1090418,0.3182409,0.1165596,0.009599575,-0.6707016,0.2660539,-0.7078949,0.1781339
-0.04801493,0.4073451,-0.167983,-0.03608097,0.1477785,-0.1253384,-0.1375001,0.05882257,-0.4635915,0.1122487
-0.1321576,0.04639527,-0.191395,-0.2871822,-0.4178598,0.07869095,0.02106619,0.1377597,0.161614,0.01023442
;
-0.07100573,0.288514,0.03359765,0.1212388,-0.4827502,-0.3259575,-0.005921853,1.758852,0.3283113,-0.001893222
1.40415E-08,-0.5248642,-0.06052452,0.3453079,-0.0417669,0.2443993,0.01958235,0.04079677,0.5313167,0.0001058158
;
-0.2855582
0.4795233
-0.158955
-0.09882513
0.1193635
0.3856292
0.2126876
-0.227206
0.03245486
0.03250743
;
-0.4666282,-0.2796898,0.004452463,0.4905744,-0.2214348,-0.0004838538,0.1979537,0.2745692,-0.2073945,0.5571365
0.4197215,0.1988909,-0.171981,-0.09309334,-0.0855057,0.00072043,-0.4474177,-0.141113,0.08998626,-0.0135843
-0.05973174,0.2442772,-0.3312198,-0.3549579,0.4997468,0.370928,0.1308865,-0.3838674,0.395083,0.1640761
0.0971331,-0.1103067,0.09238969,0.04947232,0.001827143,0.2191784,-0.0483084,0.4670319,-0.01520597,0.003694747
-0.141118,0.3499265,-0.02284646,0.9072164,0.1571301,-0.1836613,0.3538532,-0.2345222,-0.01274026,-0.4204396
0.03614479,-0.2322794,-0.002500745,-0.03006361,0.3981926,-0.007426152,-4.644016E-05,0.030001,0.2221397,-0.03062015
-0.005441542,0.1056706,-0.2863477,-0.0001706016,-0.3221201,-0.4917578,-0.2554312,-0.009643018,0.1744376,-0.08887345
0.4630009,0.03053099,0.0003305728,0.001575946,0.5083622,0.3466585,-0.02069268,0.04867617,-0.253112,-0.2645998
-0.116482,-0.1085094,-0.2810513,-0.03033731,0.5475292,0.0001606217,-0.2363298,-0.07408603,-1.514175,0.4497098
0.08848721,0.328914,0.2984239,0.007490901,0.03955867,0.2569105,0.4424138,0.1414522,-0.1929338,-0.2633264
;
-0.3440993,-0.4785041,0.05627592,0.057659,0.2211934,0.1694245,-0.3382831,-0.002516203,0.165689,-0.1507134
0.2549534,-0.01705048,0.1349289,0.2128534,0.1870333,0.2469835,0.1415544,0.348718,0.4754639,0.04113178
0.02085899,-0.06423117,-0.04130295,-0.002330682,-0.3040199,0.9033563,0.2536283,0.2079403,0.04460799,-0.01438816
;
