-0.2219035
0.05034584
-0.0837141
-0.4855996
0.4723047
-0.1286373
0.4560946
0.2959985
0.3446774
0.1592886
;
-0.2459465,-0.4394888,0.196599,0.01602,-0.08905393,0.1640591,0.4450126,0.4043015,0.2707806,-0.1139221
0.03602463,0.4812562,0.3936437,0.1873714,-0.1298125,0.005655706,-0.1485552,0.1000296,-0.469111,0.1982338
-0.1268085,0.2352943,-0.2173048,0.2304848,-0.4555269,-0.2156785,0.4712518,-0.1004366,-0.04844195,-0.03079051
-0.4027208,-0.07452542,-0.3218135,-0.4655355,-0.4749284,0.3971393,-0.4728361,-0.2505388,0.1095302,-0.3886925
0.193956,-0.4527218,-0.2281139,-0.09516498,-0.2430812,0.2667713,0.2571765,0.2888871,-0.03855437,-0.21841
-0.3512034,0.3307128,-0.3886691,-0.4992964,-0.4297307,-0.4635764,-0.1186314,-0.09694582,0.4270762,-0.2071646
-0.3555597,-0.05615133,-0.135735,0.2510411,-0.3241454,0.1612638,-0.4899031,0.07735091,0.1079332,0.1356184
-0.04997379,0.4408263,-0.1358796,0.09965509,-0.1009666,-0.413113,0.4025259,0.05782801,0.3821243,0.4720976
-0.3236195,-0.01499552,0.6370751,-0.08243078,-0.4769,-0.1435944,0.3246174,-0.3629781,0.365695,0.05184823
0.4018698,-0.2948055,-0.2878146,0.192103,-0.3268806,0.1444895,0.1421853,-0.3913194,-0.1467624,-0.3054359
;
-0.3313011,0.1934365,-0.09568673,0.15433,-0.3161094,0.1769919,-0.362506,0.446926,0.22066,0.09950608
-0.211963,-0.001646459,-0.465212,-0.0008146167,-0.4168934,0.2845838,-0.1213891,-0.2035198,0.4895332,0.09554356
;
0.01053614
0.06169277
-0.03229069
-0.3310285
0.5132973
-0.1774185
-0.08927505
-0.0005367267
0.4102393
-0.1074331
;
-0.1009524,0.001051764,0.910635,-0.4308295,0.5788578,-0.7532117,0.06568247,-0.9040396,-0.1902671,-0.3275729
-0.3739635,0.1884674,-0.005958825,-0.1933412,-0.2823758,-0.07397693,0.3766721,-0.4488701,-0.1421949,0.5449818
-0.3153341,-0.3501382,0.2552344,-0.001501896,-0.2932694,-0.2647461,0.01952525,0.1903022,0.3389012,0.1931355
-0.1424927,0.1465896,-0.1096511,0.1837948,0.06765546,-0.01525597,0.2254301,0.3186042,0.1093989,-0.4787732
-0.001531808,0.006308088,0.3002171,-0.4257834,0.03538687,0.1223971,-0.2473208,-0.3658288,0.4097792,0.2083608
-0.2196606,0.841609,-0.6709729,0.05751258,0.0006433883,-0.07663907,0.07916301,-0.04000539,-0.2437871,0.3778755
-0.7834973,0.2799373,0.249969,0.2367031,0.06896812,-0.2897219,-0.4393828,0.1867819,-0.02093429,-0.08644225
-0.006928772,-0.3275031,-0.01857114,0.004560126,2.000487,-0.3626751,0.02822837,0.4175123,-0.09143335,0.3084778
-0.2181281,-0.2951103,-0.1335683,-0.2343637,0.4576515,-0.1096184,-0.1615801,0.4784648,0.4117461,-0.2035548
-0.1403414,0.04226035,-0.5537846,0.02845747,0.1295909,0.140246,-2.889118E-05,-0.1220196,0.3737366,-0.003608893
;
0.6172405,0.001059387,0.01656178,-0.3771448,0.026765,0.206778,0.08556187,0.346593,-0.4882828,0.278658
-0.0008127357,-0.09654349,-0.2189212,0.03739051,0.04004533,0.01368397,0.119297,0.06371182,-0.4477242,0.1576794
;
0.2085712
-0.435647
0.1376825
-0.1639675
-0.4375216
0.1676242
0.9659292
0.1327363
-0.5449354
-0.09210271
;
-0.4027958,-0.08487742,0.3333471,-0.158802,0.08193573,0.07399267,-0.06469964,0.08275983,-0.3165828,0.05952624
0.02228071,0.2870349,-0.3708882,-0.371242,0.2447879,0.006592458,-0.07353204,0.05064704,-0.1101967,-0.007464588
-0.2976322,0.05309974,0.2467126,-0.3667579,0.04756441,-0.3728277,-5.442979E-06,-0.2776852,-0.2626213,-0.1027977
0.01301975,-0.2981941,1.722957E-05,-0.08592647,0.1500335,-0.00288627,-0.02412983,0.1151974,0.1398408,-0.04046931
-0.2385244,-0.02006479,-3.467134,0.008071386,0.04857756,0.01680393,0.001635193,-0.4951593,0.3509008,-0.1353586
0.8726642,0.1220261,-0.04492946,-0.579105,0.02774567,0.05535049,-0.03553103,-0.3823781,-0.04772242,-0.0006070171
0.06145159,0.4289263,-0.315925,-0.2701842,-0.005314767,-0.2905071,-0.1767931,-0.5475025,0.2222702,0.5698172
-0.1455908,0.003998782,0.09781122,0.07220619,0.8523237,-0.2292174,0.1988097,-0.3355417,0.001726147,-0.005420063
0.2189737,0.03418299,0.03342133,-0.174192,-0.4265996,-0.01241857,0.4724125,0.0003702697,-0.1274463,0.2056168
0.393443,-0.432785,-0.1579069,-0.307663,-0.04542722,0.02477289,-0.1078767,0.5248898,-1.091413,-0.3219217
;
-0.3519087,0.579239,-0.1753883,-0.006536581,0.07940024,0.1486231,-0.1236541,-0.3667907,0.4638344,0.4270077
0.0001472234,0.1086324,-0.1363297,-0.4455296,0.09371109,-0.1761069,0.3846221,0.008123503,0.000439593,-0.1189101
;
0.1870315
0.1059645
0.09626789
-0.1278974
0.6096404
-0.6697873
0.1754233
0.01487877
0.001327967
0.6318029
;
0.1249645,0.2466502,-0.2537684,-0.1637064,0.2675068,0.3662423,-0.3546767,-0.1898741,0.04961104,0.01718885
0.5535937,-0.0007100352,-0.1178313,0.1493794,0.1056216,0.6279093,-0.1076039,0.3164146,-0.05980941,-0.6473165
0.1071425,-0.06127602,0.01048917,-0.06202962,0.1793416,0.04799408,0.3921846,0.07703428,0.7818536,0.02886266
0.0433726,-0.03099515,0.03454197,0.1322635,-0.0006647157,0.3994147,-0.04005128,-0.4623672,-0.07252507,0.1308702
-0.02444204,-0.158561,-0.03424312,-0.008977112,0.1479514,-0.1849119,0.4876744,0.3048633,-0.6526994,0.03734666
0.2195114,0.3091553,0.2826308,0.35603,0.08118656,-0.4005682,0.4106085,0.5450298,0.02028948,-0.8041965
-0.8271346,0.4688604,-0.4364845,0.04867989,0.4238704,0.02347354,-0.3459841,0.09959508,-0.3669647,-0.3461972
-0.5370049,0.1427665,0.3677973,-0.0103684,0.2046812,0.1672935,0.6397917,0.145986,-0.1344926,0.1022516
-0.2612066,-0.0017555,-0.4370465,0.1863179,0.03266874,-0.04227141,0.1413762,-0.124084,0.1823413,0.4161986
0.139525,-0.5525637,-0.0005720962,0.0684489,0.3719406,-0.008790912,0.3169069,-1.487436,0.575044,-0.09817523
;
0.06529588,0.2575337,0.4161768,0.03762912,0.4390944,-0.3437346,-0.219533,0.1007303,0.2442984,-0.6893142
0.008494904,-0.0005809428,-0.258253,-0.1498269,-0.07936972,0.4602334,-0.3701213,-0.201747,-0.4691952,0.4800676
0.07769789,0.4618797,0.05905249,0.2441035,0.02369766,-0.07613128,-0.7436886,0.4483114,-0.1946841,-0.008210908
;
0.01492891
-1.145459
0.4589547
0.007597586
-0.07186073
0.4679929
-0.03179139
0.1360776
0.01573378
0.475885
-0.3574857
-0.08715598
0.1851961
-0.1415282
0.434128
0.2739557
-0.6029359
0.07164362
-0.5708908
-0.1113891
-0.003422232
-0.3076819
-0.4369728
0.1519041
-0.3070755
-0.3065282
0.4950889
-0.433576
-0.0102785
0.36202
;
-0.01296911,0.9611355,0.1306876,0.245194,-0.1664296,0.1031636,-0.03208488,0.2690469,-0.4540024,0.02022702,0.3211918,0.04583436,0.02026589,-0.2865287,0.2370193,0.1233371,-0.01315433,0.2718475,0.4573815,0.1742186,0.0183626,-0.0736739,-0.2163449,-0.03946224,-0.01461914,-0.007925212,-0.4198431,0.9429584,0.09905147,0.1700117
-0.07178731,-0.01723255,-0.2518847,0.4365458,0.1303668,0.0990992,0.2155933,0.3727062,-0.1140525,-0.3503051,0.1841282,-1.011953,-0.4385472,0.03361449,-0.02376395,0.2671716,-0.01758878,0.3478643,-0.01145175,-0.08581096,-0.03703065,-0.3773751,0.05684406,0.07254165,-0.1773848,-0.4415078,-0.09568332,0.01541745,0.1566183,-0.1634738
-0.4227891,-0.3185644,0.2614495,-0.2120686,0.3943957,-0.04059868,0.1424021,-0.04904369,0.3289658,-0.4333411,-0.2136529,-0.02318001,0.03906117,-0.1063718,-0.3728854,0.8147448,0.4739407,0.3515997,0.4494173,-0.007604649,0.2257867,0.2304321,0.08832186,-0.127468,-0.3214943,-0.08945907,-0.2492532,-0.4835444,0.01214748,0.2646664
-0.4416521,0.3039706,-0.02243471,-0.4461005,-0.001674928,-0.0167783,0.3577014,-0.5330968,0.7353439,0.2921728,0.08578819,-0.04469031,-0.1230808,0.2469263,-0.07614225,0.3191037,0.4227984,-0.003112556,0.366322,0.5007496,0.01894686,0.8796088,0.1554818,0.08396751,-0.46856,0.06298438,-0.032458,-0.01248065,-0.1461316,-0.3212674
-0.004951606,0.006040315,-0.07626078,-0.06717417,0.01198575,-0.3346707,-0.07647531,-0.7880535,-0.5708433,0.0444789,-0.08025526,0.04247981,-0.2904414,0.02347771,0.008526443,-0.08524674,-0.0126838,0.2005926,-2.351743,0.2821003,0.02686518,0.05987474,-0.3440013,0.2632005,-0.01046241,0.1963547,-0.05010623,2.056006,0.1041523,-0.4317256
0.1093554,0.07178169,0.002285846,0.1173992,0.01637132,-0.1611527,-0.1585501,0.4882731,-0.3509144,0.3736238,-0.03429104,0.09730822,-0.1125841,0.05883343,0.2986766,0.2928185,0.05236246,-0.3692104,-0.2878469,-0.1505138,0.4597026,-0.02503895,-0.007917292,-0.1251784,0.06177372,0.426555,-0.001535107,0.6114003,0.2475232,-0.1817117
0.3811427,-0.2505827,-0.2809165,0.2961625,-0.1825933,-0.1178883,-0.02268022,-0.0005104444,0.2482029,-0.1928744,-0.006560552,0.3231962,0.02874273,-0.2002006,0.1899991,0.4311213,-0.4426427,-0.3228128,0.1833181,-0.3018626,-0.114037,0.03950704,1.465387,0.5741041,0.3595806,-0.002815392,0.2570878,-0.4676564,-0.1534659,0.812664
-0.11705,-0.6690814,-0.3205619,-0.2406428,-0.4045519,-0.1550381,-0.4028503,-0.0101216,0.2867693,0.5614462,-1.260386,-0.404649,0.9379623,-0.2251482,0.4780272,0.0853073,-0.4343019,-0.3975228,0.125551,-0.3207483,-0.2112018,0.2017606,0.001461914,-0.03179004,-0.01903786,-1.538899,-0.4411248,0.5409932,-0.02499523,-0.006885003
-0.4871131,0.2743402,0.2028828,-0.1314905,0.04519429,-0.09350544,0.04269115,0.482751,-0.2304651,0.05454764,-0.4834895,0.1816598,0.04176933,0.1318011,-0.009578124,-0.222854,-0.1521973,-0.01156415,0.01144532,0.2831951,-0.1140187,-0.05097927,0.1000478,0.04209211,0.3707032,-0.4803906,0.08539718,0.01311588,-0.001943368,0.006782575
0.1128367,-0.04929534,0.1021337,0.1169216,-0.0259766,-0.0589167,-0.724992,-0.003217399,0.4501472,-0.1613769,-0.1010228,0.01880633,0.4132243,-1.169204,-0.3766507,0.1785882,-0.3487483,0.3169427,0.0147381,-0.06164778,1.200183,-0.01209631,0.03756195,-0.4146968,-0.9549116,0.03161477,0.206659,0.4204339,0.1774369,0.001301323
-0.3764758,0.2212519,-0.007784056,0.01855249,0.2702029,0.1541965,0.8457161,-0.4540195,0.2187611,-0.03162777,0.1555784,-0.469376,0.09056681,0.3437648,-0.03726071,-0.4040699,-0.02163341,-0.3239766,0.06463211,0.08842704,0.3805965,-0.01156042,0.294813,-0.1678028,0.3603922,-0.362065,-0.6969402,-0.07768001,0.1675717,-0.0670879
0.01471605,0.1908278,-0.4510628,-0.8255066,0.01592932,0.2451656,-0.2816046,0.2611887,-0.136323,-0.05823344,0.02947695,-0.4785602,-0.2659571,0.006956933,-0.2292409,0.005478818,-0.7170328,0.2840249,0.5534565,0.4507833,0.07864221,0.001495048,0.5018606,0.3054607,-1.543735E-06,0.05814438,-0.08888608,-0.3393198,0.2223993,0.01152876
-0.3465728,0.03386921,0.03965636,-0.7858425,-0.08412295,-0.339645,0.4478347,-0.05097906,-0.4128644,-0.1821971,-0.007205546,0.006817644,-0.00168821,0.0992706,0.2042369,-0.2455596,0.01909737,-0.4066496,0.08129127,0.1808184,0.217836,-0.2923211,-0.06274384,0.7729687,0.1705422,-0.2559972,0.02021448,-1.031505,0.186637,0.1531411
-0.08688289,0.03723115,-0.1530178,0.01193915,-0.0236665,0.08698729,0.5131123,0.02729534,0.459705,-0.3012983,0.2681736,0.7593819,-0.04517259,-0.3643181,0.2338927,-0.1062875,-0.1942686,-0.4291788,0.119042,0.2069402,0.2151367,-0.04251612,-0.02645606,0.003291559,-0.10363,0.133899,-0.06794626,0.1284513,-0.03254176,-0.00136237
0.1071941,0.5818285,0.2878501,-0.393703,-0.02205553,-0.1827922,0.05068427,-0.4873464,-0.405229,-0.3216966,0.1938589,0.1342763,-0.1437928,-0.3906404,0.002942516,0.3785856,0.1404582,0.3755523,-0.4102315,-0.417826,0.2367432,-0.04025069,-0.05244102,0.5377887,0.08564828,0.6667354,-0.1179859,0.1137376,0.9088593,0.1297019
0.2861604,0.04697034,0.2159893,-0.3312825,-1.613234,-0.2597481,-0.0062978,0.1429139,-0.05788681,0.1786627,0.04057027,-0.4243284,0.4397898,-0.03813447,0.01823471,-0.1067562,-0.2681662,0.04668259,-0.01119922,0.2847342,-0.008070213,0.6188129,0.4306159,0.4835395,0.3466066,-0.002754731,-0.1625312,-0.01310235,0.4555202,0.008077908
-0.1587812,0.3554132,0.07522111,0.1622645,0.9073564,0.006892642,0.08436316,-0.01296469,-0.355062,0.002633962,0.002686799,0.1306023,-0.2074394,-0.7264631,-0.1020544,-0.3315145,0.01583892,-0.02847828,0.1220223,-0.2576308,0.4092356,-0.005604811,-0.04015161,-0.3351635,-0.3413944,0.4575089,0.01630503,-0.1926522,-0.1577832,-0.0009544781
-0.3578248,0.0009455391,-0.1847356,-0.2639424,0.01277506,0.5232811,-0.2356809,0.9205705,0.1263678,-0.06527394,0.05480248,-0.2237733,0.06164819,0.00378497,0.2662659,-0.01663714,0.3361458,-0.731743,-0.1777378,0.4981345,-0.1967313,0.3012058,-0.2653795,-0.1098182,0.3565352,-0.4837127,-0.0200852,-0.4344957,-0.1458008,0.2214241
0.06786837,-0.1188495,0.3756648,0.4303241,-0.02192674,-1.764945,0.05951057,0.3934937,0.02273512,-0.009399123,0.2523523,0.04353986,-0.1758698,0.1406494,-0.4841642,0.08414286,0.6163889,0.398504,0.1568514,0.8605499,0.3558792,-0.3026631,-0.1159441,-0.00153426,0.007607045,0.4598196,-0.5029134,-0.1851191,-0.01031577,0.3740382
0.009073914,-0.2891343,0.1066131,0.0683297,0.002275122,-0.1222897,0.0419989,0.02418204,-0.4659399,0.3296407,0.1726218,0.1036519,0.04636529,0.1251968,-0.1151834,-0.7073922,-0.1621935,0.2061383,-0.3204353,-0.02559161,-0.05588165,-0.07264362,0.2840592,-0.2454975,-0.4651682,-0.3565843,-0.04253498,-0.07425517,0.02553683,-0.1289268
0.2976717,-0.5753499,0.01607078,0.01936454,-0.3560126,0.01195271,0.0202896,-0.3267046,0.07249277,-0.2825057,-0.1950898,0.418775,0.127867,-0.05184575,-0.03159915,0.2879899,-0.0812223,0.2478367,1.361838,0.01750932,-0.03595119,-0.1127004,-0.01123586,-0.46202,-0.0007493168,0.1674469,0.1039144,-0.07399439,0.2629544,0.0631408
0.2411914,-0.3900998,1.24109,1.366933,0.0385768,0.00939256,-0.4629033,0.07292038,0.311259,-0.08930425,-0.1097597,0.4838061,0.0096016,0.0451377,-0.08945352,-0.1817268,0.1535241,-0.3430803,-0.04346715,0.2892837,-0.2228138,0.1440759,-0.1009374,-0.4111539,0.05646379,0.8826961,0.1363188,0.1438354,-0.03698483,0.4913951
-0.01596193,-0.3197409,0.007414345,0.3616644,0.339409,-0.3893544,0.1258724,-0.0005914232,0.3603894,0.05692011,-0.4067485,0.3364913,-0.3840425,0.05775342,-0.1647771,0.02153875,-0.0002098138,-0.06539536,-0.08441633,0.1172665,-0.06405554,0.3004344,-0.3927025,0.001590285,0.02579309,0.3030865,0.3055084,0.1519739,0.481714,0.1965452
-0.05911595,0.07367492,0.0001519165,0.2365081,0.1754169,0.824235,-0.3309911,-0.1142309,0.005062554,-0.1813274,0.003905225,0.0174615,3.463894,0.0192068,-0.04594648,-0.531655,-0.08424272,0.3241348,-0.1778964,-0.01314074,-0.8716211,-0.2528659,-0.04283259,0.01234457,-0.2994636,0.2363129,-0.2002001,-0.6687905,0.1569171,0.1457041
-1.293939,-0.01194581,-0.2024463,0.4587687,-0.1513916,0.3864255,0.001644825,-0.05520314,0.3908668,-0.2387956,-0.2402447,-0.4084274,0.2292605,0.05759507,0.0875787,0.0268933,-0.3368092,-0.08114614,0.494554,0.009141329,-0.00177067,0.0002925349,-0.03093373,-0.2068415,-0.02875943,0.01510353,-0.004694576,-0.2955502,-0.02828218,0.1323148
-0.4092616,-0.04803614,0.2348933,0.06153983,0.2588831,-0.01086394,-0.02880059,-0.9855106,0.1733136,0.2346337,-0.03279709,0.2356868,-0.4967823,0.006942083,0.08467168,-0.1020225,-0.04753405,0.01946314,-0.4412614,-0.1369345,0.001940524,-0.2851265,0.02091221,-0.3269734,-0.120238,0.3262206,1.184086,0.221501,0.1547597,-0.1098179
-1.186061,0.04801068,0.2210222,0.4117476,0.1084853,0.1167231,0.2398497,0.2711309,0.00650043,0.5354102,0.05175967,-0.3789508,0.01224252,0.09132492,0.3668693,-0.03830558,-0.5042057,-0.1087686,0.2100577,0.2819,-0.1888712,0.07044078,-0.1351122,-0.0498337,0.6648217,0.2037947,-0.2575221,-0.7041584,0.2566005,-0.001906626
0.6087177,0.04526285,0.08609182,-0.329476,0.3762544,-0.6370652,-0.01413035,0.2240797,-0.4618251,0.5152645,-0.3544745,2.751651E-05,-0.1741409,-0.2388141,-0.156771,0.2246541,0.07919019,-0.2261947,0.4854205,-0.3532075,-0.01186099,-0.05073529,-0.4684029,0.1441363,0.5160148,0.2568723,0.0774508,0.2059882,0.2731209,-0.007655462
-0.003527188,-0.0004819785,-0.01903957,-0.3384266,0.1268457,-0.02135145,-1.054413,0.03887266,0.5714633,-0.2881165,1.631633,-0.3940998,0.06995916,1.327043,-0.001147937,0.3849146,-0.04380479,0.4133971,-0.03981102,-0.1370257,-0.009675721,0.36509,0.5342715,-0.7730919,0.3793525,-0.4103775,0.4360938,-0.3250835,-0.004885343,0.2567407
-0.04957101,-0.5051005,-0.007928931,0.7480777,0.3605529,0.5692405,0.3409337,-0.791665,0.2845691,-0.007149824,0.5900977,0.3797696,-0.04951419,-0.1123399,-0.01647772,-0.2585448,0.3536147,0.742979,0.2184135,-0.0007432301,-0.09928284,-0.2922051,-0.3572657,-0.2624105,0.2412178,0.04060324,-0.05058366,0.1064457,0.1332968,-0.4931523
;
-0.03650534,0.1425124,-0.3752931,0.3675182,-0.52142,0.02562012,-0.1909294,-0.3583826,0.008771976,0.09900939,-0.4320134,-3.042665,-0.4993938,-0.4453003,0.4633553,0.3179343,-1.007238,0.4081459,0.6879728,-0.005470389,-0.02878338,0.06022972,0.4284365,0.1204172,0.3595772,0.01872319,-0.05795604,0.1137247,0.1441589,0.1539217
0.1059771,-0.002411634,-0.3223896,-0.4686328,0.1428299,-0.4990211,0.336056,-0.4408627,0.08811883,0.1214023,-0.03680134,-0.3763251,-0.2212457,0.3704367,0.02351049,-0.06009191,-0.7630386,-0.01497731,0.06271917,-0.3285313,-0.06713516,0.3716646,0.0320496,0.001377499,0.3907006,0.1852262,-0.6933793,0.01140192,-0.03766608,-0.3277256
0.2638346,-0.4668475,-0.05784124,-0.07882938,-0.2342061,0.05712353,-0.3621761,0.4277387,0.08925062,-0.2440463,0.4103812,-0.3327156,0.1371171,-0.4330266,-0.1524327,-0.2530114,-0.3011565,0.144429,0.05258502,-0.003606972,-0.2506264,0.0002308959,-0.1164195,0.3388308,0.1901227,1.187404,0.01158376,0.07357806,0.2259924,-0.3116232
;
0.2024193
0.02238826
0.6319675
-0.3826141
0.4719675
0.2008954
0.04095954
-0.09772998
-0.3429803
-0.1535558
-0.1591582
0.07406417
-0.1321043
1.554618
0.1275253
0.0419055
0.1679836
-0.3119541
-1.907458
-0.4737259
-0.4287829
-0.2296812
-0.498314
0.01169022
0.02085954
0.01456499
0.198057
0.4849563
0.06519838
-0.4116443
;
-0.05337183,-0.02629316,0.01920265,0.02480269,-0.05351001,-0.05598455,0.3519885,-0.339107,0.1102607,0.4975795,-0.1820294,0.01064762,0.2261094,0.1435509,-0.298799,0.05101455,-0.2338577,0.009240765,-0.1752747,0.4263597,-0.6576286,-0.02934493,-0.8252268,-0.1067976,-0.5255307,1.23169,-0.4726037,-0.04734915,0.002312423,-0.9384084
-0.1235813,-0.01846163,0.1680853,-0.08976881,0.04879597,0.4761692,0.02015989,-0.0007415768,0.6428042,-0.1339882,0.4759021,0.7820821,-0.3537177,0.624038,0.4631467,-0.09117931,0.1894912,0.4943988,-0.09987169,0.2319479,-0.08268215,-0.03446443,-0.2045184,-0.07760972,0.2030453,-0.05222701,0.02848653,-0.3187686,-0.01330996,-0.6342946
0.05118901,-0.0002575404,-0.3224845,-0.1737017,-0.2317844,-0.1175327,0.2779219,0.0360015,0.2788954,0.04888179,0.01997033,0.01156392,1.340142,-0.1395025,-0.07113878,0.05887372,-0.4771284,-0.03438104,-0.1484355,0.3084892,-0.7016205,-0.4136585,-0.02247732,-0.1086424,-0.3777008,0.004486551,0.3691807,0.4006435,0.002760893,-0.01767265
-0.6903202,-0.2367252,0.1065944,-0.008160786,0.1590037,-0.3647956,0.8367978,0.2540797,-0.2725773,0.00109103,0.00914248,0.0844563,-1.030722,0.1862882,-0.4709616,0.3219572,0.2237726,-0.3420348,-0.3120134,0.454827,0.6062556,0.1628883,0.003224096,-0.08952442,0.09897405,-1.155984,0.03978571,0.1556992,0.4382496,0.5390567
-0.302979,-0.2479458,-0.06659963,0.04243595,-0.1239583,-0.003673065,-0.1356594,-0.2319955,0.3711113,-0.008130372,-0.8013355,0.2195097,-0.02924722,0.2953986,-0.03094086,0.2897271,-0.2279233,-0.3413739,-0.4941809,-0.218001,0.1532603,-0.05355899,-0.2855932,-0.001478232,0.1173197,-0.1023388,-0.04020793,-0.1632701,0.15161,0.03007138
-0.04329556,-0.1025992,-0.1495892,0.06347936,0.5771607,0.168983,-0.08043259,-0.007655203,-0.001587886,-0.05157596,-0.2922156,0.4697378,0.4360958,0.3441168,0.1021941,0.4881437,0.08164638,0.04612257,0.1453341,0.2568585,-0.07678086,0.4885235,-0.08053605,-0.4030164,-0.01114671,-0.6224948,-0.06181367,-0.0305329,0.6784121,0.3424827
0.04684116,0.09256119,-0.205644,-0.1036159,0.3356502,0.05415672,-0.1712207,-0.04505426,0.2836448,0.5031731,-0.8695166,-0.1661005,0.4598557,-0.2253245,0.1413291,0.100843,-0.2408246,-0.4028834,0.03745006,-0.2575518,0.02250467,-0.005840916,0.3811368,0.3612595,-0.472826,-0.02705742,0.02892882,-0.2867812,0.08058608,0.1127892
-0.3058056,-0.03381139,-0.2496449,0.4098082,0.4677957,-0.07381457,-0.2881864,0.3824332,-0.3415339,-0.1648063,-0.3482759,-0.1890935,0.2753234,-0.2552192,-0.4482988,-0.5311715,-0.3768124,0.8660848,0.4520147,0.2576247,0.006975114,-0.1493557,-0.4193993,-1.049997,0.008465123,-0.005643351,-0.01465059,0.02727162,-0.02976364,-0.367499
-0.4676614,-0.06808799,-0.107641,-0.03495708,-0.3203282,0.06032173,-0.003409316,0.0150649,0.3497798,0.3999748,0.3828315,1.472877,0.0108997,0.1074771,0.2987961,0.04706055,0.4425009,-0.4540954,-0.2178351,0.02076294,0.3921849,-0.4457383,-0.1077994,-0.04227385,0.06424348,-0.07763606,0.2679412,0.004664555,-0.1184437,-0.3879243
0.235711,-0.02536187,0.1273652,-0.3927158,0.2943293,-0.53534,-0.529266,0.03828964,-0.04231995,0.007132861,-0.09067253,0.673795,0.02488822,0.9496782,0.07013231,0.4276936,0.3119719,0.215745,0.2821132,0.1260236,0.0130437,-0.3188602,0.5505603,0.02568728,0.2739414,0.07674982,0.0272594,-0.3423216,0.4564414,0.03588553
0.1167354,-0.3496865,-0.5636277,-0.1074852,0.3139538,-0.6514924,-0.2316547,0.1873028,-0.006972332,-0.1726793,-0.4118986,0.2657702,-0.07348996,-0.08781213,0.2156586,0.2308029,-0.01132078,0.0720934,-0.2364054,0.0571202,-1.383869,-0.5306802,1.150482,-0.004135039,-0.1431616,0.2268324,-0.1739804,-0.2553871,0.2323908,-0.02279155
-0.4193356,0.1516798,-0.2573209,0.5661816,0.02640443,-0.09125394,0.4246676,0.4762195,0.2714587,-0.03608043,0.1129519,0.005167469,0.04438269,0.002292812,0.4360746,-0.2259635,-0.05179995,-0.3929865,0.3304877,-0.2235638,0.05747956,0.008281718,0.08884499,-0.07599322,0.3985959,0.3150048,-0.3488978,0.1664622,-0.1639546,-0.1183447
-0.4986839,0.3073072,-0.1755016,0.1938016,0.07867151,0.09202057,-0.005053561,0.347385,0.4728799,0.09531773,0.003392853,0.7984437,-0.132589,0.003609205,-0.1148236,-0.3216144,-0.288305,-0.3448055,-0.8648466,0.02660269,0.3996257,-0.1473959,0.1938988,0.4716028,-0.02075799,-0.219026,0.2358113,0.1048531,0.1933544,0.002261341
-0.2775297,-0.3770108,-0.02400963,-0.1427244,-0.1514635,-0.1371311,0.2793714,0.9173204,0.6487527,0.399788,0.4216665,0.2874159,0.05180947,-0.6377092,0.1444045,-0.4417708,-0.5267631,0.321189,-0.473428,0.2245445,-0.3405459,-0.1964257,-0.09735157,0.3914653,0.2892221,-0.2811717,0.04792132,0.2383175,-0.02322948,0.0949606
-0.3304224,0.08041447,-0.272686,0.08877331,0.1459012,0.008294118,-0.3632693,-0.4045661,-0.2261205,0.5496051,0.3922555,0.4379951,-0.3359938,0.05850472,0.5273022,0.05364674,-0.1159873,0.1880434,-0.4178455,-0.164889,-0.003337444,0.9472364,-0.06285123,0.06564637,0.1772588,0.3764119,-0.3050963,0.02908736,0.1516689,0.6178138
0.1517033,0.1467605,0.01561458,0.5547459,0.3002943,0.3350778,0.3507898,-0.0495987,-0.06695683,-0.01762593,0.02897432,0.2113941,0.3487146,-0.3557264,0.4862536,-0.1281886,0.3914571,-0.1231454,-0.3199885,0.008477047,0.1738988,-0.1045924,0.2413095,-0.1548809,1.817487,-0.4903487,-0.001818269,0.01313955,0.113952,-0.09269397
-0.1891438,0.17251,0.03910193,0.00461957,0.04286331,-0.4718919,0.960648,-0.4498838,0.2023792,0.3918505,0.3810812,-0.04761456,-0.02004118,-0.3871583,0.1962494,-0.01117712,-0.2371241,0.08494173,0.6278028,-0.1786756,0.0004714409,-0.194031,-0.1170942,0.06051074,-0.0006966172,0.008854756,0.6471406,0.32389,0.1021233,-0.1687683
0.1389542,7.728932E-05,0.02842485,-0.397612,0.4930919,0.4468558,-0.0630446,0.3623014,-0.03018901,0.1370979,-0.1587384,-0.310552,0.1225131,-0.09631676,-0.2454975,-0.09435382,-0.5341626,0.08382951,-0.4099447,0.493223,-0.007220907,0.3943144,-0.03243243,0.4154001,0.7644718,2.47065,0.2371427,0.01837472,0.011958,-0.2212712
0.283674,-0.4098419,-0.1726699,-0.3868002,-0.005581406,-0.2724089,-0.8563093,-0.4629456,0.6228729,-0.330002,-0.4228047,0.03908607,0.1649572,0.003159727,-0.02577805,-0.465245,0.3314474,-0.01775443,0.01974112,0.3397408,0.1503472,-0.01126809,0.001006026,-0.1705828,-0.2696526,-0.4099746,-0.2438174,-0.9148878,-0.3294069,0.2933513
-0.1007305,0.1049665,1.231431,0.2957475,0.620277,0.2287944,-0.4775552,0.1703199,-0.4187324,-0.03776329,-0.07519423,-0.1820976,-0.3988322,0.241693,0.3614385,-0.6629953,0.01622888,-0.4421817,0.2727681,-0.2177196,1.258754,0.1307019,-0.3159169,-0.2286172,-0.02928575,0.8524299,-0.1588189,0.05869277,-0.9551814,-0.587345
0.03916777,0.1506316,-0.1281772,-0.03520055,0.07361727,0.06203908,-0.403806,1.512952,0.4544933,0.0316678,0.2121382,-0.03237459,-0.3722945,0.3151293,0.3617569,0.2386521,0.008213783,0.295466,0.009629324,-6.563935E-05,0.1605735,-0.07081369,0.3230638,0.07544467,0.1806129,-0.125645,0.02142814,-0.2667971,-0.137262,-0.06291288
-0.02447758,-0.1190627,-0.07966352,0.005903256,-0.06871015,0.4432008,-0.4825248,0.03706966,0.1969168,0.465537,0.04123399,-0.02840563,-0.04669386,-0.3543576,-0.836861,0.1264458,-0.1708994,-0.2799942,0.2466337,0.3330267,0.01765703,-1.485391,-0.6768407,0.2455946,0.01796552,-0.148949,0.07012115,0.1022733,-0.02692356,0.4202596
-0.7650321,-0.3329461,0.0174552,-7.230203E-05,-0.008574584,-0.03061566,-0.05942781,0.05305768,0.09490067,0.2368306,-0.003484572,0.1568507,-0.3854204,-0.02091461,0.3031107,0.0479563,0.2191676,-0.2273799,0.2360076,0.1168986,-0.01447557,0.4090741,-0.3099492,-0.1116305,-0.01783188,0.02211255,0.08419927,0.02892219,0.0002218013,-0.05184117
-0.4625661,0.08680547,-0.4035401,-0.1528752,-0.2192132,-0.07952668,-0.4972296,-0.2618239,-0.07504004,-0.0238379,-0.4368398,0.09487541,-0.1047559,-0.05628989,0.003074933,-0.6836442,-0.03500468,0.4725304,-0.5607907,-0.03858322,0.2520087,-0.1660199,0.1680975,0.08855038,-0.007619672,0.8518717,0.4011418,-0.01370825,-0.2258705,0.3086995
0.499994,-0.0321689,0.4133186,-0.1548641,0.1354374,-0.02272116,0.2994441,-0.3387373,0.7079761,-0.4465837,-0.2709514,0.7101429,-0.0184175,-0.4745698,-0.326767,0.07991034,0.07652663,0.06258591,-0.2605298,-0.008481559,-0.4506502,0.1592405,1.272968,-0.1133117,-0.1672756,0.6353439,0.090159,-0.3809848,0.2978368,0.1944168
0.1246384,-0.003349478,-0.1959775,-0.1195632,0.03011166,-0.4299995,0.4316038,-0.1390718,0.3944135,0.4018322,0.3260671,-0.6850539,-0.4323132,0.1303915,-0.2998477,-0.4438006,-1.815026,-0.3014147,0.460338,0.02920797,-0.01381058,0.2403592,-0.3653252,-0.4120395,-0.07765157,-0.1577544,-0.3620285,0.7974848,-0.1652952,-0.5220726
0.3811047,0.03966058,0.07529434,-0.2442314,0.4378109,-0.1650743,-0.3747147,0.338048,-0.9417505,-0.1719677,0.02431065,0.4084399,0.1014333,0.4865822,0.929944,-0.1249322,-0.0506809,0.1961909,0.2607906,0.03173058,-0.1896245,0.1479815,-0.120777,0.1101856,0.4861658,0.09409805,-0.2174135,0.00969207,0.07961041,-0.006498626
0.1706107,-0.2650844,0.3152189,-0.4004014,0.3023909,-0.02758105,-0.1205181,-0.4730976,-0.698432,0.139267,0.30594,-0.4048322,-0.0214953,-0.05481273,0.3960089,-0.01701079,0.974082,-0.01089967,-0.3312016,-0.07728559,-0.2996166,-0.370212,-0.1728947,-0.2224679,-0.09284717,0.2874812,-0.1924126,0.3928374,0.006982267,-0.07600194
-0.007870159,-0.1811829,0.3408741,0.2918028,-0.3504989,0.08219558,0.02990923,0.1657577,0.3120756,-0.03854021,-0.2280355,-0.236457,-0.3894848,-0.153322,0.1090586,-0.06397689,0.1461259,0.1005387,-0.09232707,0.2048166,0.0665969,0.04451602,0.02123477,0.08338317,0.248994,0.02194493,0.1429432,0.113775,-0.3430932,-0.04981452
0.03803809,-0.02800113,-0.170868,-0.3912034,0.6123329,0.02730452,0.2527933,0.5488345,0.01731283,0.07511548,-0.4618988,0.03691298,0.6473086,0.4316164,0.03587252,0.0925189,0.3347285,0.005415264,-0.038784,0.004332642,-0.3447304,-0.1783649,-0.06194776,-0.1550636,0.3322879,0.09913665,0.0005779558,0.1140341,-0.5963563,-0.0001444436
;
-0.2287747,0.08810908,0.7103921,-0.1154621,0.3869605,0.489388,0.05919379,-0.2574638,0.007109177,0.4835844,-0.2985002,0.7876756,0.167268,-0.3316301,-0.07825989,0.03654787,0.1293093,-0.2957119,0.06750276,-0.1114472,0.4392954,-0.2932765,-0.02229577,0.04472848,-0.0002422212,0.04032357,0.4235972,-0.3823645,-0.06746615,-0.1142279
0.3736157,0.5880529,-0.142495,-0.4123291,0.1728023,-0.0008141024,0.7213435,-0.07494789,-0.1211555,-0.003028692,0.4105166,0.03869266,0.3395981,-0.006397758,0.4997646,0.01897295,-0.1753502,0.008805078,0.4865755,-0.3930072,-0.4866192,0.648988,-0.026796,-0.103388,0.3518866,0.2053031,0.007094826,0.06437182,-0.06040709,0.005720221
-0.05917001,0.1899667,-0.1354951,0.08427614,0.1737157,0.3343925,-0.2023398,0.6235856,0.1731379,0.007872188,-0.4764598,-0.0003785759,0.2488248,-0.4459647,-0.1684831,0.3949081,0.05660409,0.3380913,-0.0450222,0.1723176,0.4528887,0.2968017,-0.02901529,-1.338319,-0.1322361,-0.04811954,0.5912208,-0.07098127,0.004052324,0.2240516
;
-0.1111532
-0.005822682
-0.08524089
-0.06321301
-0.02544992
-0.1715251
-0.3757918
-0.2707449
-0.2995258
0.5708707
-0.03904739
0.3737373
1.162143
0.0231728
-0.0163631
-0.02592768
0.2190362
-0.3430816
0.08681148
0.2511166
-0.2985827
0.7442186
-0.4529063
-0.00216112
-0.182785
0.009579563
-0.4898526
-0.04004667
0.3748574
0.3678164
;
0.01265851,-0.3675481,0.2201226,0.1245534,-0.07783879,-0.04515149,-0.5941353,-1.527108,0.3358279,0.5749517,-0.1171023,-0.159134,0.02095895,0.1073964,-0.1079046,-0.2374239,-0.206715,-0.0351359,0.2397146,-0.1738127,0.03037281,-0.3848809,-0.325734,-0.4178879,0.09453863,-0.2958804,0.2022506,-0.1259659,-0.07083863,-0.04492104
-0.3682318,-0.4289814,-0.2030084,-0.04328269,0.4763986,0.3147345,-0.009064039,-0.1266676,-0.01072675,-0.06023933,-0.02402048,-0.4250254,0.3802376,0.2703765,0.02113984,0.1089372,0.7812036,0.5071688,-0.009356439,-0.1725111,-0.1721696,-0.05514839,-0.4399072,0.4295969,-0.1704121,-0.4214232,-0.04530273,-0.09488777,0.1142337,0.2172349
0.04873165,-0.1002833,0.0239237,0.08976175,0.8861597,-0.08577315,0.03339055,-0.01486743,-0.3480051,-0.1047309,0.001845844,0.8851876,-0.05134755,-0.3073571,-0.2662359,-0.1728227,0.03475996,0.6411467,0.3009661,0.04091884,-1.060665,0.004243155,-0.2939975,0.4777688,0.3145329,-0.02741479,0.6769494,-0.168447,-0.02119316,0.764897
-0.27661,-0.4155167,-0.01277582,-0.005523338,-0.06251153,0.351542,0.4500551,-0.5631845,0.4136382,0.3321329,-0.03569442,0.4603364,-0.4272495,-0.2585051,0.0991241,0.0122842,0.4731679,-0.3200996,-0.2133128,0.02747766,-0.3962672,-0.4036374,-0.04998118,-0.1324872,-0.2818561,-0.1597745,-0.02539495,0.0355869,0.05346495,-0.07055856
-0.5874572,0.1571352,0.527515,-0.6758575,0.3368472,-0.193736,-0.00877528,-0.001032406,-0.8131114,0.5893776,-0.7543367,-0.05824938,0.04055333,0.04730757,0.253963,0.09561187,-0.620243,0.01728113,-0.4722416,0.1692865,-0.07204433,0.08530146,0.0252231,-0.4988124,0.008889019,-0.4913845,-0.05038816,-0.05117482,0.06209919,0.02052257
0.369131,-0.1542554,-0.2441985,-0.2146195,-0.2415402,0.2833301,0.4728625,0.1253442,0.8123255,-0.06474889,-0.04342641,0.1969153,0.007849741,-0.1039123,0.599219,-0.4864502,0.02475549,0.2279958,-0.2351671,-0.1460583,-0.4227842,0.4161846,-0.02436005,-0.03134205,-0.3451278,-0.09690715,0.288958,0.3425783,-1.327732,0.09268099
0.4433686,-0.3380383,-0.4518096,-0.1988411,0.1965634,-0.3603984,-0.4037331,-0.4298773,-0.2286813,-0.3271747,0.08889516,0.6871852,-0.008276857,-0.5255293,-0.02932344,-0.3175176,0.2613593,0.2854785,0.4079486,-0.06108731,0.09823352,0.1512098,0.000729794,0.006825864,-0.8315861,-0.05339947,0.4579294,-0.1074307,-0.04460301,-0.6378472
-0.01286613,0.170357,0.5772616,0.3560607,0.09347904,-0.2609171,-0.1353039,-0.001170337,0.205325,-0.1219129,-0.4993115,0.3587434,-0.1778225,-0.4972677,0.2372513,-0.6546984,0.3452063,-0.3153863,-0.08595636,0.5081058,-0.2654927,-0.03439835,0.6915792,0.03690922,-0.1710568,-0.3172799,-0.1126456,0.5097818,-0.01308354,-0.08806016
0.0003907122,0.3110508,0.2691116,0.1860804,-0.1689053,-0.2298405,0.3378425,0.07791144,0.01946646,-0.006804508,-0.02171511,-0.2538617,-0.5254699,2.083615E-06,-0.2681084,-0.5045852,0.5824338,-0.280027,-0.2837586,0.1323939,-0.5326127,0.2106385,-0.1329942,0.4329489,0.2181035,-0.4585522,-0.05130128,-0.08884008,-0.2657949,-0.2662146
-0.05395234,0.1044978,-0.5630515,-0.1182049,-0.03362024,-0.5080052,-0.008221862,-0.3652687,-0.47754,0.8379599,0.01525303,-0.01328808,-0.2618042,-0.3900944,0.2066444,-0.005549287,0.05242664,-0.4304382,0.04053055,0.02205244,-0.4767908,-0.1157749,-0.2716641,-0.1149541,-0.02262055,-0.06272599,0.8218059,-0.3108176,-0.2043206,0.02684957
0.2522828,0.009483541,0.1488115,-0.2889074,0.002784398,-0.272894,-0.02434164,0.04787248,-0.1436835,0.005722533,-0.164443,-0.3657005,-0.06923681,-0.4120921,0.04992713,-1.613067,-0.6121536,-0.04121697,0.2312587,-0.0009356347,0.4907101,0.2883128,-0.1231636,0.4160609,0.3661857,0.1755693,0.2290663,-0.1430495,0.009198077,-0.03855535
-0.4513285,-0.03379494,-0.0101892,0.656568,0.05786278,-0.2579027,0.02102528,0.4828864,-0.5798136,0.3012343,-0.4738247,0.002579314,0.1562306,2.191545,1.073038,0.00373328,-0.1618272,-0.1279051,0.06474657,0.3651152,-0.09466269,0.1221897,-0.09338377,0.00431959,0.1307539,-0.01804579,0.2961302,0.3899504,0.2573623,0.005355299
0.002790169,0.109265,-0.7591289,0.009573133,-0.5041054,0.2581937,-0.1751212,-0.2703427,-0.3809782,-0.09748507,0.009410163,0.3235326,1.004332,-0.5280527,-0.08495849,0.005113698,0.5991971,0.001294398,-0.0218719,-0.459221,0.03449994,0.2394202,0.1385717,-0.2665446,-0.05249167,0.101153,-0.9770201,-0.5336136,0.4277458,0.0610985
-0.8681782,-0.1840039,1.759108,-0.06953605,-1.689225,0.2429676,0.4941694,-0.002960503,0.1516771,0.3785846,-0.055253,0.4876426,0.15369,-0.4602465,-5.780819E-05,0.462037,-0.04947239,-0.02880423,-0.07950717,0.2399517,-0.1917986,-1.026833,0.02601618,-0.003702072,0.02745235,0.3902848,0.2870203,0.1744324,-0.3076341,-0.112435
0.02557735,0.05204994,-0.4477798,0.08272332,0.1113807,-0.2657934,-0.5217884,-0.0303209,-0.4052014,0.05996317,0.00190692,-0.6287223,-0.4841915,0.03880416,0.4559847,0.7021734,-0.3026278,0.7421749,-0.323577,0.002329975,0.1867499,0.2782109,-0.2473122,0.06377354,-0.4988871,0.3402669,0.02028597,-0.4862864,-0.04140502,-0.1071575
0.002640123,0.7051936,-0.310123,0.1483727,0.08636039,-0.03597869,-0.4472125,-0.496429,-0.3671813,0.09637477,-0.3567518,0.01598682,-0.1981265,-0.006943992,-0.3238791,-0.381188,-0.03342042,-0.1995657,-0.03248206,-0.2874306,-0.02740866,-0.3684609,0.1864719,-0.04294511,0.03662464,-0.7297029,-0.07025188,-0.4742054,0.2017735,-0.07248914
-0.03028477,0.3709728,-0.01009221,0.1253666,-0.2782654,-1.484488,-0.0244146,-0.09542494,-0.5103011,-0.01800014,-0.008046169,0.03056996,0.8295884,-0.06038642,-0.4778489,-0.005987122,-0.1273628,-0.04242749,-0.3487875,0.3201103,0.1089404,-0.001064276,0.6405375,0.3859411,-0.00021409,0.7255493,-0.5488971,0.2618933,-0.1637407,-0.07226698
0.2084493,-0.01522879,0.2860017,0.4997473,-0.04535844,0.06522214,0.06571165,0.1081772,0.07650488,-0.1573598,0.0008917737,-0.4260395,-0.03748554,-0.3023666,0.3693195,-0.1035865,-0.06560928,0.4421327,-0.2313005,-0.2448688,-0.05034095,-0.09929407,0.4851536,0.03214101,0.00885959,0.1635364,-0.1064009,0.1051596,0.2978098,0.443599
0.2333224,0.3728718,0.02945453,-0.03217842,-0.129176,0.05241793,0.1824775,-0.491699,-0.2345484,0.392164,-0.1031458,0.3849559,0.135002,-0.3872832,-0.08574521,0.5265188,-0.1659434,-0.1988868,0.4517347,0.3561903,0.1368017,-0.06128067,-0.04796976,-0.4630057,-0.2156723,0.1821781,0.01053712,0.2882711,0.06741792,-0.0447976
-0.2280056,-0.2665349,0.4033577,-0.1404164,-0.1428439,-0.04734545,0.0007714366,0.01791726,0.1431743,-0.06273192,-0.4096181,0.0124001,0.1185258,0.2605367,0.5845929,-0.05694517,0.3831147,-0.05793383,-0.1228252,0.2798208,-0.7574946,0.232241,0.6958594,0.06299978,0.06879225,-0.2324308,-0.07043499,-0.2490374,-0.01215046,-0.6633604
-0.06517412,-0.1056716,0.1660139,0.4273545,-0.3842307,0.2855878,-0.1023569,-1.641566,-0.2293091,-0.0005409659,0.1159153,-0.4608809,-0.03779608,-0.004412669,-0.03807472,0.1563506,0.0430261,0.3096074,0.2623531,0.1596975,-0.1029349,0.7698591,0.08782589,-0.1266167,0.09281124,-0.1091376,0.005510747,-0.1466452,0.01616059,-0.04612445
-0.1060658,-0.3694179,0.3385724,-0.4113227,0.04918104,-0.1266063,0.4584477,0.4324331,0.8421788,-0.3950361,-0.1998648,0.001007598,-0.1499127,2.018227,-0.1638781,-0.4345894,0.8005479,0.04911827,-0.3704112,-0.01204148,0.3937119,-0.5383725,-0.1584002,0.2226304,0.01581816,0.002815367,-0.0615887,-0.3341113,-0.4870394,0.05749991
0.4984237,-0.0708892,0.3455338,0.0347864,-0.1464272,-0.3467726,-0.1679729,0.3009354,0.2586017,-0.2207159,-0.06603706,0.03983015,0.2029229,0.5353777,-0.3391852,-0.05152913,0.5217518,0.4514704,-0.1718031,-0.1621671,0.2635286,-0.3769946,0.4934875,-0.698781,0.3854212,0.2267773,0.8291046,0.1568649,0.00720357,-0.2007751
-0.0775699,-0.3539295,-0.1443296,-0.3010176,-0.008139499,0.4505994,0.1669609,0.3613272,0.0325967,-0.4189855,0.03716644,-0.03575452,-0.2615457,0.5455528,-0.6871727,0.1793577,0.1750069,-0.1699601,0.3521978,0.02302279,0.2494468,0.06509457,0.07991597,0.001542956,0.0006287324,0.2983366,-0.218217,0.1965604,-0.6381504,-0.393283
-0.2163218,-0.2948547,-0.2559922,-0.4391018,0.08187431,0.07180208,-0.08908588,0.4649878,-0.03819209,-0.01978535,-0.2932736,-0.4897861,0.04257295,0.2389719,-0.06854872,0.1820667,-0.07449013,-0.4375579,-0.3583791,0.3703484,-0.2294861,-0.2905277,0.06931152,-0.2888733,0.01379472,0.294424,-0.6214609,-0.06062699,-0.4794024,0.4902456
0.07477172,0.03888015,-0.4009298,-0.4312338,-0.0431357,-0.3674539,-0.01087324,-0.3597168,-0.1457122,0.4152966,0.2701168,0.909413,-0.7846168,1.79964,0.4557546,-0.000770616,-0.3826244,-0.01021902,0.3730351,0.2574478,0.03515773,-0.4737546,-0.02469967,-0.4689164,-0.1449552,0.08948272,0.01012899,-0.5020778,0.1296234,0.4470097
-0.09495878,-0.4766518,-0.3902654,0.01885734,-0.3765092,-0.02177757,-0.3676657,0.3987433,-0.05781039,-0.3996814,-0.1220098,0.1652314,0.09935042,-0.1838683,0.007945658,0.2628329,-0.01754798,0.1775323,0.003069052,-0.001981138,-0.2351648,-0.1491892,0.1055323,0.4866138,-0.0009046384,-0.207195,-0.07882005,0.6068147,0.08750302,-0.1727626
0.004912028,-0.04366785,-0.126828,-0.3762892,-0.2348781,0.2993248,-0.00946128,-0.2659826,-0.3368089,-0.0008666603,-0.1372816,0.2241242,0.4425604,0.2437571,0.7871222,-0.005956046,-0.02598763,0.0444414,0.1239172,0.3231425,0.1062202,0.2602028,0.5866064,-0.01131314,0.2260108,-0.2159873,0.01843793,0.002161351,-1.403505,-0.06889278
-0.386773,0.3434223,-0.4840343,-0.7704345,0.01585568,0.0373804,-0.04260473,0.3345892,0.02717883,-0.355487,-0.07173681,-0.2199242,0.6389428,0.4316494,-0.2038729,0.05797808,-0.139634,-0.4738859,0.06300408,-0.004317479,0.5608739,0.4166056,0.1761204,7.673771E-05,0.2445274,-0.32839,0.003081656,0.007629731,-0.4302038,-0.07800609
-0.5422024,0.1318893,0.4603462,0.0512692,0.01641545,-0.2997169,-0.5461738,1.009012,0.2618718,-0.1917369,0.01330622,0.8248574,-0.323585,0.5424168,0.0204301,-0.9160089,0.9414937,-0.007540052,0.9844848,-0.08929986,-0.2944838,-0.3583456,-0.07602854,0.4461131,-0.9107358,-0.08379566,0.2826455,-0.1436404,0.1125754,-0.279431
;
-1.533213,-0.07224356,-0.06139225,0.04206973,0.002774885,-0.149643,0.1222361,-0.144648,-0.07752392,-0.02375311,0.002065685,-0.2625859,-0.03154504,0.1147282,0.01901268,0.0001557978,-0.8108814,-0.09028208,0.2457361,0.1572475,-0.02825677,0.552514,-0.02825648,0.2197051,-0.4759781,0.005004775,-0.01086408,0.6768566,0.1317099,-0.06783125
-0.6413991,0.04941342,-0.002240862,-0.3411382,-0.05709344,0.06024975,0.3685234,0.1591778,0.0415842,0.2562481,0.1834826,-0.308863,-0.0006999923,-0.06190878,0.2068665,0.1771122,-0.1573882,0.2755544,0.1652018,-0.1626728,-0.0555324,-0.001480039,0.07803092,-0.4072804,0.5784569,0.0353526,-0.05687672,-0.4583629,1.140738,-0.3482558
0.3323602,0.2999322,0.009435475,-0.1421572,-0.4504467,-0.1941786,-0.001202832,-0.07854851,-0.2585683,-0.2799884,-0.1884531,0.3043132,0.04100277,0.4313463,-0.2385354,0.7949663,-0.06617385,0.03625564,-0.08060356,0.02517798,-0.2349449,0.4614972,0.2974595,-0.46461,-0.01002592,-0.6336823,0.01320141,0.1233516,0.216034,-0.2595816
;
