0.08069491
0.02584192
-0.006388826
0.7274184
-0.01473458
0.009668648
-0.183485
-0.1561992
0.4724691
0.4818614
;
-0.2766393,0.4663166,0.4373001,0.0349012,-0.02128139,-0.05747402,0.3350068,-0.5948186,0.224375,0.4112802
-0.1935143,-0.01201992,0.3849239,-0.3031451,-0.2547822,0.1844101,-0.129363,0.3514442,0.2951915,-0.05825737
0.1560447,-0.2204713,0.3883545,0.01330603,-0.3917131,0.6739832,0.4348191,0.0313259,0.07065183,0.2969853
-0.1310899,0.04011931,0.3280757,-0.1304031,-0.1946569,0.4214451,-0.1223918,-0.09540325,-4.859498E-05,0.03233418
-0.09524582,0.04018401,0.07417875,0.8894742,-0.04930692,0.1305772,0.06414251,0.2769599,0.02655018,-0.01847047
0.0009313217,-0.4102483,-0.3142338,0.3857849,0.1499015,-0.1291655,0.09215731,-0.2657326,-0.2424751,0.2065009
0.01714867,-0.209706,0.2818248,0.2413658,0.1258305,-0.2420895,-0.2542548,0.01339739,-0.06334215,-0.4955962
-0.4666613,0.001607901,-0.5361151,0.2672662,-0.07798398,0.005179255,0.4573205,-0.01970363,0.008507669,0.06695766
-0.4103517,0.2187727,-0.0008101591,0.2439387,0.06338099,-0.02160268,0.1144447,0.4482642,-0.4775907,-0.002906452
-0.38382,0.6512137,0.01566538,-0.5308926,0.1663713,0.2741513,-0.1608953,0.09314993,-0.2886129,-0.02541459
;
-0.3103898,-0.03465116,-0.09808499,-0.0003011526,0.05387479,-0.05043625,-0.01113259,0.7425427,-0.4961349,-0.000159105
0.06659204,-0.03114065,-0.0806822,-0.464164,-0.2026825,0.2716796,-0.04014048,0.2511297,0.013776,0.2154369
;
-0.3219444
0.2570817
0.5490724
-0.2449513
0.125233
-0.1529493
0.0222504
0.2449816
-0.4074486
-0.02133068
;
0.4068518,-0.2011342,-0.01787827,0.002709696,0.3197082,-0.0001013517,0.02515152,-0.3286998,-0.05657738,-0.06133967
0.06619482,0.5617275,-0.1151562,0.2109652,-0.008973074,-0.3321283,0.2927101,-0.004190813,-0.2161003,-0.05441722
0.4527042,-0.1130828,-0.1923405,-0.1483547,-0.4997468,-0.1644938,-0.3416693,0.1780829,-0.6970654,-0.3034601
-0.3687487,0.1405169,0.3076087,-0.1715103,0.109017,0.3748602,-0.4753835,0.4670319,0.2001587,-0.008176149
-0.4093539,0.2878292,0.07210237,0.1941897,-0.1304505,0.1245957,0.3805615,-0.03088856,0.02916588,-0.6475307
0.1214013,0.01386672,0.00127035,0.05000259,0.6324024,-0.4644319,0.4283049,0.3904219,0.09037759,-0.00834005
-0.2778959,0.0527692,-0.06644445,-0.0003752849,-0.05117946,-0.3417852,-0.1439671,-0.1883281,0.266309,-0.001741313
-0.3524388,-0.0253179,0.1489214,0.09588988,-0.4870035,-0.3828435,-0.07436018,0.3185514,0.1238872,0.05399087
0.08801749,-0.1802739,0.3606162,-0.03538893,-0.0484007,0.023264,-0.01602497,0.439721,0.0006346107,0.07579631
0.4643245,0.1191164,-0.2191541,0.4329453,-3.714156E-06,0.30811,0.01084191,0.2030865,-0.2546766,-0.3258051
;
-0.3524997,0.2047868,-0.2191361,0.4161717,0.1635669,0.4050971,0.2714973,-0.0007701572,0.04674126,0.1507134
-0.4321308,0.005788863,0.4791646,0.07351702,0.1306584,-0.4008127,0.02818745,-0.07079203,-0.3501649,0.1156166
-0.3296525,0.01658512,-0.03906875,0.2210839,0.4282652,-0.2915359,-0.1003179,0.1260127,-0.1753161,0.186645
;
