0.1712899
-0.3223584
-0.2379008
-0.1712874
0.01781771
0.1109261
-0.6103099
0.02409118
0.06818701
0.6487693
;
0.3523856,-0.3877386,-0.07603553,0.08545727,-0.4165121,-0.4728628,0.1668964,-0.008234228,0.3593072,0.2092185
-0.1081981,0.306394,-0.08960754,-0.1199889,0.2366186,-0.008276403,0.01218649,0.2229035,-0.01387806,-0.2155333
0.001565091,-0.09872265,-0.4331544,0.1993884,-0.1201484,0.639544,-1.304539E-07,0.4931829,0.2998134,0.3923104
-0.7042783,0.414582,2.20674E-05,-0.1889242,0.44848,-0.143788,-0.009728492,-0.1871234,0.2484144,-0.01857259
-0.01638199,0.0412663,-0.2880691,-0.08479589,-0.1897647,0.03459391,0.0003264666,0.0373252,-0.05474042,0.3095608
0.002119369,0.02930999,-0.03391725,-0.1824401,-0.6294519,0.03285773,0.4097363,-0.09403902,-0.3948121,-0.3205993
0.207198,-0.003990713,0.4231462,0.4392134,-0.4242363,-0.009359787,1.212466,0.3617313,0.0593149,0.0731016
0.1897656,-0.2280284,-0.1846819,0.4829797,0.0003425617,0.04780748,0.4544851,-0.03916143,0.001391285,-0.2605518
0.03059334,-0.6645225,0.1300797,0.4249816,0.3027557,-0.7664073,-1.809235,-0.03335672,0.7323411,-0.4084513
0.0296787,-0.04935331,-0.07117663,-0.1924707,0.8105426,0.05264207,0.3178385,-0.6136603,-0.02048212,0.1731004
;
-0.07043597,0.06341902,0.1553818,-0.002588128,0.2461841,-0.1500559,-0.2447593,-0.002559739,-0.2018371,-0.0295559
-5.339963E-07,0.01831931,-0.08134414,-0.2675471,-0.4360369,-0.007548447,0.4866339,0.04551858,0.1960259,-0.3851556
;
-0.004746642
0.02048691
-0.04670446
-0.04450486
-0.02945928
-0.005479656
0.375746
0.04198097
-0.005454213
0.2487988
;
-0.3204248,-0.2536004,0.2371489,-0.1556091,-0.09285594,-0.03381277,-0.04932076,0.6831135,-0.2550658,-0.03927322
-0.4250239,-0.217213,-0.4189287,0.08618157,0.0001572825,0.4308569,-0.4151297,0.2556338,0.2806685,0.430636
0.1770124,0.1794742,-0.03422433,-0.003478477,-0.2789139,-0.4088094,0.1381516,0.2749863,-0.1176111,-0.4011201
-0.1910393,0.006869629,-1.456711,0.4062926,-0.3557162,0.01624859,0.1892623,0.003499982,0.01964701,-0.409053
-0.1599863,0.09007816,-0.6791133,-0.002653786,-0.0843484,-0.1676819,0.01084342,0.1059412,0.2737648,-0.8379901
-0.3101789,-0.06069181,0.1365308,0.8514054,2.510521,-0.1175019,-0.03899927,-0.2694843,-0.1408347,0.5417959
-0.07776937,0.2868733,-0.008578266,0.0005659987,-1.144138,-0.1398715,0.3318588,-0.2748687,-0.2415315,0.1118679
-3.679415,0.03269818,-0.2661418,-0.09221745,-0.1178827,-0.3526026,0.1938085,-0.01429859,-0.0133304,-0.3521016
-0.3444665,-1.270416,0.001960256,0.006794754,0.01660365,0.3074321,-0.1851333,-0.1262393,0.3778188,-0.006682219
0.357399,0.3593626,0.06294589,-0.3009231,-0.1487066,-0.2778818,0.2903102,0.3961878,-0.8689679,0.2275051
;
-0.1067806,0.2157235,-0.01372445,-0.1688786,-0.4363644,0.2654352,0.5893151,0.2919086,0.01159491,0.1517684
0.007838482,-0.1842737,-0.02672218,0.3428421,-0.09616047,0.1015561,0.01146991,-0.02030649,-0.09328884,-0.03084077
-0.247989,0.1604432,0.04753932,0.02229233,2.33687E-06,0.003160894,-0.06380741,0.0475301,-0.5817496,1.806143
;
0.05006806
-0.02382948
-0.02987693
-0.08252567
-0.02347657
-0.05993932
-0.1052579
-0.1106755
-0.5724159
-0.01422782
-0.2229295
-0.3465663
-0.1512185
-0.1483864
-0.3638642
-0.009551139
0.02465573
0.4840355
0.006871946
0.07640763
0.4192683
0.2603494
0.3548776
0.3392402
0.276823
0.3372146
-0.1393412
-0.1854368
0.9006783
0.9779321
;
-0.3399448,0.2556545,0.8981969,-0.03094536,-0.04628038,-0.1797453,0.0225334,-0.3728602,0.1748033,-0.3048087,0.08321284,-0.7110165,0.458046,0.01678886,-0.4680929,0.2725395,0.3902856,0.4068514,0.3948854,0.6707324,-0.09016174,-0.007431522,-1.909844,0.01765472,-0.0743276,-0.01267903,-0.2596793,0.4015795,-0.2808353,0.4153177
-0.2673787,-0.1697618,0.1772934,-0.1212073,-0.3758196,0.1556762,-0.1062671,-0.4953365,0.3445641,-0.02658099,-0.02810464,-0.2530573,0.1997949,-0.2992235,0.102137,0.1479521,0.286759,-0.1344887,0.0163975,-0.171061,-0.1345716,-0.04067924,0.01292879,-0.2411472,0.4607038,0.09039786,-0.3358884,-0.06195268,0.004879773,0.2174142
-0.3378844,0.301649,-0.4917674,-0.2864052,-0.05497221,-0.5667036,0.2380138,0.1086664,-0.1172466,-0.3664852,-0.5300869,0.4100169,5.30727E-05,-0.09792107,-0.7875478,-0.6108002,-0.4769681,0.04471236,0.5429983,0.4109358,-0.00239197,-0.1415968,0.03180756,0.1616748,-0.1774383,-0.6430585,0.3756027,-0.7845805,-0.3409014,0.1473002
-0.07058488,-0.3633629,0.1059609,0.04580494,-0.01286035,0.2617605,0.07507157,0.07873744,-0.04945585,0.5518571,0.08045579,-0.2691396,0.3157132,-0.01330131,-0.4126189,-0.3219572,0.02083679,0.2035549,-0.1496818,-0.1943915,-0.03847831,-0.1350929,0.6301443,0.2262338,0.3098271,-0.1330766,0.3068748,0.07212548,-0.09717692,0.3640773
0.3578179,-0.5452168,0.01035458,-0.4343331,-0.3311712,0.3865622,-0.2963418,0.3397268,-3.841672,-0.3533682,-0.1734627,0.02528816,-0.1033412,-0.2831574,0.06494741,0.05749221,0.03270086,-0.08910362,-0.2418512,-0.01659736,0.8427103,-0.03969492,0.04362959,0.2887795,-0.2903966,0.2803347,-0.00560474,0.06964054,0.04508885,0.01667332
-0.3977352,-0.4076386,0.1575464,-0.495216,-0.1996215,0.3337232,0.02091282,0.05768341,0.4032955,0.04391685,-0.4985791,0.5489684,0.09265257,0.02263635,0.4950156,-0.1023696,0.2181758,0.03197659,0.2535862,-0.9601014,0.3262894,-0.4163158,0.03001343,-0.3181426,-6.560799E-05,0.2301444,-0.1379095,0.108532,-0.9260134,0.2192037
0.0142625,-0.1733541,-0.02784633,-0.003441184,0.4020566,-0.2261371,0.2641833,0.1679675,-0.4116067,0.1595658,0.7075945,0.1963971,0.4204813,-0.3022797,0.4368335,0.1514246,-0.2989534,0.494959,-0.3428057,-0.03849751,-0.02274664,0.4668614,-0.2491237,-0.4287609,-0.2813213,0.02705742,0.2587034,-0.6266146,0.5234506,0.4898378
0.1701151,-0.006886241,-0.1522774,-0.01519236,0.4482928,-0.01993876,-0.376724,-0.2194371,-0.0114906,0.07283729,-0.5238093,0.1575627,0.1471533,0.006957254,0.8811595,-0.3056923,-0.2351149,0.307165,-0.7585974,0.009491876,0.001431788,-0.1742918,0.3379753,0.4952778,0.0005003323,-0.001736136,-0.08615047,-0.04801936,-0.1998943,0.03820115
-0.174641,-0.2770648,0.3541302,0.432556,-0.001311115,-0.01565752,-0.307817,-0.1758904,-0.282903,-0.06174033,-0.1009063,0.3746166,0.2624501,-0.2485902,0.009610679,-1.544812,-0.07216062,1.362626,0.0229779,-0.2100261,0.177838,0.00577779,-0.001832469,-0.08283775,-0.0451054,-0.05999804,0.4685526,0.003775587,-0.3811592,-0.3418951
0.6154299,0.1870098,0.1217576,-0.6367775,0.01543851,-0.1356251,-0.3692306,0.09743196,-0.2610108,-0.02848142,0.460972,0.0003624924,0.2157821,0.7366456,-0.04253555,-0.08457994,0.06702513,0.1458072,0.003303118,0.3819373,0.3570683,-0.05170959,0.2981407,-0.2126292,-0.04285691,0.03211515,-0.5505663,-0.5572588,0.1574794,-0.2628185
0.006284906,0.3137521,-0.2466283,0.003537313,0.10958,0.8384754,-0.4222061,0.2645001,0.03791791,0.1347852,-0.09405765,-0.6182047,0.198745,0.1190466,-0.1891708,0.006011474,-0.1838724,-0.2464818,0.4190167,0.0049998,0.457408,0.390605,0.4458498,0.2831782,0.02305282,0.02402988,0.03686121,-0.1743329,-0.09940299,-0.419625
-0.4991669,0.08892389,-0.01285028,0.0145398,0.2834128,-0.4377325,-0.5150675,-0.01284634,0.3236867,0.06746914,0.4563906,0.3464603,-0.04711475,-0.1756973,-0.357105,0.02397172,-0.2585393,-0.2260763,-0.9956775,0.2330534,0.1958029,-0.5942701,-0.3838205,-0.1175351,-0.4755512,-0.0460034,-0.3431591,-0.1139443,-0.4591638,-0.04934942
0.1660828,0.4523551,0.4202715,-0.2169652,-0.3310853,-0.156678,-0.002470276,0.04237965,-0.2985753,-0.515231,0.0005679372,-0.2140647,-0.6082283,-1.31394E-05,0.6404749,-0.01734793,-0.0561977,0.001083108,-0.04831367,0.4804924,-0.452547,0.048631,-0.2105234,0.4072392,0.02215601,0.0006748938,0.5522236,-0.3259308,-0.4688537,-0.06581596
-0.4102428,0.1447081,-0.09999551,0.1146579,-0.03144279,-0.2724144,-0.08370115,-0.0219168,0.2713462,0.2932701,1.019221,-0.01481552,0.007738564,1.038893,-0.04092606,0.02086918,-0.2187091,0.4903061,0.3608049,0.01586293,-0.01252848,0.009345949,-0.2104594,0.3914653,-0.1317428,-0.130057,-0.006371004,0.2198372,-0.1139485,0.3079201
-0.09313857,0.03134814,0.9232072,-0.06843822,0.06510307,-0.109331,0.03399861,0.499814,-0.4191512,-0.211805,-0.1697371,-0.6193867,0.08461732,0.02444325,0.2104252,0.1030155,-0.7179756,-0.003586716,-0.2792003,-0.4685545,0.2056537,-0.2849946,0.01733098,0.01634923,-0.1611418,-0.05281174,0.04985255,-0.02754974,-0.03481625,-0.109737
-0.06995161,0.3050444,-0.1855137,0.5190311,0.09541886,-0.4579524,-0.1988056,-0.06422419,-0.2042678,-0.04810962,-0.111962,-0.05688447,-0.008776428,0.0001141838,-0.03980654,-0.190338,-0.02097622,0.03215461,0.2826603,0.2905858,-0.2746801,-0.009907141,0.2626893,-0.01300169,-0.4862289,0.1669478,-1.079988E-06,-0.01035297,-0.08400638,-0.000968694
-0.02653569,0.3849209,-0.7170489,0.2395964,-0.01761574,-0.4902931,-0.03699537,-0.2048026,0.1061305,0.002484869,-0.04847572,0.4783838,9.413285E-05,-0.9942369,0.1703953,0.3891205,-0.003837562,0.1994485,-0.07939869,0.1143838,0.2719538,-0.209574,-0.08427023,0.1322518,0.3829553,-0.7599251,0.1636719,-0.2742042,-0.3481683,-0.4578254
0.365683,0.1012306,0.0586313,-0.4076534,-0.2720975,-0.23085,0.01046768,-0.04967708,-0.0205442,-0.111311,-0.3221508,-0.3344987,-0.1081885,0.3552418,0.05625409,-0.1903304,0.1541973,-0.04824746,0.0399974,-0.0998253,0.001838487,0.08551687,-0.06854433,-0.4750675,-0.2263213,3.802634,0.1758347,-0.3043071,0.01123561,-0.3292617
-0.103256,0.3065178,0.0980664,-0.0480465,-0.302812,-0.1824922,1.388093,-0.1360304,-0.3577535,0.320743,0.05905176,-0.1256088,-0.1649572,-0.004605969,-0.5083392,0.2207018,0.07649297,0.4056542,-0.02084648,-1.064477,0.1959115,0.0004346865,0.5869853,-0.09502771,0.6349955,0.09511418,0.02677885,-0.4484838,-0.4759736,-0.000733485
0.2205556,-0.1472477,-0.3754019,-0.2003028,-1.305312,0.7294874,0.1060552,0.1231405,0.6991032,0.414427,-0.01058518,-0.07903928,0.4703528,-0.165009,-0.008724024,-0.8201442,0.4096755,-0.1246788,-0.4165598,-0.0002394442,0.4237889,-0.6537905,-0.003789159,0.4384689,-0.1311144,0.3660244,0.5957837,-0.01630436,-0.341778,0.2351733
-0.1366163,0.1668237,0.01570641,0.1337429,0.03773702,0.8430075,0.7469057,0.01169209,0.4143722,-0.1720096,-0.001743383,0.04877931,0.1142181,-0.1016066,-0.1443398,0.01901725,-0.3886425,-0.3465872,0.03048109,-0.001817838,-1.664555,-0.4054493,0.3471767,-0.006992971,-0.04542069,0.4358319,-0.03570952,0.4166859,0.3598813,0.4943449
-0.02881351,-0.164618,-0.4255929,-0.1306476,0.04814882,-0.1174637,-1.115202,0.06844693,-0.002492964,0.004544328,-0.004506077,0.475708,-0.01277651,0.003765254,0.3692403,0.002821259,-1.253311,-0.1621962,-0.01897174,-0.02367732,0.002593268,0.1780791,0.03408557,0.1893658,0.006144027,0.01193131,-0.07012115,0.2372867,0.3523149,0.2976727
0.01365918,-0.4529723,0.06437561,-0.225612,-0.1345892,0.1295024,-0.3113836,-0.04207554,0.2800136,0.2704318,-0.001117951,0.092345,2.971983,0.02460782,-0.2416163,0.182861,-0.1677309,-0.001062095,0.2803642,-0.1146922,0.001525126,-0.1240918,-0.4772406,-0.3976551,0.410055,0.4144772,0.03700765,0.7055241,0.294969,-0.1854052
-0.02824717,-0.102271,-0.3599932,0.04588293,-0.3508174,-0.3811958,-0.301741,-0.00848863,-0.1106229,0.0156358,-0.005702161,0.04277782,0.0002024179,-0.1811586,0.5336107,-0.05139142,0.3420386,0.0001317231,-0.2277696,0.04129606,-0.08685852,-0.04392122,0.3336708,0.2756864,-0.9604214,0.05575219,0.004961253,-0.2929953,0.07775087,0.3295553
0.4175005,-0.008473108,0.3895308,-0.2035483,2.713384E-05,0.558816,-0.009727153,0.5551795,0.001039848,0.1758621,0.008480525,0.1996949,0.2027976,-0.1579558,-0.4491836,0.172705,0.04990311,0.149445,0.4367214,0.003325113,0.08030842,-0.2941394,0.3918515,0.03656825,-0.7865408,-1.882641,-0.2351945,0.02354095,-0.01597062,-0.1462939
0.2016312,-0.007910356,-0.4577315,-0.153647,-0.00238224,0.3872578,-0.2207773,-0.09048229,-0.2909912,-0.09078359,-0.3260671,-0.3733898,-0.05732304,-0.8853069,-0.002123165,0.04098791,-0.7443913,-0.1155586,5.168553E-05,-0.01482041,-0.4273626,-0.0306986,-0.1229835,-0.0797804,0.08637315,0.9838042,-0.08625704,0.001092172,-0.000923563,-0.1135206
-0.1171234,0.05173498,-0.3189558,-0.9704618,0.3784907,0.143371,-0.4543537,0.001486975,-0.1634049,0.7478095,-0.3759089,0.3653436,0.2118139,-0.04473081,0.6933439,-0.04059391,-0.2398085,-0.2111048,0.04718235,-0.4052482,-0.01909363,0.04244374,0.1602186,-0.4484495,-0.09540816,-0.4420556,-0.03528219,0.2381915,-0.2516334,-0.1231139
0.2848226,0.3228757,-0.06876332,0.04194683,-0.2754855,0.07915823,-0.1983309,0.2106507,-0.4504434,-0.009608714,0.1376873,-0.1028725,-0.4647099,-0.4709461,-0.2189081,0.4184694,-0.003589332,0.6006287,0.04179086,0.005214121,-0.06850957,-0.370212,-0.2280539,-1.451975,0.03103249,-0.06398484,-0.3979034,-0.08807016,0.0843538,-0.003362973
0.3716374,-0.4159389,-0.2112952,0.1489159,0.1899967,0.1690351,0.434553,-0.4653188,-0.156741,-0.01257139,0.0128539,0.4813196,0.000410469,0.1103294,-0.2682685,-0.3854498,-0.4549111,-0.1791196,-0.7367296,0.4349523,0.1076859,-0.3616674,0.1972507,0.03146935,0.2468475,-0.3305454,0.3643926,-0.3634028,0.0150764,-0.002816025
-0.2318734,-0.3074119,0.008403825,0.09880242,0.01362592,0.2030995,0.1210775,0.07179671,-0.4291131,0.06340946,-0.001528645,-0.305217,0.0007799268,0.3871502,0.3334769,0.01187396,-0.02232471,0.1676223,-0.01336295,0.02635622,0.4606864,-0.1797968,-0.2361966,0.4684609,-0.142769,-0.007446282,0.3997897,0.02632695,1.581652,-0.3173981
;
-0.5920615,-0.03957432,0.3417245,0.5303642,-0.03727168,0.01545814,1.367272,0.003122151,-0.2609608,0.3620173,-0.03665982,0.02830283,0.4885608,-0.3220414,0.6608129,-0.2551849,-0.04137872,0.01895517,0.1460413,-0.0007886187,0.1666826,0.09370743,0.4739347,0.0001149058,-0.0295316,-0.05301628,0.04396123,-0.3377662,0.2048487,-0.2712896
-0.06655142,-0.03076793,0.2789557,-0.2010391,0.06619638,0.1996897,-0.2082558,0.2508592,0.05841406,-0.0005251841,0.07159573,0.0446602,-7.439239E-05,0.9272707,0.02349258,0.2642351,0.3157732,0.1860587,-0.3457478,-0.08175392,0.005557918,-0.2477549,-0.3058634,0.0001397553,0.1080328,-0.008219557,-0.01253229,-0.0491218,0.4392065,0.4381342
-0.008231731,0.4265997,0.47864,-0.3966876,-0.4208133,0.006779052,-0.08312453,-0.4123676,-0.1448865,0.2949039,0.05871553,-0.001387739,-0.06944573,-0.3807471,-0.0077914,0.003851974,-0.3656422,0.05368561,0.159957,0.1601324,-0.002652706,0.0129304,0.4419116,-0.02236675,0.1631741,-0.1350139,-0.1277911,-0.3951831,-0.2247832,0.07849856
;
0.103783
-0.3942071
0.1328455
0.03273672
-4.810954E-06
0.4531001
-0.2674642
0.5147642
0.02841585
0.05297994
0.2372869
-0.008188381
-0.03428847
-0.0007705412
0.1963132
-0.04953105
0.4585606
-0.0660091
0.3197659
0.02158264
-0.07396172
-0.1268632
-0.2152557
-0.00216112
-0.4325589
0.432799
0.3872561
0.0668276
0.3148814
-0.2681441
;
-0.03656475,-0.5032925,0.09146437,0.1964727,-0.3819139,-0.01418072,0.01809477,-0.01440698,0.0861496,0.09838611,0.193314,0.008828222,-0.2505391,-0.09160208,0.09903151,-0.0006630839,0.002763624,-0.0787512,0.0830623,0.08209997,-0.01096592,-0.2322252,0.2042885,-0.2115537,-0.09544817,-0.0533921,0.01299233,0.05208725,-0.04575468,0.1545984
-0.3318727,-0.002369106,-0.2718284,0.3233047,0.05455726,0.3758484,-0.1824793,-0.02193194,-0.1194191,0.4814816,-0.1486248,-0.2410124,1.089092,-0.0171765,0.05946691,-0.2765995,-0.03935546,-0.0516569,0.361347,-2.267281,-0.4138572,0.03119236,0.04383519,0.1882806,0.1894521,0.3696567,-0.04201151,0.01450629,-0.1713843,0.06419586
-0.0138639,-0.4897511,0.1716027,-0.6806956,-0.02805297,0.0003359583,0.9190528,0.4493755,0.2092856,0.02044693,-0.0001528934,-0.3030469,0.05606142,-0.4468735,-0.6032568,-0.1853388,0.2162211,0.3179634,-0.08832837,0.1576208,0.2745548,0.3850549,-0.04748732,-0.1485797,-0.09852289,-0.05107621,-0.1967704,-0.1668513,0.02122393,-0.2148508
0.2035673,0.03831023,-0.3984759,-0.4703418,-0.142489,0.002371725,1.858669,2.579547,-0.5554787,-0.04388313,-0.4935142,0.1289437,-0.01517767,0.1161005,0.1942992,-0.2100397,0.1614863,-0.01494045,-0.2650231,-0.2885993,-0.1289918,-0.08381907,0.5740814,0.1882102,0.161729,-0.2474734,0.218501,-0.1375861,0.01973789,0.143537
-0.008548993,0.3332312,-0.5074255,0.0003705523,-0.6752555,-0.001241184,-0.2350878,0.2556312,0.2231093,-0.3535417,-0.3549696,0.07242538,-0.3590153,0.2739686,-0.3406195,-0.0006303011,-0.04182453,-0.01566272,-0.4722416,-0.1102301,-0.2443915,-0.483066,-0.2164903,0.05956873,0.07486186,0.07398189,0.3049135,-0.4101082,-0.02922509,0.1110618
-0.2915187,0.03548127,-0.1002589,0.1347589,3.695702,-0.2764578,-0.2416707,-0.03523917,-0.4937406,0.272076,0.4561375,-0.009715679,-0.5725676,0.0006139262,-0.4310108,-0.1339088,-0.01706707,0.1646151,-0.30462,-0.07254678,0.4015849,0.01680421,-0.01307591,0.02790972,0.2610207,-0.08292247,-0.0394756,-0.02141947,-0.08855477,-0.01467291
0.08669525,0.1296396,0.7248018,-0.2951991,-0.3322145,-0.07303208,0.002988585,-0.01067902,-0.3760684,-0.04138244,-0.0001845528,-0.1458483,-0.7198483,-0.2154613,0.0001008407,0.3056328,0.2325296,0.005289048,0.3301587,-0.09077355,-0.1324812,-0.4048178,-0.3818363,0.225044,0.2380482,-1.099475,0.4067937,-0.01103369,-0.3660423,0.1215687
0.06727642,0.5012178,0.5190622,-0.3560607,-0.6241401,-0.7824159,0.4336488,-0.02647478,0.2783276,0.1018991,-0.5836738,-0.1173101,-0.09564973,0.03845849,0.1447104,0.05920842,0.003519081,-0.4380681,-0.3888928,0.07826435,0.05437798,0.2445446,0.2208674,0.01508431,-0.04297476,0.09671572,-0.01265888,-0.159256,-0.0007271217,-0.2283634
-0.5127305,0.5872383,0.1993692,0.2852863,0.1712385,1.445241,-0.4500424,-0.2922891,-0.4894351,-0.001565091,0.1434966,0.3085201,-0.1284648,0.1067321,0.2060387,0.05281937,-0.3690861,-0.05565767,-0.00902003,0.1517775,-0.1821026,-0.4088504,-0.1544818,0.05078755,-0.2126909,0.11586,0.02887027,0.2511668,-0.01367891,-0.2460749
-0.09596445,-0.427104,0.1494981,0.06334063,0.1809755,1.6609,0.09934326,-0.4539924,0.01846695,-0.6043662,-0.501013,0.4033402,-0.2712908,-0.1305115,0.0002189128,0.3642374,-0.3733158,-0.450546,0.1957911,0.06375615,-0.1571392,-0.2494925,-0.002094314,-0.1981544,-0.03438641,-0.0691177,0.3464745,0.2570099,0.477806,-0.1511799
0.3742253,-0.02303976,-0.4879737,-0.1236124,0.003527813,0.00202666,0.03279263,-0.4615686,-0.478285,-0.03101168,1.445337,0.3330267,-0.5718319,0.2888781,0.5893698,-0.4916928,0.06335793,-0.2458127,0.07582451,-0.01304977,-0.2047509,0.0247025,0.3000358,-0.406402,0.1463187,0.2619188,-0.06957427,0.02147367,0.06423157,0.003250449
-0.12048,0.001494127,0.3709094,-0.05939931,0.08696733,0.05969325,-0.05306071,-0.2052427,-0.343985,-0.02949653,0.1687994,-0.02847725,0.11717,0.3284645,0.03921598,0.1678767,-0.1685074,-0.02174288,-0.1685092,-0.3651152,-0.06860518,-0.003149166,0.1725168,-0.08493243,0.0487197,-0.005150646,0.4079419,1.945951E-07,0.4825354,-0.0008202208
-0.1127618,-0.01339157,0.4185289,-0.9532753,-0.2527799,0.1226488,-0.2931027,0.08102307,-1.343005,-0.08758907,-0.005743284,-0.2907729,0.06192189,0.3949279,-0.5360654,-0.2665877,0.04506451,0.02140778,0.1237671,0.01921438,-0.08878237,0.04668098,0.05965284,0.007022982,0.2294288,-0.004978903,-0.07941383,-0.5336136,-0.3307715,0.320623
-0.375723,-1.058831,-0.08477312,-0.135697,-0.4587922,0.01658595,-0.1696563,-0.8330421,0.007707899,0.4302689,0.1898967,0.08167899,0.1956507,0.4120824,9.297424E-05,-0.02502225,-0.2854676,-0.05090417,0.1462837,0.4816813,0.1997847,-0.8960713,-0.002164365,0.5034207,0.1331801,-0.1135709,-0.3205018,0.03163781,0.4961724,0.06143658
0.6879185,0.3599557,-2.345676,-0.04425731,0.3646138,-0.04574448,-0.08805656,0.02131751,0.4331926,-0.0138363,-0.02928406,0.1808329,0.03167859,-0.0863271,0.4258424,0.4434446,-0.4326661,-1.019169,0.2459836,-0.002077222,-0.0003183661,0.08569235,0.1842495,-0.09557364,-0.2044484,-0.427132,0.350337,0.1349477,-0.06862628,0.01205736
-0.01292998,0.1602183,0.4999628,0.000102752,0.526857,0.008518962,0.003830956,0.06606624,0.01054825,-0.06876569,-0.04152064,0.1956313,1.401068,-0.2595772,0.03976692,0.00416345,0.03936582,0.01671618,0.3321451,0.1865662,-0.2028228,0.5501551,-0.3218499,0.05109808,-0.1229066,-0.7653409,0.01367313,0.03551334,-0.2349101,-0.06636158
0.6036525,0.055221,0.01415983,-0.03340986,0.1035579,0.4209919,0.0556137,-0.04645953,-0.1032645,-0.1091335,-0.0002623407,1.167249,-0.0005382905,0.3078976,0.03008175,-0.07131244,0.3693681,0.07450341,-0.528331,-0.2460481,-0.3123329,-0.1380239,0.01716461,-0.3691524,0.0003090551,0.7307824,-0.3484643,0.5350395,-0.2318198,-0.04191166
-0.1539141,-0.0665407,0.2283343,-0.04957481,0.2457879,0.05476734,-0.06162076,-0.4814714,0.2059505,-0.2237263,-0.273702,-0.1965305,0.56892,-0.09819527,0.1400192,-0.3166313,-0.07973339,0.02183763,0.003547835,0.02556468,-0.001104101,0.0242663,-0.0009301354,-0.2991259,-0.1099442,-0.3084133,0.3683056,0.01952246,-0.02097481,0.009164457
0.2269958,-0.005346512,-0.2408404,0.3164048,0.009409328,0.7272075,-0.2898121,0.009423712,-0.1318795,0.05859192,0.7014969,0.1077421,-0.3097438,-0.4133223,-0.1062121,-0.1212083,-0.01438874,-0.33474,0.4560973,-0.01533124,0.3769298,-0.5873032,0.07408509,0.09852093,0.396727,0.1384188,-0.2686986,-0.1096547,-0.03815939,-0.03953992
-0.04658831,-0.05178418,-0.06164211,0.004723738,0.001259767,0.7684127,-1.989927E-05,-0.08018094,0.1105017,-0.1271637,-0.0416044,-0.02253903,0.3863698,0.03780318,-0.6134703,-0.4951342,-0.2042406,0.03364331,-0.05997826,-0.3610377,-0.04352349,-0.1981823,0.9709386,-0.0253709,-0.1221028,0.000603707,-0.0628441,0.001243746,-0.1852614,0.1364025
0.4465357,-0.04187916,-0.3258137,-0.02602619,-0.05030562,0.4974619,-0.1441115,0.1251117,-0.08950964,0.9251741,0.1159153,0.4207186,0.05486156,-0.02450585,-0.1636816,0.02612354,-0.129558,0.02839913,-0.05485791,0.2282341,-0.1664279,-0.2087771,0.3772599,0.08406311,0.1254797,-0.1297214,0.0002867983,-0.005797449,0.008192658,-0.0287291
0.05250932,-0.1495009,0.01689572,-0.6015682,-0.002398742,-0.04354174,0.02204448,0.3891453,-0.5082115,-0.2914454,0.3056805,-0.1437364,-0.03937115,0.3028516,0.5028231,0.1883563,0.08717912,-0.7382811,-0.3781621,0.1127765,-0.4304296,-0.02041089,-0.1966195,0.005739514,-0.04125488,0.442279,0.01592231,0.4514818,0.008454594,0.01120387
0.001773575,-0.09775984,0.01010409,0.1671914,-0.1108809,0.6891875,0.01617909,0.4849325,-0.3442464,0.4424092,-0.003195236,-0.02098748,-0.5932746,0.3977536,-0.2159626,0.196852,0.1584279,-0.01930209,0.4679251,0.1585255,-0.05589501,0.2334121,-0.01098852,-0.09064069,0.3444555,-0.2337293,0.002146312,-0.09486505,0.2967902,0.07074625
-0.1979577,-0.3216249,0.09441473,0.4348151,0.1071618,0.2715557,-0.7220901,-0.1667262,-0.05298108,0.01452294,-0.01367741,0.09705733,-0.002586251,0.828925,-0.09015173,0.09519048,0.1955255,0.056896,-0.4148366,0.03467268,-0.08164807,0.01473617,-0.06518304,0.2019078,-0.1683375,0.1077873,-0.01134627,-0.03777985,-0.01657857,0.3475875
-0.2333535,-0.07193635,-0.4777638,-0.1136352,0.1759354,-0.4255309,0.2942394,-0.1371659,-0.1105221,0.001276789,0.01299542,0.247793,0.03860836,-0.3984157,0.2448055,0.4791562,-0.1985849,0.01731932,0.02429304,0.06516663,-0.02050741,0.04103423,0.3897755,0.1109535,-0.1172847,-0.4378915,0.7225188,-0.0735564,0.1074718,0.3256932
0.02947979,0.07504841,-0.2092472,-0.1267425,-0.002107478,0.3033326,-0.2649,-0.001566636,0.1082317,0.2647424,-0.09830825,-0.1074423,0.2372757,-11.82011,-0.1065485,-0.3298154,-0.2343761,-0.09121867,0.7209383,-0.3025154,0.4020907,0.02680583,-0.14064,0.01999468,-0.1981521,0.01466719,-0.01722645,-0.3644449,0.2247584,0.1059793
5.488878,-0.1075297,1.047431,-0.003736175,-0.0694742,0.005353002,-0.1529156,-0.1197326,0.02846688,0.2441246,0.04689216,-0.2021157,0.01193059,-0.0426628,-0.002514724,-0.4924613,0.0332603,0.405097,0.02449137,0.01992313,-0.02448467,0.3006531,0.06542951,-0.03346599,0.0007601916,0.09444806,0.003846453,-0.1242359,-0.02982226,-0.5642182
-0.483569,0.001603363,0.5495818,-0.06852868,-0.1781309,0.2053134,0.09102684,-0.3230081,0.3584097,-0.09610483,0.4172002,-0.251543,0.1406882,-0.2708025,-0.02262198,0.007261405,0.05224605,0.3333887,0.5084296,0.1227985,-0.06308047,0.3859435,-0.1772113,-0.1274856,0.2022692,0.01972978,0.001098402,-0.3473908,-0.1544408,-0.01014417
-0.2141928,0.4000223,0.000983175,0.5270095,0.3054205,-0.09498352,0.02247797,0.2456562,-0.01659163,-0.09186614,-0.476095,-0.002717403,-0.4461532,-0.026624,-0.7160038,0.3928329,-0.07811505,-0.1703348,-0.3825325,0.871263,0.1343173,0.1567322,-0.1428799,-0.01091338,0.4421965,0.1347508,0.04621492,0.1365923,0.2975546,-0.2959282
-0.03545814,0.05907847,-0.02048217,0.03478668,-0.2987577,-0.2274334,0.1329601,0.004052476,-0.1181391,-0.1240674,1.03434,-0.05672697,-0.06703056,0.5339734,-0.2415855,0.2127565,-0.3483714,0.7115471,0.4656724,0.5907618,0.2858279,0.1301525,-0.2062856,-0.08121768,0.09891394,0.4365195,-0.07158948,-0.7735783,-0.1761382,0.5102764
;
-0.003900788,0.1923432,-0.05773503,0.003334327,-0.2540436,0.0690977,0.0567041,-0.3093243,0.4640119,0.4865037,0.09818357,0.0223653,-0.2345288,0.8392304,-0.8131027,-0.4041092,0.3204557,0.03157676,-0.1725824,0.1043202,-0.003356418,-0.1611844,-0.1678293,0.3566377,-0.07158079,0.8506053,-0.3282189,0.0968267,0.0300156,-0.05062149
-0.02213367,0.3396634,-0.4705851,0.01874149,-0.317126,0.03490226,0.1413598,-0.02185323,0.1163481,0.2583492,-0.1637436,0.3630557,0.2096884,-0.3954515,-0.2947675,-0.004765195,-0.06809238,-0.08130449,-0.4062597,0.1253938,0.2090279,-0.001286024,0.01394306,0.2999281,-0.2787916,0.04735869,0.06155929,0.4106398,-0.1231642,-0.09828389
0.1844562,0.146934,0.2639931,-0.05523092,0.1546103,0.1167055,0.01015179,0.1414241,-0.3313335,0.005509365,-0.1085427,-0.09606718,-0.09813291,0.139435,1.321012,0.00624041,0.08335918,-0.1617097,0.270622,0.006874255,0.344784,-0.8748858,-0.04559487,0.007664502,-0.2510096,-0.171657,-0.08277088,0.8170676,-0.2223931,-0.3517389
;
