-0.02613687
0.5482842
0.2016443
-1.119154
-0.4607101
-0.002350328
-0.004732328
0.1504963
-0.2528715
-0.5651718
;
0.08781141,0.490896,-0.07338501,0.5685927,-0.2362604,-0.1808012,-0.1288978,-0.03982934,0.09877175,0.3271936
0.005673703,0.0001409257,-0.1826593,0.4582145,-0.04095981,-0.1755367,0.1604664,0.07512345,-0.07381313,0.02890656
-0.06211113,-0.09419796,0.2779956,-0.381822,-0.1874179,0.02883223,-0.3565657,-0.9343894,0.4531423,0.08363268
-0.2438857,0.001562851,-0.03052749,-0.04696376,-0.002789069,0.01584879,-0.0426051,-2.823691E-06,-0.4568591,0.2528495
0.4962341,0.001897654,-0.3182963,0.2523029,0.4793744,-0.3787428,-0.2731943,-0.005315483,-0.143575,-0.3632929
0.1663044,0.822404,0.1308502,0.2183803,-0.04108891,2.007608,0.06074029,0.04035643,1.051428E-05,0.03265053
0.2021402,-0.4520334,-0.4188245,-0.2541145,-0.01811107,-0.4652839,-0.01205215,0.02267486,0.6364549,-0.2275939
-0.2566147,-0.1771978,-0.3575006,-1.243609,0.03005736,0.04562098,-0.4072275,0.02872002,-0.6302221,0.2541001
2.090863E-05,0.18933,1.683129E-05,-0.2283834,-0.005150198,-0.1158442,0.0005227625,0.0128397,0.04209203,0.1719158
-0.001120148,-0.01025329,0.3606955,0.4260267,0.3512596,0.06461242,-0.1220319,0.1502813,-0.3923179,0.2602435
;
0.004718348,-0.1609282,-0.3459016,-1.08443,0.5337554,0.05422741,-0.6340275,0.2392069,0.4267761,0.01543224
1.563286,0.0132778,0.1184421,0.0936774,0.2242586,-0.5185877,-0.1084097,0.001064656,-0.00465277,-0.004292661
;
-0.02229504
-0.4060521
0.5925274
0.05249689
-0.09395809
-0.1808905
-0.1746982
0.08132751
0.001114959
0.02504016
;
-0.3275931,0.2761382,0.1492393,0.03061344,-0.09564351,-0.053154,-0.3707466,-0.3232684,0.1693076,0.2318206
0.05453795,0.8883096,-0.03242344,0.03072802,-0.213912,0.1135702,0.2535746,0.2704483,0.00262119,-0.01121121
-0.3756551,0.2689204,-0.009374586,0.1471611,0.08065537,0.01705195,-0.05304059,-0.02409106,-0.2229696,-0.2593797
0.3336871,-0.1128775,0.007176382,0.1953174,-0.4779968,0.249197,0.1196849,-0.414976,0.06203697,-0.07302126
1.189721,0.2271535,-0.05189455,-0.06740567,0.04518606,0.01201661,-0.1140153,-0.1404977,-0.002413054,0.01809295
-0.1265455,-0.05728837,-0.2387257,-0.06877093,0.03789717,-0.2029825,0.04255766,-0.006582844,-0.1148633,0.7733305
0.03408533,-0.3320349,-0.08882838,-0.607747,-0.3066542,0.07013007,0.3284044,-0.4801211,0.03450947,0.1235447
0.02792524,0.3119242,0.005492151,0.06606103,-0.4030961,0.2327052,0.7016516,-0.2334896,0.0966081,-0.7351926
-0.02543901,-0.03444903,-0.0362347,-0.1230103,0.001514893,0.3858018,-0.3768724,0.8168468,-0.05811874,-0.26009
0.1870769,-0.4148208,0.1790132,-0.6565723,-2.497543E-06,0.1673974,-0.003363626,-0.3669252,0.07124358,-0.004993028
;
0.4743634,-0.05255268,-1.040465,0.003141885,0.2469654,-0.07542671,-0.06268723,0.05458581,0.4106386,0.0089714
0.4590597,-0.09459347,-0.3522553,0.0546177,0.005514992,-0.04684208,0.1666922,-0.08023924,-0.2533261,0.07461445
0.2720853,0.148327,0.3233634,0.0989458,0.1099788,-0.2835376,-0.6422331,-0.1465768,-0.01089626,0.001865022
;
