0.2586278
0.1605196
-0.009724096
-0.19383
0.3424842
-0.4165138
-0.29264
-0.1330983
0.341646
-0.3116848
;
-0.5233796,0.08601615,0.7536152,0.4295456,-0.01189391,-0.476126,0.9318286,-0.7239531,-0.7145689,-0.6102195
-0.2939214,-0.005214966,0.4322248,0.3070877,-0.2547822,0.1750653,0.2268216,-0.105297,0.142308,0.1968284
0.41166,-0.2925853,0.3883545,-0.009513006,-0.04630762,-0.05505706,0.3243576,0.5828621,-0.09446834,-0.5465649
0.08875708,-0.05590277,0.7593452,0.1304031,-0.1946569,0.02250077,-0.003735095,-0.09540325,0.05749613,-0.1267462
-0.5099205,0.2612392,0.6494367,-0.1346886,-0.3159016,-0.08784827,0.1054761,0.3392823,0.1919578,0.3376191
0.0009313217,1.305102,-0.3142338,0.02679355,-0.2926474,-0.2135415,-0.1634355,-0.06449705,-0.1861214,-0.2065009
0.1897617,0.08466524,0.2818248,-0.2851971,-0.1518664,0.4744596,-0.2542548,-0.00572732,0.06334215,-0.6008991
-0.4564778,0.002357197,0.5361151,0.1168346,-0.3861845,-0.00449415,0.03895627,-0.002279788,0.008507669,-0.3448815
-0.6103606,0.2536621,-0.1507043,0.04143509,0.02866975,-0.04146471,0.02905256,0.01355158,0.4775907,0.3898661
-0.1592927,0.01226634,0.02661219,0.4460003,-0.5184109,-0.1576751,0.1663011,-0.1425756,-0.002570887,-0.1492388
;
-0.0001631609,0.002534568,-0.5381737,0.0004749963,-0.01186616,-0.06772142,-0.01113259,-0.02944726,-0.4961349,-0.4168998
0.03903565,-0.2765691,0.01430348,-0.09073987,0.1074726,0.9266242,-0.03495195,0.02128655,0.013776,0.01533836
;
-0.01606106
-0.5301374
0.2281502
0.3855907
-0.3303068
0.2459475
-0.3550149
-0.08132751
-0.3431782
-0.02133068
;
-0.1522712,0.09122614,0.1492393,0.3537486,-0.2119919,-0.4601156,0.5190356,-0.3286998,0.07909606,0.4914954
-0.4119506,0.1171887,0.06451014,0.4376004,-0.05463737,0.3321283,-0.9185148,0.3951502,0.09312908,-0.02876569
-0.161656,0.1595232,0.3098258,0.3506681,-0.4183729,-0.2288296,-0.2129105,-0.1373869,0.2343967,-0.6524592
-0.0004748879,0.08969248,-0.4502027,0.02794101,0.002743879,0.2519508,-0.4753835,0.4670319,0.3460703,0.06446725
0.5790398,0.4928045,0.07210237,1.241633,0.02587861,-0.1278034,-0.3560533,0.3286543,-0.1520999,-0.002573195
0.1368707,0.3372962,-0.00425759,0.1314238,0.1341415,0.4148923,-9.731053E-05,0.00983047,0.2400082,0.5641452
-0.3122222,-0.01552281,-0.000380658,0.1771843,-0.01288432,-0.4220332,-0.1814067,-0.5555494,-0.06405073,-0.002125189
0.07158325,-0.0253179,-0.4036767,0.03722044,0.4480797,-0.2340707,-0.4790778,-0.008520314,0.02220851,-0.2783227
-0.06319059,0.1802739,0.5338926,0.002633893,0.00134885,0.2914829,0.01602497,-0.1691812,-0.6334732,-0.2357462
-0.794009,-0.3508037,-0.1359624,0.4049855,-1.733238E-05,0.1030424,-0.001937,0.1407226,-0.06206238,-0.2633264
;
0.7106877,-0.3271021,-0.3638913,-0.0138058,-0.1088302,0.04012445,-0.431614,-0.1282581,0.4106386,0.007107198
-0.4622207,0.5968326,-0.4791646,-0.03575718,0.007568341,0.08788947,0.05650573,-0.3000929,0.2641957,-0.3085469
-0.2720853,0.2960305,-0.2822921,0.1822148,-0.006532233,-0.05321962,-0.2954599,-0.07897812,0.1753161,0.04970844
;
