0.1244492
0.1927925
-0.1919567
-0.01363176
-0.3042367
-0.1642299
-0.4026687
0.203367
0.2044181
0.1621574
;
0.3191797,0.05357844,0.1351905,-0.1614888,0.09537667,-0.08855242,0.02401537,0.3861439,0.1233884,0.1763102
0.2227815,-0.1092617,-0.1654591,0.0487638,-0.05643088,-0.2433726,0.2838488,0.01548356,0.1742596,0.1340387
-0.1752002,0.1369198,0.1096708,-0.09621018,0.1208636,0.03131884,0.01638681,-0.3793674,-0.2325231,0.3740414
0.03755981,-0.4057416,-0.3045162,0.1658592,-0.06815356,0.3133925,0.3888537,-0.3124447,-0.1001667,-0.06359118
-0.3873808,-0.2186291,-0.07061523,0.382905,-0.3220088,0.4520725,0.3753997,-0.38801,0.07491869,0.1591567
-0.4562237,0.4311889,-0.511214,0.1752899,-0.2416052,-0.1225751,0.06510025,-0.3192892,0.01757747,-0.4574986
-0.2221389,0.3077157,0.01281446,-0.1233005,-0.4877441,0.3565522,-0.8029463,-0.3224174,-0.3361539,-0.3035918
-0.02036172,0.4971254,-0.02113003,-0.05965418,0.09722775,0.0693149,0.203534,0.1256113,-0.4569314,0.726371
0.2779002,-0.05965859,-0.09240483,0.4691019,0.08379537,-0.1606752,0.4094207,-0.2037839,-0.2365898,0.02310365
-0.2854507,-0.5607327,0.1712266,0.1800766,0.0673731,-0.2172428,0.05714732,0.3325843,-0.4189638,-0.4817914
;
-0.2729869,0.07874447,0.04360968,0.4664968,-0.1296243,0.3547367,-0.1828139,-0.2326255,-0.3131866,0.1964073
0.2008648,0.006950557,-0.2714759,0.07707113,0.09683365,0.209383,0.2987705,0.1282146,0.4859217,0.4667546
;
-0.2219035
0.05034584
-0.0837141
-0.4855996
0.4723047
-0.1286373
0.4560946
0.2959985
0.3446774
0.1592886
;
-0.2459465,-0.4394888,0.196599,0.01602,-0.08905393,0.1640591,0.4450126,0.4043015,0.2707806,-0.1139221
0.03602463,0.4812562,0.3936437,0.1873714,-0.1298125,0.005655706,-0.1485552,0.1000296,-0.469111,0.1982338
-0.1268085,0.2352943,-0.2173048,0.2304848,-0.4555269,-0.2156785,0.4712518,-0.1004366,-0.04844195,-0.03079051
-0.4027208,-0.07452542,-0.3218135,-0.4655355,-0.4749284,0.3971393,-0.4728361,-0.2505388,0.1095302,-0.3886925
0.193956,-0.4527218,-0.2281139,-0.09516498,-0.2430812,0.2667713,0.2571765,0.2888871,-0.03855437,-0.21841
-0.3512034,0.3307128,-0.3886691,-0.4992964,-0.4297307,-0.4635764,-0.1186314,-0.09694582,0.4270762,-0.2071646
-0.3555597,-0.05615133,-0.135735,0.2510411,-0.3241454,0.1612638,-0.4899031,0.07735091,0.1079332,0.1356184
-0.04997379,0.4408263,-0.1358796,0.09965509,-0.1009666,-0.413113,0.4025259,0.05782801,0.3821243,0.4720976
-0.3236195,-0.01499552,0.6370751,-0.08243078,-0.4769,-0.1435944,0.3246174,-0.3629781,0.365695,0.05184823
0.4018698,-0.2948055,-0.2878146,0.192103,-0.3268806,0.1444895,0.1421853,-0.3913194,-0.1467624,-0.3054359
;
-0.3313011,0.1934365,-0.09568673,0.15433,-0.3161094,0.1769919,-0.362506,0.446926,0.22066,0.09950608
-0.211963,-0.001646459,-0.465212,-0.0008146167,-0.4168934,0.2845838,-0.1213891,-0.2035198,0.4895332,0.09554356
;
-0.01053614
0.06169277
-0.03229069
-0.4828154
0.4073412
-0.00650204
-0.2614757
-0.0005367267
-0.3825891
0.1860741
;
0.107443,0.001581352,0.3620839,-0.4308295,0.5788578,-0.4065162,-0.494049,-0.7456212,0.1902671,-0.3275729
-0.2066231,-0.1884674,0.007229924,-0.3772117,0.002048672,0.09140097,-0.2597145,-0.4488701,-0.1421949,0.5449818
-0.3186725,-0.2747577,0.239177,0.05352408,-0.2896873,-0.3041196,0.01952525,0.1903022,0.1364953,-0.04100884
0.09249815,-1.22374,0.001851774,-0.3067594,-0.06765546,-0.01525597,-0.2254301,0.1010754,0.02480581,-0.2840873
-0.1806796,0.01553768,-0.5791631,0.485673,0.02599724,-0.1538783,0.2473208,-0.3658288,0.1903777,0.2083608
-0.158199,-0.841609,-0.6709729,0.2783015,0.102558,0.07663907,0.08008431,-0.04000539,-0.3259535,0.1629162
0.5660028,0.2849216,0.249969,0.3479797,-0.008732295,0.4218175,0.3992382,0.003813326,0.02093429,-0.06915317
-0.006928772,-0.430934,0.02986909,0.08013815,2.225216,-0.2954854,0.01089206,0.46962,0.1455796,-0.2949736
-0.106154,0.06314581,-0.1335683,-0.224596,0.4576515,0.1096184,-0.3167362,-0.0002523065,-0.2082257,-0.1775713
-0.1819112,-0.3296868,-0.5537846,-0.02845747,-0.007857952,0.140246,-0.001126525,-0.3806593,-0.007113159,0.01550274
;
0.6172405,0.001059387,0.02272955,-0.3873401,-0.01358297,0.3551434,0.08556187,0.346593,-0.4882828,0.278658
-0.005991335,-0.4580363,-0.2189212,0.03739051,-0.2382466,0.02387947,-0.01940142,0.002404824,0.02999936,0.1576794
;
0.2085712
-0.435647
-0.2665472
0.2222227
-0.6477289
0.1775132
0.9659292
-0.05364406
-0.5449354
-0.09210271
;
-0.4649623,0.08487742,0.4571787,-0.158802,0.08193573,-0.3915824,-0.1987674,0.08275983,0.004773389,0.05952624
0.02228071,0.2870349,-6.856209E-06,-0.371242,0.2447879,0.006592458,-0.02323407,-0.05064704,-0.06350774,-0.007464588
0.04478813,0.05309974,0.2467126,0.004197778,0.1148381,-0.3728277,-1.218997E-05,-0.2776852,-0.2626213,-0.1027977
0.01649029,-0.2981941,5.427357E-06,0.1439751,-0.324331,-0.002358948,-0.02412983,-0.1151974,-0.5137491,-0.04046931
-0.2385244,-0.03769704,-3.467134,0.008419223,0.04857756,0.01680393,-0.001560461,-0.4951593,0.3509008,-0.1353586
0.8726642,-0.710801,-0.1281229,-0.579105,-0.02774567,0.03333608,0.03553103,-0.3823781,0.04772242,-0.00118116
0.07934584,0.4288732,-0.315925,-0.2701842,0.1187536,-0.2905071,-0.1767931,-0.4907987,0.2222702,-0.860478
-0.1455908,0.003998782,-0.1323327,0.07220619,0.8523237,-0.2292174,0.125902,-0.3355417,-0.02131906,-0.005420063
0.2189737,0.02672476,0.02201306,-0.174192,0.1663801,-0.01241857,0.4724125,0.0002974573,-0.1274463,0.4607267
0.393443,-0.432785,-0.1579069,-0.307663,-0.04542722,0.02477289,0.1389174,0.5248898,0.4734225,-0.3219217
;
-0.032168,-0.3672647,-0.1753883,-0.2618206,0.07940024,0.2464455,0.09437414,0.3667907,0.4638344,0.4270077
-0.0001472234,0.1086324,-0.0004194108,-0.4455296,0.4641867,-0.1761069,0.3829886,-0.008123503,0.004555878,-0.3220339
;
-0.07822839
0.03079502
0.1207887
-0.1278974
0.2693434
0.3338437
-0.2085715
0.0810414
-0.07933027
-0.2384868
;
0.00321516,0.2466502,0.04527944,0.02681655,-0.0790059,-0.007998577,-0.2038684,0.01923865,-0.09032062,0.01718885
0.5791901,-0.006712186,-0.6562982,-0.05646523,-0.601661,-0.2222708,0.4220946,0.339758,0.05980941,0.1710421
0.331099,0.0522651,0.4498403,0.2712635,-0.118497,-0.1921126,-0.001319025,-0.232572,0.04904636,-0.3320936
-0.2509325,0.03020483,-0.02362437,-0.1223177,0.3063955,-0.05258531,0.06014447,-0.06794579,0.3674506,0.001549961
-0.05721899,-0.1752658,-0.04349839,0.03812116,0.2753007,0.002819093,-0.09131484,0.3965946,1.986379,-0.2118853
-0.1265349,-0.09952895,-0.273598,-0.275828,-0.1077242,0.204395,-0.3877977,-0.2859374,0.4212949,0.07622629
-0.8271346,-0.2094002,-0.4197737,-0.2368848,0.3743055,-0.3498267,0.2985284,0.03180201,0.02121207,-0.001166165
0.299738,-0.3941007,0.008024581,-0.0388835,0.09235872,-0.2655791,0.300736,-0.1814321,0.006376139,0.07406133
-0.275638,0.001460827,0.2376938,0.6784953,0.02039761,-0.12385,-0.1413762,-0.4230753,-0.3506804,0.1707945
-0.2525775,-0.01205389,0.1736334,-0.1225565,0.1576133,0.2528877,0.1500233,-1.117514,0.5845833,-0.1481555
;
0.1747495,-0.2142121,0.5724736,0.03762912,-0.4914277,0.44169,-0.006481904,-0.3618721,0.2710025,0.4356382
-0.2909068,0.008208573,0.4282917,-0.2205603,-0.01020028,0.1360773,0.4285107,-0.3899778,-0.4691952,0.3023493
0.386975,0.5332421,-0.05905249,-0.2847404,0.04207128,0.208388,-0.5869949,-0.5901106,-0.02962008,0.01616085
;
-0.01864284
-1.145459
-0.02315435
0.007597586
-0.0260091
0.4679929
0.03179139
-0.03227848
0.1510184
0.475885
0.3574857
-0.08715598
0.1851961
-0.08161106
0.434128
0.2739557
-0.08525584
0.1328874
0.2913675
-0.1113891
-0.1051382
-0.3076819
-0.4369728
0.1519041
-1.949719
-0.3065282
0.5167452
0.433576
-0.0102785
0.324147
;
-0.01484456,0.9611355,0.1633134,0.3321502,0.2047055,0.1031636,0.5608143,0.2690469,-0.7422645,0.02022702,0.3211918,-0.451215,0.02026589,-0.2865287,-0.2370193,0.1233371,-0.01315433,0.04413233,0.4573815,0.09788054,0.0183626,-0.0736739,-0.2517507,-0.02956191,-0.07977727,0.007925212,-0.4198431,0.9429584,0.2735931,0.1700117
-0.07178731,0.01723255,-0.2518847,0.4365458,0.1303668,0.0990992,0.2417158,0.2021561,-0.1140525,-0.1185781,0.4134999,-1.011953,-0.2357061,0.03361449,-0.4931685,0.2771719,-0.01758878,0.00636064,-0.01348045,0.08581096,-0.03703065,0.5533869,0.03319814,-0.26244,-0.1773848,-0.4415078,-0.09568332,-0.1134747,0.1566183,0.1634738
0.05586475,0.2495735,0.2614495,-0.2120686,0.4448228,-0.02179001,-0.2307021,-0.04904369,-0.04681412,0.2035221,-0.1481614,-0.08944478,0.03906117,-0.1063718,-0.3401071,0.8147448,0.4739407,0.3515997,0.4494173,-0.007604649,0.07233761,0.2304321,-0.3271857,0.127468,-0.2489632,-0.1559227,-0.2492532,-0.4835444,-0.01148435,0.2646664
0.07352135,0.3039706,-0.03918405,0.3899121,-0.06382424,-0.0167783,0.1082144,-0.04719836,0.4974256,0.2921728,0.01681654,0.6712328,-0.1230808,0.2469263,-0.07614225,-0.3159868,0.4227984,-0.007714263,0.366322,0.2925471,0.2893642,0.5495201,0.2089376,0.08396751,-0.4063576,-0.4303044,-0.02259022,-0.02472409,-0.1461316,-0.1747733
-0.4460214,0.006040315,-0.1322136,0.1088132,0.009728908,-0.2160413,-0.4032864,0.7880535,-0.5708433,0.04395002,-0.04931965,-0.04247981,-0.06020958,0.02347771,0.008526443,-0.08524674,-0.0126838,-0.2005926,-0.1693571,0.2821003,-0.02918579,0.05987474,-0.2099583,0.2766581,-0.04878285,0.1963547,-0.05010623,1.150485,0.09126256,-0.8992413
-0.2728833,0.07178169,0.0008991361,0.1375288,-0.01637132,0.1611527,0.08257978,-0.4068808,0.1573474,0.3736238,-0.03429104,-0.3911083,-0.1125841,0.07153329,0.1533525,0.2928185,0.08002782,-0.3692104,-7.726774E-05,-0.1205352,0.1970365,-0.2342317,-0.04163998,-0.1498406,0.0890891,-0.426555,-0.001122689,0.6114003,-0.4661769,0.09690654
0.3811427,-0.2505827,-0.3610456,0.189681,-0.1825933,-0.1178883,0.5506634,-0.0004645219,0.2482029,-0.1928744,-0.03287156,0.2268314,0.02874273,0.2002006,0.1168109,0.5801716,-0.4426427,-0.3228128,0.2958281,-0.02612144,-0.114037,0.03950704,1.465387,-0.07005967,0.3595806,0.002815392,0.2418913,0.3633226,-0.1534659,0.812664
0.1449723,-0.3870766,-0.3205619,-0.7408648,-0.4045519,-0.1550381,-0.2211659,-0.0101216,0.2867693,0.4951817,-1.260386,0.03929108,0.480657,-0.2251482,0.4780272,0.0853073,-0.4343019,-0.0006786858,-0.1997927,0.2466273,0.6682959,-0.2017606,0.2579896,-0.03518373,-0.01903786,-0.7619829,-0.4411248,0.09978711,-0.03896935,-0.02037348
-0.4871131,-0.2743402,0.2028828,-0.3710856,0.01306447,0.09350544,-0.2178538,-0.3968546,-0.2297467,0.2926766,-0.4834895,-0.6267283,-0.04176933,-0.241336,-0.004703273,-0.222854,-0.1521973,0.3314467,0.01144532,0.2831951,-0.01706114,-0.3461516,0.1000478,0.04720603,0.3707032,-0.4803906,0.101278,0.009641134,-0.001943368,-0.006782575
-0.6452895,0.04929534,-0.1021337,0.3683389,-0.3021458,-0.4171139,-0.3783828,0.183565,0.4501472,0.2512305,-0.3156376,0.2194732,0.4132243,-0.4056036,-0.3766507,-0.1785882,-0.3487483,0.3169427,0.1583361,-0.04350644,0.682004,0.1240494,0.03756195,-0.4146968,-0.9549116,0.04964954,-0.2210908,0.4204339,0.1774369,0.003589636
-0.3764758,0.2212519,0.00972369,0.3115984,-0.3001919,-0.0417311,0.4781144,-0.4540195,0.2187611,-0.02092072,-0.1416587,-0.06372234,-0.0363452,0.3437648,-0.002453872,-0.4040699,0.02163341,-0.3239766,-0.309449,0.08842704,0.320439,-0.2884761,0.294813,-0.1678028,0.3603922,-0.3858919,-0.2375038,-0.04391323,0.1821357,-0.2809553
0.01735085,-0.4645648,-0.4510628,0.5241075,0.3302749,-0.0130927,-0.7699169,-0.001798942,-0.3619306,-0.05823344,0.2603778,-0.2384223,-0.2659571,0.003970819,-0.2625409,0.07873754,-0.7170328,0.2840249,0.3682984,-0.4507833,-0.3694713,0.421021,0.4078346,0.3784912,1.543735E-06,0.2747959,-0.08888608,-0.3393198,0.2223993,0.1511167
0.3465728,-0.02781807,0.0210397,-0.7858425,-0.08412295,-0.339645,0.09755132,-0.05097906,-0.4128644,0.03587419,-0.007205546,0.00839382,-0.00168821,-0.0861913,0.2105208,-0.2455596,0.2946668,-0.4066496,0.4521711,0.1808184,0.217836,-0.2923211,-0.06274384,0.4655862,-0.4226506,0.2559972,0.01555532,-0.3575254,0.186637,0.2703742
-0.04689011,0.1360092,-0.1530178,-0.1538534,0.02984935,-0.08698729,0.3951697,0.09515606,-0.459705,-0.2702514,0.3256168,0.1393684,-0.1263698,-0.3643181,0.2338927,0.1522391,-0.1942686,0.2294392,-0.119042,-0.3023891,0.2103083,-0.04251612,-0.02645606,0.0004652942,0.2420469,0.133899,-0.06794626,0.09551617,-0.03254176,0.001439251
0.1071941,0.5818285,0.2878501,-0.393703,-0.0258204,0.2092345,-0.05068427,-0.4873464,-0.405229,-0.3216966,0.1938589,0.2510707,-0.01821647,-0.3906404,-0.03892971,-0.3785856,0.1404582,0.3755523,0.3993585,0.417826,0.2367432,0.02775484,0.3213876,0.5377887,0.2594561,-0.6667354,-0.1078685,0.1137376,0.9088593,0.07292253
0.1491937,0.04697034,0.2159893,0.002891937,-1.613234,-0.2597481,-0.0062978,-0.0112058,-0.05788681,0.6706253,0.04057027,0.1656705,0.4397898,-0.03813447,0.03712515,-0.1067562,0.009529511,0.04668259,-0.01094275,0.6173146,-0.008070213,0.4065745,0.4306159,0.4719099,0.02941526,-0.002754731,-0.1625312,-0.01310235,0.3437809,0.008077908
-0.09089106,0.3554132,0.07522111,-0.1622645,-0.9073564,0.005839957,0.286593,-0.006682384,-0.355062,0.002633962,-0.1884599,0.2721714,-0.2610035,-0.7264631,-0.1094037,0.3554602,0.01583892,0.0272839,-0.09897994,-0.1399314,0.4092356,-0.005604811,-0.07687619,-0.4073997,-0.3413944,-0.4575089,-0.01630503,0.2104583,0.212132,0.0009544781
-0.3578248,-0.0009455391,-0.1680385,0.2639424,-0.01277506,2.366512,0.2356809,-0.9205705,0.04092532,0.0228338,0.05480248,-0.2237733,0.06164819,-0.00378497,-0.3705833,0.01663714,0.3361458,-0.4986292,-0.1571956,-0.1270879,-0.0006457489,0.1467546,0.1101361,-0.4523103,0.3565352,-0.03318113,-0.0200852,-0.3099276,-0.1224346,0.2214241
0.1243308,0.1188495,0.3260645,0.4303241,-0.02192674,-0.916302,-0.1862528,0.3934937,0.0006847957,-0.007943166,-0.1371222,0.09478533,-1.851751,0.1406494,-0.4841642,0.00045677,0.9817597,0.398504,0.2525562,0.8605499,0.3558792,-0.3473446,-0.1159441,-0.002216353,0.031003,0.06043545,-0.2764566,-0.2584673,-0.01031577,0.3740382
0.009073914,-0.2204282,0.1429848,-0.0683297,-0.00119107,0.2185016,0.02665722,-0.01381117,-0.2634656,-0.03900833,0.4728148,0.1036519,0.3532511,0.1251968,-0.1722986,-0.7073922,0.01304613,0.2061383,-0.3755933,-0.02559161,-0.05588165,0.05792171,-0.2840592,-0.2454975,0.05562675,-0.8787425,-0.04253498,-0.07425517,0.02553683,-0.09591848
0.2976717,-0.3105969,0.01607078,-0.03169815,0.3560126,0.6373092,0.0202896,-0.3267046,0.07249277,0.1656608,0.3408334,0.3586565,0.127867,-0.06146461,-0.03159915,0.2879899,-0.0812223,-0.4454613,0.9746007,0.01393481,-0.03595119,-0.1915737,0.04006851,-0.46202,-0.0007493168,0.1674469,0.1205706,-0.07399439,-0.2629544,0.0631408
-0.4985727,0.4114666,1.094931,1.366933,0.0385768,0.00939256,0.7877972,-0.1189247,0.2909951,-0.2577526,-0.06693166,0.02712624,-0.0096016,-0.2433424,-0.08945352,-0.1817268,0.008342156,-0.33416,-0.04346715,0.3879732,0.1125366,0.1440759,0.1009374,-0.4111539,0.06321496,0.2516532,0.1363188,0.1438354,-0.02264374,-0.3757348
-0.1538756,-0.4651933,0.02455537,-0.0009256639,-0.05133623,-0.1715136,0.2503041,-0.0005914232,0.499339,-0.2737691,-0.4067485,0.02463722,0.3840425,0.05680031,-0.1647771,0.02153875,0.000114594,0.3021109,-0.05295151,0.3575728,0.06405554,0.5486872,-0.5211331,0.001462119,0.005222487,0.4582075,-0.001502605,0.1519739,-0.481714,0.01683944
-0.1037469,0.07324758,0.112726,0.1256579,-0.1754169,0.824235,0.3309911,-0.1142309,-0.0230405,-0.2382239,0.026595,0.1749313,3.463894,0.2299653,-0.04594648,-0.531655,0.4014666,0.3241348,-0.4923937,-0.01318719,0.001027156,-0.2528659,-0.04283259,-0.007288873,-0.2994636,0.2363129,-0.2002001,-0.299351,-0.4573196,0.4835143
-1.293939,-0.01194581,-0.2024463,0.5885622,0.156944,-0.2229049,0.001644825,0.02891222,0.3807666,0.2387956,-0.3734302,0.4084274,0.273421,0.8715324,0.09921352,0.5206678,-1.117798,-0.08114614,0.494554,0.01938634,-0.008143019,-0.00902397,-0.03093373,0.2068415,-0.05941492,-0.01745913,0.004694576,0.2955502,-0.02828218,0.1707741
-0.3714904,-0.06694224,0.2348933,0.06153983,0.4079804,-0.01086394,-0.02880059,-0.9855106,0.386249,0.2061643,-0.04174625,0.2356868,0.5447671,0.006942083,0.7596807,-0.1020225,0.04753405,0.01946314,-0.01167642,0.06962691,0.04331085,-0.2851265,0.01058012,0.03627625,0.120238,-0.3262206,0.314754,0.1452418,0.4258187,0.1098179
-1.079544,-0.04513212,-0.2210222,0.131809,0.2923878,0.1167231,-0.2140456,0.01024848,0.00650043,-0.06502314,0.06658167,0.1846763,0.01541188,0.09132492,0.2240716,0.1001663,-0.2555203,-0.1087686,0.2100577,0.01829153,0.000692766,0.07044078,-0.1351122,-0.03282878,-0.3343778,0.2334968,-0.2274105,-0.7041584,0.2566005,-0.001906626
0.6087177,0.04526285,0.08609182,-0.03907524,0.3762544,-0.6370652,-0.06600462,0.2240797,-0.4473826,0.5152645,0.3544745,2.751651E-05,-0.04615772,0.3474077,0.3062501,0.2623478,0.07919019,-0.2261947,-0.4854205,0.227382,-0.3428551,-0.05438385,-0.4684029,-0.1325269,0.5160148,0.2568723,-0.0774508,0.2059882,0.2731209,0.007655462
-0.503038,-0.0008032371,-0.01903957,-0.3384266,-0.4033597,-0.02135145,-1.054413,-0.03887266,0.2757438,-0.4224644,1.631633,0.1090353,0.2037564,1.327043,-0.001761234,0.304708,-0.08661389,0.2830275,-0.03981102,-0.183156,-0.009675721,0.2275017,0.5342715,-0.4554844,-0.3793525,-0.4103775,0.6350416,-0.3820381,0.004885343,0.2809271
0.07639007,-0.5051005,-0.02918303,0.7480777,-0.3347814,0.5692405,-0.08993588,-0.3960747,-0.2845691,0.01283725,0.3859367,-1.146221,-0.03677458,-0.1123399,-0.02605341,-0.1972918,-0.003308815,0.4306827,0.2184135,0.0002426221,0.270436,-0.2922051,-0.2163213,0.2624105,-0.06680518,0.04060324,-0.05058366,-0.1064457,-0.01379049,-0.4931523
;
0.05268137,0.1425124,0.4588265,0.3675182,-0.52142,-0.2053981,-0.1961814,-0.264995,0.008771976,0.09900939,-0.02753641,-0.04382163,-0.04427773,0.4453003,0.4633553,0.3179343,0.5296684,0.4081459,-0.3093171,-0.4397051,-0.02878338,-0.4698418,-0.4284365,0.1204172,0.3595772,0.01872319,0.1040053,0.1137247,0.07537738,0.1539217
0.1059771,0.01993971,-0.2045361,0.06919646,-0.1428299,-0.4052293,0.08262404,-0.4408627,0.08811883,-0.1214023,0.1076428,-0.3763251,-0.2212457,0.398989,0.05981068,-0.06009191,0.7329313,-0.5060732,0.06271917,0.3285313,-0.108727,-1.017352,0.04229639,0.001377499,0.3907006,-0.3498133,-0.6933793,0.01140192,-0.3001878,-0.02662438
0.2638346,0.4665648,-0.05784124,0.07882938,-0.2342061,0.2611095,-0.3522511,0.4277387,0.08925062,-0.2440463,0.4103812,0.01448792,0.5292221,0.4330266,-0.1524327,-0.161555,-0.1715887,0.4924886,0.05258502,-0.1353893,-0.07917434,0.0002308959,0.06587023,0.02321682,0.3181978,1.187404,0.02604662,0.07357806,-0.1750962,-0.2368895
;
0.2713378
0.01287162
0.6319675
-0.3826141
0.4719675
0.09891249
0.04095954
-0.1929684
-0.3429803
-0.7759277
-0.1591582
0.07406417
0.1216131
0.03137022
0.1275253
0.0419055
0.1679836
-0.3119541
-1.907458
-0.72853
-0.4287829
-0.03000267
-0.498314
0.929287
0.02085954
0.02467589
0.198057
-0.4849563
0.06519838
-0.1314533
;
-0.05337183,-0.02629316,-0.2450815,-0.02480269,-0.1057981,0.1056299,0.3519885,-0.3541348,-0.1102607,0.04593533,-0.1820294,0.01064762,0.2261094,0.1298436,-0.08659869,0.05101455,-0.2338577,0.007962851,0.1752747,0.4263597,-0.6576286,0.02934493,-0.529889,-0.1067976,-0.5255307,-0.6180183,-0.4726037,-0.01679442,-0.002312423,-0.6513915
-0.1235813,-0.0361084,0.391937,0.07682747,0.04879597,0.4761692,0.02015989,-0.0007415768,0.6428042,-0.1339882,0.4759021,0.7820821,0.2591773,0.624038,-0.6676825,-0.09117931,-0.1894912,-0.01155773,-0.09987169,0.5445426,0.2131584,-0.03446443,-0.2045184,-0.3119811,0.04435243,-0.05222701,0.02848653,-0.4950035,-0.01330996,-0.6342946
0.08376926,-0.0002575404,0.3224845,-0.1737017,0.242809,-0.1836539,0.2779219,-0.06841268,0.2788954,0.04888179,0.01997033,-0.01156392,1.340142,-0.1395025,-0.2293503,0.05887372,-0.4771284,-0.01937892,-0.1484355,-0.4413764,-0.3987655,0.4134861,-0.042025,-0.08481926,0.3777008,-0.004486551,0.0004936649,0.4006435,0.002434746,-0.2552465
-0.4063076,-0.2367252,0.2264299,-0.008160786,0.07593393,-0.3647956,0.8367978,-0.2540797,0.4872897,0.001405649,0.07517357,0.05266911,-1.030722,0.1862882,0.008827031,0.3219572,0.2237726,0.3420348,-0.3120134,0.765057,-0.1847801,0.1628883,0.187677,-0.08952442,0.3847332,-1.155984,0.07201471,0.1556992,0.1060795,0.2996967
-0.4407791,-0.4436742,-0.001172413,0.02152481,-0.1239583,-0.002320298,-0.09100167,0.5156323,0.2568144,-0.008130372,-0.8013355,0.2195097,-0.02924722,0.005744222,-0.03094086,-0.2153268,-0.2279233,0.3413739,0.01828784,-0.1156787,-0.1532603,-0.05355899,-0.2855932,-0.001478232,0.3074178,-0.1023388,-0.1025303,-0.1919821,0.05303913,-0.003574421
-0.1175051,-0.1025992,0.1212203,0.147328,0.5771607,0.1918812,-0.08043259,-0.007655203,-0.03369111,-0.02276331,-0.2922156,-0.001670134,-0.02703639,0.3441168,0.1021941,-0.2979919,0.08164638,-0.04612257,0.1453341,-0.2568585,0.4486774,0.8789161,-0.08053605,-0.2278701,0.01114671,-0.6224948,-0.06181367,-0.0305329,0.2313418,0.04561204
0.02849688,0.09256119,0.3870324,0.03996948,0.3356502,0.05415672,-0.1712207,-0.04505426,-0.05168581,0.5031731,0.7089208,-0.2898208,-0.3100968,-0.2090598,-0.2420845,0.4516075,0.1874437,-0.4028834,0.07127132,-0.424083,0.02250467,0.005840916,0.3811368,0.3612595,-0.472826,-0.02368337,-0.02892882,-0.2867812,0.08058608,0.1127892
-0.3058056,-0.04857486,0.135024,0.4926578,0.4003778,-0.3813329,-0.2881864,-0.02751775,-0.1038713,0.3207524,-0.3482759,-0.1890935,0.3299472,-0.2552192,-0.4482988,-0.5311715,-0.3768124,0.8660848,-0.4520147,0.1712869,0.006975114,-0.03184491,-0.7892128,1.049997,0.1685968,-0.005643351,-0.009379271,0.4040333,-0.1342105,-0.367499
-0.4676614,-0.02296562,0.3315558,0.02726376,-0.3203282,-0.06032173,-0.003409316,0.02736993,0.3497798,0.3999748,0.03944299,1.472877,-0.2998562,-0.1074771,0.07789749,0.04706055,0.4425009,-0.4540954,0.6643505,0.01153017,0.3921849,0.1634301,-0.06210488,0.04227385,0.06483608,0.07763606,0.1411694,-0.004664555,-0.1184437,0.2017882
0.09657907,0.3500267,0.09537429,-0.3920224,0.2943293,0.53534,-0.3946925,0.2966051,-0.4023783,-0.007132861,0.57486,0.673795,0.02488822,0.9496782,0.07013231,0.4276936,0.4898407,-0.03833346,0.2801396,0.1260236,0.0130437,0.3188602,0.5505603,0.1170357,0.2739414,0.07674982,0.3519741,0.03725625,0.3672422,-0.03313608
-0.225381,-0.3496865,-0.5636277,-0.01758157,0.3139538,-0.6514924,0.4977174,0.1873028,-0.006972332,-0.1726793,-0.4118986,0.2237768,-0.08967083,-0.2816703,-0.2571533,-0.008598061,-0.2388753,-0.0720934,-0.3482006,0.1043334,-0.9178839,0.5306802,1.150482,-0.1279735,-0.1431616,0.2268324,-0.1739804,-0.2553871,0.2323908,-0.02279155
-0.2210836,-0.1516798,-0.2573209,-0.4550046,0.02640443,0.09125394,-0.4246676,0.3530238,0.13631,-0.4154046,0.1129519,0.002594711,0.04438269,0.08839224,0.4360746,-0.2259635,-0.2194985,0.3348683,-0.4771677,0.2235638,0.4552695,0.008281718,0.08884499,-0.07599322,0.3844827,0.5815052,-0.003161424,0.1664622,-0.398167,-0.1183447
-0.4986839,0.1996994,-0.1755016,-0.1922552,0.07867151,-0.1977446,-0.005053561,0.05189239,0.4728799,0.09531773,-0.003392853,0.6008339,-0.1408504,0.004504967,-0.1880916,0.3216144,-0.288305,-0.1963177,-0.8648466,0.2787013,-0.04525334,-0.08872837,0.05796874,0.4716028,-0.02075799,-0.09906286,-0.2358113,0.3756185,0.1933544,-0.002261341
-0.2775297,-0.03559003,-0.02400963,-0.07739695,-0.02548462,0.1371311,0.148507,0.9630355,-0.6487527,0.399788,0.4216665,0.2874159,0.7560645,-0.4357699,0.2846601,0.1016041,-0.2699951,0.321189,-0.473428,0.2300984,-0.3789194,0.002374528,-0.09735157,0.3914653,-0.3277676,0.2811717,0.04792132,-0.2564629,0.03744503,-0.3871301
-0.3304224,-0.2232648,-0.272686,0.08877331,-0.1459012,0.02001911,-0.1804532,-0.4045661,-0.2261205,-0.3508683,0.5712442,0.4379951,-0.2700052,0.0301006,-0.5654612,0.05364674,-0.07881302,0.1880434,-0.4178455,-0.164889,-0.003337444,0.6103478,-0.04029769,0.06564637,-0.1772588,0.8392583,-0.3050963,-0.02908736,0.2130647,-0.2956834
0.1517033,0.1467605,0.04678863,0.5547459,-0.494507,0.3350778,0.3507898,-0.0495987,-0.06590066,-0.01762593,0.0333672,0.3235185,0.3487146,-0.3557264,-0.5686451,0.1281886,0.3914571,0.1141723,-0.3199885,0.3631468,-0.07560328,0.3656301,0.2413095,0.0797351,0.1133197,-0.4903487,0.09365207,-0.0009106451,0.113952,-0.07261702
0.4895698,0.1886683,0.2749331,-0.00461957,0.04286331,-0.4718919,-0.9196507,-0.4498838,-0.2023792,0.3918505,0.3810812,-0.05446018,0.01325176,-0.2431601,0.1962494,-0.01117712,-0.2371241,-0.3969512,0.3936732,-0.1786756,0.0006151201,-0.1335685,-0.09296528,-0.06115013,-0.002306333,0.008854756,-0.4106601,0.32389,0.1021233,-0.1687683
0.1389542,7.728932E-05,0.09504801,0.2539208,-0.3847376,0.4468558,-0.0630446,0.3623014,-0.03018901,0.2704926,-0.7193235,-0.310552,0.1225131,0.4577754,0.2454975,-0.09435382,0.5341626,0.2446976,-0.562742,0.493223,-0.04749425,0.2601708,-0.03727357,0.4154001,0.7644718,1.326375,-0.257378,0.1529496,0.01087177,0.2212712
0.283674,-0.4098419,-0.1726699,-0.4660197,-0.005581406,-0.5727935,-0.7047036,-0.4629456,0.3045108,-0.330002,-0.4228047,0.02512307,-0.02309006,0.02615748,-0.02577805,-0.465245,0.3314474,-0.01775443,0.01974112,0.3397408,0.1982086,-0.04431546,0.001006026,-0.04167373,0.2696526,0.4157015,-0.2438174,-0.5168608,0.3294069,0.2933513
0.4585131,0.1049665,-0.3622776,0.2957475,0.620277,0.6661699,-0.07855352,-0.2105981,-0.4187324,0.03776329,-0.03809065,-0.2576451,-0.3988322,-0.241693,0.3598014,-0.6629953,0.2143229,-0.4421817,0.1220607,-0.2458767,1.258754,0.1978196,-0.5449861,-0.2286172,-0.02928575,-0.8524299,-0.2148274,0.1285772,-0.7368292,-0.587345
0.198904,-0.1506316,-0.1333686,-0.03520055,0.08967319,-0.06203908,0.403806,1.512952,0.4544933,0.0316678,-0.346822,-0.1658277,0.2515397,0.04199718,0.3617569,-0.2386521,-0.008213783,0.3388716,0.009629324,-6.563935E-05,0.4011864,-0.07081369,-0.4157785,0.04229446,0.1806129,-0.1682464,0.02142814,-0.2667971,-0.2403217,0.3863519
-0.01609828,-0.1823457,-0.07966352,0.005903256,0.08990175,0.3856581,0.2846724,0.2461366,0.1969168,0.465537,0.04123399,-0.01904741,-0.2153717,-0.3543576,-0.836861,0.06566392,-0.1708994,-0.2799942,0.2466337,0.6201363,-0.1753588,-1.485391,-0.6768407,0.2455946,0.01796552,-0.384671,-0.07012115,-0.4163054,-0.02692356,0.004088637
-0.2374433,-0.4266689,-0.3025252,-7.230203E-05,-0.01663052,-0.05702234,-0.05942781,0.1697274,-0.07709042,0.2368306,0.003484572,0.1568507,0.1994336,-0.4195187,0.3185639,0.01080057,0.4977987,0.1209586,0.2360076,-0.1168986,-0.04564427,0.6260585,-0.5782384,-0.1116305,-0.01156205,-0.01529234,-0.08419927,0.02892219,0.0003690891,-0.1852617
-0.4625661,0.08680547,0.1964818,-0.1528752,0.2192132,-0.07952668,-0.4972296,-0.09408634,-0.07504004,-0.2116968,-0.4368398,0.4024893,-0.02409424,0.05628989,0.001779539,-0.6836442,-0.03500468,-0.3242995,-0.3477519,-0.06809392,0.2520087,-0.08801359,0.1680975,0.08855038,-0.007619672,0.8518717,0.4011418,0.01370825,0.3696958,0.009055743
0.499994,-0.0321689,0.1293723,-0.1548641,0.1354374,-0.1704873,0.2994441,-0.2775936,0.3746811,0.4465837,-0.27969,-0.4932705,-0.0184175,-0.4745698,-0.326767,-0.4223877,0.07652663,0.3938322,0.2594342,0.2192995,0.08735363,-0.1173717,0.6986164,-0.146759,0.4203306,0.6353439,0.090159,0.3809848,0.09150833,0.317409
-0.1246384,-0.003349478,0.38519,-0.1006241,0.03011166,0.0003963978,0.645157,-0.1390718,-0.3944135,0.06026584,0.2534036,-0.6850539,0.007253157,0.1303915,-0.2304226,-0.4438006,-1.815026,0.3014147,0.460338,0.02920797,-0.01381058,0.2674198,0.2437629,0.4120395,-0.08075824,-0.1577544,-0.3620285,0.7974848,-0.2659828,-0.7090614
0.2594142,0.03966058,0.07529434,-0.1991739,0.4378109,0.3885427,0.3747147,-0.338048,-0.6795717,0.1719677,-0.4571941,0.4084399,0.02752846,-0.3957958,0.929944,-0.1249322,-0.04649437,0.1961909,0.2607906,0.04674845,-0.1896245,0.213581,-0.120777,0.4046792,0.4861658,0.1760915,-0.2174135,-0.00969207,-0.1044788,0.006498626
0.1706107,-0.2128655,0.04159452,-0.4004014,0.3023909,-0.02758105,0.1205181,-0.1796307,0.698432,0.07849909,0.30594,0.08796442,-0.01582028,0.05481273,-0.1411218,-0.01701079,-0.974082,-0.01899139,-0.3312016,-0.2336298,-0.2996166,-0.370212,0.1728947,-0.2224679,0.09284717,0.2874812,0.1479195,0.7555672,1.994345,-0.07600194
-0.007099464,-0.1921881,-0.1101693,0.1640075,-0.03234317,0.1227686,0.0766715,0.1052101,0.3120756,0.1901133,-0.2280355,-0.236457,-0.2221501,0.326052,-0.1090586,-0.06397689,0.1046178,-0.4679269,-0.09232707,0.2048166,0.0665969,-0.04451602,0.02123477,0.08338317,0.4958925,0.02194493,0.1429432,0.113775,-0.2715358,0.02237801
0.03803809,-0.02800113,0.3124887,-0.3912034,0.471215,0.02730452,0.2068431,0.5488345,0.01731283,0.07511548,-0.4618988,0.03691298,0.6473086,-0.1072047,-0.2841592,0.4939803,0.3347285,0.009054787,-0.038784,-0.002609023,0.4296943,0.1783649,-0.06194776,-0.1550636,0.3540897,-1.897047,-0.0005684628,0.1140341,-5.481541E-06,-0.003042277
;
0.1937153,0.0708276,-0.4845424,-0.1154621,0.3869605,0.489388,0.03212597,-0.2574638,0.7647125,1.167201,-0.4676703,0.7876756,-0.1425621,-0.3316301,-0.2060762,0.05052668,0.1293093,-0.2957119,-0.06750276,-0.06407774,0.8626595,0.2083927,-0.02229577,0.1344889,-0.2703347,-0.04032357,-0.4235972,-0.3823645,-0.06746615,-0.1142279
-0.06591272,0.5880529,-0.270126,-0.2301109,0.1099081,0.4147992,-0.7213435,-0.07494789,-0.1211555,0.004300452,0.4105166,-0.03869266,0.2535368,-0.4550325,-0.4997646,-0.01897295,-0.1912276,0.008805078,0.4865755,0.2102944,-0.5408957,0.6430668,-0.026796,-0.103388,0.3518866,0.2053031,0.007094826,0.06835133,-0.0119283,-0.01029676
-0.05917001,0.1899667,0.1354951,-0.08427614,0.1737157,0.3343925,-0.4034743,0.6235856,-0.1731379,0.002001528,-0.09087022,-0.0003060068,0.3702429,0.4459647,-0.0156317,0.3949081,0.06302872,-0.3380913,-0.1774912,0.1723176,0.4528887,0.2968017,-0.02901529,-1.338319,-0.1322361,0.04811954,0.5912208,-0.4129598,0.004052324,0.6936195
;
-0.1111532
-0.3090857
-0.08524089
-0.06321301
-0.02544992
-0.001057633
-0.3757918
-0.2707449
-0.2995258
0.4075615
-0.03904739
0.3737373
1.162143
0.0231728
-0.0163631
-0.01689504
0.2190362
-0.3430816
-0.4806107
-0.4045265
-0.2985827
0.8081722
-0.4529063
-0.00216112
-0.182785
0.2544695
0.4898526
-0.3654404
0.3748574
0.3678164
;
0.02362701,-0.3675481,0.2201226,0.1245534,-0.07783879,-0.04515149,-0.5941353,-1.527108,0.2287607,0.5749517,-0.5357454,-0.159134,0.06132811,0.1073964,-0.1079046,-0.2374239,-0.206715,-0.0351359,0.2397146,-0.1738127,0.03037281,-0.3848809,-0.4514751,-0.4178879,0.09453863,0.1297486,0.2022506,-0.1259659,0.380996,-0.04492104
-0.3682318,-0.4289814,-0.2030084,-0.04328269,0.4763986,0.3147345,-0.009064039,0.18358,-0.01072675,-0.06023933,-0.02402048,0.4250254,0.3802376,0.2703765,-0.02113984,0.08019777,0.7812036,0.5071688,0.009356439,-0.1725111,-0.3622357,-0.05514839,-0.4399072,0.4295969,-0.1730596,-0.4214232,-0.04530273,-0.09488777,0.1142337,0.2172349
0.04873165,-0.1002833,0.0239237,0.09163648,0.8861597,-0.08577315,0.03339055,0.01486743,-0.3987603,-0.1047309,0.001845844,0.4084167,-0.2427033,-0.3073571,-0.2662359,0.07213178,0.03475996,0.3719795,-0.1569615,0.04091884,-1.060665,0.004243155,-0.2939975,0.4777688,0.3145329,0.02741479,0.4334538,0.4662778,-0.02119316,0.764897
-0.27661,-0.4155167,-0.01277582,-0.005523338,-0.06251153,0.02880345,0.4500551,-0.3061078,0.4136382,0.3321329,0.03569442,0.4764049,-0.2464801,-0.2585051,-0.0991241,0.009696305,0.4227463,-0.001657752,-0.003668923,-0.02747766,-0.3962672,-0.4036374,-0.04998118,-0.1324872,0.2818561,-0.1597745,-0.03943616,0.0250838,0.05346495,-0.05068856
0.5874572,0.1571352,0.527515,-0.6758575,0.3368472,-0.128509,0.02358811,-0.001032406,-0.8131114,-0.5893776,-0.7543367,-0.2448497,0.04055333,-0.04730757,-0.06434399,-0.02695278,-0.620243,-0.01728113,-0.4722416,-0.2622268,-0.07204433,0.08530146,0.04701191,0.08896594,-0.008889019,0.4913845,0.05038816,-0.05117482,0.04369188,0.02052257
0.369131,-0.3441354,-0.07612044,-0.2146195,0.2415402,0.2833301,0.4728625,0.1106459,-0.8123255,-0.004610569,-0.1371513,0.1969153,0.007849741,-0.1039123,0.599219,-0.1587393,0.02475549,0.2279958,-0.2351671,-0.1460583,-0.4227842,0.4161846,-0.02436005,-0.03134205,-0.3451278,-0.09690715,-0.288958,0.3425783,-1.327732,0.1720217
0.4433686,-0.3380383,-0.4518096,-0.1988411,0.1965634,-0.3603984,-0.3969283,-0.5697454,-0.2286813,-0.3271747,0.08889516,0.6871852,-0.008276857,-0.3910338,-0.02932344,-0.3536679,-0.2613593,-0.06081139,0.4079486,-0.06108731,-0.09823352,0.1512098,0.000729794,0.006825864,-0.6981298,-0.05339947,0.4579294,-0.1074307,-0.04460301,-0.6378472
-0.01286613,0.170357,0.5772616,0.3560607,-0.09347904,-0.1598465,0.2861366,0.7696437,0.205325,-0.1219129,-0.4993115,0.4114578,-0.1695862,-0.4972677,0.2372513,-0.3750306,0.3452063,0.3153863,-0.08595636,0.262496,-0.2654927,-0.03439835,0.6915792,0.03690922,-0.1710568,-0.3172799,0.1126456,0.5097818,-0.01308354,-0.08806016
0.0003907122,0.3110508,-0.05652255,0.09490822,-0.1689053,-0.2298405,0.3378425,-0.07791144,-0.01946646,-0.006804508,-0.02171511,-0.2538617,-0.5254699,2.083615E-06,-0.2681084,-0.4001896,0.7731476,-0.280027,-0.2837586,0.08383173,-0.5326127,0.2106385,-0.1329942,0.4329489,0.1390679,-0.4585522,-0.05159472,-0.08884008,-0.2657949,-0.2662146
0.05395234,0.135512,-0.3364534,-0.1182049,-0.03362024,-0.5080052,-0.008221862,-0.3652687,-0.47754,0.5167623,-0.0835349,-0.01328808,-0.2618042,-0.3900944,0.2066444,-0.2535336,0.05242664,-0.1849163,0.03028245,0.02205244,-0.4767908,-0.1157749,-0.2716641,-0.2270256,-0.02262055,-0.06272599,0.8218059,-0.3108176,-0.6637593,0.02684957
0.2522828,0.005663995,0.1488115,-0.2889074,0.06958783,-0.272894,0.04406983,-0.3603236,-0.1436835,0.005722533,0.164443,-0.3657005,-0.1640842,0.4120921,0.04992713,-1.613067,-0.6121536,0.04121697,0.2312587,-0.0009356347,0.4907101,0.02586468,-0.1231636,0.4160609,0.3661857,0.1755693,-0.2290663,-0.1430495,0.009198077,-0.03855535
-0.4513285,-0.03379494,-0.08723205,0.656568,0.05786278,-0.2579027,0.3282557,0.4828864,-0.5798136,0.3012343,0.4738247,0.006513803,0.1562306,2.191545,1.073038,0.00373328,-0.1618272,-0.1279051,0.06474657,0.3651152,-0.09466269,0.2592811,-0.09338377,0.00431959,0.2645282,-0.04152423,0.2972319,0.3899504,0.2573623,0.005355299
0.002790169,0.02572756,0.7591289,0.009573133,-0.5041054,0.1460665,-0.1751212,-0.2036657,-0.3809782,-0.2819908,0.009410163,0.3235326,1.004332,-0.5280527,-0.06254267,0.006938681,0.5991971,0.001294398,-0.0218719,-0.459221,0.03449994,0.2665297,-0.1385717,-0.2665446,-0.0835976,0.101153,-0.9770201,-0.5336136,0.5045383,0.0610985
-0.8681782,0.1840039,1.759108,0.06953605,-1.689225,0.2429676,0.1759772,-0.002960503,0.06558391,0.3785846,-0.1721649,0.4876426,0.15369,-0.4602465,-5.780819E-05,0.462037,-0.04947239,-0.02880423,-0.4635414,0.2399517,-0.1917986,-1.026833,0.02601618,-0.003702072,0.3080552,0.3902848,0.1908432,0.1744324,0.1136521,-0.2306441
0.02557735,0.05204994,0.9600009,0.08272332,0.1113807,-0.2657934,-0.5217884,-0.0303209,-0.4052014,-0.3617783,0.00190692,-0.4169232,-0.4841915,0.02122539,0.4559847,0.7021734,-0.3026278,0.7421749,-0.323577,0.002329975,0.1867499,0.1616621,-0.2473122,0.06377354,-0.4988871,-0.387308,0.02028597,-0.4862864,-0.04140502,0.1071575
0.002640123,0.7051936,-0.310123,0.1483727,0.002076237,-0.03597869,-0.4472125,-0.5162393,-0.3671813,0.09637477,-0.3567518,0.01598682,-0.1981265,-0.006943992,-0.3238791,-0.381188,-0.03342042,-0.1995657,0.03248206,-0.2874306,-0.3169725,0.6000439,0.1864719,-0.04294511,0.03662464,-0.5520471,-0.07025188,-0.1643762,0.1394858,-0.07248914
-0.03028477,0.6813725,-0.01009221,0.1253666,-0.2782654,-1.484488,-0.0244146,-0.09542494,0.4601632,-0.01800014,-0.008046169,0.03056996,0.8295884,-0.06038642,-0.4778489,-0.005987122,-0.1273628,-0.2098794,-0.3487875,0.3201103,0.1089404,-0.001064276,0.6405375,0.3859411,-0.00021409,0.7255493,-0.5488971,0.1052563,-0.3089741,-0.07226698
0.2084493,-0.2301395,0.2860017,0.4997473,0.04535844,0.06522214,0.06571165,0.1081772,0.07650488,-0.370433,0.0008917737,-0.4260395,-0.03748554,-0.3023666,0.3693195,0.2778647,-0.06560928,0.4421327,-0.002946454,-0.2448688,0.4437467,-0.3330202,0.4851536,0.03210006,0.01141352,-0.749087,-0.1104401,0.1051596,0.2978098,0.443599
-0.2333224,0.3728718,0.02945453,-0.03169522,-0.129176,-0.006144943,0.1824775,-0.491699,-0.2345484,0.392164,-0.1031458,0.0121662,0.135002,-0.3872832,-0.08574521,0.3375333,-0.1659434,-0.1988868,-0.2426668,0.178428,0.1501201,-0.06128067,-2.283885E-07,-0.4630057,-0.2156723,0.1821781,0.01053712,0.2882711,0.06741792,-0.0447976
-0.2280056,-0.344411,-0.4033577,0.1404164,-0.1428439,-0.04734545,0.0007714366,0.02335512,-0.1431743,-0.06273192,-0.4096181,0.0124001,0.1185258,0.2605367,0.5845929,-0.05694517,0.3831147,-0.05793383,-0.1228252,0.2798208,-0.7574946,0.232241,0.6958594,0.06299978,-0.06879225,-0.1236585,-0.07043499,-0.3214752,-0.01215046,-0.6633604
-0.06517412,-0.1056716,0.1660139,0.4057029,0.3842307,0.2855878,-0.0648126,-0.9916025,-0.2293091,-0.002050459,0.1284541,-0.4608809,-0.03779608,-0.004412669,-0.1576083,0.1563506,0.03713087,0.3096074,0.2623531,0.1469592,-0.1029349,0.7698591,0.05527109,-0.1266167,0.09281124,0.3076551,0.005510747,-0.1466452,0.01616059,-0.04612445
-0.1060658,-0.5380106,-0.2480858,-0.2788226,-0.2132886,-0.1266063,0.4584477,0.4324331,0.8421788,-0.056696,-0.1998648,0.001007598,-0.00984011,2.232965,-0.1638781,-0.4345894,0.8005479,0.04911827,-0.3704112,-0.01204148,0.1803378,-0.5383725,-0.1584002,-0.4519951,0.01581816,0.0195598,-0.0615887,-0.3341113,-0.4870394,0.05749991
0.4984237,0.0708892,0.3455338,0.0347864,-0.1464272,-0.3467726,-0.1679729,0.3009354,0.2586017,0.2207159,-0.06603706,0.03983015,0.2029229,0.5353777,-0.1907576,-0.05152913,0.5217518,0.4514704,-0.1718031,-0.1621671,0.2635286,0.3769946,0.2150086,-0.4263327,-0.01276123,0.2267773,0.8291046,0.1986768,0.00720357,-0.2007751
0.1540666,-0.3539295,0.1443296,-0.3010176,-0.008139499,0.4505994,0.1669609,0.0004362642,0.0325967,-0.4189855,0.02871341,-0.03575452,-0.2615457,0.3117204,-0.6871727,0.1152031,0.134314,-0.2500546,0.3521978,0.02302279,-0.2494468,0.1377158,0.07991597,0.02010518,-0.0006287324,0.2983366,-0.218217,0.1965604,-0.6381504,-0.393283
-0.2163218,-0.2948547,-0.2559922,0.4406399,0.08187431,0.07180208,-0.08908588,0.4649878,-0.03819209,-0.01978535,-0.2932736,-0.4897861,0.04257295,0.3438632,-0.05739066,0.1820667,-0.07449013,-0.4375579,-0.3583791,0.2588513,-0.2294861,-0.4296702,0.06931152,-0.2888733,0.01379472,0.294424,-0.6214609,-0.06062699,-0.4794024,0.4902456
0.07477172,0.2834679,-0.4009298,-0.4312338,-0.0431357,-0.3674539,-0.01087324,-0.3597168,-0.1457122,0.4152966,0.3338093,0.909413,-0.7846168,1.232165,0.4557546,-0.000770616,0.3370835,-0.01021902,0.3730351,0.2574478,0.06218474,-1.053865,-0.02469967,-0.4689164,-0.1688239,0.08948272,0.01012899,0.5020778,0.1296234,0.4470097
-0.4973462,-0.4766518,-0.3902654,0.01885734,-0.3765092,-0.02177757,-0.3676657,0.03178217,-0.05781039,-0.3996814,-0.1220098,0.1652314,0.09935042,-0.1838683,0.007945658,0.2628329,-0.01754798,0.1775323,0.003069052,-0.001981138,-0.1907802,-0.1491892,0.1055323,0.4866138,-0.0009046384,0.09866891,-0.07882005,0.6068147,0.1540037,1.111065
0.004912028,-0.04366785,-0.126828,-0.407933,-0.2348781,0.2993248,-0.00946128,0.2659826,-0.3368089,-0.1325132,-0.2572434,-0.3300492,0.4425604,0.2437571,0.4742681,-0.005956046,-0.02598763,0.0444414,0.1239172,0.3231425,0.1062202,-0.4973742,0.5866064,-0.01131314,0.2260108,0.2159873,0.01843793,0.004994155,-1.403505,-0.06889278
-0.3964531,-0.08550173,0.7530695,-0.7704345,-0.01585568,0.0373804,-0.04260473,0.2865821,0.02717883,-0.355487,-0.07173681,-0.608307,0.3297923,0.4316494,-0.1193282,-0.05797808,-0.139634,-0.4738859,0.06300408,0.004317479,0.5608739,0.4166056,0.1761204,7.673771E-05,0.1809575,-0.01609164,-0.1055885,0.007629731,-0.4302038,0.2476432
-0.5422024,0.2640927,0.4603462,0.06064142,0.09139043,-0.2997169,0.5461738,1.009012,0.2618718,-0.1917369,0.01330622,1.006286,-0.005730491,0.5424168,0.0204301,-0.6480995,0.3962949,-0.007540052,0.9844848,-0.08929986,-0.02010878,-0.3583456,-0.07602854,0.4461131,-0.9107358,-0.08379566,0.2826455,-0.1436404,-0.7712202,-0.279431
;
-1.533213,-0.07224356,-0.06139225,0.5428199,0.002774885,-0.149643,0.07666069,-0.144648,-0.07752392,-0.02375311,0.03098558,-0.2625859,-0.03154504,0.08473911,0.01901268,0.0001557978,0.8108814,-0.09028208,0.2355989,0.1572475,-0.02825677,0.552514,-0.02825648,0.2197051,-0.4759781,0.005004775,-0.01086408,0.6768566,0.1317099,-0.1152704
-0.5044937,0.04941342,-0.04309376,-0.04138842,-0.3189316,-0.0002772453,0.3685234,0.2164821,0.0415842,-0.2562481,0.1834826,-0.308863,-0.0008137896,-0.06190878,0.1163829,0.1771122,0.1209065,0.2755544,0.3527082,-0.1626728,-0.0555324,-0.001480039,0.09220523,-0.3147237,0.5784569,0.0353526,-0.05687672,-0.4583629,1.140738,-0.3482558
0.2585207,0.2999322,0.009435475,-0.1160179,-0.4504467,-0.1941786,-0.002257093,-0.07854851,-0.2585683,-0.2799884,-0.1076514,0.06648093,0.04100277,0.4313463,-0.2385354,0.7949663,-0.06617385,0.03625564,-0.08060356,-0.02517798,-0.2349449,-0.003343952,0.2974595,-0.46461,-0.01002592,-0.6336823,0.01320141,0.1233516,0.216034,-0.2595816
;
