-0.2219035
0.05034584
-0.0837141
-0.4855996
0.4723047
-0.1286373
0.4560946
0.2959985
0.3446774
0.1592886
;
-0.2459465,-0.4394888,0.196599,0.01602,-0.08905393,0.1640591,0.4450126,0.4043015,0.2707806,-0.1139221
0.03602463,0.4812562,0.3936437,0.1873714,-0.1298125,0.005655706,-0.1485552,0.1000296,-0.469111,0.1982338
-0.1268085,0.2352943,-0.2173048,0.2304848,-0.4555269,-0.2156785,0.4712518,-0.1004366,-0.04844195,-0.03079051
-0.4027208,-0.07452542,-0.3218135,-0.4655355,-0.4749284,0.3971393,-0.4728361,-0.2505388,0.1095302,-0.3886925
0.193956,-0.4527218,-0.2281139,-0.09516498,-0.2430812,0.2667713,0.2571765,0.2888871,-0.03855437,-0.21841
-0.3512034,0.3307128,-0.3886691,-0.4992964,-0.4297307,-0.4635764,-0.1186314,-0.09694582,0.4270762,-0.2071646
-0.3555597,-0.05615133,-0.135735,0.2510411,-0.3241454,0.1612638,-0.4899031,0.07735091,0.1079332,0.1356184
-0.04997379,0.4408263,-0.1358796,0.09965509,-0.1009666,-0.413113,0.4025259,0.05782801,0.3821243,0.4720976
-0.3236195,-0.01499552,0.6370751,-0.08243078,-0.4769,-0.1435944,0.3246174,-0.3629781,0.365695,0.05184823
0.4018698,-0.2948055,-0.2878146,0.192103,-0.3268806,0.1444895,0.1421853,-0.3913194,-0.1467624,-0.3054359
;
-0.3313011,0.1934365,-0.09568673,0.15433,-0.3161094,0.1769919,-0.362506,0.446926,0.22066,0.09950608
-0.211963,-0.001646459,-0.465212,-0.0008146167,-0.4168934,0.2845838,-0.1213891,-0.2035198,0.4895332,0.09554356
;
0.4383616
-0.06384369
0.005265384
0.3390725
-0.2553757
-0.1894627
0.4955899
-0.1007889
0.356233
-0.06814569
;
-0.07360637,-0.4243253,0.1055838,0.1016794,0.09244367,0.01256146,0.0235371,-0.7050776,-0.001669229,-0.1595002
-0.1661918,-0.05944425,-0.02954827,0.01171732,0.06281462,0.1605927,-0.2854472,0.01793046,-0.3841442,-0.09291732
-0.1980633,-0.02690154,-0.1283587,0.05050924,0.3526064,0.01402241,0.2726816,-1.958122,0.8285464,-0.0540809
0.8005344,-0.7133592,-0.02630699,0.5826658,-0.01406527,0.1151956,-0.1394512,-0.4559233,-0.2850212,0.4137938
0.3110739,-0.2264985,-0.1957322,0.01315197,0.1053839,0.03868325,0.4324721,0.1614303,0.4617732,-0.1778678
-0.5509902,-0.3819418,-0.4661801,-0.1571549,0.2303346,-0.001115262,0.003062375,-0.007915275,-0.1654413,-0.08090442
-0.1940235,-0.03999533,-0.008671516,0.02941434,0.1063233,-0.2090356,-0.0103463,0.9026335,0.2324852,-0.08685244
0.01891456,0.05950462,0.1030949,-0.2628478,0.2422132,0.6101595,-0.003544858,0.01373137,0.1374654,0.5843242
0.05537225,-0.08626086,2.125365,-0.4746954,-0.02366611,-0.05679401,-0.02643591,-0.1007194,-0.1251886,0.490219
-0.06426841,-0.3366979,0.3203027,0.06369438,0.103029,-0.6130637,0.433545,0.4220794,-0.006365496,-0.006157327
;
-0.07502409,0.01118977,-0.152651,-0.2671132,-0.1965093,-0.7562858,0.2310229,0.00854236,0.4094402,0.6306641
-0.1015251,-0.2968682,0.3627831,0.01372807,-0.008278779,0.7387995,-0.012649,0.2340717,0.4722657,0.1886725
;
-0.2855482
0.4311025
0.3462624
-0.4478922
0.1403813
-0.1830905
0.4108183
-0.2699187
-0.6731198
-0.3695644
;
-0.1102615,-0.003692091,0.2934242,0.1620828,-0.09177123,1.17585,0.3001515,0.008234228,0.3593072,-0.2658803
-0.3263131,-0.4172821,-0.08960754,0.01242281,0.2947258,-0.003640907,0.04383248,0.2473752,-0.3396516,0.002568457
0.01513594,0.09872265,0.4918062,-0.064528,-0.1024198,-0.7753156,-3.116034E-07,-0.3499078,-0.397886,-0.03856232
0.217782,-0.3444389,2.20674E-05,-0.1889242,-0.2262783,-0.001735162,-0.01545911,-0.1871234,0.02850519,-0.06559614
-0.01638199,0.1001847,0.2142565,0.08479589,0.9347787,-0.0405792,0.0003264666,-0.1514632,-0.2023301,0.009680029
0.004708277,0.04117664,0.03268684,-0.09884918,-0.3452756,-0.03333608,0.4097363,-0.02971584,0.06990242,-0.1584079
0.3371022,-0.002861463,-0.04130286,-0.1302985,3.144275E-05,0.1514203,0.692605,0.1225795,-0.05347497,0.1188567
0.048177,-0.06452411,0.8599823,-0.003040767,-0.0003425617,-0.1106929,-0.1422115,0.03916143,-0.001391285,-0.334456
0.006602585,0.01192314,0.0291472,0.5586273,0.04020569,0.5118707,-0.4650127,-0.04319755,-0.02424222,-0.4084513
0.483752,0.01517214,0.08310981,-0.1414517,-1.491014,0.06331941,0.3226724,-0.07322972,-0.2783525,0.2401434
;
-0.5981754,-0.03498664,0.1080309,0.001991739,0.1346515,-0.02111803,-0.05555731,-0.002635065,-0.2903939,0.1211466
-3.515719E-07,0.2576945,-0.4176068,0.466522,-0.1096904,-0.006981427,-0.0003424536,0.1164289,0.2936365,0.6465725
;
-0.003493831
0.1991556
0.2150361
0.001687248
0.02315289
0.3215331
-0.434837
-0.06330627
0.4164684
0.08757106
;
-0.08569449,-0.44067,0.05412457,-0.4858491,-0.3028659,-0.3114994,0.3708552,-0.01119362,0.133361,0.4784069
0.1253201,-0.08131857,-0.004692455,-0.1448628,-0.02475345,-0.06457128,0.1172208,-0.7671063,0.7396865,0.04085812
-0.3614043,0.02421417,0.4818816,0.02052487,-0.007960333,-0.003925379,0.1429725,0.2931849,-0.1220692,0.3341507
0.4039881,0.1471281,0.1335686,0.430583,-0.0005025495,-0.02321742,0.1823252,-0.02567057,0.0199675,0.05378814
-0.005412211,0.3123428,0.03476849,-0.08394498,-0.03760659,-0.3445143,-0.0130318,-0.06277579,-0.09960932,-0.3683236
0.4449213,-0.1896997,0.1506824,-0.2427195,0.4377024,0.2119242,-0.4824517,0.2694843,0.480669,-0.2707568
-0.06556784,-0.05578677,-0.06747323,0.01734624,-0.1347968,0.1398715,-0.001594235,0.405582,0.6314698,0.390893
1.835479,0.06398351,0.1055979,0.07031722,0.2278031,0.5244792,-0.2224829,0.01806076,-0.4824736,0.7072427
-0.07518165,-0.1171236,0.2680182,-0.03464426,-0.01660365,-0.1913821,0.3470278,-0.1262393,0.06216449,0.00338817
0.3431264,0.07393318,0.1011648,0.3402311,0.4367543,-0.03814298,-0.3505591,0.2026336,-0.4664669,0.001749465
;
-0.5766302,-0.1235427,-0.4813408,-0.01397103,0.2737343,0.1151913,-0.5893151,-0.4768723,-0.003400404,0.1389718
-0.2236492,0.2246478,0.4032486,0.04127906,0.5228907,-0.4355668,0.01944684,-0.03789629,0.09328884,-0.1607619
0.4451998,-0.1291125,-0.08695556,-0.1246031,0.0001483511,-0.09951064,0.2571871,0.1286125,-0.3413125,-0.3849442
;
0.0253585
0.101354
0.3977281
-0.1408729
0.01121563
0.1054184
0.4551614
-0.09772998
0.2151106
0.003010005
1.142405
0.3228893
0.2210111
-0.4793591
0.1685288
-0.3689435
-0.2851093
0.06555004
-0.454244
-0.05929296
0.2752389
-0.1129299
0.209467
0.223561
-0.3268424
-0.3372146
0.3795716
-0.2025042
0.02847822
-0.2809829
;
0.4372718,-0.02519336,-0.3158914,0.06333679,0.009574592,-0.02612304,0.4488517,-0.07595593,0.1748033,0.3158007,-0.04299244,-0.5117573,-0.28133,-0.3456001,-0.9387604,0.4704353,-0.6656238,-0.2662802,-0.07054096,-0.8839107,0.08211972,0.007431522,0.2946561,0.3905292,1.460483,-0.0439987,0.7179763,0.1117166,0.4532595,-0.4153177
0.066423,-0.01448423,0.1706119,0.06213951,-0.2000841,0.2083298,0.2790366,0.2037152,0.4367525,0.731235,0.008646646,0.1459161,0.2096612,0.4842006,-0.1681042,0.3011671,0.286759,0.3390061,0.03144658,0.0357507,-0.005100405,-0.006063669,0.3801042,-0.08611525,0.4202031,0.5085538,0.05839683,0.2967715,-0.08089656,-0.1330237
-0.3107476,-0.1682068,-0.3224845,-0.07030489,-0.001645209,-0.4915048,-0.1005262,0.3370642,-0.9146777,-0.09540875,-0.4408156,-0.162664,-0.1465187,0.3786616,-0.6849028,-0.9788563,-0.1046056,0.02333874,-0.3495256,0.1849988,0.07278779,0.415095,0.05577073,-0.4741237,-0.08492652,-0.4525934,-0.216948,0.1450769,-0.001695179,-0.007380062
0.08944267,0.003514588,0.2996378,0.04356703,-0.08558577,0.6172125,-0.07590991,-0.7419918,0.3371885,-2.400725E-05,-0.005972596,-0.07355927,-0.3762101,-0.1458099,-0.2284225,-0.3505219,0.02211306,0.01371016,-0.2081314,0.2512025,-0.07279997,-0.1364091,-0.2635098,-0.7081065,0.4771308,0.04386165,-0.0553519,0.2633877,0.2748312,0.9011009
-0.4892011,-0.05961221,-0.05156726,0.1579645,-0.2471477,-0.3865622,0.2963418,0.2434261,-4.090272,-0.2270363,-0.2325389,0.02528816,-0.1888201,0.594824,0.281231,-0.03555758,0.1836996,0.09295284,-0.3432118,-0.1406156,-0.3848821,0.3568971,-0.1365091,-0.01441968,-0.2142974,0.005694531,0.2101392,-0.002304842,0.04403605,-0.002945361
0.06121901,0.1974805,0.05250679,-0.2198252,0.02339425,0.04137727,0.001692168,-0.1852303,-0.1416265,0.3818206,-0.4401768,0.1462618,0.04987213,0.1837429,-0.1200544,0.5573547,0.4077469,-0.05556267,0.09730687,-0.2837527,0.0262637,-0.6963776,-0.03677896,0.2120509,-0.006346056,0.1340916,-0.04534016,-0.3672381,-0.07427138,-0.005600199
0.06028157,-0.485966,0.340583,-0.2319883,-0.2198801,-0.1823201,-0.3345108,-0.08069643,-0.2277789,0.4867057,0.07627088,0.2363249,-0.4487696,-0.7968192,-1.192947,-0.09971815,0.3218561,-0.002139325,0.374898,-0.3544917,-0.3831563,-0.06067334,-0.3207593,-0.3418776,0.1641989,-0.2113027,-0.5659829,-0.0003710463,0.11968,0.525083
0.1717777,0.4951308,0.09316953,0.06296103,-0.001268685,-0.03576505,0.4547691,0.5987939,-0.07492944,-0.1017448,-0.1571998,0.1668934,-0.2575826,-0.002979588,0.3958924,0.4019955,-0.4593992,0.01715904,0.02176679,-0.0006381839,-0.06501704,0.07267326,0.2504028,0.2006206,-0.005229259,0.002070721,-0.1579311,0.3488733,-0.1306085,0.1847955
0.4151425,-0.06679162,0.08688268,0.129519,6.212558E-05,0.08447773,-0.01839217,0.2341701,1.301744,0.1312886,-0.1325415,0.2747966,-0.3835124,-0.1944738,-0.08138844,0.4413983,0.004079761,0.4725715,0.09527654,0.4291869,0.3795171,0.1660913,0.0005148566,-0.486077,0.4744806,0.03768943,-0.4685526,0.004664555,0.2702979,0.2362454
0.04633589,-0.2634565,0.4779967,0.3785721,-0.4640739,-0.3527013,-0.2130482,-0.2763529,-0.1716059,-0.1769291,0.04325884,0.258224,0.1247466,0.1409917,-0.3193117,-0.4524494,0.03282658,-0.09237629,-0.143536,-0.3208847,0.7318805,0.4373946,-0.4253829,-0.022201,0.0766582,-0.007157639,0.1638829,0.5572588,0.3691672,-0.7347145
0.4765164,-0.1531258,-0.1900935,-0.02802045,0.272724,-0.9339969,-0.2749207,0.1955465,-0.148358,0.3201527,0.212776,-0.4839591,-0.206458,0.07738875,0.3910599,-0.161143,0.3940119,-0.08937555,-0.313898,0.1292819,0.111672,0.7666783,-0.1664652,-0.006431507,0.007381188,0.02402988,0.01714805,0.4696951,-0.002614565,-0.0008905543
0.7645629,0.1500776,-0.3667472,-0.09094711,0.08500647,-0.002448607,-0.8855599,-0.04456289,0.3888589,-0.05569639,-0.1154759,0.06645875,0.008991539,-0.2359387,0.1681172,0.4801084,0.03478125,-0.08577766,0.9956775,-0.1156842,-0.1063917,0.03279934,0.2082906,-0.07442063,0.2301244,-0.2000698,-0.3169764,-0.1936513,-0.2481855,0.03803188
0.1660828,-0.3073072,-0.1152003,-0.3278157,0.1660382,0.07312216,-0.00243549,-0.2140417,-0.3491118,-0.1053121,-0.0004226609,-0.3754762,-0.4633162,4.932271E-05,-0.4055912,-0.08204943,0.02892833,0.2178843,-0.368541,-0.005821249,-0.1864875,0.1229792,0.1292404,-0.07923815,0.03304622,0.0006748938,0.4984157,1.119199,0.252315,-0.02929634
0.460603,-0.3296428,-0.08966221,-0.04997391,0.07949664,-0.2884974,-0.2953602,0.3230142,-0.3026221,0.1156324,0.01231194,0.004563112,0.007738564,0.3251207,0.04092606,0.2342165,-0.5891559,0.309774,-0.2330447,0.003330603,-0.004829069,-0.1232544,-0.4307177,0.125607,-0.1249847,0.03252287,-0.202592,0.1388818,-0.07514399,-0.1095002
0.1165367,-0.04250683,0.7840192,0.09308757,-0.1855975,0.4025842,1.068759,0.2911214,0.4654421,-0.007835669,-0.3527936,-0.04063048,0.1199623,0.07859155,0.1622055,0.1030155,-0.9139231,0.01237593,0.1200831,-0.3252062,0.003337444,-0.1069822,0.06285123,-0.5906644,1.102892,0.04090211,-0.294661,0.02908736,-0.3894217,-0.2654592
-0.1020229,0.207312,0.2454598,0.1110077,0.1180742,-0.7370945,-0.01610847,-0.03313283,-0.4603789,-0.02517303,-0.02894739,-0.3276196,-0.1764889,0.2414299,-0.212792,-0.06212896,0.1410251,-0.01018447,-0.286523,-0.005548894,0.4881264,0.2471838,0.1735094,0.4599401,-1.487782,2.11988,0.0001462154,-0.03933185,-0.06551597,0.03425726
-0.1287892,-0.6046927,1.009878,-0.149361,0.05986468,0.1372263,0.4887441,-0.03854633,0.02119488,0.00270747,-0.1175167,-0.005382744,0.007652628,-0.9942369,0.0256743,-0.1994359,-0.09958571,0.1876836,-0.07939869,-0.06664883,-0.0004714409,0.05700929,-0.459862,0.02413443,-0.1607616,-0.1481615,-0.002069843,0.01873273,-0.02269069,-0.5569843
-0.05085651,-4.316965E-06,-0.0004417461,0.2220121,-0.5123728,-0.3004528,0.04043802,0.3266382,0.001777614,-0.1344514,-0.4005474,-0.328467,-0.0003968138,0.04369849,-0.4309297,-0.007145716,0.6508026,-0.01906412,-0.02365163,-0.09730435,-0.0399332,-0.4247408,-0.08093646,-0.01063865,-0.6039653,-0.3132093,-0.1668178,6.840912E-05,-0.08089993,0.2374201
-0.1106213,-0.4098419,-0.0840391,0.1113737,0.302812,-0.00122091,0.2297329,0.3022551,0.4213117,-1.031984,0.1874742,-0.08369401,-0.223848,-0.008616063,1.064504,0.2155892,0.3314474,-0.004883789,-0.0006323965,-0.185779,0.03538159,0.0004550664,0.2144211,-0.2410441,0.07362319,-0.4247262,-0.1419701,0.3134211,-0.2978738,0.1727662
-0.2555185,-0.486068,0.9729324,-0.390668,-0.6505457,-0.7065972,-0.006268193,0.1703199,0.4310353,0.1951833,0.2580532,0.04240716,-0.4429904,-0.03120281,0.008724024,0.8201442,-0.01622888,-0.2780029,0.4686624,-0.4900717,-0.3468664,-0.2782224,0.2092756,-0.3230351,0.05255491,0.3729991,-1.213306,0.2314758,0.1720659,0.1659844
-0.229179,0.2247703,0.01079783,-0.1663243,0.04164642,-0.2590408,0.2233371,-0.4471915,-0.1909513,0.01981336,0.1683804,0.05149168,-0.3147848,0.2188933,-0.2672147,0.02326022,-0.1522936,0.3465872,0.03435026,-0.06124097,0.191872,-0.5015475,-0.3467421,0.07201998,0.005509207,0.02506085,-0.001578189,0.190528,-0.3335751,0.08320617
-0.02881351,-0.5224983,0.1451968,-0.3379103,-0.001700476,-0.1427915,-0.4825248,-0.01475284,0.05264895,-0.2603161,0.1710702,0.4274999,-0.08048971,-0.004808724,-0.5569031,-0.004507115,0.2090989,-0.1621962,-0.4421463,-0.8167731,-0.09773093,0.1584569,0.03460234,-0.2186407,-0.01879035,0.4091262,0.09019309,0.1486093,0.01330457,-0.6423402
-0.03887233,0.4942002,0.1617787,-0.06221211,0.07933837,0.01718022,0.01868764,0.103142,-0.02138953,-0.06237274,0.003484572,-0.5360821,0.8245379,0.4857712,0.6519398,0.009714667,-0.05520114,-0.1836394,-0.0953346,-0.2031132,-0.008248001,-0.3358311,-0.3685477,0.09257481,0.03235293,0.4569317,0.1355984,0.2853788,0.0003209687,-0.1651599
0.08543698,0.1380118,0.3139821,0.3164066,-0.2262856,-0.08562976,0.231154,0.02283127,-0.2637789,0.1448132,0.3614593,0.09580798,-0.07520796,-0.04730251,-0.1065263,0.07039331,-0.08857232,-4.230038E-06,-0.1635393,0.04759718,0.2469998,-0.4016303,-0.07698184,0.02053851,0.2846147,0.9838542,0.4493142,-0.02234132,0.07775087,0.3031154
-0.4372282,-0.009707781,-0.02630618,0.1301753,0.06784357,0.488332,-0.2619697,-0.0004159156,-0.3427607,0.1449119,-0.1550438,-0.3269435,0.08543921,-0.09792373,0.09379295,0.2187832,0.02676039,-0.07707033,0.2605298,-0.2380127,-0.2263548,-0.0714553,-0.4149667,-0.1795397,-0.05980362,0.6639253,0.04222113,0.01469354,0.09923428,0.1267133
-0.2859275,-0.004553639,0.1728722,0.2367766,0.08681482,-0.03264624,-0.02540819,0.09048229,-0.2909912,0.1423492,0.0341683,-0.2251751,-0.1069347,-0.4940776,-0.001292007,0.2768416,-3.452617,-0.003747002,-0.012706,0.01183456,0.002496922,-0.02632222,-0.3259866,0.1441463,0.5824414,0.1695596,-0.371068,0.4334781,-0.008507525,-0.09245366
0.4229093,0.05173498,0.1150362,-1.316936,-0.3450106,-0.3150238,0.3523077,-0.001120101,-0.2698339,0.4049851,0.2671866,0.2812643,0.2118139,0.1593656,0.4283451,-0.06614572,0.06765809,0.1686814,0.06993443,0.4346398,-0.2137446,0.2617287,0.1534466,0.1531205,0.4103823,-0.3992001,0.3353103,-0.02421933,-0.1332695,0.01368007
0.4216985,0.07245206,1.10289,0.1701316,0.3473499,0.327963,-0.2582556,-0.07271809,0.2810841,-0.09851175,-0.03896477,0.4018984,0.3923827,0.4709461,0.1604285,-0.004360795,1.065175,-0.08463583,-0.219507,0.01578966,-0.1524687,-0.01861766,0.4357187,-0.9907209,-0.1302838,-0.06009847,-0.8406063,0.1120468,-0.110642,0.003362973
0.4128692,-0.1894012,0.2980917,0.2363995,0.1321578,-0.2120715,-0.4633913,-0.1123363,-0.07893309,-0.01748586,0.4464761,0.2907881,0.06666523,-0.01111281,-0.08352607,-0.2782465,-0.246868,-0.2205574,0.01761658,0.2175934,0.01688945,0.5551317,-0.006836398,0.3443072,0.2704369,0.0452732,0.2834415,0.5929388,-0.1379667,0.6924343
-0.2249596,-0.000452808,4.680883E-05,-0.004990757,-0.2555238,0.019134,-0.7344217,0.02755493,0.595912,-0.407655,-0.2902921,-0.2283013,0.6473086,-0.4139408,-0.330952,-0.01120477,0.1185715,-0.00772661,-0.4867239,0.007634436,0.1301279,-0.1783649,0.4330305,-0.1869523,0.3395807,-0.01959308,0.03446037,-0.008759069,2.701719,-0.3339171
;
-0.5920615,-0.3206239,0.08122892,0.1269933,-0.07766093,-0.9260057,-1.458607,-0.0007790923,0.5033442,0.3689174,0.193963,-0.01662356,0.006827909,-0.3220414,-0.09171647,-0.1379427,-0.2148184,0.2429365,0.1589074,-0.03977984,0.01979538,-0.08060223,0.1147698,0.02090949,-0.06075889,0.06071264,0.06115853,0.3248111,-0.2956391,0.1897748
-0.06655142,0.08605248,0.3378056,0.1709253,-0.1115655,-0.2925042,-0.08843034,0.0130405,-0.4726756,-0.04001855,0.03414132,-0.02595653,0.0003989622,-2.324855,0.01938372,-0.2642351,0.7052506,0.01811615,0.705443,0.4131638,-0.2989331,0.01853227,-0.2079373,-0.04023311,0.09808078,-0.00447287,-0.00649069,0.2816889,0.1182566,-0.4381342
0.2857724,0.5739195,-0.1354951,0.3886364,0.516794,0.03588823,0.1031518,0.08690847,-0.2691519,-0.05965961,0.1049862,-0.0003023804,0.107565,0.4459647,-0.0144833,0.4499536,0.001075967,-0.0532038,0.3026911,0.1601324,1.638333,0.005519343,0.07295729,-0.3352745,0.02808583,0.0006385426,-0.173291,-0.1415479,0.04523331,-0.1325749
;
-0.1730922
0.1417359
0.08038536
-0.03273672
0.0005434683
-0.9667698
0.2140168
-0.4673157
0.1057349
0.05297994
0.2372869
0.6265441
3.875527
-0.006362365
0.4669415
-0.04683903
0.4585606
-0.3787487
-0.2271777
0.3342278
0.4601943
0.1609679
0.2152557
0.00216112
-0.4325589
-0.432799
0.4271956
0.4144156
0.03428784
-0.3678164
;
0.07663182,-0.3675481,0.3083868,0.0008943523,-0.4492944,-0.4140359,-1.785768,0.357344,-0.3725448,0.3862514,-0.3103162,-0.4523162,0.0001941901,-0.4612907,0.325931,0.001495975,0.09319251,0.04438229,0.1265034,-0.2169359,0.1287107,-0.2322252,-0.1598885,0.4415739,-0.09544817,-0.02339763,-0.4653175,0.1640854,0.06864989,-0.005711615
-0.06600696,-0.04749745,-0.1581415,0.169733,0.3707089,0.2759354,-0.01619991,-0.07065591,-0.168702,0.4814816,-0.166477,0.4326932,0.683828,0.09595972,0.1059937,0.2765995,-0.03935546,0.4467688,0.009356439,0.3615711,-0.423434,-0.4285177,-0.2080414,-0.2647147,0.3648134,0.3696567,-0.04201151,0.1318655,0.4074212,-0.1153714
0.07957138,0.006586346,-0.2148654,0.07179021,-0.156814,0.006796621,0.07123302,0.2269745,0.3750716,0.1101284,-0.0001528934,0.1135265,-0.2570995,-0.3554038,0.501642,-0.4821587,-0.4633687,0.002447733,-0.3187685,-0.1576208,0.2477501,-0.0001777388,0.02737451,-0.01036017,0.05716608,0.05223637,-0.4949594,-0.1752187,-0.02122393,0.3568399
-0.3991651,0.0364296,0.164166,0.2206297,0.01107358,0.002371725,0.6952442,2.579547,0.4690113,-0.03690344,-0.01585733,0.218829,0.4360546,-0.4741787,0.6679751,-0.0122842,0.07882997,-0.01253609,0.4885499,0.3326781,0.6768391,-0.9042045,-0.06897908,0.3617139,0.1258369,-0.2671775,0.09193128,-0.1394529,0.02530558,-0.3914105
-0.1313991,0.2406226,0.4743356,0.2117625,0.4948398,0.1764802,-0.3082891,0.001172156,-0.05522676,-0.3002808,-0.3635284,0.2252265,0.02806778,-0.005275945,-0.3308201,0.1082905,0.06762904,-0.1949142,-0.4722416,-0.1102301,-0.4787065,-0.3638451,0.002975421,0.05956873,-0.2552008,-0.9596972,-0.1036099,0.2258486,0.1806456,-0.3536066
0.4189997,0.03548127,-0.7939792,-0.1037975,-3.389918,-0.1478109,0.2400965,0.2776772,0.7442139,-0.272076,0.5588817,-0.105729,0.2126542,-0.0004651113,0.1786068,-0.107019,0.01349181,0.427158,0.1688031,0.1192407,-0.2413231,0.2022649,-0.0351739,0.03134205,0.1315927,-0.08292247,0.4925402,-0.2444091,-0.08855477,-0.009209219
0.1199531,0.3380383,0.7248018,-0.169835,-0.02121186,0.07303208,-0.3638527,0.02026761,0.2779533,-0.03447157,-0.006124897,1.304755,-0.02441496,-0.1569982,0.01352916,-0.3175176,0.2910719,0.01091136,0.4217623,0.09077355,-0.07497983,-0.3668551,0.01927047,0.02026576,-1.166042,0.5570498,0.001395285,-0.08647209,0.4267622,0.1215687
0.06402562,0.2439246,1.076532,0.3560607,-0.6241401,-1.035322,-0.1527463,-0.02647478,0.3293014,0.1018991,-0.2279548,0.3587434,-0.1018695,0.1342937,-0.1447104,0.02910477,0.004954626,-0.3734714,-0.04195341,0.05493977,-0.2739365,0.2445446,-0.2882762,0.01508431,-0.08034609,0.1605469,-0.006522702,-0.159256,-0.0105175,0.3590922
0.04576295,0.5872383,0.2550902,-0.1696243,0.2399971,-0.7658475,-0.4500424,-0.2922891,0.3457654,-0.006804508,0.1434966,-0.05296463,0.3900538,-0.1460577,0.03050066,-0.2060463,0.234899,-0.476723,-0.3278707,0.1517775,0.09565216,0.1205698,-0.3559787,-0.2319906,0.01315635,0.1105861,0.01654547,-0.00876574,-0.07169253,-0.3171962
0.057221,0.003553698,0.08535255,0.1010821,0.3760554,1.029567,0.01581051,-0.4539924,0.5104328,0.3671555,-0.501013,-0.02115992,0.766928,-0.09900898,-0.03529394,-0.08816653,-0.1174173,0.4709327,-0.4981216,0.3155463,0.9873812,-0.2254023,-0.4642012,-0.1632839,-0.008846961,-0.2027125,0.2581141,-0.2728938,-0.285381,0.3810709
0.08459586,0.1601761,0.4697676,-0.06108668,0.002784398,-0.00202666,-0.2949189,0.2447926,0.1992121,-0.2144246,0.7368461,0.03615832,-0.1486907,0.4623523,0.1879152,-0.4916928,0.01069864,0.02995021,-0.1064217,0.02987902,-0.2047509,-0.07144241,0.410599,-0.1820956,-0.2706857,-0.1066049,-0.2825761,0.3537261,-0.3326075,0.03001133
0.03866929,0.02242576,-0.3709094,0.1116078,0.1139516,-0.2813705,0.8334389,0.4828864,-0.01418287,0.02060006,-0.09033429,-0.3141241,0.4908311,-0.3341311,0.3837723,-0.04553133,-0.1685074,-0.002097666,-0.0008339829,0.3651152,-0.07391442,0.1106487,-0.09338377,-0.170903,0.09820617,0.005150646,0.3833054,-2.731148E-07,-0.3025463,0.0007225805
-0.3847479,-0.007434145,0.4185289,-0.4962614,0.2527799,0.001528074,-0.2120538,0.463865,-0.5835924,0.1671374,-0.01129676,-0.2907729,-0.1156948,-0.3698102,-0.2851329,0.4407195,0.3176416,-0.4539204,-0.01464747,0.08572525,-0.1028946,0.2271738,0.04205983,0.007022982,0.2907335,-0.02851564,0.0315228,0.5336136,-0.3994473,-0.07162572
-0.3613695,-0.6377907,0.1464754,0.1425439,-0.344924,-0.2614481,0.30209,0.2151738,-0.01921149,0.3349475,0.1898967,-0.05132273,0.1307968,-0.2318671,5.313613E-05,-0.02502225,0.241248,-0.1190575,0.3216624,0.2399517,0.53159,0.8960713,-0.01475749,0.4438522,0.1331801,-0.1135709,-0.172265,-0.0682326,-0.3841226,0.0577529
0.2448016,0.1209105,-0.7134281,0.02464095,-0.2114667,-0.4031041,0.1744467,0.02131751,0.3206238,-0.005730556,-0.002565559,0.00519088,0.02416676,-0.2495569,0.1263844,-0.009864577,-0.05106049,0.4867647,0.1603249,3.521651E-06,-0.001005682,-0.07648346,-0.107801,-0.09557364,-0.5350532,0.1304816,0.03236356,-0.07216042,-0.04140502,-0.02063003
0.002465921,-0.2734325,0.1036906,-0.003579106,-0.5425537,0.00886187,-0.6225011,-0.1796247,0.3730819,-0.02263563,0.1558179,0.4449773,-0.7348123,0.01836554,0.3238791,-0.007624124,-0.03936582,0.4847506,0.01070054,0.111757,0.4631357,0.4925915,-0.005368343,0.05109808,-0.4847527,-1.673177,0.0009319941,0.3282206,0.3693712,-0.09688934
0.3147683,0.09053848,0.01009221,0.02289982,0.3803225,0.9024394,-0.02239905,-0.4297248,0.6496966,-0.1432824,-0.0002623407,0.02382886,-0.0003799266,-0.1775626,0.4778489,-0.1562169,-0.3693681,-0.3044538,0.3329822,0.3076147,-0.06616945,-0.0003927984,-0.06591523,0.3793755,0.00021409,-1.587481,-0.2504016,0.5350395,0.001854877,0.3237317
-0.1539141,-0.009730955,-0.4349097,0.04667991,0.3145998,0.05162974,-0.1466059,-0.4814714,-0.1122517,0.1573598,0.273702,-0.4520147,-0.1484072,-0.4687381,0.01726917,0.2083475,-0.07973339,0.03576273,0.001421756,0.3115239,-0.008792934,-0.0242663,-0.004877691,-0.0007717719,-0.08148508,0.2215988,0.3683056,0.09010707,-0.7412476,-0.005241964
0.5541077,0.5940027,-0.1664632,-0.08734524,0.129176,0.1203228,0.1221941,-0.009423712,0.07789658,0.0403525,0.02843863,-0.6000905,-0.3097438,0.2812053,0.07026403,0.08623728,0.06269521,-0.7584761,-0.09338844,0.05762812,0.3769298,0.4574305,-0.04796976,0.163587,-0.0299396,0.1468002,0.03503013,-0.1096547,-0.01710598,0.02348866
-0.04674136,-0.09361898,0.04933306,0.005052371,0.04413464,0.4390769,-0.0006451015,0.04980512,0.08034533,-0.1489167,0.1608667,-0.2901208,0.3863698,-0.0559935,0.07900876,-0.007295522,-0.4237772,-0.05341839,-0.06121334,-0.2798208,0.1973766,0.09725619,0.4476659,0.2803479,-0.1221028,-0.02329509,0.5505636,-0.2415727,0.003375536,-0.6633604
-0.008597014,-0.5602051,-0.298236,-0.2361104,-0.04712957,-0.3200057,-0.1441115,0.1206036,0.1417612,-0.8906063,0.1159153,0.009119689,0.05486156,-0.02088352,0.5157408,0.06434952,-0.0430261,-0.542038,0.4202616,-0.1006271,0.2732185,-0.7588619,0.2465711,-0.1136478,-0.1378147,-0.1297214,-0.0007180508,-0.03616412,-0.01013751,0.08023517
-0.04649137,0.5267884,0.0282353,0.3401146,-0.002398742,-0.04354174,-0.02204448,-0.05274218,-0.2899309,0.3076289,0.0192458,0.1168531,-0.2188729,-0.5425724,-0.1319179,0.6509113,-0.6065599,0.01975559,-0.3648181,0.1127765,0.4087243,-0.03678268,-0.5331157,0.1502931,0.02398081,0.1536906,-0.04376017,-0.2019216,-0.008454594,-0.2064895
-0.02668553,-0.01157299,0.02874953,0.1671914,-0.08839559,0.1543279,0.07849527,-0.2698504,-0.01360866,-0.74618,0.003195236,-0.2001259,-0.3881003,-0.4380323,-0.0002575961,0.2098237,0.1584279,0.00987618,0.06664568,0.4308364,0.7366708,-0.1596313,-0.0195821,-0.09064069,0.3729161,0.002156844,0.01300223,0.2117389,-0.008259462,-0.2026423
-0.3681526,-0.5109415,0.09441473,-0.4348151,-0.1211956,0.2715557,0.2910969,-0.04594493,0.05298108,0.06818208,0.01334778,-0.09705733,0.003601155,0.3637375,0.1948238,0.4146627,0.6338357,0.07083172,-0.04501754,-0.03989819,0.08164807,-0.04615907,-0.2291535,-0.2916163,-0.4107931,-0.1133888,0.01256927,0.08035291,0.01821548,0.3475875
-0.2721566,-0.4600339,0.9072689,-0.1136352,-0.1316574,0.4255309,0.2632577,-0.03852183,0.1105221,-0.0003024429,0.01299542,0.247793,0.2576394,-0.2081987,0.2287247,-0.2754771,-0.1701095,-0.3891203,0.060026,-0.08843082,0.300365,0.1055327,-0.007324425,-0.4011231,0.001477628,-0.4403391,0.7225188,-0.06062699,-0.1917801,-0.1750917
-0.006642623,0.06030756,-0.6804036,-0.1434449,-0.001853609,0.007740819,0.08012193,-0.03741475,0.06542891,0.0395304,0.08214837,1.328416,-0.1781383,4.744483,-0.1724911,0.893141,0.1863674,-0.01021902,0.02235678,-0.0006904672,0.2658637,-0.02979897,-0.4995593,-0.4473801,-0.2568905,0.01466719,-0.01722645,-2.204859,0.2247584,-0.1059793
-1.054017,-0.3626939,1.047431,-0.00251565,-0.1255306,-0.003557662,-0.2025304,-0.1036486,-0.1805799,-0.2315992,-0.04288214,0.3313827,-0.4860363,-0.3184166,0.001569435,0.4853966,0.5544177,0.1775323,0.02449137,0.05337209,0.4540587,0.5343889,-0.05262238,0.2022544,0.1425335,-0.1806592,0.002073477,0.2819469,-0.1525546,-0.3804395
-0.06972188,-0.0714675,0.5495818,-0.2771577,0.04961203,0.2296622,0.4458104,-0.6555007,0.2500042,-0.1748924,0.1372816,0.1809141,0.3601028,0.3729234,-0.04116096,0.3850023,0.04123472,-0.04840879,-0.4693961,0.3245226,0.005118614,-0.1058151,-0.1024435,-0.009564211,0.2022692,-0.01000669,0.003787473,0.02074003,-0.06375021,0.5364538
0.1123236,-0.3720601,-0.1094395,0.3736591,0.888564,0.1188017,0.02247797,-0.04367004,0.01659163,0.09186614,-0.442643,-0.02066424,0.4601312,-0.008290892,-0.7160038,0.08538999,0.139634,0.125646,0.2307234,-0.05932289,-0.1343173,0.139965,-0.03161384,-0.06008488,-0.4729452,0.2739737,-0.3386304,-0.4805232,-0.5981979,-0.2959282
0.02311248,-0.4423254,1.020615,-0.02122004,-0.1207779,-0.4488276,0.2369129,0.283169,-0.009730838,-0.3290697,-0.798129,0.03444728,0.1660424,-0.3267093,0.2415855,0.1237108,0.08771592,-0.7236378,0.9844848,-0.5907618,0.3541127,-0.06495927,0.1685712,-0.1461029,0.09891394,0.03138084,0.04840202,-0.0005727225,-0.02448466,0.05088129
;
-0.01481413,0.009971621,0.2209337,0.1943188,-0.3621509,-0.2488864,-0.2870796,-0.4130208,0.01811109,-0.2175602,-0.05421356,0.03242415,-0.0209344,0.4993259,0.02154712,0.7014722,0.2580066,-0.1407212,-0.2859405,0.02213076,-0.1162661,0.3086296,0.2934011,0.2197051,0.07158079,0.4223071,0.1958409,0.05683956,0.1603905,-0.05062149
-0.813557,-0.3695606,0.4705851,-0.0482345,-0.1164945,0.02771976,0.5018419,-0.02185323,0.1163481,-0.2837744,-0.1322284,-0.4059342,-0.3737414,-0.1206868,-9.721127E-06,0.01121557,-0.06809238,-0.2755544,-0.4406598,-0.1253938,0.2090279,-0.001286024,0.01879615,-0.8711724,-0.2787916,-0.04073588,0.3499187,-0.03479397,0.1886006,-0.05001226
0.1220163,-0.1009703,0.1198744,0.1802168,0.2079875,0.03892065,0.2177578,0.04782727,0.2436435,0.6465573,0.3672809,-0.06506961,-0.04101426,-1.575599,-2.355479,0.06876043,-0.007823249,-0.4924624,0.06991619,-0.06404708,-0.004245868,0.7459043,0.02762404,-1.145793,0.02409959,-3.436048,-0.01838334,0.5282693,0.1263715,-0.2465817
;
