-0.01178402
-0.3129191
-0.009724096
-0.2374479
-0.2456521
0.001759742
-0.3961551
-0.05631518
-0.5169051
-0.6220922
;
-0.8256661,0.07518727,-1.24805,-0.360617,-0.01189391,0.3206944,0.03965646,-0.1902211,0.06453436,-0.4478223
-0.1935143,0.0008086591,0.4322248,0.4197257,-0.2547822,-0.2701755,0.006810801,0.07750874,-0.09042028,-0.4593737
-0.2097806,-0.2925853,0.7639912,0.002323159,-0.04630762,-0.03037018,0.3179165,-0.468379,0.08857554,-0.04637217
-0.2463035,-0.05590277,0.1609115,-0.06976166,-0.1946569,0.02250077,-0.0491876,-0.09540325,-5.086325E-05,0.4690655
0.2614871,-0.3586371,0.3758138,0.2084171,-0.1714953,0.004854689,0.0006374221,-0.2280046,0.1841081,0.09659177
0.3140714,0.4272933,-0.1275559,-0.1568374,-0.214833,0.4845912,-0.09215731,-0.6486235,0.0004278175,-0.5385404
0.09056945,0.08466524,0.2818248,-0.2851971,-0.1518664,0.4744596,0.4198785,-0.8744832,0.06334215,-0.6008991
0.08938259,0.001736376,-0.5361151,0.1168346,-0.2357497,-0.211281,0.03895627,0.007425156,0.001136307,0.3359272
-0.1444439,0.1783441,0.394209,0.002627289,0.02866975,-0.3598951,-0.01064492,-0.0843062,0.09938882,0.3898661
0.04957938,0.004833541,-0.00954634,0.1139465,0.002866328,0.3010711,-0.07659383,-0.1015829,-0.1777472,0.1492388
;
0.0008100851,-0.3664266,0.2773753,-0.0001112324,-0.01186616,-0.05043625,-0.02634307,0.02944726,0.4798859,-0.1840026
0.007694712,0.4023808,0.01430348,-0.3653609,-0.1332146,0.9258704,-0.3075069,-0.04195086,0.013776,0.01533836
;
-0.01606106
0.4385707
0.1780252
0.115721
0.0579607
0.06335421
-0.3387114
0.01584282
-0.08511735
-0.02133068
;
-0.1350506,0.1660377,-0.4418622,0.04060408,-0.3812981,-0.1931148,0.353043,0.2765744,0.08854402,0.540816
0.1228614,-0.2500967,-0.06451014,-0.3600022,-0.05463737,0.485721,-0.04473548,0.1662955,0.2945043,0.2809875
0.05007279,0.1825418,0.3098258,-0.6693822,-0.4869551,0.524074,0.3833479,0.1373869,0.2343967,-0.4757948
-0.000423152,0.08969248,0.4502027,-0.03062321,0.0007434117,-0.2519508,-0.6378669,-0.8918044,0.2433108,0.06446725
-0.001650989,-0.2726026,0.07210237,-0.7119156,0.03266752,0.08088966,-0.5799656,0.3801818,-0.1520999,-0.009544395
-0.06840297,0.02930921,-0.002658597,0.09403102,-0.04275186,-0.01320561,3.154061E-05,0.00983047,0.190523,-0.2728774
-0.2681557,-0.01155282,-0.3260914,0.2151321,0.263932,-0.4220332,-0.1814067,-0.2941331,-0.2708664,-0.003550136
0.3320963,-0.001635729,-0.4036767,0.03722044,-0.4223076,0.4266735,-0.1421695,-0.005427017,0.02220851,0.4422601
-0.08909286,0.3272463,-0.5087383,0.002179785,0.00134885,0.2576852,-0.08701915,0.1149702,-0.4081235,0.1221941
0.2073831,-0.185568,-0.1359624,-0.01695684,-1.733238E-05,0.2250004,-0.01642521,0.1800415,0.06206238,-0.2107201
;
0.230157,-0.3256489,0.1144477,-0.0138058,-0.1291152,0.04012445,-0.431614,0.1282581,-0.07721442,-0.08153726
-0.1210965,0.1497637,-0.4791646,0.01936591,0.007568341,-0.4205894,-0.04670566,0.3831258,0.1476549,-0.3085469
-0.0786113,-0.04874876,0.4325525,-0.1653028,0.177218,-0.05417823,-0.02034813,0.147002,-0.1753161,-0.2062411
;
