0.2408318
0.08979429
0.5112983
0.7335268
0.0001664447
-0.03668147
-1.140174
-0.4480428
-0.749335
0.02035557
;
0.3319972,0.13221,0.3627896,-0.1811808,0.3492829,-0.03661149,-0.0795185,0.004438106,-0.1190524,-0.3863465
0.7434881,0.09299947,-0.7117726,-0.2841871,1.123704,-0.04415978,-0.05364319,-0.4247181,0.4796083,-0.3874855
-0.5802566,0.9195405,-0.1405194,0.1147949,0.3391943,-0.01474287,0.6375655,0.12871,0.2876081,0.1096902
-0.4928435,-1.290183,-0.7352058,0.3500547,0.4168504,-0.06345482,-3.537189E-06,-0.5088295,0.02565444,0.07552739
0.391945,-0.362308,-0.382913,-0.2263067,-0.1920199,0.2608109,-0.2625939,-0.3440689,-0.005793349,0.01536769
0.002577687,-0.2511533,-0.2144605,-0.01329348,-0.00830251,0.08071127,-0.4114106,0.3037164,0.2251609,-0.4567177
-0.3539921,-0.1824979,0.01514107,4.813802,0.3813541,-0.1589925,-0.5245151,-0.4638016,-1.012429,-0.5988355
-0.1522993,-0.3737838,-0.07594266,0.02206012,-0.2366646,0.01950253,-0.005012838,-0.01477812,-0.03749755,0.07638444
-0.1463458,0.3832645,0.01265902,0.1446861,-0.5289004,0.01082339,-1.710713,0.01229566,0.2908482,-0.008107184
0.0008589881,-0.3215436,0.02326404,0.1050301,0.8105426,-0.2504722,0.2363376,0.2577505,0.1810636,-0.448705
;
0.09473723,0.01685362,-0.06187009,-0.1089664,-0.005559698,-0.2975574,0.4060576,0.4744184,0.2593996,-0.005125575
2.482165E-08,-0.02699798,-0.3385642,-0.3674754,-0.3937691,0.1578187,-0.01141766,-0.04079677,0.2127427,0.0002676417
;
0.004746642
0.4592437
-0.08627517
-0.1243171
-0.300158
0.009522578
-0.0157137
-0.1788686
0.3973572
-0.006427169
;
0.2098651,-0.07854328,0.3718146,-0.1904652,-0.03641058,0.2957483,-0.5370362,-0.02017615,-0.03282209,-0.1184297
0.2313214,-1.450093,-0.003115511,0.1763619,-0.08038396,0.001159086,-0.3703802,-0.3495566,-0.3768524,0.4201751
-0.2219684,-0.3374349,-0.09001531,-0.03875401,-0.4247942,-0.2799083,0.1741244,0.0696649,0.04275905,-0.6165453
0.1910393,-0.2790286,-0.5352098,-0.07062993,-0.1761895,0.1070207,-0.3380886,-0.0004583736,0.199479,-0.0800312
-0.2317158,1.367825,1.888703,-0.3027582,-0.09315009,0.06947845,-0.5444354,-0.004325009,0.1393463,-0.1645447
-0.3452331,-0.2180473,-0.0008177952,-0.01859635,0.3714792,-0.1410751,-0.3748624,-0.02964395,0.2315458,-0.4024047
-0.1008007,-0.1056668,-0.0002503623,0.0004598796,-0.9193686,-0.487425,0.003180648,-0.1851185,0.08697039,-0.173277
0.6366895,-0.1067301,-1.613674,0.001969476,-0.04276603,-0.1133851,-0.03936129,0.01736968,0.07272238,-0.0004841277
-0.1617317,-0.4440868,-0.3347161,-0.01285191,0.3947138,0.08817453,0.1144034,0.5017508,-0.646138,0.1258246
-1.066212,0.5850159,-0.2585686,0.04755223,0.4760153,-0.03875297,0.005927145,0.1381185,0.1466334,-0.2973861
;
0.458043,0.02223556,-0.3337595,0.06175175,-0.3130009,-0.370492,-0.4600594,-0.007183027,0.01711606,0.01478095
-0.430554,0.3421043,0.4167361,-0.2508209,0.1405391,0.452904,0.01146991,0.4729993,0.2567886,-0.4373751
-0.0119585,0.02704405,0.652166,-0.1350576,0.2703218,0.1017824,0.1390253,0.2667581,-0.08813936,-0.1951005
;
0.07617062
0.06682985
-0.3134957
0.0009527701
1.081197E-07
-0.3745497
-0.07145453
-0.3327153
0.02952576
0.5001617
0.9067796
-0.4729813
-0.03228483
0.0001417634
0.1136825
-0.001649439
-0.01173931
-0.1965386
-0.1096643
-0.03806299
-0.8651359
-0.03173766
0.2194047
-0.2143642
0.07963067
-0.0546699
0.1269608
-0.1666521
-0.3313899
-0.4359727
;
-0.2485951,-0.1835763,-0.5758523,-0.1578794,0.1880051,0.2690906,0.005263986,-0.1352299,-0.4233202,0.4166786,0.00962481,-0.2079279,-0.03031689,0.2569053,-0.9455535,-0.1666968,0.02240856,-0.04533146,0.1025831,0.5516236,-0.01073518,-0.06444257,0.0257147,-0.2900557,0.01080384,-0.06421538,0.2521876,0.004785877,0.08485276,-1.079275
0.4512394,-0.08424208,0.7182391,0.08467386,0.002124506,-0.2988229,-0.1739021,-0.04326638,0.2259697,0.007225893,-0.1486248,0.1752152,0.0577123,0.177283,-0.02231339,0.03579367,-0.3989345,-0.230695,-0.3092701,0.3215306,-0.5046579,-0.04352401,-0.02185345,0.1015561,0.03123765,0.1054675,0.269492,0.06064177,-0.003300697,0.06755508
0.0619623,-0.1205829,0.3586441,0.5773855,0.2355052,-0.3343804,0.1453636,-0.336014,-0.02154858,0.04640988,-0.1904729,-0.2676378,0.2157039,-0.3516609,0.2575984,0.2727817,0.03233358,-0.8515449,-0.4395555,-0.4355875,0.004424842,-0.01928873,-0.0887507,0.05616619,-0.08711201,-0.3842328,-0.1334055,0.258338,-0.3101599,-0.6141001
-0.0229333,0.08889586,0.3957117,-0.000101187,0.05799508,-0.4977584,0.1909298,-0.4641732,-0.08382399,0.4665632,0.4470937,-0.03239579,0.02678024,-0.1855013,-0.08695287,0.4002676,0.1595095,-0.47272,0.5690987,-0.2239989,-0.3462834,0.05776948,0.03324788,-0.3756272,-0.0380882,-0.003879506,-0.3223007,0.2566597,-0.6154934,0.515375
0.009614785,0.1631089,0.03626562,0.0004262913,-0.4406472,0.0004404189,-0.2962259,-0.03947188,-0.0928497,0.3200156,0.5314503,0.2114102,-1.264836,0.2966949,0.3410863,0.002196093,0.03335473,0.1260414,0.141129,0.09183828,0.4087232,-0.004176039,-0.1770249,-0.03711751,0.4456921,-0.326537,0.2772027,0.3101344,0.1186418,-0.002621515
0.2986125,-0.000480918,0.1109215,0.1679909,0.163297,0.1528684,-0.1949411,0.07449922,-0.2096868,-0.2328935,0.4401871,1.510728,0.1678649,-0.1854524,-0.7188675,0.1374884,0.1532084,0.09167501,-0.08750507,-0.3346589,-0.4785012,0.05369288,0.06358379,0.7506937,-0.3083141,-0.1060764,-0.02388608,0.04172736,-0.1250632,0.04557106
-0.01865387,0.3065757,0.1168024,0.007315082,-0.1386718,-0.7031066,-0.1988658,-0.002944397,0.4221957,0.4324618,0.4669645,0.4350015,0.1493595,0.1714821,-0.03660243,0.2367612,0.1731383,0.4239211,0.1268069,-0.4283351,0.4641643,-0.1405709,0.3218069,-0.2209436,-0.215618,0.1730161,0.228939,0.4694493,-0.01132649,-0.004244911
-0.3920393,0.07372431,0.4808434,-0.1609283,-0.2291424,0.1142346,-0.2605964,-0.5044975,0.006819665,-0.1366945,-0.1198266,0.4833431,-0.5696752,0.3061339,-0.03265236,-0.626418,0.6487959,-0.09610676,-0.01162812,0.04844727,-0.2304707,-0.1417547,0.3113889,0.02225488,0.03161654,-0.5361811,0.2448951,-0.08751971,0.1052745,0.2379175
-0.4467383,-0.2535627,0.8920032,-1.014545,-0.2664655,0.06158254,0.250214,-0.2536249,0.05900479,0.003947464,-0.1597657,0.04738589,-0.2937982,0.06141946,0.6192023,0.1725604,0.6974875,-0.03343197,0.01291355,0.4421887,-0.282113,0.3445885,-0.6205443,-0.04264188,0.5054373,-0.002782909,0.2427711,-0.3262123,0.04964404,-0.4693603
0.3584627,0.01835934,-0.8182961,-0.4679861,-0.002650897,0.4812267,0.005164003,0.2593461,-1.345058E-05,-0.3323429,0.5027353,0.404377,0.002655626,-0.06955153,0.6298733,-0.03121116,0.02540547,0.4872316,0.06721526,0.09813794,0.2299942,0.002844399,0.0019483,0.08270949,0.01835376,0.04797219,-0.07473284,-0.2446093,-0.008904563,-0.2138191
0.02171041,0.1401103,-1.035681,0.3161484,-0.02167298,-0.0243668,-0.002951127,0.496801,0.40764,1.038848,0.4179649,0.07885102,0.393217,0.03048423,0.001864619,-0.1957625,-0.07103984,0.01071456,0.1993402,-0.02131945,-0.2028636,-0.1239616,-0.08165202,-0.02949064,-0.1463187,-0.2882382,-0.0656888,-0.0005338051,0.6200058,-0.007471513
0.0775313,-0.0005814686,1.32676,-0.1943536,0.2515154,-0.04235912,0.01035872,0.05872673,0.2131747,0.03143396,0.1026262,0.04126753,-0.001357948,0.05550183,-0.1819549,0.01647902,0.2461637,0.4346124,0.2415694,-0.2118217,0.05848998,0.231118,-0.1370326,-0.4451773,-0.5160877,0.003594252,0.3559057,0.006928647,0.03888673,0.0256449
1.043009,0.003919757,0.0629378,-0.03263601,-0.2251933,0.7453567,0.1004471,-0.2103056,0.387906,0.09578222,-0.1227071,-0.3368529,-0.1338404,0.08561196,-0.006916462,0.04892686,0.8137652,0.4322714,0.3817881,-0.4630052,0.06509065,-0.06789604,0.4358951,-0.4103703,-0.1733286,-0.0008327995,-0.3768777,-0.2546053,-0.2047532,0.2217773
0.3109989,-0.01560309,0.3215126,0.01463896,-0.6940476,0.002219805,0.2873434,0.1203968,-0.0004524012,0.9269645,-0.0006819594,-0.1075761,0.223963,0.1934486,-0.0001852843,-5.874534E-05,0.003087,-0.127569,0.08676444,0.8240222,0.2984829,1.458801,-0.4415435,0.01431113,-0.01526573,0.0591828,-0.05080541,-0.3729149,0.3180593,-0.05347368
-0.3522605,-0.8231885,0.009100878,0.003367353,-0.03233583,-0.2045867,0.05418397,-0.1461063,-0.233584,-0.03688835,0.05557156,-0.3189059,0.1798006,0.02872204,0.3856973,-0.0409494,-0.002953159,-0.1752097,-0.2194521,0.00584577,2.682579E-05,0.09781534,0.02036768,-0.07135671,0.4678564,-0.1587816,-0.1694191,0.5529687,-0.2833484,-0.009780228
0.009243169,0.1803697,-0.01546939,-0.0974163,0.1484608,0.3505096,0.0383784,0.3031648,-0.6080214,0.1132651,-0.02510751,0.4501535,0.3578327,-0.09469527,-0.1615904,0.002777936,0.04016536,-0.2123927,0.07808566,-0.04634851,-0.003474176,-0.3668504,-0.4502437,-0.08424169,0.1918239,0.6480366,0.4040907,0.2637479,0.22596,-0.5473671
0.6980847,-0.1581962,0.1088597,0.2522388,0.2536417,0.01129171,0.08676139,0.02154864,-0.007957392,-0.5389748,-0.9592066,0.2854795,0.08454355,0.3293692,-0.6038994,-0.01138513,-0.01758472,0.05015528,-0.3697299,0.786371,1.589684,0.449856,0.01716461,0.03879509,-0.1883364,1.416487,-2.035503,0.3180157,0.2194017,0.1368212
0.02499798,0.3231978,0.4026706,-0.7348279,0.04342836,0.6940985,-0.1216146,-0.009980117,0.01645561,0.385891,-0.03651483,0.003285223,0.5249274,0.001780436,0.06147152,-0.1516039,-1.04391,0.09133273,-0.3926316,-0.06715677,0.4971878,-0.276141,0.610339,0.1031769,0.03186124,-0.3800825,0.4632653,-0.3757119,0.380778,0.5162405
-0.2041342,0.5398718,0.001266078,0.100675,-0.3896154,0.01688156,-0.0475445,-0.06197673,-0.2007922,-0.2297518,0.12609,-0.1233346,0.0377836,0.07164794,-0.0009426692,0.1445951,-0.258606,0.5553497,0.4127898,0.05674152,0.4195472,0.1916591,0.01079245,0.0661261,0.055509,-0.4005972,0.001481222,0.0568859,-0.4162044,0.05323603
0.332867,-0.6729463,0.2107786,-0.811175,-0.0002728628,0.3692665,9.654232E-05,0.110569,-0.2347205,0.07136945,0.01082995,-0.1949957,0.3593487,0.05238388,0.8055621,0.08875164,0.08003347,-0.4190803,-0.001022139,-0.05546862,-0.2169403,-0.04757638,-0.3320003,-0.1177643,-0.3457555,-0.1512917,0.0304274,0.4145575,-0.01746935,0.1659545
1.047877,-0.482484,-0.3244733,0.4190571,-0.3097771,-0.07151078,0.1323431,-0.4901961,-0.3032162,-0.4412113,0.2904673,-0.1914746,0.09287447,0.2744223,-0.4936504,-0.04167394,-0.06082252,0.2431791,0.03012055,-0.3688273,-0.01106714,-0.05106413,-0.2652186,-0.1562049,-0.03356797,0.1243546,-0.06354923,-0.497093,-0.002277487,-0.07468802
0.2446586,-0.006145149,-0.001636583,0.5866246,0.6843177,0.4903946,-0.4979945,-0.4644293,0.03256148,-0.3646243,0.1618119,-0.0009747659,0.00420342,0.3068393,-0.2907777,-0.3925231,0.02118719,-1.678671,-0.2591032,0.1127765,-0.2536175,0.005177579,-0.04382378,-0.471177,-0.001853102,-0.7468044,0.2108425,0.03936546,-0.4549426,-0.8646246
-0.4848643,-0.7871931,0.4294918,0.03864175,0.3992425,0.5213854,-0.3111396,0.5876625,0.1591609,-0.03252274,0.3914274,0.2683476,-0.3921677,-0.4442645,-0.08053389,-0.1321608,0.312823,-0.004023918,0.04838676,-0.1316479,-0.05731634,0.1459951,0.001907647,0.5223832,-0.2167262,-0.05974108,0.1963254,-0.8034776,-0.04051342,-0.02796243
-0.2355862,0.4198322,0.1791684,-0.188058,0.08321244,-0.01653589,0.1813085,0.01893743,-0.01577075,0.4121596,0.01024778,0.1843357,0.00994784,-0.9510292,0.2305933,0.2876267,0.5628991,0.03534507,0.153012,-0.4664797,-0.0160078,-0.006512451,-0.06046307,0.01985858,-0.05577124,-0.01274786,0.4739428,-0.002074706,-0.1508772,-0.3078967
-0.03635496,0.02595657,-0.6793838,0.1292052,-0.3066652,0.2242365,-0.05835614,-0.4951631,-0.3855305,-0.478737,-0.01299542,-0.03991751,-0.4171274,0.1503064,0.4690379,0.03115555,-0.5440001,0.01128549,-0.4272159,0.1743084,-0.0093796,-0.01089925,0.006414196,0.2228588,-0.8178418,0.05604523,-0.3595394,-0.02251887,-0.07290424,0.07297152
9.342458E-05,-0.4260079,0.324531,-0.2694377,0.3761765,-0.02288672,0.483744,0.0366712,0.2237928,0.4389496,-0.0003171389,-0.0107377,-0.0004228606,1.56915,0.6751934,-0.2365479,0.4070465,-0.02742118,-0.4303249,-0.09080881,0.2604101,-0.251127,-0.5406274,-0.07647091,-0.003363,0.3683114,-0.1666148,-0.1902774,-0.3038149,-0.2573152
0.3618162,0.41149,-0.1890555,0.008436278,0.02407187,0.07858685,0.06931348,0.1274447,-0.7441846,0.4657035,-0.04597704,-0.02559568,-0.3501863,0.07946616,0.1246105,-0.0005540234,0.007156168,0.02899608,0.3369559,-0.4454602,0.01170798,-0.3440193,-0.09402531,0.05283514,0.2912134,-0.1962575,0.2374584,0.589807,-0.3305731,0.3361946
-0.6789048,-0.4096495,0.01626035,0.3291621,-0.4960071,-0.2533542,0.0588613,-0.4432704,0.2951726,0.1604112,-0.1349669,-0.1093431,-0.05759558,0.02292744,9.064873E-06,0.3927405,-0.1337483,0.1848624,-0.006416078,0.2170298,0.1261426,0.5569539,0.07361192,-0.1091931,-0.01733762,-0.2726361,-0.3556992,0.181138,-0.02027761,-0.1793695
0.1113371,-0.2836488,0.1846896,-0.0002598554,-0.2934597,0.03207524,0.02247797,-0.3619511,0.3121614,0.4872838,-5.571177E-05,0.07793999,0.01276485,-0.004148568,-0.4170609,-0.6851168,-0.2355298,0.4692465,-0.2743784,0.03619907,-0.02849553,-0.06677908,-0.02912522,-0.2192526,0.2378633,0.3836001,-0.1863176,-0.1121869,0.426442,-0.3280901
0.3137307,0.4596641,-0.1625485,0.2095816,0.05670696,0.1747182,0.1099704,-0.1108362,0.03179555,-0.8363959,-0.01996289,0.2840855,-0.4096558,-0.4617643,0.006691129,-0.08864063,0.4085313,-0.06095022,0.104142,-0.05778951,0.3336645,-0.1415782,0.007473042,-0.5128516,-0.4811672,-0.06316715,0.1937873,-0.3481203,0.1592425,-0.06584928
;
-0.5053833,0.6081492,0.07058714,0.06813711,0.2505786,0.4831801,0.1888187,0.2448734,-0.4820611,0.1129402,0.1489858,0.08626793,-0.2445431,-0.01946526,-0.08602221,0.09459872,-0.03733796,-0.435908,0.214412,0.06280138,-0.4570739,0.1167263,-0.5604585,0.06065705,-0.1368264,0.2626711,-0.08275742,0.01886932,-0.04411513,0.2281121
-0.1767551,0.06553949,-0.2504582,0.1074806,0.1392996,-0.00248455,-0.2761048,0.02496589,0.4680674,-0.4956723,0.198212,0.06416704,-0.4566737,-0.05361702,-0.09313601,0.0005342531,0.08682273,0.162157,-0.05319694,-0.92227,-0.4424889,0.003610302,0.3169683,-0.05271122,0.5512775,0.07137721,0.1922836,-0.174581,-0.1892741,0.09076344
0.5792489,0.156341,-0.1696408,0.6590934,-0.2448532,0.06203955,0.2122069,-0.3324922,-0.1945537,0.06893128,0.2015879,0.5303994,-0.2737988,-0.05762798,0.117243,-0.07497574,0.4327716,0.6965758,-0.1729811,0.1572115,0.3634559,-0.2860926,0.3399018,0.1903073,0.07880069,0.07388455,0.22764,-0.06586877,0.5601048,0.1610998
;
