-0.02613687
0.2785867
-0.363505
0.239622
-0.4607101
-0.002085692
-0.004732328
0.4077513
-0.2528715
-0.3744557
;
0.06736349,0.3134999,-0.07338501,0.5685927,0.2362604,-0.04713744,0.3275303,-1.096742,-0.02703336,-0.1234811
0.002733377,-0.006825626,-0.1826593,-0.2154872,-0.03138808,0.1755367,-0.093456,0.07512345,-0.07381313,0.06554217
0.06211113,-0.09419796,0.6439403,-0.1806419,-0.1874179,0.02883223,-0.02775675,1.574886,0.1620095,0.08363268
-0.2438857,0.001562851,0.3089472,-0.0720695,0.001884305,0.0285835,0.0426051,-2.823691E-06,0.3094348,-0.2123377
-0.08819595,0.002710691,0.4302086,0.2523029,-0.145564,-0.3343529,-0.1929009,0.4741851,-0.3081099,-0.04804783
0.1663044,0.134938,0.007844627,0.01396556,-0.04108891,0.2887338,0.0650373,-0.04035643,1.051428E-05,0.3401122
0.002793323,-0.07188479,-0.1454947,-0.03431934,0.2078187,0.06034574,0.01205215,0.02267486,0.6364549,0.1627018
-0.3262451,-0.1771978,-0.5312164,-0.4161577,0.1639383,-0.01538295,-0.5187441,-0.02633289,0.4865335,-0.2234729
2.030213E-05,0.18933,0.0001592325,0.2009927,-0.005150198,-0.2028303,0.0007633233,0.0128397,0.02246919,-0.2882128
-0.02278262,-0.008815541,-0.2667521,0.3330614,0.6819788,0.6843755,-0.1296041,-0.009053648,0.07799451,-0.1973009
;
-0.004718348,0.2002031,-0.3459016,-1.08443,0.4311806,0.1058445,0.6340275,0.3256634,0.4267761,0.03383653
-0.07118928,0.02274132,-0.1165828,0.0936774,0.2242586,0.1417935,-0.1149318,0.001131019,-0.2816271,0.01030287
;
-0.01009786
0.7325945
0.4927925
0.05199055
-0.1678957
0.3325108
-0.1746982
0.1269402
-0.001114959
0.06667715
;
-0.2314253,0.2761382,-0.2566032,0.04787928,-0.0661336,-0.04790262,-0.2880268,-0.3232684,-0.1693076,0.2318206
-0.2066406,0.8883096,-0.05927805,-0.01451394,-0.213912,0.1135702,-0.2805747,-0.3200948,-0.0004431918,-0.01121121
0.04989201,0.2689204,-0.002980333,0.07314909,0.08065537,0.01705195,-0.05304059,0.002583858,-0.1063706,0.09179586
0.3336871,-0.1172927,0.007176382,0.0879969,-0.01899636,0.249197,0.05382782,0.471797,0.15132,-0.09941019
1.577955,0.3079946,0.05469495,-0.06740567,-0.04861248,-0.4988543,-0.1685554,-0.1404977,-0.002413054,-0.01809295
-0.4573851,0.1672131,-0.155341,0.06877093,0.229175,-0.2029825,-0.4330454,-0.01099835,-0.1148633,0.5767328
0.2439881,0.04939085,-0.1821706,-0.2767737,-0.2708353,0.07013007,0.6945627,-0.108532,0.03450947,0.1235447
0.4155281,0.3119242,-0.4088099,0.4349782,-0.4030961,-0.2264907,0.08162089,-0.206875,0.02729398,-0.7351926
-0.005873369,0.43873,0.0362347,-0.1600659,-0.3749399,-0.1177151,-0.1031098,0.8168468,0.0636017,-0.26009
0.1870769,-0.1706118,0.02015248,0.3659967,3.480976E-06,-0.0006465524,-0.005633,-0.4197373,0.07124358,0.004993028
;
0.2432787,-0.2568935,1.45415,0.003141885,-0.2469654,-0.09686959,0.006643962,0.02425408,-0.1770427,0.1187292
0.8173068,-0.1228495,0.3522553,-0.01413599,-0.009625513,-0.2635751,-0.01927467,-0.08023924,-0.2533261,0.07461445
-0.1861388,0.1082425,0.3233634,0.0989458,0.2050897,-0.9039478,0.0703997,0.1019385,0.01089626,0.1496439
;
