0.3859662
-0.17747
-0.009724096
0.7274184
-0.01473458
0.01524531
-0.4918162
0.3213013
0.4724691
0.4818614
;
-0.1129127,0.04465863,0.07874345,-0.2268605,-0.05246371,0.05747402,0.9244437,0.4825323,0.00471764,0.4112802
0.4491535,-0.005214966,-0.1971534,-0.4197257,0.04804176,-0.1844101,-0.129363,0.3514442,-0.3643954,-0.05825737
0.007514541,-0.1154565,0.3883545,-0.00513333,-0.04630762,0.03037018,0.6539561,-0.04523579,0.09446834,-0.4616175
0.2405642,0.05590277,-0.7240937,-0.1304031,-0.1946569,0.02250077,-0.09152189,-0.1785641,-4.859498E-05,-0.03233418
-0.007817818,-0.09708446,0.1035023,0.01974058,0.02905959,-0.2111955,0.06414251,0.1397573,-0.02655018,0.1977621
-0.0009313217,0.3556786,-0.3142338,0.3857849,-0.4860903,-0.3667576,-0.04978101,0.1594449,-0.1861214,-0.4395608
0.01714867,0.1356754,0.02800466,-0.1657692,-0.1272995,0.3885771,0.2542548,-0.00572732,0.06334215,0.2974963
0.3200245,-0.002357197,-0.7547684,0.09078461,-0.07798398,0.005179255,0.01284312,-0.0351493,0.3884414,0.1376649
-0.1737629,-0.2187727,-0.3914498,0.009361031,-0.4485797,0.1610273,0.3459183,-0.518156,-0.4775907,0.002906452
0.3007858,0.01226634,0.01566538,-0.2897648,0.2868063,-0.1576751,-0.1608953,-0.0765027,-0.01561707,0.01601842
;
0.02475172,-0.03465116,-0.2802712,0.0005795673,-0.05387479,-0.4353575,-0.01113259,0.02944726,-0.4961349,0.2848858
0.07193733,-0.06699778,0.08615679,-0.5254933,-0.1365063,-0.4224676,-0.008343739,0.2015215,0.013776,-0.3619483
;
-0.01606106
0.780682
0.1780252
0.1099646
0.06048292
0.1879451
-0.3711043
-0.08132751
-0.3431782
-0.02133068
;
-0.2269396,0.09122614,-0.1492393,0.2815983,-0.4084199,-0.4809841,0.353043,-0.3286998,0.07909606,0.1688929
0.1228614,0.09728391,0.06451014,0.4376004,0.05463737,0.2305884,-0.6989447,-0.3951502,0.08998626,-0.02876569
0.06069503,0.1595232,0.3098258,-0.3506681,-0.2784401,0.2288296,0.1336084,-0.1373869,0.2343967,-0.6524592
0.0004748879,0.08969248,-0.4502027,0.02794101,0.002743879,0.2519508,-0.4753835,0.4670319,0.3460703,0.06446725
0.2789392,-0.2726026,0.07210237,2.009178,0.02587861,0.1278034,-0.3362933,0.3286543,-0.1520999,-0.009544395
-0.1368707,0.2042257,-0.002658597,0.09403102,-0.04275186,0.4148923,-5.105482E-05,0.00983047,0.04539806,-0.5641452
-0.1807939,-0.01552281,-0.000380658,0.2151321,-0.3674138,-0.4220332,-0.1814067,-0.5555494,-0.2708664,-0.001787112
0.08604287,-0.0253179,-0.4036767,0.01649922,-0.4223076,-0.2340707,0.4790778,-0.005427017,0.02220851,-0.2783227
-0.4641377,0.1802739,0.5338926,0.002633893,0.00134885,-0.2207842,0.01602497,0.1149702,-0.6334732,0.2510842
-0.4042737,-0.4401745,0.1359624,0.4049855,-1.733238E-05,0.1030424,0.003660867,0.1407226,-0.06206238,-0.2633264
;
0.05121547,-0.0005444774,-0.3638913,-0.0138058,0.2433435,-0.04012445,-0.431614,0.02274689,-0.07898389,-0.08025917
-0.1210965,0.5968326,-0.1183477,-0.01936591,0.007568341,-0.08788947,-0.05650573,0.6765342,0.2064983,0.3085469
-0.2720853,-0.04227728,-0.2822921,0.1111159,-0.177218,-0.05321962,0.0748834,0.07897812,0.1753161,-0.019611
;
