-0.2219035
0.05034584
-0.0837141
-0.4855996
0.4723047
-0.1286373
0.4560946
0.2959985
0.3446774
0.1592886
;
-0.2459465,-0.4394888,0.196599,0.01602,-0.08905393,0.1640591,0.4450126,0.4043015,0.2707806,-0.1139221
0.03602463,0.4812562,0.3936437,0.1873714,-0.1298125,0.005655706,-0.1485552,0.1000296,-0.469111,0.1982338
-0.1268085,0.2352943,-0.2173048,0.2304848,-0.4555269,-0.2156785,0.4712518,-0.1004366,-0.04844195,-0.03079051
-0.4027208,-0.07452542,-0.3218135,-0.4655355,-0.4749284,0.3971393,-0.4728361,-0.2505388,0.1095302,-0.3886925
0.193956,-0.4527218,-0.2281139,-0.09516498,-0.2430812,0.2667713,0.2571765,0.2888871,-0.03855437,-0.21841
-0.3512034,0.3307128,-0.3886691,-0.4992964,-0.4297307,-0.4635764,-0.1186314,-0.09694582,0.4270762,-0.2071646
-0.3555597,-0.05615133,-0.135735,0.2510411,-0.3241454,0.1612638,-0.4899031,0.07735091,0.1079332,0.1356184
-0.04997379,0.4408263,-0.1358796,0.09965509,-0.1009666,-0.413113,0.4025259,0.05782801,0.3821243,0.4720976
-0.3236195,-0.01499552,0.6370751,-0.08243078,-0.4769,-0.1435944,0.3246174,-0.3629781,0.365695,0.05184823
0.4018698,-0.2948055,-0.2878146,0.192103,-0.3268806,0.1444895,0.1421853,-0.3913194,-0.1467624,-0.3054359
;
-0.3313011,0.1934365,-0.09568673,0.15433,-0.3161094,0.1769919,-0.362506,0.446926,0.22066,0.09950608
-0.211963,-0.001646459,-0.465212,-0.0008146167,-0.4168934,0.2845838,-0.1213891,-0.2035198,0.4895332,0.09554356
;
-0.1712899
0.4311025
-0.1929516
0.1712874
0.01781771
0.1510542
-0.6103099
0.02409118
0.06818701
0.6487693
;
0.2161852,-0.3877386,0.2934242,0.08545727,-0.216302,-0.2436028,0.5108159,-0.008234228,0.02243179,0.1383474
-0.1081981,0.4172821,-0.08960754,-0.1695419,0.2002688,0.003640907,0.01218649,0.3368842,-0.125597,0.00288837
0.01513594,-0.09872265,-0.4331544,-0.001867877,0.1627097,0.639544,-3.116034E-07,0.4931829,0.4873083,-0.1901609
-0.414898,-0.1913995,2.20674E-05,-0.1889242,0.44848,-0.143788,-0.003035472,-0.1871234,0.2484144,-0.05645424
-0.01638199,0.0412663,-0.2880691,-0.08479589,0.1897647,-0.06577045,0.0003264666,0.0373252,-0.1390395,0.3095608
0.01348853,0.04117664,-0.03391725,0.1624206,-0.6294519,0.03333608,-0.4097363,0.04481322,-0.3761157,-0.07065329
0.207198,-0.002861463,-0.004337342,0.4392134,-0.4242363,-0.0732552,0.692605,0.3617313,-0.0593149,-0.08729653
0.1897656,0.2280284,0.1002755,-0.003002489,-0.3705189,0.04780748,-0.08633251,-0.03916143,-0.001391285,-0.4829618
0.03059334,0.02534634,0.2105157,0.1788527,0.291818,-0.5454068,-0.8187017,-0.03335672,0.3938912,-0.4084513
0.0296787,-0.04935331,0.07117663,-0.01882975,-0.8105426,0.05264207,0.1897319,-0.6136603,-0.02048212,0.1731004
;
-0.5981754,0.1251736,0.1080309,-0.001991739,0.2461841,0.1984083,-0.1378838,-0.002635065,-0.3322048,-0.01745529
5.339963E-07,0.03326205,-0.4176068,-0.2675471,-0.2182013,-0.007548447,0.3873645,-0.2462147,0.1960259,-0.3851556
;
-0.003493831
-0.1548348
0.2150361
-0.02785662
0.1208774
0.3215331
0.434837
0.06330627
-0.005454213
0.3311075
;
0.3332713,-0.44067,0.05427415,-0.1905155,-0.09285594,-0.05480443,-0.01353425,0.1137156,0.03407117,0.1252782
0.01583079,0.1389208,-0.2840276,-0.02156287,0.03094751,-1.014321,0.05168074,-0.001471681,0.305779,0.07299088
-0.3614043,-0.1794742,0.3090999,-0.03782801,0.2789139,-0.3146659,-0.4729987,-0.1937498,-0.4612508,-0.4011201
-0.0800942,0.008830537,-0.542235,-0.8037933,0.0006614682,0.01624859,0.1483702,-0.03951071,-0.01661788,0.2409344
-0.177825,0.1941835,0.4372582,-0.002324081,-0.02650994,0.1676819,-0.4421917,0.1058821,0.1268753,-0.382484
0.3101789,0.06069181,0.1365308,0.4907173,0.8116452,0.2343177,-0.2873368,-0.2694843,0.3010177,0.5417959
-0.07776937,0.05578677,-0.1297002,-0.01734624,0.09360224,-0.4128691,0.007397115,-0.1416636,0.6314698,0.3277111
-2.254574,0.004961545,0.02484144,0.08197552,0.09004588,-0.2195559,-0.2224829,0.01599999,0.0133304,-0.9591468
0.06021243,0.6752947,-0.002190393,-0.008116691,0.01660365,-0.001586939,-0.02274207,-0.1262393,-0.06216449,-0.1427762
-0.3498321,-0.2362662,-0.03618624,0.1763058,-0.2702457,0.3593143,-0.2903102,0.2067669,-0.4664669,0.003316397
;
0.5766302,0.006179823,0.4965142,-0.4214187,0.5249178,0.2654352,-0.5893151,-0.1512085,-0.004305444,-0.06216734
0.1325295,-0.009865862,0.4032486,0.3398695,0.2297105,0.4355668,-0.009391801,0.04108888,0.09328884,-0.4990453
0.4451998,0.1604432,0.08695556,-0.0598216,-0.4883362,-0.01458945,-0.3648808,-0.3357546,-0.3413125,1.976741
;
0.06222028
-0.02382948
-0.04370397
-0.08252567
0.01928845
0.003565119
-0.1052579
-0.1106755
-0.5724159
-0.01838273
-0.2229295
-0.01838113
0.4572565
-0.1937681
0.1861918
-0.01787414
0.02465573
0.2866117
0.01229324
-0.07640763
0.2182183
0.2603494
0.207216
0.2685614
0.1324624
0.3372146
-0.1393412
-0.1854368
0.4072064
-0.9779321
;
0.3399448,-0.2556545,0.4582834,-0.04619974,-0.02673033,-0.1864916,0.0225334,0.3019227,0.1748033,-0.1633639,-0.08321284,-0.4337075,0.2623382,0.03005684,-0.5801913,0.3563976,0.3902856,0.2662802,0.2513297,0.3594966,0.08211972,-0.007431522,-1.019151,0.00419986,-0.0743276,-0.01098484,-0.06904203,0.4015795,-0.2808353,-0.009372175
0.09490368,-0.1697618,-1.274557,0.2266442,-0.3758196,0.1556762,-0.3056165,-0.02862734,-0.1389379,-0.02658099,0.02810464,-0.2530573,0.1997949,1.536925,-0.02681364,0.1479521,0.286759,0.1344887,0.0163975,0.0827527,0.1345716,0.02655886,0.2798893,-0.2411472,0.5286576,-0.09039786,-0.3358884,-0.06195268,-0.004879773,0.01393639
0.3216608,0.3634757,0.5617103,-0.4289771,-0.05497221,0.5667036,0.391434,0.02391365,-0.04253184,-0.2447222,0.4271078,-0.1604552,-5.30727E-05,0.1980895,-0.730122,-0.5990413,-0.007688615,0.1204876,0.5429983,0.4109358,-0.00239197,0.415095,0.05256105,0.1616748,0.2210482,-0.6430585,0.2289467,-0.4006435,-0.3409014,-0.001787186
0.09134787,-0.5959339,0.3589048,0.04580494,-0.01510719,-0.7750249,-0.07507157,0.07873744,0.1263755,0.6128343,-0.4126598,-0.3061507,0.3157132,-0.01059171,-0.4126189,0.3219572,0.4437343,0.2369125,0.3316976,0.4002014,0.464306,-0.1350929,0.4446263,0.2262338,-0.2429366,-0.1330766,0.3068748,0.07212548,-0.05432159,0.7016813
0.3578179,-0.5452168,0.01035458,0.4343331,0.3311712,0.3865622,-0.2915232,-0.3397268,-6.985842,-0.3533682,0.0841735,0.02528816,0.1152864,-0.2831574,-0.05308907,-0.05749221,-0.03270086,0.08910362,0.501657,-0.4974855,-0.2361918,0.01278766,-0.1536129,-0.2887795,0.1972663,-0.2363986,0.00560474,0.06964054,-0.1437996,0.03100042
0.1437373,-0.2142972,-0.1316369,-0.495216,0.2222669,0.2772333,0.02091282,-0.2988844,0.4032955,0.04391685,-0.4985791,0.3186555,-0.09265257,0.02263635,0.4950156,-0.4190284,-0.04242245,0.0574998,0.2535862,-1.000136,0.07162415,-0.4163158,0.1585188,-0.3181426,-6.560799E-05,0.2301444,0.1379095,0.1504479,-0.2651118,-0.03742986
-0.0007983021,-0.2554378,-0.02784633,-0.03283327,0.01088428,-0.2261371,0.3345167,-0.1111164,-0.4441617,-0.3227803,0.7075945,-0.533909,0.4204813,-0.1561811,0.7863781,-0.1729978,0.1710874,0.5348914,-0.3428057,-0.03849751,-0.1252087,-0.0433286,0.02381564,-0.4287609,0.7734495,0.02705742,0.04151648,-0.3324593,0.2272367,0.2879857
0.1701151,-0.006886241,-0.137466,0.01519236,0.4482928,-0.1693573,-0.3427882,-0.2940111,-0.0114906,0.1244381,-0.4408251,0.288354,-0.1471533,-0.003780686,-0.8811595,0.8434486,-0.1159052,-0.4466742,-0.3349748,0.009491876,0.00136513,-0.1742918,0.3241474,0.03041869,0.0009665998,-0.001736136,-0.06496754,-0.08803936,-0.4073291,-0.04111662
0.2177711,-0.2770648,0.3541302,0.0007635791,-0.001311115,-0.01565752,-0.02193483,0.4406705,0.2343426,-0.06174033,-0.1009063,0.1653258,-0.2624501,-0.2485902,0.01395192,1.720415,0.1163233,1.138572,0.04061138,-0.2100261,-0.3262297,0.004040078,-0.01056893,-0.08283775,0.5242313,-0.05999804,0.4685526,0.005735445,0.3535792,0.2553715
0.04168628,0.1870098,-0.2391902,-1.086944,0.01543851,-0.03520719,0.1980405,0.09743196,-0.2610108,-0.02848142,0.460972,0.07355613,-0.2157821,0.7366456,0.07203928,-0.04466087,0.06702513,-0.1458072,0.003303118,0.3819373,-0.3884423,2.080202E-05,0.4596229,-0.2126292,0.04285691,0.2783881,-0.001234124,-0.5572588,0.1574794,0.2628185
0.02041,-0.660198,0.1900935,-0.003537313,0.1262306,0.4831481,0.009075419,0.2645001,-0.01457623,0.1347852,0.2760448,-0.4100558,-0.198745,0.1190466,-0.1013252,0.006011474,-0.0885303,-0.1296919,0.4190167,0.0049998,0.4927672,0.390605,-0.4458498,0.006916591,-0.02305282,0.02402988,0.1171649,0.3230929,0.008919172,-0.4191318
-0.01610571,0.08892389,0.3793256,0.1674998,-0.259395,0.4377325,-1.010458,0.01284634,0.1012596,-0.06746914,0.3006538,-0.393296,0.008991539,-0.01232721,-0.357105,0.02690773,0.1041438,-0.2260763,0.9956775,0.0007095834,0.1958029,-0.2972024,-0.3838205,-0.1175351,0.1119727,0.4829865,-0.3431591,-0.1936513,-0.4591638,-0.05497557
0.1660828,-0.0256723,0.7950407,0.4474094,-0.5343187,0.4755533,-0.008207667,-0.185116,0.1667722,-0.4935818,0.0004610636,0.0585508,-0.3636404,-3.471177E-05,0.6404749,-0.01734793,-0.0561977,0.03240394,-0.1021587,-0.4804924,-0.452547,0.048631,0.168582,-0.2645237,0.02215601,0.0006748938,0.1827049,0.4312233,-0.2349327,-0.06581596
-0.25973,0.1447081,-0.1502019,0.07091028,-0.03144279,-0.2724144,-0.04399335,-0.3427309,-0.4149385,0.3210007,1.019221,-0.01481552,-0.007738564,1.038893,-0.04092606,0.2230688,-0.2187091,0.3792384,0.04125661,-0.02972712,0.02051824,0.009345949,1.447209,0.3914653,-0.1249847,-0.130057,-0.01790975,0.04099768,-0.1139485,0.3079201
0.09313857,0.03134814,0.7840192,-0.06843822,0.06510307,0.4947207,0.05326074,0.2775323,-0.04997525,-0.2410875,-0.1697371,0.4799039,0.08461732,0.03473173,0.2104252,0.1440754,-0.7179756,-0.003586716,0.8255836,0.4685545,0.1239858,0.456682,0.01733098,0.01634923,-0.2226614,0.05281174,-0.04985255,-0.02754974,-0.2664027,-0.1377514
-0.06995161,-0.1031179,-0.4894257,-0.2829841,0.08474622,-0.4112119,-0.1988056,-0.06422419,-0.04014686,-0.04810962,-0.263783,0.1312159,-0.1072424,0.0001141838,-0.03980654,-0.2559808,-0.02097622,0.03215461,-0.4912055,-0.007124669,0.3881034,0.009907141,0.2626893,0.3812609,0.06555352,0.3518898,1.079988E-06,-0.01035297,-0.08400638,-0.000968694
-0.1633999,0.4148674,-0.7170489,0.2395964,0.06056422,0.04670646,-0.03103558,0.05997171,0.1061305,0.002484869,-0.04847572,0.003536645,0.0002706184,-0.9942369,0.1703953,0.3891205,-0.07916341,0.1078948,-0.07939869,0.2352584,0.0004714409,0.05743641,0.3067337,-0.02589267,-0.3829553,-0.4967149,0.1636719,0.2742042,0.514071,-0.4578254
0.0620808,-0.3776796,0.4115502,0.5112683,-0.5123728,0.08366474,0.008550739,-0.04410956,-0.0205442,0.3756142,-0.3221508,0.1117802,-0.003469741,0.0765501,-0.05625409,-0.1903304,-0.08958315,0.04715186,-0.3280022,-0.0998253,0.001838487,0.0009257256,-0.08093646,-0.4750675,-0.2263213,3.802634,0.1758347,-0.0004308061,-0.01696664,-0.3292617
-0.103256,-0.4098419,-0.0980664,-0.0480465,-0.302812,-0.1824922,0.8563093,-0.1360304,-0.3577535,0.8072377,-0.05905176,0.1256088,-0.1649572,-0.05447227,-0.5083392,0.2207018,0.08541751,0.4056542,-0.03028351,0.8645055,0.1959115,-0.0004346865,0.1011583,-0.09502771,0.1506116,0.09511418,0.02677885,-0.3534046,-0.4759736,0.0005896408
-0.2697423,0.1472477,-0.02183551,0.2003028,1.305312,0.7294874,-0.03524872,0.2635051,-0.101032,0.414427,-0.1809416,-0.1726405,-0.1887334,-0.165009,-0.008724024,-0.8201442,0.4096755,-0.1246788,0.4165598,-0.0002777656,0.1921166,-0.1983826,-0.003789159,0.5102177,-0.3298159,-0.1023931,0.3526365,-0.03613235,-0.02066319,-0.1189918
-0.3581378,0.4848946,0.01570641,-0.1337429,0.03773702,0.8430075,0.7469057,-0.009660188,0.1333082,-0.1720096,0.002218177,-0.0644265,0.08812362,-0.2563848,-0.5747812,-0.4030632,-0.09126183,0.3465872,0.02903107,-0.02469123,1.174455,-0.4054493,0.3471767,-0.03783974,-0.05142815,-0.06852376,-0.004490684,-0.5264418,0.3598813,0.6726694
-0.02881351,0.164618,0.1451968,-0.00903834,0.04814882,-0.1174637,-1.115202,0.3795922,-0.002492964,-0.8761092,-0.004506077,0.4195534,-0.006855618,0.003060143,-0.4502389,0.00158418,1.253311,-0.2070456,0.3051699,-0.03619656,0.009705761,-0.01176253,0.03408557,0.004334128,0.01007198,0.101121,-0.07012115,0.3850878,0.3523149,0.3266805
0.01365918,-0.3232392,0.06437561,0.01705117,-0.2317378,0.1295024,-0.3089126,-0.103142,-0.01766144,0.08945996,-0.006487933,0.092345,-2.971983,-0.01834936,0.07661074,0.182861,0.2148766,-0.001062095,0.1649388,0.1146922,0.004460094,-0.2725092,-0.3099492,-0.08659918,0.02430684,-0.2239787,-0.3599156,0.2327194,0.0006066459,0.1562106
-0.03209324,0.1380118,0.253589,0.07272047,-0.04078106,-0.01229495,-0.2115224,-0.009270571,-0.09442583,-0.01958812,-0.005702161,-0.1638694,0.0003460178,-0.159709,0.4947711,-0.4878479,-0.3420386,-0.0001317231,-0.2440439,0.04129606,0.09960538,-0.02787501,0.1889199,-0.02053851,-0.8774006,0.4913187,-0.05163326,-0.2929953,-0.07775087,0.3295553
-0.3826945,0.3506218,0.2420642,0.195786,2.713384E-05,0.1249169,-0.2619697,0.05016977,0.0005813241,0.08828348,0.008480525,0.1996949,0.135257,-0.1579558,-0.02541239,0.172705,-0.04990311,0.149445,0.4367214,0.1148139,0.2263548,0.1592405,-0.3918515,-0.03656825,0.7865408,-0.9024826,-0.1168925,0.102499,-0.02504724,-0.1267133
0.2016312,-0.007910356,-0.01564503,-0.153647,-0.003988725,-0.3872578,-0.2207773,-0.09048229,-0.2909912,-0.2586952,-0.3260671,-0.1941767,-0.05732304,-0.3854482,-0.001566858,-0.04098791,-0.1494906,0.4113616,0.007670976,-0.4724144,0.4273626,0.02632222,-0.00763117,-0.0797804,-0.08637315,0.4920292,-0.1600419,0.2790052,-0.002195851,-0.1135206
-0.1110763,0.05173498,0.1150362,-0.9704618,-0.2300346,-0.3064649,0.3592562,0.001120101,-0.1465017,0.5979451,0.3759089,0.6148723,0.2118139,-0.04473081,0.4626495,-0.06614572,0.3531333,0.3242885,0.04718235,-0.4052482,-0.0114619,0.2331725,0.1203558,-0.3767942,-0.08029789,0.3557264,-0.1153279,0.2381915,-0.3737254,-0.01110591
0.2614856,0.3228757,1.623684,-0.3438808,-0.2754855,-0.3632572,-0.2456319,0.2106507,-0.4504434,-0.0187989,-0.1376873,-0.1028725,-0.31697,-0.4709461,-0.03750306,0.0009944959,0.5598277,-0.6006287,-0.3687607,0.01182894,0.005438949,-0.3853984,-0.4357187,-1.451975,0.1302838,0.06398484,-0.5862449,0.08807016,0.07474194,-0.003362973
0.4172708,-0.2179011,-0.1550784,-0.1489159,0.1899967,0.2921373,0.1416061,-0.1389931,0.3435756,-0.03077825,0.009990398,0.3543559,0.000240624,0.3931239,0.3110892,-0.3854498,-0.4549111,-0.1669653,-0.1167368,0.4349523,-0.4721888,-0.3616674,0.006836398,0.03146935,-0.3644155,0.00112147,-0.3643926,0.110372,0.0150764,-0.004109784
-0.2318734,-0.001009524,-0.008285103,0.09880242,0.01362592,-0.006914618,-0.6512426,0.08445784,-0.4291131,0.06340946,-0.004506984,-0.3117343,0.0007799268,0.3871502,0.3334769,0.01356594,-0.02232471,0.02276854,-0.01336295,0.0340696,0.4606864,-0.1797968,-0.2361966,-1.244977,-0.02354737,-0.009233185,-0.467101,-0.01150085,0.5963563,-0.3173981
;
-0.5920615,0.05690003,0.2600626,0.3173356,-0.02628902,0.01545814,-2.288482,-0.2206022,-0.4627186,0.3620173,-0.02013029,-0.02830283,0.004853756,-0.3220414,0.6608129,0.3119687,-0.03174561,0.01895517,-0.01882031,-0.01259908,-0.2249086,0.09370743,0.4739347,0.0001149058,0.09427482,-0.05301628,0.04396123,-0.3720131,0.2048487,-0.2712896
-0.06655142,0.03076793,-0.2409446,-0.0716239,-0.06619638,0.1996897,-0.2082558,0.5736409,0.04613405,-0.1492703,0.03185946,0.0446602,-7.439239E-05,0.9272707,0.03154924,-0.2044385,0.5915907,-0.1860587,-0.105933,0.1093178,-0.07083364,-0.1441612,-0.3058634,-4.519379E-05,-0.4653658,-0.00447287,-0.051039,-0.2396424,-0.1182566,0.4381342
-0.008231731,0.4265997,0.47864,-0.7573977,-0.1292707,0.0524237,0.08312453,-0.1842116,-0.1448865,-0.2949039,-0.4609594,-0.001387739,-0.0764643,-0.3807471,0.0457111,0.4499536,-0.7209527,-0.05368561,-0.4718616,0.1601324,0.002652706,0.7786494,-0.8492674,-0.4919282,0.1916642,-0.1326224,-0.1277911,0.3951831,0.04523331,-0.19463
;
0.1730922
-0.3436657
0.07207204
-0.03273672
5.612068E-06
-0.9667698
0.3146317
-0.5147642
0.01369799
0.05967167
0.2567104
-0.07426995
-3.875527
-0.006362365
0.8689921
-0.07601627
-0.4585606
-0.3787487
0.3197659
0.3342278
-0.2917708
-0.1268632
-0.03297824
-0.00216112
-0.1315693
-0.006432531
0.3872561
0.09030129
-0.2297493
-0.5464424
;
-0.07663182,-0.3675481,0.1056933,-0.2537525,-0.3513223,0.4983913,0.01561981,0.3397006,0.1752363,0.09838611,0.2251854,0.005477726,0.0001941901,0.1273466,0.4621814,0.1739608,0.01118744,-0.0787512,0.07367549,-0.08209997,0.1287107,-0.243677,-0.2044378,0.03119451,0.009812221,-0.03619325,0.2755693,0.2238362,-0.04575468,-0.3878214
-0.2929733,0.1359346,0.275295,0.5628983,-0.1422007,0.3758484,-0.01619991,0.227195,-0.1481149,0.4814816,-0.02720815,-0.3081259,1.089092,0.01434512,0.1441355,-0.2765995,-0.03935546,-0.0413717,0.1221415,-1.138911,0.0001358194,-0.1164686,-0.3434134,0.09046262,-0.2306614,0.3696567,-0.04201151,0.1841248,-0.4074212,0.06419586
0.1823684,-0.9964628,0.4221704,-0.6455764,-0.3903075,0.0003359583,0.444012,-0.2269745,0.3750716,-0.01630935,-0.0001528934,0.1135265,0.03061658,-0.4173141,-0.6032568,0.2915718,-0.2162211,0.001570734,-0.3187685,-0.1563897,0.2477501,-0.3016961,0.4218339,0.1485797,0.06504624,-0.02029669,-0.4949594,-0.2246459,-0.02122393,0.4744302
0.3449446,0.03865374,0.350183,-0.395146,0.09483906,0.002371725,0.6952442,2.579547,-0.6330359,-0.04388313,-0.006953493,0.218829,0.01167195,0.1161005,-0.1295633,-0.0122842,0.08168711,-0.01253609,-0.2458788,-0.4597391,0.5431387,0.9042045,0.3016187,0.1882102,0.2868183,0.1105428,-0.2895115,-0.2027695,0.03601923,-0.143537
0.008122664,-0.2818357,-0.2542783,0.0003705523,-0.4948398,0.004065798,-0.3082891,0.001172156,-0.05522676,-0.4847651,-0.07067445,-0.117002,0.02806778,-0.3604869,-0.3308201,-0.0006303011,0.03228742,0.01606843,-0.4722416,0.1102301,-0.6729676,-0.008496698,-0.001521564,0.05956873,-0.1856868,0.03860568,0.181535,0.3940692,0.1806456,-0.9134296
0.1982399,0.03548127,0.09313758,0.1022061,2.910348,0.1478109,-0.6691249,-0.1398147,0.2648056,0.16899,-0.3999088,0.01281516,-0.4446257,-0.0006139262,-0.4310108,-0.2849911,0.01349181,0.1646151,0.1688031,0.1192407,-0.2413231,0.09139307,-0.0351739,0.03134205,0.2610207,-0.08292247,0.07978219,-0.04532983,-0.08855477,-0.01467291
0.08669525,0.1564701,0.1243372,-0.008289872,0.02121186,0.2495032,0.1343555,0.02026761,-0.3760684,-0.03447157,-0.006124897,1.304755,-1.016166,-0.2154613,0.0114115,-0.4650412,0.2918978,0.005289048,0.2615232,0.09077355,0.2321932,-0.3307992,0.01927047,0.6869479,-0.0886336,-1.099475,0.1218285,-0.01103369,-0.6641306,-0.1215687
0.1146212,-0.4260727,0.5190622,-0.1093998,-0.6241401,-0.7824159,0.2684851,0.04316765,0.2846196,0.1018991,-0.2276691,-0.3587434,-0.07752377,-0.1297496,-0.1447104,0.002143443,0.002517981,0.1718547,-0.387642,-0.07826435,0.2771511,0.2445446,0.2208674,0.01508431,-0.03512079,0.09671572,-0.006522702,-0.1666641,-0.05840248,-0.02487916
-0.07704856,-0.8936974,0.4119962,-0.1847897,0.2399971,-0.7658475,0.4500424,-0.2922891,0.08878773,-0.02016003,0.2154894,0.03746229,0.1927991,-0.1067321,0.2048062,-0.4055834,-0.234899,-0.1128771,0.1527607,0.1517775,-0.1821026,0.01828844,-0.1544818,0.02554423,-0.4967557,0.08973262,0.02887027,0.337666,-0.01367891,-0.02979655
0.09596445,-0.6952779,0.1494981,-0.1010821,0.1489443,0.4817954,0.09934326,-0.4539924,-0.4181527,0.3887133,-0.501013,-0.03961009,0.02219657,-0.2239106,0.2098225,0.3642374,0.6087015,-0.0194628,-0.1314491,0.3155463,0.397048,-0.2254023,-0.02412222,-0.1981544,0.1759686,-0.2817138,0.2771386,-0.1110987,-0.5095991,-0.477994
-0.003513985,0.07678948,-0.3358836,0.08410031,0.05179244,-0.00202666,0.5050533,-0.4615686,0.3822397,0.4884127,1.445337,0.0671709,-0.5718319,0.2888781,0.5893698,-0.4916928,0.00933351,0.04492788,-0.1012716,-0.02673635,0.2047509,0.1224712,0.5994462,0.09257004,-0.1463187,-0.1605605,-0.06957427,-0.03537138,-0.1902766,0.4887033
0.0216182,0.08621031,-0.3709094,0.1852403,-0.1468936,0.2813705,-0.8334389,0.4828864,-0.6257123,0.02060006,0.1651846,0.02847725,-0.11717,0.005494695,0.03921598,-0.1428892,0.2150114,0.2085383,-0.0008339829,0.3651152,-0.07391442,-0.005747616,-0.1725168,0.1779214,0.09631044,0.005150646,0.07073037,-2.183539E-07,0.02962381,0.001458952
-0.1549705,-0.01339157,0.4185289,-0.4962614,0.8730756,0.001528074,-0.1798562,1.033185,-1.343005,0.4104003,-0.007933273,-0.4275779,0.003842652,-0.3698102,0.5360654,-0.3062679,0.3176416,-0.4539204,0.1237671,0.02419372,-0.220615,0.04668098,0.04205983,0.007022982,0.01132371,-0.007590684,0.0315228,-0.2545604,-0.3994473,0.09431611
-0.375723,-0.16267,0.001511506,-0.1329387,-0.4587922,-0.02865558,-0.3246654,0.7637769,0.01019725,-0.3141321,0.1898967,-0.2213604,0.1366435,0.4120824,9.297424E-05,-0.02502225,0.1173258,-0.2258422,0.1905851,-0.026061,0.2090764,0.8960713,-0.002164365,-0.7683859,0.03183836,-0.1135709,-0.2595349,0.0682326,-0.3841226,0.0577529
0.2448016,0.3599557,0.7134281,0.02464095,0.2323665,-0.4286235,0.1613426,0.02131751,0.3206238,-0.0138363,-0.2822051,0.00519088,0.03009316,-0.06513865,0.3013622,-0.3587967,0.4326661,0.6936195,0.2459836,-0.001696169,-9.451172E-05,0.08569235,-0.009088425,-0.09557364,0.2044484,0.07769167,-0.3395296,0.1349477,-0.02481178,0.02094328
0.1437168,-0.2734325,-0.1299611,-0.000102752,-0.5425537,0.4585854,0.06318889,0.1796247,0.01776056,-0.03471753,-0.04152064,-0.664797,0.9421089,-0.002788067,-0.009757691,0.00416345,-0.03936582,0.01671618,-0.405046,-0.1091105,-0.2028228,0.4925915,0.3218499,0.05109808,-0.599153,-1.673177,-6.532929E-06,0.3257701,0.7116984,-0.09196115
0.6179492,0.055221,0.01133012,-0.02289982,-0.3803225,1.670424,-0.07310671,-0.4297248,-0.6496966,0.1091335,-0.0001286911,-0.009765613,0.0003799266,-0.1726152,0.4707743,-0.2814495,-0.3693681,-0.3044538,-0.3329822,0.3076147,0.09283336,0.03359559,0.01716461,0.1498456,0.0003090551,0.2848152,-0.2504016,0.07555014,-0.2318198,-0.3004854
-0.4021862,-0.08135206,-0.2283343,0.04957481,0.3145998,0.05476734,-0.02084219,-0.4814714,0.03702722,-0.001852221,0.02962038,-0.4520147,-0.4946732,-0.4982818,0.6655151,-0.2450702,-0.07973339,0.02183763,0.002640207,0.1107576,0.008792934,-0.04506809,-0.003096844,0.0007717719,0.08148508,0.4851933,-0.3683056,0.1285241,0.4468999,-0.009164457
0.2269958,0.01253083,-0.2634803,-0.4014957,0.006609534,0.2854732,-0.7140018,0.009423712,-0.2593893,0.0403525,0.05722559,-0.6000905,-0.3097438,-0.4562956,0.07026403,0.1233056,0.01036067,-0.33474,-0.1520329,0.01533124,0.5147572,0.3769476,0.04205772,0.0656475,-0.03956378,0.1384188,0.03263583,0.1096547,-0.02240076,0.03953992
-0.08715591,-0.0020927,0.2629601,0.006854556,0.001259767,0.0623669,-8.041411E-05,0.04980512,0.1105017,-0.02751309,-0.1238276,-0.1528746,-0.1169141,0.3880829,-0.3203044,-0.009804578,-0.4237772,0.3421856,-0.1991546,-0.2798208,0.04352349,0.1981823,0.9709386,-0.0253709,-0.1221028,-0.03471611,-0.04725871,0.004942508,0.001612667,-0.230627
0.4156691,0.04187916,-0.3258137,-0.4065142,-0.04712957,0.3200057,-0.02086017,-0.1453518,0.08950964,0.08371028,0.1159153,0.002952906,0.05486156,-0.005628612,0.1731762,0.1820829,0.129558,0.1171464,-0.05485791,0.2282341,-0.1842276,0.1756285,0.4101448,0.08406311,-0.1378147,-0.1297214,0.00016011,-0.03616412,0.009406769,-0.2527943
-0.112646,-0.1495009,-0.01689572,0.6748831,-0.002398742,-0.04354174,-0.02204448,-0.2402164,-0.4647652,0.06216556,0.04223648,0.1437364,-0.03937115,-0.5425724,-0.08805904,0.04407734,0.08717912,-0.01975559,-0.3781621,0.1127765,0.5199541,-0.001651318,0.5331157,0.00454797,-0.02398081,-0.1536906,-0.008652988,-0.3863498,-0.3330297,-0.05982021
-0.001773575,0.01157299,0.0645538,-0.1671914,-0.0735718,0.3046538,-0.07849527,0.4849325,0.4036798,-0.74618,0.003195236,-0.01112954,-0.3881003,0.4654454,-0.2159626,0.1936249,0.1584279,0.01930209,0.06664568,-0.4984738,-0.1459331,0.1204982,-0.1600637,-0.09064069,0.3729161,0.2337293,0.002146312,-0.2929815,-0.008259462,0.07074625
0.2323012,0.4511681,-0.09441473,0.4348151,0.1211956,0.06437621,-0.3869736,-0.1404623,-0.05352062,-0.3399547,-0.4022241,0.1399433,0.005432543,0.237295,-0.05083562,-0.09519048,0.02562243,0.07083172,-0.4306389,-0.01316223,0.08164807,-0.0427658,-0.0440823,0.2019078,0.1683375,-0.1360776,-0.01256927,-0.3460118,0.01821548,-0.3475875
0.4274348,-0.06553634,-0.4777638,0.1136352,0.1759354,0.4498831,0.09635305,-0.2759308,-0.1105221,0.4261379,0.01299542,-0.247793,0.2209665,-0.2081987,0.2448055,-0.2503254,-0.221081,-0.6008278,0.02429304,0.2279273,-0.4454468,0.2071437,-0.001693947,0.28289,0.1172847,-0.1309425,0.7225188,0.05090183,0.07561156,0.06780872
-0.06433864,-0.02252297,-0.8689857,-0.1434449,-0.002107478,-0.007740819,0.05650026,-0.03741475,0.1993848,0.005246184,-0.004379873,-0.03518718,0.4761463,-7.33302,-0.1003406,0.893141,0.2138733,-0.005692749,0.001705763,0.06227654,0.2658637,0.02680583,-0.4995593,-0.01999468,0.1981521,-0.2011982,-0.01171368,-2.204859,0.2247584,0.1059793
-0.34043,-0.1075297,-1.047431,0.003886642,-0.4250436,-0.005353002,-0.1939979,-0.1107071,0.05353993,0.390571,-0.4980292,-0.2194599,0.0185242,-0.022278,-0.001569435,0.4853966,0.02446075,0.1775323,0.02887654,0.01024283,-0.01229431,-0.2423806,0.03494485,0.2022544,0.1425335,0.09827366,0.003846453,-0.12573,-0.2294893,-0.6813558
-0.07364538,-0.1472748,-0.5495818,0.03104535,-0.8260208,0.2296622,0.1396495,-0.1348213,0.1472612,-0.09610483,-0.4172002,-0.3110029,0.3601028,-0.02734929,0.02262198,0.3850023,0.04123472,0.1332154,0.5084296,-0.3245226,-0.04697937,0.3859435,0.4820265,-0.1274856,0.2022692,-0.1354983,0.001176458,0.2771338,-0.06375021,0.3811789
0.05882019,-0.4000223,0.04016606,0.3113288,0.1403506,-0.09498352,0.02247797,-0.4299812,0.01659163,-0.001241866,0.442643,-0.002797417,-0.3038081,-0.009808849,-0.7160038,0.2072304,0.139634,0.2248953,0.1494495,-0.4636748,0.192607,-0.4925306,0.4353124,-0.06008488,-0.438628,0.05948981,0.3386304,0.4805232,-0.005117476,-0.2959282
-0.01787527,0.05907847,0.03529208,-0.2700013,0.1627314,-0.5942549,0.2776029,0.004052476,-0.009814459,0.01335496,-0.798129,0.04232585,-0.1660424,-0.3267093,-0.2415855,0.3277872,-0.6329083,0.8157974,0.3798097,-0.8706186,0.2858279,-0.1301525,-0.2346651,0.1461029,0.09891394,0.02559816,0.04464448,-0.5442139,-0.02448466,-0.2856087
;
-0.003900788,-0.327396,-0.2209337,0.3840028,0.1940622,0.0690977,-0.2870796,-0.7939848,0.02179562,0.1775503,-0.05421356,0.0223653,-0.1240088,-0.4993259,-0.363739,0.694243,-0.452004,0.04946143,-0.06309086,0.01109088,-0.01814304,0.3086296,0.002265711,0.692766,0.1099306,-0.4223071,0.1359892,-0.02712182,0.4391749,-0.05062149
-0.3594317,-0.001332493,-0.4705851,0.02631641,-0.3233525,0.2887836,0.5018419,0.02185323,0.1163481,0.09348519,-0.1637436,-0.3630557,0.04990292,-0.09402961,-0.3049989,0.3793217,-0.0716067,-0.3515729,0.06958395,-0.1253938,0.2090279,0.5378612,0.01879615,-0.0546149,-0.2787916,-0.04073588,-0.1644024,-0.06827407,0.06711838,-0.05001226
0.1220163,0.146934,-0.132929,0.1802168,-0.1546103,0.1319299,0.2066119,0.09043317,0.02703434,0.6842059,0.1468956,-0.02326599,-0.2040969,-1.726917,-0.3205088,0.06876043,0.007823249,0.4924624,0.1960535,0.04967881,0.00113384,0.1638155,0.02762404,-0.2326021,0.146269,-0.171657,0.01838334,0.8170676,-0.2477881,-0.2465817
;
