-0.002194249
-1.423577
0.332251
0.5389946
0.2466901
-0.4085526
0.2566318
-0.2639849
0.0521708
-0.7255495
;
-1.396837,-0.4403439,0.4002659,0.3107193,-0.02796549,0.2576596,-0.05372141,1.020547,0.2583022,-0.07109529
0.003617164,-0.5404585,0.1741019,0.4836147,0.04001151,-0.03819904,0.0483745,0.06790316,-0.1812383,0.02210096
0.04380881,0.1776778,-0.2186864,-0.1253785,-0.3216389,-0.0006708988,0.2632221,0.02885666,-0.1422607,-0.475379
-0.5586715,3.956729E-05,0.8409309,0.2697153,-3.829205E-05,-0.4617395,-0.02536424,2.823691E-06,-0.4568591,0.3861454
-0.03106374,0.0007918002,0.01214144,0.128603,-0.225923,-0.04090009,0.2731943,0.006531915,0.6828523,-0.4193096
-0.1663044,0.8207451,0.0879016,0.2083716,-0.002083245,-0.0126184,-0.01141239,-0.01228694,-0.05262289,0.02479987
-0.1351379,0.2722956,0.02499829,0.02666964,-0.02742353,0.2629823,0.01205215,0.4627283,-0.7429757,0.2119488
-0.2720637,-0.07707544,0.153147,-0.2208336,-0.4951795,-0.5215108,-0.3673238,0.3589504,0.6080817,0.2234729
-0.03095847,-0.4389158,-0.0001592325,0.1149667,-0.01831917,0.2699606,0.0594382,0.02512283,0.05001003,-0.5549358
-0.001579239,0.01193312,-0.3682092,-0.1712057,0.4147273,0.01423757,0.06334167,0.07769644,-0.07812429,-0.3556097
;
-0.1077631,0.1435305,0.4000032,0.0221352,0.1822475,-0.7584087,-0.0006267971,-0.2140795,0.2422135,0.3208357
1.563286,-0.0132778,-0.002674671,0.04092417,-0.2361737,0.8991405,-0.02929801,-0.7326382,-0.001813004,0.007680766
;
-0.1696135
-0.09081608
0.4541327
-0.0668392
-0.1152847
0.3325108
0.3938616
0.2085382
0.2194433
-0.06667715
;
0.06934287,-0.2761382,-0.3084852,0.0006554675,0.09094261,0.3324461,0.411896,-0.3232684,-0.1335508,0.1067458
-0.2124116,-0.8883096,-0.2132235,-0.01165277,-0.1923049,-0.01331456,-0.2059532,0.3139549,-0.0004201863,-0.01121121
0.04989201,-0.5005007,-0.002980333,-0.05178849,-0.1599701,0.0190827,-0.115681,0.002317727,0.08089404,-0.05902579
0.006106952,-0.02022939,0.262663,0.08641072,0.1080576,0.05199236,-0.02834288,-0.3669254,0.04524972,-0.136354
-0.1761992,0.3079946,0.1338966,-0.1854681,-0.1017733,0.2097342,-0.1685554,-0.2215389,0.4150923,-0.01809295
-0.4573851,0.3186686,-0.1731878,-0.1093783,-0.03922739,0.2029825,-0.3171728,0.3395621,-0.08941634,0.05310912
0.4640441,0.01808798,0.3965031,-0.08592683,0.1705191,-0.01730699,1.309655,-0.6659576,-0.01605461,-0.437976
0.2620302,0.0574089,-0.003548367,-0.3694495,0.1303362,-0.2264907,0.4968445,0.0006090957,-0.04656108,-0.02546388
-0.005873369,0.5584035,0.02228996,-0.03498007,-0.01747866,-0.2348547,-0.1574344,0.03143132,0.04436607,-0.168434
-0.03052627,-0.3169703,0.1790132,0.4033975,-3.480976E-06,-0.2126932,0.1063232,-0.6148914,-0.005846861,0.004993028
;
0.08830955,-0.04723482,-0.06803769,-0.2733643,-0.2469654,0.003657384,-0.01175838,0.005276858,-0.1453678,0.1187292
-0.1049148,-0.1030352,-0.3522553,-0.1040476,-0.009625513,0.07071224,0.2884524,-0.005126297,0.05843703,-0.07461445
0.07550175,-0.01615614,-0.001442647,0.0989458,-0.1494758,0.1049824,0.1479738,-0.1019385,0.01036184,0.7511683
;
