-0.2219035
0.05034584
-0.0837141
-0.4855996
0.4723047
-0.1286373
0.4560946
0.2959985
0.3446774
0.1592886
;
-0.2459465,-0.4394888,0.196599,0.01602,-0.08905393,0.1640591,0.4450126,0.4043015,0.2707806,-0.1139221
0.03602463,0.4812562,0.3936437,0.1873714,-0.1298125,0.005655706,-0.1485552,0.1000296,-0.469111,0.1982338
-0.1268085,0.2352943,-0.2173048,0.2304848,-0.4555269,-0.2156785,0.4712518,-0.1004366,-0.04844195,-0.03079051
-0.4027208,-0.07452542,-0.3218135,-0.4655355,-0.4749284,0.3971393,-0.4728361,-0.2505388,0.1095302,-0.3886925
0.193956,-0.4527218,-0.2281139,-0.09516498,-0.2430812,0.2667713,0.2571765,0.2888871,-0.03855437,-0.21841
-0.3512034,0.3307128,-0.3886691,-0.4992964,-0.4297307,-0.4635764,-0.1186314,-0.09694582,0.4270762,-0.2071646
-0.3555597,-0.05615133,-0.135735,0.2510411,-0.3241454,0.1612638,-0.4899031,0.07735091,0.1079332,0.1356184
-0.04997379,0.4408263,-0.1358796,0.09965509,-0.1009666,-0.413113,0.4025259,0.05782801,0.3821243,0.4720976
-0.3236195,-0.01499552,0.6370751,-0.08243078,-0.4769,-0.1435944,0.3246174,-0.3629781,0.365695,0.05184823
0.4018698,-0.2948055,-0.2878146,0.192103,-0.3268806,0.1444895,0.1421853,-0.3913194,-0.1467624,-0.3054359
;
-0.3313011,0.1934365,-0.09568673,0.15433,-0.3161094,0.1769919,-0.362506,0.446926,0.22066,0.09950608
-0.211963,-0.001646459,-0.465212,-0.0008146167,-0.4168934,0.2845838,-0.1213891,-0.2035198,0.4895332,0.09554356
;
0.196849
0.08741933
0.005265384
0.3390725
-0.1676671
-0.1894627
0.4955899
0.1007889
0.356233
-0.06814569
;
-0.05409578,-0.4243253,0.1055838,0.1016794,0.09244367,0.01256146,-0.0235371,-0.7050776,-0.001669229,-0.1595002
0.1661918,-0.05944425,-0.02954827,0.01171732,0.06281462,0.1605927,-0.2854472,0.01793046,-0.3841442,-0.09291732
-0.1980633,-0.02690154,-0.1613114,0.05050924,0.3526064,0.024957,0.2726816,-3.010984,0.8285464,-0.0540809
0.8005344,-0.7133592,-0.02630699,0.3498533,-0.01406527,0.1151956,0.1394512,-0.4559233,-0.2850212,0.4137938
0.3110739,-0.2264985,-0.1957322,0.01315197,0.1053839,0.03868325,0.4324721,0.1268313,0.5496487,-0.1778678
-0.5509902,0.2369176,-0.4452549,-0.1571549,0.2303346,-0.001115262,0.003062375,-0.007915275,-0.4652895,-0.08090442
-0.1940235,-0.03999533,-0.008671516,0.02941434,0.1063233,-0.1040911,-0.0103463,0.9026335,0.2324852,-0.1433485
0.03015003,0.05950462,0.2541468,-0.1487883,0.2422132,0.6101595,-0.003544858,0.01764612,0.1374654,0.5843242
0.0889869,-0.08626086,2.125365,-0.4746954,-0.02366611,-0.05679401,-0.02643591,-0.1007194,-0.1251886,0.490219
0.06426841,-0.3366979,0.3203027,0.06369438,0.103029,-0.6130637,0.433545,0.4220794,-0.006365496,-0.006157327
;
-0.07502409,0.01118977,-0.152651,-0.2671132,-0.1821802,-0.7562858,0.2310229,0.00854236,0.4094402,0.4941645
-0.1015251,-0.2968682,0.3627831,0.01372807,-0.008278779,0.7387995,-0.012649,0.2340717,0.4722657,0.1886725
;
-0.1676669
0.02609481
0.3462624
-0.4478922
0.09521326
-0.1830905
0.4108183
0.1879319
-1.061724
0.1498694
;
-0.1981151,0.3075885,0.2934242,0.1620828,0.09177123,1.398119,0.3001515,0.02614951,0.2233782,-0.4401273
-0.3263131,-0.374539,-0.07234059,0.07279497,0.2947258,-0.003640907,-0.009819567,-0.2473752,-0.2724284,-0.002568457
0.02420729,0.09872265,-0.07028455,-0.03301163,0.1024198,-0.7753156,-3.445229E-07,-0.1223626,-0.4262322,-0.03856232
-0.1129109,-0.009741112,-0.3301948,-0.1411769,0.0001693997,-0.001465413,0.01545911,-0.1781822,0.01372972,-0.06559614
-0.3051854,0.01915471,-0.7566276,0.08479589,0.9347787,-0.03242264,0.0005645622,0.1514632,-0.3666108,0.2724549
0.004978943,-0.4846767,0.06772071,-0.09884918,0.1232554,-0.03333608,0.5883006,-0.3473651,0.06990242,0.008235537
0.3371022,-0.002861463,-0.01670933,0.2937462,-3.144275E-05,0.2165903,0.3425432,0.01355515,0.1142218,0.01762754
-0.1559538,-0.07165319,-0.4386392,0.1495268,0.0003425617,-0.09552342,-0.1137079,0.03916143,-0.1991571,0.01308361
0.006602585,0.01192314,0.008008336,0.5586273,-0.08404608,0.1070014,0.03198375,-0.6116483,-0.02505493,-0.02709311
0.483752,0.009198681,-0.1778514,-0.2472499,-0.8105426,0.06331941,-0.2163017,-0.03428072,-0.4838521,0.2401434
;
-0.5981754,0.03452379,0.1505101,0.001991739,0.1744384,-0.02111803,-0.09772435,-0.0341509,0.1106451,0.1211466
-4.255795E-07,0.2576945,-0.7541962,0.1868039,-0.08694881,-0.001134076,0.000334017,-0.1164289,-0.2264847,0.4201953
;
-0.003493831
0.1991556
0.2150361
0.0009265931
0.02315289
0.07549278
-0.434837
-0.03129849
0.4164684
0.07146624
;
0.08569449,-0.44067,0.05412457,-0.4858491,-0.3028659,-0.3114994,0.3708552,-0.01119362,0.01950721,-0.4784069
0.1610116,-0.08131857,-0.004692455,-0.003871824,-0.02475345,-0.06457128,0.1172208,-0.7671063,0.7396865,0.04085812
-0.3614043,0.01494721,-0.4818816,0.001705048,-0.0829212,-0.005073472,0.1429725,-0.2931849,-0.1220692,0.2801821
0.4039881,0.1471281,0.2332054,0.430583,-0.0004477504,0.02321742,0.1823252,0.05978686,0.0199675,0.05378814
0.005412211,0.3123428,0.03476849,0.08394498,-0.03760659,-0.3445143,-0.0130318,-0.06277579,0.09960932,-0.1486269
0.4449213,-0.1896997,0.1506824,0.1725473,0.4377024,0.2119242,-0.4824517,0.2694843,0.480669,-0.001861155
-0.06556784,-0.05578677,-0.01747008,-0.01734624,-0.6570521,0.2476883,-0.001594235,0.405582,0.6314698,0.4006135
1.835479,0.06398351,0.1055979,-0.07031722,0.2278031,0.3943329,0.2224829,0.01806076,0.02775616,0.7072427
-0.07518165,-0.1171236,-0.2680182,-0.02066809,-0.01660365,-0.1913821,0.3470278,-0.1262393,0.06216449,0.00338817
0.2000779,0.07393318,0.1011648,0.3402311,0.4367543,-0.03814298,-0.3505591,0.2026336,-0.4664669,0.001749465
;
-0.5766302,-0.1235427,-0.4813408,-0.01397103,0.2737343,0.1151913,-0.5893151,-0.4768723,-0.003400404,0.1389718
-0.2236492,-0.2246478,0.4032486,0.04127906,0.5228907,-0.4355668,0.03672544,-0.03789629,0.09328884,-0.1607619
0.4451998,-0.2306329,-0.08695556,-0.1246031,0.0001483511,-0.1144453,0.2571871,-0.1286125,-0.1949638,0.3849442
;
0.06222028
-0.01390988
-0.04370397
-0.08252567
-0.01121563
-0.003565119
-0.1052579
-0.06710809
-0.3378347
-0.01422782
-0.2500098
-0.04266777
0.4407619
-0.1937681
0.1861918
-0.009551139
0.02465573
-0.1819981
0.03900681
-0.07640763
0.2924876
0.2603494
0.3962187
0.2685614
-0.04181638
-0.3372146
-0.1393412
-0.01325788
-0.06519838
-0.9779321
;
0.3399448,-0.3398714,-0.402375,0.4908522,-0.02673033,-0.1797453,0.01135583,0.3019227,0.1748033,-0.3048087,0.1470926,-0.4337075,0.2854539,0.03005684,-0.5801913,0.3563976,-0.3902856,-0.2662802,0.2513297,0.3594966,-0.08211972,-0.007431522,-1.019151,0.00419986,1.460483,0.06129584,0.06904203,-0.4015795,-0.2808353,-0.4153177
0.1497301,-0.1697618,-0.772119,0.2266442,-0.3758196,0.1556762,-0.2056041,-0.02862734,-0.1389379,0.0858007,0.02810464,-0.2399443,-0.1997949,1.536925,-0.3924285,0.1479521,0.286759,0.1344887,0.0163975,0.0827527,-0.002790286,-0.02655886,0.3404557,-0.2411472,0.4607038,-0.09039786,0.05839683,0.06195268,0.02243885,-0.03195546
-0.3107476,0.301649,0.5617103,-0.4289771,-0.05497221,0.5667036,0.3142369,0.2115348,-0.4715297,-0.1922671,-0.5300869,0.4100169,-5.30727E-05,0.1980895,-0.730122,-0.4415532,0.05467974,0.1034228,0.4198742,0.7341537,-0.00239197,0.415095,0.03096634,-0.4741237,0.08492652,-0.4428928,0.1092301,-0.4006435,0.3784637,-0.001787186
0.04067473,-0.006232639,0.3589048,0.07569123,-0.01510719,0.43071,0.1178458,-0.2007168,0.1024221,0.001298471,0.5955931,-0.3061507,-0.3157132,0.01059171,-0.4126189,0.3219572,0.02083679,0.1208021,0.09891349,0.4002014,0.464306,-0.1350929,0.4446263,-0.2863847,-0.1270451,-0.1330766,-0.4526241,0.1224887,0.05432159,-0.4577053
-0.5030048,-0.4619662,0.01594803,-0.4343331,0.3311712,-0.3865622,0.2963418,0.2434261,-3.841672,0.3533682,0.3880552,0.02528816,0.1152864,-0.1457263,-0.05308907,0.05491218,-0.06944229,0.08910362,0.3073453,-0.4974855,-0.4415016,-0.03393656,-0.1536129,0.2887795,0.1972663,-0.2363986,0.004520893,0.04097332,0.4301877,-0.01667332
-0.09010922,-0.2142972,-0.1316369,0.3671111,-0.001026677,0.1724447,0.02091282,0.2988844,0.1081626,0.396872,-0.3391815,-0.5095319,-0.09265257,0.02263635,0.4950156,-0.02584711,-0.04242245,0.1045661,0.2535862,-0.5340475,0.05338794,-0.4163158,0.4517729,-0.2090526,-6.560799E-05,0.1189149,-0.1379095,-0.1504479,-0.2651118,-0.03362136
-0.0007983021,-0.701447,-0.02708058,-0.01661365,0.3274291,-0.2261371,0.1712207,-0.1296973,0.4441617,-0.2403451,0.7075945,-0.2548524,0.2252682,-0.1561811,0.2435907,-0.1280286,0.1710874,0.3346846,0.01956013,-0.03216442,-0.02274664,-0.0433286,-0.1291455,-0.8782787,0.7734495,0.02705742,0.1496996,-0.00564152,0.216142,0.2879857
-0.1510159,-0.004285126,-0.1226651,0.1285188,0.4482928,-0.1208625,-0.484066,0.3129897,0.008079685,0.1244381,-0.4408251,0.1575627,0.1471533,-0.006573683,-0.9654445,0.8434486,-0.2351149,-0.4466742,-0.7585974,-0.1255788,0.0117902,0.07267326,0.4742666,0.03041869,-0.002844553,-0.002070721,-0.06017891,-0.04801936,0.1998943,-0.02649547
0.4551712,0.06679162,0.4351646,0.0004582717,-0.003476259,-0.2193075,-0.02193483,0.4406705,0.2343426,-0.1312886,-0.4105938,1.99427,-0.2624501,-0.2485902,0.02700253,-0.399307,0.006731648,0.4725715,-0.04061138,-0.1121174,0.2834697,0.00221153,-0.02951425,0.08283775,0.5242313,-0.03768943,0.4685526,0.005735445,-0.3535792,0.2553715
0.04168628,-0.006363243,-0.2391902,-0.6367775,-0.01543851,-0.2899964,-0.1103759,0.09743196,-0.2610108,-0.02848142,0.1736542,0.1149264,-0.3704035,0.7366456,-0.07659151,-0.4524494,0.06702513,-0.09237629,0.2141061,0.3208847,-0.4701796,0.107906,-0.4815627,0.2126292,0.04285691,0.2783881,0.001234124,-0.5572588,0.1574794,0.2628185
0.02041,-0.660198,0.1900935,-0.1541341,0.1262306,0.4831481,0.009075419,0.2645001,-0.006972332,0.1347852,0.2760448,0.4100558,-0.198745,0.088492,-0.1013252,-0.006011474,0.2770072,-0.03927883,-0.3138257,0.0049998,0.3864675,-0.5252553,0.4458498,0.006916591,-0.117753,0.02402988,0.0751445,-0.09904385,-0.09940299,-0.001237871
0.4991669,0.08892389,0.3793256,-0.1674998,0.3273584,-0.002591049,-0.6554705,0.01284634,0.2714587,-0.06746914,-0.3006538,0.06645875,0.008991539,-0.01487465,0.412308,0.02690773,-0.1041438,-0.2260763,0.9956775,0.01024528,-0.1958029,-0.3266466,-0.3838205,0.1508477,0.277043,0.4566988,-0.1757896,-0.1936513,-0.324591,-0.03065725
0.1660828,-0.01899775,0.4142403,0.04667018,-0.247172,0.3655985,-0.005053561,-0.2012053,0.1667722,-0.590757,-0.0004610636,0.2259644,-0.1622483,3.471177E-05,0.4055912,-0.01734793,-0.0561977,-0.03240394,0.313794,0.4615965,-0.452547,0.07193656,0.168582,0.3431481,0.001987902,-0.0006748938,0.5522236,-0.4312233,-0.7592738,-0.2016873
-0.4026542,-0.1447081,0.1502019,-0.07091028,-0.07949664,0.1241301,-0.05038732,-0.3427309,-0.4149385,-0.3210007,0.009652915,0.04333645,0.007738564,0.6212748,-0.04092606,0.02566533,-0.2513942,0.3792384,0.2330447,0.02972712,-0.004829069,-0.1359435,-0.4094893,0.3914653,-0.1249847,-0.1159715,-0.02758771,0.2581848,-0.2420532,0.04815501
0.1211668,0.03134814,0.7840192,-0.06843822,0.06510307,0.4586024,0.05326074,0.2775323,-0.522927,-0.211805,-0.1161201,0.4741935,0.08461732,0.1680144,0.2104252,0.1030155,-0.7179756,-0.003586716,0.5712552,0.4685545,0.002008869,0.2815908,0.01733098,0.008866092,-0.1611418,-0.2432761,-0.04985255,-0.02754974,-0.1306197,0.1377514
-0.06995161,1.377078E-05,0.01888692,-0.2829841,0.1477111,0.4112119,0.007987537,-0.06422419,-0.04014686,0.2579451,-0.02897432,0.1312159,0.0635804,0.0001141838,-0.1577542,-0.4354182,-0.02097622,0.06362051,-0.4912055,-0.007124669,0.3881034,0.005013049,0.1322874,-0.09257585,0.2301582,1.614617,8.150329E-07,-0.01035297,0.08400638,-0.03912164
-0.1633999,-0.3961996,-0.7170489,0.2395964,0.06056422,0.07703114,-0.273476,-0.05997171,0.1061305,0.002484869,-0.04847572,0.003536645,0.0002706184,-0.9942369,0.1703953,0.5810136,-0.3596917,-0.2598139,-0.07939869,0.2352584,0.0004714409,0.05743641,-0.3067337,0.3029754,-0.2729083,-0.4967149,0.1468698,0.429655,-0.514071,0.4192772
0.05085651,-7.676549E-07,-0.08638227,0.5112683,-0.5123728,0.08366474,0.008550739,-0.3830334,-0.0205442,-0.1344514,-0.3221508,-0.3793684,-0.002453524,0.0765501,-0.1905661,0.1870952,-0.08311148,-0.03291799,-0.3280022,-0.09730435,0.001838487,0.0009257256,0.08093646,-0.4750675,-0.491698,4.558852,0.4391454,-0.0004308061,-0.04330813,-0.3261054
0.08642954,0.4098419,-0.1160936,0.4713609,0.302812,-0.1387665,0.8563093,-0.002766094,0.3577535,0.5752914,-0.05905176,0.4352367,-0.1649572,-0.005157009,-0.5083392,0.2207018,0.08541751,0.4056542,-0.01879905,-0.8645055,0.1959115,-0.0004346865,-0.3727732,-0.09502771,-0.06576794,0.4247262,0.02677885,0.3534046,-0.2469429,-0.0028568
-0.004322831,-0.1472477,0.9348118,-0.2003028,-1.495016,0.4117618,-0.03524872,-0.3356348,-0.4329394,-0.02723216,0.0273375,-0.4683797,-0.1887334,0.02143611,-0.008724024,-0.8201442,0.4096755,-0.1246788,0.4165598,0.0002777656,0.1921166,0.4297432,-0.02187628,0.2489621,0.3836368,0.1023931,0.3526365,0.03613235,-0.09946924,-0.2351733
0.3481004,0.4848946,0.0179338,-0.245521,0.03773702,0.8430075,0.7469057,-0.009660188,-0.4143722,-0.1720096,0.1515089,-0.0644265,-0.1142181,-0.2012797,-0.2974364,0.04299577,-0.1439359,-0.3465872,0.02903107,-0.02469123,0.4151311,-0.4054493,-0.3467421,-0.0487515,-0.03981113,0.06852376,0.004490684,0.4166859,-0.3598813,0.4390845
-0.02881351,0.164618,0.1451968,-0.3686796,0.01405922,-0.1174637,-0.9572509,0.007980438,-0.002492964,-0.8761092,-0.004506077,0.4195534,-0.006855618,0.004808724,-0.04579783,-0.00158418,0.4162198,-0.1621962,0.3051699,-0.01516689,0.2182474,-0.01176253,0.03408557,0.1893658,-0.01007198,0.1002113,0.07012115,0.3249074,0.3523149,0.4020554
-0.03887233,-0.1739067,0.04545715,0.01705117,-0.2317378,-0.0970166,-0.3089126,-0.103142,-0.008989632,0.08945996,-0.003484572,0.092345,2.971983,0.01960443,0.07661074,-0.1627861,0.2148766,0.4298557,0.3414604,0.1146922,-0.005691472,0.2628942,-0.3099492,-0.08659918,0.02353485,0.2239787,-0.3599156,0.2560647,-0.0003209687,0.1854052
-0.03913768,0.1380118,0.3139821,-0.4765941,-0.1613243,-0.02394754,-0.2115224,0.02283127,-0.09442583,-0.01958812,-0.05307871,0.1274271,0.00199755,-0.2550768,0.4947711,-0.05139142,-0.3420386,-0.0001098432,-0.2440439,-0.04129606,0.05063564,-0.02787501,0.1889199,-0.02053851,-0.4427677,0.4913187,-0.05163326,-0.2137759,0.07775087,0.3295553
0.4372282,0.01556841,0.3895308,0.195786,2.713384E-05,0.410044,0.2619697,-0.0004159156,0.0005813241,0.2539308,0.008480525,0.1229536,0.08543921,-0.0001725917,0.02541239,-0.172705,-0.09315488,0.1076548,0.2605298,0.1148139,-0.2263548,0.1592405,-0.466836,-0.05236803,-0.1007053,0.9024826,-0.2351945,0.02346477,-0.02504724,-0.1267133
-0.2016312,0.007910356,0.1794987,-0.153647,-0.002296237,0.280167,-0.1552329,-0.09048229,-0.2909912,0.3858705,-0.3260671,-0.2634691,-0.05732304,-0.3854482,-0.001157701,0.2981368,0.2564983,0.2666265,0.007670976,-0.4724144,0.3209029,0.02632222,-0.1229835,-0.3563628,-0.08637315,0.318826,0.3620285,0.00302216,-0.002195851,-0.1135206
-0.4292775,0.05173498,0.1150362,-0.9704618,-0.1340293,-0.3064649,-0.3861617,0.001120101,-0.2698339,-0.4049851,0.3410231,0.3342707,0.2118139,-0.04473081,0.2785757,-0.06614572,0.2398085,0.2111048,0.2933189,0.4052482,-0.05405251,0.4787699,0.1534466,-0.3767942,-0.08029789,0.3557264,-0.1153279,0.2381915,-0.2516334,-0.01110591
0.2614856,0.3228757,1.10289,-0.1701316,-0.2754855,0.07915823,-0.2582556,0.2106507,-0.4504434,-0.0187989,-0.04834177,-0.4958768,0.31697,-0.4709461,-0.03750306,0.004360795,0.5598277,-0.3985223,-0.3687607,0.01182894,0.003770649,-0.370212,-0.4357187,-0.9907209,-0.1302838,-0.06398484,-0.5862449,-0.08807016,0.4278535,-0.003362973
-0.01953965,0.003808401,-0.1550784,0.4486753,0.1899967,0.1164009,-0.1138219,-0.3235876,0.4738823,0.01748586,0.3868393,0.3543559,0.000240624,0.0790915,0.01165006,-0.3854498,-0.246868,-0.08486774,-0.1167368,0.003431823,-0.4662368,-0.6512182,0.006836398,0.03146935,-0.3644155,0.003344118,-0.3643926,0.01574312,0.09725701,-0.004109784
-0.2318734,-0.001009524,-0.008285103,-0.2247587,-0.01362592,-0.019134,-0.6512426,0.08445784,-0.4291131,0.06340946,-0.01939543,-0.5012474,0.0007799268,0.1973216,-0.09410616,0.01259201,0.02114326,0.208573,-0.009250778,-0.210656,0.4606864,-0.1783649,-0.2361966,-0.9619467,-0.02354737,-0.00975647,-0.04242801,-0.0134655,0.5963563,0.3339171
;
-0.5920615,0.03957432,-0.1168784,0.3173356,-0.2130527,0.01545814,-2.288482,-0.003122151,-0.4627186,0.2135446,-0.01338917,-0.01662356,0.004574025,-0.3220414,0.6608129,0.3119687,0.03174561,-0.1085214,-0.01410419,0.05189568,0.4805641,0.370684,0.4739347,0.0001149058,0.09427482,-0.05301628,-0.04450875,-0.4747834,0.2048487,-0.2712896
-0.06655142,0.03076793,-0.4916744,0.0716239,0.06619638,0.1996897,-0.2082558,0.4076098,1.022127,-0.09869476,0.03185946,0.0446602,-7.439239E-05,0.9272707,0.03154924,0.2642351,0.3105109,-0.1860587,-0.105933,0.3930072,-0.1292942,0.1336222,-0.2595117,-0.0001397553,-0.440058,-0.00447287,-0.40681,-0.2396424,-0.1182566,0.4381342
-0.008231731,0.4202917,0.47864,0.01473254,-0.281837,0.0524237,-0.1031518,-0.1842116,-0.2128492,0.2949039,-0.05871553,-0.001387739,-0.2488248,-0.2190152,-0.0077914,0.4499536,0.007452212,0.05368561,-0.4718616,0.1601324,0.2409636,-0.00748632,-0.2257493,-0.02236675,-0.1916642,-0.01065867,-0.412401,0.453216,0.04523331,0.340161
;
-0.1730922
0.1417359
0.08038536
-0.03273672
0.0006667909
-0.9667698
0.3146317
-0.4673157
0.1057349
0.05297994
0.2372869
0.6265441
3.875527
-0.006362365
0.4669415
-0.04683903
0.4585606
-0.3787487
-0.2271777
0.3342278
0.2917708
0.1609679
0.2152557
0.00216112
-0.4325589
-0.432799
0.4271956
-0.0668276
0.03428784
-0.3678164
;
0.07663182,0.3675481,0.2077257,0.0008943523,-0.4492944,-0.3962384,-1.207754,0.357344,0.1110802,-0.4851872,-0.02950864,-0.4523162,0.0001941901,-0.4612907,0.325931,0.000613157,0.09576525,0.04438229,0.1265034,-0.2169359,0.1287107,-0.2322252,-0.1598885,-0.4415739,-0.09544817,-0.02339763,0.1337305,0.1640854,0.06864989,-0.005711615
-0.06600696,0.1263357,-0.1581415,-0.169733,0.3707089,0.3758484,-0.01619991,0.3053708,-0.168702,0.4814816,-0.166477,0.4326932,0.7491844,0.03140015,0.1059937,0.2765995,-0.03935546,0.4382233,0.1221415,0.6541689,-7.374729E-05,-0.4285177,-0.2080414,-0.2647147,0.3648134,0.3696567,-0.04201151,0.1318655,-0.4074212,-0.1153714
0.09672013,0.006586346,-0.2148654,-0.495948,-0.156814,0.0006900177,0.004798927,0.2269745,0.3750716,0.03440663,-0.0001528934,0.1135265,-0.1246883,0.4468735,0.501642,-0.4821587,-0.4633687,0.002447733,-0.3187685,-0.1576208,0.2477501,0.3016961,-0.4218339,-0.003780669,0.05716608,0.05223637,-0.4949594,-0.1585047,-0.02122393,0.3568399
-0.3991651,0.02487023,0.164166,0.2206297,-0.1726961,0.002371725,0.6952442,2.579547,0.4690113,-0.03690344,-0.01585733,0.218829,0.01167195,-0.4741787,0.3761131,-0.0122842,0.03845776,-0.01253609,0.3331459,0.4597391,0.6768391,-0.9042045,-0.06369978,0.3617139,0.1258369,-0.2671775,0.130764,-0.1394529,0.02530558,-0.143537
-0.1313991,0.2406226,0.4743356,0.2117625,0.4948398,0.1764802,-0.3082891,0.001172156,-0.05522676,-0.3002808,-0.3635284,0.1108355,0.02806778,-0.008848703,-0.3308201,0.01489461,-0.06762904,-0.04715341,-0.4722416,-0.1102301,-0.4819401,-0.3638451,0.002975421,0.05956873,-0.3544235,0.2293736,-0.1036099,0.4429181,0.1806456,-0.3536066
-0.6387702,0.03548127,-0.7939792,-0.1762716,-3.389918,0.1478109,0.2400965,-0.2776772,0.7442139,-0.272076,0.5588817,-0.02865163,0.2126542,-0.0004651113,0.1786068,-0.107019,0.01349181,0.427158,0.1688031,0.1192407,0.2413231,0.2022649,-0.0351739,0.03134205,0.1315927,-0.08292247,0.1608577,-0.2444091,-0.08855477,-0.01467291
0.08557191,-0.137614,0.7248018,-0.169835,-0.02121186,0.07303208,-0.617582,0.02026761,0.4165715,-0.03447157,-0.006124897,1.304755,-0.4377706,-0.2154613,0.01352916,-0.4650412,-0.2325296,0.01091136,0.4217623,0.09077355,-0.1324812,-0.3668551,0.01927047,0.02026576,-1.166042,0.5570498,-0.0008286579,-0.08647209,0.4267622,0.1215687
0.01373816,-0.2439246,0.5190622,0.3560607,-0.6241401,-1.035322,-0.2684851,-0.02647478,0.3293014,0.1018991,-0.250407,0.3587434,-0.1018695,0.1342937,-0.1447104,0.1056181,0.007786367,-0.3734714,-0.04195341,0.05493977,-0.2739365,0.2445446,-0.2882762,0.01508431,-0.08034609,0.09671572,-0.006522702,-0.159256,-0.0105175,-0.2283634
-0.2572914,0.5872383,0.2550902,-0.1696243,0.2399971,0.7658475,-0.4500424,-0.2922891,0.3457654,-0.01020723,0.1434966,-0.05296463,0.3900538,-0.1067321,0.2048062,-0.2060463,-0.234899,-0.476723,-0.3278707,0.1517775,0.09565216,0.1205698,-0.1544818,0.01438659,-0.4967557,0.1105861,0.01654547,-0.1052027,-0.07169253,-0.1313041
0.057221,0.003553698,0.1494981,0.1010821,0.3760554,1.029567,0.3354656,-0.4539924,0.5104328,0.3887133,-0.501013,-0.02115992,0.1645645,-0.09900898,0.3432552,0.08816653,0.6087015,-0.06957752,-0.08607477,-0.3155463,0.9873812,-0.2254023,-0.4642012,-0.05037969,-0.008846961,-0.2027125,0.2581141,-0.1110987,-0.285381,0.3810709
-0.08459586,0.07506161,0.4697676,-0.06108668,0.002784398,0.00202666,-0.5050533,0.2447926,0.3822397,-0.2144246,0.7368461,0.09690088,-0.1486907,0.4623523,0.3516192,-0.4916928,0.01069864,0.02995021,-0.03594485,0.02987902,-0.2047509,-0.07144241,0.410599,0.1820956,-0.2706857,-0.1066049,-0.214,-0.05805343,-0.3326075,-0.3337524
0.03866929,0.02242576,-0.3709094,0.1116078,0.1139516,-0.2813705,0.8334389,0.4828864,-0.01922673,0.02060006,-0.09033429,-0.1023261,0.4908311,0.1222895,0.3837723,-0.04553133,-0.1685074,-0.02174288,-0.0008339829,0.3651152,-0.07391442,0.2304194,-0.09338377,-0.170903,0.09820617,-0.005150646,0.3833054,-2.731148E-07,-0.406199,0.0007225805
-0.08169869,-0.007434145,0.4185289,-0.4962614,0.2527799,0.001528074,-0.2120538,0.463865,-0.9257485,0.1671374,-0.01129676,-0.2907729,0.1819613,-0.3698102,-0.2851329,0.4407195,0.3176416,-0.4539204,-0.2622908,-0.3561252,0.1028946,0.04668098,0.04205983,0.007022982,0.1830981,-0.02851564,0.0315228,0.5336136,-0.3994473,-0.07162572
-0.1687241,-0.6377907,0.1464754,0.1425439,-0.344924,-0.2614481,0.30209,-0.4341557,0.01019725,0.04298623,0.1898967,-0.05132273,0.1307968,-0.08202687,9.297424E-05,-0.02502225,0.461588,-0.2258422,0.3216624,0.2399517,0.53159,0.8960713,-0.002234796,0.4438522,0.1331801,-0.1135709,-0.172265,0.0682326,-0.3841226,0.0577529
0.2448016,0.1463272,-0.7134281,0.02464095,-0.2114667,-0.4031041,0.1027238,0.02131751,0.3206238,-0.01024186,-0.002565559,0.00519088,0.03009316,-0.3246007,0.1263844,-0.009864577,0.03911228,0.4867647,0.1603249,0.2781403,-0.0001895679,-0.07648346,-0.107801,-0.09557364,-0.5350532,-0.07769167,0.3115993,-0.07216042,-0.04140502,-0.01205736
0.002465921,-0.2734325,0.2916572,-0.003579106,-0.5425537,0.008518962,0.131616,-0.1796247,0.3730819,-0.03471753,0.1558179,0.4449773,-0.7348123,-0.01836554,-0.2675395,-0.007624124,-0.03936582,0.4847506,0.01070054,0.111757,0.008359969,0.4925915,-0.005368343,0.05109808,0.2368078,-1.673177,-0.0009319941,0.3282206,0.7116984,-0.09688934
0.3147683,0.09053848,0.01009221,0.02289982,0.3803225,0.9024394,-0.02239905,-0.4297248,-0.6496966,-0.1432824,-0.0002623407,0.01626467,-0.0003799266,-0.1775626,0.4778489,-0.2814495,-0.3693681,0.3044538,-0.3329822,0.3076147,-0.06616945,-0.0003927984,-0.01716461,0.1498456,0.0004263963,0.1095298,-0.2504016,0.5350395,0.001854877,0.4904151
-0.1539141,-0.009730955,-0.8489878,0.04667991,0.3145998,0.05476734,-0.1466059,-0.4814714,-0.1317885,0.1573598,-0.273702,-0.4520147,-0.1484072,-0.4982818,0.3558379,-0.2083475,-0.07973339,0.03576273,0.001421756,0.3115239,-0.008792934,-0.0242663,-0.003096844,-0.0007717719,-0.08148508,0.2215988,0.3683056,0.09010707,-0.7412476,-0.005241964
0.3125055,0.5940027,-0.1664632,-0.07700447,0.009409328,0.4231409,0.1221941,-0.009423712,0.1141685,0.0403525,0.03845898,-0.6000905,-0.3097438,0.2318969,0.07026403,0.08623728,0.06269521,-0.7584761,-0.09338844,0.05762812,0.3769298,0.4574305,-0.04796976,0.163587,-0.0299396,0.07295222,0.03503013,0.1096547,-0.01710598,0.02348866
-0.04658831,-0.09361898,0.09214598,0.005052371,0.001259767,0.4390769,-0.0006451015,0.04980512,0.1105017,-0.1489167,0.1608667,-0.1528746,0.3863698,-0.0559935,0.126256,-0.007295522,-0.4237772,-0.05341839,-0.06121334,-0.2798208,0.1973766,0.1981823,0.4476659,0.2803479,-0.1221028,0.2475704,0.5505636,-0.0001990786,0.003375536,0.1383351
0.008597014,-0.6871534,0.128427,-0.2361104,-0.04712957,0.3200057,-0.1441115,0.07232854,0.1417612,-1.152565,0.1159153,0.009119689,0.05486156,-0.02450585,0.6464905,0.06434952,-0.129558,-0.1098348,0.4202616,0.2084906,0.2732185,0.7588619,0.2465711,-0.08406311,-0.1378147,-0.1297214,-0.00016011,-0.03616412,-0.01013751,-0.08023517
0.04649137,0.5267884,0.0282353,0.3401146,-0.002398742,-0.04354174,-0.02204448,-0.0866769,-0.2899309,0.3076289,0.0192458,0.1437364,-0.2188729,-0.5425724,0.1319179,-0.04407734,0.03131515,-0.01975559,-0.4635918,0.1127765,0.5199541,-0.03678268,-0.5331157,0.03810678,-0.02398081,0.1536906,-0.04376017,-0.2019216,-0.008454594,-0.05982021
-0.02668553,-0.01157299,0.02874953,0.1671914,-0.08839559,0.1543279,0.07849527,-0.2698504,-0.01360866,-0.74618,0.003195236,-0.2001259,-0.3881003,0.0303331,-0.0002575961,0.1936249,0.1584279,0.01930209,0.06664568,0.5331966,0.7366708,-0.1596313,-0.0195821,-0.09064069,0.3729161,0.002156844,0.01300223,-0.2117389,-0.008259462,0.3247627
-0.3681526,0.3216249,0.09441473,-0.4348151,-0.1211956,0.2715557,0.2910969,-0.04594493,0.05298108,0.02371644,0.01272708,-0.09705733,0.003601155,0.237295,0.1948238,0.0650076,0.4476203,0.07083172,-0.03013319,-0.03989819,0.08164807,-0.04615907,-0.2291535,-0.2916163,-0.4107931,-0.1133888,0.01256927,0.08035291,0.01821548,0.3475875
-0.2721566,-0.1263104,0.9072689,-0.1136352,-0.1759354,0.4255309,0.2632577,-0.03852183,-0.1105221,-0.0003024429,0.01299542,0.247793,0.3714862,-0.2081987,0.2287247,-0.4791562,-0.1701095,-0.3891203,0.02429304,-0.1474412,0.300365,0.1055327,-0.007324425,-0.4011231,0.1836406,-0.4403391,0.7225188,-0.06062699,-0.1917801,-0.1750917
0.06728572,0.118311,-0.6804036,-0.1434449,-0.001853609,0.007740819,0.08012193,-0.03741475,0.06542891,0.05346204,0.09830825,1.328416,-0.1781383,4.744483,0.276173,0.893141,0.1863674,-0.01021902,0.02235678,-0.001049429,0.2658637,0.02979897,-0.4995593,-0.4473801,-0.2568905,0.01466719,-0.01722645,-2.204859,0.2247584,0.1059793
-1.689056,-0.03332435,1.047431,-0.003736175,-0.1597999,-0.005353002,0.2025304,-0.1036486,-0.2718601,-0.2315992,-0.04288214,-0.3313827,-0.6540707,-0.3184166,0.001569435,0.4853966,0.5544177,0.1775323,0.02449137,0.01024283,0.2057177,0.5343889,-0.05262238,0.2022544,0.1425335,-0.1806592,0.003846453,0.4493215,-0.1525546,-0.5229665
-0.06972188,-0.0714675,0.5495818,-0.2771577,0.04961203,0.2296622,0.4458104,-0.2641543,0.3290454,0.08752239,0.4172002,0.1809141,0.3601028,0.3729234,-0.04116096,0.3850023,0.04123472,-0.04840879,-0.4693961,0.3245226,0.005118614,-0.1058151,-0.1852905,-0.009564211,0.2022692,-0.01000669,0.003787473,0.02074003,-0.06375021,0.5364538
0.1123236,-0.3720601,-0.1094395,0.3736591,0.2533692,-0.1188017,0.02247797,-0.04367004,-0.01659163,-0.09186614,-0.442643,-0.02066424,0.4601312,-0.008290892,-0.7160038,0.08538999,0.139634,0.2248953,0.2307234,-0.4636748,-0.1343173,0.139965,0.03161384,-0.06008488,-0.4729452,-0.1347508,-0.3386304,0.4805232,-0.5981979,-0.2959282
-0.02311248,-0.4423254,1.020615,0.02122004,-0.1207779,-0.4488276,0.2369129,0.283169,-0.009730838,-0.3290697,-0.798129,0.03444728,0.1660424,-0.3267093,0.2415855,0.3277872,0.08771592,-0.7236378,-0.08185924,-0.5907618,0.2873478,-0.06495927,0.1685712,-0.1461029,0.09891394,0.02559816,0.04840202,-0.0005727225,-0.02448466,0.05088129
;
-0.01481413,-0.327396,0.2209337,0.1943188,-0.3621509,-0.2488864,-0.2870796,-0.7939848,0.01811109,-0.2175602,-0.05421356,0.03242415,-0.0209344,0.4993259,0.02154712,0.7014722,0.452004,-0.08166856,0.2859405,0.01109088,-0.1162661,0.3086296,0.1678293,0.2197051,0.07158079,0.4223071,0.1958409,0.0968267,0.1603905,-0.05062149
-0.813557,-0.3695606,0.4705851,-0.0482345,-0.4870751,0.02771976,0.5018419,-0.02185323,0.1163481,-0.2837744,-0.1322284,-0.4059342,0.7107126,-0.1206868,-7.510097E-06,0.01121557,-0.06809238,-0.2755544,-0.4406598,-0.1253938,0.2090279,-0.001286024,0.01879615,-0.08118385,-0.2787916,-0.04073588,0.3033408,-0.03479397,0.1886006,-0.05001226
0.1220163,-0.1009703,0.1198744,0.1802168,0.2079875,0.03892065,0.2177578,0.04782727,0.2436435,0.6465573,0.3672809,0.06506961,-0.04101426,-1.575599,0.440589,0.06876043,-0.007823249,-0.4924624,0.1008535,-0.06404708,-0.001201902,0.1638155,0.02762404,-1.678591,-0.146269,-3.436048,0.01838334,0.5282693,0.1263715,-0.2465817
;
