0.2761471
1.272197
0.1024883
0.1278151
-0.01540753
-0.1846622
0.2219898
-0.05100298
0.04854941
-0.3087321
;
-0.8513871,-0.4384421,-0.0358656,-0.2078918,-0.0878889,0.1398178,0.4412053,-1.199658,-0.03957626,0.07156616
0.1046106,0.2296379,-0.3363178,-0.7582277,0.2948183,-0.006582293,0.3292601,0.0005245341,-0.1532256,-0.4151958
5.823893E-05,0.05562797,-0.3665471,-0.02433536,-0.5198544,0.1440346,0.2100147,-0.0006559758,0.02315311,-0.0984357
0.001159814,-0.4269093,0.3332224,-0.2635041,-3.28367E-06,-0.04198985,0.4402597,2.823691E-06,0.3810196,-0.5825039
-0.02704367,0.05896383,-0.2288269,0.01733083,0.5650074,-0.04813284,-0.004836577,0.234834,0.1941758,-0.01855832
0.0205163,-0.1946995,-0.00791788,0.4636415,0.0004859704,-0.1176178,-0.009545889,-3.893849E-05,-0.007156514,0.1053297
-0.1351379,0.1287985,0.08836657,0.1377793,-0.04537132,-0.03831168,0.3409829,-0.1452137,0.1066689,0.03795844
0.2643985,0.3923516,-0.2971886,0.3338372,-0.303753,0.2631507,-0.2012243,0.1546272,-0.1120268,-0.4823067
-0.03586045,0.0005973164,0.2864929,0.03239871,0.5226507,-0.3415115,0.320726,-0.02202861,0.3073939,-0.3737504
-0.05956703,0.3926809,-0.3682092,-0.0173314,0.1020754,-0.01666445,-0.3809462,-0.09482387,-0.2087985,0.3556097
;
-1.208643,-0.06027531,-0.1151042,-0.001802328,0.1902009,-0.44911,-0.1251603,-0.4003237,0.03748201,0.1476794
1.640737,-0.0008224292,0.0001361785,-0.3559682,-0.1373767,0.442355,0.0610853,0.01756878,0.3284236,0.0001978203
;
-0.126455
-0.09081608
-0.3503947
-0.2244464
-0.2299312
0.003321747
-0.2549127
-0.1093537
0.06140251
-0.403424
;
0.6941156,-0.4617483,0.1633191,0.2882727,-0.7113578,0.3210119,-2.109959,-0.1716539,0.4406052,0.4984095
0.03574369,-0.4660478,0.1987449,-0.4928775,0.1527689,-0.01331456,-0.3650845,0.09464732,-2.077725,-0.005972939
0.4708329,0.08250386,0.1134046,0.003280739,-0.220985,-0.004322469,-0.3550573,-0.1043619,0.1063706,0.04368626
0.009455957,0.06052846,0.4604888,0.002926538,-0.3076237,-0.09397286,0.4028007,-0.03548497,-0.4349062,0.09373182
-0.4156458,-0.2233862,0.4536952,-0.2940776,-0.1507161,-0.07934219,0.2057704,-0.171871,-0.141473,0.1387807
-0.1906684,0.2318209,-0.2601385,-0.2884012,0.3526533,0.07876688,0.0006443045,0.5961963,-0.07211246,0.05310912
-0.3972565,-0.4571658,-0.5002329,-0.001154796,-0.3204271,-0.01147244,-1.309655,0.3439621,-0.4166983,0.4328181
-2.138625,-0.03184992,0.5963941,0.4296789,-0.1303362,-0.1918594,-1.314572,0.002488523,-0.04656108,0.03222686
0.1898313,-0.01814057,-0.4898835,-0.1016267,-0.1480978,0.4649997,-0.3761162,-0.06663643,0.07838389,0.8311064
0.213639,0.5636171,-0.2271838,-0.3700404,0.006168126,0.3856071,-0.1106841,0.2212249,-0.2921336,0.6083913
;
0.06759959,-0.04867962,-0.1090034,-0.09825188,-0.3245859,-0.002619643,-0.002957922,0.3290879,0.110244,0.1596275
-0.08816744,-0.009223728,-0.2099288,-0.007463396,0.1018899,0.05230317,0.04868822,-0.001438741,0.287812,-0.06277276
-0.1371788,0.009133533,0.2473205,0.4550362,0.00838262,0.8957617,0.008762244,0.01481265,-0.7419078,0.7511683
;
