0.2581973
-0.3282975
-0.09089668
-0.1909391
-0.1217535
4.842716E-05
-0.5141709
-0.1561992
-0.2622652
0.01136089
;
-0.2995857,0.02282494,-0.3563955,0.03293321,0.4665685,0.4057741,0.3520428,-0.4613388,0.09927036,0.4531723
-0.3349667,0.009724677,0.5682397,-0.2420482,-0.2547822,0.1007672,-0.1943324,0.3729408,-0.388574,-0.04386357
-0.4787031,0.2925853,0.4785815,-0.2167229,-0.03401521,-0.3752632,-0.4415875,-0.07378699,0.6761743,0.3374965
0.3119506,0.06909272,0.3280757,-0.06914002,-0.1085246,-0.001501143,0.1223918,-0.02974814,-4.859498E-05,0.04416903
0.07679096,0.1623916,0.07417875,-0.01327522,0.2679389,0.1443059,0.1212838,-0.2381914,-0.1495048,-0.001854241
-0.002021504,-0.2350574,-0.0008112905,0.2390352,-0.09616932,-0.04700154,0.06826304,-0.2423504,-0.3074459,-0.2077137
0.2624416,-0.3124281,-0.06082183,0.2148815,0.3913985,-0.1522872,-0.4845743,0.4047202,-0.06849295,-0.6312752
-0.3301208,0.004311151,0.4683343,-0.07432761,0.07798398,0.004402165,-0.3109815,0.006624069,-0.4137791,-0.0872419
-0.4476652,0.1440241,-0.0003891751,0.0162892,0.04776782,0.4100487,0.08547002,-0.1419946,0.4775907,-0.09156194
0.04102767,0.4682388,0.1746954,-0.184623,-0.4371682,0.3419138,0.07059259,0.1588342,-0.1466765,-0.02792477
;
0.003722334,0.06152879,-0.562837,0.05706614,0.3894073,0.2994988,-0.01113259,0.4769394,-0.3283113,-0.001893222
-0.1707258,-0.0220168,0.0806822,0.3614756,-0.4484662,0.2716796,-0.2550982,-0.2339154,0.7549348,1.50466E-05
;
-0.02211028
0.4563385
1.130482
-0.1809535
-0.195995
0.08097336
0.01056535
-0.4332952
0.4074486
0.05901153
;
-0.09757961,0.2011342,-0.007985764,-0.005397744,-0.2214348,-0.0001700252,0.3722242,0.2645604,-0.5572016,-0.06183389
0.005076353,0.5617275,-0.3106294,0.4816434,-0.00673359,0.3627106,-0.03594146,0.1202676,0.08998626,-0.01657733
-0.06545278,0.08615167,0.1923405,-0.1483547,-0.4997468,0.2288296,0.1308865,-0.1631604,-0.4395373,-0.3695611
0.2831064,-0.1103067,-0.1589862,0.08464348,0.001827143,0.3748602,0.4816884,0.4670319,0.04529148,0.003694747
0.1309866,-0.4578568,0.1039462,1.345057,0.04648884,-0.09000527,-0.2461919,-0.2345222,0.07001871,-0.3426942
-0.06796215,0.42212,0.00165269,-0.340068,-0.2870494,0.004408993,-2.843889E-05,0.01316456,0.2743313,-0.005437644
0.0002931507,-0.1676444,0.006193408,-0.0002065491,0.1133284,-0.2668497,-0.5055565,-0.1991412,0.2617469,-0.01486787
0.1256571,-0.0253179,-0.09214228,-0.001866148,-0.3428161,0.1131523,0.2290531,0.005427017,-0.2587997,0.05399087
0.04818302,-0.0727381,-0.4150215,-0.06162389,-0.4888235,-0.01435322,0.01602497,-0.1149702,-0.6334732,-0.25624
-0.02370945,-0.328914,0.2984239,0.4686815,0.002377422,0.1988702,0.4424138,-0.1909633,-0.06206238,-0.2633264
;
0.2374112,0.003553239,0.1165784,0.02471417,0.1598679,-0.4189408,0.2488841,-0.00229689,0.165689,-0.1507134
-0.2549534,0.01705048,-0.4791646,0.1010079,0.1306584,0.4358847,0.01795231,0.414338,0.4754639,-0.05451371
-0.3956975,0.06423117,-0.04017916,-0.0001732142,0.2567164,-0.3197355,-0.3242496,0.06701424,0.1753161,-0.222021
;
