0.4772229
0.05350631
-0.1965052
-0.1909391
-0.1217535
4.842716E-05
-0.3656501
0.1692102
-0.1420615
-0.01651248
;
0.02212073,0.2696654,0.08382735,-0.03293321,-0.4665685,0.3602121,-0.1857443,0.3981487,-0.2647209,0.1463166
0.9633942,-0.2703899,0.7970976,0.4237215,-0.1908543,-0.1007672,-0.1256388,0.3648709,0.03125395,-0.4922986
0.2407805,0.03649022,0.3588829,-0.1140582,-0.03401521,0.3752632,-0.2449235,-0.03087649,0.6761743,0.05271263
0.3249001,-0.06909272,0.2978294,0.06914002,-0.1949437,0.328207,-0.6684169,-0.09540325,4.859498E-05,0.2316508
0.08784705,0.1753417,0.04449345,-0.01327522,0.3021142,0.2398854,0.1212838,-0.3278242,-0.2215458,-0.342278
0.002021504,0.2350574,0.003856765,-0.3384401,-0.1339708,0.1291655,0.2447543,-0.2423504,0.2512581,0.2077137
-0.1751947,-0.3124281,-0.2818248,0.2148815,-0.06228431,-0.3776177,0.561174,0.2393001,0.07947594,0.0004759436
-0.3301208,0.09309316,0.1090418,-0.3182409,0.1165596,0.009599575,-0.607052,0.2660539,-1.252598,-0.1781339
0.03348884,0.1440241,-0.0004333839,0.03608097,0.04776782,-0.8897035,-0.3709626,-0.07141937,-0.7305745,-0.2684385
0.1321576,0.04351198,0.191395,-0.2871822,-0.4178598,0.06281882,0.08540834,0.03855686,0.1466765,-0.3008893
;
0.003722334,0.06778139,-0.4678206,-0.05706614,-0.02162952,0.3869907,-0.01113259,0.4991688,-0.3283113,-0.001893222
0.8195539,-0.5248642,0.0806822,-0.3453079,-0.1977168,0.2443993,-0.01958235,-0.04079677,0.2991753,0.0001852882
;
-0.2855582
-0.4606552
0.4203361
-0.09882513
-0.2454736
0.08097336
0.2126876
-0.227206
0.03245486
0.05239337
;
-0.4666282,-0.3334291,0.007985764,0.4905744,-0.2214348,-0.0004838538,0.1979537,0.1402025,-0.2073945,0.427134
-0.4197215,0.4500788,-0.3227683,0.1514083,-0.148559,-0.00072043,-0.4474177,0.141113,-0.08998626,-0.01721786
-0.05973174,0.2442772,-0.2863761,0.1593968,0.7174879,0.2823117,0.1308865,-0.5017368,0.09687944,0.1520164
0.0971331,-0.1103067,0.09238969,0.04947232,0.001827143,0.2191784,-0.0483084,-0.3606457,-0.2938602,0.003694747
-0.141118,-0.3499265,0.02284646,0.9072164,0.1430681,-0.1836613,0.3538532,-0.2345222,-0.03945724,-0.4204396
0.05804487,0.2322794,0.002500745,-0.03006361,-0.2793256,-0.01044534,-5.008484E-05,0.030001,0.2221397,-0.03493283
-0.005441542,0.1056706,0.0004122853,-0.0001706016,-0.01141051,0.4917578,-0.03469175,0.009643018,0.1744376,-0.1601471
0.4630009,-0.4445118,0.06321722,0.001575946,-0.1495501,0.3466585,-0.3781594,0.1407608,-0.253112,0.08267707
-0.04655083,0.1085094,-0.2810513,-0.03708395,-0.5475292,0.0001472428,-0.07519116,-0.07408603,-1.514175,-0.2566209
-0.02370945,0.328914,0.2984239,0.007490901,0.02718898,0.1988702,-0.07077175,0.1414522,-0.4616565,-0.3167689
;
-0.3440993,-0.0411462,0.05627592,0.02891643,0.2211934,0.4714527,-0.7004393,-0.002516203,0.165689,0.1507134
0.2549534,-0.01705048,0.2611309,-0.1007917,-0.05583242,0.1946918,-0.4826281,-0.4684449,0.4754639,0.04113178
0.005084217,-0.06423117,-0.04130295,-3.844479E-06,-0.3040199,1.253129,0.06745165,0.06701424,0.04460799,0.3582377
;
