-0.003383776
-2.440052
0.02472047
-0.07919844
0.03557103
-0.6855802
0.1954549
-0.01010953
-0.03262569
-0.157305
;
-0.7256778,0.2878884,-0.5117503,0.3111043,-0.0878889,0.1997234,-0.05372141,-2.043056,0.2133022,-0.1249898
0.003617164,-0.5404585,0.3441615,-0.482119,-0.04001151,-0.05303638,0.3104736,0.003415893,-0.3999845,0.02345475
0.1116086,0.1776778,-0.05271358,-0.169063,0.4797262,-0.00098826,0.4255314,0.003652758,-0.2611745,0.01631719
0.1812686,5.052767E-05,-0.3332224,0.0471363,0.1147735,-0.4554942,0.4736399,-0.3313901,0.2551582,0.3895042
-0.03106374,0.003676138,0.1486012,0.128603,0.1734989,0.1454325,-0.4288264,0.004841917,-0.1783098,-0.4935157
-0.01058966,-0.8207451,-0.04417604,0.05933744,0.002083245,0.3265598,-0.005381681,-0.08930629,-0.21987,-0.02479987
-0.0470107,0.2722956,-0.8139561,0.02666964,-0.02742353,-0.2035872,-0.01645045,0.4627283,-0.7429757,0.2119488
-0.4212476,0.3222889,0.153147,-0.274951,-0.7199942,0.0428008,1.039281,0.3084179,-0.6080817,-0.04643697
-0.001765674,0.07406753,0.0720947,0.1090556,-0.2399063,-0.4214289,0.2757332,0.02202861,0.05001003,0.06757507
-0.4126835,0.004644366,0.3682092,0.1245869,0.3665533,-0.003047455,0.06334167,-0.1258079,-0.001520361,-0.3556097
;
0.4327669,-0.1499935,0.3978409,-0.05692116,0.1061239,-0.5306487,-0.1540303,-0.1806402,-0.4670088,0.3208357
1.446419,-0.0132778,-0.002674671,0.0663493,-0.2361737,0.8991405,-0.1197419,-0.3876947,0.3284236,0.004695304
;
-0.1776532
-0.09081608
1.038652
-0.0668392
-0.1152847
0.3325108
0.06721267
0.2085382
0.2194433
-0.06667715
;
0.06934287,-0.2761382,-0.0308858,6.001578E-05,0.09094261,0.4896585,0.3707466,-0.3696988,-0.1344193,0.07369282
-0.3077333,0.02860278,0.2132235,0.01165277,-0.1923049,-0.01331456,-0.1776229,0.3139549,-0.0004201863,-0.01918258
0.4508941,-0.01384248,-0.002980333,-0.05178849,0.08686727,0.02533567,-0.115681,-0.04475576,0.1630688,-0.05902579
0.006106952,-0.02022939,-0.262663,0.08641072,-0.1080576,0.05199236,0.2599001,-0.3669254,0.04524972,-0.136354
0.1761992,0.2312842,-0.2391536,-0.1854681,0.3759098,-0.2097342,-0.1685554,-0.1263458,-0.1199195,-0.01809295
0.4573851,0.3186686,-0.1731878,-0.1093783,-0.03922739,-0.2029825,0.2470431,0.5131754,0.08941634,0.05310912
0.565153,0.01280622,0.3272216,-0.1196385,0.1705191,-0.01730699,0.455508,-0.6659576,0.01605461,-0.7131082
0.4778613,0.0574089,-0.003548367,-0.4790158,0.1303362,-0.2264907,-0.853018,0.0004431779,-0.04656108,-0.03591903
-0.4678446,0.1132986,0.02228996,-0.03498007,-0.01460402,-0.2348547,0.4328047,0.03143132,0.04436607,0.111353
0.02034348,-0.3169703,0.1790132,-0.4015499,-6.264858E-07,0.2971127,-0.4161985,-0.9276159,-0.005846861,0.004993028
;
0.4658655,-0.04723482,-0.06803769,-0.2733643,0.2469654,0.00415335,-0.01175838,0.006745643,0.1453678,0.1187292
-0.1049148,-0.1030352,-0.3522553,-0.1040476,-0.009625513,-0.3393962,0.04868822,-0.005126297,0.001912903,-0.07461445
0.0001441932,-0.01615614,0.1070876,-0.0989458,0.1494758,-0.1049824,0.1479738,-0.01481265,-0.3437752,-0.7511683
;
