0.4772229
-0.1116496
-0.1875153
0.3689888
-0.1217535
4.842716E-05
-0.8894059
0.03372933
-0.2622652
-0.04680485
;
-0.2995857,0.5080258,0.3563955,0.03293321,0.4665685,0.4057741,0.3520428,-0.08411962,0.09927036,0.1264447
0.1935143,0.009724677,0.7970976,0.1579674,-0.2547822,0.1007672,-0.1408671,0.3729408,-0.388574,-0.001713923
0.2407805,0.3102054,0.4785815,-0.1140582,0.04284696,0.4125426,-0.4390349,-0.1417494,0.6761743,0.4159849
0.3249001,0.06909272,-0.3280757,0.06914002,0.2015714,-0.001501143,0.1223918,-0.01187368,-4.859498E-05,0.04416903
0.07679096,0.1753417,0.09262013,-0.2360359,0.2679389,0.2398854,-0.1212838,-0.2381914,-0.1495048,-0.001854241
-0.002021504,-0.2350574,-0.0008112905,0.2390352,-0.1339708,0.1291655,-0.4781648,-0.2423504,-0.3074459,-0.2077137
-0.2766522,-0.3124281,-0.2818248,0.2148815,-0.4358423,-0.2372761,-0.561174,-0.268347,-0.06849295,-0.6312752
-0.3301208,0.1415784,0.4794064,0.4998374,0.07798398,0.003042321,-0.607052,-0.04509217,-1.252598,0.0872419
0.2533553,-0.1440241,0.04583091,-0.0162892,0.04776782,-0.01450709,0.4387054,-0.134005,0.4775907,0.2684385
0.1321576,-0.4682388,-0.1746954,-0.2871822,0.4371682,1.122411,0.1240366,0.1588342,-0.1466765,-0.02792477
;
0.006607039,0.06778139,-0.562837,-0.05706614,0.2579725,-0.3695232,0.3457943,0.4769394,0.3283113,-0.001893222
-0.4208272,-0.0220168,0.04894622,0.3614756,0.1723791,0.09473079,-0.4531356,-0.1123403,0.009726506,1.50466E-05
;
-0.02424059
0.4563385
-0.5490724
-0.07684841
0.195995
0.08097336
0.01056535
-0.4332952
0.4074486
0.05901153
;
-0.09757961,0.2011342,-0.007985764,-0.005397744,-0.2214348,-0.0001700252,0.3722242,0.2645604,0.04631394,-0.06183389
0.06619482,0.5617275,-0.3106294,-0.4816434,-0.00673359,0.3627106,0.01700768,0.01213344,0.08998626,-0.01657733
-0.09459942,0.1130828,0.183931,-0.1483547,-0.4372857,0.2288296,-0.4748052,-0.1631604,-0.4395373,-0.6524592
0.2831064,-0.1103067,0.4542487,0.08464348,0.001827143,0.3748602,0.05833634,0.4670319,0.04529148,0.0049421
0.1309866,-0.4578568,0.1110495,1.345057,0.04648884,0.07427245,-0.2461919,-0.03088856,0.07001871,-0.3426942
-0.06796215,0.42212,0.003216581,-0.340068,-0.03225366,0.004408993,-2.843889E-05,0.01316456,0.04683441,-0.005437644
0.1305402,-0.1676444,0.006193408,-0.0002065491,0.1133284,-0.2668497,-0.5055565,-0.1991412,0.2617469,-0.0249487
0.1248734,-0.0253179,0.09214228,-0.4046019,-0.4870035,0.1796777,0.2290531,0.005427017,-0.2587997,0.05399087
0.04818302,-0.0727381,-0.2120301,-0.06162389,0.0452238,-0.01435322,-0.01602497,-0.02307576,-0.6334732,-0.25624
0.02370945,-0.328914,0.2984239,0.4686815,-8.984405E-06,0.1988702,0.01084191,-0.1909633,-0.06206238,-0.2633264
;
0.2374112,0.003553239,0.1183829,0.02471417,0.1598679,0.1694245,0.4667885,-0.00229689,0.165689,-0.1507134
-0.2549534,0.01705048,-0.4572281,0.1010079,0.1306584,0.4358847,0.01795231,0.414338,0.4754639,-0.05451371
-0.3956975,0.01658512,-0.04017916,-0.0001732142,0.2567164,-0.2169651,-0.3242496,-0.4707379,0.1069522,-0.222021
;
