-0.001762213
-2.440052
0.46926
-0.07919844
0.3909993
-0.7483336
0.1954549
-0.2639849
0.008469865
-0.03114293
;
-0.7256778,0.4384421,0.2103779,-0.3107193,-0.0878889,0.2576596,0.05372141,-0.7708091,0.1736057,-0.09825348
-0.4395902,-0.133195,0.01623747,-0.482119,0.01668816,-0.03273247,0.2475365,0.001816431,0.2117659,0.02345475
0.0813261,0.1776778,-0.1958486,-0.169063,0.4797262,-0.001659367,0.2632221,0.003652758,-0.2611745,0.475379
0.1812686,0.1576913,0.3332224,0.3822057,-3.625655E-05,-0.4554942,-0.103397,2.823691E-06,0.2551582,-0.1556829
-0.02796797,0.5244246,0.2288269,0.128603,0.1734989,0.1454325,0.2731943,0.1263213,-0.1783098,0.4935157
-0.01058966,0.8207451,-0.04417604,0.4839714,0.0007511423,-0.0126184,-0.2467019,-0.001481775,-0.05520976,0.03481667
-0.2131278,0.2722956,0.08836657,0.02203414,-0.04537132,-0.2035872,-0.01645045,0.4627283,-0.7429757,0.3865317
-0.4212476,-0.07707544,-0.3451183,-0.1170147,0.2988223,0.09886649,1.039281,-0.3084179,0.6080817,-0.2234729
-0.03647104,-0.4028209,0.3258948,0.1149667,-0.5226507,0.2236059,0.4062157,0.02202861,0.05001003,0.0670528
-0.001036138,-0.00843758,0.3682092,-0.1712057,-0.3153007,0.01101331,-0.2635338,0.06870264,-0.1195141,0.3556097
;
0.6473941,-0.1435305,0.1830245,-0.05692116,0.0429798,0.4213505,0.0006267971,-0.09384412,-0.4670088,0.3208357
1.329589,-0.0003710063,-0.002674671,0.0663493,-0.2032262,-0.3169966,-0.1282353,-0.4052582,0.3284236,0.004695304
;
-0.19476
-0.09081608
1.038652
-0.0668392
0.1106466
-0.3325108
0.06721267
-0.3577568
0.05785599
-0.103896
;
0.06934287,-0.2761382,-0.0308858,-0.2119169,0.07665084,0.3324461,-0.00856775,0.3696988,-0.1335508,0.1067458
-0.3077333,-0.8883096,0.1034402,0.01165277,-0.1923049,-0.009651859,-0.04333474,0.3139549,-0.0004201863,0.01121121
-0.2924609,-0.2958331,-0.002980333,-0.05178849,-0.2574927,0.02533567,-0.115681,-0.04475576,-0.1430926,-0.05902579
0.07899874,-0.03540905,0.6652334,0.08641072,0.1793712,0.05199236,-0.131871,0.1023654,0.003289932,-0.2231479
-0.1915936,0.1372843,0.1338966,0.03460163,-0.1017733,-0.2097342,-0.1685554,-0.2215389,-0.1199195,0.01809295
0.5775587,-0.3568076,-0.2869259,-0.1093783,0.03922739,0.2029825,0.1904973,-0.2628885,0.08941634,0.01341087
-0.2217007,-0.01280622,0.07632083,-0.1196385,0.1705191,-0.01730699,-0.1057713,-0.6659576,-0.02347884,-0.8925458
-0.4778613,0.1056908,-0.003548367,0.2144863,0.1303362,0.09431106,-0.1759763,7.450645E-05,-0.02784208,0.01223034
-0.5703774,0.5055217,-0.02228996,-0.03498007,-0.01747866,0.2348547,0.3553518,0.03452482,-0.03076146,-0.1877622
0.02070594,0.3704731,0.1646957,-0.4015499,-9.486607E-07,0.2524374,-0.4044423,-0.9276159,-0.008519984,0.004993028
;
-0.4658655,-0.08250564,-0.04757366,0.23072,0.2469654,-0.00415335,-0.01175838,0.005276858,0.1453678,0.1187292
-0.1155054,-0.009533882,-0.3522553,-0.1040476,-0.0002401924,0.06208443,0.04868822,-0.005126297,0.001545506,-0.07461445
0.006721383,-0.01615614,-0.4518839,0.175564,0.1494758,-0.4375472,0.3619312,-0.4282337,0.005472277,0.3697479
;
