0.08069491
0.02584192
-0.006388826
0.7274184
-0.01473458
0.009668648
-0.183485
-0.1561992
0.4724691
0.4818614
;
-0.2766393,0.4663166,0.4373001,0.0349012,-0.02128139,-0.04960578,0.3350068,-0.5948186,0.3947025,0.4112802
-0.1935143,-0.01201992,0.3849239,-0.3031451,-0.2547822,-0.1844101,-0.129363,0.3514442,0.5375276,-0.05825737
0.1560447,-0.1787735,-0.3883545,0.0120887,-0.3917131,0.6739832,0.1223196,0.0313259,0.07065183,-0.2969853
-0.1310899,0.05623014,0.3280757,-0.1304031,-0.1946569,0.4214451,-0.1223918,-0.09540325,-4.859498E-05,0.03233418
-0.09524582,0.04018401,-0.07417875,0.8894742,-0.04930692,0.1305772,0.1143861,0.4844369,-0.3889807,-0.04013032
0.0009313217,-0.4102483,-0.3142338,0.4967462,0.1499015,-0.1291655,0.09215731,-0.2657326,-0.2424751,0.2065009
0.01714867,-0.209706,0.03347576,-0.2413658,0.1258305,-0.2420895,-0.2567918,0.01339739,-0.09320263,-0.4955962
-0.4666613,0.001607901,-0.5361151,0.2672662,-0.07798398,0.005179255,0.40172,-0.01970363,0.008507669,0.06695766
-0.4103517,0.2187727,0.0008101591,0.2439387,0.01350105,0.02160268,0.1144447,0.6253403,-0.4775907,-0.002906452
-0.38382,0.6512137,0.01566538,-0.5308926,0.1371685,0.2741513,-0.2996308,0.09314993,-0.09211519,-0.02541459
;
0.275088,0.03465116,-0.1056046,-0.0003011526,0.09252927,-0.05043625,-0.01113259,0.7425427,-0.810669,-0.000159105
0.1501396,-0.03114065,-0.0806822,-0.464164,-0.2026825,0.2716796,0.313045,0.2511297,0.013776,0.2154369
;
-0.01606106
-0.780682
-0.1780252
0.1099646
0.1981376
-0.02772778
0.07027751
-0.08132751
-0.3431782
-0.02133068
;
-0.09757961,0.09122614,-0.1492393,0.002992566,-0.276731,-0.0001700252,0.6791979,-0.3286998,0.09151373,0.437588
0.1228614,-0.4963819,0.06451014,-0.4816434,0.00673359,0.3321283,-0.9185148,0.01213344,0.08998626,-0.02876569
0.09459942,-0.1595232,0.1584769,-0.0909735,-0.1776066,0.2288296,-0.4740887,-0.1373869,0.5656382,0.6524592
-0.3687487,0.1231467,-0.4502027,0.04563534,0.002743879,-0.3748602,-0.4753835,0.4670319,0.3460703,-0.06446725
-0.4933207,0.2353444,0.07210237,1.241633,-0.01927629,0.07427245,-0.1744887,0.03088856,0.01235015,-0.3426942
0.1368707,0.005541697,0.00165269,0.1296422,-0.03225366,0.004408993,-2.843889E-05,0.0098238,0.09037759,-0.002882882
0.0002931507,-0.02918644,-0.000380658,-0.0002275159,-0.4664392,-0.4220332,-0.3222064,-0.282756,0.266309,-0.001787112
0.08604287,-0.0253179,-0.09214228,0.008549869,-0.4870035,0.1928708,0.4790778,-0.008263206,0.1165668,-0.05399087
-0.04347502,0.1802739,0.2120301,-0.004787559,0.00134885,-0.023264,-0.01602497,-0.1149702,-0.6334732,0.1521122
-0.82843,0.128085,0.1359624,0.4049855,1.733238E-05,0.06769125,0.01084191,0.1407226,-0.06206238,-0.2633264
;
-0.3121164,-0.0009261842,0.2247699,0.0138058,0.1598679,-0.04012445,-0.4742293,-0.000198692,-0.2147412,-0.1758701
-0.1210965,0.4930269,-0.4791646,0.1025963,0.007568341,0.09059769,-0.03519855,0.6465566,0.2064983,-0.02573724
-0.2720853,-0.04227728,0.2822921,-0.0001732142,-0.177218,-0.05321962,-0.3242496,0.07897812,0.1753161,0.186645
;
