0.1770944
1.272197
-0.1550719
0.06111181
-0.02936166
-0.4071704
0.2219898
-0.05100298
0.04854941
-0.3087321
;
-0.8513871,-0.4384421,-0.02811778,-0.2078918,-0.0878889,-0.001246669,0.4412053,-1.199658,-0.03998142,0.07156616
0.1046106,0.1329385,-0.6034986,-0.4890803,0.01668816,-0.006582293,0.3292601,0.0005245341,-0.1525512,-0.4151958
0.001395384,0.03830463,-0.3665471,-0.02433536,-0.5198544,0.1440346,0.2100147,-0.0008644403,0.02315311,0.6181582
0.001159814,0.4269093,0.3332224,0.006333494,-3.28367E-06,-0.04198985,0.4402597,2.823691E-06,-0.4168453,-0.5825039
-0.02704367,0.05896383,-0.2288269,0.01733083,0.2828591,0.004662958,0.004836577,0.234834,0.1941758,-0.01855832
0.0205163,-0.1946995,-0.02054354,0.4636415,-0.0004859704,-0.1176178,-0.009545889,-0.00226934,-0.007939002,0.04830271
-0.1351379,-0.260223,-0.08836657,0.01888096,-0.04537132,-0.4031638,0.3409829,-0.1452137,-0.08823906,0.03795844
0.2643985,-0.3923516,-0.2971886,0.3338372,-0.303753,-0.0416621,-0.9777871,0.04487812,-0.07244819,-0.6811602
-0.03586045,0.0005973164,0.2864929,0.3473756,0.5226507,-0.3415115,0.320726,-0.002996853,0.3073939,0.05881393
-0.05956703,0.3926809,-0.2396326,-0.0173314,0.1020754,-0.01666445,-0.3809462,-0.09482387,0.1701562,0.3556097
;
0.2918346,-0.06027531,-0.1151042,0.003748123,0.1902009,-0.44911,-0.1230674,0.4003237,0.03748201,0.3145468
-1.640737,-0.0008224292,0.002911414,-0.3559682,-0.1373767,0.02371611,0.0610853,-0.01756878,0.3284236,-0.008894208
;
0.4236188
-0.09081608
0.1631645
-6.203323E-06
-0.1152847
0.1519598
-0.04455635
0.1561722
-0.3205018
-0.9485169
;
0.0338057,0.1702362,0.0310654,-0.0002678421,-0.0006335719,0.1172581,-0.2594242,-0.01973052,-0.01903169,0.1067458
-0.09750608,0.4642687,-0.0263622,-0.01165277,-0.004593234,0.07947563,-0.0661861,0.3672295,0.00107187,0.3084196
0.3412826,-0.08250386,0.005398158,-0.02596625,0.1599701,-0.05314456,-0.1486913,-0.06471565,-0.1063706,0.2381334
0.001682788,-0.0007390113,-0.255345,0.001624361,0.09668513,-0.2380418,-0.2159964,-0.03548497,-0.03749043,0.1379894
0.2179238,-0.1368776,0.003264085,0.3974349,-0.1507161,0.4047147,0.1685554,-0.1104321,-0.121706,-0.2580359
-0.2963536,-0.3494899,-0.1507312,-0.355208,-0.02913501,0.3793594,0.005867602,-0.004696667,0.09955043,0.06913881
-0.0868066,-0.1409687,-0.2314931,-0.2105836,0.3642614,-0.05103202,1.963901,-1.325625,0.1513512,-0.4057989
0.2917248,-0.1051375,5.296405E-05,0.2303475,-0.4980992,0.09431106,-0.2983882,0.009238109,-0.08704372,-0.007414042
1.010475,-0.1789916,-0.2592218,-0.3085089,-0.0009020868,0.1531378,-0.8343056,-0.2052934,-0.125223,-0.3573623
-0.02034348,0.3449407,0.05887437,-0.02190715,-0.4375584,-0.2110722,-0.3761067,0.04964536,-0.0116184,-0.3449125
;
-0.03730053,-0.1101272,-0.2739196,0.3718646,-0.7155379,-0.008231883,0.01175838,-0.009346556,0.6688443,-0.07190085
-0.08741066,-0.0004974427,0.1360054,0.1040476,0.01113607,0.06240108,-0.2069442,-0.1457439,0.0007899256,0.06277276
-0.006721383,-0.1417459,0.3133549,0.4861911,-0.1612315,0.2602799,0.08200328,-0.3550615,-0.8776579,-0.847775
;
