0.0237205
-0.5482842
0.2576855
-0.1270321
-0.835446
-1.375447
0.2080884
-0.03334277
0.06404645
-0.02488273
;
-0.2006852,-0.06904477,-0.07338501,-0.8098556,-0.2362604,0.05328077,-0.107275,-0.4912548,-0.06163865,-0.02322026
-0.2638251,-0.05884978,0.2273127,0.02255513,0.3458638,-0.2075886,0.1358603,0.08721747,-0.2651859,0.03116596
0.3860216,-0.4666518,0.07026881,0.01432391,-0.4705229,-0.003658688,-0.383423,-0.09950072,-0.3536993,-0.02166253
-0.3969959,-0.001562851,0.2610584,0.6478854,2.959167E-05,0.01584879,-0.008037319,-1.063264E-06,0.02760887,-0.2965057
0.1092174,0.001897654,0.2779299,-0.0667672,0.9468865,0.01826384,-0.02803429,0.01138531,-0.488492,-0.2513947
0.1178086,0.8207451,0.009945234,-0.4035838,0.3123771,0.01631537,0.1581697,-0.01194855,0.193943,0.09213511
0.2937264,-0.1540092,-0.0912878,0.3705821,0.05329278,-0.04674321,-0.01205215,0.02267486,-0.8331273,0.2992516
-0.4257697,0.07529086,0.4692626,-0.002660086,0.0178859,-0.4149384,0.6082417,0.4315731,0.6302221,-0.2234729
6.119026E-06,1.570409,0.0001592325,-0.03636898,-0.2340733,-0.03416584,-0.0005227625,0.01005643,-0.008194152,0.375793
-8.858191E-05,-0.008815541,-0.01216582,-0.3894489,0.06451309,-0.1283523,0.008554518,0.0004887939,0.2413857,-0.277285
;
0.004043576,0.007729165,-0.05831111,-0.1924385,0.2649376,0.1376988,-0.3766145,-0.5788449,-0.1336396,0.3208357
1.273505,0.0132778,-0.02398534,-0.07434094,0.1120756,0.455987,-0.3034232,0.07892646,0.001813004,0.01387856
;
0.01216896
0.4707709
0.124812
0.05249689
-0.003287697
-0.3325108
-0.2994808
0.1269402
0.001807616
0.04177766
;
0.08721917,0.4251646,-0.2566032,0.1499226,0.1053964,-0.06284889,0.3707466,-0.4485453,0.4325217,0.09086465
-0.2124116,0.8883096,0.06297749,-0.2287773,-0.2224328,0.06141299,0.2805747,0.2704483,-0.0004201863,0.005803202
0.04989201,-0.422155,-0.002980333,0.2377366,0.09170674,-0.008493476,0.122431,-0.2482724,-0.1063706,-0.04033536
0.3397565,-0.1172927,0.0823855,-0.011427,-0.004961953,-0.1170447,0.2470135,0.8841539,-0.2254692,-0.136354
1.936571,0.01661402,0.1022069,0.129159,0.01903429,0.01295922,-0.1685554,0.180784,-0.002413054,-0.005542576
0.4573851,0.1082961,0.4831101,-0.184314,0.4547372,-0.2029825,-0.03140241,0.009536009,-0.1148633,0.4727416
-0.1709339,-0.06501971,-0.3002623,-0.09852301,-0.01699644,-0.2002774,0.6945627,-0.3739606,0.2585472,-0.1274756
0.2620302,0.06353482,-0.003730534,-0.4445887,-0.4030961,0.4449862,0.1250695,-0.1219732,0.06989031,0.4057227
0.2580806,0.1657905,0.03650116,-0.3623006,0.1811336,-0.1177151,0.1031098,0.8168468,0.0636017,-0.4025302
0.4703768,0.307351,0.1790132,0.1998451,3.684117E-06,-0.4794078,0.005633,0.7560194,0.3356185,0.003133249
;
-0.01486896,-0.1285267,0.5415307,0.001613156,-0.2469654,-0.2342677,-0.009205589,0.02425408,-0.2483196,-0.1739961
0.1160674,-0.01596671,-0.2794135,-0.002833178,-0.008305354,0.01296422,-0.01508051,0.2884876,-0.1900442,0.06941407
-0.2089743,0.1082425,0.6216267,0.0989458,-0.2050897,-0.5450163,-0.1206284,-0.02568395,-0.04364318,-0.0229
;
