0.1770944
1.272197
-0.1550719
0.07919844
0.01540753
-0.4071704
0.2219898
0.00574261
0.04854941
-0.3198313
;
-0.8513871,0.4384421,0.3168162,-0.2078918,-0.0487085,-0.001246669,0.4412053,-1.199658,-0.03998142,0.2404506
0.0362127,0.1329385,-0.1115478,-0.4890803,0.01668816,-0.007360753,0.3292601,-0.0005245341,-0.4242001,-0.4151958
-0.001395384,0.01029931,-0.3665471,-0.3753061,-0.5198544,0.1440346,0.2100147,-0.0009157444,0.02315311,0.6181582
0.001159814,-0.4269093,0.3332224,0.244142,-3.28367E-06,-0.04198985,0.4402597,2.823691E-06,0.3810196,-0.5825039
-0.02704367,0.05896383,-0.2288269,0.02547431,0.2828591,0.004662958,0.4740328,0.1471114,0.1941758,-0.01855832
0.0205163,-0.1946995,-0.02054354,0.4636415,-0.0004859704,0.3357118,-0.009545889,0.004065918,-0.008982249,0.08143892
-0.1641932,-0.4588173,-0.1038463,0.01888096,-0.04537132,0.03611533,0.3409829,0.1452137,-0.08823906,0.03795844
0.2436328,-0.3923516,-0.3042674,0.1759959,-0.303753,-0.2631507,-0.9777871,0.03986962,-0.05225284,-0.4823067
-0.02754457,0.0005973164,0.2864929,0.3473756,-0.5226507,0.3546751,0.1058513,-0.02202861,0.3073939,0.05881393
-0.05956703,0.3926809,-0.3682092,-0.0173314,0.160168,-0.01666445,-0.3809462,-0.09482387,0.1701562,0.3556097
;
-0.3037913,-0.06369892,0.1151042,0.003748123,0.08694451,-0.44911,-0.1230674,0.4003237,0.07222456,0.2447879
-1.640737,-0.2109196,0.1962252,-0.3559682,0.1373767,-0.02371611,-0.0610853,0.01756878,-0.2379834,-0.006564362
;
-0.126455
0.09081608
-0.3503947
-0.2244464
-0.2299312
0.003321747
-0.2549127
-0.1515357
0.06140251
-0.1951777
;
0.6941156,-0.4617483,0.1633191,0.2882727,-0.02849534,0.3210119,-1.44964,-0.1716539,0.4406052,0.4984095
0.03574369,-0.170667,0.1987449,-0.4928775,0.1527689,-0.01331456,0.3650845,0.09464732,-2.077725,-0.008290021
0.4708329,0.08250386,0.01116288,0.003280739,-0.1372159,-0.004322469,-0.3550573,-0.1043619,0.1063706,0.04368626
0.005997457,0.06052846,0.4604888,0.002926538,-0.3076237,-0.09397286,0.4028007,-0.03548497,-0.2071077,0.1409621
-0.4156458,-0.2233862,0.4536952,-0.2940776,-0.1507161,-0.2077021,0.2057704,-0.171871,-0.141473,0.1387807
-0.2353793,0.2318209,-0.2220496,-0.2884012,-0.3526533,0.07876688,0.0006443045,0.5961963,-0.07211246,0.05310912
0.2518449,-0.4571658,-0.5002329,0.03659075,-0.3204271,0.2361816,-2.095813,0.3439621,-0.4166983,0.4328181
-3.536536,-0.03184992,0.5963941,0.4296789,-0.1303362,-0.01979719,-1.314572,0.002488523,-0.04656108,0.03222686
0.04173477,-0.01814057,-0.4898835,-0.1746947,-0.1480978,0.4649997,-0.3761162,-0.06663643,0.07838389,0.8311064
0.213639,0.5636171,-0.2271838,-0.3700404,0.006168126,0.3856071,-0.1106841,0.2212249,-0.5452632,0.6083913
;
0.06759959,-0.04867962,-0.1090034,-0.09825188,-0.3245859,-0.002619643,-0.002957922,0.3290879,0.110244,0.1596275
-0.08816744,-0.009223728,-0.2099288,0.3561832,0.1018899,0.05272859,-0.04868822,-0.001438741,0.287812,-0.06277276
0.05561107,0.009133533,0.2473205,0.4550362,0.01605163,0.8957617,0.008762244,0.01481265,-0.7419078,0.7511683
;
