-0.01178402
0.3129191
-0.5755597
-0.308218
-0.001076246
-0.0009496852
0.004732328
0.02736869
0.7950941
-0.3014545
;
-0.04695501,-0.02801371,-0.08940643,0.1725701,0.2013335,-0.6204674,0.0617109,-0.5827927,-0.09877175,-0.1708211
0.01685714,0.00672301,0.3862392,0.01532871,-0.46543,0.1390178,0.01025903,-0.03312141,0.07381313,-0.5489212
-0.348099,-0.1948145,0.6451401,0.381822,0.25624,0.6535864,0.3869941,0.9343894,0.109394,-0.08363268
-0.2463035,0.01670135,0.03052749,0.02763076,-0.3322093,-0.01258641,-0.08755424,-4.389634E-06,-0.365584,-0.2299601
-0.08163067,0.008823344,0.1821313,0.1346886,0.4793744,-0.0100125,-0.1704531,-0.6461946,-0.3034877,-0.2571826
0.3174238,1.305102,0.2525827,0.2183803,0.06683248,0.8800622,-0.01527399,0.03607914,0.0007375273,-0.01146764
-0.06971443,0.07955109,-0.2168242,0.4778081,0.06629325,0.4582533,0.2401364,-0.4405312,-0.3434097,-0.3006434
-0.3294524,0.1771978,-0.277555,-0.4597224,-0.03722932,-0.05311531,-0.3579586,-0.003035011,-0.2778578,-0.8092317
8.09325E-05,-0.06708425,0.000210828,-0.06986767,-0.0255745,-0.3598951,-0.01444122,-0.0843062,0.1464456,0.2197281
0.0283298,-0.01311602,-0.006741714,-0.3898808,0.3512596,0.6843755,-0.02124843,-0.04222388,-0.03581666,0.214475
;
-0.003934801,-0.1322697,-0.3459016,0.6805013,0.1284399,-0.1173081,0.1017611,0.01047041,0.2050744,-0.3319876
-0.4674224,0.6119336,-0.001931599,0.4762422,-0.172026,-0.2799731,-0.1821873,0.01744096,-0.05770288,0.3740504
;
0.02229504
-0.1482035
0.2375444
-0.1055086
-0.09395809
-0.2459475
-0.1592097
0.08132751
-0.3431782
0.01369121
;
-0.4975465,-0.09601171,0.01057722,0.1999982,-0.4080969,0.04851132,-0.08902409,-0.6212994,0.07909606,0.01707468
0.4119506,0.439526,-0.03242344,-0.5784388,0.3556445,0.2595949,-0.2313611,-0.1483269,0.01810431,-0.01121121
-0.161656,0.2689204,-0.005178337,0.1336091,-0.08065537,-0.0788459,-0.05304059,0.4721991,-0.3211873,-0.178034
-0.0002160759,-0.1779514,-0.03605334,-0.1321677,0.002047084,0.2519508,0.4324498,0.08911543,0.4449805,0.06660676
1.002078,-0.4068921,-0.05189455,1.098381,0.02587861,0.1243729,0.213911,-0.04536957,-0.1749397,0.1725927
0.1603627,0.01305072,0.002280405,0.234263,0.1335153,-0.2294329,-7.575973E-05,-0.02237642,0.1620401,-0.5641452
0.2181523,-0.01483676,-0.0003056601,0.695744,-0.01167016,0.3201462,-0.1814067,-0.4801211,0.06405073,-0.1175508
0.1022026,-0.3119242,-0.149931,0.06606103,-0.4480797,-0.2448794,-0.7016516,-0.4007111,0.02220851,-0.4111554
0.03904923,0.08452062,-0.3392196,0.4803785,0.0007813607,0.2914829,0.3768724,-0.0801689,-0.08911388,-0.26009
-0.4797449,0.4148208,0.2708142,-0.6565723,-1.733238E-05,-0.3777514,-0.003363626,-0.1407226,0.7905486,-0.04796273
;
0.594583,-0.09475762,-0.5353435,5.052422E-05,0.4458275,-0.08648359,-0.45595,-0.04707018,0.4106386,0.0089714
0.03674465,0.5968326,-0.3522553,-0.1480466,-0.004117826,-0.235892,0.1666922,-0.1472818,-0.03946835,0.07461445
0.2720853,0.4810146,-0.5555164,-0.1949065,0.006532233,-0.05321962,-0.4057536,-0.1083378,0.3283783,0.001576015
;
